Number of steps: 6779582
Number of accepted steps: 500000
Burn-in number of steps: 320000
Accepted fraction of steps: 0.073751
Convergence Status
R[0]= -nan	R[1]= -nan	R[2]= -nan	R[3]= -nan	R[4]= -nan	R[5]= -nan	R[6]= -nan	R[7]= -nan	R[8]= -nan	R[9]= -nan	R[10]= -nan	R[11]= -nan	R[12]= -nan	R[13]= -nan	R[14]= -nan	R[15]= -nan	R[16]= -nan	R[17]= -nan	R[18]= -nan	R[19]= -nan	R[20]= -nan	R[21]= -nan	R[22]= -nan	R[23]= -nan	R[24]= -nan	
<R>= -nan

Mean parameters
A[0]= 1.040197e+00 pm 4.010708e-02
A[1]= 1.099883e+00 pm 2.918796e-02
A[2]= 5.441547e-01 pm 4.035542e-01
A[3]= 3.754979e+00 pm 1.112360e+00
A[4]= 1.282519e+03 pm 3.999258e+03
A[5]= -5.675223e+02 pm 2.637157e+03
A[6]= 4.300429e+02 pm 6.340313e+02
A[7]= -9.618874e+00 pm 1.502046e+01
A[8]= 8.986491e-02 pm 1.977026e-01
A[9]= 1.123701e+04 pm 9.654069e+03
A[10]= -7.040575e+03 pm 5.813799e+03
A[11]= 1.241347e+03 pm 1.243082e+03
A[12]= -8.857853e+01 pm 5.324077e+01
A[13]= 1.774514e+00 pm 1.009949e+00
A[14]= 4.863312e+00 pm 1.623968e+00
A[15]= -2.596457e+03 pm 5.810083e+03
A[16]= 2.889763e+03 pm 3.774500e+03
A[17]= -5.357385e+02 pm 8.967139e+02
A[18]= 5.239566e+00 pm 2.259698e+01
A[19]= 2.102556e-02 pm 2.843696e-01
A[20]= 1.217109e+04 pm 1.331101e+04
A[21]= -6.639469e+03 pm 7.955957e+03
A[22]= 7.753974e+02 pm 1.674301e+03
A[23]= -4.551522e+01 pm 7.504036e+01
A[24]= 2.439894e-01 pm 1.412143e+00

Best-fitting parameters
A[0]= 1.045983e+00
A[1]= 1.095105e+00
A[2]= 5.441140e-01
A[3]= 3.499784e+00
A[4]= 1.439341e+03
A[5]= -8.968716e+02
A[6]= 5.542017e+02
A[7]= -1.384396e+01
A[8]= 1.869751e-01
A[9]= 7.835751e+03
A[10]= -5.074872e+03
A[11]= 8.602831e+02
A[12]= -6.954247e+01
A[13]= 1.570410e+00
A[14]= 5.697764e+00
A[15]= -5.030424e+03
A[16]= 5.249273e+03
A[17]= -1.246831e+03
A[18]= 1.291735e+01
A[19]= -9.425187e-03
A[20]= 7.999596e+03
A[21]= -3.196844e+03
A[22]= -1.236582e+02
A[23]= -2.280221e+01
A[24]= -6.024955e-02
chi2_min= 9.570628e+01


Cross-Covariance parameters
1.000000e+00	-5.030065e-01	-1.025770e-01	4.335420e-02	7.293124e-02	-6.765912e-02	5.312483e-02	2.780270e-02	-3.465668e-02	2.584877e-02	-9.114693e-03	-2.901942e-02	9.193054e-02	-6.352856e-02	7.921686e-02	4.820258e-04	4.475558e-03	-1.619647e-02	6.901945e-02	-5.579728e-02	2.050742e-02	-2.851501e-03	-3.818587e-02	9.082684e-02	-7.331648e-02	
-5.030065e-01	1.000000e+00	3.681558e-02	-8.247589e-02	-2.232985e-02	3.194365e-02	-4.846127e-02	1.060854e-01	-9.304266e-02	6.891245e-03	-2.628935e-02	6.106135e-02	-4.397978e-02	-1.607398e-02	-1.152295e-01	5.849891e-03	-3.856770e-03	-4.793165e-03	8.133197e-02	-8.737673e-02	-1.590779e-02	-7.091374e-03	4.869566e-02	-3.889775e-02	5.355522e-03	
-1.025770e-01	3.681558e-02	1.000000e+00	-6.640281e-01	-7.469768e-02	7.689490e-02	-7.393671e-02	2.673073e-02	-2.013206e-02	-4.314388e-01	5.429861e-01	-6.774449e-01	2.136278e-02	1.427906e-01	-6.671209e-01	1.196882e-02	-1.985824e-02	3.041439e-02	-3.816543e-02	2.744189e-02	-3.700596e-01	4.833745e-01	-6.244298e-01	-2.671050e-03	1.688452e-01	
4.335420e-02	-8.247589e-02	-6.640281e-01	1.000000e+00	-4.955364e-01	5.608565e-01	-6.090547e-01	2.107784e-01	7.859662e-02	1.929574e-01	-2.465692e-01	3.139588e-01	-1.798364e-02	-3.916103e-02	4.563255e-01	-1.755929e-02	2.201157e-02	-2.735944e-02	1.902079e-02	-1.187217e-02	2.601166e-01	-3.335854e-01	4.235682e-01	-1.321907e-02	-9.843774e-02	
7.293124e-02	-2.232985e-02	-7.469768e-02	-4.955364e-01	1.000000e+00	-9.818660e-01	9.304076e-01	-7.329499e-01	3.575629e-01	1.219002e-01	-1.648510e-01	2.153865e-01	1.111122e-02	-1.551627e-02	5.960500e-02	5.233646e-03	-4.373196e-03	3.120798e-03	1.770810e-03	5.355037e-03	1.703716e-02	-2.686544e-02	4.016100e-02	1.999166e-02	-2.722085e-02	
-6.765912e-02	3.194365e-02	7.689490e-02	5.608565e-01	-9.818660e-01	1.000000e+00	-9.824503e-01	6.979298e-01	-3.005904e-01	-1.299516e-01	1.776622e-01	-2.342342e-01	-1.993559e-02	3.798174e-02	-6.443126e-02	-8.729574e-03	7.727076e-03	-6.324131e-03	2.860016e-03	-8.812907e-03	-2.050806e-02	3.125342e-02	-4.570976e-02	-1.832855e-02	2.628326e-02	
5.312483e-02	-4.846127e-02	-7.393671e-02	-6.090547e-01	9.304076e-01	-9.824503e-01	1.000000e+00	-6.386341e-01	2.360985e-01	1.384725e-01	-1.888620e-01	2.486312e-01	1.826286e-02	-4.749047e-02	6.602964e-02	1.202115e-02	-1.105691e-02	9.931784e-03	-9.506799e-03	1.374218e-02	2.124574e-02	-3.229405e-02	4.729030e-02	1.689978e-02	-2.486579e-02	
2.780270e-02	1.060854e-01	2.673073e-02	2.107784e-01	-7.329499e-01	6.979298e-01	-6.386341e-01	1.000000e+00	-8.750441e-01	5.570415e-02	-2.257934e-02	-2.874504e-02	-4.178586e-02	-1.015387e-01	-4.047632e-02	1.262441e-02	-1.317610e-02	1.070314e-02	1.324012e-02	-2.008615e-02	-5.262174e-03	7.816413e-03	-1.200176e-02	3.950229e-03	-5.534413e-03	
-3.465668e-02	-9.304266e-02	-2.013206e-02	7.859662e-02	3.575629e-01	-3.005904e-01	2.360985e-01	-8.750441e-01	1.000000e+00	-1.405578e-01	1.238310e-01	-8.785675e-02	4.646572e-02	1.653772e-01	3.224051e-02	-2.716456e-02	2.833242e-02	-2.612745e-02	-1.208259e-04	8.068184e-03	-3.291090e-04	8.320118e-04	-1.268781e-03	-6.698982e-03	8.289730e-03	
2.584877e-02	6.891245e-03	-4.314388e-01	1.929574e-01	1.219002e-01	-1.299516e-01	1.384725e-01	5.570415e-02	-1.405578e-01	1.000000e+00	-9.831330e-01	9.121749e-01	-8.060756e-01	6.100308e-01	2.877634e-01	3.212708e-03	-1.105026e-03	-3.287487e-03	1.067548e-02	-7.647936e-03	1.557530e-01	-2.073972e-01	2.730857e-01	6.001665e-03	-7.848710e-02	
-9.114693e-03	-2.628935e-02	5.429861e-01	-2.465692e-01	-1.648510e-01	1.776622e-01	-1.888620e-01	-2.257934e-02	1.238310e-01	-9.831330e-01	1.000000e+00	-9.708341e-01	7.718587e-01	-5.666565e-01	-3.667600e-01	-2.354253e-03	-1.148267e-03	7.236275e-03	-1.394137e-02	9.507445e-03	-1.987334e-01	2.647836e-01	-3.491044e-01	-3.825777e-03	9.633725e-02	
-2.901942e-02	6.106135e-02	-6.774449e-01	3.139588e-01	2.153865e-01	-2.342342e-01	2.486312e-01	-2.874504e-02	-8.785675e-02	9.121749e-01	-9.708341e-01	1.000000e+00	-6.717125e-01	4.640168e-01	4.605927e-01	2.504630e-03	2.755745e-03	-1.082061e-02	1.619853e-02	-1.057712e-02	2.504619e-01	-3.344646e-01	4.423443e-01	1.661822e-04	-1.174461e-01	
9.193054e-02	-4.397978e-02	2.136278e-02	-1.798364e-02	1.111122e-02	-1.993559e-02	1.826286e-02	-4.178586e-02	4.646572e-02	-8.060756e-01	7.718587e-01	-6.717125e-01	1.000000e+00	-9.382914e-01	-1.784676e-02	2.874174e-03	-4.157296e-03	5.674507e-03	1.429637e-03	-2.839558e-04	5.397456e-03	1.090081e-03	-1.199507e-02	1.899279e-03	2.702013e-03	
-6.352856e-02	-1.607398e-02	1.427906e-01	-3.916103e-02	-1.551627e-02	3.798174e-02	-4.749047e-02	-1.015387e-01	1.653772e-01	6.100308e-01	-5.666565e-01	4.640168e-01	-9.382914e-01	1.000000e+00	-8.546408e-02	-1.038530e-02	1.154064e-02	-1.161145e-02	-4.918840e-03	5.346717e-03	-7.410045e-02	8.918971e-02	-1.063012e-01	3.539981e-03	2.369068e-02	
7.921686e-02	-1.152295e-01	-6.671209e-01	4.563255e-01	5.960500e-02	-6.443126e-02	6.602964e-02	-4.047632e-02	3.224051e-02	2.877634e-01	-3.667600e-01	4.605927e-01	-1.784676e-02	-8.546408e-02	1.000000e+00	-5.228648e-01	6.042815e-01	-6.687209e-01	2.005721e-01	7.679055e-02	1.335740e-01	-1.864111e-01	2.560088e-01	2.009975e-02	-8.205956e-02	
4.820258e-04	5.849891e-03	1.196882e-02	-1.755929e-02	5.233646e-03	-8.729574e-03	1.202115e-02	1.262441e-02	-2.716456e-02	3.212708e-03	-2.354253e-03	2.504630e-03	2.874174e-03	-1.038530e-02	-5.228648e-01	1.000000e+00	-9.814749e-01	9.254783e-01	-7.472139e-01	4.198221e-01	1.485285e-01	-1.763068e-01	2.057230e-01	-4.268155e-02	2.283097e-02	
4.475558e-03	-3.856770e-03	-1.985824e-02	2.201157e-02	-4.373196e-03	7.727076e-03	-1.105691e-02	-1.317610e-02	2.833242e-02	-1.105026e-03	-1.148267e-03	2.755745e-03	-4.157296e-03	1.154064e-02	6.042815e-01	-9.814749e-01	1.000000e+00	-9.803624e-01	6.960627e-01	-3.426950e-01	-1.616511e-01	1.931986e-01	-2.268087e-01	4.300597e-02	-1.331770e-02	
-1.619647e-02	-4.793165e-03	3.041439e-02	-2.735944e-02	3.120798e-03	-6.324131e-03	9.931784e-03	1.070314e-02	-2.612745e-02	-3.287487e-03	7.236275e-03	-1.082061e-02	5.674507e-03	-1.161145e-02	-6.687209e-01	9.254783e-01	-9.803624e-01	1.000000e+00	-6.150336e-01	2.502580e-01	1.703371e-01	-2.042343e-01	2.406149e-01	-4.550198e-02	7.933646e-03	
6.901945e-02	8.133197e-02	-3.816543e-02	1.902079e-02	1.770810e-03	2.860016e-03	-9.506799e-03	1.324012e-02	-1.208259e-04	1.067548e-02	-1.394137e-02	1.619853e-02	1.429637e-03	-4.918840e-03	2.005721e-01	-7.472139e-01	6.960627e-01	-6.150336e-01	1.000000e+00	-9.003728e-01	-2.664165e-02	4.039090e-02	-5.762746e-02	5.440181e-02	-1.215163e-01	
-5.579728e-02	-8.737673e-02	2.744189e-02	-1.187217e-02	5.355037e-03	-8.812907e-03	1.374218e-02	-2.008615e-02	8.068184e-03	-7.647936e-03	9.507445e-03	-1.057712e-02	-2.839558e-04	5.346717e-03	7.679055e-02	4.198221e-01	-3.426950e-01	2.502580e-01	-9.003728e-01	1.000000e+00	-5.280751e-02	5.167670e-02	-4.657249e-02	-4.399187e-02	1.550115e-01	
2.050742e-02	-1.590779e-02	-3.700596e-01	2.601166e-01	1.703716e-02	-2.050806e-02	2.124574e-02	-5.262174e-03	-3.291090e-04	1.557530e-01	-1.987334e-01	2.504619e-01	5.397456e-03	-7.410045e-02	1.335740e-01	1.485285e-01	-1.616511e-01	1.703371e-01	-2.664165e-02	-5.280751e-02	1.000000e+00	-9.840692e-01	9.156792e-01	-8.241425e-01	6.671770e-01	
-2.851501e-03	-7.091374e-03	4.833745e-01	-3.335854e-01	-2.686544e-02	3.125342e-02	-3.229405e-02	7.816413e-03	8.320118e-04	-2.073972e-01	2.647836e-01	-3.344646e-01	1.090081e-03	8.918971e-02	-1.864111e-01	-1.763068e-01	1.931986e-01	-2.042343e-01	4.039090e-02	5.167670e-02	-9.840692e-01	1.000000e+00	-9.716549e-01	7.936044e-01	-6.231112e-01	
-3.818587e-02	4.869566e-02	-6.244298e-01	4.235682e-01	4.016100e-02	-4.570976e-02	4.729030e-02	-1.200176e-02	-1.268781e-03	2.730857e-01	-3.491044e-01	4.423443e-01	-1.199507e-02	-1.063012e-01	2.560088e-01	2.057230e-01	-2.268087e-01	2.406149e-01	-5.762746e-02	-4.657249e-02	9.156792e-01	-9.716549e-01	1.000000e+00	-6.997304e-01	5.179889e-01	
9.082684e-02	-3.889775e-02	-2.671050e-03	-1.321907e-02	1.999166e-02	-1.832855e-02	1.689978e-02	3.950229e-03	-6.698982e-03	6.001665e-03	-3.825777e-03	1.661822e-04	1.899279e-03	3.539981e-03	2.009975e-02	-4.268155e-02	4.300597e-02	-4.550198e-02	5.440181e-02	-4.399187e-02	-8.241425e-01	7.936044e-01	-6.997304e-01	1.000000e+00	-9.587838e-01	
-7.331648e-02	5.355522e-03	1.688452e-01	-9.843774e-02	-2.722085e-02	2.628326e-02	-2.486579e-02	-5.534413e-03	8.289730e-03	-7.848710e-02	9.633725e-02	-1.174461e-01	2.702013e-03	2.369068e-02	-8.205956e-02	2.283097e-02	-1.331770e-02	7.933646e-03	-1.215163e-01	1.550115e-01	6.671770e-01	-6.231112e-01	5.179889e-01	-9.587838e-01	1.000000e+00	

Time taken for mcmc chain: 32.516667 minutes
