Number of steps: 61815605
Number of accepted steps: 960000
Burn-in number of steps: 320000
Accepted fraction of steps: 0.015530
Convergence Status
R[0]= 1.002457	R[1]= 1.001114	R[2]= 1.000962	R[3]= 1.000450	R[4]= 1.000263	R[5]= 1.000385	R[6]= 1.000563	R[7]= 1.000435	R[8]= 1.000748	R[9]= 1.000957	R[10]= 1.001343	R[11]= 1.001731	R[12]= 1.000369	R[13]= 1.000712	R[14]= 1.000871	R[15]= 1.000495	R[16]= 1.000690	R[17]= 1.000936	R[18]= 1.000274	R[19]= 1.000448	R[20]= 1.000411	R[21]= 1.000621	R[22]= 1.000956	R[23]= 1.000351	R[24]= 1.000634	
<R>= 1.000767

Mean parameters
A[0]= 1.044553e+00 pm 2.717440e-02
A[1]= 1.093142e+00 pm 2.913585e-02
A[2]= 1.147249e+00 pm 5.880466e-01
A[3]= 3.174044e+00 pm 1.072173e+00
A[4]= 6.595519e+01 pm 3.527532e+03
A[5]= 6.379369e+02 pm 2.290056e+03
A[6]= 6.655216e+01 pm 5.408211e+02
A[7]= -1.094255e+01 pm 1.340372e+01
A[8]= 1.666156e-01 pm 1.748472e-01
A[9]= 5.900647e+03 pm 8.986276e+03
A[10]= -2.349024e+03 pm 5.607886e+03
A[11]= -1.332973e+02 pm 1.256791e+03
A[12]= -9.739565e+01 pm 4.817025e+01
A[13]= 2.371435e+00 pm 9.251011e-01
A[14]= 1.293032e+00 pm 5.109882e-01
A[15]= 9.010916e+01 pm 2.255450e+03
A[16]= -4.753051e+00 pm 1.486898e+03
A[17]= 1.423414e+02 pm 3.570378e+02
A[18]= -3.551936e+00 pm 8.840170e+00
A[19]= 3.262157e-02 pm 1.115367e-01
A[20]= 3.892880e+03 pm 5.221810e+03
A[21]= -1.788348e+03 pm 3.150115e+03
A[22]= 8.294620e+01 pm 6.711975e+02
A[23]= -4.316208e+01 pm 2.992721e+01
A[24]= 9.355857e-01 pm 5.720875e-01

Best-fitting parameters
A[0]= 1.035342e+00
A[1]= 1.091075e+00
A[2]= 1.191875e+00
A[3]= 2.930274e+00
A[4]= -9.097045e+02
A[5]= 1.103141e+03
A[6]= -9.128034e+00
A[7]= -8.529527e+00
A[8]= 1.227116e-01
A[9]= 2.115229e+03
A[10]= 3.840701e+02
A[11]= -7.843641e+02
A[12]= -6.912438e+01
A[13]= 1.750045e+00
A[14]= 1.569218e+00
A[15]= -1.334213e+03
A[16]= 1.230682e+03
A[17]= -2.199854e+02
A[18]= -2.131062e+00
A[19]= 4.799331e-02
A[20]= 1.687516e+03
A[21]= -6.874782e+01
A[22]= -3.923756e+02
A[23]= -4.538413e+01
A[24]= 1.034267e+00
chi2_min= 1.073601e+02


Cross-Covariance parameters
1.000000e+00	-5.118002e-01	-2.097342e-01	1.618162e-01	7.836358e-02	-8.369564e-02	7.749533e-02	1.379242e-02	-3.488280e-02	6.090726e-02	-6.851281e-02	6.149438e-02	1.190687e-01	-1.101562e-01	1.529064e-01	4.895027e-02	-4.400268e-02	3.279634e-02	-2.743888e-03	2.182263e-03	5.993585e-02	-6.097199e-02	4.998348e-02	6.153452e-02	-5.517019e-02	
-5.118002e-01	1.000000e+00	1.774429e-01	-2.241699e-01	3.937976e-02	-2.908009e-02	8.191889e-03	7.756406e-02	-8.201061e-02	-2.216283e-02	1.631820e-02	-1.800254e-03	-6.518364e-02	2.937656e-02	-1.791609e-01	-1.936172e-02	2.632608e-02	-3.712323e-02	9.940226e-02	-9.308439e-02	-4.342352e-02	4.132658e-02	-3.159847e-02	-2.439044e-02	9.074140e-03	
-2.097342e-01	1.774429e-01	1.000000e+00	-8.400890e-01	1.063007e-01	-1.107939e-01	1.186106e-01	-9.672992e-02	4.987575e-02	-4.326426e-01	5.443452e-01	-6.632916e-01	-3.582135e-02	2.342404e-01	-6.939000e-01	-4.329668e-03	-7.498347e-04	8.547052e-03	-3.606593e-03	-4.033753e-03	-3.013451e-01	3.957328e-01	-5.143348e-01	-5.634596e-02	1.852989e-01	
1.618162e-01	-2.241699e-01	-8.400890e-01	1.000000e+00	-4.187193e-01	4.649183e-01	-5.018695e-01	2.160702e-01	-9.427673e-03	3.106793e-01	-3.914136e-01	4.769168e-01	1.263042e-02	-1.464614e-01	6.358378e-01	2.402211e-03	-5.763346e-04	-2.796787e-03	-1.976474e-03	5.385645e-03	2.840801e-01	-3.686027e-01	4.744444e-01	3.571914e-02	-1.525735e-01	
7.836358e-02	3.937976e-02	1.063007e-01	-4.187193e-01	1.000000e+00	-9.830130e-01	9.325364e-01	-7.520901e-01	4.172162e-01	9.292310e-02	-1.294782e-01	1.700667e-01	4.464338e-02	-3.935196e-02	-6.503883e-02	2.304072e-03	-3.157729e-03	3.187549e-03	1.649848e-02	-1.656585e-02	-3.131966e-02	3.931273e-02	-5.007259e-02	8.109760e-03	3.365687e-03	
-8.369564e-02	-2.908009e-02	-1.107939e-01	4.649183e-01	-9.830130e-01	1.000000e+00	-9.823522e-01	7.161620e-01	-3.597309e-01	-1.093790e-01	1.503376e-01	-1.960502e-01	-5.009608e-02	6.009825e-02	6.803431e-02	-5.551948e-03	6.797846e-03	-7.061791e-03	-1.233023e-02	1.357392e-02	3.317753e-02	-4.125239e-02	5.215039e-02	-9.408266e-03	-3.085373e-03	
7.749533e-02	8.191889e-03	1.186106e-01	-5.018695e-01	9.325364e-01	-9.823522e-01	1.000000e+00	-6.568732e-01	2.943152e-01	1.270403e-01	-1.695777e-01	2.169304e-01	4.288780e-02	-6.548268e-02	-7.313719e-02	8.420758e-03	-1.043118e-02	1.154012e-02	6.060785e-03	-8.918354e-03	-3.564145e-02	4.417234e-02	-5.560130e-02	9.217315e-03	4.771136e-03	
1.379242e-02	7.756406e-02	-9.672992e-02	2.160702e-01	-7.520901e-01	7.161620e-01	-6.568732e-01	1.000000e+00	-8.913945e-01	7.007047e-02	-4.700857e-02	1.211935e-02	-6.214976e-02	-8.039540e-02	5.409812e-02	2.569295e-03	-3.236641e-04	-2.814648e-03	1.216656e-02	-1.112930e-02	2.337348e-02	-3.390191e-02	4.739159e-02	9.791627e-03	-2.294654e-02	
-3.488280e-02	-8.201061e-02	4.987575e-02	-9.427673e-03	4.172162e-01	-3.597309e-01	2.943152e-01	-8.913945e-01	1.000000e+00	-1.476113e-01	1.390107e-01	-1.169528e-01	5.754613e-02	1.478754e-01	-2.593728e-02	-6.760289e-03	4.551032e-03	-1.451967e-03	-1.289413e-02	1.277372e-02	-3.370029e-03	1.121849e-02	-2.146348e-02	-1.827848e-02	2.529730e-02	
6.090726e-02	-2.216283e-02	-4.326426e-01	3.106793e-01	9.292310e-02	-1.093790e-01	1.270403e-01	7.007047e-02	-1.476113e-01	1.000000e+00	-9.817632e-01	9.117474e-01	-7.607492e-01	5.273180e-01	3.291638e-01	3.504262e-03	-4.181560e-03	3.449022e-03	1.512840e-02	-1.415226e-02	1.413244e-01	-1.904934e-01	2.532258e-01	3.770750e-02	-1.043263e-01	
-6.851281e-02	1.631820e-02	5.443452e-01	-3.914136e-01	-1.294782e-01	1.503376e-01	-1.695777e-01	-4.700857e-02	1.390107e-01	-9.817632e-01	1.000000e+00	-9.724999e-01	6.960504e-01	-4.462329e-01	-4.126738e-01	-3.976795e-03	4.336394e-03	-2.816656e-03	-1.906308e-02	1.800686e-02	-1.818560e-01	2.433660e-01	-3.217084e-01	-4.008446e-02	1.243110e-01	
6.149438e-02	-1.800254e-03	-6.632916e-01	4.769168e-01	1.700667e-01	-1.960502e-01	2.169304e-01	1.211935e-02	-1.169528e-01	9.117474e-01	-9.724999e-01	1.000000e+00	-5.676168e-01	3.085032e-01	5.011595e-01	3.953449e-03	-3.945462e-03	1.624667e-03	2.280837e-02	-2.163127e-02	2.248536e-01	-2.997916e-01	3.953095e-01	4.157678e-02	-1.449387e-01	
1.190687e-01	-6.518364e-02	-3.582135e-02	1.263042e-02	4.464338e-02	-5.009608e-02	4.288780e-02	-6.214976e-02	5.754613e-02	-7.607492e-01	6.960504e-01	-5.676168e-01	1.000000e+00	-9.321613e-01	2.069804e-02	5.796005e-03	-3.484117e-03	2.855895e-04	-7.924897e-03	8.931414e-03	8.694653e-03	-7.615026e-03	4.813938e-03	2.828845e-04	2.699395e-03	
-1.101562e-01	2.937656e-02	2.342404e-01	-1.464614e-01	-3.935196e-02	6.009825e-02	-6.548268e-02	-8.039540e-02	1.478754e-01	5.273180e-01	-4.462329e-01	3.085032e-01	-9.321613e-01	1.000000e+00	-1.679967e-01	-6.773308e-03	3.784070e-03	7.814356e-04	1.254619e-04	-2.066939e-03	-7.177319e-02	9.404501e-02	-1.216158e-01	-1.518834e-02	4.374427e-02	
1.529064e-01	-1.791609e-01	-6.939000e-01	6.358378e-01	-6.503883e-02	6.803431e-02	-7.313719e-02	5.409812e-02	-2.593728e-02	3.291638e-01	-4.126738e-01	5.011595e-01	2.069804e-02	-1.679967e-01	1.000000e+00	-4.887759e-01	5.593315e-01	-6.127513e-01	1.919897e-01	6.383230e-02	5.362298e-02	-7.856429e-02	1.137052e-01	5.155079e-02	-7.801064e-02	
4.895027e-02	-1.936172e-02	-4.329668e-03	2.402211e-03	2.304072e-03	-5.551948e-03	8.420758e-03	2.569295e-03	-6.760289e-03	3.504262e-03	-3.976795e-03	3.953449e-03	5.796005e-03	-6.773308e-03	-4.887759e-01	1.000000e+00	-9.813287e-01	9.274810e-01	-7.496540e-01	4.202902e-01	2.451577e-01	-3.002226e-01	3.625753e-01	-5.629491e-02	2.298991e-03	
-4.400268e-02	2.632608e-02	-7.498347e-04	-5.763346e-04	-3.157729e-03	6.797846e-03	-1.043118e-02	-3.236641e-04	4.551032e-03	-4.181560e-03	4.336394e-03	-3.945462e-03	-3.484117e-03	3.784070e-03	5.593315e-01	-9.813287e-01	1.000000e+00	-9.815614e-01	6.997142e-01	-3.456492e-01	-2.660475e-01	3.296523e-01	-4.024625e-01	5.135644e-02	1.696313e-02	
3.279634e-02	-3.712323e-02	8.547052e-03	-2.796787e-03	3.187549e-03	-7.061791e-03	1.154012e-02	-2.814648e-03	-1.451967e-03	3.449022e-03	-2.816656e-03	1.624667e-03	2.855895e-04	7.814356e-04	-6.127513e-01	9.274810e-01	-9.815614e-01	1.000000e+00	-6.230077e-01	2.594526e-01	2.777839e-01	-3.474355e-01	4.279875e-01	-4.723850e-02	-3.183236e-02	
-2.743888e-03	9.940226e-02	-3.606593e-03	-1.976474e-03	1.649848e-02	-1.233023e-02	6.060785e-03	1.216656e-02	-1.289413e-02	1.512840e-02	-1.906308e-02	2.280837e-02	-7.924897e-03	1.254619e-04	1.919897e-01	-7.496540e-01	6.997142e-01	-6.230077e-01	1.000000e+00	-8.995840e-01	-9.871052e-02	1.235975e-01	-1.522284e-01	8.572076e-02	-1.320564e-01	
2.182263e-03	-9.308439e-02	-4.033753e-03	5.385645e-03	-1.656585e-02	1.357392e-02	-8.918354e-03	-1.112930e-02	1.277372e-02	-1.415226e-02	1.800686e-02	-2.163127e-02	8.931414e-03	-2.066939e-03	6.383230e-02	4.202902e-01	-3.456492e-01	2.594526e-01	-8.995840e-01	1.000000e+00	-1.917294e-02	2.092420e-02	-2.182244e-02	-7.994002e-02	1.859741e-01	
5.993585e-02	-4.342352e-02	-3.013451e-01	2.840801e-01	-3.131966e-02	3.317753e-02	-3.564145e-02	2.337348e-02	-3.370029e-03	1.413244e-01	-1.818560e-01	2.248536e-01	8.694653e-03	-7.177319e-02	5.362298e-02	2.451577e-01	-2.660475e-01	2.777839e-01	-9.871052e-02	-1.917294e-02	1.000000e+00	-9.838322e-01	9.155648e-01	-8.070059e-01	6.476672e-01	
-6.097199e-02	4.132658e-02	3.957328e-01	-3.686027e-01	3.931273e-02	-4.125239e-02	4.417234e-02	-3.390191e-02	1.121849e-02	-1.904934e-01	2.433660e-01	-2.997916e-01	-7.615026e-03	9.404501e-02	-7.856429e-02	-3.002226e-01	3.296523e-01	-3.474355e-01	1.235975e-01	2.092420e-02	-9.838322e-01	1.000000e+00	-9.719390e-01	7.659776e-01	-5.937718e-01	
4.998348e-02	-3.159847e-02	-5.143348e-01	4.744444e-01	-5.007259e-02	5.215039e-02	-5.560130e-02	4.739159e-02	-2.146348e-02	2.532258e-01	-3.217084e-01	3.953095e-01	4.813938e-03	-1.216158e-01	1.137052e-01	3.625753e-01	-4.024625e-01	4.279875e-01	-1.522284e-01	-2.182244e-02	9.155648e-01	-9.719390e-01	1.000000e+00	-6.575830e-01	4.753443e-01	
6.153452e-02	-2.439044e-02	-5.634596e-02	3.571914e-02	8.109760e-03	-9.408266e-03	9.217315e-03	9.791627e-03	-1.827848e-02	3.770750e-02	-4.008446e-02	4.157678e-02	2.828845e-04	-1.518834e-02	5.155079e-02	-5.629491e-02	5.135644e-02	-4.723850e-02	8.572076e-02	-7.994002e-02	-8.070059e-01	7.659776e-01	-6.575830e-01	1.000000e+00	-9.608204e-01	
-5.517019e-02	9.074140e-03	1.852989e-01	-1.525735e-01	3.365687e-03	-3.085373e-03	4.771136e-03	-2.294654e-02	2.529730e-02	-1.043263e-01	1.243110e-01	-1.449387e-01	2.699395e-03	4.374427e-02	-7.801064e-02	2.298991e-03	1.696313e-02	-3.183236e-02	-1.320564e-01	1.859741e-01	6.476672e-01	-5.937718e-01	4.753443e-01	-9.608204e-01	1.000000e+00	

Time taken for mcmc chain: 4.536667 hours
