Number of steps: 9210012
Number of accepted steps: 500000
Burn-in number of steps: 320000
Accepted fraction of steps: 0.054289
Convergence Status
R[0]= -nan	R[1]= -nan	R[2]= -nan	R[3]= -nan	R[4]= -nan	R[5]= -nan	R[6]= -nan	R[7]= -nan	R[8]= -nan	R[9]= -nan	R[10]= -nan	R[11]= -nan	R[12]= -nan	R[13]= -nan	R[14]= -nan	R[15]= -nan	R[16]= -nan	R[17]= -nan	R[18]= -nan	R[19]= -nan	R[20]= -nan	R[21]= -nan	R[22]= -nan	R[23]= -nan	R[24]= -nan	
<R>= -nan

Mean parameters
A[0]= 8.268962e-01 pm 3.825823e-02
A[1]= 9.885581e-01 pm 3.132870e-02
A[2]= 5.222493e-01 pm 4.596002e-01
A[3]= 3.269914e+00 pm 1.262914e+00
A[4]= -7.451221e+02 pm 3.393281e+03
A[5]= -2.085256e+02 pm 2.206309e+03
A[6]= 4.342885e+02 pm 5.044383e+02
A[7]= 6.401999e+00 pm 1.159644e+01
A[8]= -1.511073e-01 pm 1.730344e-01
A[9]= -6.633315e+03 pm 6.887684e+03
A[10]= 2.665655e+03 pm 4.083517e+03
A[11]= -5.133472e+02 pm 8.314915e+02
A[12]= 4.307479e+01 pm 3.939520e+01
A[13]= -8.395030e-01 pm 7.627467e-01
A[14]= 5.431237e+00 pm 1.781829e+00
A[15]= -8.268108e+03 pm 4.432487e+03
A[16]= 5.253136e+03 pm 2.904252e+03
A[17]= -8.590812e+02 pm 6.671462e+02
A[18]= 8.320971e+00 pm 1.699101e+01
A[19]= 1.586414e-02 pm 2.480981e-01
A[20]= -7.007216e+03 pm 9.612450e+03
A[21]= 3.454055e+03 pm 5.817541e+03
A[22]= -8.834452e+02 pm 1.225968e+03
A[23]= 5.303032e+01 pm 5.522570e+01
A[24]= -1.354079e+00 pm 1.096846e+00

Best-fitting parameters
A[0]= 8.228183e-01
A[1]= 9.880384e-01
A[2]= 2.277186e-01
A[3]= 3.813375e+00
A[4]= -8.864594e+02
A[5]= -1.475509e+02
A[6]= 4.243039e+02
A[7]= 6.352228e+00
A[8]= -1.426199e-01
A[9]= -5.226497e+03
A[10]= 1.440099e+03
A[11]= -1.906514e+02
A[12]= 5.344379e+01
A[13]= -1.144906e+00
A[14]= 7.509073e+00
A[15]= -9.392460e+03
A[16]= 6.501712e+03
A[17]= -1.240281e+03
A[18]= -6.942544e-01
A[19]= 1.908921e-01
A[20]= -1.168545e+04
A[21]= 4.996946e+03
A[22]= -8.903558e+02
A[23]= 9.752414e+01
A[24]= -2.290473e+00
chi2_min= 1.137281e+02


Cross-Covariance parameters
1.000000e+00	-5.211769e-01	-1.989099e-02	-1.057807e-02	5.005397e-02	-3.634154e-02	1.789235e-02	-4.234127e-02	5.971360e-02	-2.663844e-02	6.133514e-02	-1.224072e-01	6.411787e-03	7.542660e-02	-2.214881e-02	7.725859e-02	-6.661760e-02	4.918280e-02	-3.648733e-02	5.136120e-02	-7.292102e-04	4.115043e-02	-1.117723e-01	1.389436e-02	5.736868e-02	
-5.211769e-01	1.000000e+00	1.074070e-01	-1.416925e-01	-9.106539e-03	1.215677e-02	-2.218640e-02	1.522561e-01	-1.356016e-01	5.485626e-02	-6.985448e-02	9.782045e-02	-1.020421e-01	3.051697e-02	-1.517796e-01	-5.540975e-02	6.040499e-02	-7.365241e-02	1.728971e-01	-1.446671e-01	-1.063309e-02	-7.950546e-03	4.593929e-02	-8.369349e-02	3.026983e-02	
-1.989099e-02	1.074070e-01	1.000000e+00	-6.639625e-01	2.472295e-02	-5.412783e-02	8.742800e-02	7.725527e-03	-5.490708e-02	-3.672052e-01	4.703993e-01	-5.954333e-01	-1.298791e-01	2.260996e-01	-6.897059e-01	-5.977472e-02	5.923132e-02	-4.647065e-02	-2.113465e-02	2.070839e-02	-4.247252e-01	5.423988e-01	-6.730053e-01	-2.731547e-01	4.007707e-01	
-1.057807e-02	-1.416925e-01	-6.639625e-01	1.000000e+00	-5.740201e-01	6.478748e-01	-7.038858e-01	-4.643200e-02	3.190664e-01	1.640324e-01	-2.296644e-01	3.229609e-01	2.522259e-02	-3.338723e-02	4.886934e-01	4.227900e-02	-4.343503e-02	3.851934e-02	-1.554470e-02	1.349198e-02	3.139532e-01	-3.923221e-01	4.786801e-01	1.595922e-01	-2.444779e-01	
5.005397e-02	-9.106539e-03	2.472295e-02	-5.740201e-01	1.000000e+00	-9.850103e-01	9.439798e-01	-4.840274e-01	1.134095e-01	6.247998e-02	-7.897550e-02	8.628232e-02	1.018710e-01	-8.046649e-02	-4.458135e-02	2.072955e-02	-2.678025e-02	3.133405e-02	3.317179e-02	-4.119924e-02	-3.883755e-02	3.792472e-02	-3.718467e-02	4.128838e-02	-3.506183e-02	
-3.634154e-02	1.215677e-02	-5.412783e-02	6.478748e-01	-9.850103e-01	1.000000e+00	-9.863231e-01	4.039971e-01	-2.370759e-02	-6.296880e-02	7.835652e-02	-8.308693e-02	-1.150546e-01	1.090505e-01	5.816563e-02	-1.854052e-02	2.415203e-02	-2.895880e-02	-2.967125e-02	3.821432e-02	4.966841e-02	-5.161475e-02	5.376645e-02	-3.550255e-02	2.664587e-02	
1.789235e-02	-2.218640e-02	8.742800e-02	-7.038858e-01	9.439798e-01	-9.863231e-01	1.000000e+00	-3.216826e-01	-5.458044e-02	5.968911e-02	-7.284427e-02	7.410507e-02	1.214614e-01	-1.270064e-01	-7.257182e-02	1.458495e-02	-1.975107e-02	2.515651e-02	2.237056e-02	-3.154461e-02	-6.260927e-02	6.810735e-02	-7.383458e-02	2.759468e-02	-1.523032e-02	
-4.234127e-02	1.522561e-01	7.725527e-03	-4.643200e-02	-4.840274e-01	4.039971e-01	-3.216826e-01	1.000000e+00	-9.066727e-01	1.627386e-01	-1.503079e-01	1.225928e-01	-8.934494e-02	-1.145026e-01	-1.222372e-02	-5.126698e-03	1.021336e-02	-1.771331e-02	1.979527e-02	-1.242391e-02	9.586217e-03	-1.074474e-02	1.336046e-02	-2.076284e-02	1.100384e-02	
5.971360e-02	-1.356016e-01	-5.490708e-02	3.190664e-01	1.134095e-01	-2.370759e-02	-5.458044e-02	-9.066727e-01	1.000000e+00	-1.934868e-01	1.840602e-01	-1.527578e-01	5.721550e-02	1.744235e-01	5.025066e-02	-2.108956e-03	1.197280e-04	3.661701e-03	-2.581545e-02	2.470211e-02	2.325820e-02	-2.456573e-02	2.418930e-02	9.777185e-03	-5.031493e-03	
-2.663844e-02	5.485626e-02	-3.672052e-01	1.640324e-01	6.247998e-02	-6.296880e-02	5.968911e-02	1.627386e-01	-1.934868e-01	1.000000e+00	-9.851132e-01	9.249775e-01	-7.376294e-01	5.555764e-01	2.391105e-01	3.984512e-02	-4.109765e-02	3.514091e-02	3.215112e-02	-3.914098e-02	1.500063e-01	-2.005735e-01	2.579789e-01	1.189924e-01	-1.758696e-01	
6.133514e-02	-6.985448e-02	4.703993e-01	-2.296644e-01	-7.897550e-02	7.835652e-02	-7.284427e-02	-1.503079e-01	1.840602e-01	-9.851132e-01	1.000000e+00	-9.757005e-01	6.944873e-01	-5.100879e-01	-3.146894e-01	-4.216231e-02	4.457524e-02	-3.862196e-02	-3.915115e-02	4.531117e-02	-1.981858e-01	2.633772e-01	-3.380255e-01	-1.475525e-01	2.208442e-01	
-1.224072e-01	9.782045e-02	-5.954333e-01	3.229609e-01	8.628232e-02	-8.308693e-02	7.410507e-02	1.225928e-01	-1.527578e-01	9.249775e-01	-9.757005e-01	1.000000e+00	-5.984252e-01	4.199095e-01	4.066047e-01	4.418563e-02	-4.818140e-02	4.259905e-02	4.744425e-02	-5.301004e-02	2.583262e-01	-3.419051e-01	4.386482e-01	1.802672e-01	-2.748752e-01	
6.411787e-03	-1.020421e-01	-1.298791e-01	2.522259e-02	1.018710e-01	-1.150546e-01	1.214614e-01	-8.934494e-02	5.721550e-02	-7.376294e-01	6.944873e-01	-5.984252e-01	1.000000e+00	-9.441355e-01	1.107030e-01	1.096592e-02	-1.062266e-02	1.126527e-02	-1.228189e-02	1.213085e-02	7.159397e-02	-8.453802e-02	9.872021e-02	3.308644e-02	-4.438484e-02	
7.542660e-02	3.051697e-02	2.260996e-01	-3.338723e-02	-8.046649e-02	1.090505e-01	-1.270064e-01	-1.145026e-01	1.744235e-01	5.555764e-01	-5.100879e-01	4.199095e-01	-9.441355e-01	1.000000e+00	-1.760652e-01	-1.782516e-02	1.704337e-02	-1.550564e-02	-4.895576e-03	6.557477e-03	-1.152594e-01	1.452020e-01	-1.805597e-01	-6.157475e-02	9.488852e-02	
-2.214881e-02	-1.517796e-01	-6.897059e-01	4.886934e-01	-4.458135e-02	5.816563e-02	-7.257182e-02	-1.222372e-02	5.025066e-02	2.391105e-01	-3.146894e-01	4.066047e-01	1.107030e-01	-1.760652e-01	1.000000e+00	-4.673008e-01	5.308431e-01	-5.810013e-01	-1.088516e-01	3.058423e-01	1.975662e-01	-2.761872e-01	3.776251e-01	1.596718e-01	-2.181503e-01	
7.725859e-02	-5.540975e-02	-5.977472e-02	4.227900e-02	2.072955e-02	-1.854052e-02	1.458495e-02	-5.126698e-03	-2.108956e-03	3.984512e-02	-4.216231e-02	4.418563e-02	1.096592e-02	-1.782516e-02	-4.673008e-01	1.000000e+00	-9.837246e-01	9.394011e-01	-4.209587e-01	9.747332e-02	1.772092e-01	-1.934546e-01	1.941390e-01	3.751238e-02	-4.643959e-02	
-6.661760e-02	6.040499e-02	5.923132e-02	-4.343503e-02	-2.678025e-02	2.415203e-02	-1.975107e-02	1.021336e-02	1.197280e-04	-4.109765e-02	4.457524e-02	-4.818140e-02	-1.062266e-02	1.704337e-02	5.308431e-01	-9.837246e-01	1.000000e+00	-9.851892e-01	3.307870e-01	6.305632e-04	-1.862536e-01	2.045888e-01	-2.061898e-01	-5.218549e-02	6.929153e-02	
4.918280e-02	-7.365241e-02	-4.647065e-02	3.851934e-02	3.133405e-02	-2.895880e-02	2.515651e-02	-1.771331e-02	3.661701e-03	3.514091e-02	-3.862196e-02	4.259905e-02	1.126527e-02	-1.550564e-02	-5.810013e-01	9.394011e-01	-9.851892e-01	1.000000e+00	-2.422692e-01	-8.489512e-02	1.833680e-01	-2.023273e-01	2.039818e-01	6.131977e-02	-8.262348e-02	
-3.648733e-02	1.728971e-01	-2.113465e-02	-1.554470e-02	3.317179e-02	-2.967125e-02	2.237056e-02	1.979527e-02	-2.581545e-02	3.215112e-02	-3.915115e-02	4.744425e-02	-1.228189e-02	-4.895576e-03	-1.088516e-01	-4.209587e-01	3.307870e-01	-2.422692e-01	1.000000e+00	-9.293055e-01	6.455394e-02	-6.563691e-02	6.137650e-02	4.517473e-02	-1.437897e-01	
5.136120e-02	-1.446671e-01	2.070839e-02	1.349198e-02	-4.119924e-02	3.821432e-02	-3.154461e-02	-1.242391e-02	2.470211e-02	-3.914098e-02	4.531117e-02	-5.301004e-02	1.213085e-02	6.557477e-03	3.058423e-01	9.747332e-02	6.305632e-04	-8.489512e-02	-9.293055e-01	1.000000e+00	-1.277933e-01	1.316893e-01	-1.237030e-01	-5.732323e-02	1.752801e-01	
-7.292102e-04	-1.063309e-02	-4.247252e-01	3.139532e-01	-3.883755e-02	4.966841e-02	-6.260927e-02	9.586217e-03	2.325820e-02	1.500063e-01	-1.981858e-01	2.583262e-01	7.159397e-02	-1.152594e-01	1.975662e-01	1.772092e-01	-1.862536e-01	1.833680e-01	6.455394e-02	-1.277933e-01	1.000000e+00	-9.829998e-01	9.163912e-01	-6.229830e-01	4.428786e-01	
4.115043e-02	-7.950546e-03	5.423988e-01	-3.923221e-01	3.792472e-02	-5.161475e-02	6.810735e-02	-1.074474e-02	-2.456573e-02	-2.005735e-01	2.633772e-01	-3.419051e-01	-8.453802e-02	1.452020e-01	-2.761872e-01	-1.934546e-01	2.045888e-01	-2.023273e-01	-6.563691e-02	1.316893e-01	-9.829998e-01	1.000000e+00	-9.734935e-01	5.500822e-01	-3.635158e-01	
-1.117723e-01	4.593929e-02	-6.730053e-01	4.786801e-01	-3.718467e-02	5.376645e-02	-7.383458e-02	1.336046e-02	2.418930e-02	2.579789e-01	-3.380255e-01	4.386482e-01	9.872021e-02	-1.805597e-01	3.776251e-01	1.941390e-01	-2.061898e-01	2.039818e-01	6.137650e-02	-1.237030e-01	9.163912e-01	-9.734935e-01	1.000000e+00	-4.224013e-01	2.360185e-01	
1.389436e-02	-8.369349e-02	-2.731547e-01	1.595922e-01	4.128838e-02	-3.550255e-02	2.759468e-02	-2.076284e-02	9.777185e-03	1.189924e-01	-1.475525e-01	1.802672e-01	3.308644e-02	-6.157475e-02	1.596718e-01	3.751238e-02	-5.218549e-02	6.131977e-02	4.517473e-02	-5.732323e-02	-6.229830e-01	5.500822e-01	-4.224013e-01	1.000000e+00	-9.622328e-01	
5.736868e-02	3.026983e-02	4.007707e-01	-2.444779e-01	-3.506183e-02	2.664587e-02	-1.523032e-02	1.100384e-02	-5.031493e-03	-1.758696e-01	2.208442e-01	-2.748752e-01	-4.438484e-02	9.488852e-02	-2.181503e-01	-4.643959e-02	6.929153e-02	-8.262348e-02	-1.437897e-01	1.752801e-01	4.428786e-01	-3.635158e-01	2.360185e-01	-9.622328e-01	1.000000e+00	

Time taken for mcmc chain: 47.900000 minutes
