Number of steps: 14634002
Number of accepted steps: 1000000
Burn-in number of steps: 320000
Accepted fraction of steps: 0.068334
Convergence Status
R[0]= 1.000561	R[1]= 1.000898	R[2]= 1.008593	R[3]= 1.004047	R[4]= 1.001069	R[5]= 1.001282	R[6]= 1.001387	R[7]= 1.001330	R[8]= 1.000956	R[9]= 1.002039	R[10]= 1.002526	R[11]= 1.003026	R[12]= 1.001087	R[13]= 1.000611	R[14]= 1.003622	R[15]= 1.002124	R[16]= 1.003087	R[17]= 1.004012	R[18]= 1.000695	R[19]= 1.000969	R[20]= 1.001151	R[21]= 1.001854	R[22]= 1.002856	R[23]= 1.001373	R[24]= 1.002755	
<R>= 1.002156

Mean parameters
A[0]= 9.247076e-01 pm 3.578519e-02
A[1]= 1.047642e+00 pm 3.095335e-02
A[2]= 6.730324e-01 pm 4.720668e-01
A[3]= 3.481989e+00 pm 1.208052e+00
A[4]= -3.826552e+03 pm 3.827912e+03
A[5]= 1.883136e+03 pm 2.514203e+03
A[6]= 4.490686e+00 pm 5.880169e+02
A[7]= 1.608180e+01 pm 1.324029e+01
A[8]= -2.605493e-01 pm 1.808544e-01
A[9]= -4.083422e+03 pm 8.546843e+03
A[10]= 1.816875e+03 pm 5.150818e+03
A[11]= -4.719560e+02 pm 1.087904e+03
A[12]= 1.900096e+01 pm 4.883916e+01
A[13]= -5.391067e-01 pm 9.418714e-01
A[14]= 4.969910e+00 pm 1.634532e+00
A[15]= -6.593256e+03 pm 5.306075e+03
A[16]= 4.809260e+03 pm 3.483283e+03
A[17]= -8.384633e+02 pm 8.161785e+02
A[18]= 1.421756e+00 pm 1.943065e+01
A[19]= 1.512728e-01 pm 2.664669e-01
A[20]= 5.764062e+03 pm 1.175907e+04
A[21]= -3.187479e+03 pm 7.183056e+03
A[22]= 1.803818e+02 pm 1.544436e+03
A[23]= -5.026909e+01 pm 6.851941e+01
A[24]= 7.361442e-01 pm 1.354106e+00

Best-fitting parameters
A[0]= 9.109414e-01
A[1]= 1.049897e+00
A[2]= 4.502284e-01
A[3]= 4.811161e+00
A[4]= -8.314319e+03
A[5]= 4.849805e+03
A[6]= -6.664295e+02
A[7]= 2.201662e+01
A[8]= -2.471582e-01
A[9]= -2.575841e+03
A[10]= 9.640161e+02
A[11]= -2.653611e+02
A[12]= 1.474671e+01
A[13]= -4.393377e-01
A[14]= 5.965871e+00
A[15]= -7.853528e+03
A[16]= 5.712170e+03
A[17]= -1.075951e+03
A[18]= 7.755295e-01
A[19]= 1.900547e-01
A[20]= 1.087977e+04
A[21]= -6.131534e+03
A[22]= 8.165720e+02
A[23]= -5.915223e+01
A[24]= 7.471309e-01
chi2_min= 8.864235e+01


Cross-Covariance parameters
1.000000e+00	-5.138832e-01	-1.051642e-01	5.819336e-02	2.340200e-02	-2.252948e-02	1.295467e-02	6.392671e-02	-5.372354e-02	-3.396955e-02	4.955601e-02	-8.449438e-02	1.391728e-01	-1.063723e-01	1.648905e-02	6.668952e-02	-7.214214e-02	6.816329e-02	6.938605e-02	-7.828667e-02	4.975765e-05	1.637958e-02	-5.539458e-02	1.270031e-01	-9.911622e-02	
-5.138832e-01	1.000000e+00	1.897175e-01	-1.719172e-01	-4.523542e-02	5.065031e-02	-6.186031e-02	1.567348e-01	-1.443202e-01	4.475363e-03	-1.084811e-02	2.536543e-02	-1.133843e-01	6.382927e-02	-2.316772e-01	1.058443e-02	-7.638048e-03	-2.073749e-03	1.320800e-01	-1.362642e-01	-6.528276e-03	1.217502e-03	1.766906e-02	-8.714499e-02	5.484423e-02	
-1.051642e-01	1.897175e-01	1.000000e+00	-7.174180e-01	2.020584e-02	-2.027589e-02	2.557961e-02	-6.315520e-02	4.150798e-02	-4.121204e-01	5.229051e-01	-6.511659e-01	-8.266661e-02	2.284255e-01	-6.737731e-01	-9.952682e-02	1.131831e-01	-1.175601e-01	-3.248833e-02	6.895216e-02	-4.147871e-01	5.331289e-01	-6.657493e-01	-1.711975e-01	3.251992e-01	
5.819336e-02	-1.719172e-01	-7.174180e-01	1.000000e+00	-5.273970e-01	5.792812e-01	-6.186070e-01	1.758875e-01	1.022344e-01	2.350711e-01	-2.956860e-01	3.717488e-01	9.393249e-05	-6.531373e-02	5.088011e-01	7.732919e-02	-8.564330e-02	8.797489e-02	2.370617e-03	-2.907951e-02	3.083902e-01	-3.954268e-01	4.928548e-01	1.180638e-01	-2.293600e-01	
2.340200e-02	-4.523542e-02	2.020584e-02	-5.273970e-01	1.000000e+00	-9.856859e-01	9.455960e-01	-6.554414e-01	2.624306e-01	4.355797e-02	-8.071157e-02	1.202099e-01	1.307248e-01	-1.208338e-01	-6.125418e-03	1.560197e-02	-1.503713e-02	1.405078e-02	-1.922557e-02	1.185631e-02	1.389296e-03	4.404220e-04	-4.519135e-03	-8.565534e-03	1.207275e-02	
-2.252948e-02	5.065031e-02	-2.027589e-02	5.792812e-01	-9.856859e-01	1.000000e+00	-9.864276e-01	6.057931e-01	-1.975305e-01	-5.340949e-02	9.369068e-02	-1.364156e-01	-1.398932e-01	1.413194e-01	3.895047e-03	-1.326268e-02	1.334709e-02	-1.305324e-02	1.754336e-02	-1.022996e-02	9.090899e-04	-2.320972e-03	5.695774e-03	6.008407e-03	-1.003399e-02	
1.295467e-02	-6.186031e-02	2.557961e-02	-6.186070e-01	9.455960e-01	-9.864276e-01	1.000000e+00	-5.458216e-01	1.374765e-01	6.501430e-02	-1.062098e-01	1.495353e-01	1.353698e-01	-1.448787e-01	-2.871004e-03	8.606478e-03	-9.082386e-03	9.594449e-03	-1.927358e-02	1.275896e-02	-6.224902e-03	7.925470e-03	-1.123606e-02	-5.098530e-03	1.080020e-02	
6.392671e-02	1.567348e-01	-6.315520e-02	1.758875e-01	-6.554414e-01	6.057931e-01	-5.458216e-01	1.000000e+00	-8.810508e-01	1.206690e-01	-1.036559e-01	7.361083e-02	-8.388567e-02	-7.623866e-02	-5.924888e-03	2.210077e-02	-2.639594e-02	2.642282e-02	7.006763e-02	-7.738046e-02	2.958794e-02	-3.979378e-02	5.179028e-02	2.747950e-02	-4.506302e-02	
-5.372354e-02	-1.443202e-01	4.150798e-02	1.022344e-01	2.624306e-01	-1.975305e-01	1.374765e-01	-8.810508e-01	1.000000e+00	-1.671589e-01	1.657301e-01	-1.488694e-01	3.651317e-02	1.713507e-01	1.593567e-02	-2.286769e-02	2.734154e-02	-2.789863e-02	-6.505168e-02	7.464953e-02	-2.442590e-02	3.286647e-02	-4.258032e-02	-2.044450e-02	3.522857e-02	
-3.396955e-02	4.475363e-03	-4.121204e-01	2.350711e-01	4.355797e-02	-5.340949e-02	6.501430e-02	1.206690e-01	-1.671589e-01	1.000000e+00	-9.835910e-01	9.183639e-01	-7.516104e-01	5.614073e-01	2.741298e-01	4.656287e-02	-5.254984e-02	5.476029e-02	1.048562e-02	-2.641011e-02	1.753054e-01	-2.294196e-01	2.919843e-01	5.883551e-02	-1.247591e-01	
4.955601e-02	-1.084811e-02	5.229051e-01	-2.956860e-01	-8.071157e-02	9.369068e-02	-1.062098e-01	-1.036559e-01	1.657301e-01	-9.835910e-01	1.000000e+00	-9.738966e-01	7.000554e-01	-5.015843e-01	-3.503245e-01	-6.166649e-02	6.924293e-02	-7.173401e-02	-1.462089e-02	3.691379e-02	-2.268694e-01	2.960783e-01	-3.760596e-01	-7.564249e-02	1.617319e-01	
-8.449438e-02	2.536543e-02	-6.511659e-01	3.717488e-01	1.202099e-01	-1.364156e-01	1.495353e-01	7.361083e-02	-1.488694e-01	9.183639e-01	-9.738966e-01	1.000000e+00	-5.894969e-01	3.895357e-01	4.405753e-01	7.743766e-02	-8.670491e-02	8.951396e-02	1.810740e-02	-4.745129e-02	2.874886e-01	-3.746013e-01	4.755849e-01	9.302314e-02	-2.032844e-01	
1.391728e-01	-1.133843e-01	-8.266661e-02	9.393249e-05	1.307248e-01	-1.398932e-01	1.353698e-01	-8.388567e-02	3.651317e-02	-7.516104e-01	7.000554e-01	-5.894969e-01	1.000000e+00	-9.472858e-01	6.769834e-02	1.852318e-02	-1.985124e-02	1.888114e-02	8.456344e-03	-1.654905e-02	3.927013e-02	-4.621732e-02	5.049176e-02	2.878066e-02	-3.995440e-02	
-1.063723e-01	6.382927e-02	2.284255e-01	-6.531373e-02	-1.208338e-01	1.413194e-01	-1.448787e-01	-7.623866e-02	1.713507e-01	5.614073e-01	-5.015843e-01	3.895357e-01	-9.472858e-01	1.000000e+00	-1.595430e-01	-3.763029e-02	4.127836e-02	-4.068140e-02	-2.286128e-02	3.831648e-02	-1.061128e-01	1.339189e-01	-1.628580e-01	-4.796592e-02	8.661853e-02	
1.648905e-02	-2.316772e-01	-6.737731e-01	5.088011e-01	-6.125418e-03	3.895047e-03	-2.871004e-03	-5.924888e-03	1.593567e-02	2.741298e-01	-3.503245e-01	4.405753e-01	6.769834e-02	-1.595430e-01	1.000000e+00	-4.547065e-01	5.093769e-01	-5.513962e-01	4.512207e-02	1.851247e-01	1.900393e-01	-2.494010e-01	3.237200e-01	4.836681e-02	-1.060899e-01	
6.668952e-02	1.058443e-02	-9.952682e-02	7.732919e-02	1.560197e-02	-1.326268e-02	8.606478e-03	2.210077e-02	-2.286769e-02	4.656287e-02	-6.166649e-02	7.743766e-02	1.852318e-02	-3.763029e-02	-4.547065e-01	1.000000e+00	-9.836763e-01	9.377535e-01	-5.738484e-01	2.043640e-01	1.936091e-01	-2.345183e-01	2.700166e-01	6.138425e-02	-1.052895e-01	
-7.214214e-02	-7.638048e-03	1.131831e-01	-8.564330e-02	-1.503713e-02	1.334709e-02	-9.082386e-03	-2.639594e-02	2.734154e-02	-5.254984e-02	6.924293e-02	-8.670491e-02	-1.985124e-02	4.127836e-02	5.093769e-01	-9.836763e-01	1.000000e+00	-9.844642e-01	5.014230e-01	-1.164026e-01	-2.046964e-01	2.517608e-01	-2.936150e-01	-8.294342e-02	1.381259e-01	
6.816329e-02	-2.073749e-03	-1.175601e-01	8.797489e-02	1.405078e-02	-1.305324e-02	9.594449e-03	2.642282e-02	-2.789863e-02	5.476029e-02	-7.173401e-02	8.951396e-02	1.888114e-02	-4.068140e-02	-5.513962e-01	9.377535e-01	-9.844642e-01	1.000000e+00	-4.182332e-01	3.230521e-02	2.074891e-01	-2.585889e-01	3.049480e-01	9.786799e-02	-1.604475e-01	
6.938605e-02	1.320800e-01	-3.248833e-02	2.370617e-03	-1.922557e-02	1.754336e-02	-1.927358e-02	7.006763e-02	-6.505168e-02	1.048562e-02	-1.462089e-02	1.810740e-02	8.456344e-03	-2.286128e-02	4.512207e-02	-5.738484e-01	5.014230e-01	-4.182332e-01	1.000000e+00	-9.036009e-01	-8.687962e-03	1.190615e-02	-1.582389e-02	7.493473e-02	-1.508016e-01	
-7.828667e-02	-1.362642e-01	6.895216e-02	-2.907951e-02	1.185631e-02	-1.022996e-02	1.275896e-02	-7.738046e-02	7.464953e-02	-2.641011e-02	3.691379e-02	-4.745129e-02	-1.654905e-02	3.831648e-02	1.851247e-01	2.043640e-01	-1.164026e-01	3.230521e-02	-9.036009e-01	1.000000e+00	-7.713650e-02	9.210505e-02	-1.032162e-01	-1.166567e-01	2.341848e-01	
4.975765e-05	-6.528276e-03	-4.147871e-01	3.083902e-01	1.389296e-03	9.090899e-04	-6.224902e-03	2.958794e-02	-2.442590e-02	1.753054e-01	-2.268694e-01	2.874886e-01	3.927013e-02	-1.061128e-01	1.900393e-01	1.936091e-01	-2.046964e-01	2.074891e-01	-8.687962e-03	-7.713650e-02	1.000000e+00	-9.827077e-01	9.149797e-01	-6.974423e-01	5.143602e-01	
1.637958e-02	1.217502e-03	5.331289e-01	-3.954268e-01	4.404220e-04	-2.320972e-03	7.925470e-03	-3.979378e-02	3.286647e-02	-2.294196e-01	2.960783e-01	-3.746013e-01	-4.621732e-02	1.339189e-01	-2.494010e-01	-2.345183e-01	2.517608e-01	-2.585889e-01	1.190615e-02	9.210505e-02	-9.827077e-01	1.000000e+00	-9.731053e-01	6.292275e-01	-4.343267e-01	
-5.539458e-02	1.766906e-02	-6.657493e-01	4.928548e-01	-4.519135e-03	5.695774e-03	-1.123606e-02	5.179028e-02	-4.258032e-02	2.919843e-01	-3.760596e-01	4.755849e-01	5.049176e-02	-1.628580e-01	3.237200e-01	2.700166e-01	-2.936150e-01	3.049480e-01	-1.582389e-02	-1.032162e-01	9.149797e-01	-9.731053e-01	1.000000e+00	-5.022429e-01	3.016541e-01	
1.270031e-01	-8.714499e-02	-1.711975e-01	1.180638e-01	-8.565534e-03	6.008407e-03	-5.098530e-03	2.747950e-02	-2.044450e-02	5.883551e-02	-7.564249e-02	9.302314e-02	2.878066e-02	-4.796592e-02	4.836681e-02	6.138425e-02	-8.294342e-02	9.786799e-02	7.493473e-02	-1.166567e-01	-6.974423e-01	6.292275e-01	-5.022429e-01	1.000000e+00	-9.616256e-01	
-9.911622e-02	5.484423e-02	3.251992e-01	-2.293600e-01	1.207275e-02	-1.003399e-02	1.080020e-02	-4.506302e-02	3.522857e-02	-1.247591e-01	1.617319e-01	-2.032844e-01	-3.995440e-02	8.661853e-02	-1.060899e-01	-1.052895e-01	1.381259e-01	-1.604475e-01	-1.508016e-01	2.341848e-01	5.143602e-01	-4.343267e-01	3.016541e-01	-9.616256e-01	1.000000e+00	

Time taken for mcmc chain: 1.143611 hours
