Number of steps: 4915940
Number of accepted steps: 1000000
Burn-in number of steps: 320000
Accepted fraction of steps: 0.203420
Convergence Status
R[0]= 1.001227	R[1]= 1.014219	R[2]= 1.026688	R[3]= 1.019648	R[4]= 1.005500	R[5]= 1.006176	R[6]= 1.006570	R[7]= 1.000401	R[8]= 1.000582	R[9]= 1.003607	R[10]= 1.004282	R[11]= 1.005045	R[12]= 1.000600	R[13]= 1.000277	R[14]= 1.012727	R[15]= 1.002134	R[16]= 1.001797	R[17]= 1.001509	R[18]= 1.001537	R[19]= 1.000418	R[20]= 1.003478	R[21]= 1.004734	R[22]= 1.006659	R[23]= 1.003090	R[24]= 1.004414	
<R>= 1.005493

Mean parameters
A[0]= 9.239509e-01 pm 3.476351e-02
A[1]= 1.046776e+00 pm 3.018810e-02
A[2]= 6.266445e-01 pm 4.016611e-01
A[3]= 3.267593e+00 pm 1.084723e+00
A[4]= -3.872683e+03 pm 3.903894e+03
A[5]= 1.920143e+03 pm 2.566936e+03
A[6]= -5.036386e+00 pm 6.013911e+02
A[7]= 1.607156e+01 pm 1.318688e+01
A[8]= -2.586318e-01 pm 1.798928e-01
A[9]= -3.889923e+03 pm 8.419180e+03
A[10]= 1.652876e+03 pm 5.023350e+03
A[11]= -4.241686e+02 pm 1.045772e+03
A[12]= 1.927939e+01 pm 4.875134e+01
A[13]= -5.505818e-01 pm 9.384597e-01
A[14]= 4.652146e+00 pm 1.447365e+00
A[15]= -6.660034e+03 pm 5.349914e+03
A[16]= 4.845760e+03 pm 3.516742e+03
A[17]= -8.447194e+02 pm 8.233632e+02
A[18]= 1.527269e+00 pm 1.910471e+01
A[19]= 1.493240e-01 pm 2.615963e-01
A[20]= 6.456686e+03 pm 1.166133e+04
A[21]= -3.665251e+03 pm 7.040531e+03
A[22]= 2.933433e+02 pm 1.487422e+03
A[23]= -5.132049e+01 pm 6.736838e+01
A[24]= 7.249169e-01 pm 1.316494e+00

Best-fitting parameters
A[0]= 9.220774e-01
A[1]= 1.052580e+00
A[2]= 5.966237e-01
A[3]= 3.674777e+00
A[4]= -5.937267e+03
A[5]= 3.468880e+03
A[6]= -4.028640e+02
A[7]= 2.084857e+01
A[8]= -2.787098e-01
A[9]= -4.044238e+02
A[10]= -2.771703e+02
A[11]= -1.189425e+02
A[12]= -9.982079e+00
A[13]= -1.354231e-01
A[14]= 4.485907e+00
A[15]= -2.278605e+03
A[16]= 2.572730e+03
A[17]= -4.480463e+02
A[18]= -1.721826e+01
A[19]= 3.740497e-01
A[20]= 5.922356e+03
A[21]= -3.562017e+03
A[22]= 3.601300e+02
A[23]= -6.285214e+01
A[24]= 1.135551e+00
chi2_min= 8.886442e+01


Cross-Covariance parameters
1.000000e+00	-5.053889e-01	-1.072341e-01	7.566699e-02	-1.302407e-02	1.881405e-02	-3.049094e-02	7.520278e-02	-4.526025e-02	-4.039098e-02	6.262412e-02	-1.059444e-01	1.295679e-01	-9.129093e-02	1.409369e-02	7.423780e-02	-7.548033e-02	6.853877e-02	3.755456e-02	-4.497498e-02	-8.396858e-03	2.640799e-02	-6.823524e-02	1.277783e-01	-9.585607e-02	
-5.053889e-01	1.000000e+00	1.668056e-01	-1.719186e-01	-3.491519e-04	2.144247e-03	-1.114462e-02	1.178371e-01	-1.147749e-01	1.755991e-02	-3.119062e-02	5.516765e-02	-8.980427e-02	4.056626e-02	-1.865836e-01	-2.185804e-02	2.637165e-02	-3.754287e-02	1.657737e-01	-1.564827e-01	-1.015736e-02	6.799925e-04	2.504528e-02	-6.303521e-02	2.255900e-02	
-1.072341e-01	1.668056e-01	1.000000e+00	-6.866852e-01	1.991526e-02	-1.587166e-02	1.965493e-02	-6.149897e-02	4.582436e-02	-3.800621e-01	4.911758e-01	-6.221414e-01	-9.686994e-02	2.406570e-01	-6.420857e-01	-1.203553e-01	1.254963e-01	-1.216316e-01	-3.336703e-02	7.021093e-02	-4.052422e-01	5.159816e-01	-6.469528e-01	-1.466080e-01	2.874784e-01	
7.566699e-02	-1.719186e-01	-6.866852e-01	1.000000e+00	-5.628360e-01	6.147344e-01	-6.544438e-01	1.836364e-01	1.173602e-01	1.963460e-01	-2.478133e-01	3.139148e-01	-8.212165e-03	-4.388301e-02	4.531092e-01	8.736068e-02	-9.274678e-02	9.160448e-02	7.650422e-03	-3.574943e-02	2.884322e-01	-3.640946e-01	4.519826e-01	9.998231e-02	-1.979295e-01	
-1.302407e-02	-3.491519e-04	1.991526e-02	-5.628360e-01	1.000000e+00	-9.861018e-01	9.474992e-01	-6.550348e-01	2.509533e-01	5.353139e-02	-9.414588e-02	1.401786e-01	1.182646e-01	-1.111403e-01	1.067243e-03	-6.058706e-03	7.111068e-03	-6.152718e-03	-1.238150e-02	1.547288e-02	-7.066385e-03	6.798465e-03	-5.736698e-03	-1.430393e-02	1.700200e-02	
1.881405e-02	2.144247e-03	-1.587166e-02	6.147344e-01	-9.861018e-01	1.000000e+00	-9.869946e-01	6.022315e-01	-1.812572e-01	-6.074498e-02	1.053206e-01	-1.558465e-01	-1.316253e-01	1.373823e-01	-4.385076e-03	6.165835e-03	-7.134618e-03	6.002379e-03	9.956824e-03	-1.186940e-02	3.119541e-03	-2.487634e-03	8.909439e-04	1.520375e-02	-1.690107e-02	
-3.049094e-02	-1.114462e-02	1.965493e-02	-6.544438e-01	9.474992e-01	-9.869946e-01	1.000000e+00	-5.395274e-01	1.165457e-01	6.802977e-02	-1.141817e-01	1.662775e-01	1.326594e-01	-1.475512e-01	4.824966e-03	-8.298947e-03	9.271245e-03	-7.796887e-03	-1.140244e-02	1.270029e-02	-2.636585e-03	2.679743e-03	-1.723757e-03	-1.817816e-02	2.046174e-02	
7.520278e-02	1.178371e-01	-6.149897e-02	1.836364e-01	-6.550348e-01	6.022315e-01	-5.395274e-01	1.000000e+00	-8.758307e-01	1.007098e-01	-8.412418e-02	5.357205e-02	-5.899696e-02	-9.853604e-02	5.668158e-04	1.235295e-02	-1.585716e-02	1.480436e-02	6.472913e-02	-7.021457e-02	2.464693e-02	-3.205110e-02	3.992041e-02	2.630959e-02	-4.102808e-02	
-4.526025e-02	-1.147749e-01	4.582436e-02	1.173602e-01	2.509533e-01	-1.812572e-01	1.165457e-01	-8.758307e-01	1.000000e+00	-1.537160e-01	1.551684e-01	-1.419087e-01	1.215498e-02	1.960276e-01	3.189577e-03	-6.459204e-03	1.057076e-02	-1.147199e-02	-5.900472e-02	6.414969e-02	-1.835383e-02	2.614874e-02	-3.522162e-02	-1.566570e-02	2.808899e-02	
-4.039098e-02	1.755991e-02	-3.800621e-01	1.963460e-01	5.353139e-02	-6.074498e-02	6.802977e-02	1.007098e-01	-1.537160e-01	1.000000e+00	-9.835433e-01	9.163101e-01	-7.647233e-01	5.776828e-01	2.746605e-01	-1.155573e-03	2.019665e-03	-4.134186e-03	3.989109e-02	-3.475666e-02	1.469125e-01	-1.933498e-01	2.512655e-01	3.582842e-02	-9.113217e-02	
6.262412e-02	-3.119062e-02	4.911758e-01	-2.478133e-01	-9.414588e-02	1.053206e-01	-1.141817e-01	-8.412418e-02	1.551684e-01	-9.835433e-01	1.000000e+00	-9.727944e-01	7.164348e-01	-5.206391e-01	-3.461508e-01	-1.246272e-02	1.245782e-02	-1.019043e-02	-4.632857e-02	4.676021e-02	-1.973373e-01	2.575808e-01	-3.325766e-01	-4.809755e-02	1.227482e-01	
-1.059444e-01	5.516765e-02	-6.221414e-01	3.139148e-01	1.401786e-01	-1.558465e-01	1.662775e-01	5.357205e-02	-1.419087e-01	9.163101e-01	-9.727944e-01	1.000000e+00	-6.076393e-01	4.096776e-01	4.298632e-01	3.087032e-02	-3.202652e-02	2.967941e-02	5.122872e-02	-5.947457e-02	2.603828e-01	-3.373464e-01	4.331692e-01	5.959885e-02	-1.582038e-01	
1.295679e-01	-8.980427e-02	-9.686994e-02	-8.212165e-03	1.182646e-01	-1.316253e-01	1.326594e-01	-5.899696e-02	1.215498e-02	-7.647233e-01	7.164348e-01	-6.076393e-01	1.000000e+00	-9.476600e-01	2.894547e-02	6.797211e-02	-7.275553e-02	7.379520e-02	-1.317248e-02	-1.372459e-02	5.830216e-02	-6.622748e-02	7.114235e-02	3.094550e-02	-4.621537e-02	
-9.129093e-02	4.056626e-02	2.406570e-01	-4.388301e-02	-1.111403e-01	1.373823e-01	-1.475512e-01	-9.853604e-02	1.960276e-01	5.776828e-01	-5.206391e-01	4.096776e-01	-9.476600e-01	1.000000e+00	-1.182151e-01	-7.859074e-02	8.487900e-02	-8.598317e-02	-8.621556e-03	3.983706e-02	-1.200242e-01	1.474394e-01	-1.767692e-01	-4.384493e-02	8.442048e-02	
1.409369e-02	-1.865836e-01	-6.420857e-01	4.531092e-01	1.067243e-03	-4.385076e-03	4.824966e-03	5.668158e-04	3.189577e-03	2.746605e-01	-3.461508e-01	4.298632e-01	2.894547e-02	-1.182151e-01	1.000000e+00	-4.847815e-01	5.437324e-01	-5.902124e-01	6.262906e-02	1.935197e-01	1.611396e-01	-2.090963e-01	2.759683e-01	1.915756e-02	-5.881349e-02	
7.423780e-02	-2.185804e-02	-1.203553e-01	8.736068e-02	-6.058706e-03	6.165835e-03	-8.298947e-03	1.235295e-02	-6.459204e-03	-1.155573e-03	-1.246272e-02	3.087032e-02	6.797211e-02	-7.859074e-02	-4.847815e-01	1.000000e+00	-9.849434e-01	9.422339e-01	-5.712339e-01	1.869051e-01	1.910197e-01	-2.353287e-01	2.746553e-01	7.591363e-02	-1.249863e-01	
-7.548033e-02	2.637165e-02	1.254963e-01	-9.274678e-02	7.111068e-03	-7.134618e-03	9.271245e-03	-1.585716e-02	1.057076e-02	2.019665e-03	1.245782e-02	-3.202652e-02	-7.275553e-02	8.487900e-02	5.437324e-01	-9.849434e-01	1.000000e+00	-9.854911e-01	5.060291e-01	-1.076381e-01	-2.022121e-01	2.512621e-01	-2.951212e-01	-8.896070e-02	1.473086e-01	
6.853877e-02	-3.754287e-02	-1.216316e-01	9.160448e-02	-6.152718e-03	6.002379e-03	-7.796887e-03	1.480436e-02	-1.147199e-02	-4.134186e-03	-1.019043e-02	2.967941e-02	7.379520e-02	-8.598317e-02	-5.902124e-01	9.422339e-01	-9.854911e-01	1.000000e+00	-4.303968e-01	3.178218e-02	2.056929e-01	-2.574507e-01	3.040391e-01	9.594013e-02	-1.598291e-01	
3.755456e-02	1.657737e-01	-3.336703e-02	7.650422e-03	-1.238150e-02	9.956824e-03	-1.140244e-02	6.472913e-02	-5.900472e-02	3.989109e-02	-4.632857e-02	5.122872e-02	-1.317248e-02	-8.621556e-03	6.262906e-02	-5.712339e-01	5.060291e-01	-4.303968e-01	1.000000e+00	-8.973615e-01	-8.622276e-03	1.412213e-02	-1.906336e-02	6.872677e-02	-1.455520e-01	
-4.497498e-02	-1.564827e-01	7.021093e-02	-3.574943e-02	1.547288e-02	-1.186940e-02	1.270029e-02	-7.021457e-02	6.414969e-02	-3.475666e-02	4.676021e-02	-5.947457e-02	-1.372459e-02	3.983706e-02	1.935197e-01	1.869051e-01	-1.076381e-01	3.178218e-02	-8.973615e-01	1.000000e+00	-7.741827e-02	9.056242e-02	-1.007597e-01	-1.128589e-01	2.336308e-01	
-8.396858e-03	-1.015736e-02	-4.052422e-01	2.884322e-01	-7.066385e-03	3.119541e-03	-2.636585e-03	2.464693e-02	-1.835383e-02	1.469125e-01	-1.973373e-01	2.603828e-01	5.830216e-02	-1.200242e-01	1.611396e-01	1.910197e-01	-2.022121e-01	2.056929e-01	-8.622276e-03	-7.741827e-02	1.000000e+00	-9.840626e-01	9.193227e-01	-7.209263e-01	5.476988e-01	
2.640799e-02	6.799925e-04	5.159816e-01	-3.640946e-01	6.798465e-03	-2.487634e-03	2.679743e-03	-3.205110e-02	2.614874e-02	-1.933498e-01	2.575808e-01	-3.373464e-01	-6.622748e-02	1.474394e-01	-2.090963e-01	-2.353287e-01	2.512621e-01	-2.574507e-01	1.412213e-02	9.056242e-02	-9.840626e-01	1.000000e+00	-9.738300e-01	6.628719e-01	-4.796343e-01	
-6.823524e-02	2.504528e-02	-6.469528e-01	4.519826e-01	-5.736698e-03	8.909439e-04	-1.723757e-03	3.992041e-02	-3.522162e-02	2.512655e-01	-3.325766e-01	4.331692e-01	7.114235e-02	-1.767692e-01	2.759683e-01	2.746553e-01	-2.951212e-01	3.040391e-01	-1.906336e-02	-1.007597e-01	9.193227e-01	-9.738300e-01	1.000000e+00	-5.467972e-01	3.587168e-01	
1.277783e-01	-6.303521e-02	-1.466080e-01	9.998231e-02	-1.430393e-02	1.520375e-02	-1.817816e-02	2.630959e-02	-1.566570e-02	3.582842e-02	-4.809755e-02	5.959885e-02	3.094550e-02	-4.384493e-02	1.915756e-02	7.591363e-02	-8.896070e-02	9.594013e-02	6.872677e-02	-1.128589e-01	-7.209263e-01	6.628719e-01	-5.467972e-01	1.000000e+00	-9.627389e-01	
-9.585607e-02	2.255900e-02	2.874784e-01	-1.979295e-01	1.700200e-02	-1.690107e-02	2.046174e-02	-4.102808e-02	2.808899e-02	-9.113217e-02	1.227482e-01	-1.582038e-01	-4.621537e-02	8.442048e-02	-5.881349e-02	-1.249863e-01	1.473086e-01	-1.598291e-01	-1.455520e-01	2.336308e-01	5.476988e-01	-4.796343e-01	3.587168e-01	-9.627389e-01	1.000000e+00	

Time taken for mcmc chain: 29.666667 minutes
