Number of steps: 3519459
Number of accepted steps: 1000000
Burn-in number of steps: 320000
Accepted fraction of steps: 0.284135
Convergence Status
R[0]= 1.001988	R[1]= 1.003154	R[2]= 1.003208	R[3]= 1.000380	R[4]= 1.007540	R[5]= 1.007769	R[6]= 1.007390	R[7]= 1.002108	R[8]= 1.000683	R[9]= 1.003316	R[10]= 1.004073	R[11]= 1.004770	R[12]= 1.000878	R[13]= 1.001033	R[14]= 1.001985	R[15]= 1.001862	R[16]= 1.001362	R[17]= 1.000841	R[18]= 1.000212	R[19]= 1.001271	R[20]= 1.002220	R[21]= 1.002577	R[22]= 1.002670	R[23]= 1.000899	R[24]= 1.000654	
<R>= 1.002594

Mean parameters
A[0]= 9.593773e-01 pm 3.049230e-02
A[1]= 1.057174e+00 pm 2.491894e-02
A[2]= 5.417582e-01 pm 3.571362e-01
A[3]= 4.129741e+00 pm 1.149567e+00
A[4]= -4.423110e+03 pm 3.732138e+03
A[5]= 2.400179e+03 pm 2.446616e+03
A[6]= -1.286580e+02 pm 5.738585e+02
A[7]= 6.895522e+00 pm 1.325470e+01
A[8]= -7.584680e-02 pm 1.798473e-01
A[9]= 2.090178e+02 pm 8.332122e+03
A[10]= -8.595167e+02 pm 5.031199e+03
A[11]= 8.417266e+01 pm 1.070304e+03
A[12]= -2.180006e+01 pm 4.780932e+01
A[13]= 4.887195e-01 pm 9.235282e-01
A[14]= 5.442963e+00 pm 1.587321e+00
A[15]= -5.500933e+03 pm 5.192568e+03
A[16]= 4.476782e+03 pm 3.402074e+03
A[17]= -8.535783e+02 pm 8.008049e+02
A[18]= 8.262961e-01 pm 1.924493e+01
A[19]= 1.474656e-01 pm 2.552672e-01
A[20]= 8.775483e+03 pm 1.135712e+04
A[21]= -4.612767e+03 pm 6.822354e+03
A[22]= 3.980651e+02 pm 1.434545e+03
A[23]= -4.254518e+01 pm 6.633458e+01
A[24]= 4.366005e-01 pm 1.287060e+00

Best-fitting parameters
A[0]= 9.620863e-01
A[1]= 1.063586e+00
A[2]= 6.394484e-01
A[3]= 3.887444e+00
A[4]= -6.290187e+03
A[5]= 3.535267e+03
A[6]= -3.721693e+02
A[7]= 1.702519e+01
A[8]= -1.929711e-01
A[9]= 3.799849e+03
A[10]= -2.851214e+03
A[11]= 3.504750e+02
A[12]= -6.034090e+01
A[13]= 1.104331e+00
A[14]= 5.101623e+00
A[15]= -6.747686e+03
A[16]= 5.195450e+03
A[17]= -1.014374e+03
A[18]= 4.331569e+00
A[19]= 1.333029e-01
A[20]= 8.997925e+03
A[21]= -4.414450e+03
A[22]= 2.236433e+02
A[23]= -5.822443e+01
A[24]= 7.425418e-01
chi2_min= 1.124996e+02


Cross-Covariance parameters
1.000000e+00	-4.719043e-01	-1.746150e-01	6.925612e-02	5.290977e-02	-5.707429e-02	5.167410e-02	5.594186e-02	-6.728216e-02	-2.239657e-02	2.175056e-02	-3.661898e-02	1.579255e-01	-1.382292e-01	9.136576e-02	1.418061e-02	-1.459545e-02	8.875121e-03	8.430629e-02	-7.232926e-02	2.286429e-02	-1.440888e-02	-1.365509e-02	1.203361e-01	-1.066712e-01	
-4.719043e-01	1.000000e+00	1.666090e-01	-1.932162e-01	-3.608354e-03	5.646902e-03	-1.682778e-02	1.227129e-01	-1.188996e-01	3.178321e-02	-3.341030e-02	4.150625e-02	-1.166612e-01	7.002329e-02	-2.058816e-01	2.395689e-02	-2.064673e-02	8.649101e-03	1.225361e-01	-1.388409e-01	-1.078178e-02	5.428783e-03	1.293338e-02	-6.650241e-02	3.589974e-02	
-1.746150e-01	1.666090e-01	1.000000e+00	-6.813423e-01	-5.690991e-02	6.510100e-02	-6.408257e-02	-4.175032e-02	6.801439e-02	-3.932966e-01	5.200825e-01	-6.663777e-01	-1.099142e-01	2.700072e-01	-6.650050e-01	-1.163842e-02	1.633966e-02	-1.465181e-02	-6.097583e-02	5.641126e-02	-3.995262e-01	5.122413e-01	-6.474081e-01	-8.729852e-02	2.310039e-01	
6.925612e-02	-1.932162e-01	-6.813423e-01	1.000000e+00	-5.177451e-01	5.698531e-01	-6.097632e-01	1.891689e-01	8.008431e-02	2.022031e-01	-2.669451e-01	3.467778e-01	2.647248e-02	-8.922146e-02	4.826359e-01	7.541190e-03	-9.158484e-03	8.044875e-03	1.117064e-02	-7.918913e-03	2.612534e-01	-3.404541e-01	4.378481e-01	6.596377e-02	-1.600105e-01	
5.290977e-02	-3.608354e-03	-5.690991e-02	-5.177451e-01	1.000000e+00	-9.851556e-01	9.433533e-01	-6.781331e-01	2.945322e-01	6.891209e-02	-1.091988e-01	1.537951e-01	9.265323e-02	-8.925486e-02	2.782240e-02	7.253745e-03	-1.079414e-02	1.278108e-02	1.159977e-02	-1.438897e-02	3.529136e-02	-3.929187e-02	4.278566e-02	1.408935e-02	-2.818199e-02	
-5.707429e-02	5.646902e-03	6.510100e-02	5.698531e-01	-9.851556e-01	1.000000e+00	-9.858184e-01	6.277530e-01	-2.261419e-01	-7.963159e-02	1.239729e-01	-1.730602e-01	-1.024910e-01	1.130675e-01	-3.253034e-02	-7.605120e-03	1.111315e-02	-1.307229e-02	-1.303027e-02	1.641182e-02	-4.128650e-02	4.613407e-02	-5.010955e-02	-1.124933e-02	2.681500e-02	
5.167410e-02	-1.682778e-02	-6.408257e-02	-6.097632e-01	9.433533e-01	-9.858184e-01	1.000000e+00	-5.643603e-01	1.597900e-01	9.104142e-02	-1.368115e-01	1.871944e-01	1.002878e-01	-1.214152e-01	3.355306e-02	6.720355e-03	-1.007361e-02	1.223833e-02	1.025811e-02	-1.394284e-02	4.256654e-02	-4.730671e-02	5.073083e-02	6.745407e-03	-2.175670e-02	
5.594186e-02	1.227129e-01	-4.175032e-02	1.891689e-01	-6.781331e-01	6.277530e-01	-5.643603e-01	1.000000e+00	-8.823958e-01	1.102907e-01	-9.311734e-02	6.158356e-02	-7.433342e-02	-8.300543e-02	-2.760064e-03	8.346566e-03	-8.080577e-03	5.096905e-03	4.459415e-02	-4.806498e-02	1.454493e-02	-2.045761e-02	2.711401e-02	8.391208e-03	-1.798475e-02	
-6.728216e-02	-1.188996e-01	6.801439e-02	8.008431e-02	2.945322e-01	-2.261419e-01	1.597900e-01	-8.823958e-01	1.000000e+00	-1.761439e-01	1.771089e-01	-1.618533e-01	4.576162e-02	1.671986e-01	-9.336864e-03	-8.751035e-03	1.083517e-02	-9.818624e-03	-5.145112e-02	5.627119e-02	-3.333628e-02	4.088764e-02	-4.874260e-02	-1.152002e-02	2.859428e-02	
-2.239657e-02	3.178321e-02	-3.932966e-01	2.022031e-01	6.891209e-02	-7.963159e-02	9.104142e-02	1.102907e-01	-1.761439e-01	1.000000e+00	-9.823175e-01	9.116166e-01	-7.628979e-01	5.653127e-01	2.475722e-01	2.330578e-02	-2.741529e-02	2.858080e-02	1.090053e-02	-1.766661e-02	1.738617e-01	-2.236957e-01	2.843361e-01	2.339651e-02	-9.153716e-02	
2.175056e-02	-3.341030e-02	5.200825e-01	-2.669451e-01	-1.091988e-01	1.239729e-01	-1.368115e-01	-9.311734e-02	1.771089e-01	-9.823175e-01	1.000000e+00	-9.716331e-01	7.089416e-01	-5.008797e-01	-3.317071e-01	-2.635204e-02	3.058062e-02	-3.092231e-02	-2.033349e-02	2.758525e-02	-2.275315e-01	2.923718e-01	-3.715362e-01	-3.197747e-02	1.204225e-01	
-3.661898e-02	4.150625e-02	-6.663777e-01	3.467778e-01	1.537951e-01	-1.730602e-01	1.871944e-01	6.158356e-02	-1.618533e-01	9.116166e-01	-9.716331e-01	1.000000e+00	-5.915873e-01	3.806898e-01	4.300356e-01	2.839198e-02	-3.283579e-02	3.239955e-02	3.141222e-02	-3.916635e-02	2.894058e-01	-3.720302e-01	4.735174e-01	4.097113e-02	-1.532917e-01	
1.579255e-01	-1.166612e-01	-1.099142e-01	2.647248e-02	9.265323e-02	-1.024910e-01	1.002878e-01	-7.433342e-02	4.576162e-02	-7.628979e-01	7.089416e-01	-5.915873e-01	1.000000e+00	-9.441839e-01	8.777180e-02	-1.635706e-02	1.594250e-02	-1.684965e-02	3.015179e-02	-2.337044e-02	3.108966e-02	-3.701009e-02	4.251354e-02	3.189175e-02	-3.858759e-02	
-1.382292e-01	7.002329e-02	2.700072e-01	-8.922146e-02	-8.925486e-02	1.130675e-01	-1.214152e-01	-8.300543e-02	1.671986e-01	5.653127e-01	-5.008797e-01	3.806898e-01	-9.441839e-01	1.000000e+00	-1.870739e-01	1.221835e-02	-9.873983e-03	1.047855e-02	-4.805632e-02	4.335601e-02	-1.046628e-01	1.305574e-01	-1.609752e-01	-3.970951e-02	7.552416e-02	
9.136576e-02	-2.058816e-01	-6.650050e-01	4.826359e-01	2.782240e-02	-3.253034e-02	3.355306e-02	-2.760064e-03	-9.336864e-03	2.475722e-01	-3.317071e-01	4.300356e-01	8.777180e-02	-1.870739e-01	1.000000e+00	-5.364711e-01	6.002192e-01	-6.487449e-01	1.421247e-01	1.343779e-01	1.782467e-01	-2.295906e-01	2.983182e-01	1.382778e-02	-6.413868e-02	
1.418061e-02	2.395689e-02	-1.163842e-02	7.541190e-03	7.253745e-03	-7.605120e-03	6.720355e-03	8.346566e-03	-8.751035e-03	2.330578e-02	-2.635204e-02	2.839198e-02	-1.635706e-02	1.221835e-02	-5.364711e-01	1.000000e+00	-9.836197e-01	9.365542e-01	-6.450550e-01	2.821008e-01	1.399078e-01	-1.712932e-01	2.008260e-01	2.165060e-02	-4.848332e-02	
-1.459545e-02	-2.064673e-02	1.633966e-02	-9.158484e-03	-1.079414e-02	1.111315e-02	-1.007361e-02	-8.080577e-03	1.083517e-02	-2.741529e-02	3.058062e-02	-3.283579e-02	1.594250e-02	-9.873983e-03	6.002192e-01	-9.836197e-01	1.000000e+00	-9.839115e-01	5.867867e-01	-2.058506e-01	-1.462539e-01	1.827911e-01	-2.178419e-01	-3.524355e-02	7.131207e-02	
8.875121e-03	8.649101e-03	-1.465181e-02	8.044875e-03	1.278108e-02	-1.307229e-02	1.223833e-02	5.096905e-03	-9.818624e-03	2.858080e-02	-3.092231e-02	3.239955e-02	-1.684965e-02	1.047855e-02	-6.487449e-01	9.365542e-01	-9.839115e-01	1.000000e+00	-5.118652e-01	1.274644e-01	1.466673e-01	-1.865759e-01	2.253730e-01	4.436075e-02	-8.660349e-02	
8.430629e-02	1.225361e-01	-6.097583e-02	1.117064e-02	1.159977e-02	-1.303027e-02	1.025811e-02	4.459415e-02	-5.145112e-02	1.090053e-02	-2.033349e-02	3.141222e-02	3.015179e-02	-4.805632e-02	1.421247e-01	-6.450550e-01	5.867867e-01	-5.118652e-01	1.000000e+00	-8.995311e-01	-3.046296e-02	3.522623e-02	-3.916085e-02	9.060369e-02	-1.643650e-01	
-7.232926e-02	-1.388409e-01	5.641126e-02	-7.918913e-03	-1.438897e-02	1.641182e-02	-1.394284e-02	-4.806498e-02	5.627119e-02	-1.766661e-02	2.758525e-02	-3.916635e-02	-2.337044e-02	4.335601e-02	1.343779e-01	2.821008e-01	-2.058506e-01	1.274644e-01	-8.995311e-01	1.000000e+00	-2.739536e-02	3.699064e-02	-4.589837e-02	-1.217689e-01	2.335975e-01	
2.286429e-02	-1.078178e-02	-3.995262e-01	2.612534e-01	3.529136e-02	-4.128650e-02	4.256654e-02	1.454493e-02	-3.333628e-02	1.738617e-01	-2.275315e-01	2.894058e-01	3.108966e-02	-1.046628e-01	1.782467e-01	1.399078e-01	-1.462539e-01	1.466673e-01	-3.046296e-02	-2.739536e-02	1.000000e+00	-9.839542e-01	9.179391e-01	-7.645073e-01	6.034594e-01	
-1.440888e-02	5.428783e-03	5.122413e-01	-3.404541e-01	-3.929187e-02	4.613407e-02	-4.730671e-02	-2.045761e-02	4.088764e-02	-2.236957e-01	2.923718e-01	-3.720302e-01	-3.701009e-02	1.305574e-01	-2.295906e-01	-1.712932e-01	1.827911e-01	-1.865759e-01	3.522623e-02	3.699064e-02	-9.839542e-01	1.000000e+00	-9.731707e-01	7.186429e-01	-5.474972e-01	
-1.365509e-02	1.293338e-02	-6.474081e-01	4.378481e-01	4.278566e-02	-5.010955e-02	5.073083e-02	2.711401e-02	-4.874260e-02	2.843361e-01	-3.715362e-01	4.735174e-01	4.251354e-02	-1.609752e-01	2.983182e-01	2.008260e-01	-2.178419e-01	2.253730e-01	-3.916085e-02	-4.589837e-02	9.179391e-01	-9.731707e-01	1.000000e+00	-6.116611e-01	4.345810e-01	
1.203361e-01	-6.650241e-02	-8.729852e-02	6.596377e-02	1.408935e-02	-1.124933e-02	6.745407e-03	8.391208e-03	-1.152002e-02	2.339651e-02	-3.197747e-02	4.097113e-02	3.189175e-02	-3.970951e-02	1.382778e-02	2.165060e-02	-3.524355e-02	4.436075e-02	9.060369e-02	-1.217689e-01	-7.645073e-01	7.186429e-01	-6.116611e-01	1.000000e+00	-9.634685e-01	
-1.066712e-01	3.589974e-02	2.310039e-01	-1.600105e-01	-2.818199e-02	2.681500e-02	-2.175670e-02	-1.798475e-02	2.859428e-02	-9.153716e-02	1.204225e-01	-1.532917e-01	-3.858759e-02	7.552416e-02	-6.413868e-02	-4.848332e-02	7.131207e-02	-8.660349e-02	-1.643650e-01	2.335975e-01	6.034594e-01	-5.474972e-01	4.345810e-01	-9.634685e-01	1.000000e+00	

Time taken for mcmc chain: 18.133333 minutes
