Number of steps: 15255912
Number of accepted steps: 1000000
Burn-in number of steps: 320000
Accepted fraction of steps: 0.065548
Convergence Status
R[0]= 1.000436	R[1]= 1.001672	R[2]= 1.068829	R[3]= 1.030122	R[4]= 1.001423	R[5]= 1.002042	R[6]= 1.002717	R[7]= 1.000425	R[8]= 1.000597	R[9]= 1.004350	R[10]= 1.007805	R[11]= 1.013847	R[12]= 1.002489	R[13]= 1.005605	R[14]= 1.036791	R[15]= 1.002782	R[16]= 1.003496	R[17]= 1.004339	R[18]= 1.000884	R[19]= 1.003367	R[20]= 1.010282	R[21]= 1.014035	R[22]= 1.018675	R[23]= 1.001174	R[24]= 1.002399	
<R>= 1.009623

Mean parameters
A[0]= 9.258113e-01 pm 4.196120e-02
A[1]= 1.035492e+00 pm 3.576030e-02
A[2]= 8.076662e-01 pm 5.769929e-01
A[3]= 3.095905e+00 pm 1.263572e+00
A[4]= -3.167731e+03 pm 3.903195e+03
A[5]= 1.454373e+03 pm 2.573413e+03
A[6]= 9.425542e+01 pm 6.028420e+02
A[7]= 1.898928e+01 pm 1.311721e+01
A[8]= -3.290135e-01 pm 1.826982e-01
A[9]= -6.049312e+03 pm 8.381417e+03
A[10]= 3.064460e+03 pm 5.067434e+03
A[11]= -7.630521e+02 pm 1.079880e+03
A[12]= 3.051240e+01 pm 4.896929e+01
A[13]= -8.013253e-01 pm 9.582966e-01
A[14]= 4.656414e+00 pm 1.756502e+00
A[15]= -8.098816e+03 pm 5.405251e+03
A[16]= 5.562392e+03 pm 3.573474e+03
A[17]= -9.618932e+02 pm 8.392747e+02
A[18]= 1.037603e+01 pm 1.897043e+01
A[19]= 2.908169e-02 pm 2.649536e-01
A[20]= 2.150558e+03 pm 1.214394e+04
A[21]= -1.039357e+03 pm 7.473936e+03
A[22]= -2.747151e+02 pm 1.614550e+03
A[23]= -4.044734e+01 pm 6.857062e+01
A[24]= 6.009007e-01 pm 1.347471e+00

Best-fitting parameters
A[0]= 9.276297e-01
A[1]= 1.006175e+00
A[2]= 6.063636e-01
A[3]= 3.956393e+00
A[4]= -6.861399e+03
A[5]= 3.710599e+03
A[6]= -3.748405e+02
A[7]= 2.240939e+01
A[8]= -3.258234e-01
A[9]= -3.457055e+03
A[10]= 1.739179e+03
A[11]= -5.722189e+02
A[12]= 1.304433e+01
A[13]= -5.057606e-01
A[14]= 5.072408e+00
A[15]= -4.896025e+03
A[16]= 3.853589e+03
A[17]= -6.542359e+02
A[18]= -7.683106e+00
A[19]= 2.254809e-01
A[20]= 3.275696e+03
A[21]= -1.638334e+03
A[22]= -1.751180e+02
A[23]= -3.000932e+01
A[24]= 3.513385e-01
chi2_min= 9.075337e+01


Cross-Covariance parameters
1.000000e+00	-5.717465e-01	-1.539643e-01	1.270125e-01	-2.037603e-03	8.191327e-03	-2.126223e-02	6.536136e-02	-3.039295e-02	-2.436985e-02	3.942346e-02	-7.442232e-02	1.498219e-01	-1.112286e-01	7.368006e-02	9.470247e-02	-9.772793e-02	9.040203e-02	5.221931e-02	-6.258965e-02	2.461269e-02	-1.178463e-02	-2.484537e-02	1.601427e-01	-1.317245e-01	
-5.717465e-01	1.000000e+00	2.105128e-01	-2.265079e-01	1.342163e-02	-1.171357e-02	4.115732e-03	1.064164e-01	-1.232767e-01	1.365845e-02	-1.759601e-02	3.078541e-02	-1.116142e-01	5.877447e-02	-2.467756e-01	-1.769170e-02	2.323309e-02	-3.302380e-02	1.397107e-01	-1.336248e-01	-4.839977e-02	4.427283e-02	-2.213238e-02	-8.248022e-02	5.167179e-02	
-1.539643e-01	2.105128e-01	1.000000e+00	-7.300456e-01	3.805207e-02	-4.123814e-02	5.199846e-02	-7.867329e-02	5.549622e-02	-3.579155e-01	4.788463e-01	-6.165923e-01	-1.716321e-01	3.122700e-01	-7.253444e-01	-5.071316e-02	4.665248e-02	-3.525617e-02	9.447806e-03	-1.469264e-02	-4.584143e-01	5.615405e-01	-6.727719e-01	-1.065670e-01	2.465975e-01	
1.270125e-01	-2.265079e-01	-7.300456e-01	1.000000e+00	-5.361974e-01	5.860927e-01	-6.252602e-01	1.654628e-01	1.168360e-01	1.957568e-01	-2.595800e-01	3.370431e-01	5.923199e-02	-1.126718e-01	5.649176e-01	4.440278e-02	-4.247301e-02	3.577184e-02	-2.283906e-02	2.344951e-02	3.364479e-01	-4.159273e-01	5.018254e-01	9.837210e-02	-2.018908e-01	
-2.037603e-03	1.342163e-02	3.805207e-02	-5.361974e-01	1.000000e+00	-9.862016e-01	9.477191e-01	-6.238012e-01	2.122165e-01	6.596066e-02	-1.077861e-01	1.526470e-01	1.261746e-01	-1.290619e-01	-4.158080e-02	2.418417e-02	-2.730828e-02	2.981205e-02	2.482570e-03	-1.593933e-02	-4.318499e-03	6.494412e-03	-8.696776e-03	2.423769e-03	-2.226619e-03	
8.191327e-03	-1.171357e-02	-4.123814e-02	5.860927e-01	-9.862016e-01	1.000000e+00	-9.870088e-01	5.712231e-01	-1.459335e-01	-7.691858e-02	1.223242e-01	-1.709938e-01	-1.341261e-01	1.490886e-01	4.441526e-02	-2.588857e-02	2.916106e-02	-3.195034e-02	-1.649111e-03	1.652079e-02	4.509161e-03	-6.825649e-03	9.062138e-03	-1.537899e-03	1.237645e-03	
-2.126223e-02	4.115732e-03	5.199846e-02	-6.252602e-01	9.477191e-01	-9.870088e-01	1.000000e+00	-5.103810e-01	8.625983e-02	8.813094e-02	-1.344646e-01	1.838159e-01	1.280549e-01	-1.511891e-01	-5.008697e-02	2.537250e-02	-2.869744e-02	3.200216e-02	-2.378223e-03	-1.360993e-02	-8.346032e-03	1.159593e-02	-1.471412e-02	-1.876352e-03	3.543474e-03	
6.536136e-02	1.064164e-01	-7.867329e-02	1.654628e-01	-6.238012e-01	5.712231e-01	-5.103810e-01	1.000000e+00	-8.768286e-01	1.205778e-01	-1.055181e-01	7.617861e-02	-6.800327e-02	-9.183414e-02	1.793569e-02	2.031268e-02	-2.007963e-02	1.589624e-02	4.764825e-02	-4.991227e-02	4.537966e-02	-5.272753e-02	5.981349e-02	1.133075e-02	-2.799892e-02	
-3.039295e-02	-1.232767e-01	5.549622e-02	1.168360e-01	2.122165e-01	-1.459335e-01	8.625983e-02	-8.768286e-01	1.000000e+00	-1.807274e-01	1.853168e-01	-1.740604e-01	2.242666e-02	1.900418e-01	3.571219e-03	-2.541209e-02	2.665066e-02	-2.415235e-02	-4.421546e-02	5.152001e-02	-4.181275e-02	4.771804e-02	-5.401872e-02	-4.559569e-03	2.063628e-02	
-2.436985e-02	1.365845e-02	-3.579155e-01	1.957568e-01	6.596066e-02	-7.691858e-02	8.813094e-02	1.205778e-01	-1.807274e-01	1.000000e+00	-9.817379e-01	9.090270e-01	-7.253198e-01	5.263398e-01	2.562612e-01	4.190427e-02	-4.314961e-02	4.063179e-02	1.802320e-02	-3.119354e-02	1.881083e-01	-2.333755e-01	2.847581e-01	4.280911e-02	-1.106835e-01	
3.942346e-02	-1.759601e-02	4.788463e-01	-2.595800e-01	-1.077861e-01	1.223242e-01	-1.344646e-01	-1.055181e-01	1.853168e-01	-9.817379e-01	1.000000e+00	-9.709142e-01	6.587760e-01	-4.493765e-01	-3.440693e-01	-5.009839e-02	5.112726e-02	-4.756206e-02	-1.713842e-02	3.125477e-02	-2.488664e-01	3.085095e-01	-3.763727e-01	-5.224963e-02	1.404840e-01	
-7.442232e-02	3.078541e-02	-6.165923e-01	3.370431e-01	1.526470e-01	-1.709938e-01	1.838159e-01	7.617861e-02	-1.740604e-01	9.090270e-01	-9.709142e-01	1.000000e+00	-5.289594e-01	3.173487e-01	4.450424e-01	5.828609e-02	-5.881850e-02	5.401145e-02	1.422959e-02	-2.934553e-02	3.183283e-01	-3.949272e-01	4.826328e-01	6.084198e-02	-1.729774e-01	
1.498219e-01	-1.116142e-01	-1.716321e-01	5.923199e-02	1.261746e-01	-1.341261e-01	1.280549e-01	-6.800327e-02	2.242666e-02	-7.253198e-01	6.587760e-01	-5.289594e-01	1.000000e+00	-9.463682e-01	1.199323e-01	2.266185e-02	-2.218902e-02	1.976601e-02	-5.773965e-03	5.892625e-03	6.981650e-02	-8.315940e-02	9.500751e-02	3.915992e-02	-5.318804e-02	
-1.112286e-01	5.877447e-02	3.122700e-01	-1.126718e-01	-1.290619e-01	1.490886e-01	-1.511891e-01	-9.183414e-02	1.900418e-01	5.263398e-01	-4.493765e-01	3.173487e-01	-9.463682e-01	1.000000e+00	-2.136837e-01	-3.429016e-02	3.395145e-02	-3.004279e-02	-6.641517e-03	9.427711e-03	-1.450157e-01	1.761755e-01	-2.091467e-01	-4.792229e-02	8.968608e-02	
7.368006e-02	-2.467756e-01	-7.253444e-01	5.649176e-01	-4.158080e-02	4.441526e-02	-5.008697e-02	1.793569e-02	3.571219e-03	2.562612e-01	-3.440693e-01	4.450424e-01	1.199323e-01	-2.136837e-01	1.000000e+00	-4.501873e-01	5.051442e-01	-5.491500e-01	-1.193907e-03	2.448189e-01	2.242634e-01	-2.814082e-01	3.493322e-01	2.979047e-02	-8.123559e-02	
9.470247e-02	-1.769170e-02	-5.071316e-02	4.440278e-02	2.418417e-02	-2.588857e-02	2.537250e-02	2.031268e-02	-2.541209e-02	4.190427e-02	-5.009839e-02	5.828609e-02	2.266185e-02	-3.429016e-02	-4.501873e-01	1.000000e+00	-9.849844e-01	9.428709e-01	-5.318845e-01	1.359159e-01	2.074509e-01	-2.454084e-01	2.776818e-01	7.917931e-02	-1.349520e-01	
-9.772793e-02	2.323309e-02	4.665248e-02	-4.247301e-02	-2.730828e-02	2.916106e-02	-2.869744e-02	-2.007963e-02	2.665066e-02	-4.314961e-02	5.112726e-02	-5.881850e-02	-2.218902e-02	3.395145e-02	5.051442e-01	-9.849844e-01	1.000000e+00	-9.857769e-01	4.623565e-01	-5.383742e-02	-2.162884e-01	2.584761e-01	-2.948788e-01	-9.551518e-02	1.606987e-01	
9.040203e-02	-3.302380e-02	-3.525617e-02	3.577184e-02	2.981205e-02	-3.195034e-02	3.200216e-02	1.589624e-02	-2.415235e-02	4.063179e-02	-4.756206e-02	5.401145e-02	1.976601e-02	-3.004279e-02	-5.491500e-01	9.428709e-01	-9.857769e-01	1.000000e+00	-3.847070e-01	-2.246113e-02	2.167097e-01	-2.613001e-01	3.002914e-01	1.048896e-01	-1.755513e-01	
5.221931e-02	1.397107e-01	9.447806e-03	-2.283906e-02	2.482570e-03	-1.649111e-03	-2.378223e-03	4.764825e-02	-4.421546e-02	1.802320e-02	-1.713842e-02	1.422959e-02	-5.773965e-03	-6.641517e-03	-1.193907e-03	-5.318845e-01	4.623565e-01	-3.847070e-01	1.000000e+00	-8.953527e-01	-1.958902e-02	2.778333e-02	-3.695765e-02	6.561818e-02	-1.358968e-01	
-6.258965e-02	-1.336248e-01	-1.469264e-02	2.344951e-02	-1.593933e-02	1.652079e-02	-1.360993e-02	-4.991227e-02	5.152001e-02	-3.119354e-02	3.125477e-02	-2.934553e-02	5.892625e-03	9.427711e-03	2.448189e-01	1.359159e-01	-5.383742e-02	-2.246113e-02	-8.953527e-01	1.000000e+00	-6.730312e-02	7.494548e-02	-7.844915e-02	-1.111943e-01	2.262938e-01	
2.461269e-02	-4.839977e-02	-4.584143e-01	3.364479e-01	-4.318499e-03	4.509161e-03	-8.346032e-03	4.537966e-02	-4.181275e-02	1.881083e-01	-2.488664e-01	3.183283e-01	6.981650e-02	-1.450157e-01	2.242634e-01	2.074509e-01	-2.162884e-01	2.167097e-01	-1.958902e-02	-6.730312e-02	1.000000e+00	-9.841385e-01	9.227749e-01	-6.806283e-01	4.960002e-01	
-1.178463e-02	4.427283e-02	5.615405e-01	-4.159273e-01	6.494412e-03	-6.825649e-03	1.159593e-02	-5.272753e-02	4.771804e-02	-2.333755e-01	3.085095e-01	-3.949272e-01	-8.315940e-02	1.761755e-01	-2.814082e-01	-2.454084e-01	2.584761e-01	-2.613001e-01	2.778333e-02	7.494548e-02	-9.841385e-01	1.000000e+00	-9.757724e-01	6.148066e-01	-4.197730e-01	
-2.484537e-02	-2.213238e-02	-6.727719e-01	5.018254e-01	-8.696776e-03	9.062138e-03	-1.471412e-02	5.981349e-02	-5.401872e-02	2.847581e-01	-3.763727e-01	4.826328e-01	9.500751e-02	-2.091467e-01	3.493322e-01	2.776818e-01	-2.948788e-01	3.002914e-01	-3.695765e-02	-7.844915e-02	9.227749e-01	-9.757724e-01	1.000000e+00	-4.966074e-01	2.967211e-01	
1.601427e-01	-8.248022e-02	-1.065670e-01	9.837210e-02	2.423769e-03	-1.537899e-03	-1.876352e-03	1.133075e-02	-4.559569e-03	4.280911e-02	-5.224963e-02	6.084198e-02	3.915992e-02	-4.792229e-02	2.979047e-02	7.917931e-02	-9.551518e-02	1.048896e-01	6.561818e-02	-1.111943e-01	-6.806283e-01	6.148066e-01	-4.966074e-01	1.000000e+00	-9.611464e-01	
-1.317245e-01	5.167179e-02	2.465975e-01	-2.018908e-01	-2.226619e-03	1.237645e-03	3.543474e-03	-2.799892e-02	2.063628e-02	-1.106835e-01	1.404840e-01	-1.729774e-01	-5.318804e-02	8.968608e-02	-8.123559e-02	-1.349520e-01	1.606987e-01	-1.755513e-01	-1.358968e-01	2.262938e-01	4.960002e-01	-4.197730e-01	2.967211e-01	-9.611464e-01	1.000000e+00	

Time taken for mcmc chain: 3.235000 hours
