Number of steps: 14868987
Number of accepted steps: 1000000
Burn-in number of steps: 320000
Accepted fraction of steps: 0.067254
Convergence Status
R[0]= 1.000222	R[1]= 1.004424	R[2]= 1.003385	R[3]= 1.001892	R[4]= 1.000446	R[5]= 1.000570	R[6]= 1.000640	R[7]= 1.000887	R[8]= 1.000600	R[9]= 1.000444	R[10]= 1.000733	R[11]= 1.001086	R[12]= 1.000130	R[13]= 1.000035	R[14]= 1.001349	R[15]= 1.002942	R[16]= 1.003256	R[17]= 1.003481	R[18]= 1.001610	R[19]= 1.003217	R[20]= 1.001159	R[21]= 1.002048	R[22]= 1.003328	R[23]= 1.000662	R[24]= 1.001210	
<R>= 1.001590

Mean parameters
A[0]= 9.246529e-01 pm 3.445345e-02
A[1]= 1.046430e+00 pm 3.025501e-02
A[2]= 6.505025e-01 pm 4.477294e-01
A[3]= 3.220996e+00 pm 1.092521e+00
A[4]= -3.829661e+03 pm 3.789932e+03
A[5]= 1.877407e+03 pm 2.487552e+03
A[6]= 7.555051e+00 pm 5.818060e+02
A[7]= 1.626862e+01 pm 1.312390e+01
A[8]= -2.641952e-01 pm 1.805555e-01
A[9]= -3.841080e+03 pm 8.375067e+03
A[10]= 1.639936e+03 pm 5.023575e+03
A[11]= -4.288752e+02 pm 1.052851e+03
A[12]= 1.882853e+01 pm 4.878492e+01
A[13]= -5.465327e-01 pm 9.406549e-01
A[14]= 4.632179e+00 pm 1.497408e+00
A[15]= -6.718847e+03 pm 5.327305e+03
A[16]= 4.887251e+03 pm 3.502984e+03
A[17]= -8.542163e+02 pm 8.207557e+02
A[18]= 1.277199e+00 pm 1.917141e+01
A[19]= 1.554635e-01 pm 2.638557e-01
A[20]= 5.866746e+03 pm 1.162839e+04
A[21]= -3.308843e+03 pm 7.079156e+03
A[22]= 2.192643e+02 pm 1.513827e+03
A[23]= -5.018395e+01 pm 6.719740e+01
A[24]= 7.224537e-01 pm 1.318396e+00

Best-fitting parameters
A[0]= 9.265984e-01
A[1]= 1.042237e+00
A[2]= 8.290103e-01
A[3]= 2.578658e+00
A[4]= -2.778772e+03
A[5]= 1.149075e+03
A[6]= 1.916998e+02
A[7]= 1.270884e+01
A[8]= -2.374003e-01
A[9]= -6.717880e+03
A[10]= 3.818325e+03
A[11]= -9.765326e+02
A[12]= 3.362525e+01
A[13]= -7.814678e-01
A[14]= 3.803254e+00
A[15]= -7.660109e+03
A[16]= 5.079937e+03
A[17]= -8.092315e+02
A[18]= 8.196458e+00
A[19]= 3.326201e-02
A[20]= 2.151674e+03
A[21]= -1.333411e+03
A[22]= -1.875326e+02
A[23]= -6.283387e+01
A[24]= 1.012134e+00
chi2_min= 8.801019e+01


Cross-Covariance parameters
1.000000e+00	-5.030076e-01	-1.494464e-01	8.880914e-02	1.342162e-02	-1.336840e-02	5.201101e-03	6.644410e-02	-5.084686e-02	-1.774070e-02	3.059725e-02	-6.196762e-02	1.356230e-01	-1.065479e-01	4.448143e-02	9.182755e-02	-9.322105e-02	8.515229e-02	5.581993e-02	-7.134304e-02	1.544455e-02	-6.018620e-03	-2.499927e-02	1.428122e-01	-1.215266e-01	
-5.030076e-01	1.000000e+00	1.618786e-01	-1.552841e-01	-3.317882e-02	4.013313e-02	-5.371559e-02	1.338584e-01	-1.181024e-01	2.525534e-02	-3.114963e-02	4.614046e-02	-1.100228e-01	6.166075e-02	-2.099064e-01	-1.962208e-02	2.090179e-02	-2.871698e-02	1.466757e-01	-1.373925e-01	-5.757695e-03	3.004514e-04	1.807589e-02	-9.217311e-02	5.814287e-02	
-1.494464e-01	1.618786e-01	1.000000e+00	-7.138705e-01	3.535339e-02	-3.657649e-02	4.369846e-02	-5.127301e-02	1.074449e-02	-3.633140e-01	4.766149e-01	-6.114871e-01	-1.100132e-01	2.368439e-01	-6.623473e-01	-1.037566e-01	1.120289e-01	-1.110458e-01	-2.610167e-02	5.133873e-02	-4.179545e-01	5.329354e-01	-6.637557e-01	-1.503108e-01	2.948819e-01	
8.880914e-02	-1.552841e-01	-7.138705e-01	1.000000e+00	-5.411049e-01	5.951750e-01	-6.363853e-01	1.616771e-01	1.320255e-01	2.056686e-01	-2.656794e-01	3.427216e-01	1.145956e-02	-6.104732e-02	5.068169e-01	6.344808e-02	-6.834757e-02	6.779490e-02	9.619202e-03	-2.292991e-02	3.059313e-01	-3.886905e-01	4.830816e-01	1.087020e-01	-2.132310e-01	
1.342162e-02	-3.317882e-02	3.535339e-02	-5.411049e-01	1.000000e+00	-9.854012e-01	9.445982e-01	-6.512902e-01	2.560367e-01	5.036257e-02	-8.750351e-02	1.266113e-01	1.060785e-01	-9.672305e-02	-2.196822e-02	1.218662e-02	-1.408129e-02	1.596224e-02	-4.155823e-03	-5.445563e-03	-1.105166e-02	1.201543e-02	-1.407725e-02	2.833508e-03	-7.464814e-04	
-1.336840e-02	4.013313e-02	-3.657649e-02	5.951750e-01	-9.854012e-01	1.000000e+00	-9.862039e-01	5.979224e-01	-1.866815e-01	-5.960072e-02	9.979334e-02	-1.422194e-01	-1.167482e-01	1.197639e-01	2.255578e-02	-1.433559e-02	1.657510e-02	-1.880250e-02	7.205444e-03	3.515598e-03	1.210571e-02	-1.282829e-02	1.461477e-02	-4.487696e-03	2.147073e-03	
5.201101e-03	-5.371559e-02	4.369846e-02	-6.363853e-01	9.445982e-01	-9.862039e-01	1.000000e+00	-5.340791e-01	1.221523e-01	6.964528e-02	-1.105393e-01	1.534717e-01	1.151273e-01	-1.271482e-01	-2.400124e-02	1.333785e-02	-1.563837e-02	1.829277e-02	-1.391783e-02	3.072898e-03	-1.662930e-02	1.796867e-02	-2.031318e-02	4.050564e-03	3.944233e-06	
6.644410e-02	1.338584e-01	-5.127301e-02	1.616771e-01	-6.512902e-01	5.979224e-01	-5.340791e-01	1.000000e+00	-8.803855e-01	9.932506e-02	-8.224574e-02	5.305324e-02	-5.400690e-02	-1.041018e-01	-1.225827e-02	3.008709e-02	-3.178632e-02	2.941184e-02	3.688679e-02	-4.294678e-02	3.054559e-02	-3.654713e-02	4.331276e-02	9.791297e-03	-1.901148e-02	
-5.084686e-02	-1.181024e-01	1.074449e-02	1.320255e-01	2.560367e-01	-1.866815e-01	1.221523e-01	-8.803855e-01	1.000000e+00	-1.437396e-01	1.414570e-01	-1.243364e-01	1.656123e-02	1.885916e-01	4.094298e-02	-3.636517e-02	3.984640e-02	-3.984811e-02	-2.825877e-02	4.034721e-02	-1.731927e-02	2.057810e-02	-2.420717e-02	-5.814836e-03	1.073541e-02	
-1.774070e-02	2.525534e-02	-3.633140e-01	2.056686e-01	5.036257e-02	-5.960072e-02	6.964528e-02	9.932506e-02	-1.437396e-01	1.000000e+00	-9.834591e-01	9.166532e-01	-7.635764e-01	5.834301e-01	2.407524e-01	3.584995e-02	-4.261424e-02	4.564677e-02	2.598981e-02	-3.799777e-02	1.563924e-01	-2.045819e-01	2.615718e-01	6.151317e-02	-1.233488e-01	
3.059725e-02	-3.114963e-02	4.766149e-01	-2.656794e-01	-8.750351e-02	9.979334e-02	-1.105393e-01	-8.224574e-02	1.414570e-01	-9.834591e-01	1.000000e+00	-9.730792e-01	7.142437e-01	-5.263678e-01	-3.186138e-01	-4.909553e-02	5.657647e-02	-5.926180e-02	-2.792055e-02	4.372453e-02	-2.076903e-01	2.707547e-01	-3.452526e-01	-7.567239e-02	1.565870e-01	
-6.196762e-02	4.614046e-02	-6.114871e-01	3.427216e-01	1.266113e-01	-1.422194e-01	1.534717e-01	5.305324e-02	-1.243364e-01	9.166532e-01	-9.730792e-01	1.000000e+00	-6.050039e-01	4.163709e-01	4.123476e-01	6.341766e-02	-7.163688e-02	7.391974e-02	2.909226e-02	-4.906124e-02	2.705803e-01	-3.515600e-01	4.473930e-01	8.927583e-02	-1.937399e-01	
1.356230e-01	-1.100228e-01	-1.100132e-01	1.145956e-02	1.060785e-01	-1.167482e-01	1.151273e-01	-5.400690e-02	1.656123e-02	-7.635764e-01	7.142437e-01	-6.050039e-01	1.000000e+00	-9.492358e-01	7.214561e-02	3.423924e-02	-3.459239e-02	3.297913e-02	-6.870188e-03	-2.710115e-03	5.346156e-02	-6.260803e-02	6.996720e-02	2.306096e-02	-3.341743e-02	
-1.065479e-01	6.166075e-02	2.368439e-01	-6.104732e-02	-9.672305e-02	1.197639e-01	-1.271482e-01	-1.041018e-01	1.885916e-01	5.834301e-01	-5.263678e-01	4.163709e-01	-9.492358e-01	1.000000e+00	-1.486131e-01	-5.212689e-02	5.541696e-02	-5.505171e-02	-6.005916e-03	2.186155e-02	-1.149976e-01	1.420853e-01	-1.712103e-01	-3.913783e-02	7.353637e-02	
4.448143e-02	-2.099064e-01	-6.623473e-01	5.068169e-01	-2.196822e-02	2.255578e-02	-2.400124e-02	-1.225827e-02	4.094298e-02	2.407524e-01	-3.186138e-01	4.123476e-01	7.214561e-02	-1.486131e-01	1.000000e+00	-4.713586e-01	5.277018e-01	-5.714911e-01	5.124892e-02	1.969914e-01	1.777464e-01	-2.338201e-01	3.064458e-01	4.277922e-02	-9.440899e-02	
9.182755e-02	-1.962208e-02	-1.037566e-01	6.344808e-02	1.218662e-02	-1.433559e-02	1.333785e-02	3.008709e-02	-3.636517e-02	3.584995e-02	-4.909553e-02	6.341766e-02	3.423924e-02	-5.212689e-02	-4.713586e-01	1.000000e+00	-9.845196e-01	9.408221e-01	-5.680720e-01	1.911478e-01	1.966311e-01	-2.363233e-01	2.702086e-01	6.397156e-02	-1.048252e-01	
-9.322105e-02	2.090179e-02	1.120289e-01	-6.834757e-02	-1.408129e-02	1.657510e-02	-1.563837e-02	-3.178632e-02	3.984640e-02	-4.261424e-02	5.657647e-02	-7.163688e-02	-3.459239e-02	5.541696e-02	5.277018e-01	-9.845196e-01	1.000000e+00	-9.851865e-01	4.993104e-01	-1.081329e-01	-2.079311e-01	2.529492e-01	-2.922283e-01	-8.000586e-02	1.310051e-01	
8.515229e-02	-2.871698e-02	-1.110458e-01	6.779490e-02	1.596224e-02	-1.880250e-02	1.829277e-02	2.941184e-02	-3.984811e-02	4.564677e-02	-5.926180e-02	7.391974e-02	3.297913e-02	-5.505171e-02	-5.714911e-01	9.408221e-01	-9.851865e-01	1.000000e+00	-4.207419e-01	2.935468e-02	2.116372e-01	-2.599861e-01	3.028980e-01	8.924031e-02	-1.467179e-01	
5.581993e-02	1.466757e-01	-2.610167e-02	9.619202e-03	-4.155823e-03	7.205444e-03	-1.391783e-02	3.688679e-02	-2.825877e-02	2.598981e-02	-2.792055e-02	2.909226e-02	-6.870188e-03	-6.005916e-03	5.124892e-02	-5.680720e-01	4.993104e-01	-4.207419e-01	1.000000e+00	-9.008187e-01	-1.297450e-02	1.691005e-02	-2.125252e-02	7.501911e-02	-1.531636e-01	
-7.134304e-02	-1.373925e-01	5.133873e-02	-2.292991e-02	-5.445563e-03	3.515598e-03	3.072898e-03	-4.294678e-02	4.034721e-02	-3.799777e-02	4.372453e-02	-4.906124e-02	-2.710115e-03	2.186155e-02	1.969914e-01	1.911478e-01	-1.081329e-01	2.935468e-02	-9.008187e-01	1.000000e+00	-6.646501e-02	7.902168e-02	-8.778846e-02	-1.181214e-01	2.351987e-01	
1.544455e-02	-5.757695e-03	-4.179545e-01	3.059313e-01	-1.105166e-02	1.210571e-02	-1.662930e-02	3.054559e-02	-1.731927e-02	1.563924e-01	-2.076903e-01	2.705803e-01	5.346156e-02	-1.149976e-01	1.777464e-01	1.966311e-01	-2.079311e-01	2.116372e-01	-1.297450e-02	-6.646501e-02	1.000000e+00	-9.833846e-01	9.176433e-01	-7.029204e-01	5.258605e-01	
-6.018620e-03	3.004514e-04	5.329354e-01	-3.886905e-01	1.201543e-02	-1.282829e-02	1.796867e-02	-3.654713e-02	2.057810e-02	-2.045819e-01	2.707547e-01	-3.515600e-01	-6.260803e-02	1.420853e-01	-2.338201e-01	-2.363233e-01	2.529492e-01	-2.599861e-01	1.691005e-02	7.902168e-02	-9.833846e-01	1.000000e+00	-9.737586e-01	6.399764e-01	-4.527536e-01	
-2.499927e-02	1.807589e-02	-6.637557e-01	4.830816e-01	-1.407725e-02	1.461477e-02	-2.031318e-02	4.331276e-02	-2.420717e-02	2.615718e-01	-3.452526e-01	4.473930e-01	6.996720e-02	-1.712103e-01	3.064458e-01	2.702086e-01	-2.922283e-01	3.028980e-01	-2.125252e-02	-8.778846e-02	9.176433e-01	-9.737586e-01	1.000000e+00	-5.194047e-01	3.278571e-01	
1.428122e-01	-9.217311e-02	-1.503108e-01	1.087020e-01	2.833508e-03	-4.487696e-03	4.050564e-03	9.791297e-03	-5.814836e-03	6.151317e-02	-7.567239e-02	8.927583e-02	2.306096e-02	-3.913783e-02	4.277922e-02	6.397156e-02	-8.000586e-02	8.924031e-02	7.501911e-02	-1.181214e-01	-7.029204e-01	6.399764e-01	-5.194047e-01	1.000000e+00	-9.622965e-01	
-1.215266e-01	5.814287e-02	2.948819e-01	-2.132310e-01	-7.464814e-04	2.147073e-03	3.944233e-06	-1.901148e-02	1.073541e-02	-1.233488e-01	1.565870e-01	-1.937399e-01	-3.341743e-02	7.353637e-02	-9.440899e-02	-1.048252e-01	1.310051e-01	-1.467179e-01	-1.531636e-01	2.351987e-01	5.258605e-01	-4.527536e-01	3.278571e-01	-9.622965e-01	1.000000e+00	

Time taken for mcmc chain: 1.116944 hours
