Number of steps: 27662890
Number of accepted steps: 1000000
Burn-in number of steps: 320000
Accepted fraction of steps: 0.036150
Convergence Status
R[0]= 1.000228	R[1]= 1.002354	R[2]= 1.022919	R[3]= 1.047619	R[4]= 1.015646	R[5]= 1.017490	R[6]= 1.018681	R[7]= 1.002973	R[8]= 1.000501	R[9]= 1.002435	R[10]= 1.003977	R[11]= 1.006398	R[12]= 1.000133	R[13]= 1.000907	R[14]= 1.028973	R[15]= 1.005150	R[16]= 1.006087	R[17]= 1.006864	R[18]= 1.000807	R[19]= 1.000300	R[20]= 1.003236	R[21]= 1.004856	R[22]= 1.007278	R[23]= 1.000740	R[24]= 1.001221	
<R>= 1.008311

Mean parameters
A[0]= 9.715515e-01 pm 2.910467e-02
A[1]= 1.061980e+00 pm 2.428369e-02
A[2]= 6.284312e-01 pm 3.795519e-01
A[3]= 5.295575e+00 pm 1.485646e+00
A[4]= -4.046649e+03 pm 3.701653e+03
A[5]= 2.460666e+03 pm 2.420450e+03
A[6]= -1.999393e+02 pm 5.681273e+02
A[7]= 3.021344e+00 pm 1.329077e+01
A[8]= -3.595261e-03 pm 1.769245e-01
A[9]= 1.112034e+03 pm 8.602617e+03
A[10]= -1.046927e+03 pm 5.247124e+03
A[11]= 2.632377e+01 pm 1.133866e+03
A[12]= -3.788576e+01 pm 4.851915e+01
A[13]= 9.246863e-01 pm 9.378573e-01
A[14]= 6.639226e+00 pm 1.962774e+00
A[15]= -5.450129e+03 pm 5.078847e+03
A[16]= 4.567032e+03 pm 3.326133e+03
A[17]= -8.935849e+02 pm 7.837115e+02
A[18]= 1.689168e+00 pm 1.943605e+01
A[19]= 1.313915e-01 pm 2.582912e-01
A[20]= 8.551398e+03 pm 1.173206e+04
A[21]= -4.063540e+03 pm 7.060148e+03
A[22]= 1.767055e+02 pm 1.491698e+03
A[23]= -4.519325e+01 pm 6.805077e+01
A[24]= 4.894549e-01 pm 1.312069e+00

Best-fitting parameters
A[0]= 9.662595e-01
A[1]= 1.066672e+00
A[2]= 7.780436e-01
A[3]= 4.296743e+00
A[4]= -4.452571e+03
A[5]= 2.444298e+03
A[6]= -1.250434e+02
A[7]= 9.248471e+00
A[8]= -1.112464e-01
A[9]= -2.493655e+03
A[10]= 1.153117e+03
A[11]= -4.320923e+02
A[12]= -3.028980e+01
A[13]= 8.233156e-01
A[14]= 5.704322e+00
A[15]= -3.190306e+03
A[16]= 3.303984e+03
A[17]= -6.672670e+02
A[18]= -5.278832e+00
A[19]= 1.771244e-01
A[20]= 4.055646e+03
A[21]= -5.665961e+02
A[22]= -7.442672e+02
A[23]= -4.318939e+00
A[24]= -2.378022e-01
chi2_min= 1.058696e+02


Cross-Covariance parameters
1.000000e+00	-4.715298e-01	-1.745445e-01	9.322977e-02	3.199609e-02	-3.809722e-02	3.380830e-02	7.022592e-02	-7.243911e-02	-1.258294e-02	1.147090e-02	-2.521132e-02	1.529860e-01	-1.319159e-01	5.753626e-02	7.717616e-02	-8.254728e-02	7.827877e-02	6.049794e-02	-8.003446e-02	2.135386e-03	-3.924536e-03	-1.027386e-02	1.535540e-01	-1.436220e-01	
-4.715298e-01	1.000000e+00	1.709576e-01	-2.096863e-01	2.192210e-02	-1.334610e-02	-3.661929e-03	1.015239e-01	-1.086959e-01	1.016082e-02	-1.201885e-02	2.039263e-02	-1.056271e-01	6.312656e-02	-2.031376e-01	6.476550e-03	-1.060568e-03	-1.133502e-02	1.105623e-01	-1.129392e-01	-1.468688e-02	1.449039e-02	-3.438960e-03	-6.836071e-02	4.306249e-02	
-1.745445e-01	1.709576e-01	1.000000e+00	-7.384365e-01	-3.100292e-02	3.681030e-02	-3.416314e-02	-3.784921e-02	4.719998e-02	-4.275692e-01	5.514926e-01	-6.899094e-01	-9.702746e-02	2.708097e-01	-6.981559e-01	-3.701186e-02	3.767556e-02	-3.164079e-02	-2.720693e-02	2.932949e-02	-3.806764e-01	4.952773e-01	-6.351135e-01	-1.115508e-01	2.563520e-01	
9.322977e-02	-2.096863e-01	-7.384365e-01	1.000000e+00	-4.782482e-01	5.273715e-01	-5.658689e-01	1.983481e-01	4.643954e-02	2.481662e-01	-3.215385e-01	4.063351e-01	3.384492e-02	-1.253777e-01	6.222117e-01	-4.103084e-02	4.827561e-02	-5.647853e-02	1.558440e-02	1.642266e-02	2.893402e-01	-3.743537e-01	4.784578e-01	7.080130e-02	-1.763501e-01	
3.199609e-02	2.192210e-02	-3.100292e-02	-4.782482e-01	1.000000e+00	-9.846517e-01	9.408050e-01	-7.050317e-01	3.378037e-01	7.383972e-02	-1.122316e-01	1.553670e-01	8.813012e-02	-8.138088e-02	-5.453078e-02	6.767787e-02	-7.574421e-02	8.060057e-02	-1.203902e-02	-2.039726e-02	1.649993e-02	-2.194231e-02	2.801691e-02	5.963338e-03	-1.308584e-02	
-3.809722e-02	-1.334610e-02	3.681030e-02	5.273715e-01	-9.846517e-01	1.000000e+00	-9.849982e-01	6.598748e-01	-2.743347e-01	-8.656608e-02	1.287673e-01	-1.760669e-01	-9.552877e-02	1.011602e-01	5.786541e-02	-7.519026e-02	8.441824e-02	-9.016291e-02	1.310606e-02	2.342494e-02	-1.954382e-02	2.564715e-02	-3.242668e-02	-8.329994e-03	1.651432e-02	
3.380830e-02	-3.661929e-03	-3.416314e-02	-5.658689e-01	9.408050e-01	-9.849982e-01	1.000000e+00	-5.992240e-01	2.108411e-01	9.987671e-02	-1.432722e-01	1.915638e-01	9.049327e-02	-1.052763e-01	-6.270989e-02	7.896826e-02	-8.915794e-02	9.601357e-02	-1.679259e-02	-2.243983e-02	1.883896e-02	-2.454226e-02	3.086925e-02	8.797915e-03	-1.639307e-02	
7.022592e-02	1.015239e-01	-3.784921e-02	1.983481e-01	-7.050317e-01	6.598748e-01	-5.992240e-01	1.000000e+00	-8.851599e-01	8.435742e-02	-6.459589e-02	3.160277e-02	-6.462631e-02	-8.118618e-02	2.705464e-02	-6.825005e-03	1.009705e-02	-1.571185e-02	3.842542e-02	-3.109939e-02	9.105482e-03	-1.356401e-02	1.880579e-02	2.257005e-02	-3.067085e-02	
-7.243911e-02	-1.086959e-01	4.719998e-02	4.643954e-02	3.378037e-01	-2.743347e-01	2.108411e-01	-8.851599e-01	1.000000e+00	-1.475827e-01	1.437656e-01	-1.253513e-01	3.612947e-02	1.637802e-01	4.840122e-04	-2.496782e-02	2.551270e-02	-2.241088e-02	-2.943304e-02	3.748352e-02	-1.609785e-02	2.261154e-02	-3.027501e-02	-2.351967e-02	3.410685e-02	
-1.258294e-02	1.016082e-02	-4.275692e-01	2.481662e-01	7.383972e-02	-8.656608e-02	9.987671e-02	8.435742e-02	-1.475827e-01	1.000000e+00	-9.822507e-01	9.125905e-01	-7.523449e-01	5.490458e-01	2.924773e-01	2.919857e-02	-2.916792e-02	2.623015e-02	6.535850e-03	-1.165991e-02	1.713623e-01	-2.252560e-01	2.927691e-01	3.786215e-02	-1.051717e-01	
1.147090e-02	-1.201885e-02	5.514926e-01	-3.215385e-01	-1.122316e-01	1.287673e-01	-1.432722e-01	-6.459589e-02	1.437656e-01	-9.822507e-01	1.000000e+00	-9.723266e-01	6.916907e-01	-4.768317e-01	-3.801287e-01	-3.417491e-02	3.444953e-02	-3.090037e-02	-1.079625e-02	1.665438e-02	-2.239518e-01	2.929093e-01	-3.792014e-01	-4.727254e-02	1.346059e-01	
-2.521132e-02	2.039263e-02	-6.899094e-01	4.063351e-01	1.553670e-01	-1.760669e-01	1.915638e-01	3.160277e-02	-1.253513e-01	9.125905e-01	-9.723266e-01	1.000000e+00	-5.679798e-01	3.486944e-01	4.799219e-01	3.767926e-02	-3.825433e-02	3.411209e-02	1.518149e-02	-2.135870e-02	2.838427e-01	-3.698693e-01	4.776781e-01	5.586241e-02	-1.663190e-01	
1.529860e-01	-1.056271e-01	-9.702746e-02	3.384492e-02	8.813012e-02	-9.552877e-02	9.049327e-02	-6.462631e-02	3.612947e-02	-7.523449e-01	6.916907e-01	-5.679798e-01	1.000000e+00	-9.439006e-01	7.191642e-02	1.542419e-03	-3.029414e-03	2.797519e-03	1.244825e-02	-1.373104e-02	2.814607e-02	-3.528498e-02	4.181383e-02	3.280582e-02	-4.304253e-02	
-1.319159e-01	6.312656e-02	2.708097e-01	-1.253777e-01	-8.138088e-02	1.011602e-01	-1.052763e-01	-8.118618e-02	1.637802e-01	5.490458e-01	-4.768317e-01	3.486944e-01	-9.439006e-01	1.000000e+00	-1.901603e-01	-1.025437e-02	1.166246e-02	-9.721793e-03	-2.168191e-02	2.440210e-02	-1.006986e-01	1.298761e-01	-1.645266e-01	-4.680038e-02	8.684107e-02	
5.753626e-02	-2.031376e-01	-6.981559e-01	6.222117e-01	-5.453078e-02	5.786541e-02	-6.270989e-02	2.705464e-02	4.840122e-04	2.924773e-01	-3.801287e-01	4.799219e-01	7.191642e-02	-1.901603e-01	1.000000e+00	-4.822486e-01	5.483134e-01	-5.997489e-01	1.069515e-01	1.433242e-01	1.734991e-01	-2.304269e-01	3.066401e-01	4.199078e-02	-9.946222e-02	
7.717616e-02	6.476550e-03	-3.701186e-02	-4.103084e-02	6.767787e-02	-7.519026e-02	7.896826e-02	-6.825005e-03	-2.496782e-02	2.919857e-02	-3.417491e-02	3.767926e-02	1.542419e-03	-1.025437e-02	-4.822486e-01	1.000000e+00	-9.825580e-01	9.324630e-01	-6.536845e-01	3.069246e-01	1.592025e-01	-1.943006e-01	2.280416e-01	1.265382e-02	-3.954773e-02	
-8.254728e-02	-1.060568e-03	3.767556e-02	4.827561e-02	-7.574421e-02	8.441824e-02	-8.915794e-02	1.009705e-02	2.551270e-02	-2.916792e-02	3.444953e-02	-3.825433e-02	-3.029414e-03	1.166246e-02	5.483134e-01	-9.825580e-01	1.000000e+00	-9.828644e-01	5.913432e-01	-2.251840e-01	-1.691927e-01	2.092262e-01	-2.483522e-01	-2.490279e-02	6.205053e-02	
7.827877e-02	-1.133502e-02	-3.164079e-02	-5.647853e-02	8.060057e-02	-9.016291e-02	9.601357e-02	-1.571185e-02	-2.241088e-02	2.623015e-02	-3.090037e-02	3.411209e-02	2.797519e-03	-9.721793e-03	-5.997489e-01	9.324630e-01	-9.828644e-01	1.000000e+00	-5.107082e-01	1.401290e-01	1.727051e-01	-2.157495e-01	2.584035e-01	3.229442e-02	-7.651077e-02	
6.049794e-02	1.105623e-01	-2.720693e-02	1.558440e-02	-1.203902e-02	1.310606e-02	-1.679259e-02	3.842542e-02	-2.943304e-02	6.535850e-03	-1.079625e-02	1.518149e-02	1.244825e-02	-2.168191e-02	1.069515e-01	-6.536845e-01	5.913432e-01	-5.107082e-01	1.000000e+00	-9.056646e-01	-2.605468e-02	3.455606e-02	-4.377676e-02	6.941634e-02	-1.423183e-01	
-8.003446e-02	-1.129392e-01	2.932949e-02	1.642266e-02	-2.039726e-02	2.342494e-02	-2.243983e-02	-3.109939e-02	3.748352e-02	-1.165991e-02	1.665438e-02	-2.135870e-02	-1.373104e-02	2.440210e-02	1.433242e-01	3.069246e-01	-2.251840e-01	1.401290e-01	-9.056646e-01	1.000000e+00	-4.383519e-02	5.012808e-02	-5.390677e-02	-8.993814e-02	2.007413e-01	
2.135386e-03	-1.468688e-02	-3.806764e-01	2.893402e-01	1.649993e-02	-1.954382e-02	1.883896e-02	9.105482e-03	-1.609785e-02	1.713623e-01	-2.239518e-01	2.838427e-01	2.814607e-02	-1.006986e-01	1.734991e-01	1.592025e-01	-1.691927e-01	1.727051e-01	-2.605468e-02	-4.383519e-02	1.000000e+00	-9.841712e-01	9.184040e-01	-7.647041e-01	6.029183e-01	
-3.924536e-03	1.449039e-02	4.952773e-01	-3.743537e-01	-2.194231e-02	2.564715e-02	-2.454226e-02	-1.356401e-02	2.261154e-02	-2.252560e-01	2.929093e-01	-3.698693e-01	-3.528498e-02	1.298761e-01	-2.304269e-01	-1.943006e-01	2.092262e-01	-2.157495e-01	3.455606e-02	5.012808e-02	-9.841712e-01	1.000000e+00	-9.731480e-01	7.142695e-01	-5.417621e-01	
-1.027386e-02	-3.438960e-03	-6.351135e-01	4.784578e-01	2.801691e-02	-3.242668e-02	3.086925e-02	1.880579e-02	-3.027501e-02	2.927691e-01	-3.792014e-01	4.776781e-01	4.181383e-02	-1.645266e-01	3.066401e-01	2.280416e-01	-2.483522e-01	2.584035e-01	-4.377676e-02	-5.390677e-02	9.184040e-01	-9.731480e-01	1.000000e+00	-6.008419e-01	4.216989e-01	
1.535540e-01	-6.836071e-02	-1.115508e-01	7.080130e-02	5.963338e-03	-8.329994e-03	8.797915e-03	2.257005e-02	-2.351967e-02	3.786215e-02	-4.727254e-02	5.586241e-02	3.280582e-02	-4.680038e-02	4.199078e-02	1.265382e-02	-2.490279e-02	3.229442e-02	6.941634e-02	-8.993814e-02	-7.647041e-01	7.142695e-01	-6.008419e-01	1.000000e+00	-9.636012e-01	
-1.436220e-01	4.306249e-02	2.563520e-01	-1.763501e-01	-1.308584e-02	1.651432e-02	-1.639307e-02	-3.067085e-02	3.410685e-02	-1.051717e-01	1.346059e-01	-1.663190e-01	-4.304253e-02	8.684107e-02	-9.946222e-02	-3.954773e-02	6.205053e-02	-7.651077e-02	-1.423183e-01	2.007413e-01	6.029183e-01	-5.417621e-01	4.216989e-01	-9.636012e-01	1.000000e+00	

Time taken for mcmc chain: 2.226111 hours
