Number of steps: 4897436
Number of accepted steps: 1000000
Burn-in number of steps: 320000
Accepted fraction of steps: 0.204188
Convergence Status
R[0]= 1.004554	R[1]= 1.023291	R[2]= 1.309182	R[3]= 1.165213	R[4]= 1.001268	R[5]= 1.001656	R[6]= 1.002548	R[7]= 1.002115	R[8]= 1.004292	R[9]= 1.047733	R[10]= 1.077420	R[11]= 1.115754	R[12]= 1.003954	R[13]= 1.017146	R[14]= 1.230812	R[15]= 1.045551	R[16]= 1.052611	R[17]= 1.058756	R[18]= 1.009797	R[19]= 1.002324	R[20]= 1.029973	R[21]= 1.053373	R[22]= 1.090315	R[23]= 1.002516	R[24]= 1.013378	
<R>= 1.054621

Mean parameters
A[0]= 9.710103e-01 pm 2.941808e-02
A[1]= 1.062565e+00 pm 2.517454e-02
A[2]= 8.968492e-01 pm 7.704597e-01
A[3]= 4.724659e+00 pm 1.824693e+00
A[4]= -3.655977e+03 pm 3.796497e+03
A[5]= 2.166893e+03 pm 2.512595e+03
A[6]= -1.225254e+02 pm 5.966746e+02
A[7]= 2.805412e+00 pm 1.348392e+01
A[8]= -1.412280e-02 pm 1.801065e-01
A[9]= -2.211267e+02 pm 8.933859e+03
A[10]= 1.092781e+01 pm 5.736606e+03
A[11]= -2.626750e+02 pm 1.325801e+03
A[12]= -3.852077e+01 pm 4.728642e+01
A[13]= 9.827941e-01 pm 9.267656e-01
A[14]= 6.022864e+00 pm 2.550966e+00
A[15]= -5.015453e+03 pm 5.199834e+03
A[16]= 4.240077e+03 pm 3.422638e+03
A[17]= -8.071716e+02 pm 8.112702e+02
A[18]= 1.090089e+00 pm 1.935352e+01
A[19]= 1.268182e-01 pm 2.568093e-01
A[20]= 7.527452e+03 pm 1.195441e+04
A[21]= -3.191048e+03 pm 7.387531e+03
A[22]= -8.389723e+01 pm 1.631022e+03
A[23]= -4.961479e+01 pm 6.716423e+01
A[24]= 6.288203e-01 pm 1.321419e+00

Best-fitting parameters
A[0]= 9.750340e-01
A[1]= 1.056117e+00
A[2]= 6.361876e-01
A[3]= 5.665431e+00
A[4]= -5.650244e+03
A[5]= 3.584863e+03
A[6]= -4.854855e+02
A[7]= 3.079552e+00
A[8]= 1.702193e-02
A[9]= -4.732562e+03
A[10]= 2.482497e+03
A[11]= -6.889308e+02
A[12]= -1.516979e+01
A[13]= 6.341790e-01
A[14]= 6.955292e+00
A[15]= -6.986311e+03
A[16]= 5.852290e+03
A[17]= -1.236814e+03
A[18]= 7.430569e+00
A[19]= 1.200951e-01
A[20]= 1.151978e+04
A[21]= -6.064294e+03
A[22]= 5.537366e+02
A[23]= -9.959276e+01
A[24]= 1.669947e+00
chi2_min= 1.053085e+02


Cross-Covariance parameters
1.000000e+00	-4.730877e-01	-1.608634e-01	1.432843e-01	2.479955e-02	-2.776531e-02	1.896421e-02	8.315726e-02	-8.457743e-02	1.939783e-02	-2.982423e-02	2.761631e-02	1.792903e-01	-1.732309e-01	1.122071e-01	6.652707e-02	-6.786724e-02	5.860184e-02	4.565481e-02	-5.735255e-02	4.172560e-02	-5.285200e-02	4.906712e-02	1.546483e-01	-1.558398e-01	
-4.730877e-01	1.000000e+00	1.635965e-01	-2.079958e-01	6.378451e-03	5.244131e-04	-1.262033e-02	1.131027e-01	-1.174474e-01	-1.531261e-02	2.197454e-02	-2.381925e-02	-1.179722e-01	8.252992e-02	-2.124313e-01	7.308624e-03	-6.024421e-03	-9.502719e-04	1.137341e-01	-1.246382e-01	-1.032098e-01	1.052698e-01	-9.441604e-02	-2.292596e-02	1.624805e-02	
-1.608634e-01	1.635965e-01	1.000000e+00	-8.404691e-01	6.146385e-02	-7.519450e-02	9.785449e-02	-8.313355e-03	-4.989356e-02	-5.081174e-01	6.304325e-01	-7.481117e-01	-1.094874e-01	3.010038e-01	-8.190433e-01	2.222801e-01	-2.435655e-01	2.660947e-01	-1.140923e-01	9.681831e-04	-4.018519e-01	5.214688e-01	-6.586044e-01	-1.519605e-01	3.164926e-01	
1.432843e-01	-2.079958e-01	-8.404691e-01	1.000000e+00	-4.174782e-01	4.660089e-01	-5.094588e-01	1.369996e-01	1.026014e-01	3.959621e-01	-4.874630e-01	5.762326e-01	5.666533e-02	-1.945696e-01	7.189707e-01	-1.705860e-01	1.867947e-01	-2.040448e-01	8.324214e-02	4.061899e-03	3.637774e-01	-4.693048e-01	5.896041e-01	1.366249e-01	-2.810718e-01	
2.479955e-02	6.378451e-03	6.146385e-02	-4.174782e-01	1.000000e+00	-9.852082e-01	9.439512e-01	-6.963816e-01	3.095454e-01	4.972858e-02	-8.889324e-02	1.281645e-01	1.123051e-01	-9.974941e-02	-9.708785e-03	1.637294e-02	-1.633465e-02	1.664971e-02	-2.046504e-02	2.306235e-02	-1.765169e-02	1.378636e-02	-1.119105e-02	-4.234160e-03	8.732297e-03	
-2.776531e-02	5.244131e-04	-7.519450e-02	4.660089e-01	-9.852082e-01	1.000000e+00	-9.860386e-01	6.493201e-01	-2.437819e-01	-5.752741e-02	9.793083e-02	-1.381282e-01	-1.180484e-01	1.160753e-01	1.969512e-02	-2.403398e-02	2.504698e-02	-2.613556e-02	2.407701e-02	-2.286721e-02	1.366649e-02	-1.135288e-02	1.138679e-02	1.117525e-02	-1.580578e-02	
1.896421e-02	-1.262033e-02	9.785449e-02	-5.094588e-01	9.439512e-01	-9.860386e-01	1.000000e+00	-5.886378e-01	1.796345e-01	6.356795e-02	-1.019118e-01	1.395991e-01	1.099456e-01	-1.148236e-01	-3.655068e-02	3.209204e-02	-3.430790e-02	3.666867e-02	-3.130440e-02	2.552674e-02	-1.331589e-02	1.399557e-02	-1.809736e-02	-2.152143e-02	2.823565e-02	
8.315726e-02	1.131027e-01	-8.313355e-03	1.369996e-01	-6.963816e-01	6.493201e-01	-5.886378e-01	1.000000e+00	-8.782386e-01	8.264475e-02	-4.997992e-02	4.903434e-03	-9.209306e-02	-5.622649e-02	-2.125869e-02	1.952347e-02	-2.127567e-02	1.905697e-02	5.037145e-02	-6.253760e-02	1.575745e-02	-1.687063e-02	1.666794e-02	1.341585e-02	-1.912884e-02	
-8.457743e-02	-1.174474e-01	-4.989356e-02	1.026014e-01	3.095454e-01	-2.437819e-01	1.796345e-01	-8.782386e-01	1.000000e+00	-1.252928e-01	1.047976e-01	-6.844208e-02	5.752176e-02	1.381433e-01	4.951083e-02	-3.443393e-02	3.798589e-02	-3.761057e-02	-4.129259e-02	5.789179e-02	-3.538339e-03	3.521348e-03	-2.379398e-04	-1.658732e-03	1.917386e-03	
1.939783e-02	-1.531261e-02	-5.081174e-01	3.959621e-01	4.972858e-02	-5.752741e-02	6.356795e-02	8.264475e-02	-1.252928e-01	1.000000e+00	-9.798198e-01	9.100823e-01	-6.673358e-01	4.232529e-01	4.444871e-01	-1.041628e-01	1.135422e-01	-1.223270e-01	6.767570e-02	-9.152509e-03	2.556822e-01	-3.268226e-01	4.067984e-01	4.956881e-02	-1.484044e-01	
-2.982423e-02	2.197454e-02	6.304325e-01	-4.874630e-01	-8.889324e-02	9.793083e-02	-1.019118e-01	-4.997992e-02	1.047976e-01	-9.798198e-01	1.000000e+00	-9.738970e-01	5.739026e-01	-3.183859e-01	-5.527641e-01	1.285467e-01	-1.405364e-01	1.524205e-01	-7.921281e-02	7.154809e-03	-3.101062e-01	3.981821e-01	-4.975092e-01	-6.964655e-02	1.913660e-01	
2.761631e-02	-2.381925e-02	-7.481117e-01	5.762326e-01	1.281645e-01	-1.381282e-01	1.395991e-01	4.903434e-03	-6.844208e-02	9.100823e-01	-9.738970e-01	1.000000e+00	-4.268500e-01	1.709535e-01	6.565388e-01	-1.531128e-01	1.674792e-01	-1.821875e-01	8.947784e-02	-4.687289e-03	3.610583e-01	-4.655405e-01	5.839469e-01	8.885913e-02	-2.329552e-01	
1.792903e-01	-1.179722e-01	-1.094874e-01	5.666533e-02	1.123051e-01	-1.180484e-01	1.099456e-01	-9.209306e-02	5.752176e-02	-6.673358e-01	5.739026e-01	-4.268500e-01	1.000000e+00	-9.359214e-01	9.710515e-02	1.515396e-03	3.850637e-05	-5.478596e-03	-2.729286e-03	4.980460e-03	2.959785e-02	-4.376269e-02	5.743226e-02	5.593110e-02	-7.086831e-02	
-1.732309e-01	8.252992e-02	3.010038e-01	-1.945696e-01	-9.974941e-02	1.160753e-01	-1.148236e-01	-5.622649e-02	1.381433e-01	4.232529e-01	-3.183859e-01	1.709535e-01	-9.359214e-01	1.000000e+00	-2.633476e-01	3.206000e-02	-3.697173e-02	4.654365e-02	-2.875982e-02	7.976619e-03	-1.299745e-01	1.727097e-01	-2.187409e-01	-7.654262e-02	1.313283e-01	
1.122071e-01	-2.124313e-01	-8.190433e-01	7.189707e-01	-9.708785e-03	1.969512e-02	-3.655068e-02	-2.125869e-02	4.951083e-02	4.444871e-01	-5.527641e-01	6.565388e-01	9.710515e-02	-2.633476e-01	1.000000e+00	-5.277034e-01	5.908925e-01	-6.419709e-01	1.484820e-01	1.246383e-01	2.946565e-01	-3.873140e-01	4.968469e-01	1.010382e-01	-2.137030e-01	
6.652707e-02	7.308624e-03	2.222801e-01	-1.705860e-01	1.637294e-02	-2.403398e-02	3.209204e-02	1.952347e-02	-3.443393e-02	-1.041628e-01	1.285467e-01	-1.531128e-01	1.515396e-03	3.206000e-02	-5.277034e-01	1.000000e+00	-9.835871e-01	9.366253e-01	-6.534825e-01	2.873486e-01	7.138953e-02	-7.377734e-02	6.713699e-02	-7.736384e-03	1.427735e-02	
-6.786724e-02	-6.024421e-03	-2.435655e-01	1.867947e-01	-1.633465e-02	2.504698e-02	-3.430790e-02	-2.127567e-02	3.798589e-02	1.135422e-01	-1.405364e-01	1.674792e-01	3.850637e-05	-3.697173e-02	5.908925e-01	-9.835871e-01	1.000000e+00	-9.839448e-01	5.932546e-01	-2.073412e-01	-7.493785e-02	7.913604e-02	-7.336604e-02	3.465932e-03	-3.216078e-03	
5.860184e-02	-9.502719e-04	2.660947e-01	-2.040448e-01	1.664971e-02	-2.613556e-02	3.666867e-02	1.905697e-02	-3.761057e-02	-1.223270e-01	1.524205e-01	-1.821875e-01	-5.478596e-03	4.654365e-02	-6.419709e-01	9.366253e-01	-9.839448e-01	1.000000e+00	-5.161799e-01	1.255238e-01	7.328335e-02	-7.773232e-02	7.163044e-02	-3.818179e-03	-4.604591e-04	
4.565481e-02	1.137341e-01	-1.140923e-01	8.324214e-02	-2.046504e-02	2.407701e-02	-3.130440e-02	5.037145e-02	-4.129259e-02	6.767570e-02	-7.921281e-02	8.947784e-02	-2.729286e-03	-2.875982e-02	1.484820e-01	-6.534825e-01	5.932546e-01	-5.161799e-01	1.000000e+00	-8.971003e-01	1.892311e-02	-1.983069e-02	2.149509e-02	6.671804e-02	-1.541433e-01	
-5.735255e-02	-1.246382e-01	9.681831e-04	4.061899e-03	2.306235e-02	-2.286721e-02	2.552674e-02	-6.253760e-02	5.789179e-02	-9.152509e-03	7.154809e-03	-4.687289e-03	4.980460e-03	7.976619e-03	1.246383e-01	2.873486e-01	-2.073412e-01	1.255238e-01	-8.971003e-01	1.000000e+00	-5.879453e-02	5.938762e-02	-5.481705e-02	-6.948110e-02	1.816155e-01	
4.172560e-02	-1.032098e-01	-4.018519e-01	3.637774e-01	-1.765169e-02	1.366649e-02	-1.331589e-02	1.575745e-02	-3.538339e-03	2.556822e-01	-3.101062e-01	3.610583e-01	2.959785e-02	-1.299745e-01	2.946565e-01	7.138953e-02	-7.493785e-02	7.328335e-02	1.892311e-02	-5.879453e-02	1.000000e+00	-9.820125e-01	9.107638e-01	-7.053292e-01	5.078351e-01	
-5.285200e-02	1.052698e-01	5.214688e-01	-4.693048e-01	1.378636e-02	-1.135288e-02	1.399557e-02	-1.687063e-02	3.521348e-03	-3.268226e-01	3.981821e-01	-4.655405e-01	-4.376269e-02	1.727097e-01	-3.873140e-01	-7.377734e-02	7.913604e-02	-7.773232e-02	-1.983069e-02	5.938762e-02	-9.820125e-01	1.000000e+00	-9.715963e-01	6.295382e-01	-4.185646e-01	
4.906712e-02	-9.441604e-02	-6.586044e-01	5.896041e-01	-1.119105e-02	1.138679e-02	-1.809736e-02	1.666794e-02	-2.379398e-04	4.067984e-01	-4.975092e-01	5.839469e-01	5.743226e-02	-2.187409e-01	4.968469e-01	6.713699e-02	-7.336604e-02	7.163044e-02	2.149509e-02	-5.481705e-02	9.107638e-01	-9.715963e-01	1.000000e+00	-4.889363e-01	2.711382e-01	
1.546483e-01	-2.292596e-02	-1.519605e-01	1.366249e-01	-4.234160e-03	1.117525e-02	-2.152143e-02	1.341585e-02	-1.658732e-03	4.956881e-02	-6.964655e-02	8.885913e-02	5.593110e-02	-7.654262e-02	1.010382e-01	-7.736384e-03	3.465932e-03	-3.818179e-03	6.671804e-02	-6.948110e-02	-7.053292e-01	6.295382e-01	-4.889363e-01	1.000000e+00	-9.572578e-01	
-1.558398e-01	1.624805e-02	3.164926e-01	-2.810718e-01	8.732297e-03	-1.580578e-02	2.823565e-02	-1.912884e-02	1.917386e-03	-1.484044e-01	1.913660e-01	-2.329552e-01	-7.086831e-02	1.313283e-01	-2.137030e-01	1.427735e-02	-3.216078e-03	-4.604591e-04	-1.541433e-01	1.816155e-01	5.078351e-01	-4.185646e-01	2.711382e-01	-9.572578e-01	1.000000e+00	

Time taken for mcmc chain: 1.131667 hours
