Number of steps: 24092325
Number of accepted steps: 1000000
Burn-in number of steps: 320000
Accepted fraction of steps: 0.041507
Convergence Status
R[0]= 1.000113	R[1]= 1.000331	R[2]= 1.000789	R[3]= 1.001044	R[4]= 1.000923	R[5]= 1.000947	R[6]= 1.000879	R[7]= 1.000246	R[8]= 1.000522	R[9]= 1.000308	R[10]= 1.000555	R[11]= 1.000938	R[12]= 1.000248	R[13]= 1.000636	R[14]= 1.001139	R[15]= 1.001148	R[16]= 1.001706	R[17]= 1.002316	R[18]= 1.000046	R[19]= 1.000811	R[20]= 1.000717	R[21]= 1.000862	R[22]= 1.001107	R[23]= 1.000259	R[24]= 1.000363	
<R>= 1.000758

Mean parameters
A[0]= 9.711028e-01 pm 2.913829e-02
A[1]= 1.062185e+00 pm 2.415976e-02
A[2]= 6.150662e-01 pm 3.877640e-01
A[3]= 5.265490e+00 pm 1.449591e+00
A[4]= -3.831845e+03 pm 3.693364e+03
A[5]= 2.304356e+03 pm 2.423157e+03
A[6]= -1.607246e+02 pm 5.710374e+02
A[7]= 2.718657e+00 pm 1.327580e+01
A[8]= -5.028913e-03 pm 1.788983e-01
A[9]= 1.391300e+03 pm 8.632549e+03
A[10]= -1.255166e+03 pm 5.264954e+03
A[11]= 8.067536e+01 pm 1.135743e+03
A[12]= -3.802027e+01 pm 4.793496e+01
A[13]= 9.196484e-01 pm 9.327358e-01
A[14]= 6.749108e+00 pm 2.041250e+00
A[15]= -5.468625e+03 pm 5.188315e+03
A[16]= 4.600078e+03 pm 3.399282e+03
A[17]= -9.061947e+02 pm 8.014248e+02
A[18]= 1.477490e+00 pm 1.938097e+01
A[19]= 1.355790e-01 pm 2.559920e-01
A[20]= 8.903279e+03 pm 1.152092e+04
A[21]= -4.301206e+03 pm 6.944683e+03
A[22]= 2.333526e+02 pm 1.471465e+03
A[23]= -4.560010e+01 pm 6.728233e+01
A[24]= 4.843743e-01 pm 1.305444e+00

Best-fitting parameters
A[0]= 9.575848e-01
A[1]= 1.081188e+00
A[2]= 8.904843e-01
A[3]= 4.081063e+00
A[4]= -4.527957e+03
A[5]= 2.633254e+03
A[6]= -1.924940e+02
A[7]= 9.255301e+00
A[8]= -8.902259e-02
A[9]= 2.891426e+02
A[10]= -9.932262e+01
A[11]= -3.041498e+02
A[12]= -4.755095e+01
A[13]= 1.053533e+00
A[14]= 5.758288e+00
A[15]= -8.171490e+03
A[16]= 6.281308e+03
A[17]= -1.281518e+03
A[18]= 1.207793e+01
A[19]= 5.611762e-02
A[20]= 5.817811e+03
A[21]= -1.690476e+03
A[22]= -4.927449e+02
A[23]= -6.592350e+01
A[24]= 1.041370e+00
chi2_min= 1.050342e+02


Cross-Covariance parameters
1.000000e+00	-4.786327e-01	-1.860024e-01	1.104160e-01	4.684107e-02	-4.990916e-02	4.244752e-02	6.304971e-02	-6.695008e-02	1.012541e-02	-1.186302e-02	-1.398691e-03	1.492766e-01	-1.323109e-01	9.990758e-02	4.600881e-02	-4.705769e-02	3.935039e-02	6.410054e-02	-6.806031e-02	9.216433e-03	-1.200007e-02	-5.527576e-04	1.425884e-01	-1.322002e-01	
-4.786327e-01	1.000000e+00	1.519421e-01	-1.740867e-01	-1.975454e-02	2.817796e-02	-4.349346e-02	1.232302e-01	-1.128655e-01	3.833038e-03	-6.352928e-03	1.673520e-02	-9.433229e-02	4.922987e-02	-1.886190e-01	5.481342e-03	-2.735792e-03	-6.501131e-03	1.197056e-01	-1.254502e-01	-1.595612e-02	1.225712e-02	3.078903e-03	-5.332198e-02	2.291158e-02	
-1.860024e-01	1.519421e-01	1.000000e+00	-7.266854e-01	-4.218522e-02	5.178504e-02	-5.152638e-02	-4.852848e-02	6.616368e-02	-4.488996e-01	5.674840e-01	-6.992757e-01	-8.414001e-02	2.646723e-01	-7.066997e-01	5.336041e-03	-8.354038e-03	1.783566e-02	-4.489853e-02	2.940086e-02	-3.781154e-01	4.945494e-01	-6.352734e-01	-1.105921e-01	2.550204e-01	
1.104160e-01	-1.740867e-01	-7.266854e-01	1.000000e+00	-4.783086e-01	5.270349e-01	-5.652075e-01	1.965170e-01	5.062582e-02	2.593929e-01	-3.260327e-01	4.024416e-01	1.368556e-02	-1.028957e-01	5.351774e-01	-4.824402e-04	3.937998e-03	-1.100674e-02	1.220358e-02	-1.994883e-03	2.834555e-01	-3.688499e-01	4.722244e-01	7.636952e-02	-1.828889e-01	
4.684107e-02	-1.975454e-02	-4.218522e-02	-4.783086e-01	1.000000e+00	-9.841828e-01	9.394256e-01	-6.896781e-01	3.136712e-01	8.169450e-02	-1.216186e-01	1.660923e-01	9.170431e-02	-9.086133e-02	2.930123e-02	4.672642e-03	-9.073909e-03	1.229375e-02	2.984523e-03	-5.555073e-03	1.590369e-02	-2.331384e-02	3.131870e-02	1.339875e-02	-1.821231e-02	
-4.990916e-02	2.817796e-02	5.178504e-02	5.270349e-01	-9.841828e-01	1.000000e+00	-9.847753e-01	6.415640e-01	-2.475249e-01	-9.591458e-02	1.402021e-01	-1.896455e-01	-1.017029e-01	1.149750e-01	-3.794913e-02	-4.621444e-03	9.096479e-03	-1.238562e-02	-2.890046e-03	5.639871e-03	-1.999940e-02	2.853652e-02	-3.785373e-02	-1.530826e-02	2.175385e-02	
4.244752e-02	-4.349346e-02	-5.152638e-02	-5.652075e-01	9.394256e-01	-9.847753e-01	1.000000e+00	-5.788213e-01	1.825814e-01	1.093279e-01	-1.552610e-01	2.064018e-01	9.890053e-02	-1.224902e-01	4.198539e-02	3.116662e-03	-7.456160e-03	1.096436e-02	-6.849318e-04	-1.755678e-03	2.054450e-02	-2.889114e-02	3.802759e-02	1.427243e-02	-2.057695e-02	
6.304971e-02	1.232302e-01	-4.852848e-02	1.965170e-01	-6.896781e-01	6.415640e-01	-5.788213e-01	1.000000e+00	-8.839133e-01	9.167786e-02	-7.329521e-02	4.236218e-02	-5.671183e-02	-9.578283e-02	1.366683e-02	7.599623e-03	-4.106361e-03	-2.063151e-03	4.056722e-02	-4.064334e-02	2.633589e-02	-3.099673e-02	3.627375e-02	6.778272e-03	-2.012329e-02	
-6.695008e-02	-1.128655e-01	6.616368e-02	5.062582e-02	3.136712e-01	-2.475249e-01	1.825814e-01	-8.839133e-01	1.000000e+00	-1.601981e-01	1.591981e-01	-1.444509e-01	2.528334e-02	1.845026e-01	-2.718232e-02	-9.227903e-03	7.975700e-03	-3.711544e-03	-4.025283e-02	4.274931e-02	-3.675644e-02	4.463214e-02	-5.346875e-02	-8.866383e-03	2.530756e-02	
1.012541e-02	3.833038e-03	-4.488996e-01	2.593929e-01	8.169450e-02	-9.591458e-02	1.093279e-01	9.167786e-02	-1.601981e-01	1.000000e+00	-9.829264e-01	9.160982e-01	-7.405126e-01	5.261199e-01	3.253209e-01	-4.578288e-03	6.501702e-03	-1.125350e-02	1.744742e-02	-1.023186e-02	1.814430e-01	-2.376774e-01	3.060208e-01	3.683460e-02	-1.087260e-01	
-1.186302e-02	-6.352928e-03	5.674840e-01	-3.260327e-01	-1.216186e-01	1.402021e-01	-1.552610e-01	-7.329521e-02	1.591981e-01	-9.829264e-01	1.000000e+00	-9.734844e-01	6.820449e-01	-4.564383e-01	-4.109365e-01	4.667981e-03	-6.719103e-03	1.248630e-02	-2.370767e-02	1.515465e-02	-2.289277e-01	3.002325e-01	-3.872461e-01	-4.901012e-02	1.397777e-01	
-1.398691e-03	1.673520e-02	-6.992757e-01	4.024416e-01	1.660923e-01	-1.896455e-01	2.064018e-01	4.236218e-02	-1.444509e-01	9.160982e-01	-9.734844e-01	1.000000e+00	-5.629089e-01	3.334242e-01	5.065638e-01	-5.100226e-03	7.253603e-03	-1.401941e-02	3.004076e-02	-2.008184e-02	2.831478e-01	-3.714653e-01	4.798624e-01	6.107979e-02	-1.737119e-01	
1.492766e-01	-9.433229e-02	-8.414001e-02	1.368556e-02	9.170431e-02	-1.017029e-01	9.890053e-02	-5.671183e-02	2.528334e-02	-7.405126e-01	6.820449e-01	-5.629089e-01	1.000000e+00	-9.408154e-01	5.407769e-02	1.044573e-02	-1.237709e-02	1.272923e-02	1.254876e-02	-1.507597e-02	2.821071e-02	-3.482552e-02	4.132056e-02	2.892369e-02	-3.615627e-02	
-1.323109e-01	4.922987e-02	2.646723e-01	-1.028957e-01	-9.086133e-02	1.149750e-01	-1.224902e-01	-9.578283e-02	1.845026e-01	5.261199e-01	-4.564383e-01	3.334242e-01	-9.408154e-01	1.000000e+00	-1.800704e-01	-1.059450e-02	1.201781e-02	-1.032719e-02	-2.688259e-02	2.803713e-02	-1.055939e-01	1.358320e-01	-1.716577e-01	-4.091592e-02	7.979011e-02	
9.990758e-02	-1.886190e-01	-7.066997e-01	5.351774e-01	2.930123e-02	-3.794913e-02	4.198539e-02	1.366683e-02	-2.718232e-02	3.253209e-01	-4.109365e-01	5.065638e-01	5.407769e-02	-1.800704e-01	1.000000e+00	-5.108829e-01	5.766992e-01	-6.289551e-01	1.331568e-01	1.339045e-01	1.786407e-01	-2.376362e-01	3.151267e-01	4.242918e-02	-1.025757e-01	
4.600881e-02	5.481342e-03	5.336041e-03	-4.824402e-04	4.672642e-03	-4.621444e-03	3.116662e-03	7.599623e-03	-9.227903e-03	-4.578288e-03	4.667981e-03	-5.100226e-03	1.044573e-02	-1.059450e-02	-5.108829e-01	1.000000e+00	-9.833859e-01	9.355612e-01	-6.598198e-01	3.018353e-01	1.502392e-01	-1.817572e-01	2.108709e-01	7.731420e-03	-3.245256e-02	
-4.705769e-02	-2.735792e-03	-8.354038e-03	3.937998e-03	-9.073909e-03	9.096479e-03	-7.456160e-03	-4.106361e-03	7.975700e-03	6.501702e-03	-6.719103e-03	7.253603e-03	-1.237709e-02	1.201781e-02	5.766992e-01	-9.833859e-01	1.000000e+00	-9.836260e-01	5.999961e-01	-2.228279e-01	-1.563880e-01	1.925043e-01	-2.266318e-01	-1.985790e-02	5.321966e-02	
3.935039e-02	-6.501131e-03	1.783566e-02	-1.100674e-02	1.229375e-02	-1.238562e-02	1.096436e-02	-2.063151e-03	-3.711544e-03	-1.125350e-02	1.248630e-02	-1.401941e-02	1.272923e-02	-1.032719e-02	-6.289551e-01	9.355612e-01	-9.836260e-01	1.000000e+00	-5.225136e-01	1.408701e-01	1.561480e-01	-1.948706e-01	2.320680e-01	2.742608e-02	-6.630872e-02	
6.410054e-02	1.197056e-01	-4.489853e-02	1.220358e-02	2.984523e-03	-2.890046e-03	-6.849318e-04	4.056722e-02	-4.025283e-02	1.744742e-02	-2.370767e-02	3.004076e-02	1.254876e-02	-2.688259e-02	1.331568e-01	-6.598198e-01	5.999961e-01	-5.225136e-01	1.000000e+00	-8.999530e-01	-3.339527e-02	4.080748e-02	-4.782886e-02	8.285957e-02	-1.550830e-01	
-6.806031e-02	-1.254502e-01	2.940086e-02	-1.994883e-03	-5.555073e-03	5.639871e-03	-1.755678e-03	-4.064334e-02	4.274931e-02	-1.023186e-02	1.515465e-02	-2.008184e-02	-1.507597e-02	2.803713e-02	1.339045e-01	3.018353e-01	-2.228279e-01	1.408701e-01	-8.999530e-01	1.000000e+00	-3.265888e-02	3.862928e-02	-4.281512e-02	-1.049396e-01	2.151192e-01	
9.216433e-03	-1.595612e-02	-3.781154e-01	2.834555e-01	1.590369e-02	-1.999940e-02	2.054450e-02	2.633589e-02	-3.675644e-02	1.814430e-01	-2.289277e-01	2.831478e-01	2.821071e-02	-1.055939e-01	1.786407e-01	1.502392e-01	-1.563880e-01	1.561480e-01	-3.339527e-02	-3.265888e-02	1.000000e+00	-9.836693e-01	9.162815e-01	-7.630020e-01	5.984587e-01	
-1.200007e-02	1.225712e-02	4.945494e-01	-3.688499e-01	-2.331384e-02	2.853652e-02	-2.889114e-02	-3.099673e-02	4.463214e-02	-2.376774e-01	3.002325e-01	-3.714653e-01	-3.482552e-02	1.358320e-01	-2.376362e-01	-1.817572e-01	1.925043e-01	-1.948706e-01	4.080748e-02	3.862928e-02	-9.836693e-01	1.000000e+00	-9.725845e-01	7.110218e-01	-5.354687e-01	
-5.527576e-04	3.078903e-03	-6.352734e-01	4.722244e-01	3.131870e-02	-3.785373e-02	3.802759e-02	3.627375e-02	-5.346875e-02	3.060208e-01	-3.872461e-01	4.798624e-01	4.132056e-02	-1.716577e-01	3.151267e-01	2.108709e-01	-2.266318e-01	2.320680e-01	-4.782886e-02	-4.281512e-02	9.162815e-01	-9.725845e-01	1.000000e+00	-5.953639e-01	4.132895e-01	
1.425884e-01	-5.332198e-02	-1.105921e-01	7.636952e-02	1.339875e-02	-1.530826e-02	1.427243e-02	6.778272e-03	-8.866383e-03	3.683460e-02	-4.901012e-02	6.107979e-02	2.892369e-02	-4.091592e-02	4.242918e-02	7.731420e-03	-1.985790e-02	2.742608e-02	8.285957e-02	-1.049396e-01	-7.630020e-01	7.110218e-01	-5.953639e-01	1.000000e+00	-9.626887e-01	
-1.322002e-01	2.291158e-02	2.550204e-01	-1.828889e-01	-1.821231e-02	2.175385e-02	-2.057695e-02	-2.012329e-02	2.530756e-02	-1.087260e-01	1.397777e-01	-1.737119e-01	-3.615627e-02	7.979011e-02	-1.025757e-01	-3.245256e-02	5.321966e-02	-6.630872e-02	-1.550830e-01	2.151192e-01	5.984587e-01	-5.354687e-01	4.132895e-01	-9.626887e-01	1.000000e+00	

Time taken for mcmc chain: 1.834444 hours
