Number of steps: 1127257
Number of accepted steps: 1000000
Burn-in number of steps: 320000
Accepted fraction of steps: 0.887109
Convergence Status
R[0]= -nan	R[1]= -nan	R[2]= -nan	R[3]= -nan	R[4]= -nan	R[5]= -nan	R[6]= -nan	R[7]= -nan	R[8]= -nan	R[9]= -nan	R[10]= -nan	R[11]= -nan	R[12]= -nan	R[13]= -nan	R[14]= -nan	R[15]= -nan	R[16]= -nan	R[17]= -nan	R[18]= -nan	R[19]= -nan	R[20]= -nan	R[21]= -nan	R[22]= -nan	R[23]= -nan	R[24]= -nan	
<R>= -nan

Mean parameters
A[0]= -4.324927e+00 pm 1.383794e+02
A[1]= 2.959277e+00 pm 8.182542e+01
A[2]= -3.824077e+00 pm 1.233941e+02
A[3]= 4.378698e+00 pm 1.579139e+02
A[4]= -2.436928e+03 pm 2.508680e+03
A[5]= 1.254521e+03 pm 1.516971e+03
A[6]= 7.202251e+01 pm 2.819323e+02
A[7]= 5.899372e+00 pm 1.852767e+02
A[8]= -2.775871e+00 pm 2.280587e+02
A[9]= -3.220234e+03 pm 5.010418e+03
A[10]= 1.181703e+03 pm 2.891114e+03
A[11]= -3.091385e+26 pm 8.027251e+28
A[12]= 1.941080e+01 pm 2.548011e+02
A[13]= -5.631839e+00 pm 3.157159e+02
A[14]= 2.406990e+00 pm 3.093687e+02
A[15]= -8.983025e+03 pm 3.526735e+03
A[16]= 5.934419e+03 pm 2.169637e+03
A[17]= -1.015646e+03 pm 5.193405e+02
A[18]= 1.505394e+01 pm 2.425359e+02
A[19]= 7.032692e-01 pm 2.410003e+02
A[20]= -2.896519e+02 pm 8.277058e+03
A[21]= 1.458680e+01 pm 4.836599e+03
A[22]= -3.548125e+02 pm 9.321114e+02
A[23]= 9.232368e+00 pm 1.585124e+02
A[24]= 4.109173e+00 pm -nan

Best-fitting parameters
A[0]= 5.461690e+00
A[1]= -1.634246e+04
A[2]= 1.052679e+04
A[3]= -1.974265e+03
A[4]= 4.263372e+01
A[5]= -3.230611e-01
A[6]= -6.598967e+03
A[7]= 3.862807e+03
A[8]= -1.194006e+03
A[9]= 1.954120e+00
A[10]= -2.962054e-01
A[11]= 1.000000e+00
A[12]= 1.276271e+02
A[13]= 8.644971e-01
A[14]= 9.901206e-01
A[15]= 7.447787e-01
A[16]= 2.328870e+00
A[17]= 5.003146e+03
A[18]= -3.199696e+03
A[19]= 9.957955e+02
A[20]= -6.653444e+00
A[21]= -8.299668e-02
A[22]= -7.528161e+03
A[23]= 3.136268e+03
A[24]= -4.923677e+02
chi2_min= 5.513000e-04


Cross-Covariance parameters
1.000000e+00	-1.576590e+00	1.904521e-01	4.879469e-02	-3.025805e-02	1.071334e-01	-4.379814e-01	3.238413e-01	-3.524046e-02	-2.288738e-02	2.942631e-02	-1.449940e-04	-2.713219e-02	2.526966e-03	1.088928e-02	-8.945803e-02	9.752310e-02	-5.810369e-02	-2.107815e-02	2.107724e-02	3.588338e-03	2.036703e-02	-7.575139e-02	9.685306e-02	-nan	
-1.576590e+00	1.000000e+00	2.663484e-01	-6.398527e-02	2.203779e-02	-8.115821e-02	2.209151e-01	-1.165644e-01	-2.880428e-02	1.534043e-02	-1.240195e-02	9.444096e-05	6.111793e-02	-4.199658e-02	4.446394e-03	5.963850e-02	-6.397275e-02	1.406483e-01	-9.330204e-02	6.097734e-02	-4.051042e-04	-1.889797e-02	-1.043241e-01	8.782109e-01	-nan	
1.904521e-01	2.663484e-01	1.000000e+00	-5.707933e-01	-2.811272e-02	3.370710e-02	8.252083e-03	6.616414e-01	7.178969e-02	-2.925199e-02	1.779844e-02	-1.406099e-04	9.519199e-04	3.962154e-01	-2.736150e-01	-8.344765e-02	9.443541e-02	-1.108487e-01	-4.160720e-01	2.724911e-01	-2.942527e-03	2.196012e-03	4.982406e-02	2.518047e-01	-nan	
4.879469e-02	-6.398527e-02	-5.707933e-01	1.000000e+00	-2.366373e-02	4.843986e-03	-2.076018e-02	-2.806249e-01	2.189681e-01	-2.960276e-03	1.923338e-03	-8.920263e-06	-2.886118e-02	-1.201064e-01	3.638879e-01	-9.867615e-03	-4.865007e-03	1.560984e-02	2.227778e-01	-9.552106e-02	1.250313e-03	2.749609e-04	-7.738463e-03	-2.332303e-01	-nan	
-3.025805e-02	2.203779e-02	-2.811272e-02	-2.366373e-02	1.000000e+00	-9.772826e-01	1.071612e+00	-6.083387e-02	-1.884666e-02	2.903333e-02	-6.551757e-02	6.324698e-03	8.372171e-03	-1.743580e-02	-1.682159e-02	-2.071250e-01	1.012327e-01	2.020886e-02	1.388319e-02	2.709084e-03	1.082475e-01	-7.487374e-02	4.867327e-02	2.080160e-02	-nan	
1.071334e-01	-8.115821e-02	3.370710e-02	4.843986e-03	-9.772826e-01	1.000000e+00	-1.141848e+00	5.099284e-02	8.883382e-03	-8.844214e-02	1.233484e-01	-7.539673e-03	-2.545124e-02	1.633858e-02	6.815218e-03	1.914558e-01	-1.050514e-01	3.248276e-03	-1.164019e-02	-5.195987e-04	-9.892265e-02	6.362424e-02	-3.143168e-02	-5.616371e-03	-nan	
-4.379814e-01	2.209151e-01	8.252083e-03	-2.076018e-02	1.071612e+00	-1.141848e+00	1.000000e+00	3.447542e-01	-4.679082e-02	1.599558e-01	-2.022254e-01	9.400944e-03	3.755532e-01	-1.507951e-01	2.496151e-02	-1.932132e-01	1.138248e-01	-3.470685e-04	-7.775017e-03	1.185809e-02	1.046798e-01	-6.206087e-02	3.048374e-03	3.013299e-02	-nan	
3.238413e-01	-1.165644e-01	6.616414e-01	-2.806249e-01	-6.083387e-02	5.099284e-02	3.447542e-01	1.000000e+00	-5.241277e-01	2.127439e-02	-1.967262e-02	4.673965e-05	-4.210312e-01	6.987469e-01	-3.786620e-01	-7.133388e-02	9.003747e-02	-8.890806e-02	-4.046563e-02	2.657563e-02	-8.728729e-03	7.112941e-03	-8.670862e-03	4.710693e-01	-nan	
-3.524046e-02	-2.880428e-02	7.178969e-02	2.189681e-01	-1.884666e-02	8.883382e-03	-4.679082e-02	-5.241277e-01	1.000000e+00	-2.984860e-02	1.264148e-02	-4.810427e-05	1.455936e-01	-7.856383e-02	4.348232e-01	-5.223061e-02	3.754977e-02	-1.953349e-02	2.938454e-02	-4.861455e-03	-4.088157e-04	9.536316e-04	-8.271042e-03	-2.319878e-01	-nan	
-2.288738e-02	1.534043e-02	-2.925199e-02	-2.960276e-03	2.903333e-02	-8.844214e-02	1.599558e-01	2.127439e-02	-2.984860e-02	1.000000e+00	-9.868334e-01	1.036184e-02	-9.332486e-02	-1.194996e-02	-1.060728e-02	-1.679860e-01	2.273739e-01	-2.608173e-01	-1.131993e-02	1.541618e-03	4.502561e-02	-6.625788e-02	7.607221e-02	-5.862675e-02	-nan	
2.942631e-02	-1.240195e-02	1.779844e-02	1.923338e-03	-6.551757e-02	1.233484e-01	-2.022254e-01	-1.967262e-02	1.264148e-02	-9.868334e-01	1.000000e+00	-1.116360e-02	9.245562e-02	6.984633e-03	3.242177e-03	1.433736e-01	-1.977419e-01	2.276055e-01	7.441651e-03	-5.931239e-04	-6.963443e-02	9.445078e-02	-1.096385e-01	4.516709e-02	-nan	
-1.449940e-04	9.444096e-05	-1.406099e-04	-8.920263e-06	6.324698e-03	-7.539673e-03	9.400944e-03	4.673965e-05	-4.810427e-05	1.036184e-02	-1.116360e-02	1.000000e+00	-1.512376e-03	-7.970503e-05	1.769678e-05	-9.809869e-03	1.052657e-02	4.268240e-02	-5.943688e-02	6.722400e-03	-1.503391e-04	1.196986e-05	-7.135485e-03	3.896084e-02	-nan	
-2.713219e-02	6.111793e-02	9.519199e-04	-2.886118e-02	8.372171e-03	-2.545124e-02	3.755532e-01	-4.210312e-01	1.455936e-01	-9.332486e-02	9.245562e-02	-1.512376e-03	1.000000e+00	-4.334207e-01	6.981031e-02	-3.578397e-04	-1.387940e-02	4.974104e-02	5.432348e-02	-2.644004e-02	-1.249185e-03	-2.426311e-03	5.752485e-03	1.107945e-01	-nan	
2.526966e-03	-4.199658e-02	3.962154e-01	-1.201064e-01	-1.743580e-02	1.633858e-02	-1.507951e-01	6.987469e-01	-7.856383e-02	-1.194996e-02	6.984633e-03	-7.970503e-05	-4.334207e-01	1.000000e+00	-5.571044e-01	-3.334445e-02	4.531543e-02	-4.663011e-02	2.244683e-02	4.717613e-03	9.968883e-06	2.659294e-04	-4.686723e-03	-3.071242e-02	-nan	
1.088928e-02	4.446394e-03	-2.736150e-01	3.638879e-01	-1.682159e-02	6.815218e-03	2.496151e-02	-3.786620e-01	4.348232e-01	-1.060728e-02	3.242177e-03	1.769678e-05	6.981031e-02	-5.571044e-01	1.000000e+00	-7.235342e-02	4.168803e-02	-2.066865e-02	-3.007314e-02	1.889197e-02	-1.147828e-03	2.051662e-03	-4.316016e-03	5.379444e-04	-nan	
-8.945803e-02	5.963850e-02	-8.344765e-02	-9.867615e-03	-2.071250e-01	1.914558e-01	-1.932132e-01	-7.133388e-02	-5.223061e-02	-1.679860e-01	1.433736e-01	-9.809869e-03	-3.578397e-04	-3.334445e-02	-7.235342e-02	1.000000e+00	-9.653559e-01	8.028493e-01	-2.931807e-02	6.751393e-03	1.092855e-01	-1.016392e-01	1.008545e-01	-4.859474e-02	-nan	
9.752310e-02	-6.397275e-02	9.443541e-02	-4.865007e-03	1.012327e-01	-1.050514e-01	1.138248e-01	9.003747e-02	3.754977e-02	2.273739e-01	-1.977419e-01	1.052657e-02	-1.387940e-02	4.531543e-02	4.168803e-02	-9.653559e-01	1.000000e+00	-9.047194e-01	2.459575e-02	-8.366351e-03	-1.775788e-01	1.758538e-01	-1.853062e-01	5.397791e-02	-nan	
-5.810369e-02	1.406483e-01	-1.108487e-01	1.560984e-02	2.020886e-02	3.248276e-03	-3.470685e-04	-8.890806e-02	-1.953349e-02	-2.608173e-01	2.276055e-01	4.268240e-02	4.974104e-02	-4.663011e-02	-2.066865e-02	8.028493e-01	-9.047194e-01	1.000000e+00	-1.324680e-01	2.465377e-02	2.291478e-01	-2.325311e-01	2.490979e-01	4.356799e-02	-nan	
-2.107815e-02	-9.330204e-02	-4.160720e-01	2.227778e-01	1.388319e-02	-1.164019e-02	-7.775017e-03	-4.046563e-02	2.938454e-02	-1.131993e-02	7.441651e-03	-5.943688e-02	5.432348e-02	2.244683e-02	-3.007314e-02	-2.931807e-02	2.459575e-02	-1.324680e-01	1.000000e+00	-5.499135e-01	-1.156823e-03	1.027405e-03	-2.338434e-03	9.746452e-02	-nan	
2.107724e-02	6.097734e-02	2.724911e-01	-9.552106e-02	2.709084e-03	-5.195987e-04	1.185809e-02	2.657563e-02	-4.861455e-03	1.541618e-03	-5.931239e-04	6.722400e-03	-2.644004e-02	4.717613e-03	1.889197e-02	6.751393e-03	-8.366351e-03	2.465377e-02	-5.499135e-01	1.000000e+00	-1.065872e-02	2.245565e-03	2.701371e-03	-8.700884e-02	-nan	
3.588338e-03	-4.051042e-04	-2.942527e-03	1.250313e-03	1.082475e-01	-9.892265e-02	1.046798e-01	-8.728729e-03	-4.088157e-04	4.502561e-02	-6.963443e-02	-1.503391e-04	-1.249185e-03	9.968883e-06	-1.147828e-03	1.092855e-01	-1.775788e-01	2.291478e-01	-1.156823e-03	-1.065872e-02	1.000000e+00	-9.907323e-01	9.692941e-01	-3.244006e-01	-nan	
2.036703e-02	-1.889797e-02	2.196012e-03	2.749609e-04	-7.487374e-02	6.362424e-02	-6.206087e-02	7.112941e-03	9.536316e-04	-6.625788e-02	9.445078e-02	1.196986e-05	-2.426311e-03	2.659294e-04	2.051662e-03	-1.016392e-01	1.758538e-01	-2.325311e-01	1.027405e-03	2.245565e-03	-9.907323e-01	1.000000e+00	-9.992835e-01	3.139496e-01	-nan	
-7.575139e-02	-1.043241e-01	4.982406e-02	-7.738463e-03	4.867327e-02	-3.143168e-02	3.048374e-03	-8.670862e-03	-8.271042e-03	7.607221e-02	-1.096385e-01	-7.135485e-03	5.752485e-03	-4.686723e-03	-4.316016e-03	1.008545e-01	-1.853062e-01	2.490979e-01	-2.338434e-03	2.701371e-03	9.692941e-01	-9.992835e-01	1.000000e+00	-2.143452e-01	-nan	
9.685306e-02	8.782109e-01	2.518047e-01	-2.332303e-01	2.080160e-02	-5.616371e-03	3.013299e-02	4.710693e-01	-2.319878e-01	-5.862675e-02	4.516709e-02	3.896084e-02	1.107945e-01	-3.071242e-02	5.379444e-04	-4.859474e-02	5.397791e-02	4.356799e-02	9.746452e-02	-8.700884e-02	-3.244006e-01	3.139496e-01	-2.143452e-01	1.000000e+00	-nan	
-nan	-nan	-nan	-nan	-nan	-nan	-nan	-nan	-nan	-nan	-nan	-nan	-nan	-nan	-nan	-nan	-nan	-nan	-nan	-nan	-nan	-nan	-nan	-nan	-1.000000e+00	

Time taken for mcmc chain: 8.116667 minutes
