Number of steps: 1905649
Number of accepted steps: 1600000
Burn-in number of steps: 320000
Accepted fraction of steps: 0.839609
Convergence Status
R[0]= 0.999522	R[1]= 1.000147	R[2]= 0.999293	R[3]= 1.000236	R[4]= 1.272963	R[5]= 1.319207	R[6]= 1.357381	R[7]= 1.002287	R[8]= 1.000143	R[9]= 1.416417	R[10]= 1.503742	R[11]= 1.620854	R[12]= 1.028036	R[13]= 1.000223	R[14]= 1.000149	R[15]= 1.374488	R[16]= 1.350296	R[17]= 1.320239	R[18]= 1.012152	R[19]= 1.000074	R[20]= 1.514146	R[21]= 1.535032	R[22]= 1.555295	R[23]= 1.090505	R[24]= 0.999133	
<R>= 1.210878

Mean parameters
A[0]= 3.133357e-01 pm -nan
A[1]= 8.624432e-01 pm 6.302635e+01
A[2]= 5.710107e-01 pm -nan
A[3]= 3.777852e+00 pm 8.513862e+01
A[4]= -3.680913e+03 pm 3.459974e+03
A[5]= 2.211512e+03 pm 2.272195e+03
A[6]= -1.804494e+02 pm 5.306053e+02
A[7]= 3.073591e+00 pm 9.068514e+01
A[8]= -4.181265e-01 pm 1.002255e+02
A[9]= -5.963932e+03 pm 6.636446e+03
A[10]= 2.888730e+03 pm 4.021182e+03
A[11]= -6.416483e+02 pm 8.680740e+02
A[12]= 1.976116e+01 pm 9.581632e+01
A[13]= -3.850859e-01 pm 7.805531e+01
A[14]= 4.635620e+00 pm 1.327202e+02
A[15]= -9.939266e+03 pm 4.663819e+03
A[16]= 6.660209e+03 pm 3.010767e+03
A[17]= -1.209367e+03 pm 6.940830e+02
A[18]= 1.906332e+01 pm 8.281124e+01
A[19]= -4.840754e-01 pm 1.094712e+02
A[20]= -1.346461e+03 pm 1.020005e+04
A[21]= 6.828087e+02 pm 6.067346e+03
A[22]= -4.743785e+02 pm 1.253535e+03
A[23]= 1.461415e+01 pm 8.276352e+01
A[24]= -6.351204e-02 pm -nan

Best-fitting parameters
A[0]= -1.253111e+03
A[1]= 1.627390e+03
A[2]= -8.276544e+02
A[3]= -4.586328e+01
A[4]= 9.716133e-01
A[5]= 3.947278e+00
A[6]= -1.537350e+04
A[7]= 9.860146e+03
A[8]= -1.796407e+03
A[9]= 4.498790e+01
A[10]= -3.794693e-01
A[11]= -2.015826e+04
A[12]= 1.274214e+04
A[13]= -3.018252e+03
A[14]= 9.152644e+01
A[15]= -1.842324e+00
A[16]= 1.000000e+00
A[17]= 1.329043e+02
A[18]= 8.569643e-01
A[19]= 1.035104e+00
A[20]= 1.061688e+00
A[21]= 3.456470e+00
A[22]= -2.286681e+03
A[23]= 2.359542e+03
A[24]= -4.322828e+02
chi2_min= 3.834900e-04


Cross-Covariance parameters
-1.000000e+00	-nan	-3.942051e-02	-nan	-nan	-nan	-nan	-nan	-nan	-nan	-nan	-nan	-nan	-nan	-nan	-nan	-nan	-nan	-nan	-nan	-nan	-nan	-nan	-nan	-1.682348e-01	
-nan	1.000000e+00	-nan	7.125956e-02	-3.664076e-03	-1.444414e-02	1.473217e-01	-2.032577e-01	-6.909194e-02	-1.534944e-03	3.642030e-04	-1.302080e-02	4.149369e-01	-2.762700e-01	3.564667e-02	-5.089471e-03	-1.179750e-03	4.136333e-02	-1.651265e-01	2.800765e-02	-4.561487e-04	-3.342385e-03	2.120389e-02	8.249046e-02	-nan	
-3.942051e-02	-nan	-1.000000e+00	-nan	-nan	-nan	-nan	-nan	-nan	-nan	-nan	-nan	-nan	-nan	-nan	-nan	-nan	-nan	-nan	-nan	-nan	-nan	-nan	-nan	-1.968366e+00	
-nan	7.125956e-02	-nan	1.000000e+00	-3.062395e-02	2.024864e-02	-5.767419e-03	-1.615221e-01	5.424371e-01	-2.827680e-03	-2.779876e-03	3.377629e-03	2.493107e-02	-1.045846e-01	6.125402e-01	-2.971861e-02	2.337893e-02	-1.394369e-02	-2.051994e-01	3.739613e-01	1.216796e-04	-1.780515e-03	9.758762e-04	-1.286965e-01	-nan	
-nan	-3.664076e-03	-nan	-3.062395e-02	1.000000e+00	-9.862094e-01	9.400624e-01	-7.626374e-02	-1.030930e-02	8.711342e-02	-1.523844e-01	2.149737e-01	5.379244e-02	-4.873121e-03	-1.773632e-02	7.429309e-02	-8.207830e-02	8.476597e-02	5.811259e-03	-8.165096e-03	-4.285297e-03	-2.668418e-02	7.045147e-02	2.209033e-02	-nan	
-nan	-1.444414e-02	-nan	2.024864e-02	-9.862094e-01	1.000000e+00	-9.791477e-01	7.446946e-02	4.397036e-03	-9.248602e-02	1.677647e-01	-2.408733e-01	-7.496700e-02	6.640439e-03	1.045850e-02	-1.211600e-01	1.292544e-01	-1.299610e-01	7.251952e-04	4.281970e-03	-3.906323e-02	7.301355e-02	-1.185368e-01	-1.269055e-02	-nan	
-nan	1.473217e-01	-nan	-5.767419e-03	9.400624e-01	-9.791477e-01	1.000000e+00	-1.152150e-01	8.326600e-03	8.839830e-02	-1.702658e-01	2.506449e-01	1.737550e-01	-6.871758e-02	2.973460e-03	1.563173e-01	-1.640516e-01	1.685463e-01	-2.864535e-02	4.337783e-03	8.158857e-02	-1.164848e-01	1.596307e-01	1.256659e-02	-nan	
-nan	-2.032577e-01	-nan	-1.615221e-01	-7.626374e-02	7.446946e-02	-1.152150e-01	1.000000e+00	-4.436103e-01	-1.532352e-02	1.804849e-02	-1.529217e-02	-2.675096e-01	9.129131e-01	-2.902936e-01	-4.248621e-03	7.735709e-03	-2.526033e-02	3.312397e-01	-1.126253e-01	8.813668e-03	-7.008706e-03	7.185671e-03	1.183468e-01	-nan	
-nan	-6.909194e-02	-nan	5.424371e-01	-1.030930e-02	4.397036e-03	8.326600e-03	-4.436103e-01	1.000000e+00	-9.998019e-03	4.721393e-03	-3.165894e-03	5.533592e-02	-6.129560e-01	9.366356e-01	-2.321315e-02	1.256577e-02	-3.679358e-03	-1.360858e-01	3.170590e-01	-2.257843e-03	1.589884e-03	-2.420227e-03	-8.294445e-02	-nan	
-nan	-1.534944e-03	-nan	-2.827680e-03	8.711342e-02	-9.248602e-02	8.839830e-02	-1.532352e-02	-9.998019e-03	1.000000e+00	-9.766819e-01	8.855885e-01	-2.858811e-01	6.555086e-03	-9.172270e-03	-2.935121e-02	2.602757e-02	-2.831452e-02	-3.821349e-03	-5.603394e-03	1.729519e-01	-1.972235e-01	2.340648e-01	3.094874e-02	-nan	
-nan	3.642030e-04	-nan	-2.779876e-03	-1.523844e-01	1.677647e-01	-1.702658e-01	1.804849e-02	4.721393e-03	-9.766819e-01	1.000000e+00	-9.622085e-01	2.512090e-01	-3.271112e-03	1.813671e-03	-3.906458e-03	6.634604e-03	-2.858327e-03	5.177084e-03	3.437889e-03	-2.513617e-01	2.919695e-01	-3.486088e-01	-3.735105e-02	-nan	
-nan	-1.302080e-02	-nan	3.377629e-03	2.149737e-01	-2.408733e-01	2.506449e-01	-1.529217e-02	-3.165894e-03	8.855885e-01	-9.622085e-01	1.000000e+00	-2.289609e-01	1.083653e-02	5.387427e-04	4.698871e-02	-4.644611e-02	3.914439e-02	-2.722271e-03	-2.604329e-03	3.369941e-01	-3.962611e-01	4.755052e-01	4.417222e-02	-nan	
-nan	4.149369e-01	-nan	2.493107e-02	5.379244e-02	-7.496700e-02	1.737550e-01	-2.675096e-01	5.533592e-02	-2.858811e-01	2.512090e-01	-2.289609e-01	1.000000e+00	-5.338387e-01	5.642748e-02	6.612684e-02	-7.089408e-02	1.145282e-01	-1.942233e-01	3.463205e-02	5.280027e-02	-6.897344e-02	8.731152e-02	7.289631e-02	-nan	
-nan	-2.762700e-01	-nan	-1.045846e-01	-4.873121e-03	6.640439e-03	-6.871758e-02	9.129131e-01	-6.129560e-01	6.555086e-03	-3.271112e-03	1.083653e-02	-5.338387e-01	1.000000e+00	-2.880806e-01	-5.535353e-03	7.945071e-03	-3.847538e-02	6.017897e-01	-1.842953e-01	-1.644473e-03	2.576829e-03	-4.091806e-03	-4.866914e-02	-nan	
-nan	3.564667e-02	-nan	6.125402e-01	-1.773632e-02	1.045850e-02	2.973460e-03	-2.902936e-01	9.366356e-01	-9.172270e-03	1.813671e-03	5.387427e-04	5.642748e-02	-2.880806e-01	1.000000e+00	-4.066947e-02	3.040351e-02	-1.953753e-02	-1.961391e-01	5.435835e-01	-9.344499e-04	-1.334385e-03	6.789250e-04	1.019260e-02	-nan	
-nan	-5.089471e-03	-nan	-2.971861e-02	7.429309e-02	-1.211600e-01	1.563173e-01	-4.248621e-03	-2.321315e-02	-2.935121e-02	-3.906458e-03	4.698871e-02	6.612684e-02	-5.535353e-03	-4.066947e-02	1.000000e+00	-9.829977e-01	9.316203e-01	-9.697283e-02	-1.662973e-02	2.502910e-01	-2.741172e-01	2.953068e-01	2.739125e-02	-nan	
-nan	-1.179750e-03	-nan	2.337893e-02	-8.207830e-02	1.292544e-01	-1.640516e-01	7.735709e-03	1.256577e-02	2.602757e-02	6.634604e-03	-4.644611e-02	-7.089408e-02	7.945071e-03	3.040351e-02	-9.829977e-01	1.000000e+00	-9.801729e-01	8.469194e-02	1.028873e-02	-2.331752e-01	2.636321e-01	-2.937287e-01	-3.491957e-02	-nan	
-nan	4.136333e-02	-nan	-1.394369e-02	8.476597e-02	-1.299610e-01	1.685463e-01	-2.526033e-02	-3.679358e-03	-2.831452e-02	-2.858327e-03	3.914439e-02	1.145282e-01	-3.847538e-02	-1.953753e-02	9.316203e-01	-9.801729e-01	1.000000e+00	-1.000976e-01	-1.355555e-03	2.025604e-01	-2.389550e-01	2.775773e-01	5.181963e-02	-nan	
-nan	-1.651265e-01	-nan	-2.051994e-01	5.811259e-03	7.251952e-04	-2.864535e-02	3.312397e-01	-1.360858e-01	-3.821349e-03	5.177084e-03	-2.722271e-03	-1.942233e-01	6.017897e-01	-1.961391e-01	-9.697283e-02	8.469194e-02	-1.000976e-01	1.000000e+00	-3.887298e-01	-1.928621e-02	1.896542e-02	-1.629255e-02	2.643840e-01	-nan	
-nan	2.800765e-02	-nan	3.739613e-01	-8.165096e-03	4.281970e-03	4.337783e-03	-1.126253e-01	3.170590e-01	-5.603394e-03	3.437889e-03	-2.604329e-03	3.463205e-02	-1.842953e-01	5.435835e-01	-1.662973e-02	1.028873e-02	-1.355555e-03	-3.887298e-01	1.000000e+00	-5.905042e-03	2.389819e-03	-1.760709e-03	-1.328196e-01	-nan	
-nan	-4.561487e-04	-nan	1.216796e-04	-4.285297e-03	-3.906323e-02	8.158857e-02	8.813668e-03	-2.257843e-03	1.729519e-01	-2.513617e-01	3.369941e-01	5.280027e-02	-1.644473e-03	-9.344499e-04	2.502910e-01	-2.331752e-01	2.025604e-01	-1.928621e-02	-5.905042e-03	1.000000e+00	-9.869359e-01	9.318657e-01	-4.568349e-01	-nan	
-nan	-3.342385e-03	-nan	-1.780515e-03	-2.668418e-02	7.301355e-02	-1.164848e-01	-7.008706e-03	1.589884e-03	-1.972235e-01	2.919695e-01	-3.962611e-01	-6.897344e-02	2.576829e-03	-1.334385e-03	-2.741172e-01	2.636321e-01	-2.389550e-01	1.896542e-02	2.389819e-03	-9.869359e-01	1.000000e+00	-9.775234e-01	4.297049e-01	-nan	
-nan	2.120389e-02	-nan	9.758762e-04	7.045147e-02	-1.185368e-01	1.596307e-01	7.185671e-03	-2.420227e-03	2.340648e-01	-3.486088e-01	4.755052e-01	8.731152e-02	-4.091806e-03	6.789250e-04	2.953068e-01	-2.937287e-01	2.775773e-01	-1.629255e-02	-1.760709e-03	9.318657e-01	-9.775234e-01	1.000000e+00	-3.561059e-01	-nan	
-nan	8.249046e-02	-nan	-1.286965e-01	2.209033e-02	-1.269055e-02	1.256659e-02	1.183468e-01	-8.294445e-02	3.094874e-02	-3.735105e-02	4.417222e-02	7.289631e-02	-4.866914e-02	1.019260e-02	2.739125e-02	-3.491957e-02	5.181963e-02	2.643840e-01	-1.328196e-01	-4.568349e-01	4.297049e-01	-3.561059e-01	1.000000e+00	-nan	
-1.682348e-01	-nan	-1.968366e+00	-nan	-nan	-nan	-nan	-nan	-nan	-nan	-nan	-nan	-nan	-nan	-nan	-nan	-nan	-nan	-nan	-nan	-nan	-nan	-nan	-nan	-1.000000e+00	

Time taken for mcmc chain: 43.133333 minutes
