Number of steps: 15744218
Number of accepted steps: 1000000
Burn-in number of steps: 320000
Accepted fraction of steps: 0.063515
Convergence Status
R[0]= 1.000290	R[1]= 1.000076	R[2]= 1.002199	R[3]= 1.000884	R[4]= 1.000686	R[5]= 1.000851	R[6]= 1.000991	R[7]= 1.000611	R[8]= 1.000625	R[9]= 1.000486	R[10]= 1.000769	R[11]= 1.001241	R[12]= 1.000544	R[13]= 1.000706	R[14]= 1.000130	R[15]= 1.001491	R[16]= 1.001559	R[17]= 1.001631	R[18]= 1.001064	R[19]= 1.001796	R[20]= 1.001288	R[21]= 1.001741	R[22]= 1.002357	R[23]= 1.000298	R[24]= 1.000451	
<R>= 1.000991

Mean parameters
A[0]= 8.908650e-01 pm 3.165594e-02
A[1]= 9.938628e-01 pm 2.463616e-02
A[2]= 5.038775e-01 pm 3.652727e-01
A[3]= 4.011006e+00 pm 1.242125e+00
A[4]= -3.063482e+03 pm 3.501256e+03
A[5]= 1.634297e+03 pm 2.292315e+03
A[6]= -1.161077e+01 pm 5.308414e+02
A[7]= 1.174015e+01 pm 1.222082e+01
A[8]= -1.895655e-01 pm 1.799814e-01
A[9]= -2.837364e+03 pm 7.486257e+03
A[10]= 1.034911e+03 pm 4.460865e+03
A[11]= -2.988131e+02 pm 9.240503e+02
A[12]= 1.923907e+01 pm 4.317021e+01
A[13]= -4.632992e-01 pm 8.419770e-01
A[14]= 5.666859e+00 pm 1.665311e+00
A[15]= -9.346919e+03 pm 4.859810e+03
A[16]= 6.217201e+03 pm 3.184795e+03
A[17]= -1.096879e+03 pm 7.382638e+02
A[18]= 1.490851e+01 pm 1.776469e+01
A[19]= -4.291826e-02 pm 2.516283e-01
A[20]= -1.539112e+03 pm 1.060058e+04
A[21]= 6.868837e+02 pm 6.393747e+03
A[22]= -4.590930e+02 pm 1.339177e+03
A[23]= 1.769544e+01 pm 6.117771e+01
A[24]= -6.726415e-01 pm 1.203439e+00

Best-fitting parameters
A[0]= 8.927397e-01
A[1]= 9.739188e-01
A[2]= 2.636873e-01
A[3]= 4.680069e+00
A[4]= -3.263911e+03
A[5]= 1.674682e+03
A[6]= -1.882851e+00
A[7]= 8.113432e+00
A[8]= -1.335628e-01
A[9]= -3.576510e+03
A[10]= 1.237890e+03
A[11]= -2.660565e+02
A[12]= 4.714310e+01
A[13]= -1.094242e+00
A[14]= 6.164242e+00
A[15]= -8.095201e+03
A[16]= 5.155528e+03
A[17]= -7.795470e+02
A[18]= 2.896341e+00
A[19]= 1.152147e-01
A[20]= 5.343726e+03
A[21]= -3.964462e+03
A[22]= 5.820373e+02
A[23]= -6.616718e+00
A[24]= -2.795307e-01
chi2_min= 1.083657e+02


Cross-Covariance parameters
1.000000e+00	-5.000240e-01	-1.117266e-01	6.215199e-02	2.818465e-02	-2.135493e-02	7.952656e-03	2.012889e-02	1.242373e-03	-1.502855e-03	2.033721e-02	-5.969898e-02	8.648166e-02	-4.085597e-02	3.468487e-02	5.986532e-02	-5.691974e-02	4.606791e-02	3.403260e-02	-2.742051e-02	9.232945e-03	1.072008e-02	-5.294779e-02	1.080934e-01	-7.622994e-02	
-5.000240e-01	1.000000e+00	1.375142e-01	-1.887556e-01	8.399238e-03	-1.195363e-02	6.935516e-03	1.435392e-01	-1.442808e-01	4.156778e-02	-5.097591e-02	6.857641e-02	-1.056498e-01	4.021111e-02	-1.738738e-01	-2.570633e-02	2.690845e-02	-3.464322e-02	1.447161e-01	-1.280584e-01	-1.920706e-03	-8.188417e-03	3.245358e-02	-9.016765e-02	5.440727e-02	
-1.117266e-01	1.375142e-01	1.000000e+00	-6.591105e-01	-1.025198e-02	1.074309e-02	-4.331925e-03	-1.952068e-02	3.832740e-03	-3.673112e-01	4.857536e-01	-6.250230e-01	-1.747018e-01	2.914026e-01	-6.177631e-01	-1.290731e-01	1.342264e-01	-1.315264e-01	-1.907036e-02	4.985682e-02	-4.264176e-01	5.374417e-01	-6.657343e-01	-1.941686e-01	3.319866e-01	
6.215199e-02	-1.887556e-01	-6.591105e-01	1.000000e+00	-5.530922e-01	6.172241e-01	-6.639615e-01	1.454132e-02	2.605396e-01	1.604639e-01	-2.191805e-01	2.967649e-01	6.030911e-02	-6.967144e-02	4.331192e-01	8.078645e-02	-8.399189e-02	8.344665e-02	-1.054880e-02	-1.008442e-02	2.835055e-01	-3.567744e-01	4.407940e-01	1.244988e-01	-2.108086e-01	
2.818465e-02	8.399238e-03	-1.025198e-02	-5.530922e-01	1.000000e+00	-9.839054e-01	9.400957e-01	-5.324379e-01	1.458450e-01	6.261942e-02	-9.373972e-02	1.246454e-01	1.053361e-01	-1.072610e-01	-3.011235e-04	5.359478e-03	-7.385317e-03	9.015891e-03	8.164018e-03	-9.539059e-03	2.402654e-03	-3.686701e-03	5.635585e-03	1.053268e-02	-1.337377e-02	
-2.135493e-02	-1.195363e-02	1.074309e-02	6.172241e-01	-9.839054e-01	1.000000e+00	-9.854368e-01	4.557220e-01	-5.790650e-02	-7.605474e-02	1.105643e-01	-1.446800e-01	-1.130408e-01	1.323693e-01	-4.811537e-04	-5.127149e-03	7.495695e-03	-9.412362e-03	-8.058042e-03	9.942589e-03	-9.179346e-04	2.653757e-03	-5.369419e-03	-1.351720e-02	1.682530e-02	
7.952656e-03	6.935516e-03	-4.331925e-03	-6.639615e-01	9.400957e-01	-9.854368e-01	1.000000e+00	-3.738773e-01	-2.011403e-02	8.763898e-02	-1.234549e-01	1.584803e-01	1.103062e-01	-1.427662e-01	-1.248334e-03	4.016253e-03	-6.625683e-03	8.999475e-03	4.518443e-03	-7.215505e-03	-3.535361e-03	2.116897e-03	5.063300e-04	1.459961e-02	-1.721699e-02	
2.012889e-02	1.435392e-01	-1.952068e-02	1.454132e-02	-5.324379e-01	4.557220e-01	-3.738773e-01	1.000000e+00	-8.977425e-01	1.460672e-01	-1.346391e-01	1.088799e-01	-6.651983e-02	-1.220936e-01	-3.762338e-03	4.069569e-03	-2.256090e-03	-2.501790e-03	3.165491e-02	-2.846991e-02	9.709066e-03	-1.278775e-02	1.674624e-02	9.291971e-03	-1.744146e-02	
1.242373e-03	-1.442808e-01	3.832740e-03	2.605396e-01	1.458450e-01	-5.790650e-02	-2.011403e-02	-8.977425e-01	1.000000e+00	-1.922049e-01	1.922529e-01	-1.751319e-01	3.590317e-02	1.952524e-01	1.102242e-02	7.749296e-04	-1.335580e-03	4.359886e-03	-2.970231e-02	2.668752e-02	-9.034703e-04	3.054074e-03	-6.661235e-03	-8.844666e-03	1.618058e-02	
-1.502855e-03	4.156778e-02	-3.673112e-01	1.604639e-01	6.261942e-02	-7.605474e-02	8.763898e-02	1.460672e-01	-1.922049e-01	1.000000e+00	-9.833559e-01	9.169428e-01	-7.252421e-01	5.311687e-01	2.287276e-01	5.402898e-02	-5.542459e-02	5.244862e-02	1.630137e-02	-3.064338e-02	1.704452e-01	-2.140260e-01	2.656786e-01	6.998720e-02	-1.306265e-01	
2.033721e-02	-5.097591e-02	4.857536e-01	-2.191805e-01	-9.373972e-02	1.105643e-01	-1.234549e-01	-1.346391e-01	1.922529e-01	-9.833559e-01	1.000000e+00	-9.733922e-01	6.718231e-01	-4.716239e-01	-3.028483e-01	-6.742660e-02	6.983388e-02	-6.708687e-02	-2.010945e-02	3.812901e-02	-2.221217e-01	2.802971e-01	-3.496161e-01	-9.172185e-02	1.705051e-01	
-5.969898e-02	6.857641e-02	-6.250230e-01	2.967649e-01	1.246454e-01	-1.446800e-01	1.584803e-01	1.088799e-01	-1.751319e-01	9.169428e-01	-9.733922e-01	1.000000e+00	-5.598869e-01	3.623184e-01	3.901066e-01	8.229505e-02	-8.610126e-02	8.398233e-02	2.419307e-02	-4.669055e-02	2.832036e-01	-3.591468e-01	4.502645e-01	1.156874e-01	-2.164009e-01	
8.648166e-02	-1.056498e-01	-1.747018e-01	6.030911e-02	1.053361e-01	-1.130408e-01	1.103062e-01	-6.651983e-02	3.590317e-02	-7.252421e-01	6.718231e-01	-5.598869e-01	1.000000e+00	-9.444402e-01	1.106605e-01	1.650320e-02	-1.916161e-02	2.100255e-02	-7.200660e-04	-7.073438e-04	5.553477e-02	-7.334925e-02	9.306521e-02	4.832498e-02	-6.229040e-02	
-4.085597e-02	4.021111e-02	2.914026e-01	-6.967144e-02	-1.072610e-01	1.323693e-01	-1.427662e-01	-1.220936e-01	1.952524e-01	5.311687e-01	-4.716239e-01	3.623184e-01	-9.444402e-01	1.000000e+00	-1.816447e-01	-2.722109e-02	3.103768e-02	-3.266980e-02	-1.105603e-02	1.499385e-02	-1.091242e-01	1.428165e-01	-1.824877e-01	-6.750507e-02	1.031580e-01	
3.468487e-02	-1.738738e-01	-6.177631e-01	4.331192e-01	-3.011235e-04	-4.811537e-04	-1.248334e-03	-3.762338e-03	1.102242e-02	2.287276e-01	-3.028483e-01	3.901066e-01	1.106605e-01	-1.816447e-01	1.000000e+00	-4.951266e-01	5.593342e-01	-6.074204e-01	-3.933255e-02	2.718955e-01	1.498298e-01	-2.070572e-01	2.805272e-01	7.130692e-02	-1.086399e-01	
5.986532e-02	-2.570633e-02	-1.290731e-01	8.078645e-02	5.359478e-03	-5.127149e-03	4.016253e-03	4.069569e-03	7.749296e-04	5.402898e-02	-6.742660e-02	8.229505e-02	1.650320e-02	-2.722109e-02	-4.951266e-01	1.000000e+00	-9.843104e-01	9.408117e-01	-4.929367e-01	1.382876e-01	2.043716e-01	-2.324062e-01	2.562041e-01	5.159538e-02	-8.913415e-02	
-5.691974e-02	2.690845e-02	1.342264e-01	-8.399189e-02	-7.385317e-03	7.495695e-03	-6.625683e-03	-2.256090e-03	-1.335580e-03	-5.542459e-02	6.983388e-02	-8.610126e-02	-1.916161e-02	3.103768e-02	5.593342e-01	-9.843104e-01	1.000000e+00	-9.853831e-01	4.114270e-01	-4.644583e-02	-2.137098e-01	2.450599e-01	-2.723829e-01	-6.911926e-02	1.165110e-01	
4.606791e-02	-3.464322e-02	-1.315264e-01	8.344665e-02	9.015891e-03	-9.412362e-03	8.999475e-03	-2.501790e-03	4.359886e-03	5.244862e-02	-6.708687e-02	8.398233e-02	2.100255e-02	-3.266980e-02	-6.074204e-01	9.408117e-01	-9.853831e-01	1.000000e+00	-3.246643e-01	-3.720885e-02	2.146318e-01	-2.481327e-01	2.780810e-01	8.132967e-02	-1.349713e-01	
3.403260e-02	1.447161e-01	-1.907036e-02	-1.054880e-02	8.164018e-03	-8.058042e-03	4.518443e-03	3.165491e-02	-2.970231e-02	1.630137e-02	-2.010945e-02	2.419307e-02	-7.200660e-04	-1.105603e-02	-3.933255e-02	-4.929367e-01	4.114270e-01	-3.246643e-01	1.000000e+00	-9.153500e-01	1.858742e-02	-1.859198e-02	1.634382e-02	6.314256e-02	-1.498613e-01	
-2.742051e-02	-1.280584e-01	4.985682e-02	-1.008442e-02	-9.539059e-03	9.942589e-03	-7.215505e-03	-2.846991e-02	2.668752e-02	-3.064338e-02	3.812901e-02	-4.669055e-02	-7.073438e-04	1.499385e-02	2.718955e-01	1.382876e-01	-4.644583e-02	-3.720885e-02	-9.153500e-01	1.000000e+00	-9.996065e-02	1.095808e-01	-1.140785e-01	-8.626090e-02	2.059104e-01	
9.232945e-03	-1.920706e-03	-4.264176e-01	2.835055e-01	2.402654e-03	-9.179346e-04	-3.535361e-03	9.709066e-03	-9.034703e-04	1.704452e-01	-2.221217e-01	2.832036e-01	5.553477e-02	-1.091242e-01	1.498298e-01	2.043716e-01	-2.137098e-01	2.146318e-01	1.858742e-02	-9.996065e-02	1.000000e+00	-9.848929e-01	9.245758e-01	-6.808155e-01	5.070462e-01	
1.072008e-02	-8.188417e-03	5.374417e-01	-3.567744e-01	-3.686701e-03	2.653757e-03	2.116897e-03	-1.278775e-02	3.054074e-03	-2.140260e-01	2.802971e-01	-3.591468e-01	-7.334925e-02	1.428165e-01	-2.070572e-01	-2.324062e-01	2.450599e-01	-2.481327e-01	-1.859198e-02	1.095808e-01	-9.848929e-01	1.000000e+00	-9.758323e-01	6.239100e-01	-4.424459e-01	
-5.294779e-02	3.245358e-02	-6.657343e-01	4.407940e-01	5.635585e-03	-5.369419e-03	5.063300e-04	1.674624e-02	-6.661235e-03	2.656786e-01	-3.496161e-01	4.502645e-01	9.306521e-02	-1.824877e-01	2.805272e-01	2.562041e-01	-2.723829e-01	2.780810e-01	1.634382e-02	-1.140785e-01	9.245758e-01	-9.758323e-01	1.000000e+00	-5.120660e-01	3.284783e-01	
1.080934e-01	-9.016765e-02	-1.941686e-01	1.244988e-01	1.053268e-02	-1.351720e-02	1.459961e-02	9.291971e-03	-8.844666e-03	6.998720e-02	-9.172185e-02	1.156874e-01	4.832498e-02	-6.750507e-02	7.130692e-02	5.159538e-02	-6.911926e-02	8.132967e-02	6.314256e-02	-8.626090e-02	-6.808155e-01	6.239100e-01	-5.120660e-01	1.000000e+00	-9.637439e-01	
-7.622994e-02	5.440727e-02	3.319866e-01	-2.108086e-01	-1.337377e-02	1.682530e-02	-1.721699e-02	-1.744146e-02	1.618058e-02	-1.306265e-01	1.705051e-01	-2.164009e-01	-6.229040e-02	1.031580e-01	-1.086399e-01	-8.913415e-02	1.165110e-01	-1.349713e-01	-1.498613e-01	2.059104e-01	5.070462e-01	-4.424459e-01	3.284783e-01	-9.637439e-01	1.000000e+00	

Time taken for mcmc chain: 1.566111 hours
