Number of steps: 1189808
Number of accepted steps: 1000000
Burn-in number of steps: 320000
Accepted fraction of steps: 0.840472
Convergence Status
R[0]= 1.200850	R[1]= 1.271328	R[2]= 1.078569	R[3]= 1.095369	R[4]= 1.088249	R[5]= 1.090209	R[6]= 1.078963	R[7]= 1.012342	R[8]= 1.016991	R[9]= 1.153118	R[10]= 1.151623	R[11]= 1.156590	R[12]= 1.063585	R[13]= 1.071348	R[14]= 1.035351	R[15]= 1.130345	R[16]= 1.157982	R[17]= 1.194256	R[18]= 1.020798	R[19]= 1.100600	R[20]= 1.012862	R[21]= 1.042640	R[22]= 1.110249	R[23]= 1.016338	R[24]= 1.035250	
<R>= 1.095432

Mean parameters
A[0]= 9.049913e-01 pm 3.402475e-02
A[1]= 1.062871e+00 pm 3.316594e-02
A[2]= 6.016145e-01 pm 3.780913e-01
A[3]= 2.793575e+00 pm 7.982455e-01
A[4]= -1.673965e+03 pm 3.156281e+03
A[5]= 5.093516e+02 pm 2.053313e+03
A[6]= 3.029306e+02 pm 4.765500e+02
A[7]= 1.551094e+01 pm 1.040924e+01
A[8]= -2.950631e-01 pm 1.591175e-01
A[9]= -8.335648e+02 pm 7.841274e+03
A[10]= -2.517829e+02 pm 4.667295e+03
A[11]= -2.939174e+01 pm 9.630416e+02
A[12]= 8.633369e+00 pm 4.834666e+01
A[13]= -4.916385e-01 pm 9.399081e-01
A[14]= 3.566396e+00 pm 9.919295e-01
A[15]= -4.835047e+03 pm 4.636322e+03
A[16]= 3.123826e+03 pm 2.967530e+03
A[17]= -3.428623e+02 pm 6.725583e+02
A[18]= 1.357427e+01 pm 1.657846e+01
A[19]= -1.000854e-01 pm 2.338065e-01
A[20]= 4.637490e+03 pm 1.039959e+04
A[21]= -3.234312e+03 pm 6.035666e+03
A[22]= 3.744441e+02 pm 1.221977e+03
A[23]= -2.701350e+01 pm 6.888496e+01
A[24]= 6.041213e-02 pm 1.356699e+00

Best-fitting parameters
A[0]= 9.352405e-01
A[1]= 1.025615e+00
A[2]= 6.581986e-01
A[3]= 2.743946e+00
A[4]= -1.008281e+03
A[5]= 1.813010e+02
A[6]= 3.395126e+02
A[7]= 1.271835e+01
A[8]= -2.719100e-01
A[9]= 2.418217e+03
A[10]= -1.431573e+03
A[11]= -4.346410e+00
A[12]= -4.281695e+00
A[13]= -1.985763e-01
A[14]= 4.966455e+00
A[15]= -1.128551e+04
A[16]= 7.670711e+03
A[17]= -1.448517e+03
A[18]= 1.683609e+01
A[19]= -6.442331e-03
A[20]= -3.488894e+03
A[21]= 1.367474e+03
A[22]= -6.238233e+02
A[23]= -3.124844e+01
A[24]= 3.521222e-01
chi2_min= 9.815548e+01


Cross-Covariance parameters
1.000000e+00	-3.648480e-01	5.900379e-02	-1.022196e-01	5.165543e-02	-5.309181e-02	4.566914e-02	-6.585533e-02	8.741817e-02	-6.122337e-02	1.045302e-01	-1.747260e-01	7.614201e-02	-4.874894e-04	-2.100735e-01	2.048389e-01	-1.826160e-01	1.520911e-01	-6.317521e-02	1.976630e-02	3.096736e-02	1.628483e-02	-1.060545e-01	2.620896e-02	5.456653e-03	
-3.648480e-01	1.000000e+00	2.190942e-01	-3.198666e-01	5.845379e-02	-5.864678e-02	4.259151e-02	2.098923e-01	-2.531628e-01	-9.337913e-02	7.199920e-02	-4.084704e-02	3.045379e-02	-1.207600e-01	-3.316588e-01	1.326949e-02	-2.310878e-02	2.171656e-02	2.365134e-01	-2.630552e-01	-1.419099e-01	1.201972e-01	-7.616021e-02	5.746660e-02	-8.264417e-02	
5.900379e-02	2.190942e-01	1.000000e+00	-6.293549e-01	-3.122612e-01	3.229473e-01	-3.213385e-01	1.129611e-01	-1.418329e-02	-4.314205e-01	5.350323e-01	-6.605562e-01	-1.587246e-01	2.720161e-01	-5.329096e-01	-3.869582e-01	3.947439e-01	-3.896589e-01	7.444350e-02	7.742001e-02	-2.826239e-01	4.025192e-01	-5.628715e-01	-2.477901e-01	3.777808e-01	
-1.022196e-01	-3.198666e-01	-6.293549e-01	1.000000e+00	-3.708230e-01	4.270951e-01	-4.699903e-01	-3.932967e-03	2.205350e-01	3.463192e-01	-3.716589e-01	4.015610e-01	-9.440787e-02	4.294641e-02	4.973574e-01	9.683807e-02	-8.888839e-02	8.576048e-02	-5.905870e-02	4.150143e-02	1.711616e-01	-2.491915e-01	3.532169e-01	6.094267e-02	-1.188193e-01	
5.165543e-02	5.845379e-02	-3.122612e-01	-3.708230e-01	1.000000e+00	-9.834756e-01	9.348825e-01	-5.479803e-01	1.621419e-01	-4.530110e-03	-7.528229e-02	1.757382e-01	2.860067e-01	-2.832773e-01	6.295253e-02	2.793996e-01	-2.815201e-01	2.657646e-01	-1.134268e-01	6.119458e-04	5.607514e-02	-8.976517e-02	1.405276e-01	1.786741e-01	-2.210768e-01	
-5.309181e-02	-5.864678e-02	3.229473e-01	4.270951e-01	-9.834756e-01	1.000000e+00	-9.831361e-01	4.874353e-01	-8.876601e-02	-1.287521e-03	8.663538e-02	-1.942389e-01	-3.021779e-01	3.065480e-01	-4.995250e-02	-2.896730e-01	2.979783e-01	-2.872000e-01	9.300301e-02	3.095504e-02	-7.333197e-02	1.062303e-01	-1.550548e-01	-1.928676e-01	2.456466e-01	
4.566914e-02	4.259151e-02	-3.213385e-01	-4.699903e-01	9.348825e-01	-9.831361e-01	1.000000e+00	-4.199966e-01	2.459138e-02	1.332070e-02	-1.003509e-01	2.104062e-01	2.984138e-01	-3.067775e-01	3.718353e-02	2.853036e-01	-3.008893e-01	2.972621e-01	-7.149426e-02	-5.989707e-02	9.187299e-02	-1.221596e-01	1.663193e-01	1.960784e-01	-2.578548e-01	
-6.585533e-02	2.098923e-01	1.129611e-01	-3.932967e-03	-5.479803e-01	4.874353e-01	-4.199966e-01	1.000000e+00	-8.931408e-01	6.437088e-02	-5.264692e-02	2.626801e-02	-5.882891e-02	-1.176068e-01	-1.774733e-01	1.284214e-02	-3.667289e-02	6.024624e-02	8.826379e-02	-1.194382e-01	-4.281604e-02	2.558401e-02	-6.820230e-03	-1.292026e-02	1.082125e-02	
8.741817e-02	-2.531628e-01	-1.418329e-02	2.205350e-01	1.621419e-01	-8.876601e-02	2.459138e-02	-8.931408e-01	1.000000e+00	-7.204418e-02	9.646062e-02	-1.110983e-01	-4.555627e-02	2.567664e-01	1.672748e-01	-9.037437e-02	1.192242e-01	-1.418991e-01	-9.242529e-02	1.616853e-01	4.110417e-02	-8.631542e-03	-3.246649e-02	-6.047010e-02	7.805641e-02	
-6.122337e-02	-9.337913e-02	-4.314205e-01	3.463192e-01	-4.530110e-03	-1.287521e-03	1.332070e-02	6.437088e-02	-7.204418e-02	1.000000e+00	-9.847692e-01	9.221400e-01	-7.420336e-01	5.768769e-01	2.015066e-01	2.284201e-01	-2.119221e-01	1.929474e-01	1.398071e-02	-1.099272e-01	2.510274e-02	-9.446604e-02	1.885659e-01	1.584055e-01	-2.046627e-01	
1.045302e-01	7.199920e-02	5.350323e-01	-3.716589e-01	-7.528229e-02	8.663538e-02	-1.003509e-01	-5.264692e-02	9.646062e-02	-9.847692e-01	1.000000e+00	-9.745227e-01	6.854869e-01	-5.110774e-01	-2.479957e-01	-2.678355e-01	2.562114e-01	-2.395826e-01	-1.705528e-02	1.330730e-01	-4.137080e-02	1.247262e-01	-2.394377e-01	-2.099432e-01	2.748616e-01	
-1.747260e-01	-4.084704e-02	-6.605562e-01	4.015610e-01	1.757382e-01	-1.942389e-01	2.104062e-01	2.626801e-02	-1.110983e-01	9.221400e-01	-9.745227e-01	1.000000e+00	-5.680246e-01	3.912805e-01	3.108170e-01	3.066385e-01	-3.029867e-01	2.910396e-01	1.692775e-02	-1.549398e-01	7.989485e-02	-1.791376e-01	3.175148e-01	2.535067e-01	-3.432872e-01	
7.614201e-02	3.045379e-02	-1.587246e-01	-9.440787e-02	2.860067e-01	-3.021779e-01	2.984138e-01	-5.882891e-02	-4.555627e-02	-7.420336e-01	6.854869e-01	-5.680246e-01	1.000000e+00	-9.505857e-01	4.128232e-02	1.011331e-01	-1.291639e-01	1.471717e-01	-1.028180e-01	6.962094e-02	1.565419e-01	-1.655289e-01	1.750181e-01	2.644635e-03	-3.602558e-02	
-4.874894e-04	-1.207600e-01	2.720161e-01	4.294641e-02	-2.832773e-01	3.065480e-01	-3.067775e-01	-1.176068e-01	2.567664e-01	5.768769e-01	-5.110774e-01	3.912805e-01	-9.505857e-01	1.000000e+00	-5.057088e-02	-1.948309e-01	2.271444e-01	-2.461618e-01	9.839271e-02	-2.460223e-02	-1.514564e-01	1.909516e-01	-2.420415e-01	-6.052036e-02	1.090571e-01	
-2.100735e-01	-3.316588e-01	-5.329096e-01	4.973574e-01	6.295253e-02	-4.995250e-02	3.718353e-02	-1.774733e-01	1.672748e-01	2.015066e-01	-2.479957e-01	3.108170e-01	4.128232e-02	-5.057088e-02	1.000000e+00	-3.578190e-01	4.146154e-01	-4.669009e-01	-6.502564e-02	2.427177e-01	3.648847e-02	-9.239113e-02	1.761072e-01	1.220396e-02	-3.296063e-02	
2.048389e-01	1.326949e-02	-3.869582e-01	9.683807e-02	2.793996e-01	-2.896730e-01	2.853036e-01	1.284214e-02	-9.037437e-02	2.284201e-01	-2.678355e-01	3.066385e-01	1.011331e-01	-1.948309e-01	-3.578190e-01	1.000000e+00	-9.860923e-01	9.408903e-01	-5.223085e-01	1.649581e-01	1.837455e-01	-2.305212e-01	2.903376e-01	2.459569e-01	-3.005514e-01	
-1.826160e-01	-2.310878e-02	3.947439e-01	-8.888839e-02	-2.815201e-01	2.979783e-01	-3.008893e-01	-3.667289e-02	1.192242e-01	-2.119221e-01	2.562114e-01	-3.029867e-01	-1.291639e-01	2.271444e-01	4.146154e-01	-9.860923e-01	1.000000e+00	-9.834064e-01	4.701077e-01	-9.888789e-02	-2.093974e-01	2.614893e-01	-3.270863e-01	-2.447593e-01	3.124635e-01	
1.520911e-01	2.171656e-02	-3.896589e-01	8.576048e-02	2.657646e-01	-2.872000e-01	2.972621e-01	6.024624e-02	-1.418991e-01	1.929474e-01	-2.395826e-01	2.910396e-01	1.471717e-01	-2.461618e-01	-4.669009e-01	9.408903e-01	-9.834064e-01	1.000000e+00	-4.063948e-01	3.587691e-02	2.226340e-01	-2.792241e-01	3.496111e-01	2.389220e-01	-3.155682e-01	
-6.317521e-02	2.365134e-01	7.444350e-02	-5.905870e-02	-1.134268e-01	9.300301e-02	-7.149426e-02	8.826379e-02	-9.242529e-02	1.398071e-02	-1.705528e-02	1.692775e-02	-1.028180e-01	9.839271e-02	-6.502564e-02	-5.223085e-01	4.701077e-01	-4.063948e-01	1.000000e+00	-9.123972e-01	6.106279e-03	-9.324797e-04	-1.365141e-02	-2.327525e-02	-4.537770e-02	
1.976630e-02	-2.630552e-01	7.742001e-02	4.150143e-02	6.119458e-04	3.095504e-02	-5.989707e-02	-1.194382e-01	1.616853e-01	-1.099272e-01	1.330730e-01	-1.549398e-01	6.962094e-02	-2.460223e-02	2.427177e-01	1.649581e-01	-9.888789e-02	3.587691e-02	-9.123972e-01	1.000000e+00	-1.137525e-01	1.289185e-01	-1.382060e-01	-6.006534e-02	1.754752e-01	
3.096736e-02	-1.419099e-01	-2.826239e-01	1.711616e-01	5.607514e-02	-7.333197e-02	9.187299e-02	-4.281604e-02	4.110417e-02	2.510274e-02	-4.137080e-02	7.989485e-02	1.565419e-01	-1.514564e-01	3.648847e-02	1.837455e-01	-2.093974e-01	2.226340e-01	6.106279e-03	-1.137525e-01	1.000000e+00	-9.837758e-01	9.109372e-01	-7.375004e-01	5.903372e-01	
1.628483e-02	1.201972e-01	4.025192e-01	-2.491915e-01	-8.976517e-02	1.062303e-01	-1.221596e-01	2.558401e-02	-8.631542e-03	-9.446604e-02	1.247262e-01	-1.791376e-01	-1.655289e-01	1.909516e-01	-9.239113e-02	-2.305212e-01	2.614893e-01	-2.792241e-01	-9.324797e-04	1.289185e-01	-9.837758e-01	1.000000e+00	-9.691858e-01	6.928987e-01	-5.344415e-01	
-1.060545e-01	-7.616021e-02	-5.628715e-01	3.532169e-01	1.405276e-01	-1.550548e-01	1.663193e-01	-6.820230e-03	-3.246649e-02	1.885659e-01	-2.394377e-01	3.175148e-01	1.750181e-01	-2.420415e-01	1.761072e-01	2.903376e-01	-3.270863e-01	3.496111e-01	-1.365141e-02	-1.382060e-01	9.109372e-01	-9.691858e-01	1.000000e+00	-5.782783e-01	4.111442e-01	
2.620896e-02	5.746660e-02	-2.477901e-01	6.094267e-02	1.786741e-01	-1.928676e-01	1.960784e-01	-1.292026e-02	-6.047010e-02	1.584055e-01	-2.099432e-01	2.535067e-01	2.644635e-03	-6.052036e-02	1.220396e-02	2.459569e-01	-2.447593e-01	2.389220e-01	-2.327525e-02	-6.006534e-02	-7.375004e-01	6.928987e-01	-5.782783e-01	1.000000e+00	-9.710072e-01	
5.456653e-03	-8.264417e-02	3.777808e-01	-1.188193e-01	-2.210768e-01	2.456466e-01	-2.578548e-01	1.082125e-02	7.805641e-02	-2.046627e-01	2.748616e-01	-3.432872e-01	-3.602558e-02	1.090571e-01	-3.296063e-02	-3.005514e-01	3.124635e-01	-3.155682e-01	-4.537770e-02	1.754752e-01	5.903372e-01	-5.344415e-01	4.111442e-01	-9.710072e-01	1.000000e+00	

Time taken for mcmc chain: 8.983333 minutes
