Number of steps: 9357951
Number of accepted steps: 1000000
Burn-in number of steps: 320000
Accepted fraction of steps: 0.106861
Convergence Status
R[0]= 1.037615	R[1]= 1.056931	R[2]= 1.259197	R[3]= 1.041458	R[4]= 1.007229	R[5]= 1.007568	R[6]= 1.011555	R[7]= 1.007392	R[8]= 1.007284	R[9]= 1.010092	R[10]= 1.010655	R[11]= 1.027979	R[12]= 1.014382	R[13]= 1.020986	R[14]= 1.075636	R[15]= 1.017431	R[16]= 1.026348	R[17]= 1.039451	R[18]= 1.027611	R[19]= 1.012521	R[20]= 1.011947	R[21]= 1.015865	R[22]= 1.025514	R[23]= 1.012890	R[24]= 1.006332	
<R>= 1.031675

Mean parameters
A[0]= 8.889359e-01 pm 1.005139e-01
A[1]= 1.030229e+00 pm 6.136000e-02
A[2]= 7.444632e-01 pm 5.349337e-01
A[3]= 5.415673e-01 pm 3.939796e-01
A[4]= 1.369043e+04 pm 2.732600e+03
A[5]= -9.237228e+03 pm 1.677865e+03
A[6]= 2.450266e+03 pm 4.693989e+02
A[7]= -1.960075e+01 pm 1.602294e+01
A[8]= -2.193955e-02 pm 1.952861e-01
A[9]= 1.605911e+04 pm 8.778427e+03
A[10]= -1.044677e+04 pm 4.858173e+03
A[11]= 2.035352e+03 pm 9.148359e+02
A[12]= -7.735670e+01 pm 5.364425e+01
A[13]= 1.302388e+00 pm 1.003062e+00
A[14]= 7.936401e-01 pm 5.780502e-01
A[15]= 1.282252e+04 pm 4.067513e+03
A[16]= -7.830683e+03 pm 2.492463e+03
A[17]= 1.938751e+03 pm 6.817357e+02
A[18]= -3.126722e+00 pm 2.386039e+01
A[19]= -1.521675e-01 pm 2.810421e-01
A[20]= 2.006296e+04 pm 1.161488e+04
A[21]= -1.203010e+04 pm 6.547056e+03
A[22]= 1.994251e+03 pm 1.270053e+03
A[23]= -4.656435e+01 pm 7.205725e+01
A[24]= 1.018429e-02 pm 1.333321e+00

Best-fitting parameters
A[0]= 8.608902e-01
A[1]= 9.508585e-01
A[2]= 1.994883e-01
A[3]= 1.919073e+00
A[4]= 1.245673e+04
A[5]= -7.247863e+03
A[6]= 1.597967e+03
A[7]= -9.245851e+00
A[8]= 2.583221e-02
A[9]= 1.874880e+04
A[10]= -1.202606e+04
A[11]= 2.422755e+03
A[12]= -1.001876e+02
A[13]= 1.774643e+00
A[14]= 3.066973e+00
A[15]= 1.065031e+04
A[16]= -4.622956e+03
A[17]= 5.346425e+02
A[18]= 1.082640e+01
A[19]= -5.533816e-02
A[20]= 2.918653e+04
A[21]= -1.799098e+04
A[22]= 3.259472e+03
A[23]= -1.302763e+02
A[24]= 1.515649e+00
chi2_min= 1.224496e+02


Cross-Covariance parameters
1.000000e+00	-3.550024e-01	-3.357948e-02	-1.130482e-01	9.222149e-02	-1.107407e-01	1.040242e-01	-3.050855e-02	-1.793325e-03	1.275507e-01	-1.054060e-01	3.252176e-02	-1.286738e-02	2.140790e-02	-1.057964e-01	1.233731e-01	-1.542220e-01	1.567820e-01	-6.399097e-02	7.078593e-03	1.083881e-01	-9.430249e-02	3.585401e-02	1.245501e-02	-1.163725e-02	
-3.550024e-01	1.000000e+00	1.907375e-01	-1.649829e-01	4.732047e-02	-2.850185e-02	-1.590715e-02	3.296948e-02	-3.090794e-02	-5.371068e-02	6.026909e-02	-5.827919e-02	2.106366e-02	-2.570295e-02	-2.238188e-01	7.372106e-02	-9.777526e-02	1.049527e-01	-4.708171e-02	1.405224e-02	7.203872e-03	-1.591358e-02	5.596857e-02	-4.105564e-02	1.558697e-02	
-3.357948e-02	1.907375e-01	1.000000e+00	-2.907632e-01	-1.058730e-01	1.580484e-01	-2.001217e-01	1.090078e-01	-1.366978e-02	3.994988e-02	4.994287e-02	-2.585743e-01	-1.555963e-02	1.109609e-01	-4.176889e-01	5.754133e-02	-5.771875e-02	5.114867e-02	-9.941051e-02	9.385977e-02	-1.097186e-01	1.744159e-01	-3.116194e-01	9.587901e-02	-9.217714e-03	
-1.130482e-01	-1.649829e-01	-2.907632e-01	1.000000e+00	-2.600527e-01	5.049289e-01	-7.272570e-01	4.026048e-01	-1.118416e-01	-1.211051e-01	1.303932e-01	-1.293008e-01	6.512628e-02	-4.976879e-02	6.990450e-02	4.643825e-03	-2.322854e-02	5.330829e-02	-1.685794e-02	-5.927591e-03	6.181038e-02	-8.250072e-02	1.262322e-01	-5.118039e-02	2.360452e-02	
9.222149e-02	4.732047e-02	-1.058730e-01	-2.600527e-01	1.000000e+00	-9.363458e-01	6.974231e-01	-8.117753e-01	6.707379e-01	1.284174e-02	-3.251891e-02	7.329007e-02	-1.993253e-02	1.026824e-01	4.359109e-02	-2.125389e-04	-1.119080e-02	1.629944e-02	-5.210618e-03	2.213753e-03	3.920804e-02	-4.904979e-02	6.715759e-02	-2.073849e-02	-1.809934e-03	
-1.107407e-01	-2.850185e-02	1.580484e-01	5.049289e-01	-9.363458e-01	1.000000e+00	-9.023506e-01	8.982002e-01	-6.727367e-01	-4.506604e-02	8.501224e-02	-1.640238e-01	4.302463e-02	-1.003931e-01	-9.758929e-02	2.192761e-02	-2.081408e-02	2.628931e-02	-2.257069e-02	9.906423e-03	-1.671062e-02	2.882557e-02	-5.275415e-02	9.596781e-03	9.832213e-03	
1.040242e-01	-1.590715e-02	-2.001217e-01	-7.272570e-01	6.974231e-01	-9.023506e-01	1.000000e+00	-8.355129e-01	5.399996e-01	8.636555e-02	-1.461418e-01	2.614183e-01	-7.508438e-02	8.722166e-02	1.549118e-01	-5.144603e-02	6.403651e-02	-8.079532e-02	5.741050e-02	-2.620726e-02	-1.824547e-02	4.696067e-03	2.345402e-02	8.342860e-03	-2.097852e-02	
-3.050855e-02	3.296948e-02	1.090078e-01	4.026048e-01	-8.117753e-01	8.982002e-01	-8.355129e-01	1.000000e+00	-8.986144e-01	1.505169e-02	2.445520e-02	-1.071548e-01	3.936515e-02	-1.631632e-01	-1.169834e-01	4.564525e-02	-5.309507e-02	6.295710e-02	-3.183295e-02	1.115389e-03	1.401208e-02	-5.561399e-03	-1.287947e-02	-2.295164e-03	8.013537e-03	
-1.793325e-03	-3.090794e-02	-1.366978e-02	-1.118416e-01	6.707379e-01	-6.727367e-01	5.399996e-01	-8.986144e-01	1.000000e+00	-8.661606e-02	7.010415e-02	-2.807472e-02	-4.923832e-05	1.927375e-01	4.950972e-02	-2.555282e-02	2.434191e-02	-2.481696e-02	1.049712e-03	1.843510e-02	-1.913688e-02	1.492234e-02	-5.432611e-03	7.323381e-03	-6.836868e-03	
1.275507e-01	-5.371068e-02	3.994988e-02	-1.211051e-01	1.284174e-02	-4.506604e-02	8.636555e-02	1.505169e-02	-8.661606e-02	1.000000e+00	-9.872181e-01	9.025525e-01	-9.025393e-01	7.960741e-01	-7.880045e-02	5.344981e-02	-6.827781e-02	8.263321e-02	-4.695244e-02	1.955343e-02	3.955457e-02	-4.215646e-02	3.792775e-02	-2.714582e-02	3.324946e-02	
-1.054060e-01	6.026909e-02	4.994287e-02	1.303932e-01	-3.251891e-02	8.501224e-02	-1.461418e-01	2.445520e-02	7.010415e-02	-9.872181e-01	1.000000e+00	-9.571780e-01	9.356154e-01	-8.249205e-01	3.061466e-02	-3.621698e-02	4.672723e-02	-5.924689e-02	2.401791e-02	-2.691690e-03	-4.013929e-02	4.795238e-02	-5.594112e-02	3.114301e-02	-3.068799e-02	
3.252176e-02	-5.827919e-02	-2.585743e-01	-1.293008e-01	7.329007e-02	-1.640238e-01	2.614183e-01	-1.071548e-01	-2.807472e-02	9.025525e-01	-9.571780e-01	1.000000e+00	-9.197315e-01	8.023883e-01	8.049797e-02	4.061813e-04	-3.526146e-03	1.318624e-02	1.873536e-02	-2.666243e-02	3.985715e-02	-6.174905e-02	1.029184e-01	-4.207948e-02	2.489628e-02	
-1.286738e-02	2.106366e-02	-1.555963e-02	6.512628e-02	-1.993253e-02	4.302463e-02	-7.508438e-02	3.936515e-02	-4.923832e-05	-9.025393e-01	9.356154e-01	-9.197315e-01	1.000000e+00	-9.536207e-01	3.343336e-02	-2.267946e-02	2.331736e-02	-2.890733e-02	8.064948e-03	2.470570e-03	-2.477566e-02	2.687824e-02	-2.543550e-02	2.292413e-02	-2.797214e-02	
2.140790e-02	-2.570295e-02	1.109609e-01	-4.976879e-02	1.026824e-01	-1.003931e-01	8.722166e-02	-1.631632e-01	1.927375e-01	7.960741e-01	-8.249205e-01	8.023883e-01	-9.536207e-01	1.000000e+00	-5.779291e-02	2.361149e-02	-2.258088e-02	2.547214e-02	-1.577893e-02	9.554750e-03	1.132670e-02	-6.754032e-03	-9.379923e-03	-8.482482e-03	2.201671e-02	
-1.057964e-01	-2.238188e-01	-4.176889e-01	6.990450e-02	4.359109e-02	-9.758929e-02	1.549118e-01	-1.169834e-01	4.950972e-02	-7.880045e-02	3.061466e-02	8.049797e-02	3.343336e-02	-5.779291e-02	1.000000e+00	-3.228262e-01	5.513055e-01	-7.710502e-01	4.507871e-01	-1.712074e-01	-8.663038e-02	9.840542e-02	-1.106975e-01	4.279249e-02	-2.424475e-02	
1.233731e-01	7.372106e-02	5.754133e-02	4.643825e-03	-2.125389e-04	2.192761e-02	-5.144603e-02	4.564525e-02	-2.555282e-02	5.344981e-02	-3.621698e-02	4.061813e-04	-2.267946e-02	2.361149e-02	-3.228262e-01	1.000000e+00	-9.463987e-01	7.322052e-01	-8.448371e-01	7.318202e-01	6.576209e-02	-7.115245e-02	8.503690e-02	-3.090974e-02	6.383603e-02	
-1.542220e-01	-9.777526e-02	-5.771875e-02	-2.322854e-02	-1.119080e-02	-2.081408e-02	6.403651e-02	-5.309507e-02	2.434191e-02	-6.827781e-02	4.672723e-02	-3.526146e-03	2.331736e-02	-2.258088e-02	5.513055e-01	-9.463987e-01	1.000000e+00	-9.107721e-01	9.089050e-01	-7.236932e-01	-1.014490e-01	1.243505e-01	-1.696448e-01	5.636871e-02	-6.637038e-02	
1.567820e-01	1.049527e-01	5.114867e-02	5.330829e-02	1.629944e-02	2.628931e-02	-8.079532e-02	6.295710e-02	-2.481696e-02	8.263321e-02	-5.924689e-02	1.318624e-02	-2.890733e-02	2.547214e-02	-7.710502e-01	7.322052e-01	-9.107721e-01	1.000000e+00	-8.361780e-01	5.813148e-01	1.377474e-01	-1.798876e-01	2.598021e-01	-8.610588e-02	6.275534e-02	
-6.399097e-02	-4.708171e-02	-9.941051e-02	-1.685794e-02	-5.210618e-03	-2.257069e-02	5.741050e-02	-3.183295e-02	1.049712e-03	-4.695244e-02	2.401791e-02	1.873536e-02	8.064948e-03	-1.577893e-02	4.507871e-01	-8.448371e-01	9.089050e-01	-8.361780e-01	1.000000e+00	-9.213310e-01	-3.442637e-02	5.484483e-02	-9.812676e-02	4.311904e-02	-9.934589e-02	
7.078593e-03	1.405224e-02	9.385977e-02	-5.927591e-03	2.213753e-03	9.906423e-03	-2.620726e-02	1.115389e-03	1.843510e-02	1.955343e-02	-2.691690e-03	-2.666243e-02	2.470570e-03	9.554750e-03	-1.712074e-01	7.318202e-01	-7.236932e-01	5.813148e-01	-9.213310e-01	1.000000e+00	-3.294452e-02	2.780407e-02	-1.011338e-02	-1.445854e-02	1.185512e-01	
1.083881e-01	7.203872e-03	-1.097186e-01	6.181038e-02	3.920804e-02	-1.671062e-02	-1.824547e-02	1.401208e-02	-1.913688e-02	3.955457e-02	-4.013929e-02	3.985715e-02	-2.477566e-02	1.132670e-02	-8.663038e-02	6.576209e-02	-1.014490e-01	1.377474e-01	-3.442637e-02	-3.294452e-02	1.000000e+00	-9.880160e-01	9.161843e-01	-8.962026e-01	8.032871e-01	
-9.430249e-02	-1.591358e-02	1.744159e-01	-8.250072e-02	-4.904979e-02	2.882557e-02	4.696067e-03	-5.561399e-03	1.492234e-02	-4.215646e-02	4.795238e-02	-6.174905e-02	2.687824e-02	-6.754032e-03	9.840542e-02	-7.115245e-02	1.243505e-01	-1.798876e-01	5.484483e-02	2.780407e-02	-9.880160e-01	1.000000e+00	-9.646055e-01	9.285479e-01	-8.312187e-01	
3.585401e-02	5.596857e-02	-3.116194e-01	1.262322e-01	6.715759e-02	-5.275415e-02	2.345402e-02	-1.287947e-02	-5.432611e-03	3.792775e-02	-5.594112e-02	1.029184e-01	-2.543550e-02	-9.379923e-03	-1.106975e-01	8.503690e-02	-1.696448e-01	2.598021e-01	-9.812676e-02	-1.011338e-02	9.161843e-01	-9.646055e-01	1.000000e+00	-9.155277e-01	8.094770e-01	
1.245501e-02	-4.105564e-02	9.587901e-02	-5.118039e-02	-2.073849e-02	9.596781e-03	8.342860e-03	-2.295164e-03	7.323381e-03	-2.714582e-02	3.114301e-02	-4.207948e-02	2.292413e-02	-8.482482e-03	4.279249e-02	-3.090974e-02	5.636871e-02	-8.610588e-02	4.311904e-02	-1.445854e-02	-8.962026e-01	9.285479e-01	-9.155277e-01	1.000000e+00	-9.656042e-01	
-1.163725e-02	1.558697e-02	-9.217714e-03	2.360452e-02	-1.809934e-03	9.832213e-03	-2.097852e-02	8.013537e-03	-6.836868e-03	3.324946e-02	-3.068799e-02	2.489628e-02	-2.797214e-02	2.201671e-02	-2.424475e-02	6.383603e-02	-6.637038e-02	6.275534e-02	-9.934589e-02	1.185512e-01	8.032871e-01	-8.312187e-01	8.094770e-01	-9.656042e-01	1.000000e+00	

Time taken for mcmc chain: 3.219444 hours
