Number of steps: 1095798
Number of accepted steps: 1000000
Burn-in number of steps: 320000
Accepted fraction of steps: 0.912577
Convergence Status
R[0]= 1.044594	R[1]= 1.173396	R[2]= 1.318506	R[3]= 1.178533	R[4]= 1.087142	R[5]= 1.064668	R[6]= 1.042923	R[7]= 1.069514	R[8]= 1.048840	R[9]= 1.032328	R[10]= 1.045869	R[11]= 1.069786	R[12]= 1.042487	R[13]= 1.079515	R[14]= 1.102927	R[15]= 1.111554	R[16]= 1.122171	R[17]= 1.114813	R[18]= 1.044858	R[19]= 1.009608	R[20]= 1.243910	R[21]= 1.288398	R[22]= 1.332671	R[23]= 1.081419	R[24]= 1.037816	
<R>= 1.111530

Mean parameters
A[0]= 9.153411e-01 pm 2.973656e-02
A[1]= 1.038374e+00 pm 3.002340e-02
A[2]= 6.846690e-01 pm 2.793794e-01
A[3]= 2.829589e+00 pm 6.474938e-01
A[4]= -2.296896e+03 pm 2.845852e+03
A[5]= 9.331521e+02 pm 1.834858e+03
A[6]= 2.010780e+02 pm 4.303904e+02
A[7]= 1.417482e+01 pm 9.980135e+00
A[8]= -2.617612e-01 pm 1.580033e-01
A[9]= -2.402312e+03 pm 8.264051e+03
A[10]= 9.229007e+02 pm 4.819186e+03
A[11]= -3.333922e+02 pm 9.520583e+02
A[12]= 8.385293e+00 pm 4.778511e+01
A[13]= -3.513405e-01 pm 8.773904e-01
A[14]= 3.728751e+00 pm 9.529151e-01
A[15]= -5.254527e+03 pm 3.813742e+03
A[16]= 3.605837e+03 pm 2.500714e+03
A[17]= -4.986274e+02 pm 5.937899e+02
A[18]= 1.084534e+01 pm 1.456974e+01
A[19]= -5.478434e-02 pm 2.129476e-01
A[20]= 7.646599e+03 pm 9.015116e+03
A[21]= -4.301664e+03 pm 5.218933e+03
A[22]= 3.963248e+02 pm 1.043290e+03
A[23]= -5.033051e+01 pm 5.433146e+01
A[24]= 5.783448e-01 pm 1.049989e+00

Best-fitting parameters
A[0]= 9.230904e-01
A[1]= 1.035295e+00
A[2]= 6.199235e-01
A[3]= 2.778153e+00
A[4]= 1.006198e+03
A[5]= -8.730955e+02
A[6]= 5.135484e+02
A[7]= 5.071115e+00
A[8]= -1.997273e-01
A[9]= -5.068475e+03
A[10]= 1.990858e+03
A[11]= -4.437207e+02
A[12]= 2.039417e+01
A[13]= -4.907824e-01
A[14]= 4.951086e+00
A[15]= -7.580306e+03
A[16]= 5.603242e+03
A[17]= -1.073879e+03
A[18]= -1.952998e+00
A[19]= 2.118960e-01
A[20]= 1.820758e+03
A[21]= -1.053386e+03
A[22]= -2.281572e+02
A[23]= -3.459746e+01
A[24]= 4.220384e-01
chi2_min= 9.704736e+01


Cross-Covariance parameters
1.000000e+00	-4.230386e-01	5.060740e-02	-1.625198e-02	-2.784703e-03	-5.249681e-03	-4.382449e-03	-3.971340e-03	4.512150e-02	-1.260164e-01	1.572876e-01	-2.084429e-01	1.255770e-01	-3.920807e-02	4.119846e-02	7.128673e-03	1.044292e-02	-3.616865e-02	-2.286410e-02	6.258933e-02	-1.916205e-02	6.165611e-02	-1.486149e-01	7.997482e-02	-5.559824e-02	
-4.230386e-01	1.000000e+00	1.473427e-01	-1.896496e-01	-1.209173e-01	1.125055e-01	-1.103699e-01	2.191151e-01	-1.598897e-01	1.225768e-01	-1.434285e-01	1.654854e-01	-2.319763e-01	1.705767e-01	-2.077016e-01	-2.473608e-02	3.242499e-02	-4.973349e-02	1.651298e-01	-1.605179e-01	-5.439677e-02	5.509390e-02	-2.779044e-02	1.729219e-02	-5.976599e-02	
5.060740e-02	1.473427e-01	1.000000e+00	-5.068243e-01	-2.583948e-01	2.818905e-01	-2.898290e-01	3.521691e-02	9.182959e-02	-2.728476e-01	3.567101e-01	-4.677107e-01	-1.864281e-01	3.269383e-01	-5.130608e-01	-2.231329e-01	2.253695e-01	-2.068738e-01	7.569863e-02	-3.891806e-03	-3.354013e-01	4.362845e-01	-5.670104e-01	-9.046869e-02	2.128142e-01	
-1.625198e-02	-1.896496e-01	-5.068243e-01	1.000000e+00	-4.760777e-01	5.467172e-01	-5.974089e-01	-5.261464e-03	2.084006e-01	-2.009645e-01	1.805586e-01	-1.411678e-01	3.049333e-01	-2.942304e-01	3.339441e-01	1.877060e-02	-3.678642e-02	4.818368e-02	-5.007936e-02	6.538515e-02	1.560920e-01	-2.261408e-01	3.086182e-01	-2.704709e-02	8.889793e-03	
-2.784703e-03	-1.209173e-01	-2.583948e-01	-4.760777e-01	1.000000e+00	-9.804288e-01	9.258550e-01	-5.316553e-01	1.459651e-01	2.178177e-01	-2.559058e-01	3.038558e-01	2.544243e-02	-6.016098e-02	-1.588502e-03	2.351397e-01	-2.228001e-01	2.061761e-01	-5.390777e-02	-2.985344e-02	5.083053e-02	-8.558147e-02	1.337470e-01	5.418933e-02	-9.752252e-02	
-5.249681e-03	1.125055e-01	2.818905e-01	5.467172e-01	-9.804288e-01	1.000000e+00	-9.814887e-01	4.591613e-01	-6.720617e-02	-2.816639e-01	3.255765e-01	-3.783949e-01	1.690159e-02	3.817236e-02	-2.551552e-02	-2.316090e-01	2.176056e-01	-1.974028e-01	5.215721e-02	3.360108e-02	-7.836434e-02	1.059780e-01	-1.457775e-01	-6.964318e-02	1.229193e-01	
-4.382449e-03	-1.103699e-01	-2.898290e-01	-5.974089e-01	9.258550e-01	-9.814887e-01	1.000000e+00	-3.790714e-01	-1.641677e-03	3.335501e-01	-3.802772e-01	4.348948e-01	-5.740899e-02	-1.359941e-02	4.544638e-02	2.207902e-01	-2.072270e-01	1.862262e-01	-4.772464e-02	-3.924586e-02	9.299814e-02	-1.131761e-01	1.447341e-01	8.992098e-02	-1.501399e-01	
-3.971340e-03	2.191151e-01	3.521691e-02	-5.261464e-03	-5.316553e-01	4.591613e-01	-3.790714e-01	1.000000e+00	-8.951114e-01	1.751744e-01	-1.873213e-01	1.868932e-01	-2.260176e-01	7.038871e-02	1.453700e-01	-1.696179e-01	1.792268e-01	-1.892861e-01	-4.802845e-03	4.273016e-02	9.017249e-02	-5.691868e-02	1.106361e-02	-2.642683e-02	-1.009088e-02	
4.512150e-02	-1.598897e-01	9.182959e-02	2.084006e-01	1.459651e-01	-6.720617e-02	-1.641677e-03	-8.951114e-01	1.000000e+00	-3.275324e-01	3.618104e-01	-3.859263e-01	2.781435e-01	-6.987340e-02	-2.256054e-01	1.480995e-01	-1.670806e-01	1.838520e-01	7.663852e-03	-3.715428e-02	-1.383985e-01	1.149080e-01	-8.234153e-02	2.317391e-02	4.035760e-02	
-1.260164e-01	1.225768e-01	-2.728476e-01	-2.009645e-01	2.178177e-01	-2.816639e-01	3.335501e-01	1.751744e-01	-3.275324e-01	1.000000e+00	-9.884369e-01	9.413958e-01	-8.123154e-01	6.430394e-01	1.977306e-01	3.181157e-02	-9.108129e-03	-1.856744e-02	-3.864082e-02	3.226091e-02	1.733936e-02	-1.964721e-02	4.200675e-02	1.674150e-01	-2.194221e-01	
1.572876e-01	-1.434285e-01	3.567101e-01	1.805586e-01	-2.559058e-01	3.255765e-01	-3.802772e-01	-1.873213e-01	3.618104e-01	-9.884369e-01	1.000000e+00	-9.810752e-01	7.924796e-01	-6.145101e-01	-2.409130e-01	-5.148024e-02	2.737455e-02	3.305999e-03	4.176946e-02	-2.777325e-02	-4.340695e-02	5.440021e-02	-8.884606e-02	-1.833850e-01	2.491999e-01	
-2.084429e-01	1.654854e-01	-4.677107e-01	-1.411678e-01	3.038558e-01	-3.783949e-01	4.348948e-01	1.868932e-01	-3.859263e-01	9.413958e-01	-9.810752e-01	1.000000e+00	-7.286911e-01	5.444003e-01	2.873517e-01	8.243843e-02	-5.885349e-02	2.658790e-02	-4.184434e-02	1.401475e-02	9.404283e-02	-1.178816e-01	1.692845e-01	1.839206e-01	-2.694080e-01	
1.255770e-01	-2.319763e-01	-1.864281e-01	3.049333e-01	2.544243e-02	1.690159e-02	-5.740899e-02	-2.260176e-01	2.781435e-01	-8.123154e-01	7.924796e-01	-7.286911e-01	1.000000e+00	-9.488956e-01	1.875445e-02	1.082748e-01	-1.371895e-01	1.575795e-01	-3.300643e-02	-1.291712e-02	1.453529e-01	-1.899881e-01	2.290425e-01	-1.293751e-01	1.273216e-01	
-3.920807e-02	1.705767e-01	3.269383e-01	-2.942304e-01	-6.016098e-02	3.817236e-02	-1.359941e-02	7.038871e-02	-6.987340e-02	6.430394e-01	-6.145101e-01	5.444003e-01	-9.488956e-01	1.000000e+00	-1.218225e-01	-1.218806e-01	1.467317e-01	-1.590241e-01	6.169767e-02	-7.738784e-03	-2.076321e-01	2.626760e-01	-3.188300e-01	1.177136e-01	-9.128436e-02	
4.119846e-02	-2.077016e-01	-5.130608e-01	3.339441e-01	-1.588502e-03	-2.551552e-02	4.544638e-02	1.453700e-01	-2.256054e-01	1.977306e-01	-2.409130e-01	2.873517e-01	1.875445e-02	-1.218225e-01	1.000000e+00	-4.901057e-01	5.715328e-01	-6.381001e-01	-1.178843e-01	3.636650e-01	4.317077e-02	-6.356986e-02	9.027289e-02	-2.890938e-02	1.908972e-02	
7.128673e-03	-2.473608e-02	-2.231329e-01	1.877060e-02	2.351397e-01	-2.316090e-01	2.207902e-01	-1.696179e-01	1.480995e-01	3.181157e-02	-5.148024e-02	8.243843e-02	1.082748e-01	-1.218806e-01	-4.901057e-01	1.000000e+00	-9.785395e-01	9.169277e-01	-4.259486e-01	6.551395e-02	1.921390e-01	-2.446078e-01	3.053664e-01	8.875934e-02	-1.297485e-01	
1.044292e-02	3.242499e-02	2.253695e-01	-3.678642e-02	-2.228001e-01	2.176056e-01	-2.072270e-01	1.792268e-01	-1.670806e-01	-9.108129e-03	2.737455e-02	-5.885349e-02	-1.371895e-01	1.467317e-01	5.715328e-01	-9.785395e-01	1.000000e+00	-9.788513e-01	3.842732e-01	-8.125053e-03	-1.971939e-01	2.577096e-01	-3.293823e-01	-9.727987e-02	1.417194e-01	
-3.616865e-02	-4.973349e-02	-2.068738e-01	4.818368e-02	2.061761e-01	-1.974028e-01	1.862262e-01	-1.892861e-01	1.838520e-01	-1.856744e-02	3.305999e-03	2.658790e-02	1.575795e-01	-1.590241e-01	-6.381001e-01	9.169277e-01	-9.788513e-01	1.000000e+00	-3.257804e-01	-4.859815e-02	1.925302e-01	-2.577586e-01	3.362850e-01	9.554006e-02	-1.395100e-01	
-2.286410e-02	1.651298e-01	7.569863e-02	-5.007936e-02	-5.390777e-02	5.215721e-02	-4.772464e-02	-4.802845e-03	7.663852e-03	-3.864082e-02	4.176946e-02	-4.184434e-02	-3.300643e-02	6.169767e-02	-1.178843e-01	-4.259486e-01	3.842732e-01	-3.257804e-01	1.000000e+00	-9.101921e-01	5.753947e-02	-1.723168e-02	-3.363421e-02	7.281067e-02	-1.722175e-01	
6.258933e-02	-1.605179e-01	-3.891806e-03	6.538515e-02	-2.985344e-02	3.360108e-02	-3.924586e-02	4.273016e-02	-3.715428e-02	3.226091e-02	-2.777325e-02	1.401475e-02	-1.291712e-02	-7.738784e-03	3.636650e-01	6.551395e-02	-8.125053e-03	-4.859815e-02	-9.101921e-01	1.000000e+00	-1.670421e-01	1.503241e-01	-1.241482e-01	-7.852311e-02	2.155089e-01	
-1.916205e-02	-5.439677e-02	-3.354013e-01	1.560920e-01	5.083053e-02	-7.836434e-02	9.299814e-02	9.017249e-02	-1.383985e-01	1.733936e-02	-4.340695e-02	9.404283e-02	1.453529e-01	-2.076321e-01	4.317077e-02	1.921390e-01	-1.971939e-01	1.925302e-01	5.753947e-02	-1.670421e-01	1.000000e+00	-9.844871e-01	9.168967e-01	-7.421382e-01	5.839969e-01	
6.165611e-02	5.509390e-02	4.362845e-01	-2.261408e-01	-8.558147e-02	1.059780e-01	-1.131761e-01	-5.691868e-02	1.149080e-01	-1.964721e-02	5.440021e-02	-1.178816e-01	-1.899881e-01	2.626760e-01	-6.356986e-02	-2.446078e-01	2.577096e-01	-2.577586e-01	-1.723168e-02	1.503241e-01	-9.844871e-01	1.000000e+00	-9.715415e-01	7.304150e-01	-5.693368e-01	
-1.486149e-01	-2.779044e-02	-5.670104e-01	3.086182e-01	1.337470e-01	-1.457775e-01	1.447341e-01	1.106361e-02	-8.234153e-02	4.200675e-02	-8.884606e-02	1.692845e-01	2.290425e-01	-3.188300e-01	9.027289e-02	3.053664e-01	-3.293823e-01	3.362850e-01	-3.363421e-02	-1.241482e-01	9.168967e-01	-9.715415e-01	1.000000e+00	-6.668815e-01	5.089698e-01	
7.997482e-02	1.729219e-02	-9.046869e-02	-2.704709e-02	5.418933e-02	-6.964318e-02	8.992098e-02	-2.642683e-02	2.317391e-02	1.674150e-01	-1.833850e-01	1.839206e-01	-1.293751e-01	1.177136e-01	-2.890938e-02	8.875934e-02	-9.727987e-02	9.554006e-02	7.281067e-02	-7.852311e-02	-7.421382e-01	7.304150e-01	-6.668815e-01	1.000000e+00	-9.652446e-01	
-5.559824e-02	-5.976599e-02	2.128142e-01	8.889793e-03	-9.752252e-02	1.229193e-01	-1.501399e-01	-1.009088e-02	4.035760e-02	-2.194221e-01	2.491999e-01	-2.694080e-01	1.273216e-01	-9.128436e-02	1.908972e-02	-1.297485e-01	1.417194e-01	-1.395100e-01	-1.722175e-01	2.155089e-01	5.839969e-01	-5.693368e-01	5.089698e-01	-9.652446e-01	1.000000e+00	

Time taken for mcmc chain: 9.050000 minutes
