Number of steps: 12773866
Number of accepted steps: 1000000
Burn-in number of steps: 320000
Accepted fraction of steps: 0.078285
Convergence Status
R[0]= 1.011177	R[1]= 1.017961	R[2]= 1.153778	R[3]= 1.076618	R[4]= 1.021413	R[5]= 1.027159	R[6]= 1.031277	R[7]= 1.015933	R[8]= 1.002894	R[9]= 1.014503	R[10]= 1.029509	R[11]= 1.057738	R[12]= 1.003277	R[13]= 1.005788	R[14]= 1.093353	R[15]= 1.019481	R[16]= 1.024306	R[17]= 1.027155	R[18]= 1.010602	R[19]= 1.000450	R[20]= 1.017003	R[21]= 1.028552	R[22]= 1.048650	R[23]= 1.002012	R[24]= 1.000385	
<R>= 1.029639

Mean parameters
A[0]= 8.487238e-01 pm 3.495590e-02
A[1]= 9.188150e-01 pm 2.377021e-02
A[2]= 6.076833e-01 pm 3.092093e-01
A[3]= 3.659063e+00 pm 1.067994e+00
A[4]= 1.681412e+03 pm 4.102850e+03
A[5]= -1.020125e+02 pm 2.956237e+03
A[6]= -5.216096e+01 pm 8.177921e+02
A[7]= 1.550115e+01 pm 1.712081e+01
A[8]= -1.241610e-01 pm 1.918426e-01
A[9]= 9.078949e+03 pm 8.985611e+03
A[10]= -4.993889e+03 pm 5.437935e+03
A[11]= 5.475210e+02 pm 1.208414e+03
A[12]= -5.627322e+01 pm 5.290320e+01
A[13]= 1.133758e+00 pm 9.831148e-01
A[14]= 5.938316e+00 pm 1.691888e+00
A[15]= -5.317065e+03 pm 5.719803e+03
A[16]= 6.308412e+03 pm 4.046304e+03
A[17]= -2.023585e+03 pm 1.107559e+03
A[18]= 4.497177e+01 pm 2.487346e+01
A[19]= -1.751448e-01 pm 2.769791e-01
A[20]= 1.217306e+04 pm 1.279115e+04
A[21]= -5.140411e+03 pm 7.726708e+03
A[22]= -5.716266e+01 pm 1.705298e+03
A[23]= -3.958739e+01 pm 7.544557e+01
A[24]= 4.222502e-01 pm 1.409215e+00

Best-fitting parameters
A[0]= 8.381385e-01
A[1]= 9.153914e-01
A[2]= 7.236144e-01
A[3]= 3.218018e+00
A[4]= 3.199245e+03
A[5]= -1.129692e+03
A[6]= 2.001864e+02
A[7]= 5.761541e+00
A[8]= -1.000830e-02
A[9]= 7.916549e+03
A[10]= -4.167417e+03
A[11]= 2.841680e+02
A[12]= -4.455770e+01
A[13]= 1.018846e+00
A[14]= 5.275216e+00
A[15]= -4.346836e+03
A[16]= 5.799655e+03
A[17]= -1.898120e+03
A[18]= 4.485512e+01
A[19]= -2.037933e-01
A[20]= 1.369386e+04
A[21]= -5.369009e+03
A[22]= -2.092086e+02
A[23]= -5.767645e+01
A[24]= 9.398079e-01
chi2_min= 9.335159e+01


Cross-Covariance parameters
1.000000e+00	-4.791525e-01	-2.351341e-01	5.887377e-02	9.097594e-02	-9.004637e-02	7.554599e-02	1.370646e-02	-5.657329e-02	3.399432e-02	-3.446465e-02	9.419704e-03	1.255405e-01	-1.251731e-01	1.260303e-01	5.055954e-02	-4.302672e-02	2.077492e-02	6.615637e-02	-7.989365e-02	8.367856e-02	-7.509851e-02	2.925259e-02	1.113455e-01	-1.141478e-01	
-4.791525e-01	1.000000e+00	1.152058e-01	-1.034682e-01	-2.180250e-03	1.186526e-02	-2.625937e-02	7.854652e-02	-8.851300e-02	1.641366e-02	-3.337919e-02	6.958262e-02	-9.001189e-02	3.882477e-02	-1.562698e-01	1.015740e-03	-1.217961e-03	-4.565297e-03	9.948077e-02	-1.275542e-01	-3.060198e-02	1.033902e-02	3.998549e-02	-5.602202e-02	1.731330e-02	
-2.351341e-01	1.152058e-01	1.000000e+00	-4.459080e-01	-9.369640e-02	1.123960e-01	-1.183217e-01	6.633728e-03	8.107702e-02	-3.266941e-01	4.521456e-01	-6.096107e-01	9.655700e-02	9.953842e-02	-6.161080e-01	4.724302e-02	-5.396973e-02	6.540132e-02	-1.038900e-01	8.171303e-02	-3.281106e-01	4.485116e-01	-6.036301e-01	8.159730e-02	1.065150e-01	
5.887377e-02	-1.034682e-01	-4.459080e-01	1.000000e+00	-6.454253e-01	7.295158e-01	-7.808685e-01	5.115850e-01	-6.009560e-02	2.697655e-03	1.045765e-03	-3.990266e-03	-3.079069e-02	3.864667e-02	2.942310e-01	-3.282378e-02	3.884610e-02	-4.447084e-02	3.674120e-02	-1.493999e-02	1.438771e-01	-1.964496e-01	2.643579e-01	-4.389943e-02	-3.772521e-02	
9.097594e-02	-2.180250e-03	-9.369640e-02	-6.454253e-01	1.000000e+00	-9.758616e-01	9.148936e-01	-8.604568e-01	4.289641e-01	1.488179e-01	-2.226104e-01	3.153085e-01	-2.062303e-02	-2.494111e-02	6.301345e-02	3.225062e-03	-3.497970e-03	1.398857e-03	1.652549e-02	-1.974067e-02	2.622446e-02	-4.105008e-02	5.909384e-02	1.085764e-02	-3.079350e-02	
-9.004637e-02	1.186526e-02	1.123960e-01	7.295158e-01	-9.758616e-01	1.000000e+00	-9.804583e-01	8.369379e-01	-3.485646e-01	-1.720317e-01	2.558744e-01	-3.616176e-01	1.842677e-02	5.493017e-02	-7.389727e-02	-3.588905e-03	4.915255e-03	-3.807846e-03	-1.512152e-02	1.951268e-02	-3.700253e-02	5.409465e-02	-7.516778e-02	-5.723056e-03	2.975594e-02	
7.554599e-02	-2.625937e-02	-1.183217e-01	-7.808685e-01	9.148936e-01	-9.804583e-01	1.000000e+00	-7.795084e-01	2.601441e-01	1.902418e-01	-2.789465e-01	3.907908e-01	-2.347046e-02	-7.080408e-02	7.787075e-02	3.511259e-03	-5.907441e-03	6.252786e-03	9.932993e-03	-1.479936e-02	4.267969e-02	-6.046025e-02	8.281741e-02	5.175246e-04	-2.584489e-02	
1.370646e-02	7.854652e-02	6.633728e-03	5.115850e-01	-8.604568e-01	8.369379e-01	-7.795084e-01	1.000000e+00	-7.892966e-01	-2.905266e-02	8.608607e-02	-1.672854e-01	-3.375399e-03	-6.688653e-02	-3.387194e-02	1.004580e-02	-1.055182e-02	8.848644e-03	1.311050e-02	-2.211127e-02	9.151180e-03	-5.479620e-03	-5.659785e-05	-8.081527e-03	6.745686e-03	
-5.657329e-02	-8.851300e-02	8.107702e-02	-6.009560e-02	4.289641e-01	-3.485646e-01	2.601441e-01	-7.892966e-01	1.000000e+00	-1.347964e-01	1.268020e-01	-1.016019e-01	3.565202e-02	1.757195e-01	-1.217050e-02	-1.763861e-02	2.096877e-02	-1.981928e-02	-2.036596e-02	3.792401e-02	-4.531606e-02	5.473527e-02	-6.607731e-02	1.297070e-02	9.167273e-03	
3.399432e-02	1.641366e-02	-3.266941e-01	2.697655e-03	1.488179e-01	-1.720317e-01	1.902418e-01	-2.905266e-02	-1.347964e-01	1.000000e+00	-9.792602e-01	8.840334e-01	-8.691692e-01	6.830572e-01	1.993106e-01	-8.132074e-03	7.864988e-03	-1.009067e-02	2.976580e-02	-3.155883e-02	1.277556e-01	-1.728903e-01	2.315595e-01	-5.145613e-02	-1.978920e-02	
-3.446465e-02	-3.337919e-02	4.521456e-01	1.045765e-03	-2.226104e-01	2.558744e-01	-2.789465e-01	8.608607e-02	1.268020e-01	-9.792602e-01	1.000000e+00	-9.590870e-01	8.471463e-01	-6.377590e-01	-2.774206e-01	1.549853e-02	-1.565945e-02	1.880973e-02	-4.456014e-02	4.391656e-02	-1.688240e-01	2.310002e-01	-3.133559e-01	6.345581e-02	3.430040e-02	
9.419704e-03	6.958262e-02	-6.096107e-01	-3.990266e-03	3.153085e-01	-3.616176e-01	3.907908e-01	-1.672854e-01	-1.016019e-01	8.840334e-01	-9.590870e-01	1.000000e+00	-7.414759e-01	5.096827e-01	3.760068e-01	-2.642689e-02	2.707572e-02	-3.095539e-02	6.218196e-02	-5.756685e-02	2.190857e-01	-3.038789e-01	4.185681e-01	-8.111943e-02	-5.102640e-02	
1.255405e-01	-9.001189e-02	9.655700e-02	-3.079069e-02	-2.062303e-02	1.842677e-02	-2.347046e-02	-3.375399e-03	3.565202e-02	-8.691692e-01	8.471463e-01	-7.414759e-01	1.000000e+00	-9.309855e-01	-5.507405e-02	4.827182e-03	-3.935401e-03	2.517867e-03	-2.166060e-03	5.875155e-03	-4.438788e-02	6.357954e-02	-9.349383e-02	4.283150e-02	-1.358312e-02	
-1.251731e-01	3.882477e-02	9.953842e-02	3.864667e-02	-2.494111e-02	5.493017e-02	-7.080408e-02	-6.688653e-02	1.757195e-01	6.830572e-01	-6.377590e-01	5.096827e-01	-9.309855e-01	1.000000e+00	-5.992116e-02	2.197613e-03	-2.256112e-03	4.637015e-03	-2.094064e-02	1.813527e-02	-2.695745e-02	3.575360e-02	-4.392386e-02	-1.691869e-02	3.215592e-02	
1.260303e-01	-1.562698e-01	-6.161080e-01	2.942310e-01	6.301345e-02	-7.389727e-02	7.787075e-02	-3.387194e-02	-1.217050e-02	1.993106e-01	-2.774206e-01	3.760068e-01	-5.507405e-02	-5.992116e-02	1.000000e+00	-6.023521e-01	6.994198e-01	-7.640117e-01	4.490744e-01	-4.136485e-02	4.628916e-02	-7.168092e-02	1.128686e-01	1.754264e-03	-3.908399e-02	
5.055954e-02	1.015740e-03	4.724302e-02	-3.282378e-02	3.225062e-03	-3.588905e-03	3.511259e-03	1.004580e-02	-1.763861e-02	-8.132074e-03	1.549853e-02	-2.642689e-02	4.827182e-03	2.197613e-03	-6.023521e-01	1.000000e+00	-9.739785e-01	9.045903e-01	-8.507197e-01	4.803558e-01	1.754507e-01	-2.196468e-01	2.635999e-01	-8.070761e-02	4.182350e-02	
-4.302672e-02	-1.217961e-03	-5.396973e-02	3.884610e-02	-3.497970e-03	4.915255e-03	-5.907441e-03	-1.055182e-02	2.096877e-02	7.864988e-03	-1.565945e-02	2.707572e-02	-3.935401e-03	-2.256112e-03	6.994198e-01	-9.739785e-01	1.000000e+00	-9.770690e-01	8.192140e-01	-3.893839e-01	-1.913640e-01	2.445189e-01	-2.996511e-01	8.073323e-02	-2.396559e-02	
2.077492e-02	-4.565297e-03	6.540132e-02	-4.447084e-02	1.398857e-03	-3.807846e-03	6.252786e-03	8.848644e-03	-1.981928e-02	-1.009067e-02	1.880973e-02	-3.095539e-02	2.517867e-03	4.637015e-03	-7.640117e-01	9.045903e-01	-9.770690e-01	1.000000e+00	-7.490895e-01	2.832314e-01	1.975327e-01	-2.558852e-01	3.182184e-01	-8.131837e-02	1.189499e-02	
6.615637e-02	9.948077e-02	-1.038900e-01	3.674120e-02	1.652549e-02	-1.512152e-02	9.932993e-03	1.311050e-02	-2.036596e-02	2.976580e-02	-4.456014e-02	6.218196e-02	-2.166060e-03	-2.094064e-02	4.490744e-01	-8.507197e-01	8.192140e-01	-7.490895e-01	1.000000e+00	-8.339053e-01	-9.965631e-02	1.258605e-01	-1.522182e-01	1.038594e-01	-1.403692e-01	
-7.989365e-02	-1.275542e-01	8.171303e-02	-1.493999e-02	-1.974067e-02	1.951268e-02	-1.479936e-02	-2.211127e-02	3.792401e-02	-3.155883e-02	4.391656e-02	-5.756685e-02	5.875155e-03	1.813527e-02	-4.136485e-02	4.803558e-01	-3.893839e-01	2.832314e-01	-8.339053e-01	1.000000e+00	-5.348528e-03	1.190860e-02	-2.064915e-02	-8.868637e-02	2.033922e-01	
8.367856e-02	-3.060198e-02	-3.281106e-01	1.438771e-01	2.622446e-02	-3.700253e-02	4.267969e-02	9.151180e-03	-4.531606e-02	1.277556e-01	-1.688240e-01	2.190857e-01	-4.438788e-02	-2.695745e-02	4.628916e-02	1.754507e-01	-1.913640e-01	1.975327e-01	-9.965631e-02	-5.348528e-03	1.000000e+00	-9.804804e-01	8.885427e-01	-8.676617e-01	7.170505e-01	
-7.509851e-02	1.033902e-02	4.485116e-01	-1.964496e-01	-4.105008e-02	5.409465e-02	-6.046025e-02	-5.479620e-03	5.473527e-02	-1.728903e-01	2.310002e-01	-3.038789e-01	6.357954e-02	3.575360e-02	-7.168092e-02	-2.196468e-01	2.445189e-01	-2.558852e-01	1.258605e-01	1.190860e-02	-9.804804e-01	1.000000e+00	-9.600714e-01	8.458296e-01	-6.706162e-01	
2.925259e-02	3.998549e-02	-6.036301e-01	2.643579e-01	5.909384e-02	-7.516778e-02	8.281741e-02	-5.659785e-05	-6.607731e-02	2.315595e-01	-3.133559e-01	4.185681e-01	-9.349383e-02	-4.392386e-02	1.128686e-01	2.635999e-01	-2.996511e-01	3.182184e-01	-1.522182e-01	-2.064915e-02	8.885427e-01	-9.600714e-01	1.000000e+00	-7.452500e-01	5.426495e-01	
1.113455e-01	-5.602202e-02	8.159730e-02	-4.389943e-02	1.085764e-02	-5.723056e-03	5.175246e-04	-8.081527e-03	1.297070e-02	-5.145613e-02	6.345581e-02	-8.111943e-02	4.283150e-02	-1.691869e-02	1.754264e-03	-8.070761e-02	8.073323e-02	-8.131837e-02	1.038594e-01	-8.868637e-02	-8.676617e-01	8.458296e-01	-7.452500e-01	1.000000e+00	-9.515620e-01	
-1.141478e-01	1.731330e-02	1.065150e-01	-3.772521e-02	-3.079350e-02	2.975594e-02	-2.584489e-02	6.745686e-03	9.167273e-03	-1.978920e-02	3.430040e-02	-5.102640e-02	-1.358312e-02	3.215592e-02	-3.908399e-02	4.182350e-02	-2.396559e-02	1.189499e-02	-1.403692e-01	2.033922e-01	7.170505e-01	-6.706162e-01	5.426495e-01	-9.515620e-01	1.000000e+00	

Time taken for mcmc chain: 1.322778 hours
