Number of steps: 7387330
Number of accepted steps: 1000000
Burn-in number of steps: 320000
Accepted fraction of steps: 0.135367
Convergence Status
R[0]= 1.000663	R[1]= 1.003823	R[2]= 1.006240	R[3]= 1.007766	R[4]= 1.000571	R[5]= 1.000824	R[6]= 1.001104	R[7]= 1.000852	R[8]= 1.001060	R[9]= 1.000576	R[10]= 1.001353	R[11]= 1.002948	R[12]= 1.000730	R[13]= 1.001042	R[14]= 1.008826	R[15]= 1.002626	R[16]= 1.003146	R[17]= 1.003488	R[18]= 1.000753	R[19]= 1.002931	R[20]= 1.001859	R[21]= 1.002718	R[22]= 1.003925	R[23]= 1.000478	R[24]= 1.001296	
<R>= 1.002464

Mean parameters
A[0]= 9.450552e-01 pm 3.221886e-02
A[1]= 1.046032e+00 pm 2.646289e-02
A[2]= 5.855172e-01 pm 3.847027e-01
A[3]= 4.379090e+00 pm 1.317393e+00
A[4]= -5.133847e+03 pm 3.848553e+03
A[5]= 2.721945e+03 pm 2.531649e+03
A[6]= -1.817948e+02 pm 5.943369e+02
A[7]= 1.117263e+01 pm 1.345310e+01
A[8]= -1.418900e-01 pm 1.824655e-01
A[9]= -2.747529e+03 pm 8.651313e+03
A[10]= 9.856863e+02 pm 5.232124e+03
A[11]= -3.000635e+02 pm 1.111934e+03
A[12]= 7.512709e-01 pm 4.857762e+01
A[13]= -1.773332e-02 pm 9.361330e-01
A[14]= 6.145817e+00 pm 1.828307e+00
A[15]= -6.733057e+03 pm 5.347938e+03
A[16]= 5.244592e+03 pm 3.506219e+03
A[17]= -1.015106e+03 pm 8.229003e+02
A[18]= -2.958751e+00 pm 1.977376e+01
A[19]= 2.352918e-01 pm 2.663659e-01
A[20]= 6.256029e+03 pm 1.203444e+04
A[21]= -3.296383e+03 pm 7.306565e+03
A[22]= 1.669538e+02 pm 1.553783e+03
A[23]= -4.775053e+01 pm 6.850212e+01
A[24]= 6.928302e-01 pm 1.334578e+00

Best-fitting parameters
A[0]= 9.583932e-01
A[1]= 1.027860e+00
A[2]= 6.148794e-01
A[3]= 4.707619e+00
A[4]= -4.584203e+03
A[5]= 2.871914e+03
A[6]= -3.370514e+02
A[7]= 6.068400e+00
A[8]= -5.391924e-02
A[9]= -4.200374e+03
A[10]= 2.076918e+03
A[11]= -6.341511e+02
A[12]= -6.239552e-01
A[13]= 9.435821e-02
A[14]= 6.447935e+00
A[15]= -9.408515e+03
A[16]= 6.923124e+03
A[17]= -1.374240e+03
A[18]= -2.213236e+00
A[19]= 2.742024e-01
A[20]= 7.625925e+03
A[21]= -3.273135e+03
A[22]= -7.373904e+01
A[23]= -5.725033e+01
A[24]= 8.657327e-01
chi2_min= 1.004006e+02


Cross-Covariance parameters
1.000000e+00	-5.081507e-01	-1.686829e-01	4.836101e-02	7.379948e-02	-7.680416e-02	6.982461e-02	4.964211e-02	-6.946860e-02	5.330495e-04	8.107209e-03	-3.480746e-02	1.448954e-01	-1.237796e-01	8.362880e-02	4.085525e-02	-4.221319e-02	3.514773e-02	6.794697e-02	-6.596805e-02	8.618050e-03	-7.694737e-06	-2.935848e-02	1.455533e-01	-1.283913e-01	
-5.081507e-01	1.000000e+00	1.695937e-01	-1.360885e-01	-6.837899e-02	7.702342e-02	-9.149374e-02	1.416380e-01	-1.125183e-01	4.164010e-03	-1.001065e-02	2.404249e-02	-1.201653e-01	7.472330e-02	-2.220394e-01	5.760653e-03	-4.341257e-03	-3.967381e-03	1.381262e-01	-1.434688e-01	-7.012155e-03	2.015831e-03	1.695508e-02	-8.384098e-02	5.066770e-02	
-1.686829e-01	1.695937e-01	1.000000e+00	-6.880217e-01	-6.044320e-02	6.558222e-02	-6.226469e-02	-3.018288e-02	4.333428e-02	-4.218686e-01	5.405800e-01	-6.756645e-01	-1.085808e-01	2.675640e-01	-6.781680e-01	-6.540379e-02	7.261938e-02	-7.098465e-02	-3.809013e-02	5.487132e-02	-4.367489e-01	5.444425e-01	-6.692109e-01	-1.188903e-01	2.724535e-01	
4.836101e-02	-1.360885e-01	-6.880217e-01	1.000000e+00	-5.095927e-01	5.622790e-01	-6.019574e-01	1.839430e-01	9.235758e-02	2.340768e-01	-2.963404e-01	3.725600e-01	1.360793e-02	-8.215687e-02	4.822113e-01	4.662024e-02	-5.385864e-02	5.538829e-02	2.347226e-02	-4.122257e-02	3.154356e-01	-3.917616e-01	4.810801e-01	7.936106e-02	-1.920500e-01	
7.379948e-02	-6.837899e-02	-6.044320e-02	-5.095927e-01	1.000000e+00	-9.849714e-01	9.429646e-01	-6.717960e-01	2.820702e-01	5.925167e-02	-1.003204e-01	1.445811e-01	1.165700e-01	-1.114638e-01	5.131023e-02	1.382527e-03	1.217129e-03	-3.302919e-03	-1.875833e-02	2.381987e-02	6.359553e-03	-1.127739e-02	1.643918e-02	1.961878e-02	-1.929973e-02	
-7.680416e-02	7.702342e-02	6.558222e-02	5.622790e-01	-9.849714e-01	1.000000e+00	-9.858023e-01	6.219812e-01	-2.145707e-01	-7.169867e-02	1.161956e-01	-1.641170e-01	-1.245027e-01	1.327500e-01	-5.651152e-02	-2.778484e-03	1.362713e-04	2.018014e-03	2.076731e-02	-2.510734e-02	-1.036205e-02	1.569865e-02	-2.121777e-02	-1.902841e-02	1.930564e-02	
6.982461e-02	-9.149374e-02	-6.226469e-02	-6.019574e-01	9.429646e-01	-9.858023e-01	1.000000e+00	-5.602400e-01	1.508958e-01	8.468739e-02	-1.301877e-01	1.789135e-01	1.198413e-01	-1.378461e-01	5.836166e-02	2.818571e-03	-7.206473e-05	-1.900214e-03	-2.671556e-02	3.076104e-02	1.012046e-02	-1.513260e-02	2.029797e-02	1.681209e-02	-1.599607e-02	
4.964211e-02	1.416380e-01	-3.018288e-02	1.839430e-01	-6.717960e-01	6.219812e-01	-5.602400e-01	1.000000e+00	-8.802032e-01	1.162626e-01	-9.491072e-02	5.988798e-02	-8.099752e-02	-7.932253e-02	-1.606222e-02	7.096969e-03	-1.051293e-02	1.018256e-02	6.453533e-02	-6.737225e-02	2.772472e-02	-3.108188e-02	3.444219e-02	4.518652e-03	-1.839889e-02	
-6.946860e-02	-1.125183e-01	4.333428e-02	9.235758e-02	2.820702e-01	-2.145707e-01	1.508958e-01	-8.802032e-01	1.000000e+00	-1.731153e-01	1.680813e-01	-1.471172e-01	4.076403e-02	1.731097e-01	1.932976e-03	-5.215209e-03	7.687391e-03	-6.849968e-03	-5.745140e-02	5.908959e-02	-2.925635e-02	3.292559e-02	-3.630943e-02	-7.386288e-03	2.015293e-02	
5.330495e-04	4.164010e-03	-4.218686e-01	2.340768e-01	5.925167e-02	-7.169867e-02	8.468739e-02	1.162626e-01	-1.731153e-01	1.000000e+00	-9.830463e-01	9.156520e-01	-7.461873e-01	5.445462e-01	2.931239e-01	2.586147e-02	-2.788501e-02	2.554322e-02	2.206421e-02	-3.001002e-02	1.835723e-01	-2.332523e-01	2.930228e-01	5.246175e-02	-1.202424e-01	
8.107209e-03	-1.001065e-02	5.405800e-01	-2.963404e-01	-1.003204e-01	1.161956e-01	-1.301877e-01	-9.491072e-02	1.680813e-01	-9.830463e-01	1.000000e+00	-9.730680e-01	6.909737e-01	-4.799828e-01	-3.734067e-01	-3.422204e-02	3.721501e-02	-3.484967e-02	-2.668806e-02	3.720469e-02	-2.389883e-01	3.025949e-01	-3.792062e-01	-6.301142e-02	1.513747e-01	
-3.480746e-02	2.404249e-02	-6.756645e-01	3.725600e-01	1.445811e-01	-1.641170e-01	1.789135e-01	5.988798e-02	-1.471172e-01	9.156520e-01	-9.730680e-01	1.000000e+00	-5.752525e-01	3.624163e-01	4.654626e-01	4.352801e-02	-4.756201e-02	4.527014e-02	3.038047e-02	-4.399630e-02	3.039417e-01	-3.837487e-01	4.802582e-01	7.232103e-02	-1.850573e-01	
1.448954e-01	-1.201653e-01	-1.085808e-01	1.360793e-02	1.165700e-01	-1.245027e-01	1.198413e-01	-8.099752e-02	4.076403e-02	-7.461873e-01	6.909737e-01	-5.752525e-01	1.000000e+00	-9.434503e-01	7.448351e-02	9.433352e-03	-1.107278e-02	1.193682e-02	4.505512e-03	-5.024600e-03	5.033279e-02	-5.666499e-02	6.077524e-02	1.789528e-02	-3.077719e-02	
-1.237796e-01	7.472330e-02	2.675640e-01	-8.215687e-02	-1.114638e-01	1.327500e-01	-1.378461e-01	-7.932253e-02	1.731097e-01	5.445462e-01	-4.799828e-01	3.624163e-01	-9.434503e-01	1.000000e+00	-1.794351e-01	-1.683635e-02	1.994436e-02	-2.035433e-02	-2.396305e-02	2.732031e-02	-1.269013e-01	1.523056e-01	-1.797998e-01	-3.069160e-02	7.311433e-02	
8.362880e-02	-2.220394e-01	-6.781680e-01	4.822113e-01	5.131023e-02	-5.651152e-02	5.836166e-02	-1.606222e-02	1.932976e-03	2.931239e-01	-3.734067e-01	4.654626e-01	7.448351e-02	-1.794351e-01	1.000000e+00	-4.814305e-01	5.429353e-01	-5.911079e-01	8.223943e-02	1.670808e-01	1.957103e-01	-2.469495e-01	3.139673e-01	4.283626e-02	-9.973370e-02	
4.085525e-02	5.760653e-03	-6.540379e-02	4.662024e-02	1.382527e-03	-2.778484e-03	2.818571e-03	7.096969e-03	-5.215209e-03	2.586147e-02	-3.422204e-02	4.352801e-02	9.433352e-03	-1.683635e-02	-4.814305e-01	1.000000e+00	-9.834558e-01	9.362470e-01	-6.137680e-01	2.495445e-01	1.791053e-01	-2.141316e-01	2.450589e-01	2.562623e-02	-6.127246e-02	
-4.221319e-02	-4.341257e-03	7.261938e-02	-5.385864e-02	1.217129e-03	1.362713e-04	-7.206473e-05	-1.051293e-02	7.687391e-03	-2.788501e-02	3.721501e-02	-4.756201e-02	-1.107278e-02	1.994436e-02	5.429353e-01	-9.834558e-01	1.000000e+00	-9.839192e-01	5.465934e-01	-1.651497e-01	-1.903637e-01	2.306746e-01	-2.670488e-01	-3.840123e-02	8.441500e-02	
3.514773e-02	-3.967381e-03	-7.098465e-02	5.538829e-02	-3.302919e-03	2.018014e-03	-1.900214e-03	1.018256e-02	-6.849968e-03	2.554322e-02	-3.484967e-02	4.527014e-02	1.193682e-02	-2.035433e-02	-5.911079e-01	9.362470e-01	-9.839192e-01	1.000000e+00	-4.654075e-01	8.150053e-02	1.938057e-01	-2.374997e-01	2.775924e-01	4.570687e-02	-9.836117e-02	
6.794697e-02	1.381262e-01	-3.809013e-02	2.347226e-02	-1.875833e-02	2.076731e-02	-2.671556e-02	6.453533e-02	-5.745140e-02	2.206421e-02	-2.668806e-02	3.038047e-02	4.505512e-03	-2.396305e-02	8.223943e-02	-6.137680e-01	5.465934e-01	-4.654075e-01	1.000000e+00	-9.021827e-01	-2.072672e-02	2.602309e-02	-3.070730e-02	8.561276e-02	-1.646968e-01	
-6.596805e-02	-1.434688e-01	5.487132e-02	-4.122257e-02	2.381987e-02	-2.510734e-02	3.076104e-02	-6.737225e-02	5.908959e-02	-3.001002e-02	3.720469e-02	-4.399630e-02	-5.024600e-03	2.732031e-02	1.670808e-01	2.495445e-01	-1.651497e-01	8.150053e-02	-9.021827e-01	1.000000e+00	-5.705554e-02	6.728186e-02	-7.548143e-02	-1.133930e-01	2.330699e-01	
8.618050e-03	-7.012155e-03	-4.367489e-01	3.154356e-01	6.359553e-03	-1.036205e-02	1.012046e-02	2.772472e-02	-2.925635e-02	1.835723e-01	-2.389883e-01	3.039417e-01	5.033279e-02	-1.269013e-01	1.957103e-01	1.791053e-01	-1.903637e-01	1.938057e-01	-2.072672e-02	-5.705554e-02	1.000000e+00	-9.846916e-01	9.232905e-01	-7.224561e-01	5.438879e-01	
-7.694737e-06	2.015831e-03	5.444425e-01	-3.917616e-01	-1.127739e-02	1.569865e-02	-1.513260e-02	-3.108188e-02	3.292559e-02	-2.332523e-01	3.025949e-01	-3.837487e-01	-5.666499e-02	1.523056e-01	-2.469495e-01	-2.141316e-01	2.306746e-01	-2.374997e-01	2.602309e-02	6.728186e-02	-9.846916e-01	1.000000e+00	-9.753203e-01	6.685949e-01	-4.801803e-01	
-2.935848e-02	1.695508e-02	-6.692109e-01	4.810801e-01	1.643918e-02	-2.121777e-02	2.029797e-02	3.444219e-02	-3.630943e-02	2.930228e-01	-3.792062e-01	4.802582e-01	6.077524e-02	-1.797998e-01	3.139673e-01	2.450589e-01	-2.670488e-01	2.775924e-01	-3.070730e-02	-7.548143e-02	9.232905e-01	-9.753203e-01	1.000000e+00	-5.581388e-01	3.648651e-01	
1.455533e-01	-8.384098e-02	-1.188903e-01	7.936106e-02	1.961878e-02	-1.902841e-02	1.681209e-02	4.518652e-03	-7.386288e-03	5.246175e-02	-6.301142e-02	7.232103e-02	1.789528e-02	-3.069160e-02	4.283626e-02	2.562623e-02	-3.840123e-02	4.570687e-02	8.561276e-02	-1.133930e-01	-7.224561e-01	6.685949e-01	-5.581388e-01	1.000000e+00	-9.609050e-01	
-1.283913e-01	5.066770e-02	2.724535e-01	-1.920500e-01	-1.929973e-02	1.930564e-02	-1.599607e-02	-1.839889e-02	2.015293e-02	-1.202424e-01	1.513747e-01	-1.850573e-01	-3.077719e-02	7.311433e-02	-9.973370e-02	-6.127246e-02	8.441500e-02	-9.836117e-02	-1.646968e-01	2.330699e-01	5.438879e-01	-4.801803e-01	3.648651e-01	-9.609050e-01	1.000000e+00	

Time taken for mcmc chain: 46.600000 minutes
