Number of steps: 3912590
Number of accepted steps: 1000000
Burn-in number of steps: 320000
Accepted fraction of steps: 0.255585
Convergence Status
R[0]= 1.028098	R[1]= 1.077673	R[2]= 1.133056	R[3]= 1.094906	R[4]= 1.015933	R[5]= 1.020277	R[6]= 1.025196	R[7]= 1.008222	R[8]= 1.005064	R[9]= 1.037468	R[10]= 1.049933	R[11]= 1.065245	R[12]= 1.013933	R[13]= 1.012819	R[14]= 1.103210	R[15]= 1.009334	R[16]= 1.007473	R[17]= 1.007730	R[18]= 1.005530	R[19]= 1.005912	R[20]= 1.046465	R[21]= 1.057204	R[22]= 1.066591	R[23]= 1.021426	R[24]= 1.015091	
<R>= 1.037352

Mean parameters
A[0]= 9.723623e-01 pm 3.581198e-02
A[1]= 1.080826e+00 pm 3.957202e-02
A[2]= 1.404956e+00 pm 7.495524e-01
A[3]= 3.054820e+00 pm 1.497841e+00
A[4]= 3.951294e+02 pm 3.958940e+03
A[5]= -4.758433e+02 pm 2.664117e+03
A[6]= 4.993528e+02 pm 6.451364e+02
A[7]= -2.662998e+00 pm 1.358014e+01
A[8]= -3.650256e-02 pm 1.816063e-01
A[9]= 1.112367e+03 pm 8.898150e+03
A[10]= -1.918603e+02 pm 5.456746e+03
A[11]= -3.819440e+02 pm 1.188937e+03
A[12]= -5.014854e+01 pm 5.057591e+01
A[13]= 1.164566e+00 pm 9.779283e-01
A[14]= 4.425333e+00 pm 2.077058e+00
A[15]= -3.341767e+03 pm 5.947268e+03
A[16]= 3.102341e+03 pm 3.968727e+03
A[17]= -5.230972e+02 pm 9.467646e+02
A[18]= -3.651292e+00 pm 2.090364e+01
A[19]= 1.639999e-01 pm 2.630142e-01
A[20]= 7.944166e+03 pm 1.262878e+04
A[21]= -2.887691e+03 pm 7.761184e+03
A[22]= -3.478886e+02 pm 1.685803e+03
A[23]= -9.886904e+01 pm 7.275527e+01
A[24]= 1.802455e+00 pm 1.423803e+00

Best-fitting parameters
A[0]= 9.863138e-01
A[1]= 1.074547e+00
A[2]= 7.139866e-01
A[3]= 4.943018e+00
A[4]= -3.141343e+03
A[5]= 1.780715e+03
A[6]= -2.575722e+01
A[7]= 7.245692e-01
A[8]= 1.229873e-02
A[9]= 2.715308e+03
A[10]= -1.631943e+03
A[11]= 1.215768e+01
A[12]= -4.603419e+01
A[13]= 9.471992e-01
A[14]= 7.114861e+00
A[15]= -4.539243e+03
A[16]= 4.543753e+03
A[17]= -1.031205e+03
A[18]= -6.989956e+00
A[19]= 2.571291e-01
A[20]= 7.911049e+03
A[21]= -2.543486e+03
A[22]= -4.158824e+02
A[23]= -3.839642e+01
A[24]= 3.666747e-01
chi2_min= 9.593630e+01


Cross-Covariance parameters
1.000000e+00	-5.811981e-01	-1.665148e-01	7.753844e-02	8.427091e-02	-9.993151e-02	1.041496e-01	6.998142e-02	-1.073035e-01	2.237912e-02	-2.595602e-02	1.177706e-02	1.654968e-01	-1.563370e-01	1.702299e-02	2.478735e-01	-2.653002e-01	2.692064e-01	-3.431297e-02	-6.768826e-02	8.239757e-02	-1.012117e-01	1.025795e-01	1.744976e-01	-1.714535e-01	
-5.811981e-01	1.000000e+00	1.693505e-01	-6.936836e-02	-1.249614e-01	1.512355e-01	-1.773787e-01	9.249231e-02	-1.577862e-02	-2.439838e-02	3.311195e-02	-3.227673e-02	-1.136588e-01	8.230871e-02	-3.865655e-02	-1.669687e-01	2.018228e-01	-2.367339e-01	1.235666e-01	-4.428455e-02	-4.143181e-02	5.688668e-02	-6.312510e-02	-1.152883e-01	1.002138e-01	
-1.665148e-01	1.693505e-01	1.000000e+00	-8.046588e-01	1.075670e-01	-1.186830e-01	1.306091e-01	-6.482240e-02	-2.626104e-02	-4.100927e-01	5.125073e-01	-6.221490e-01	-1.972613e-02	1.667457e-01	-8.081400e-01	9.827555e-02	-1.099871e-01	1.243140e-01	-1.134336e-01	4.513155e-02	-3.550115e-01	4.550949e-01	-5.690793e-01	-1.099652e-01	2.548490e-01	
7.753844e-02	-6.936836e-02	-8.046588e-01	1.000000e+00	-5.107004e-01	5.644289e-01	-6.024837e-01	2.101855e-01	9.866924e-02	2.328614e-01	-2.844579e-01	3.394119e-01	-3.703428e-02	-4.183041e-02	7.535353e-01	-1.203545e-01	1.352376e-01	-1.525462e-01	9.422672e-02	-1.455401e-02	2.684976e-01	-3.581432e-01	4.640941e-01	1.231651e-01	-2.384983e-01	
8.427091e-02	-1.249614e-01	1.075670e-01	-5.107004e-01	1.000000e+00	-9.835727e-01	9.403525e-01	-6.969256e-01	2.786376e-01	1.043122e-01	-1.599045e-01	2.242541e-01	1.112997e-01	-1.099947e-01	-1.676039e-01	4.991546e-02	-6.644139e-02	8.115885e-02	-1.009745e-03	-4.913361e-02	-1.159453e-02	3.037410e-02	-5.375271e-02	-1.897219e-02	2.485266e-02	
-9.993151e-02	1.512355e-01	-1.186830e-01	5.644289e-01	-9.835727e-01	1.000000e+00	-9.858463e-01	6.477649e-01	-2.099014e-01	-1.119255e-01	1.733471e-01	-2.442726e-01	-1.270917e-01	1.363121e-01	1.851451e-01	-6.433626e-02	8.093186e-02	-9.603300e-02	1.281984e-02	4.199550e-02	4.472232e-03	-2.558964e-02	5.267147e-02	3.104897e-02	-3.925452e-02	
1.041496e-01	-1.773787e-01	1.306091e-01	-6.024837e-01	9.403525e-01	-9.858463e-01	1.000000e+00	-5.842356e-01	1.437017e-01	1.187165e-01	-1.829067e-01	2.567639e-01	1.309735e-01	-1.478085e-01	-2.002986e-01	7.287424e-02	-8.963576e-02	1.055667e-01	-2.343993e-02	-3.344505e-02	-8.413487e-04	2.436306e-02	-5.482143e-02	-4.318515e-02	5.440081e-02	
6.998142e-02	9.249231e-02	-6.482240e-02	2.101855e-01	-6.969256e-01	6.477649e-01	-5.842356e-01	1.000000e+00	-8.615979e-01	4.588057e-02	-1.145298e-02	-3.738729e-02	-3.130901e-02	-1.057090e-01	8.408746e-02	5.715669e-03	4.737552e-03	-1.566428e-02	2.393444e-02	-9.529299e-03	4.893592e-02	-5.956718e-02	6.969824e-02	6.219366e-03	-1.673611e-02	
-1.073035e-01	-1.577862e-02	-2.626104e-02	9.866924e-02	2.786376e-01	-2.099014e-01	1.437017e-01	-8.615979e-01	1.000000e+00	-1.133442e-01	1.013137e-01	-7.554442e-02	-2.340144e-02	2.134201e-01	3.312275e-02	-4.616900e-02	4.339536e-02	-3.992478e-02	-8.801740e-03	2.420212e-02	-3.610465e-02	3.374183e-02	-2.786524e-02	1.295118e-02	-1.175757e-02	
2.237912e-02	-2.439838e-02	-4.100927e-01	2.328614e-01	1.043122e-01	-1.119255e-01	1.187165e-01	4.588057e-02	-1.133442e-01	1.000000e+00	-9.812061e-01	9.072716e-01	-7.409280e-01	5.373976e-01	3.237659e-01	-6.322044e-02	6.183323e-02	-5.988872e-02	1.023205e-01	-8.072773e-02	1.893903e-01	-2.270257e-01	2.717931e-01	5.241552e-03	-7.688495e-02	
-2.595602e-02	3.311195e-02	5.125073e-01	-2.844579e-01	-1.599045e-01	1.733471e-01	-1.829067e-01	-1.145298e-02	1.013137e-01	-9.812061e-01	1.000000e+00	-9.705805e-01	6.825167e-01	-4.720753e-01	-4.116816e-01	7.681597e-02	-7.702872e-02	7.701707e-02	-1.123021e-01	8.172942e-02	-2.344708e-01	2.809967e-01	-3.364540e-01	-7.808095e-03	9.559891e-02	
1.177706e-02	-3.227673e-02	-6.221490e-01	3.394119e-01	2.242541e-01	-2.442726e-01	2.567639e-01	-3.738729e-02	-7.554442e-02	9.072716e-01	-9.705805e-01	1.000000e+00	-5.602821e-01	3.512913e-01	5.090104e-01	-9.516794e-02	9.792373e-02	-1.006803e-01	1.215466e-01	-7.937675e-02	2.810050e-01	-3.373541e-01	4.049064e-01	9.057951e-03	-1.149277e-01	
1.654968e-01	-1.136588e-01	-1.972613e-02	-3.703428e-02	1.112997e-01	-1.270917e-01	1.309735e-01	-3.130901e-02	-2.340144e-02	-7.409280e-01	6.825167e-01	-5.602821e-01	1.000000e+00	-9.448913e-01	7.219794e-03	6.120837e-02	-6.133096e-02	5.752953e-02	-5.175281e-02	2.991372e-02	-4.681928e-03	-2.364329e-03	4.879004e-03	4.751385e-02	-4.907350e-02	
-1.563370e-01	8.230871e-02	1.667457e-01	-4.183041e-02	-1.099947e-01	1.363121e-01	-1.478085e-01	-1.057090e-01	2.134201e-01	5.373976e-01	-4.720753e-01	3.512913e-01	-9.448913e-01	1.000000e+00	-1.327038e-01	-4.256386e-02	3.997423e-02	-3.328307e-02	2.769025e-02	-1.684941e-02	-6.869279e-02	9.029313e-02	-1.098494e-01	-4.662882e-02	7.598288e-02	
1.702299e-02	-3.865655e-02	-8.081400e-01	7.535353e-01	-1.676039e-01	1.851451e-01	-2.002986e-01	8.408746e-02	3.312275e-02	3.237659e-01	-4.116816e-01	5.090104e-01	7.219794e-03	-1.327038e-01	1.000000e+00	-4.635447e-01	5.176243e-01	-5.619252e-01	2.114269e-01	4.967568e-02	1.798741e-01	-2.314182e-01	2.991647e-01	4.407022e-02	-1.177734e-01	
2.478735e-01	-1.669687e-01	9.827555e-02	-1.203545e-01	4.991546e-02	-6.433626e-02	7.287424e-02	5.715669e-03	-4.616900e-02	-6.322044e-02	7.681597e-02	-9.516794e-02	6.120837e-02	-4.256386e-02	-4.635447e-01	1.000000e+00	-9.840426e-01	9.390514e-01	-7.068067e-01	3.239416e-01	2.144484e-01	-2.659570e-01	3.093039e-01	6.164707e-02	-1.042387e-01	
-2.653002e-01	2.018228e-01	-1.099871e-01	1.352376e-01	-6.644139e-02	8.093186e-02	-8.963576e-02	4.737552e-03	4.339536e-02	6.183323e-02	-7.702872e-02	9.792373e-02	-6.133096e-02	3.997423e-02	5.176243e-01	-9.840426e-01	1.000000e+00	-9.848061e-01	6.520696e-01	-2.470598e-01	-2.204804e-01	2.793873e-01	-3.306977e-01	-8.233544e-02	1.327260e-01	
2.692064e-01	-2.367339e-01	1.243140e-01	-1.525462e-01	8.115885e-02	-9.603300e-02	1.055667e-01	-1.566428e-02	-3.992478e-02	-5.988872e-02	7.701707e-02	-1.006803e-01	5.752953e-02	-3.328307e-02	-5.619252e-01	9.390514e-01	-9.848061e-01	1.000000e+00	-5.809447e-01	1.692389e-01	2.201683e-01	-2.834513e-01	3.396058e-01	9.206918e-02	-1.464253e-01	
-3.431297e-02	1.235666e-01	-1.134336e-01	9.422672e-02	-1.009745e-03	1.281984e-02	-2.343993e-02	2.393444e-02	-8.801740e-03	1.023205e-01	-1.123021e-01	1.215466e-01	-5.175281e-02	2.769025e-02	2.114269e-01	-7.068067e-01	6.520696e-01	-5.809447e-01	1.000000e+00	-8.819129e-01	-6.732752e-02	7.776924e-02	-8.502252e-02	5.401446e-02	-1.060930e-01	
-6.768826e-02	-4.428455e-02	4.513155e-02	-1.455401e-02	-4.913361e-02	4.199550e-02	-3.344505e-02	-9.529299e-03	2.420212e-02	-8.072773e-02	8.172942e-02	-7.937675e-02	2.991372e-02	-1.684941e-02	4.967568e-02	3.239416e-01	-2.470598e-01	1.692389e-01	-8.819129e-01	1.000000e+00	-3.402357e-02	5.058753e-02	-6.588658e-02	-1.045595e-01	2.055052e-01	
8.239757e-02	-4.143181e-02	-3.550115e-01	2.684976e-01	-1.159453e-02	4.472232e-03	-8.413487e-04	4.893592e-02	-3.610465e-02	1.893903e-01	-2.344708e-01	2.810050e-01	-4.681928e-03	-6.869279e-02	1.798741e-01	2.144484e-01	-2.204804e-01	2.201683e-01	-6.732752e-02	-3.402357e-02	1.000000e+00	-9.815736e-01	9.108651e-01	-7.174019e-01	5.366957e-01	
-1.012117e-01	5.688668e-02	4.550949e-01	-3.581432e-01	3.037410e-02	-2.558964e-02	2.436306e-02	-5.956718e-02	3.374183e-02	-2.270257e-01	2.809967e-01	-3.373541e-01	-2.364329e-03	9.029313e-02	-2.314182e-01	-2.659570e-01	2.793873e-01	-2.834513e-01	7.776924e-02	5.058753e-02	-9.815736e-01	1.000000e+00	-9.721588e-01	6.427077e-01	-4.484703e-01	
1.025795e-01	-6.312510e-02	-5.690793e-01	4.640941e-01	-5.375271e-02	5.267147e-02	-5.482143e-02	6.969824e-02	-2.786524e-02	2.717931e-01	-3.364540e-01	4.049064e-01	4.879004e-03	-1.098494e-01	2.991647e-01	3.093039e-01	-3.306977e-01	3.396058e-01	-8.502252e-02	-6.588658e-02	9.108651e-01	-9.721588e-01	1.000000e+00	-5.071076e-01	3.055417e-01	
1.744976e-01	-1.152883e-01	-1.099652e-01	1.231651e-01	-1.897219e-02	3.104897e-02	-4.318515e-02	6.219366e-03	1.295118e-02	5.241552e-03	-7.808095e-03	9.057951e-03	4.751385e-02	-4.662882e-02	4.407022e-02	6.164707e-02	-8.233544e-02	9.206918e-02	5.401446e-02	-1.045595e-01	-7.174019e-01	6.427077e-01	-5.071076e-01	1.000000e+00	-9.595921e-01	
-1.714535e-01	1.002138e-01	2.548490e-01	-2.384983e-01	2.485266e-02	-3.925452e-02	5.440081e-02	-1.673611e-02	-1.175757e-02	-7.688495e-02	9.559891e-02	-1.149277e-01	-4.907350e-02	7.598288e-02	-1.177734e-01	-1.042387e-01	1.327260e-01	-1.464253e-01	-1.060930e-01	2.055052e-01	5.366957e-01	-4.484703e-01	3.055417e-01	-9.595921e-01	1.000000e+00	

Time taken for mcmc chain: 41.266667 minutes
