Number of steps: 1324931
Number of accepted steps: 1000000
Burn-in number of steps: 320000
Accepted fraction of steps: 0.754756
Convergence Status
R[0]= 1.040093	R[1]= 1.060504	R[2]= 1.052952	R[3]= 1.098176	R[4]= 1.144543	R[5]= 1.149664	R[6]= 1.137120	R[7]= 1.049417	R[8]= 1.027100	R[9]= 1.065877	R[10]= 1.050695	R[11]= 1.031592	R[12]= 1.006308	R[13]= 1.004579	R[14]= 1.064727	R[15]= 1.124635	R[16]= 1.127707	R[17]= 1.123811	R[18]= 1.206229	R[19]= 1.178625	R[20]= 1.080591	R[21]= 1.087096	R[22]= 1.100871	R[23]= 1.084747	R[24]= 1.088714	
<R>= 1.087455

Mean parameters
A[0]= 9.707539e-01 pm 3.573761e-02
A[1]= 1.043126e+00 pm 2.631898e-02
A[2]= 8.257018e-01 pm 2.348012e-01
A[3]= 9.037290e-01 pm 3.610125e-01
A[4]= 7.541006e+03 pm 2.272048e+03
A[5]= -6.077396e+03 pm 1.284754e+03
A[6]= 1.925032e+03 pm 2.472733e+02
A[7]= -2.232209e+00 pm 1.143836e+01
A[8]= -2.822584e-01 pm 1.626123e-01
A[9]= -7.840420e+02 pm 6.713992e+03
A[10]= -8.245984e+02 pm 3.631336e+03
A[11]= 1.898962e+02 pm 6.369965e+02
A[12]= 2.711055e+01 pm 3.925621e+01
A[13]= -8.224342e-01 pm 7.654898e-01
A[14]= 9.761909e-01 pm 4.792516e-01
A[15]= 4.063759e+03 pm 3.635121e+03
A[16]= -3.791674e+03 pm 2.029418e+03
A[17]= 1.469982e+03 pm 3.782794e+02
A[18]= 1.745903e+01 pm 2.077726e+01
A[19]= -4.464406e-01 pm 2.756419e-01
A[20]= 6.108566e+03 pm 8.893628e+03
A[21]= -4.443048e+03 pm 4.796517e+03
A[22]= 6.602241e+02 pm 8.361273e+02
A[23]= 1.649726e+01 pm 5.607792e+01
A[24]= -1.004675e+00 pm 1.040185e+00

Best-fitting parameters
A[0]= 9.698129e-01
A[1]= 1.022899e+00
A[2]= 8.778619e-01
A[3]= 1.240358e+00
A[4]= 5.286557e+03
A[5]= -4.772690e+03
A[6]= 1.684618e+03
A[7]= 2.522390e-01
A[8]= -2.975236e-01
A[9]= 1.852980e+02
A[10]= -1.112559e+03
A[11]= 1.956897e+02
A[12]= 1.672082e+01
A[13]= -6.746201e-01
A[14]= 1.227310e+00
A[15]= 5.657870e+03
A[16]= -4.552107e+03
A[17]= 1.587732e+03
A[18]= 1.275882e+00
A[19]= -2.308565e-01
A[20]= 7.373055e+03
A[21]= -4.947429e+03
A[22]= 7.271142e+02
A[23]= -1.641904e+00
A[24]= -6.126882e-01
chi2_min= 1.416501e+02


Cross-Covariance parameters
1.000000e+00	-3.240192e-01	-3.588132e-01	2.273160e-01	-1.466614e-01	1.449606e-01	-1.439166e-01	8.803422e-02	-1.266553e-02	8.521950e-02	-8.527721e-02	7.995634e-02	-1.088055e-01	1.165428e-01	2.205993e-01	-2.264454e-01	2.282401e-01	-2.131662e-01	1.100712e-01	-5.058333e-02	4.000412e-02	-5.077586e-02	4.817878e-02	-5.629158e-02	5.440346e-02	
-3.240192e-01	1.000000e+00	4.247472e-01	-5.575028e-01	2.422760e-01	-2.602630e-01	2.563868e-01	5.522799e-03	-4.481166e-02	-1.426117e-01	1.420005e-01	-1.362625e-01	1.989450e-01	-1.848620e-01	-5.707941e-01	1.303573e-01	-1.579650e-01	1.646674e-01	1.435204e-01	-1.637391e-01	-1.343847e-01	1.261115e-01	-1.007317e-01	1.519134e-01	-1.438214e-01	
-3.588132e-01	4.247472e-01	1.000000e+00	4.369429e-03	-1.085003e-01	1.517347e-01	-2.013021e-01	-5.723024e-02	2.428759e-02	-2.949988e-01	3.208002e-01	-3.524878e-01	1.636702e-01	-1.589134e-01	-2.461448e-01	2.073026e-02	-9.645882e-03	-1.886885e-02	2.211914e-02	-5.033766e-02	-2.444364e-01	2.480535e-01	-2.387771e-01	8.019168e-02	-5.351105e-02	
2.273160e-01	-5.575028e-01	4.369429e-03	1.000000e+00	-4.647691e-01	5.640374e-01	-6.417941e-01	-6.532859e-02	1.289498e-01	-4.229646e-02	6.357312e-02	-1.006592e-01	-1.128061e-01	1.186678e-01	2.285325e-01	-1.702604e-01	1.770982e-01	-1.697644e-01	2.109233e-02	1.839623e-03	-1.615707e-01	1.819309e-01	-2.025438e-01	1.283935e-01	-1.145578e-01	
-1.466614e-01	2.422760e-01	-1.085003e-01	-4.647691e-01	1.000000e+00	-9.837854e-01	9.285504e-01	-6.927838e-01	5.629885e-01	1.615790e-02	-3.943239e-02	7.707022e-02	4.375322e-03	1.256401e-01	-7.130235e-02	1.673081e-01	-1.832536e-01	1.927521e-01	-1.478179e-01	1.300291e-01	-2.350895e-03	4.478534e-03	-1.387153e-04	3.937510e-02	-2.708338e-02	
1.449606e-01	-2.602630e-01	1.517347e-01	5.640374e-01	-9.837854e-01	1.000000e+00	-9.787834e-01	6.748505e-01	-5.528982e-01	-1.572188e-02	4.378875e-02	-8.990715e-02	-1.772743e-02	-1.153619e-01	8.004628e-02	-1.631601e-01	1.803395e-01	-1.909428e-01	1.331179e-01	-1.156826e-01	-4.930910e-02	5.229379e-02	-5.989363e-02	6.041090e-03	-1.020358e-02	
-1.439166e-01	2.563868e-01	-2.013021e-01	-6.417941e-01	9.285504e-01	-9.787834e-01	1.000000e+00	-6.508867e-01	5.511363e-01	2.452078e-02	-5.727976e-02	1.114734e-01	1.800989e-02	1.206304e-01	-8.397976e-02	1.490991e-01	-1.673895e-01	1.802045e-01	-1.121425e-01	9.672306e-02	9.861192e-02	-1.075819e-01	1.186203e-01	-4.967551e-02	4.489198e-02	
8.803422e-02	5.522799e-03	-5.723024e-02	-6.532859e-02	-6.927838e-01	6.748505e-01	-6.508867e-01	1.000000e+00	-9.650898e-01	1.067677e-01	-9.149147e-02	6.217022e-02	4.474547e-02	-2.688807e-01	1.002191e-02	-1.955063e-02	3.682224e-02	-5.743262e-02	9.012330e-02	-8.884821e-02	8.550557e-02	-8.561920e-02	8.110038e-02	-6.087630e-02	5.128142e-02	
-1.266553e-02	-4.481166e-02	2.428759e-02	1.289498e-01	5.629885e-01	-5.528982e-01	5.511363e-01	-9.650898e-01	1.000000e+00	-1.185544e-01	1.064201e-01	-8.054265e-02	-3.949192e-02	2.829931e-01	1.596853e-02	-5.827079e-02	4.107192e-02	-1.538089e-02	-3.227679e-02	4.262638e-02	-7.556410e-02	7.158014e-02	-6.526464e-02	4.389747e-02	-4.078604e-02	
8.521950e-02	-1.426117e-01	-2.949988e-01	-4.229646e-02	1.615790e-02	-1.572188e-02	2.452078e-02	1.067677e-01	-1.185544e-01	1.000000e+00	-9.920905e-01	9.566659e-01	-8.554722e-01	7.175053e-01	6.526095e-02	6.877058e-02	-7.794041e-02	9.679267e-02	-1.037292e-01	1.016364e-01	-3.738972e-02	4.064322e-02	-5.473384e-02	1.282008e-01	-1.319930e-01	
-8.527721e-02	1.420005e-01	3.208002e-01	6.357312e-02	-3.943239e-02	4.378875e-02	-5.727976e-02	-9.149147e-02	1.064201e-01	-9.920905e-01	1.000000e+00	-9.850616e-01	8.940208e-01	-7.678885e-01	-7.439010e-02	-6.878943e-02	7.647009e-02	-9.384719e-02	1.015553e-01	-1.003837e-01	3.710235e-02	-3.998292e-02	5.431817e-02	-1.310371e-01	1.353616e-01	
7.995634e-02	-1.362625e-01	-3.524878e-01	-1.006592e-01	7.707022e-02	-8.990715e-02	1.114734e-01	6.217022e-02	-8.054265e-02	9.566659e-01	-9.850616e-01	1.000000e+00	-9.268134e-01	8.247161e-01	8.763776e-02	6.881536e-02	-7.497376e-02	9.069679e-02	-1.018718e-01	1.017925e-01	-2.579400e-02	2.863809e-02	-4.385855e-02	1.247724e-01	-1.303885e-01	
-1.088055e-01	1.989450e-01	1.636702e-01	-1.128061e-01	4.375322e-03	-1.772743e-02	1.800989e-02	4.474547e-02	-3.949192e-02	-8.554722e-01	8.940208e-01	-9.268134e-01	1.000000e+00	-9.490959e-01	-1.364707e-01	-6.912842e-03	6.048617e-03	-1.661728e-02	9.356138e-02	-9.968375e-02	1.064334e-01	-1.152138e-01	1.363213e-01	-1.598707e-01	1.570399e-01	
1.165428e-01	-1.848620e-01	-1.589134e-01	1.186678e-01	1.256401e-01	-1.153619e-01	1.206304e-01	-2.688807e-01	2.829931e-01	7.175053e-01	-7.678885e-01	8.247161e-01	-9.490959e-01	1.000000e+00	1.428946e-01	-2.989824e-02	2.791491e-02	-1.336263e-02	-7.123760e-02	8.295499e-02	-9.994854e-02	1.080479e-01	-1.278485e-01	1.470560e-01	-1.461304e-01	
2.205993e-01	-5.707941e-01	-2.461448e-01	2.285325e-01	-7.130235e-02	8.004628e-02	-8.397976e-02	1.002191e-02	1.596853e-02	6.526095e-02	-7.439010e-02	8.763776e-02	-1.364707e-01	1.428946e-01	1.000000e+00	-3.380947e-01	4.051823e-01	-4.645475e-01	-1.401918e-01	1.893055e-01	2.058401e-01	-1.880072e-01	1.512126e-01	-3.066661e-01	3.124572e-01	
-2.264454e-01	1.303573e-01	2.073026e-02	-1.702604e-01	1.673081e-01	-1.631601e-01	1.490991e-01	-1.955063e-02	-5.827079e-02	6.877058e-02	-6.878943e-02	6.881536e-02	-6.912842e-03	-2.989824e-02	-3.380947e-01	1.000000e+00	-9.904669e-01	9.526974e-01	-7.791661e-01	6.941237e-01	6.329269e-02	-5.234918e-02	4.233887e-02	3.577234e-02	1.309978e-02	
2.282401e-01	-1.579650e-01	-9.645882e-03	1.770982e-01	-1.832536e-01	1.803395e-01	-1.673895e-01	3.682224e-02	4.107192e-02	-7.794041e-02	7.647009e-02	-7.497376e-02	6.048617e-03	2.791491e-02	4.051823e-01	-9.904669e-01	1.000000e+00	-9.843884e-01	7.794381e-01	-6.986095e-01	-4.793875e-02	3.788233e-02	-2.970955e-02	-6.630551e-02	2.014149e-02	
-2.131662e-01	1.646674e-01	-1.886885e-02	-1.697644e-01	1.927521e-01	-1.909428e-01	1.802045e-01	-5.743262e-02	-1.538089e-02	9.679267e-02	-9.384719e-02	9.069679e-02	-1.661728e-02	-1.336263e-02	-4.645475e-01	9.526974e-01	-9.843884e-01	1.000000e+00	-7.759529e-01	7.088424e-01	3.003795e-02	-2.187016e-02	1.667020e-02	9.646107e-02	-5.226412e-02	
1.100712e-01	1.435204e-01	2.211914e-02	2.109233e-02	-1.478179e-01	1.331179e-01	-1.121425e-01	9.012330e-02	-3.227679e-02	-1.037292e-01	1.015553e-01	-1.018718e-01	9.356138e-02	-7.123760e-02	-1.401918e-01	-7.791661e-01	7.794381e-01	-7.759529e-01	1.000000e+00	-9.812397e-01	-1.363687e-01	1.138267e-01	-8.337607e-02	1.057647e-01	-1.679379e-01	
-5.058333e-02	-1.637391e-01	-5.033766e-02	1.839623e-03	1.300291e-01	-1.156826e-01	9.672306e-02	-8.884821e-02	4.262638e-02	1.016364e-01	-1.003837e-01	1.017925e-01	-9.968375e-02	8.295499e-02	1.893055e-01	6.941237e-01	-6.986095e-01	7.088424e-01	-9.812397e-01	1.000000e+00	1.377763e-01	-1.153085e-01	8.477300e-02	-1.173476e-01	1.824765e-01	
4.000412e-02	-1.343847e-01	-2.444364e-01	-1.615707e-01	-2.350895e-03	-4.930910e-02	9.861192e-02	8.550557e-02	-7.556410e-02	-3.738972e-02	3.710235e-02	-2.579400e-02	1.064334e-01	-9.994854e-02	2.058401e-01	6.329269e-02	-4.793875e-02	3.003795e-02	-1.363687e-01	1.377763e-01	1.000000e+00	-9.910367e-01	9.544829e-01	-8.643606e-01	7.797823e-01	
-5.077586e-02	1.261115e-01	2.480535e-01	1.819309e-01	4.478534e-03	5.229379e-02	-1.075819e-01	-8.561920e-02	7.158014e-02	4.064322e-02	-3.998292e-02	2.863809e-02	-1.152138e-01	1.080479e-01	-1.880072e-01	-5.234918e-02	3.788233e-02	-2.187016e-02	1.138267e-01	-1.153085e-01	-9.910367e-01	1.000000e+00	-9.850450e-01	9.067633e-01	-8.296872e-01	
4.817878e-02	-1.007317e-01	-2.387771e-01	-2.025438e-01	-1.387153e-04	-5.989363e-02	1.186203e-01	8.110038e-02	-6.526464e-02	-5.473384e-02	5.431817e-02	-4.385855e-02	1.363213e-01	-1.278485e-01	1.512126e-01	4.233887e-02	-2.970955e-02	1.667020e-02	-8.337607e-02	8.477300e-02	9.544829e-01	-9.850450e-01	1.000000e+00	-9.428091e-01	8.810224e-01	
-5.629158e-02	1.519134e-01	8.019168e-02	1.283935e-01	3.937510e-02	6.041090e-03	-4.967551e-02	-6.087630e-02	4.389747e-02	1.282008e-01	-1.310371e-01	1.247724e-01	-1.598707e-01	1.470560e-01	-3.066661e-01	3.577234e-02	-6.630551e-02	9.646107e-02	1.057647e-01	-1.173476e-01	-8.643606e-01	9.067633e-01	-9.428091e-01	1.000000e+00	-9.764416e-01	
5.440346e-02	-1.438214e-01	-5.351105e-02	-1.145578e-01	-2.708338e-02	-1.020358e-02	4.489198e-02	5.128142e-02	-4.078604e-02	-1.319930e-01	1.353616e-01	-1.303885e-01	1.570399e-01	-1.461304e-01	3.124572e-01	1.309978e-02	2.014149e-02	-5.226412e-02	-1.679379e-01	1.824765e-01	7.797823e-01	-8.296872e-01	8.810224e-01	-9.764416e-01	1.000000e+00	

Time taken for mcmc chain: 9.266667 minutes
