Number of steps: 6427953
Number of accepted steps: 1000000
Burn-in number of steps: 320000
Accepted fraction of steps: 0.155571
Convergence Status
R[0]= 1.003195	R[1]= 1.002092	R[2]= 1.003149	R[3]= 1.000540	R[4]= 1.002333	R[5]= 1.002490	R[6]= 1.002540	R[7]= 1.000281	R[8]= 1.000439	R[9]= 1.000531	R[10]= 1.000319	R[11]= 1.000094	R[12]= 1.003418	R[13]= 1.003731	R[14]= 1.006744	R[15]= 1.006314	R[16]= 1.008220	R[17]= 1.009982	R[18]= 1.001083	R[19]= 1.000277	R[20]= 1.000661	R[21]= 1.000799	R[22]= 1.000920	R[23]= 1.000379	R[24]= 1.000435	
<R>= 1.002439

Mean parameters
A[0]= 9.448901e-01 pm 3.274068e-02
A[1]= 1.047724e+00 pm 2.677499e-02
A[2]= 6.429944e-01 pm 4.330893e-01
A[3]= 4.155868e+00 pm 1.300544e+00
A[4]= -4.839587e+03 pm 3.839073e+03
A[5]= 2.510663e+03 pm 2.532400e+03
A[6]= -1.291261e+02 pm 5.964608e+02
A[7]= 1.093452e+01 pm 1.323432e+01
A[8]= -1.461539e-01 pm 1.807881e-01
A[9]= -2.844877e+03 pm 8.669733e+03
A[10]= 1.112988e+03 pm 5.268133e+03
A[11]= -3.479359e+02 pm 1.127321e+03
A[12]= -1.274967e+00 pm 4.848020e+01
A[13]= 2.872779e-02 pm 9.360188e-01
A[14]= 5.975085e+00 pm 1.858615e+00
A[15]= -6.833289e+03 pm 5.217933e+03
A[16]= 5.306517e+03 pm 3.418415e+03
A[17]= -1.029111e+03 pm 8.031957e+02
A[18]= -2.338804e+00 pm 1.944448e+01
A[19]= 2.277413e-01 pm 2.636168e-01
A[20]= 5.495360e+03 pm 1.206569e+04
A[21]= -2.749381e+03 pm 7.381499e+03
A[22]= 2.928547e+01 pm 1.588482e+03
A[23]= -4.848684e+01 pm 6.844784e+01
A[24]= 7.326430e-01 pm 1.338170e+00

Best-fitting parameters
A[0]= 9.689846e-01
A[1]= 1.041537e+00
A[2]= 7.459069e-01
A[3]= 3.513896e+00
A[4]= -3.523577e+03
A[5]= 1.581899e+03
A[6]= 1.006640e+02
A[7]= 4.674953e+00
A[8]= -5.291941e-02
A[9]= -5.670319e+03
A[10]= 2.861668e+03
A[11]= -7.537386e+02
A[12]= 5.583922e+00
A[13]= 8.604638e-02
A[14]= 5.594441e+00
A[15]= -6.772629e+03
A[16]= 5.522619e+03
A[17]= -1.162584e+03
A[18]= 1.317455e-01
A[19]= 1.745396e-01
A[20]= 4.982677e+03
A[21]= -1.518551e+03
A[22]= -5.093793e+02
A[23]= -4.590789e+01
A[24]= 7.207404e-01
chi2_min= 1.000831e+02


Cross-Covariance parameters
1.000000e+00	-5.132161e-01	-1.964185e-01	8.141380e-02	6.984348e-02	-7.446499e-02	6.938572e-02	4.213559e-02	-5.069064e-02	1.666958e-03	-2.056720e-03	-1.386483e-02	1.555464e-01	-1.326232e-01	1.073637e-01	4.864390e-02	-4.932062e-02	4.020947e-02	6.352132e-02	-6.001033e-02	1.352494e-02	-9.509016e-03	-1.302790e-02	1.611437e-01	-1.417467e-01	
-5.132161e-01	1.000000e+00	1.925418e-01	-1.620812e-01	-5.823499e-02	6.878293e-02	-8.462682e-02	1.495019e-01	-1.283015e-01	-8.616852e-03	7.757280e-03	1.499783e-03	-1.108950e-01	6.652008e-02	-2.263541e-01	2.150324e-03	-8.855008e-04	-5.972513e-03	1.336873e-01	-1.383141e-01	1.015715e-03	-4.242680e-03	1.890340e-02	-1.149611e-01	8.297504e-02	
-1.964185e-01	1.925418e-01	1.000000e+00	-6.936053e-01	-5.971625e-02	6.908784e-02	-6.834427e-02	-3.065738e-02	4.856387e-02	-4.135750e-01	5.343406e-01	-6.697728e-01	-1.145866e-01	2.707754e-01	-7.140432e-01	-5.522125e-02	6.248082e-02	-5.854828e-02	-3.543677e-02	4.693098e-02	-4.437275e-01	5.557570e-01	-6.808550e-01	-1.377699e-01	2.975200e-01	
8.141380e-02	-1.620812e-01	-6.936053e-01	1.000000e+00	-4.963858e-01	5.462751e-01	-5.848041e-01	1.704926e-01	9.600089e-02	2.275791e-01	-2.909647e-01	3.660225e-01	1.750558e-02	-8.496310e-02	5.041104e-01	4.876597e-02	-5.568202e-02	5.539393e-02	1.190380e-03	-1.306825e-02	3.105744e-01	-3.916791e-01	4.830176e-01	9.522708e-02	-2.089948e-01	
6.984348e-02	-5.823499e-02	-5.971625e-02	-4.963858e-01	1.000000e+00	-9.845870e-01	9.418157e-01	-6.563168e-01	2.577924e-01	9.257901e-02	-1.355227e-01	1.810977e-01	1.029514e-01	-1.069096e-01	6.020607e-02	-4.187554e-03	6.084266e-03	-8.235573e-03	9.048638e-03	-7.222726e-03	2.149601e-02	-2.677694e-02	3.207651e-02	2.025765e-02	-2.666121e-02	
-7.446499e-02	6.878293e-02	6.908784e-02	5.462751e-01	-9.845870e-01	1.000000e+00	-9.856014e-01	6.038297e-01	-1.882678e-01	-1.057663e-01	1.531963e-01	-2.036938e-01	-1.134456e-01	1.315295e-01	-7.050524e-02	5.647595e-03	-7.230414e-03	9.030493e-03	-9.379886e-03	7.485220e-03	-2.579584e-02	3.210765e-02	-3.861077e-02	-2.266247e-02	3.042185e-02	
6.938572e-02	-8.462682e-02	-6.834427e-02	-5.848041e-01	9.418157e-01	-9.856014e-01	1.000000e+00	-5.400897e-01	1.237373e-01	1.176932e-01	-1.667148e-01	2.187882e-01	1.113086e-01	-1.392968e-01	7.489526e-02	-7.941817e-03	9.256520e-03	-1.041194e-02	5.457683e-03	-3.394517e-03	2.583157e-02	-3.206241e-02	3.857997e-02	2.214600e-02	-2.952137e-02	
4.213559e-02	1.495019e-01	-3.065738e-02	1.704926e-01	-6.563168e-01	6.038297e-01	-5.400897e-01	1.000000e+00	-8.776708e-01	9.231008e-02	-7.314854e-02	4.213548e-02	-5.416737e-02	-1.033297e-01	-8.483434e-03	1.601450e-02	-1.657916e-02	1.327759e-02	4.193114e-02	-4.424067e-02	2.253063e-02	-2.823787e-02	3.424930e-02	2.070490e-03	-1.280483e-02	
-5.069064e-02	-1.283015e-01	4.856387e-02	9.600089e-02	2.577924e-01	-1.882678e-01	1.237373e-01	-8.776708e-01	1.000000e+00	-1.640684e-01	1.638971e-01	-1.500198e-01	1.624528e-02	1.982865e-01	-1.530766e-02	-1.009065e-02	9.941911e-03	-6.287384e-03	-4.533287e-02	4.662897e-02	-2.935197e-02	3.684759e-02	-4.517592e-02	-6.354687e-03	1.846313e-02	
1.666958e-03	-8.616852e-03	-4.135750e-01	2.275791e-01	9.257901e-02	-1.057663e-01	1.176932e-01	9.231008e-02	-1.640684e-01	1.000000e+00	-9.826016e-01	9.142629e-01	-7.396783e-01	5.331930e-01	3.131483e-01	2.904331e-02	-2.885074e-02	2.396350e-02	9.775844e-03	-1.668386e-02	1.971748e-01	-2.485625e-01	3.077291e-01	4.882444e-02	-1.253643e-01	
-2.056720e-03	7.757280e-03	5.343406e-01	-2.909647e-01	-1.355227e-01	1.531963e-01	-1.667148e-01	-7.314854e-02	1.638971e-01	-9.826016e-01	1.000000e+00	-9.728586e-01	6.792833e-01	-4.630488e-01	-4.008159e-01	-3.458818e-02	3.555406e-02	-3.046382e-02	-1.718117e-02	2.561532e-02	-2.543357e-01	3.204970e-01	-3.967139e-01	-6.282104e-02	1.611678e-01	
-1.386483e-02	1.499783e-03	-6.697728e-01	3.660225e-01	1.810977e-01	-2.036938e-01	2.187882e-01	4.213548e-02	-1.500198e-01	9.142629e-01	-9.728586e-01	1.000000e+00	-5.584253e-01	3.403220e-01	4.993750e-01	3.908253e-02	-4.161468e-02	3.675046e-02	2.494686e-02	-3.484216e-02	3.194051e-01	-4.025317e-01	4.986721e-01	7.604288e-02	-1.994605e-01	
1.555464e-01	-1.108950e-01	-1.145866e-01	1.750558e-02	1.029514e-01	-1.134456e-01	1.113086e-01	-5.416737e-02	1.624528e-02	-7.396783e-01	6.792833e-01	-5.584253e-01	1.000000e+00	-9.425691e-01	7.066896e-02	8.669251e-03	-1.306710e-02	1.547569e-02	1.647353e-02	-1.879142e-02	3.616217e-02	-4.538820e-02	5.346441e-02	3.783817e-02	-4.530131e-02	
-1.326232e-01	6.652008e-02	2.707754e-01	-8.496310e-02	-1.069096e-01	1.315295e-01	-1.392968e-01	-1.033297e-01	1.982865e-01	5.331930e-01	-4.630488e-01	3.403220e-01	-9.425691e-01	1.000000e+00	-1.804637e-01	-2.042641e-02	2.593457e-02	-2.722314e-02	-3.088061e-02	3.707057e-02	-1.120446e-01	1.420716e-01	-1.748740e-01	-5.520717e-02	9.342888e-02	
1.073637e-01	-2.263541e-01	-7.140432e-01	5.041104e-01	6.020607e-02	-7.050524e-02	7.489526e-02	-8.483434e-03	-1.530766e-02	3.131483e-01	-4.008159e-01	4.993750e-01	7.066896e-02	-1.804637e-01	1.000000e+00	-4.628411e-01	5.199151e-01	-5.662874e-01	7.641914e-02	1.620490e-01	2.327375e-01	-2.924925e-01	3.658854e-01	5.283185e-02	-1.236878e-01	
4.864390e-02	2.150324e-03	-5.522125e-02	4.876597e-02	-4.187554e-03	5.647595e-03	-7.941817e-03	1.601450e-02	-1.009065e-02	2.904331e-02	-3.458818e-02	3.908253e-02	8.669251e-03	-2.042641e-02	-4.628411e-01	1.000000e+00	-9.830720e-01	9.348539e-01	-6.049403e-01	2.436568e-01	1.732998e-01	-2.074130e-01	2.353278e-01	1.716186e-02	-5.177570e-02	
-4.932062e-02	-8.855008e-04	6.248082e-02	-5.568202e-02	6.084266e-03	-7.230414e-03	9.256520e-03	-1.657916e-02	9.941911e-03	-2.885074e-02	3.555406e-02	-4.161468e-02	-1.306710e-02	2.593457e-02	5.199151e-01	-9.830720e-01	1.000000e+00	-9.835602e-01	5.377041e-01	-1.597730e-01	-1.815206e-01	2.214330e-01	-2.556026e-01	-3.584528e-02	8.104384e-02	
4.020947e-02	-5.972513e-03	-5.854828e-02	5.539393e-02	-8.235573e-03	9.030493e-03	-1.041194e-02	1.327759e-02	-6.287384e-03	2.396350e-02	-3.046382e-02	3.675046e-02	1.547569e-02	-2.722314e-02	-5.662874e-01	9.348539e-01	-9.835602e-01	1.000000e+00	-4.564637e-01	7.680043e-02	1.808866e-01	-2.243450e-01	2.627594e-01	4.874354e-02	-1.004350e-01	
6.352132e-02	1.336873e-01	-3.543677e-02	1.190380e-03	9.048638e-03	-9.379886e-03	5.457683e-03	4.193114e-02	-4.533287e-02	9.775844e-03	-1.718117e-02	2.494686e-02	1.647353e-02	-3.088061e-02	7.641914e-02	-6.049403e-01	5.377041e-01	-4.564637e-01	1.000000e+00	-9.039738e-01	-1.876712e-02	2.308337e-02	-2.644919e-02	9.113087e-02	-1.692364e-01	
-6.001033e-02	-1.383141e-01	4.693098e-02	-1.306825e-02	-7.222726e-03	7.485220e-03	-3.394517e-03	-4.424067e-02	4.662897e-02	-1.668386e-02	2.561532e-02	-3.484216e-02	-1.879142e-02	3.707057e-02	1.620490e-01	2.436568e-01	-1.597730e-01	7.680043e-02	-9.039738e-01	1.000000e+00	-5.082186e-02	6.126160e-02	-6.962760e-02	-1.195548e-01	2.363805e-01	
1.352494e-02	1.015715e-03	-4.437275e-01	3.105744e-01	2.149601e-02	-2.579584e-02	2.583157e-02	2.253063e-02	-2.935197e-02	1.971748e-01	-2.543357e-01	3.194051e-01	3.616217e-02	-1.120446e-01	2.327375e-01	1.732998e-01	-1.815206e-01	1.808866e-01	-1.876712e-02	-5.082186e-02	1.000000e+00	-9.837993e-01	9.203828e-01	-7.128966e-01	5.293271e-01	
-9.509016e-03	-4.242680e-03	5.557570e-01	-3.916791e-01	-2.677694e-02	3.210765e-02	-3.206241e-02	-2.823787e-02	3.684759e-02	-2.485625e-01	3.204970e-01	-4.025317e-01	-4.538820e-02	1.420716e-01	-2.924925e-01	-2.074130e-01	2.214330e-01	-2.243450e-01	2.308337e-02	6.126160e-02	-9.837993e-01	1.000000e+00	-9.748435e-01	6.501131e-01	-4.549738e-01	
-1.302790e-02	1.890340e-02	-6.808550e-01	4.830176e-01	3.207651e-02	-3.861077e-02	3.857997e-02	3.424930e-02	-4.517592e-02	3.077291e-01	-3.967139e-01	4.986721e-01	5.346441e-02	-1.748740e-01	3.658854e-01	2.353278e-01	-2.556026e-01	2.627594e-01	-2.644919e-02	-6.962760e-02	9.203828e-01	-9.748435e-01	1.000000e+00	-5.312206e-01	3.299775e-01	
1.611437e-01	-1.149611e-01	-1.377699e-01	9.522708e-02	2.025765e-02	-2.266247e-02	2.214600e-02	2.070490e-03	-6.354687e-03	4.882444e-02	-6.282104e-02	7.604288e-02	3.783817e-02	-5.520717e-02	5.283185e-02	1.716186e-02	-3.584528e-02	4.874354e-02	9.113087e-02	-1.195548e-01	-7.128966e-01	6.501131e-01	-5.312206e-01	1.000000e+00	-9.601308e-01	
-1.417467e-01	8.297504e-02	2.975200e-01	-2.089948e-01	-2.666121e-02	3.042185e-02	-2.952137e-02	-1.280483e-02	1.846313e-02	-1.253643e-01	1.611678e-01	-1.994605e-01	-4.530131e-02	9.342888e-02	-1.236878e-01	-5.177570e-02	8.104384e-02	-1.004350e-01	-1.692364e-01	2.363805e-01	5.293271e-01	-4.549738e-01	3.299775e-01	-9.601308e-01	1.000000e+00	

Time taken for mcmc chain: 42.266667 minutes
