Number of steps: 3579257
Number of accepted steps: 1000000
Burn-in number of steps: 320000
Accepted fraction of steps: 0.279388
Convergence Status
R[0]= 1.006026	R[1]= 1.013871	R[2]= 1.171342	R[3]= 1.247434	R[4]= 1.075109	R[5]= 1.088677	R[6]= 1.096108	R[7]= 1.047860	R[8]= 1.002044	R[9]= 1.018051	R[10]= 1.034507	R[11]= 1.062730	R[12]= 1.008244	R[13]= 1.025355	R[14]= 1.124338	R[15]= 1.135893	R[16]= 1.143870	R[17]= 1.142933	R[18]= 1.038004	R[19]= 1.007674	R[20]= 1.048077	R[21]= 1.080638	R[22]= 1.121104	R[23]= 1.007008	R[24]= 1.049127	
<R>= 1.071841

Mean parameters
A[0]= 9.224630e-01 pm 3.252114e-02
A[1]= 1.009236e+00 pm 2.769768e-02
A[2]= 6.491570e-01 pm 3.776169e-01
A[3]= 3.791845e+00 pm 1.202494e+00
A[4]= -4.639074e+03 pm 4.255173e+03
A[5]= 3.152334e+03 pm 3.014254e+03
A[6]= -5.649603e+02 pm 7.855808e+02
A[7]= 2.218956e+01 pm 1.489801e+01
A[8]= -1.417905e-01 pm 1.803213e-01
A[9]= -6.848703e+02 pm 9.028039e+03
A[10]= 3.753064e+02 pm 5.646695e+03
A[11]= -4.050176e+02 pm 1.299313e+03
A[12]= -1.591763e+01 pm 4.849235e+01
A[13]= 5.257546e-01 pm 9.392724e-01
A[14]= 5.848335e+00 pm 1.958695e+00
A[15]= -8.848184e+03 pm 6.615196e+03
A[16]= 8.001422e+03 pm 4.789900e+03
A[17]= -2.140680e+03 pm 1.271814e+03
A[18]= 2.845185e+01 pm 2.200865e+01
A[19]= 5.693687e-02 pm 2.606606e-01
A[20]= 7.065872e+03 pm 1.276602e+04
A[21]= -2.291318e+03 pm 8.292826e+03
A[22]= -5.086804e+02 pm 1.997796e+03
A[23]= -4.294618e+01 pm 6.825719e+01
A[24]= 7.313527e-01 pm 1.339035e+00

Best-fitting parameters
A[0]= 9.032044e-01
A[1]= 1.021055e+00
A[2]= 7.541959e-01
A[3]= 3.561515e+00
A[4]= -6.633900e+03
A[5]= 4.272590e+03
A[6]= -7.701312e+02
A[7]= 2.626501e+01
A[8]= -1.451730e-01
A[9]= -2.718133e+03
A[10]= 1.994625e+03
A[11]= -8.137850e+02
A[12]= -7.724017e+00
A[13]= 4.553058e-01
A[14]= 5.706479e+00
A[15]= -1.020529e+04
A[16]= 9.207064e+03
A[17]= -2.489586e+03
A[18]= 2.905089e+01
A[19]= 1.013465e-01
A[20]= 8.222913e+03
A[21]= -2.633798e+03
A[22]= -5.126043e+02
A[23]= -9.842015e+01
A[24]= 2.039904e+00
chi2_min= 1.063989e+02


Cross-Covariance parameters
1.000000e+00	-5.069888e-01	-1.096794e-01	1.644913e-01	-7.801480e-02	8.740413e-02	-1.021247e-01	8.990139e-02	-8.283227e-03	-2.366477e-02	4.693902e-02	-9.156773e-02	1.514884e-01	-1.014768e-01	9.703383e-02	-2.704586e-02	3.428487e-02	-4.600064e-02	8.210211e-02	-3.736284e-02	-2.797379e-02	5.154937e-02	-9.400984e-02	1.832570e-01	-1.387881e-01	
-5.069888e-01	1.000000e+00	1.910229e-01	-2.910761e-01	1.353382e-01	-1.262508e-01	1.093427e-01	4.225885e-02	-1.396152e-01	-5.230865e-03	-8.168027e-03	3.119901e-02	-9.503971e-02	4.029187e-02	-3.459368e-01	1.745988e-01	-1.849797e-01	1.839263e-01	4.113896e-02	-2.033786e-01	2.301118e-02	-3.870520e-02	6.601289e-02	-1.048725e-01	5.116006e-02	
-1.096794e-01	1.910229e-01	1.000000e+00	-6.127804e-01	-8.632717e-02	1.055808e-01	-1.155601e-01	1.865706e-02	4.710889e-02	-4.426019e-01	5.736102e-01	-7.124096e-01	1.345146e-04	2.490372e-01	-5.640932e-01	-8.880224e-02	1.180811e-01	-1.365195e-01	2.779371e-02	5.944197e-02	-4.960843e-01	6.235558e-01	-7.431875e-01	1.623703e-02	2.550398e-01	
1.644913e-01	-2.910761e-01	-6.127804e-01	1.000000e+00	-5.877912e-01	6.329622e-01	-6.593039e-01	3.634900e-01	6.183018e-02	1.164486e-01	-1.590558e-01	2.116147e-01	1.885524e-02	-6.574073e-02	4.670428e-01	-7.248945e-02	6.196890e-02	-5.382721e-02	3.611887e-02	1.408369e-02	2.902761e-01	-3.496293e-01	4.034114e-01	-1.543815e-02	-1.217145e-01	
-7.801480e-02	1.353382e-01	-8.632717e-02	-5.877912e-01	1.000000e+00	-9.832557e-01	9.408795e-01	-7.911670e-01	2.666678e-01	1.938274e-01	-2.548026e-01	3.148726e-01	1.160752e-02	-1.016047e-01	-6.713988e-02	1.416085e-01	-1.532788e-01	1.595281e-01	-6.469132e-02	-5.731025e-02	6.165095e-02	-9.218336e-02	1.231081e-01	1.357434e-02	-7.189691e-02	
8.740413e-02	-1.262508e-01	1.055808e-01	6.329622e-01	-9.832557e-01	1.000000e+00	-9.864748e-01	7.562888e-01	-1.929140e-01	-2.207376e-01	2.889477e-01	-3.557412e-01	-6.430042e-03	1.206872e-01	6.292767e-02	-1.567561e-01	1.693245e-01	-1.763164e-01	7.663134e-02	5.568385e-02	-7.092402e-02	1.070476e-01	-1.434362e-01	-1.469799e-02	7.981741e-02	
-1.021247e-01	1.093427e-01	-1.155601e-01	-6.593039e-01	9.408795e-01	-9.864748e-01	1.000000e+00	-7.035819e-01	1.226973e-01	2.423890e-01	-3.142570e-01	3.839371e-01	-6.097157e-03	-1.254315e-01	-5.806299e-02	1.650114e-01	-1.778832e-01	1.854446e-01	-8.871984e-02	-4.815691e-02	7.527617e-02	-1.149374e-01	1.548886e-01	1.353879e-02	-8.161534e-02	
8.990139e-02	4.225885e-02	1.865706e-02	3.634900e-01	-7.911670e-01	7.562888e-01	-7.035819e-01	1.000000e+00	-7.713234e-01	-4.619118e-02	8.656965e-02	-1.349440e-01	-1.855388e-02	-5.031704e-02	3.183974e-02	-6.347270e-02	7.002706e-02	-7.641796e-02	7.000948e-02	-1.711712e-02	-8.160836e-03	2.020896e-02	-3.322169e-02	-1.098741e-02	2.706945e-02	
-8.283227e-03	-1.396152e-01	4.710889e-02	6.183018e-02	2.666678e-01	-1.929140e-01	1.226973e-01	-7.713234e-01	1.000000e+00	-1.299016e-01	1.321620e-01	-1.208646e-01	2.990416e-02	1.899937e-01	5.742455e-03	-3.296189e-02	3.442700e-02	-3.289906e-02	-2.505486e-02	5.564810e-02	-3.244567e-02	4.561746e-02	-5.904749e-02	8.432029e-04	2.484291e-02	
-2.366477e-02	-5.230865e-03	-4.426019e-01	1.164486e-01	1.938274e-01	-2.207376e-01	2.423890e-01	-4.619118e-02	-1.299016e-01	1.000000e+00	-9.780131e-01	8.920958e-01	-7.841228e-01	5.194699e-01	2.395589e-01	7.388586e-02	-8.827413e-02	9.592998e-02	-4.456193e-02	-2.166967e-02	2.469573e-01	-3.116231e-01	3.727246e-01	-2.143861e-02	-1.183686e-01	
4.693902e-02	-8.168027e-03	5.736102e-01	-1.590558e-01	-2.548026e-01	2.889477e-01	-3.142570e-01	8.656965e-02	1.321620e-01	-9.780131e-01	1.000000e+00	-9.658813e-01	7.223535e-01	-4.300637e-01	-2.977179e-01	-1.022628e-01	1.226048e-01	-1.342451e-01	5.309999e-02	4.072192e-02	-3.155837e-01	4.013386e-01	-4.837447e-01	2.538782e-02	1.564061e-01	
-9.156773e-02	3.119901e-02	-7.124096e-01	2.116147e-01	3.148726e-01	-3.557412e-01	3.839371e-01	-1.349440e-01	-1.208646e-01	8.920958e-01	-9.658813e-01	1.000000e+00	-5.875317e-01	2.765047e-01	3.582087e-01	1.325227e-01	-1.593282e-01	1.755796e-01	-6.203640e-02	-6.182926e-02	3.906907e-01	-4.993807e-01	6.052935e-01	-3.518069e-02	-1.926244e-01	
1.514884e-01	-9.503971e-02	1.345146e-04	1.885524e-02	1.160752e-02	-6.430042e-03	-6.097157e-03	-1.855388e-02	2.990416e-02	-7.841228e-01	7.223535e-01	-5.875317e-01	1.000000e+00	-9.142542e-01	-5.135919e-03	6.359320e-04	3.067854e-03	-5.586167e-03	1.693075e-02	-1.031362e-02	-2.772480e-02	3.346752e-02	-4.125970e-02	3.553549e-02	-2.004413e-02	
-1.014768e-01	4.029187e-02	2.490372e-01	-6.574073e-02	-1.016047e-01	1.206872e-01	-1.254315e-01	-5.031704e-02	1.899937e-01	5.194699e-01	-4.300637e-01	2.765047e-01	-9.142542e-01	1.000000e+00	-1.076348e-01	-5.567375e-02	6.153967e-02	-6.452577e-02	-6.847937e-04	4.587629e-02	-1.104697e-01	1.447067e-01	-1.764685e-01	-2.168832e-02	9.052420e-02	
9.703383e-02	-3.459368e-01	-5.640932e-01	4.670428e-01	-6.713988e-02	6.292767e-02	-5.806299e-02	3.183974e-02	5.742455e-03	2.395589e-01	-2.977179e-01	3.582087e-01	-5.135919e-03	-1.076348e-01	1.000000e+00	-6.259050e-01	6.643944e-01	-6.845466e-01	3.329845e-01	1.546660e-01	1.354567e-01	-1.658429e-01	1.997367e-01	-5.262318e-02	7.050287e-03	
-2.704586e-02	1.745988e-01	-8.880224e-02	-7.248945e-02	1.416085e-01	-1.567561e-01	1.650114e-01	-6.347270e-02	-3.296189e-02	7.388586e-02	-1.022628e-01	1.325227e-01	6.359320e-04	-5.567375e-02	-6.259050e-01	1.000000e+00	-9.843642e-01	9.464920e-01	-7.654920e-01	1.732828e-01	2.327573e-01	-2.934842e-01	3.453884e-01	3.105519e-02	-1.565066e-01	
3.428487e-02	-1.849797e-01	1.180811e-01	6.196890e-02	-1.532788e-01	1.693245e-01	-1.778832e-01	7.002706e-02	3.442700e-02	-8.827413e-02	1.226048e-01	-1.593282e-01	3.067854e-03	6.153967e-02	6.643944e-01	-9.843642e-01	1.000000e+00	-9.882403e-01	7.156350e-01	-8.214442e-02	-2.579127e-01	3.280257e-01	-3.886333e-01	-3.870899e-02	1.880244e-01	
-4.600064e-02	1.839263e-01	-1.365195e-01	-5.382721e-02	1.595281e-01	-1.763164e-01	1.854446e-01	-7.641796e-02	-3.289906e-02	9.592998e-02	-1.342451e-01	1.755796e-01	-5.586167e-03	-6.452577e-02	-6.845466e-01	9.464920e-01	-9.882403e-01	1.000000e+00	-6.536125e-01	7.084900e-04	2.738201e-01	-3.496187e-01	4.155130e-01	4.062272e-02	-2.058062e-01	
8.210211e-02	4.113896e-02	2.779371e-02	3.611887e-02	-6.469132e-02	7.663134e-02	-8.871984e-02	7.000948e-02	-2.505486e-02	-4.456193e-02	5.309999e-02	-6.203640e-02	1.693075e-02	-6.847937e-04	3.329845e-01	-7.654920e-01	7.156350e-01	-6.536125e-01	1.000000e+00	-7.424435e-01	-1.150058e-01	1.487022e-01	-1.793704e-01	2.958977e-02	-2.384958e-02	
-3.736284e-02	-2.033786e-01	5.944197e-02	1.408369e-02	-5.731025e-02	5.568385e-02	-4.815691e-02	-1.711712e-02	5.564810e-02	-2.166967e-02	4.072192e-02	-6.182926e-02	-1.031362e-02	4.587629e-02	1.546660e-01	1.732828e-01	-8.214442e-02	7.084900e-04	-7.424435e-01	1.000000e+00	-6.491947e-02	8.416866e-02	-9.974587e-02	-8.269240e-02	2.196008e-01	
-2.797379e-02	2.301118e-02	-4.960843e-01	2.902761e-01	6.165095e-02	-7.092402e-02	7.527617e-02	-8.160836e-03	-3.244567e-02	2.469573e-01	-3.155837e-01	3.906907e-01	-2.772480e-02	-1.104697e-01	1.354567e-01	2.327573e-01	-2.579127e-01	2.738201e-01	-1.150058e-01	-6.491947e-02	1.000000e+00	-9.770576e-01	8.942902e-01	-7.485868e-01	4.752661e-01	
5.154937e-02	-3.870520e-02	6.235558e-01	-3.496293e-01	-9.218336e-02	1.070476e-01	-1.149374e-01	2.020896e-02	4.561746e-02	-3.116231e-01	4.013386e-01	-4.993807e-01	3.346752e-02	1.447067e-01	-1.658429e-01	-2.934842e-01	3.280257e-01	-3.496187e-01	1.487022e-01	8.416866e-02	-9.770576e-01	1.000000e+00	-9.683369e-01	6.688634e-01	-3.626762e-01	
-9.400984e-02	6.601289e-02	-7.431875e-01	4.034114e-01	1.231081e-01	-1.434362e-01	1.548886e-01	-3.322169e-02	-5.904749e-02	3.727246e-01	-4.837447e-01	6.052935e-01	-4.125970e-02	-1.764685e-01	1.997367e-01	3.453884e-01	-3.886333e-01	4.155130e-01	-1.793704e-01	-9.974587e-02	8.942902e-01	-9.683369e-01	1.000000e+00	-5.260371e-01	1.976629e-01	
1.832570e-01	-1.048725e-01	1.623703e-02	-1.543815e-02	1.357434e-02	-1.469799e-02	1.353879e-02	-1.098741e-02	8.432029e-04	-2.143861e-02	2.538782e-02	-3.518069e-02	3.553549e-02	-2.168832e-02	-5.262318e-02	3.105519e-02	-3.870899e-02	4.062272e-02	2.958977e-02	-8.269240e-02	-7.485868e-01	6.688634e-01	-5.260371e-01	1.000000e+00	-9.239777e-01	
-1.387881e-01	5.116006e-02	2.550398e-01	-1.217145e-01	-7.189691e-02	7.981741e-02	-8.161534e-02	2.706945e-02	2.484291e-02	-1.183686e-01	1.564061e-01	-1.926244e-01	-2.004413e-02	9.052420e-02	7.050287e-03	-1.565066e-01	1.880244e-01	-2.058062e-01	-2.384958e-02	2.196008e-01	4.752661e-01	-3.626762e-01	1.976629e-01	-9.239777e-01	1.000000e+00	

Time taken for mcmc chain: 32.366667 minutes
