Number of steps: 15181819
Number of accepted steps: 1000000
Burn-in number of steps: 320000
Accepted fraction of steps: 0.065868
Convergence Status
R[0]= 1.012624	R[1]= 1.009475	R[2]= 1.031910	R[3]= 1.020672	R[4]= 1.011867	R[5]= 1.017660	R[6]= 1.022143	R[7]= 1.005762	R[8]= 1.000950	R[9]= 1.007517	R[10]= 1.012472	R[11]= 1.020561	R[12]= 1.001495	R[13]= 1.000547	R[14]= 1.048469	R[15]= 1.013166	R[16]= 1.016054	R[17]= 1.017714	R[18]= 1.009706	R[19]= 1.001001	R[20]= 1.006908	R[21]= 1.008838	R[22]= 1.009854	R[23]= 1.002308	R[24]= 1.001246	
<R>= 1.012437

Mean parameters
A[0]= 8.291851e-01 pm 3.627161e-02
A[1]= 8.917628e-01 pm 2.514371e-02
A[2]= 6.815239e-01 pm 3.291406e-01
A[3]= 3.445950e+00 pm 1.065843e+00
A[4]= 4.250301e+03 pm 3.860024e+03
A[5]= -1.463646e+03 pm 2.827213e+03
A[6]= 1.332213e+02 pm 8.213453e+02
A[7]= 9.844386e+00 pm 1.793096e+01
A[8]= -2.488277e-02 pm 1.959211e-01
A[9]= 9.839628e+03 pm 9.277923e+03
A[10]= -5.434792e+03 pm 5.638939e+03
A[11]= 5.710734e+02 pm 1.281591e+03
A[12]= -6.699784e+01 pm 5.437302e+01
A[13]= 1.542517e+00 pm 9.945155e-01
A[14]= 5.693678e+00 pm 1.660656e+00
A[15]= -3.588516e+03 pm 5.834683e+03
A[16]= 5.594703e+03 pm 4.205328e+03
A[17]= -2.072750e+03 pm 1.200711e+03
A[18]= 5.006999e+01 pm 2.717872e+01
A[19]= -2.019334e-01 pm 2.841843e-01
A[20]= 8.768230e+03 pm 1.328655e+04
A[21]= -2.933723e+03 pm 8.215386e+03
A[22]= -6.602836e+02 pm 1.925314e+03
A[23]= -2.032024e+01 pm 7.696429e+01
A[24]= 1.870149e-01 pm 1.399855e+00

Best-fitting parameters
A[0]= 8.207748e-01
A[1]= 9.098794e-01
A[2]= 3.262444e-01
A[3]= 5.043867e+00
A[4]= 1.431139e+03
A[5]= 8.564755e+02
A[6]= -5.822404e+02
A[7]= 2.647410e+01
A[8]= -1.388676e-01
A[9]= 8.879488e+03
A[10]= -6.023241e+03
A[11]= 1.103686e+03
A[12]= -5.910653e+01
A[13]= 1.118585e+00
A[14]= 6.422665e+00
A[15]= -9.001433e+02
A[16]= 3.855759e+03
A[17]= -1.665738e+03
A[18]= 4.148130e+01
A[19]= -1.072019e-01
A[20]= 9.598083e+03
A[21]= -5.315065e+03
A[22]= 5.676436e+02
A[23]= -9.901693e+00
A[24]= -4.054444e-01
chi2_min= 9.974965e+01


Cross-Covariance parameters
1.000000e+00	-4.827038e-01	-2.080518e-01	5.977262e-02	1.147987e-01	-1.024168e-01	7.546078e-02	-7.347321e-03	-2.986240e-02	7.236264e-02	-6.353544e-02	2.031691e-02	8.921700e-02	-8.801946e-02	9.977917e-02	6.243107e-02	-5.393585e-02	3.067392e-02	4.579644e-02	-6.567085e-02	1.028746e-01	-8.585312e-02	2.522451e-02	8.643815e-02	-8.798125e-02	
-4.827038e-01	1.000000e+00	9.349501e-02	-1.026152e-01	9.223582e-05	6.360993e-03	-1.929882e-02	7.511478e-02	-9.420746e-02	1.079703e-02	-3.374992e-02	8.032433e-02	-9.331224e-02	3.639173e-02	-1.626810e-01	6.000555e-02	-6.079518e-02	5.100221e-02	3.528676e-02	-8.932445e-02	-3.613603e-02	-8.121659e-04	7.263261e-02	-4.819219e-02	-4.905360e-03	
-2.080518e-01	9.349501e-02	1.000000e+00	-5.387031e-01	-2.400285e-02	2.819035e-02	-2.620533e-02	-4.548569e-02	8.043348e-02	-3.132519e-01	4.340532e-01	-5.870279e-01	1.563442e-01	4.425050e-02	-6.209257e-01	-2.407861e-03	-1.988990e-03	1.139281e-02	-7.408723e-02	8.797058e-02	-3.322271e-01	4.649335e-01	-6.233051e-01	1.443328e-01	8.301787e-02	
5.977262e-02	-1.026152e-01	-5.387031e-01	1.000000e+00	-6.036869e-01	7.093276e-01	-7.706078e-01	5.331055e-01	-9.317764e-02	-1.147453e-02	7.418365e-03	1.140606e-04	-1.044433e-02	1.306648e-02	3.708826e-01	-3.289992e-02	3.913696e-02	-4.369225e-02	5.183637e-02	-3.516245e-02	1.652856e-01	-2.351245e-01	3.194470e-01	-7.705830e-02	-3.766474e-02	
1.147987e-01	9.223582e-05	-2.400285e-02	-6.036869e-01	1.000000e+00	-9.681950e-01	8.891633e-01	-8.699617e-01	4.719643e-01	1.639020e-01	-2.328691e-01	3.182521e-01	-8.018364e-02	3.934881e-02	-1.564071e-02	5.263969e-02	-5.849391e-02	5.839994e-02	-2.398808e-02	-1.084085e-02	4.275100e-02	-4.916570e-02	5.228324e-02	-7.675402e-03	-1.104010e-02	
-1.024168e-01	6.360993e-03	2.819035e-02	7.093276e-01	-9.681950e-01	1.000000e+00	-9.747002e-01	8.614551e-01	-3.923401e-01	-1.939685e-01	2.744310e-01	-3.753589e-01	8.588055e-02	-1.106307e-02	1.065186e-02	-5.225402e-02	5.901863e-02	-6.011212e-02	2.603033e-02	1.025510e-02	-4.654713e-02	5.442287e-02	-5.979875e-02	1.172229e-02	9.617791e-03	
7.546078e-02	-1.929882e-02	-2.620533e-02	-7.706078e-01	8.891633e-01	-9.747002e-01	1.000000e+00	-8.040099e-01	2.950746e-01	2.166528e-01	-3.026450e-01	4.110162e-01	-9.511862e-02	-6.083979e-03	-6.622538e-03	4.773937e-02	-5.523914e-02	5.805828e-02	-2.851642e-02	-6.472810e-03	4.645875e-02	-5.474986e-02	6.152562e-02	-1.607090e-02	-5.344605e-03	
-7.347321e-03	7.511478e-02	-4.548569e-02	5.331055e-01	-8.699617e-01	8.614551e-01	-8.040099e-01	1.000000e+00	-7.880642e-01	-4.178093e-02	1.020974e-01	-1.875366e-01	3.996647e-02	-1.077444e-01	3.567564e-02	-2.287473e-02	3.046037e-02	-3.729049e-02	3.741237e-02	-2.092654e-02	-1.117774e-02	6.755383e-03	5.512334e-04	7.704536e-03	-1.181208e-02	
-2.986240e-02	-9.420746e-02	8.043348e-02	-9.317764e-02	4.719643e-01	-3.923401e-01	2.950746e-01	-7.880642e-01	1.000000e+00	-1.474584e-01	1.326415e-01	-9.770265e-02	3.700450e-02	1.854956e-01	-4.400892e-02	-7.305376e-03	2.255371e-03	5.249810e-03	-2.561121e-02	3.024917e-02	-1.641707e-02	3.005614e-02	-4.771010e-02	-1.992437e-04	2.351624e-02	
7.236264e-02	1.079703e-02	-3.132519e-01	-1.147453e-02	1.639020e-01	-1.939685e-01	2.166528e-01	-4.178093e-02	-1.474584e-01	1.000000e+00	-9.783800e-01	8.755669e-01	-8.787994e-01	6.859690e-01	1.926936e-01	2.455981e-02	-2.408671e-02	1.979674e-02	1.442612e-02	-3.595457e-02	1.150114e-01	-1.640348e-01	2.233074e-01	-4.853143e-02	-3.458778e-02	
-6.353544e-02	-3.374992e-02	4.340532e-01	7.418365e-03	-2.328691e-01	2.744310e-01	-3.026450e-01	1.020974e-01	1.326415e-01	-9.783800e-01	1.000000e+00	-9.550679e-01	8.703129e-01	-6.518356e-01	-2.662772e-01	-2.861070e-02	2.919115e-02	-2.509660e-02	-2.089404e-02	4.902397e-02	-1.606179e-01	2.293361e-01	-3.135976e-01	7.413604e-02	4.267492e-02	
2.031691e-02	8.032433e-02	-5.870279e-01	1.140606e-04	3.182521e-01	-3.753589e-01	4.110162e-01	-1.875366e-01	-9.770265e-02	8.755669e-01	-9.550679e-01	1.000000e+00	-7.760403e-01	5.313745e-01	3.598499e-01	3.183805e-02	-3.410343e-02	3.103224e-02	2.796633e-02	-6.389880e-02	2.183256e-01	-3.133764e-01	4.322844e-01	-1.115109e-01	-4.969605e-02	
8.921700e-02	-9.331224e-02	1.563442e-01	-1.044433e-02	-8.018364e-02	8.588055e-02	-9.511862e-02	3.996647e-02	3.700450e-02	-8.787994e-01	8.703129e-01	-7.760403e-01	1.000000e+00	-9.218326e-01	-9.964388e-02	-4.985786e-03	5.393705e-03	-5.143456e-03	-6.450383e-03	1.669728e-02	-4.876644e-02	8.119595e-02	-1.265008e-01	3.666991e-02	1.273253e-02	
-8.801946e-02	3.639173e-02	4.425050e-02	1.306648e-02	3.934881e-02	-1.106307e-02	-6.083979e-03	-1.077444e-01	1.854956e-01	6.859690e-01	-6.518356e-01	5.313745e-01	-9.218326e-01	1.000000e+00	-1.881856e-02	-8.751318e-03	8.775400e-03	-7.119079e-03	-4.967701e-03	8.214967e-03	-2.318902e-02	2.430865e-02	-2.169912e-02	-9.761532e-04	8.201064e-03	
9.977917e-02	-1.626810e-01	-6.209257e-01	3.708826e-01	-1.564071e-02	1.065186e-02	-6.622538e-03	3.567564e-02	-4.400892e-02	1.926936e-01	-2.662772e-01	3.598499e-01	-9.964388e-02	-1.881856e-02	1.000000e+00	-5.559872e-01	6.603049e-01	-7.270370e-01	4.918166e-01	-1.101113e-01	2.331574e-02	-5.206559e-02	9.365962e-02	-1.106079e-02	-2.921501e-02	
6.243107e-02	6.000555e-02	-2.407861e-03	-3.289992e-02	5.263969e-02	-5.225402e-02	4.773937e-02	-2.287473e-02	-7.305376e-03	2.455981e-02	-2.861070e-02	3.183805e-02	-4.985786e-03	-8.751318e-03	-5.559872e-01	1.000000e+00	-9.697231e-01	8.901351e-01	-8.835468e-01	5.463172e-01	2.014534e-01	-2.609104e-01	3.220840e-01	-9.205630e-02	1.654036e-02	
-5.393585e-02	-6.079518e-02	-1.988990e-03	3.913696e-02	-5.849391e-02	5.901863e-02	-5.523914e-02	3.046037e-02	2.255371e-03	-2.408671e-02	2.919115e-02	-3.410343e-02	5.393705e-03	8.775400e-03	6.603049e-01	-9.697231e-01	1.000000e+00	-9.738315e-01	8.655680e-01	-4.550924e-01	-2.335728e-01	3.042612e-01	-3.780230e-01	1.068765e-01	-5.729197e-03	
3.067392e-02	5.100221e-02	1.139281e-02	-4.369225e-02	5.839994e-02	-6.011212e-02	5.805828e-02	-3.729049e-02	5.249810e-03	1.979674e-02	-2.509660e-02	3.103224e-02	-5.143456e-03	-7.119079e-03	-7.270370e-01	8.901351e-01	-9.738315e-01	1.000000e+00	-7.992969e-01	3.412524e-01	2.514176e-01	-3.280990e-01	4.091723e-01	-1.178915e-01	-7.258402e-04	
4.579644e-02	3.528676e-02	-7.408723e-02	5.183637e-02	-2.398808e-02	2.603033e-02	-2.851642e-02	3.741237e-02	-2.561121e-02	1.442612e-02	-2.089404e-02	2.796633e-02	-6.450383e-03	-4.967701e-03	4.918166e-01	-8.835468e-01	8.655680e-01	-7.992969e-01	1.000000e+00	-8.252086e-01	-1.192755e-01	1.637157e-01	-2.119625e-01	9.116647e-02	-9.046280e-02	
-6.567085e-02	-8.932445e-02	8.797058e-02	-3.516245e-02	-1.084085e-02	1.025510e-02	-6.472810e-03	-2.092654e-02	3.024917e-02	-3.595457e-02	4.902397e-02	-6.389880e-02	1.669728e-02	8.214967e-03	-1.101113e-01	5.463172e-01	-4.550924e-01	3.412524e-01	-8.252086e-01	1.000000e+00	-3.575787e-02	3.317582e-02	-2.796181e-02	-3.671301e-02	1.494540e-01	
1.028746e-01	-3.613603e-02	-3.322271e-01	1.652856e-01	4.275100e-02	-4.654713e-02	4.645875e-02	-1.117774e-02	-1.641707e-02	1.150114e-01	-1.606179e-01	2.183256e-01	-4.876644e-02	-2.318902e-02	2.331574e-02	2.014534e-01	-2.335728e-01	2.514176e-01	-1.192755e-01	-3.575787e-02	1.000000e+00	-9.758562e-01	8.651160e-01	-8.787600e-01	7.075417e-01	
-8.585312e-02	-8.121659e-04	4.649335e-01	-2.351245e-01	-4.916570e-02	5.442287e-02	-5.474986e-02	6.755383e-03	3.005614e-02	-1.640348e-01	2.293361e-01	-3.133764e-01	8.119595e-02	2.430865e-02	-5.206559e-02	-2.609104e-01	3.042612e-01	-3.280990e-01	1.637157e-01	3.317582e-02	-9.758562e-01	1.000000e+00	-9.523776e-01	8.566880e-01	-6.473372e-01	
2.522451e-02	7.263261e-02	-6.233051e-01	3.194470e-01	5.228324e-02	-5.979875e-02	6.152562e-02	5.512334e-04	-4.771010e-02	2.233074e-01	-3.135976e-01	4.322844e-01	-1.265008e-01	-2.169912e-02	9.365962e-02	3.220840e-01	-3.780230e-01	4.091723e-01	-2.119625e-01	-2.796181e-02	8.651160e-01	-9.523776e-01	1.000000e+00	-7.436121e-01	4.925193e-01	
8.643815e-02	-4.819219e-02	1.443328e-01	-7.705830e-02	-7.675402e-03	1.172229e-02	-1.607090e-02	7.704536e-03	-1.992437e-04	-4.853143e-02	7.413604e-02	-1.115109e-01	3.666991e-02	-9.761532e-04	-1.106079e-02	-9.205630e-02	1.068765e-01	-1.178915e-01	9.116647e-02	-3.671301e-02	-8.787600e-01	8.566880e-01	-7.436121e-01	1.000000e+00	-9.349547e-01	
-8.798125e-02	-4.905360e-03	8.301787e-02	-3.766474e-02	-1.104010e-02	9.617791e-03	-5.344605e-03	-1.181208e-02	2.351624e-02	-3.458778e-02	4.267492e-02	-4.969605e-02	1.273253e-02	8.201064e-03	-2.921501e-02	1.654036e-02	-5.729197e-03	-7.258402e-04	-9.046280e-02	1.494540e-01	7.075417e-01	-6.473372e-01	4.925193e-01	-9.349547e-01	1.000000e+00	

Time taken for mcmc chain: 1.588056 hours
