Number of steps: 2621797
Number of accepted steps: 1000000
Burn-in number of steps: 320000
Accepted fraction of steps: 0.381418
Convergence Status
R[0]= 1.003758	R[1]= 1.006800	R[2]= 1.027000	R[3]= 1.026320	R[4]= 1.006995	R[5]= 1.005511	R[6]= 1.004980	R[7]= 1.002617	R[8]= 1.001648	R[9]= 1.002455	R[10]= 1.003211	R[11]= 1.005771	R[12]= 1.008470	R[13]= 1.011750	R[14]= 1.028408	R[15]= 1.011841	R[16]= 1.014423	R[17]= 1.016142	R[18]= 1.004789	R[19]= 1.007239	R[20]= 1.009821	R[21]= 1.011225	R[22]= 1.013509	R[23]= 1.004727	R[24]= 1.003431	
<R>= 1.009714

Mean parameters
A[0]= 9.439073e-01 pm 3.124041e-02
A[1]= 1.046057e+00 pm 2.619707e-02
A[2]= 6.640850e-01 pm 4.418633e-01
A[3]= 4.200151e+00 pm 1.264853e+00
A[4]= -4.992871e+03 pm 3.687047e+03
A[5]= 2.645820e+03 pm 2.426436e+03
A[6]= -1.666364e+02 pm 5.708899e+02
A[7]= 1.030329e+01 pm 1.318044e+01
A[8]= -1.324968e-01 pm 1.812265e-01
A[9]= -3.936526e+03 pm 8.781399e+03
A[10]= 1.794006e+03 pm 5.366070e+03
A[11]= -4.892593e+02 pm 1.148466e+03
A[12]= 3.148946e+00 pm 4.946214e+01
A[13]= -2.619955e-02 pm 9.581344e-01
A[14]= 5.756544e+00 pm 1.853845e+00
A[15]= -6.136167e+03 pm 5.369953e+03
A[16]= 4.829388e+03 pm 3.552426e+03
A[17]= -9.136901e+02 pm 8.393126e+02
A[18]= -3.271758e+00 pm 1.953802e+01
A[19]= 2.226611e-01 pm 2.664058e-01
A[20]= 5.912147e+03 pm 1.192767e+04
A[21]= -2.982437e+03 pm 7.299959e+03
A[22]= 6.954500e+01 pm 1.557812e+03
A[23]= -4.953286e+01 pm 6.966295e+01
A[24]= 7.387581e-01 pm 1.353046e+00

Best-fitting parameters
A[0]= 9.328773e-01
A[1]= 1.054654e+00
A[2]= 7.100922e-01
A[3]= 3.899746e+00
A[4]= -6.803614e+03
A[5]= 3.598228e+03
A[6]= -3.379426e+02
A[7]= 2.166810e+01
A[8]= -2.939890e-01
A[9]= -2.913423e+03
A[10]= 1.794541e+03
A[11]= -6.265968e+02
A[12]= 9.321100e+00
A[13]= -3.037406e-01
A[14]= 4.998653e+00
A[15]= -6.497242e+03
A[16]= 4.605169e+03
A[17]= -7.457940e+02
A[18]= -5.073143e+00
A[19]= 2.560727e-01
A[20]= 1.125674e+04
A[21]= -6.065519e+03
A[22]= 6.513430e+02
A[23]= -9.953340e+01
A[24]= 1.767439e+00
chi2_min= 9.957977e+01


Cross-Covariance parameters
1.000000e+00	-4.997363e-01	-1.526912e-01	7.871312e-02	3.616131e-02	-4.360464e-02	4.184382e-02	1.027612e-01	-1.017709e-01	1.443533e-02	-9.644391e-03	-1.423134e-02	1.373228e-01	-1.259607e-01	3.828678e-02	9.218008e-02	-9.491674e-02	8.728113e-02	8.174078e-02	-1.100096e-01	2.085453e-02	-1.334342e-02	-1.132236e-02	1.372838e-01	-1.206037e-01	
-4.997363e-01	1.000000e+00	1.268811e-01	-1.419191e-01	-1.036831e-02	2.455407e-02	-4.592731e-02	9.141664e-02	-7.784698e-02	-2.307782e-02	1.144002e-02	1.320855e-02	-6.122017e-02	2.429349e-02	-1.581821e-01	-4.049334e-02	4.207885e-02	-4.757774e-02	1.421087e-01	-1.253734e-01	-2.890325e-02	1.847254e-02	5.089400e-03	-4.654530e-02	1.194513e-02	
-1.526912e-01	1.268811e-01	1.000000e+00	-7.276408e-01	-2.407504e-02	2.688609e-02	-2.280347e-02	-4.758640e-02	4.457897e-02	-4.667414e-01	5.782681e-01	-6.997069e-01	-3.417031e-02	2.019169e-01	-7.027428e-01	3.493107e-02	-3.950498e-02	4.937476e-02	-6.553213e-02	4.352774e-02	-4.246577e-01	5.245089e-01	-6.391256e-01	-4.985527e-02	1.902616e-01	
7.871312e-02	-1.419191e-01	-7.276408e-01	1.000000e+00	-4.763231e-01	5.323681e-01	-5.738224e-01	1.437522e-01	1.094753e-01	2.643348e-01	-3.291497e-01	4.022624e-01	-2.675413e-02	-5.080232e-02	5.586140e-01	-5.522452e-02	5.826555e-02	-6.342048e-02	5.030542e-02	-2.092991e-02	3.343398e-01	-4.100075e-01	4.952465e-01	1.365163e-02	-1.246877e-01	
3.616131e-02	-1.036831e-02	-2.407504e-02	-4.763231e-01	1.000000e+00	-9.830839e-01	9.361719e-01	-6.463435e-01	2.708491e-01	7.762352e-02	-1.149878e-01	1.583375e-01	1.118368e-01	-1.075827e-01	-2.502544e-02	8.848143e-02	-9.403118e-02	9.516056e-02	-1.918829e-02	-2.263869e-02	9.825500e-03	-1.966718e-02	3.174932e-02	4.512988e-02	-5.047713e-02	
-4.360464e-02	2.455407e-02	2.688609e-02	5.323681e-01	-9.830839e-01	1.000000e+00	-9.842142e-01	5.938755e-01	-2.014702e-01	-9.043015e-02	1.312305e-01	-1.781261e-01	-1.243166e-01	1.338677e-01	2.040337e-02	-9.057792e-02	9.551567e-02	-9.647397e-02	2.557083e-02	1.601921e-02	-5.337132e-03	1.531404e-02	-2.807779e-02	-5.171785e-02	5.590519e-02	
4.184382e-02	-4.592731e-02	-2.280347e-02	-5.738224e-01	9.361719e-01	-9.842142e-01	1.000000e+00	-5.280874e-01	1.355193e-01	1.021643e-01	-1.440914e-01	1.918651e-01	1.246017e-01	-1.441214e-01	-1.691953e-02	9.008429e-02	-9.402126e-02	9.480854e-02	-3.571810e-02	-4.367654e-03	1.726176e-04	-9.167645e-03	2.125297e-02	5.369750e-02	-5.571480e-02	
1.027612e-01	9.141664e-02	-4.758640e-02	1.437522e-01	-6.463435e-01	5.938755e-01	-5.280874e-01	1.000000e+00	-8.884329e-01	9.567920e-02	-7.672332e-02	4.344736e-02	-5.284879e-02	-1.072746e-01	1.312377e-02	-2.925403e-02	2.731659e-02	-2.778846e-02	5.311419e-02	-3.890769e-02	1.824159e-02	-1.729055e-02	1.481019e-02	5.291212e-03	-1.271101e-02	
-1.017709e-01	-7.784698e-02	4.457897e-02	1.094753e-01	2.708491e-01	-2.014702e-01	1.355193e-01	-8.884329e-01	1.000000e+00	-1.573972e-01	1.517479e-01	-1.309470e-01	1.788080e-02	1.918771e-01	9.135385e-03	-6.430030e-03	1.282047e-02	-1.503145e-02	-3.797165e-02	4.356947e-02	-1.327473e-02	1.511122e-02	-1.663080e-02	-2.395413e-02	3.082219e-02	
1.443533e-02	-2.307782e-02	-4.667414e-01	2.643348e-01	7.762352e-02	-9.043015e-02	1.021643e-01	9.567920e-02	-1.573972e-01	1.000000e+00	-9.837451e-01	9.204071e-01	-7.436573e-01	5.398848e-01	3.087876e-01	1.490755e-02	-1.716154e-02	1.619178e-02	-2.523399e-03	-1.483459e-03	2.144910e-01	-2.624206e-01	3.196585e-01	1.369383e-02	-8.013540e-02	
-9.644391e-03	1.144002e-02	5.782681e-01	-3.291497e-01	-1.149878e-01	1.312305e-01	-1.440914e-01	-7.672332e-02	1.517479e-01	-9.837451e-01	1.000000e+00	-9.749558e-01	6.911630e-01	-4.786980e-01	-3.890229e-01	-1.563838e-02	1.757647e-02	-1.546326e-02	-4.920679e-03	8.474008e-03	-2.673170e-01	3.282861e-01	-4.009914e-01	-1.898596e-02	1.043823e-01	
-1.423134e-02	1.320855e-02	-6.997069e-01	4.022624e-01	1.583375e-01	-1.781261e-01	1.918651e-01	4.344736e-02	-1.309470e-01	9.204071e-01	-9.749558e-01	1.000000e+00	-5.825871e-01	3.686599e-01	4.807854e-01	1.249163e-02	-1.360527e-02	1.000603e-02	1.483571e-02	-1.633798e-02	3.243424e-01	-4.004017e-01	4.913034e-01	2.491760e-02	-1.325258e-01	
1.373228e-01	-6.122017e-02	-3.417031e-02	-2.675413e-02	1.118368e-01	-1.243166e-01	1.246017e-01	-5.284879e-02	1.788080e-02	-7.436573e-01	6.911630e-01	-5.825871e-01	1.000000e+00	-9.435131e-01	3.690075e-02	2.947490e-03	-1.710297e-03	-9.876948e-04	4.402534e-02	-4.211780e-02	-1.259832e-02	3.855000e-03	3.501578e-03	5.491309e-02	-6.295708e-02	
-1.259607e-01	2.429349e-02	2.019169e-01	-5.080232e-02	-1.075827e-01	1.338677e-01	-1.441214e-01	-1.072746e-01	1.918771e-01	5.398848e-01	-4.786980e-01	3.686599e-01	-9.435131e-01	1.000000e+00	-1.453723e-01	-2.007015e-04	1.684352e-03	-4.729994e-05	-6.010948e-02	5.683546e-02	-6.598937e-02	9.398183e-02	-1.243899e-01	-6.015403e-02	9.611211e-02	
3.828678e-02	-1.581821e-01	-7.027428e-01	5.586140e-01	-2.502544e-02	2.040337e-02	-1.691953e-02	1.312377e-02	9.135385e-03	3.087876e-01	-3.890229e-01	4.807854e-01	3.690075e-02	-1.453723e-01	1.000000e+00	-5.331267e-01	5.952300e-01	-6.420999e-01	9.326629e-02	1.782870e-01	1.927316e-01	-2.425955e-01	3.075287e-01	6.088452e-03	-6.440671e-02	
9.218008e-02	-4.049334e-02	3.493107e-02	-5.522452e-02	8.848143e-02	-9.057792e-02	9.008429e-02	-2.925403e-02	-6.430030e-03	1.490755e-02	-1.563838e-02	1.249163e-02	2.947490e-03	-2.007015e-04	-5.331267e-01	1.000000e+00	-9.840021e-01	9.398909e-01	-5.995908e-01	2.259316e-01	1.629514e-01	-1.925689e-01	2.162138e-01	7.137307e-03	-2.626691e-02	
-9.491674e-02	4.207885e-02	-3.950498e-02	5.826555e-02	-9.403118e-02	9.551567e-02	-9.402126e-02	2.731659e-02	1.282047e-02	-1.716154e-02	1.757647e-02	-1.360527e-02	-1.710297e-03	1.684352e-03	5.952300e-01	-9.840021e-01	1.000000e+00	-9.852240e-01	5.308858e-01	-1.395690e-01	-1.719473e-01	2.055906e-01	-2.333263e-01	-2.161996e-02	5.077502e-02	
8.728113e-02	-4.757774e-02	4.937476e-02	-6.342048e-02	9.516056e-02	-9.647397e-02	9.480854e-02	-2.778846e-02	-1.503145e-02	1.619178e-02	-1.546326e-02	1.000603e-02	-9.876948e-04	-4.729994e-05	-6.420999e-01	9.398909e-01	-9.852240e-01	1.000000e+00	-4.515702e-01	5.738904e-02	1.741465e-01	-2.099610e-01	2.402028e-01	3.112692e-02	-6.702869e-02	
8.174078e-02	1.421087e-01	-6.553213e-02	5.030542e-02	-1.918829e-02	2.557083e-02	-3.571810e-02	5.311419e-02	-3.797165e-02	-2.523399e-03	-4.920679e-03	1.483571e-02	4.402534e-02	-6.010948e-02	9.326629e-02	-5.995908e-01	5.308858e-01	-4.515702e-01	1.000000e+00	-8.998687e-01	-1.029557e-02	1.359354e-02	-1.748609e-02	8.436744e-02	-1.700643e-01	
-1.100096e-01	-1.253734e-01	4.352774e-02	-2.092991e-02	-2.263869e-02	1.601921e-02	-4.367654e-03	-3.890769e-02	4.356947e-02	-1.483459e-03	8.474008e-03	-1.633798e-02	-4.211780e-02	5.683546e-02	1.782870e-01	2.259316e-01	-1.395690e-01	5.738904e-02	-8.998687e-01	1.000000e+00	-6.286632e-02	7.275010e-02	-7.844250e-02	-1.067593e-01	2.269275e-01	
2.085453e-02	-2.890325e-02	-4.246577e-01	3.343398e-01	9.825500e-03	-5.337132e-03	1.726176e-04	1.824159e-02	-1.327473e-02	2.144910e-01	-2.673170e-01	3.243424e-01	-1.259832e-02	-6.598937e-02	1.927316e-01	1.629514e-01	-1.719473e-01	1.741465e-01	-1.029557e-02	-6.286632e-02	1.000000e+00	-9.852445e-01	9.279542e-01	-7.562720e-01	5.938196e-01	
-1.334342e-02	1.847254e-02	5.245089e-01	-4.100075e-01	-1.966718e-02	1.531404e-02	-9.167645e-03	-1.729055e-02	1.511122e-02	-2.624206e-01	3.282861e-01	-4.004017e-01	3.855000e-03	9.398183e-02	-2.425955e-01	-1.925689e-01	2.055906e-01	-2.099610e-01	1.359354e-02	7.275010e-02	-9.852445e-01	1.000000e+00	-9.773517e-01	7.083528e-01	-5.362740e-01	
-1.132236e-02	5.089400e-03	-6.391256e-01	4.952465e-01	3.174932e-02	-2.807779e-02	2.125297e-02	1.481019e-02	-1.663080e-02	3.196585e-01	-4.009914e-01	4.913034e-01	3.501578e-03	-1.243899e-01	3.075287e-01	2.162138e-01	-2.333263e-01	2.402028e-01	-1.748609e-02	-7.844250e-02	9.279542e-01	-9.773517e-01	1.000000e+00	-6.086373e-01	4.311351e-01	
1.372838e-01	-4.654530e-02	-4.985527e-02	1.365163e-02	4.512988e-02	-5.171785e-02	5.369750e-02	5.291212e-03	-2.395413e-02	1.369383e-02	-1.898596e-02	2.491760e-02	5.491309e-02	-6.015403e-02	6.088452e-03	7.137307e-03	-2.161996e-02	3.112692e-02	8.436744e-02	-1.067593e-01	-7.562720e-01	7.083528e-01	-6.086373e-01	1.000000e+00	-9.633865e-01	
-1.206037e-01	1.194513e-02	1.902616e-01	-1.246877e-01	-5.047713e-02	5.590519e-02	-5.571480e-02	-1.271101e-02	3.082219e-02	-8.013540e-02	1.043823e-01	-1.325258e-01	-6.295708e-02	9.611211e-02	-6.440671e-02	-2.626691e-02	5.077502e-02	-6.702869e-02	-1.700643e-01	2.269275e-01	5.938196e-01	-5.362740e-01	4.311351e-01	-9.633865e-01	1.000000e+00	

Time taken for mcmc chain: 25.250000 minutes
