Number of steps: 10151170
Number of accepted steps: 1000000
Burn-in number of steps: 320000
Accepted fraction of steps: 0.098511
Convergence Status
R[0]= 1.005742	R[1]= 1.010061	R[2]= 1.097563	R[3]= 1.107134	R[4]= 1.007587	R[5]= 1.009445	R[6]= 1.011030	R[7]= 1.000541	R[8]= 1.004200	R[9]= 1.011114	R[10]= 1.018588	R[11]= 1.030076	R[12]= 1.006698	R[13]= 1.011472	R[14]= 1.048924	R[15]= 1.019140	R[16]= 1.022853	R[17]= 1.025211	R[18]= 1.000549	R[19]= 1.003936	R[20]= 1.014553	R[21]= 1.025467	R[22]= 1.042396	R[23]= 1.010050	R[24]= 1.020646	
<R>= 1.022599

Mean parameters
A[0]= 8.900732e-01 pm 3.160668e-02
A[1]= 9.940875e-01 pm 2.451231e-02
A[2]= 4.774416e-01 pm 3.770147e-01
A[3]= 2.770851e+00 pm 7.842498e-01
A[4]= -3.062712e+03 pm 3.431989e+03
A[5]= 1.617779e+03 pm 2.228923e+03
A[6]= -4.259572e+00 pm 5.118535e+02
A[7]= 1.173409e+01 pm 1.225471e+01
A[8]= -1.894622e-01 pm 1.816711e-01
A[9]= -2.734977e+03 pm 7.674512e+03
A[10]= 9.284124e+02 pm 4.596072e+03
A[11]= -2.648557e+02 pm 9.562318e+02
A[12]= 1.966992e+01 pm 4.385248e+01
A[13]= -4.755756e-01 pm 8.600283e-01
A[14]= 4.012774e+00 pm 1.182416e+00
A[15]= -9.466948e+03 pm 4.746643e+03
A[16]= 6.299519e+03 pm 3.087464e+03
A[17]= -1.116641e+03 pm 7.113022e+02
A[18]= 1.470167e+01 pm 1.780045e+01
A[19]= -3.670146e-02 pm 2.508830e-01
A[20]= -8.612313e+02 pm 1.013432e+04
A[21]= 2.025037e+02 pm 6.061941e+03
A[22]= -3.384210e+02 pm 1.259837e+03
A[23]= 1.692120e+01 pm 6.071350e+01
A[24]= -6.731904e-01 pm 1.195980e+00

Best-fitting parameters
A[0]= 8.895121e-01
A[1]= 9.912790e-01
A[2]= 7.107659e-01
A[3]= 2.503608e+00
A[4]= -2.941204e+03
A[5]= 1.748261e+03
A[6]= -7.014868e+01
A[7]= 6.148221e+00
A[8]= -1.000902e-01
A[9]= -5.618928e+03
A[10]= 3.267685e+03
A[11]= -9.081446e+02
A[12]= 2.453191e+01
A[13]= -4.553147e-01
A[14]= 3.802437e+00
A[15]= -1.092461e+04
A[16]= 7.448364e+03
A[17]= -1.414015e+03
A[18]= 7.953036e+00
A[19]= 9.842487e-02
A[20]= 5.432920e+03
A[21]= -2.536309e+03
A[22]= -1.174119e+02
A[23]= -6.790625e+01
A[24]= 1.004365e+00
chi2_min= 1.082450e+02


Cross-Covariance parameters
1.000000e+00	-4.953046e-01	-1.491854e-01	1.112892e-01	2.819151e-02	-2.045887e-02	5.248678e-03	1.742159e-02	4.313092e-03	1.661996e-02	-3.886323e-03	-2.709663e-02	1.007482e-01	-6.358689e-02	7.040954e-02	4.099925e-02	-3.858502e-02	2.790480e-02	4.239096e-02	-3.104672e-02	-5.233936e-03	1.978041e-02	-5.430524e-02	1.376817e-01	-1.053840e-01	
-4.953046e-01	1.000000e+00	1.616101e-01	-2.251936e-01	-6.847849e-05	-2.368345e-03	-3.633008e-03	1.553568e-01	-1.538445e-01	3.988599e-02	-4.307860e-02	5.311028e-02	-1.261398e-01	6.306010e-02	-1.965377e-01	8.536174e-03	-9.496747e-03	2.830349e-03	1.388445e-01	-1.373030e-01	2.235108e-02	-3.182762e-02	5.400596e-02	-1.045539e-01	6.306484e-02	
-1.491854e-01	1.616101e-01	1.000000e+00	-6.257721e-01	-1.474959e-01	1.595409e-01	-1.581134e-01	-7.932978e-03	5.197301e-02	-4.062279e-01	5.237761e-01	-6.582386e-01	-1.947963e-01	3.290731e-01	-6.840367e-01	-5.133034e-03	1.754115e-03	8.598520e-03	-3.995239e-02	1.706975e-02	-3.664905e-01	4.806862e-01	-6.178491e-01	-2.377019e-01	3.598919e-01	
1.112892e-01	-2.251936e-01	-6.257721e-01	1.000000e+00	-4.718015e-01	5.324094e-01	-5.799749e-01	-8.678249e-03	2.446160e-01	1.674209e-01	-2.236425e-01	2.953276e-01	7.572001e-02	-8.641758e-02	4.842943e-01	-1.860831e-02	2.611039e-02	-3.578457e-02	-1.112440e-02	3.218618e-02	2.127362e-01	-2.833279e-01	3.679341e-01	1.635943e-01	-2.309064e-01	
2.819151e-02	-6.847849e-05	-1.474959e-01	-4.718015e-01	1.000000e+00	-9.836911e-01	9.386340e-01	-5.283603e-01	1.532244e-01	1.033677e-01	-1.485610e-01	1.961764e-01	1.185101e-01	-1.325311e-01	7.684383e-02	1.852723e-02	-2.207360e-02	2.389763e-02	2.502941e-02	-2.854331e-02	6.643170e-02	-8.393072e-02	1.050015e-01	3.442246e-02	-5.809058e-02	
-2.045887e-02	-2.368345e-03	1.595409e-01	5.324094e-01	-9.836911e-01	1.000000e+00	-9.848821e-01	4.519275e-01	-6.600314e-02	-1.215614e-01	1.709198e-01	-2.226312e-01	-1.273937e-01	1.603156e-01	-8.055302e-02	-2.247716e-02	2.717388e-02	-2.993530e-02	-2.685480e-02	3.191953e-02	-7.553629e-02	9.491554e-02	-1.181803e-01	-3.431488e-02	6.087996e-02	
5.248678e-03	-3.633008e-03	-1.581134e-01	-5.799749e-01	9.386340e-01	-9.848821e-01	1.000000e+00	-3.702073e-01	-1.151188e-02	1.352616e-01	-1.860547e-01	2.388524e-01	1.254132e-01	-1.723543e-01	7.723143e-02	2.585294e-02	-3.154616e-02	3.544847e-02	2.440098e-02	-3.158434e-02	7.832002e-02	-9.808974e-02	1.218122e-01	3.089994e-02	-5.812994e-02	
1.742159e-02	1.553568e-01	-7.932978e-03	-8.678249e-03	-5.283603e-01	4.519275e-01	-3.702073e-01	1.000000e+00	-9.027724e-01	1.435434e-01	-1.290492e-01	1.005756e-01	-5.987700e-02	-1.311934e-01	-3.111995e-02	2.434115e-02	-2.648744e-02	2.499501e-02	3.509223e-02	-3.925656e-02	2.235646e-02	-2.668267e-02	3.115402e-02	-1.749458e-03	-8.419762e-03	
4.313092e-03	-1.538445e-01	5.197301e-02	2.446160e-01	1.532244e-01	-6.600314e-02	-1.151188e-02	-9.027724e-01	1.000000e+00	-2.078360e-01	2.101590e-01	-1.968569e-01	2.683079e-02	2.110648e-01	8.603160e-03	-2.897990e-02	3.353013e-02	-3.445574e-02	-4.149453e-02	4.785680e-02	-4.519603e-02	5.539539e-02	-6.744637e-02	-6.152727e-03	2.495950e-02	
1.661996e-02	3.988599e-02	-4.062279e-01	1.674209e-01	1.033677e-01	-1.215614e-01	1.352616e-01	1.435434e-01	-2.078360e-01	1.000000e+00	-9.836095e-01	9.193942e-01	-7.023193e-01	4.974128e-01	2.627300e-01	2.661763e-02	-2.450046e-02	1.754277e-02	2.385633e-02	-2.272772e-02	1.713733e-01	-2.227636e-01	2.844506e-01	8.035382e-02	-1.392737e-01	
-3.886323e-03	-4.307860e-02	5.237761e-01	-2.236425e-01	-1.485610e-01	1.709198e-01	-1.860547e-01	-1.290492e-01	2.101590e-01	-9.836095e-01	1.000000e+00	-9.745375e-01	6.441416e-01	-4.329813e-01	-3.440000e-01	-2.775249e-02	2.569391e-02	-1.807066e-02	-3.027499e-02	2.708520e-02	-2.194689e-01	2.857745e-01	-3.659678e-01	-1.057111e-01	1.817842e-01	
-2.709663e-02	5.311028e-02	-6.582386e-01	2.953276e-01	1.961764e-01	-2.226312e-01	2.388524e-01	1.005756e-01	-1.968569e-01	9.193942e-01	-9.745375e-01	1.000000e+00	-5.299341e-01	3.213355e-01	4.379708e-01	2.764223e-02	-2.582689e-02	1.779160e-02	3.709580e-02	-3.152350e-02	2.752006e-01	-3.590751e-01	4.613612e-01	1.335478e-01	-2.300181e-01	
1.007482e-01	-1.261398e-01	-1.947963e-01	7.572001e-02	1.185101e-01	-1.273937e-01	1.254132e-01	-5.987700e-02	2.683079e-02	-7.023193e-01	6.441416e-01	-5.299341e-01	1.000000e+00	-9.430692e-01	1.436944e-01	-1.378476e-02	1.202065e-02	-1.052418e-02	1.281637e-02	-3.140393e-03	5.336651e-02	-7.209409e-02	9.410959e-02	7.157090e-02	-8.834251e-02	
-6.358689e-02	6.306010e-02	3.290731e-01	-8.641758e-02	-1.325311e-01	1.603156e-01	-1.723543e-01	-1.311934e-01	2.110648e-01	4.974128e-01	-4.329813e-01	3.213355e-01	-9.430692e-01	1.000000e+00	-2.278540e-01	9.779039e-03	-7.775780e-03	7.567164e-03	-2.903707e-02	1.718450e-02	-1.135570e-01	1.509669e-01	-1.964170e-01	-9.542440e-02	1.354512e-01	
7.040954e-02	-1.965377e-01	-6.840367e-01	4.842943e-01	7.684383e-02	-8.055302e-02	7.723143e-02	-3.111995e-02	8.603160e-03	2.627300e-01	-3.440000e-01	4.379708e-01	1.436944e-01	-2.278540e-01	1.000000e+00	-5.169089e-01	5.850394e-01	-6.379247e-01	-1.893811e-02	2.600941e-01	1.531525e-01	-2.200204e-01	3.077468e-01	1.145087e-01	-1.566892e-01	
4.099925e-02	8.536174e-03	-5.133034e-03	-1.860831e-02	1.852723e-02	-2.247716e-02	2.585294e-02	2.434115e-02	-2.897990e-02	2.661763e-02	-2.775249e-02	2.764223e-02	-1.378476e-02	9.779039e-03	-5.169089e-01	1.000000e+00	-9.838384e-01	9.384543e-01	-5.154543e-01	1.728660e-01	1.506910e-01	-1.693307e-01	1.823223e-01	3.672144e-02	-5.508605e-02	
-3.858502e-02	-9.496747e-03	1.754115e-03	2.611039e-02	-2.207360e-02	2.717388e-02	-3.154616e-02	-2.648744e-02	3.353013e-02	-2.450046e-02	2.569391e-02	-2.582689e-02	1.202065e-02	-7.775780e-03	5.850394e-01	-9.838384e-01	1.000000e+00	-9.846134e-01	4.348019e-01	-8.105422e-02	-1.572385e-01	1.782011e-01	-1.934763e-01	-5.246573e-02	7.967732e-02	
2.790480e-02	2.830349e-03	8.598520e-03	-3.578457e-02	2.389763e-02	-2.993530e-02	3.544847e-02	2.499501e-02	-3.445574e-02	1.754277e-02	-1.807066e-02	1.779160e-02	-1.052418e-02	7.567164e-03	-6.379247e-01	9.384543e-01	-9.846134e-01	1.000000e+00	-3.477529e-01	-3.399534e-03	1.562000e-01	-1.783362e-01	1.949306e-01	6.183292e-02	-9.440924e-02	
4.239096e-02	1.388445e-01	-3.995239e-02	-1.112440e-02	2.502941e-02	-2.685480e-02	2.440098e-02	3.509223e-02	-4.149453e-02	2.385633e-02	-3.027499e-02	3.709580e-02	1.281637e-02	-2.903707e-02	-1.893811e-02	-5.154543e-01	4.348019e-01	-3.477529e-01	1.000000e+00	-9.182220e-01	1.709556e-02	-1.954324e-02	2.073005e-02	7.047601e-02	-1.593624e-01	
-3.104672e-02	-1.373030e-01	1.706975e-02	3.218618e-02	-2.854331e-02	3.191953e-02	-3.158434e-02	-3.925656e-02	4.785680e-02	-2.272772e-02	2.708520e-02	-3.152350e-02	-3.140393e-03	1.718450e-02	2.600941e-01	1.728660e-01	-8.105422e-02	-3.399534e-03	-9.182220e-01	1.000000e+00	-7.481385e-02	8.173188e-02	-8.352190e-02	-8.690116e-02	2.017494e-01	
-5.233936e-03	2.235108e-02	-3.664905e-01	2.127362e-01	6.643170e-02	-7.553629e-02	7.832002e-02	2.235646e-02	-4.519603e-02	1.713733e-01	-2.194689e-01	2.752006e-01	5.336651e-02	-1.135570e-01	1.531525e-01	1.506910e-01	-1.572385e-01	1.562000e-01	1.709556e-02	-7.481385e-02	1.000000e+00	-9.840418e-01	9.190836e-01	-6.840863e-01	5.160761e-01	
1.978041e-02	-3.182762e-02	4.806862e-01	-2.833279e-01	-8.393072e-02	9.491554e-02	-9.808974e-02	-2.668267e-02	5.539539e-02	-2.227636e-01	2.857745e-01	-3.590751e-01	-7.209409e-02	1.509669e-01	-2.200204e-01	-1.693307e-01	1.782011e-01	-1.783362e-01	-1.954324e-02	8.173188e-02	-9.840418e-01	1.000000e+00	-9.737047e-01	6.279839e-01	-4.528223e-01	
-5.430524e-02	5.400596e-02	-6.178491e-01	3.679341e-01	1.050015e-01	-1.181803e-01	1.218122e-01	3.115402e-02	-6.744637e-02	2.844506e-01	-3.659678e-01	4.613612e-01	9.410959e-02	-1.964170e-01	3.077468e-01	1.823223e-01	-1.934763e-01	1.949306e-01	2.073005e-02	-8.352190e-02	9.190836e-01	-9.737047e-01	1.000000e+00	-5.122683e-01	3.358384e-01	
1.376817e-01	-1.045539e-01	-2.377019e-01	1.635943e-01	3.442246e-02	-3.431488e-02	3.089994e-02	-1.749458e-03	-6.152727e-03	8.035382e-02	-1.057111e-01	1.335478e-01	7.157090e-02	-9.542440e-02	1.145087e-01	3.672144e-02	-5.246573e-02	6.183292e-02	7.047601e-02	-8.690116e-02	-6.840863e-01	6.279839e-01	-5.122683e-01	1.000000e+00	-9.647563e-01	
-1.053840e-01	6.306484e-02	3.598919e-01	-2.309064e-01	-5.809058e-02	6.087996e-02	-5.812994e-02	-8.419762e-03	2.495950e-02	-1.392737e-01	1.817842e-01	-2.300181e-01	-8.834251e-02	1.354512e-01	-1.566892e-01	-5.508605e-02	7.967732e-02	-9.440924e-02	-1.593624e-01	2.017494e-01	5.160761e-01	-4.528223e-01	3.358384e-01	-9.647563e-01	1.000000e+00	

Time taken for mcmc chain: 1.031944 hours
