Number of steps: 15710170
Number of accepted steps: 1000000
Burn-in number of steps: 320000
Accepted fraction of steps: 0.063653
Convergence Status
R[0]= 1.040448	R[1]= 1.012337	R[2]= 1.065285	R[3]= 1.046069	R[4]= 1.004160	R[5]= 1.005511	R[6]= 1.007108	R[7]= 1.000123	R[8]= 1.002077	R[9]= 1.010083	R[10]= 1.014885	R[11]= 1.021019	R[12]= 1.001391	R[13]= 1.001251	R[14]= 1.019918	R[15]= 1.014131	R[16]= 1.014318	R[17]= 1.013188	R[18]= 1.000928	R[19]= 1.000797	R[20]= 1.008740	R[21]= 1.012655	R[22]= 1.016867	R[23]= 1.002381	R[24]= 1.003264	
<R>= 1.013557

Mean parameters
A[0]= 8.823414e-01 pm 5.931134e-02
A[1]= 9.968047e-01 pm 2.705104e-02
A[2]= 4.959104e-01 pm 3.432833e-01
A[3]= 2.701914e+00 pm 8.253187e-01
A[4]= -2.882933e+03 pm 3.531830e+03
A[5]= 1.471929e+03 pm 2.298181e+03
A[6]= 3.473828e+01 pm 5.298730e+02
A[7]= 1.192015e+01 pm 1.231294e+01
A[8]= -2.004981e-01 pm 1.827350e-01
A[9]= -2.638966e+03 pm 7.552923e+03
A[10]= 8.533832e+02 pm 4.463426e+03
A[11]= -2.440485e+02 pm 9.170643e+02
A[12]= 1.965613e+01 pm 4.399447e+01
A[13]= -4.982217e-01 pm 8.600314e-01
A[14]= 3.865235e+00 pm 1.078375e+00
A[15]= -9.322606e+03 pm 4.842942e+03
A[16]= 6.161129e+03 pm 3.145964e+03
A[17]= -1.073851e+03 pm 7.220143e+02
A[18]= 1.522411e+01 pm 1.784931e+01
A[19]= -5.271145e-02 pm 2.524770e-01
A[20]= -1.168189e+03 pm 1.042136e+04
A[21]= 3.881533e+02 pm 6.242604e+03
A[22]= -3.752634e+02 pm 1.306130e+03
A[23]= 1.644738e+01 pm 6.111648e+01
A[24]= -6.788714e-01 pm 1.209118e+00

Best-fitting parameters
A[0]= 8.918403e-01
A[1]= 9.885610e-01
A[2]= 5.024469e-01
A[3]= 2.720198e+00
A[4]= -1.519143e+03
A[5]= 8.608614e+02
A[6]= 1.148932e+02
A[7]= 2.597165e+00
A[8]= -6.796180e-02
A[9]= -2.221103e+02
A[10]= -5.573528e+01
A[11]= -1.765644e+02
A[12]= 7.262859e+00
A[13]= -1.555901e-01
A[14]= 3.837326e+00
A[15]= -1.134735e+04
A[16]= 7.177429e+03
A[17]= -1.263524e+03
A[18]= 2.361008e+01
A[19]= -1.643555e-01
A[20]= -1.646657e+03
A[21]= 1.210353e+03
A[22]= -6.299784e+02
A[23]= 2.104332e+01
A[24]= -6.899578e-01
chi2_min= 1.081259e+02


Cross-Covariance parameters
1.000000e+00	-5.757359e-01	3.870743e-02	-9.689486e-02	8.821935e-02	-5.237671e-02	3.722349e-03	-4.014111e-02	1.154677e-01	-8.263207e-02	1.425749e-01	-2.385499e-01	1.604399e-02	1.127380e-01	-2.060960e-01	1.591040e-01	-1.369613e-01	9.514998e-02	-9.367392e-03	5.211184e-02	-5.332516e-02	1.179253e-01	-2.242229e-01	6.202194e-03	1.040556e-01	
-5.757359e-01	1.000000e+00	6.436746e-02	-1.040019e-01	-2.061246e-02	2.736135e-03	1.170039e-02	1.616087e-01	-1.934083e-01	9.533182e-02	-1.306629e-01	1.858189e-01	-8.686146e-02	-2.609443e-02	-1.355035e-02	-1.015130e-01	9.725737e-02	-9.082640e-02	1.360956e-01	-1.308756e-01	5.175155e-02	-8.871946e-02	1.529593e-01	-7.493432e-02	-6.003633e-03	
3.870743e-02	6.436746e-02	1.000000e+00	-6.323274e-01	2.174373e-02	-1.846240e-02	2.024575e-02	-4.068194e-02	2.476043e-02	-3.336336e-01	4.433061e-01	-5.755177e-01	-1.576078e-01	2.728215e-01	-5.791673e-01	-1.165427e-01	1.315063e-01	-1.382201e-01	-4.666179e-02	8.886323e-02	-3.930063e-01	5.004458e-01	-6.259482e-01	-2.020083e-01	3.373995e-01	
-9.689486e-02	-1.040019e-01	-6.323274e-01	1.000000e+00	-5.883752e-01	6.498421e-01	-6.917480e-01	3.422317e-02	2.342660e-01	1.257847e-01	-1.820921e-01	2.599265e-01	4.904413e-02	-6.547816e-02	4.215254e-01	5.904171e-02	-6.704504e-02	7.329181e-02	2.492984e-04	-2.870506e-02	2.325510e-01	-3.061733e-01	3.935957e-01	1.543345e-01	-2.422954e-01	
8.821935e-02	-2.061246e-02	2.174373e-02	-5.883752e-01	1.000000e+00	-9.837623e-01	9.379322e-01	-5.377899e-01	1.633795e-01	3.542603e-02	-5.987166e-02	8.275631e-02	1.070372e-01	-8.971673e-02	-4.339514e-02	2.878761e-02	-2.850218e-02	2.541791e-02	2.789753e-03	-4.499361e-03	1.387389e-02	-5.034662e-03	-8.517295e-03	-2.078314e-02	2.939812e-02	
-5.237671e-02	2.736135e-03	-1.846240e-02	6.498421e-01	-9.837623e-01	1.000000e+00	-9.844710e-01	4.644721e-01	-7.617177e-02	-5.418786e-02	8.318463e-02	-1.113585e-01	-1.140573e-01	1.174693e-01	3.794712e-02	-2.488986e-02	2.684835e-02	-2.651522e-02	-5.721476e-03	1.122439e-02	-1.886340e-02	1.290261e-02	-3.789963e-03	2.147195e-02	-2.494506e-02	
3.722349e-03	1.170039e-02	2.024575e-02	-6.917480e-01	9.379322e-01	-9.844710e-01	1.000000e+00	-3.839992e-01	-4.004917e-03	7.261745e-02	-1.048511e-01	1.370924e-01	1.114280e-01	-1.332849e-01	-3.159004e-02	1.767975e-02	-2.203982e-02	2.513300e-02	6.069685e-03	-1.583958e-02	2.044219e-02	-1.742727e-02	1.320862e-02	-2.209470e-02	2.040080e-02	
-4.014111e-02	1.616087e-01	-4.068194e-02	3.422317e-02	-5.377899e-01	4.644721e-01	-3.839992e-01	1.000000e+00	-8.973192e-01	1.729943e-01	-1.635482e-01	1.395694e-01	-7.767352e-02	-1.186722e-01	-3.771224e-03	6.485327e-03	-1.137094e-02	1.382599e-02	5.383609e-02	-6.051139e-02	2.544591e-02	-3.644332e-02	5.142032e-02	1.095001e-02	-3.197841e-02	
1.154677e-01	-1.934083e-01	2.476043e-02	2.342660e-01	1.633795e-01	-7.617177e-02	-4.004917e-03	-8.973192e-01	1.000000e+00	-2.195173e-01	2.250026e-01	-2.158427e-01	4.361154e-02	1.997931e-01	5.449059e-03	-5.723576e-04	9.304996e-03	-1.702974e-02	-5.490247e-02	7.023358e-02	-3.090063e-02	4.442007e-02	-6.444254e-02	-4.830945e-03	3.348905e-02	
-8.263207e-02	9.533182e-02	-3.336336e-01	1.257847e-01	3.542603e-02	-5.418786e-02	7.261745e-02	1.729943e-01	-2.195173e-01	1.000000e+00	-9.836487e-01	9.145962e-01	-7.523539e-01	5.551540e-01	1.933761e-01	4.272005e-02	-4.950669e-02	5.265202e-02	4.179681e-02	-6.509725e-02	1.483072e-01	-1.897216e-01	2.412689e-01	6.774374e-02	-1.274676e-01	
1.425749e-01	-1.306629e-01	4.433061e-01	-1.820921e-01	-5.987166e-02	8.318463e-02	-1.048511e-01	-1.635482e-01	2.250026e-01	-9.836487e-01	1.000000e+00	-9.715883e-01	7.061709e-01	-4.988044e-01	-2.670365e-01	-4.763680e-02	5.763978e-02	-6.401596e-02	-4.973919e-02	8.046784e-02	-1.965680e-01	2.540409e-01	-3.259563e-01	-8.805804e-02	1.699686e-01	
-2.385499e-01	1.858189e-01	-5.755177e-01	2.599265e-01	8.275631e-02	-1.113585e-01	1.370924e-01	1.395694e-01	-2.158427e-01	9.145962e-01	-9.715883e-01	1.000000e+00	-5.980093e-01	3.866526e-01	3.608322e-01	4.908456e-02	-6.333328e-02	7.452252e-02	5.778556e-02	-9.787295e-02	2.556416e-01	-3.338756e-01	4.326934e-01	1.112863e-01	-2.221468e-01	
1.604399e-02	-8.686146e-02	-1.576078e-01	4.904413e-02	1.070372e-01	-1.140573e-01	1.114280e-01	-7.767352e-02	4.361154e-02	-7.523539e-01	7.061709e-01	-5.980093e-01	1.000000e+00	-9.399985e-01	9.763355e-02	2.428963e-02	-2.841740e-02	3.200865e-02	-1.182982e-02	4.475862e-03	6.220340e-02	-7.794792e-02	9.421387e-02	3.638073e-02	-5.319122e-02	
1.127380e-01	-2.609443e-02	2.728215e-01	-6.547816e-02	-8.971673e-02	1.174693e-01	-1.332849e-01	-1.186722e-01	1.997931e-01	5.551540e-01	-4.988044e-01	3.866526e-01	-9.399985e-01	1.000000e+00	-1.761492e-01	-2.321892e-02	3.287761e-02	-4.247945e-02	-1.168117e-02	3.168457e-02	-1.187826e-01	1.557667e-01	-2.010785e-01	-5.864281e-02	1.088073e-01	
-2.060960e-01	-1.355035e-02	-5.791673e-01	4.215254e-01	-4.339514e-02	3.794712e-02	-3.159004e-02	-3.771224e-03	5.449059e-03	1.933761e-01	-2.670365e-01	3.608322e-01	9.763355e-02	-1.761492e-01	1.000000e+00	-5.222645e-01	5.794052e-01	-6.189636e-01	-1.748694e-02	2.264165e-01	1.273299e-01	-1.865991e-01	2.709281e-01	7.661356e-02	-1.330255e-01	
1.591040e-01	-1.015130e-01	-1.165427e-01	5.904171e-02	2.878761e-02	-2.488986e-02	1.767975e-02	6.485327e-03	-5.723576e-04	4.272005e-02	-4.763680e-02	4.908456e-02	2.428963e-02	-2.321892e-02	-5.222645e-01	1.000000e+00	-9.841839e-01	9.381824e-01	-5.032020e-01	1.725556e-01	1.849404e-01	-2.052164e-01	2.125114e-01	3.628401e-02	-4.714961e-02	
-1.369613e-01	9.725737e-02	1.315063e-01	-6.704504e-02	-2.850218e-02	2.684835e-02	-2.203982e-02	-1.137094e-02	9.304996e-03	-4.950669e-02	5.763978e-02	-6.333328e-02	-2.841740e-02	3.287761e-02	5.794052e-01	-9.841839e-01	1.000000e+00	-9.841030e-01	4.259076e-01	-8.268769e-02	-1.973952e-01	2.235299e-01	-2.376200e-01	-5.658882e-02	8.022191e-02	
9.514998e-02	-9.082640e-02	-1.382201e-01	7.329181e-02	2.541791e-02	-2.651522e-02	2.513300e-02	1.382599e-02	-1.702974e-02	5.265202e-02	-6.401596e-02	7.452252e-02	3.200865e-02	-4.247945e-02	-6.189636e-01	9.381824e-01	-9.841030e-01	1.000000e+00	-3.407102e-01	-3.319340e-03	2.013568e-01	-2.333081e-01	2.552274e-01	7.382037e-02	-1.089052e-01	
-9.367392e-03	1.360956e-01	-4.666179e-02	2.492984e-04	2.789753e-03	-5.721476e-03	6.069685e-03	5.383609e-02	-5.490247e-02	4.179681e-02	-4.973919e-02	5.778556e-02	-1.182982e-02	-1.168117e-02	-1.748694e-02	-5.032020e-01	4.259076e-01	-3.407102e-01	1.000000e+00	-9.186171e-01	2.047262e-02	-2.390930e-02	2.722245e-02	7.459153e-02	-1.655596e-01	
5.211184e-02	-1.308756e-01	8.886323e-02	-2.870506e-02	-4.499361e-03	1.122439e-02	-1.583958e-02	-6.051139e-02	7.023358e-02	-6.509725e-02	8.046784e-02	-9.787295e-02	4.475862e-03	3.168457e-02	2.264165e-01	1.725556e-01	-8.268769e-02	-3.319340e-03	-9.186171e-01	1.000000e+00	-1.035466e-01	1.207012e-01	-1.352277e-01	-9.876097e-02	2.256785e-01	
-5.332516e-02	5.175155e-02	-3.930063e-01	2.325510e-01	1.387389e-02	-1.886340e-02	2.044219e-02	2.544591e-02	-3.090063e-02	1.483072e-01	-1.965680e-01	2.556416e-01	6.220340e-02	-1.187826e-01	1.273299e-01	1.849404e-01	-1.973952e-01	2.013568e-01	2.047262e-02	-1.035466e-01	1.000000e+00	-9.836693e-01	9.145671e-01	-6.987717e-01	5.207452e-01	
1.179253e-01	-8.871946e-02	5.004458e-01	-3.061733e-01	-5.034662e-03	1.290261e-02	-1.742727e-02	-3.644332e-02	4.442007e-02	-1.897216e-01	2.540409e-01	-3.338756e-01	-7.794792e-02	1.557667e-01	-1.865991e-01	-2.052164e-01	2.235299e-01	-2.333081e-01	-2.390930e-02	1.207012e-01	-9.836693e-01	1.000000e+00	-9.714777e-01	6.441310e-01	-4.539144e-01	
-2.242229e-01	1.529593e-01	-6.259482e-01	3.935957e-01	-8.517295e-03	-3.789963e-03	1.320862e-02	5.142032e-02	-6.444254e-02	2.412689e-01	-3.259563e-01	4.326934e-01	9.421387e-02	-2.010785e-01	2.709281e-01	2.125114e-01	-2.376200e-01	2.552274e-01	2.722245e-02	-1.352277e-01	9.145671e-01	-9.714777e-01	1.000000e+00	-5.271137e-01	3.283787e-01	
6.202194e-03	-7.493432e-02	-2.020083e-01	1.543345e-01	-2.078314e-02	2.147195e-02	-2.209470e-02	1.095001e-02	-4.830945e-03	6.774374e-02	-8.805804e-02	1.112863e-01	3.638073e-02	-5.864281e-02	7.661356e-02	3.628401e-02	-5.658882e-02	7.382037e-02	7.459153e-02	-9.876097e-02	-6.987717e-01	6.441310e-01	-5.271137e-01	1.000000e+00	-9.589030e-01	
1.040556e-01	-6.003633e-03	3.373995e-01	-2.422954e-01	2.939812e-02	-2.494506e-02	2.040080e-02	-3.197841e-02	3.348905e-02	-1.274676e-01	1.699686e-01	-2.221468e-01	-5.319122e-02	1.088073e-01	-1.330255e-01	-4.714961e-02	8.022191e-02	-1.089052e-01	-1.655596e-01	2.256785e-01	5.207452e-01	-4.539144e-01	3.283787e-01	-9.589030e-01	1.000000e+00	

Time taken for mcmc chain: 2.112500 hours
