Number of steps: 22330691
Number of accepted steps: 1000000
Burn-in number of steps: 320000
Accepted fraction of steps: 0.044781
Convergence Status
R[0]= 1.002496	R[1]= 1.004597	R[2]= 1.195055	R[3]= 1.032973	R[4]= 1.023509	R[5]= 1.032698	R[6]= 1.038636	R[7]= 1.009255	R[8]= 1.003979	R[9]= 1.065127	R[10]= 1.103854	R[11]= 1.155468	R[12]= 1.017801	R[13]= 1.000939	R[14]= 1.106172	R[15]= 1.001281	R[16]= 1.001225	R[17]= 1.001244	R[18]= 1.004607	R[19]= 1.003304	R[20]= 1.059935	R[21]= 1.092477	R[22]= 1.129778	R[23]= 1.015383	R[24]= 1.004928	
<R>= 1.044269

Mean parameters
A[0]= 9.026332e-01 pm 3.562567e-02
A[1]= 9.830913e-01 pm 2.635400e-02
A[2]= 6.283201e-01 pm 4.345841e-01
A[3]= 3.533336e+00 pm 1.093996e+00
A[4]= -8.022285e+02 pm 4.256622e+03
A[5]= 1.642820e+03 pm 3.193745e+03
A[6]= -5.544899e+02 pm 9.136899e+02
A[7]= 2.929091e+01 pm 1.763205e+01
A[8]= -2.029827e-01 pm 1.873946e-01
A[9]= 5.558248e+03 pm 9.576369e+03
A[10]= -2.470257e+03 pm 6.182428e+03
A[11]= -7.355659e+01 pm 1.508979e+03
A[12]= -2.870321e+01 pm 5.299624e+01
A[13]= 7.095485e-01 pm 9.683810e-01
A[14]= 7.267664e+00 pm 1.968974e+00
A[15]= -1.382880e+04 pm 6.192359e+03
A[16]= 1.317407e+04 pm 4.626335e+03
A[17]= -4.086046e+03 pm 1.320822e+03
A[18]= 7.535379e+01 pm 2.579727e+01
A[19]= -1.637340e-01 pm 2.693630e-01
A[20]= 1.190324e+04 pm 1.389952e+04
A[21]= -3.957654e+03 pm 9.440311e+03
A[22]= -6.674344e+02 pm 2.465720e+03
A[23]= -7.564323e+01 pm 7.409039e+01
A[24]= 1.574446e+00 pm 1.367894e+00

Best-fitting parameters
A[0]= 8.933988e-01
A[1]= 9.987242e-01
A[2]= 6.799574e-01
A[3]= 3.873077e+00
A[4]= -3.031596e+03
A[5]= 3.570150e+03
A[6]= -1.165956e+03
A[7]= 4.129671e+01
A[8]= -2.878237e-01
A[9]= 6.493237e+03
A[10]= -2.375978e+03
A[11]= -2.749712e+02
A[12]= -4.679059e+01
A[13]= 1.168052e+00
A[14]= 6.013079e+00
A[15]= -7.328088e+03
A[16]= 9.093321e+03
A[17]= -3.141066e+03
A[18]= 5.570600e+01
A[19]= -6.363037e-02
A[20]= 1.379946e+04
A[21]= -5.313191e+03
A[22]= -3.275340e+02
A[23]= -1.050209e+02
A[24]= 2.270152e+00
chi2_min= 9.934517e+01


Cross-Covariance parameters
1.000000e+00	-5.020998e-01	-1.783459e-01	8.920895e-02	7.129292e-02	-5.943327e-02	3.788016e-02	2.190079e-02	-4.621548e-02	3.578012e-02	-2.968865e-02	-1.511710e-03	1.276494e-01	-1.241745e-01	1.022808e-01	8.599974e-02	-7.162732e-02	4.347909e-02	4.697264e-02	-7.736326e-02	9.252267e-02	-6.912117e-02	1.096607e-02	1.597389e-01	-1.594372e-01	
-5.020998e-01	1.000000e+00	1.301454e-01	-1.598548e-01	2.591771e-02	-2.763281e-02	2.135167e-02	5.949431e-02	-1.061469e-01	1.511042e-02	-3.186468e-02	6.452214e-02	-1.052753e-01	5.095904e-02	-1.931704e-01	5.570759e-02	-6.111479e-02	5.399403e-02	7.481886e-02	-1.550734e-01	-2.352865e-02	-1.008769e-02	6.523148e-02	-1.051546e-01	4.475584e-02	
-1.783459e-01	1.301454e-01	1.000000e+00	-4.682284e-01	-1.837990e-01	2.058543e-01	-2.121199e-01	6.099454e-02	1.209336e-01	-4.644625e-01	6.030484e-01	-7.413446e-01	1.996507e-01	1.180020e-01	-6.687387e-01	-7.419605e-02	7.677452e-02	-6.910299e-02	-4.359302e-02	1.124068e-01	-5.398280e-01	6.740224e-01	-7.872178e-01	2.002461e-01	1.826319e-01	
8.920895e-02	-1.598548e-01	-4.682284e-01	1.000000e+00	-6.046997e-01	6.735861e-01	-7.133686e-01	5.253814e-01	-5.681764e-02	2.880077e-02	-5.496966e-02	8.748308e-02	-1.917142e-02	-7.684985e-03	3.424587e-01	1.713368e-03	1.427392e-03	-5.512627e-03	1.701982e-02	-1.313369e-02	2.398854e-01	-2.957099e-01	3.415314e-01	-9.067610e-02	-7.047364e-02	
7.129292e-02	2.591771e-02	-1.837990e-01	-6.046997e-01	1.000000e+00	-9.776386e-01	9.250976e-01	-8.696662e-01	3.502965e-01	2.568739e-01	-3.292776e-01	3.970130e-01	-1.005514e-01	-2.416577e-02	1.038201e-01	7.827836e-02	-8.611009e-02	8.647499e-02	-1.718521e-02	-5.145679e-02	1.394003e-01	-1.755886e-01	2.051183e-01	-4.496170e-02	-5.589149e-02	
-5.943327e-02	-2.763281e-02	2.058543e-01	6.735861e-01	-9.776386e-01	1.000000e+00	-9.838497e-01	8.479797e-01	-2.633086e-01	-2.907312e-01	3.708850e-01	-4.461524e-01	1.135962e-01	4.510691e-02	-1.205603e-01	-8.101997e-02	8.976971e-02	-9.092196e-02	1.806948e-02	5.495008e-02	-1.528601e-01	1.937392e-01	-2.281063e-01	5.076774e-02	6.201020e-02	
3.788016e-02	2.135167e-02	-2.121199e-01	-7.133686e-01	9.250976e-01	-9.838497e-01	1.000000e+00	-7.988435e-01	1.790741e-01	3.123953e-01	-3.951675e-01	4.726702e-01	-1.265707e-01	-5.406998e-02	1.290968e-01	7.796984e-02	-8.750741e-02	9.004287e-02	-2.042522e-02	-5.206403e-02	1.558316e-01	-1.986861e-01	2.357011e-01	-5.441869e-02	-6.221293e-02	
2.190079e-02	5.949431e-02	6.099454e-02	5.253814e-01	-8.696662e-01	8.479797e-01	-7.988435e-01	1.000000e+00	-7.187503e-01	-1.212837e-01	1.758792e-01	-2.335767e-01	6.644623e-02	-8.123483e-02	-4.469932e-02	-3.895472e-02	4.517136e-02	-5.046424e-02	4.432203e-02	-1.524599e-02	-5.810492e-02	7.404916e-02	-8.799691e-02	2.826767e-02	1.035552e-02	
-4.621548e-02	-1.061469e-01	1.209336e-01	-5.681764e-02	3.502965e-01	-2.633086e-01	1.790741e-01	-7.187503e-01	1.000000e+00	-1.454234e-01	1.470620e-01	-1.372574e-01	3.440870e-02	2.037206e-01	-6.494458e-02	-1.667862e-02	1.771865e-02	-1.375686e-02	-4.209707e-02	7.020121e-02	-6.871380e-02	8.880336e-02	-1.067132e-01	1.653706e-02	4.325099e-02	
3.578012e-02	1.511042e-02	-4.644625e-01	2.880077e-02	2.568739e-01	-2.907312e-01	3.123953e-01	-1.212837e-01	-1.454234e-01	1.000000e+00	-9.759980e-01	8.831080e-01	-8.654514e-01	6.021623e-01	3.153772e-01	4.550107e-02	-5.275058e-02	5.379308e-02	2.602440e-02	-7.954592e-02	2.663801e-01	-3.400695e-01	4.063850e-01	-9.878496e-02	-1.043088e-01	
-2.968865e-02	-3.186468e-02	6.030484e-01	-5.496966e-02	-3.292776e-01	3.708850e-01	-3.951675e-01	1.758792e-01	1.470620e-01	-9.759980e-01	1.000000e+00	-9.631759e-01	8.238167e-01	-5.176428e-01	-4.065080e-01	-6.580494e-02	7.472806e-02	-7.532089e-02	-2.556918e-02	9.777146e-02	-3.509193e-01	4.473878e-01	-5.342265e-01	1.383560e-01	1.270005e-01	
-1.511710e-03	6.452214e-02	-7.413446e-01	8.748308e-02	3.970130e-01	-4.461524e-01	4.726702e-01	-2.335767e-01	-1.372574e-01	8.831080e-01	-9.631759e-01	1.000000e+00	-7.068431e-01	3.636792e-01	4.969462e-01	8.632682e-02	-9.719737e-02	9.774514e-02	2.276228e-02	-1.143909e-01	4.365286e-01	-5.572269e-01	6.667680e-01	-1.844230e-01	-1.454640e-01	
1.276494e-01	-1.052753e-01	1.996507e-01	-1.917142e-02	-1.005514e-01	1.135962e-01	-1.265707e-01	6.644623e-02	3.440870e-02	-8.654514e-01	8.238167e-01	-7.068431e-01	1.000000e+00	-8.933072e-01	-1.412269e-01	2.348487e-04	4.988578e-03	-9.573512e-03	-1.976477e-02	3.536347e-02	-1.162631e-01	1.549261e-01	-1.958234e-01	7.184944e-02	2.772309e-02	
-1.241745e-01	5.095904e-02	1.180020e-01	-7.684985e-03	-2.416577e-02	4.510691e-02	-5.406998e-02	-8.123483e-02	2.037206e-01	6.021623e-01	-5.176428e-01	3.636792e-01	-8.933072e-01	1.000000e+00	-6.391558e-02	-4.486397e-02	4.436859e-02	-3.918264e-02	8.898953e-03	2.252264e-02	-6.953301e-02	8.447063e-02	-9.261728e-02	5.877325e-03	3.948033e-02	
1.022808e-01	-1.931704e-01	-6.687387e-01	3.424587e-01	1.038201e-01	-1.205603e-01	1.290968e-01	-4.469932e-02	-6.494458e-02	3.153772e-01	-4.065080e-01	4.969462e-01	-1.412269e-01	-6.391558e-02	1.000000e+00	-5.116313e-01	5.820490e-01	-6.261219e-01	4.467174e-01	-3.914782e-02	2.281172e-01	-2.932481e-01	3.569798e-01	-8.792043e-02	-8.047826e-02	
8.599974e-02	5.570759e-02	-7.419605e-02	1.713368e-03	7.827836e-02	-8.101997e-02	7.796984e-02	-3.895472e-02	-1.667862e-02	4.550107e-02	-6.580494e-02	8.632682e-02	2.348487e-04	-4.486397e-02	-5.116313e-01	1.000000e+00	-9.758816e-01	9.178178e-01	-8.557792e-01	3.635085e-01	2.566569e-01	-3.010844e-01	3.241241e-01	-1.042305e-01	-2.614592e-02	
-7.162732e-02	-6.111479e-02	7.677452e-02	1.427392e-03	-8.611009e-02	8.976971e-02	-8.750741e-02	4.517136e-02	1.771865e-02	-5.275058e-02	7.472806e-02	-9.719737e-02	4.988578e-03	4.436859e-02	5.820490e-01	-9.758816e-01	1.000000e+00	-9.818532e-01	8.258931e-01	-2.620619e-01	-2.750703e-01	3.271690e-01	-3.570462e-01	1.071530e-01	4.658011e-02	
4.347909e-02	5.399403e-02	-6.910299e-02	-5.512627e-03	8.647499e-02	-9.092196e-02	9.004287e-02	-5.046424e-02	-1.375686e-02	5.379308e-02	-7.532089e-02	9.774514e-02	-9.573512e-03	-3.918264e-02	-6.261219e-01	9.178178e-01	-9.818532e-01	1.000000e+00	-7.699961e-01	1.662993e-01	2.782237e-01	-3.338553e-01	3.677046e-01	-1.086320e-01	-5.616829e-02	
4.697264e-02	7.481886e-02	-4.359302e-02	1.701982e-02	-1.718521e-02	1.806948e-02	-2.042522e-02	4.432203e-02	-4.209707e-02	2.602440e-02	-2.556918e-02	2.276228e-02	-1.976477e-02	8.898953e-03	4.467174e-01	-8.557792e-01	8.258931e-01	-7.699961e-01	1.000000e+00	-7.444021e-01	-1.358702e-01	1.572301e-01	-1.659062e-01	1.096830e-01	-9.905687e-02	
-7.736326e-02	-1.550734e-01	1.124068e-01	-1.313369e-02	-5.145679e-02	5.495008e-02	-5.206403e-02	-1.524599e-02	7.020121e-02	-7.954592e-02	9.777146e-02	-1.143909e-01	3.536347e-02	2.252264e-02	-3.914782e-02	3.635085e-01	-2.620619e-01	1.662993e-01	-7.444021e-01	1.000000e+00	-5.910830e-02	7.970699e-02	-9.856529e-02	-6.304906e-02	2.153517e-01	
9.252267e-02	-2.352865e-02	-5.398280e-01	2.398854e-01	1.394003e-01	-1.528601e-01	1.558316e-01	-5.810492e-02	-6.871380e-02	2.663801e-01	-3.509193e-01	4.365286e-01	-1.162631e-01	-6.953301e-02	2.281172e-01	2.566569e-01	-2.750703e-01	2.782237e-01	-1.358702e-01	-5.910830e-02	1.000000e+00	-9.729400e-01	8.785610e-01	-8.272261e-01	5.198311e-01	
-6.912117e-02	-1.008769e-02	6.740224e-01	-2.957099e-01	-1.755886e-01	1.937392e-01	-1.986861e-01	7.404916e-02	8.880336e-02	-3.400695e-01	4.473878e-01	-5.572269e-01	1.549261e-01	8.447063e-02	-2.932481e-01	-3.010844e-01	3.271690e-01	-3.338553e-01	1.572301e-01	7.970699e-02	-9.729400e-01	1.000000e+00	-9.642663e-01	7.670062e-01	-4.018269e-01	
1.096607e-02	6.523148e-02	-7.872178e-01	3.415314e-01	2.051183e-01	-2.281063e-01	2.357011e-01	-8.799691e-02	-1.067132e-01	4.063850e-01	-5.342265e-01	6.667680e-01	-1.958234e-01	-9.261728e-02	3.569798e-01	3.241241e-01	-3.570462e-01	3.677046e-01	-1.659062e-01	-9.856529e-02	8.785610e-01	-9.642663e-01	1.000000e+00	-6.410151e-01	2.301772e-01	
1.597389e-01	-1.051546e-01	2.002461e-01	-9.067610e-02	-4.496170e-02	5.076774e-02	-5.441869e-02	2.826767e-02	1.653706e-02	-9.878496e-02	1.383560e-01	-1.844230e-01	7.184944e-02	5.877325e-03	-8.792043e-02	-1.042305e-01	1.071530e-01	-1.086320e-01	1.096830e-01	-6.304906e-02	-8.272261e-01	7.670062e-01	-6.410151e-01	1.000000e+00	-8.815691e-01	
-1.594372e-01	4.475584e-02	1.826319e-01	-7.047364e-02	-5.589149e-02	6.201020e-02	-6.221293e-02	1.035552e-02	4.325099e-02	-1.043088e-01	1.270005e-01	-1.454640e-01	2.772309e-02	3.948033e-02	-8.047826e-02	-2.614592e-02	4.658011e-02	-5.616829e-02	-9.905687e-02	2.153517e-01	5.198311e-01	-4.018269e-01	2.301772e-01	-8.815691e-01	1.000000e+00	

Time taken for mcmc chain: 1.952778 hours
