Number of steps: 3084269
Number of accepted steps: 1000000
Burn-in number of steps: 320000
Accepted fraction of steps: 0.324226
Convergence Status
R[0]= 1.009754	R[1]= 1.022541	R[2]= 1.177244	R[3]= 1.181045	R[4]= 1.028233	R[5]= 1.037162	R[6]= 1.043707	R[7]= 1.005191	R[8]= 1.002642	R[9]= 1.030475	R[10]= 1.044026	R[11]= 1.062807	R[12]= 1.001119	R[13]= 1.002314	R[14]= 1.139250	R[15]= 1.021230	R[16]= 1.022601	R[17]= 1.023619	R[18]= 1.001150	R[19]= 1.003419	R[20]= 1.033181	R[21]= 1.046859	R[22]= 1.066809	R[23]= 1.002719	R[24]= 1.011616	
<R>= 1.040829

Mean parameters
A[0]= 9.613329e-01 pm 3.284632e-02
A[1]= 1.052801e+00 pm 2.520684e-02
A[2]= 6.539821e-01 pm 5.518338e-01
A[3]= 4.740755e+00 pm 1.664633e+00
A[4]= -4.571776e+03 pm 3.812552e+03
A[5]= 2.411308e+03 pm 2.516072e+03
A[6]= -1.194089e+02 pm 5.956180e+02
A[7]= 6.605748e+00 pm 1.360872e+01
A[8]= -7.215904e-02 pm 1.870959e-01
A[9]= -4.588496e+02 pm 8.802636e+03
A[10]= -2.669592e+02 pm 5.408037e+03
A[11]= -8.684858e+01 pm 1.173703e+03
A[12]= -1.754865e+01 pm 4.767621e+01
A[13]= 4.209188e-01 pm 9.163727e-01
A[14]= 6.528392e+00 pm 2.208340e+00
A[15]= -6.392563e+03 pm 5.233329e+03
A[16]= 5.152599e+03 pm 3.437133e+03
A[17]= -1.022021e+03 pm 8.137271e+02
A[18]= 1.931360e+00 pm 1.985199e+01
A[19]= 1.481942e-01 pm 2.637001e-01
A[20]= 6.174258e+03 pm 1.199856e+04
A[21]= -2.945683e+03 pm 7.346699e+03
A[22]= 2.888845e+01 pm 1.583139e+03
A[23]= -3.664862e+01 pm 6.890683e+01
A[24]= 3.828783e-01 pm 1.335638e+00

Best-fitting parameters
A[0]= 9.656428e-01
A[1]= 1.042611e+00
A[2]= 2.477795e-01
A[3]= 5.143836e+00
A[4]= -4.048021e+03
A[5]= 1.821137e+03
A[6]= 7.909753e+01
A[7]= 1.023637e+01
A[8]= -1.517884e-01
A[9]= 3.046703e+03
A[10]= -3.252139e+03
A[11]= 7.543446e+02
A[12]= -2.367439e+01
A[13]= 4.571291e-01
A[14]= 7.415921e+00
A[15]= -6.398705e+03
A[16]= 4.862271e+03
A[17]= -8.646950e+02
A[18]= 3.866158e+00
A[19]= 1.002967e-01
A[20]= 1.574497e+04
A[21]= -9.554030e+03
A[22]= 1.581939e+03
A[23]= -6.248838e+01
A[24]= 5.082363e-01
chi2_min= 1.111494e+02


Cross-Covariance parameters
1.000000e+00	-5.348337e-01	-2.218844e-01	1.238980e-01	4.231566e-02	-3.272400e-02	1.602065e-02	6.518779e-02	-5.241361e-02	7.064681e-03	-1.279619e-02	2.286003e-03	1.604467e-01	-1.400147e-01	1.255171e-01	3.357825e-02	-3.305492e-02	2.415927e-02	9.015031e-02	-8.399563e-02	3.829843e-02	-4.164268e-02	2.732531e-02	1.500258e-01	-1.485899e-01	
-5.348337e-01	1.000000e+00	2.350931e-01	-2.171699e-01	-2.373567e-02	1.177410e-02	-9.368745e-03	1.129334e-01	-1.250001e-01	-4.735989e-02	5.022627e-02	-4.441473e-02	-8.160212e-02	4.428785e-02	-2.184971e-01	5.458035e-04	-4.319499e-04	-5.524197e-03	8.269677e-02	-8.696722e-02	-1.144127e-02	1.526427e-02	-1.100383e-02	-1.387756e-01	1.290630e-01	
-2.218844e-01	2.350931e-01	1.000000e+00	-7.948946e-01	1.604883e-01	-1.886604e-01	2.162726e-01	-9.828207e-02	-1.152574e-02	-4.767536e-01	5.799937e-01	-6.905210e-01	-1.250951e-03	1.721833e-01	-7.999018e-01	1.495463e-01	-1.772582e-01	2.061568e-01	-1.020080e-01	8.376195e-05	-3.819274e-01	4.939083e-01	-6.205191e-01	-1.122965e-01	2.659054e-01	
1.238980e-01	-2.171699e-01	-7.948946e-01	1.000000e+00	-5.369177e-01	6.048002e-01	-6.558934e-01	1.859549e-01	1.182031e-01	3.483031e-01	-4.208569e-01	5.020827e-01	-3.739653e-02	-6.621110e-02	7.069666e-01	-1.401834e-01	1.685616e-01	-1.961437e-01	7.141818e-02	1.645072e-02	3.179994e-01	-4.104964e-01	5.173980e-01	9.631891e-02	-2.228458e-01	
4.231566e-02	-2.373567e-02	1.604883e-01	-5.369177e-01	1.000000e+00	-9.836075e-01	9.379751e-01	-6.755331e-01	2.841243e-01	-9.162488e-03	-8.558401e-03	2.790167e-02	9.491774e-02	-5.449718e-02	-1.853326e-01	1.297173e-01	-1.500128e-01	1.655938e-01	-5.347323e-02	-1.248963e-02	-3.552570e-02	4.402151e-02	-5.607841e-02	4.462315e-03	9.547785e-03	
-3.272400e-02	1.177410e-02	-1.886604e-01	6.048002e-01	-9.836075e-01	1.000000e+00	-9.846135e-01	6.219560e-01	-2.107924e-01	1.202408e-02	7.450593e-03	-2.861602e-02	-1.014931e-01	7.174394e-02	2.142440e-01	-1.524897e-01	1.748577e-01	-1.918389e-01	6.340691e-02	1.355935e-02	3.126618e-02	-4.196513e-02	5.689708e-02	4.998907e-03	-1.958638e-02	
1.602065e-02	-9.368745e-03	2.162726e-01	-6.558934e-01	9.379751e-01	-9.846135e-01	1.000000e+00	-5.544248e-01	1.402628e-01	-1.197394e-02	-7.424366e-03	2.825877e-02	9.639534e-02	-7.448400e-02	-2.389191e-01	1.680951e-01	-1.923876e-01	2.111027e-01	-7.263956e-02	-1.318122e-02	-3.076352e-02	4.401324e-02	-6.191968e-02	-1.295210e-02	2.876151e-02	
6.518779e-02	1.129334e-01	-9.828207e-02	1.859549e-01	-6.755331e-01	6.219560e-01	-5.544248e-01	1.000000e+00	-8.789679e-01	9.808073e-02	-8.803150e-02	6.552525e-02	-2.939553e-02	-1.466606e-01	8.626679e-02	-4.451241e-02	5.241518e-02	-6.145715e-02	6.832710e-02	-4.215195e-02	6.117866e-02	-7.045875e-02	7.927918e-02	-1.780104e-02	-2.107228e-03	
-5.241361e-02	-1.250001e-01	-1.152574e-02	1.182031e-01	2.841243e-01	-2.107924e-01	1.402628e-01	-8.789679e-01	1.000000e+00	-1.074025e-01	1.018822e-01	-8.120501e-02	-4.796096e-03	2.181231e-01	3.242983e-02	-3.340234e-02	3.665124e-02	-3.651356e-02	-3.538169e-02	4.773094e-02	-4.295921e-02	4.578500e-02	-4.644595e-02	2.747363e-02	-1.704848e-02	
7.064681e-03	-4.735989e-02	-4.767536e-01	3.483031e-01	-9.162488e-03	1.202408e-02	-1.197394e-02	9.808073e-02	-1.074025e-01	1.000000e+00	-9.833791e-01	9.193517e-01	-7.494851e-01	5.336220e-01	4.249213e-01	-5.849658e-02	7.648747e-02	-9.575463e-02	2.844252e-02	1.512620e-02	2.227649e-01	-2.863869e-01	3.590679e-01	2.020654e-02	-1.063278e-01	
-1.279619e-02	5.022627e-02	5.799937e-01	-4.208569e-01	-8.558401e-03	7.450593e-03	-7.424366e-03	-8.803150e-02	1.018822e-01	-9.833791e-01	1.000000e+00	-9.747849e-01	6.966908e-01	-4.722817e-01	-5.014023e-01	4.802903e-02	-6.625096e-02	8.709728e-02	-3.083811e-02	-1.072977e-02	-2.804849e-01	3.593682e-01	-4.493840e-01	-2.827647e-02	1.368707e-01	
2.286003e-03	-4.441473e-02	-6.905210e-01	5.020827e-01	2.790167e-02	-2.861602e-02	2.825877e-02	6.552525e-02	-8.120501e-02	9.193517e-01	-9.747849e-01	1.000000e+00	-5.877208e-01	3.631398e-01	5.834934e-01	-3.684553e-02	5.482124e-02	-7.676609e-02	3.237609e-02	6.215216e-03	3.440212e-01	-4.396586e-01	5.491023e-01	3.642917e-02	-1.703554e-01	
1.604467e-01	-8.160212e-02	-1.250951e-03	-3.739653e-02	9.491774e-02	-1.014931e-01	9.639534e-02	-2.939553e-02	-4.796096e-03	-7.494851e-01	6.966908e-01	-5.877208e-01	1.000000e+00	-9.363472e-01	-3.138257e-02	3.862224e-02	-4.945215e-02	5.830278e-02	1.623948e-02	-3.588529e-02	3.942304e-03	3.474843e-04	-6.480307e-03	5.430943e-02	-5.536446e-02	
-1.400147e-01	4.428785e-02	1.721833e-01	-6.621110e-02	-5.449718e-02	7.174394e-02	-7.448400e-02	-1.466606e-01	2.181231e-01	5.336220e-01	-4.722817e-01	3.631398e-01	-9.363472e-01	1.000000e+00	-1.112776e-01	-2.736919e-02	3.215910e-02	-3.410235e-02	-3.231957e-02	3.868641e-02	-9.704766e-02	1.155365e-01	-1.362171e-01	-5.608214e-02	9.240505e-02	
1.255171e-01	-2.184971e-01	-7.999018e-01	7.069666e-01	-1.853326e-01	2.142440e-01	-2.389191e-01	8.626679e-02	3.242983e-02	4.249213e-01	-5.014023e-01	5.834934e-01	-3.138257e-02	-1.112776e-01	1.000000e+00	-4.869343e-01	5.650002e-01	-6.272002e-01	1.202411e-01	1.487356e-01	2.403489e-01	-3.198567e-01	4.156968e-01	6.302639e-02	-1.529524e-01	
3.357825e-02	5.458035e-04	1.495463e-01	-1.401834e-01	1.297173e-01	-1.524897e-01	1.680951e-01	-4.451241e-02	-3.340234e-02	-5.849658e-02	4.802903e-02	-3.684553e-02	3.862224e-02	-2.736919e-02	-4.869343e-01	1.000000e+00	-9.811788e-01	9.286534e-01	-6.511307e-01	2.966990e-01	1.504322e-01	-1.636345e-01	1.687850e-01	-3.167012e-02	1.879583e-02	
-3.305492e-02	-4.319499e-04	-1.772582e-01	1.685616e-01	-1.500128e-01	1.748577e-01	-1.923876e-01	5.241518e-02	3.665124e-02	7.648747e-02	-6.625096e-02	5.482124e-02	-4.945215e-02	3.215910e-02	5.650002e-01	-9.811788e-01	1.000000e+00	-9.822892e-01	5.867014e-01	-2.099463e-01	-1.465236e-01	1.607226e-01	-1.669546e-01	1.334816e-02	6.446548e-03	
2.415927e-02	-5.524197e-03	2.061568e-01	-1.961437e-01	1.655938e-01	-1.918389e-01	2.111027e-01	-6.145715e-02	-3.651356e-02	-9.575463e-02	8.709728e-02	-7.676609e-02	5.830278e-02	-3.410235e-02	-6.272002e-01	9.286534e-01	-9.822892e-01	1.000000e+00	-5.051165e-01	1.224415e-01	1.343851e-01	-1.481645e-01	1.543697e-01	1.084105e-03	-2.418198e-02	
9.015031e-02	8.269677e-02	-1.020080e-01	7.141818e-02	-5.347323e-02	6.340691e-02	-7.263956e-02	6.832710e-02	-3.538169e-02	2.844252e-02	-3.083811e-02	3.237609e-02	1.623948e-02	-3.231957e-02	1.202411e-01	-6.511307e-01	5.867014e-01	-5.051165e-01	1.000000e+00	-9.003462e-01	-2.632433e-02	2.778545e-02	-2.813585e-02	9.975797e-02	-1.770820e-01	
-8.399563e-02	-8.696722e-02	8.376195e-05	1.645072e-02	-1.248963e-02	1.355935e-02	-1.318122e-02	-4.215195e-02	4.773094e-02	1.512620e-02	-1.072977e-02	6.215216e-03	-3.588529e-02	3.868641e-02	1.487356e-01	2.966990e-01	-2.099463e-01	1.224415e-01	-9.003462e-01	1.000000e+00	-3.085587e-02	3.123230e-02	-2.820949e-02	-1.067005e-01	2.136278e-01	
3.829843e-02	-1.144127e-02	-3.819274e-01	3.179994e-01	-3.552570e-02	3.126618e-02	-3.076352e-02	6.117866e-02	-4.295921e-02	2.227649e-01	-2.804849e-01	3.440212e-01	3.942304e-03	-9.704766e-02	2.403489e-01	1.504322e-01	-1.465236e-01	1.343851e-01	-2.632433e-02	-3.085587e-02	1.000000e+00	-9.835242e-01	9.185027e-01	-7.338337e-01	5.515209e-01	
-4.164268e-02	1.526427e-02	4.939083e-01	-4.104964e-01	4.402151e-02	-4.196513e-02	4.401324e-02	-7.045875e-02	4.578500e-02	-2.863869e-01	3.593682e-01	-4.396586e-01	3.474843e-04	1.155365e-01	-3.198567e-01	-1.636345e-01	1.607226e-01	-1.481645e-01	2.778545e-02	3.123230e-02	-9.835242e-01	1.000000e+00	-9.741042e-01	6.772113e-01	-4.834284e-01	
2.732531e-02	-1.100383e-02	-6.205191e-01	5.173980e-01	-5.607841e-02	5.689708e-02	-6.191968e-02	7.927918e-02	-4.644595e-02	3.590679e-01	-4.493840e-01	5.491023e-01	-6.480307e-03	-1.362171e-01	4.156968e-01	1.687850e-01	-1.669546e-01	1.543697e-01	-2.813585e-02	-2.820949e-02	9.185027e-01	-9.741042e-01	1.000000e+00	-5.625671e-01	3.626875e-01	
1.500258e-01	-1.387756e-01	-1.122965e-01	9.631891e-02	4.462315e-03	4.998907e-03	-1.295210e-02	-1.780104e-02	2.747363e-02	2.020654e-02	-2.827647e-02	3.642917e-02	5.430943e-02	-5.608214e-02	6.302639e-02	-3.167012e-02	1.334816e-02	1.084105e-03	9.975797e-02	-1.067005e-01	-7.338337e-01	6.772113e-01	-5.625671e-01	1.000000e+00	-9.592944e-01	
-1.485899e-01	1.290630e-01	2.659054e-01	-2.228458e-01	9.547785e-03	-1.958638e-02	2.876151e-02	-2.107228e-03	-1.704848e-02	-1.063278e-01	1.368707e-01	-1.703554e-01	-5.536446e-02	9.240505e-02	-1.529524e-01	1.879583e-02	6.446548e-03	-2.418198e-02	-1.770820e-01	2.136278e-01	5.515209e-01	-4.834284e-01	3.626875e-01	-9.592944e-01	1.000000e+00	

Time taken for mcmc chain: 32.400000 minutes
