Number of steps: 3715485
Number of accepted steps: 1000000
Burn-in number of steps: 320000
Accepted fraction of steps: 0.269144
Convergence Status
R[0]= 1.002165	R[1]= 1.000911	R[2]= 1.018832	R[3]= 1.028054	R[4]= 1.004643	R[5]= 1.005724	R[6]= 1.006378	R[7]= 1.002436	R[8]= 1.002746	R[9]= 1.001054	R[10]= 1.001532	R[11]= 1.002381	R[12]= 1.000519	R[13]= 1.000226	R[14]= 1.017445	R[15]= 1.001789	R[16]= 1.002207	R[17]= 1.002598	R[18]= 1.000805	R[19]= 1.000730	R[20]= 1.000871	R[21]= 1.000887	R[22]= 1.001107	R[23]= 1.003601	R[24]= 1.002801	
<R>= 1.004498

Mean parameters
A[0]= 9.811710e-01 pm 3.889107e-02
A[1]= 1.097475e+00 pm 3.306690e-02
A[2]= 6.084579e-01 pm 4.293667e-01
A[3]= 2.796033e+00 pm 9.184632e-01
A[4]= 5.025061e+03 pm 2.526156e+03
A[5]= -4.440621e+03 pm 1.410099e+03
A[6]= 1.599583e+03 pm 2.619622e+02
A[7]= -1.619408e+01 pm 1.318340e+01
A[8]= -1.176440e-01 pm 1.824685e-01
A[9]= -1.581763e+03 pm 6.879738e+03
A[10]= -2.971203e+02 pm 3.824807e+03
A[11]= 1.094453e+02 pm 6.867593e+02
A[12]= 2.082148e+01 pm 4.578798e+01
A[13]= -6.327035e-01 pm 8.608949e-01
A[14]= 3.412938e+00 pm 1.230818e+00
A[15]= 1.115676e+03 pm 3.536703e+03
A[16]= -1.838875e+03 pm 1.982177e+03
A[17]= 1.080499e+03 pm 3.696675e+02
A[18]= -5.410209e+00 pm 1.950257e+01
A[19]= -1.820473e-01 pm 2.556550e-01
A[20]= 3.222014e+03 pm 9.540977e+03
A[21]= -2.812291e+03 pm 5.302106e+03
A[22]= 3.968561e+02 pm 9.511804e+02
A[23]= 1.325044e+01 pm 6.356102e+01
A[24]= -8.959866e-01 pm 1.187051e+00

Best-fitting parameters
A[0]= 1.005324e+00
A[1]= 1.076752e+00
A[2]= 1.467479e-01
A[3]= 3.888190e+00
A[4]= 4.298767e+03
A[5]= -3.978043e+03
A[6]= 1.500927e+03
A[7]= -1.237310e+01
A[8]= -1.899917e-01
A[9]= -4.620967e+03
A[10]= 1.067979e+03
A[11]= -6.667927e+01
A[12]= 5.529632e+01
A[13]= -1.202977e+00
A[14]= 5.027673e+00
A[15]= 9.116731e+02
A[16]= -1.557126e+03
A[17]= 1.004583e+03
A[18]= -1.089334e+01
A[19]= -7.937631e-02
A[20]= 8.598875e+03
A[21]= -5.553694e+03
A[22]= 8.624242e+02
A[23]= 1.471506e+01
A[24]= -8.221599e-01
chi2_min= 1.186605e+02


Cross-Covariance parameters
1.000000e+00	-5.032324e-01	-1.655131e-01	5.529781e-02	3.436570e-02	-3.907006e-02	3.713248e-02	5.477345e-02	-4.129484e-02	-3.001047e-03	1.155361e-02	-3.158825e-02	5.605540e-02	-3.991994e-02	1.007215e-01	1.109295e-03	2.118110e-03	-8.016695e-03	1.627699e-02	-5.169632e-03	-1.835639e-02	3.109447e-02	-5.589692e-02	6.880791e-02	-5.829854e-02	
-5.032324e-01	1.000000e+00	2.074208e-01	-2.279148e-01	-3.566489e-02	3.610378e-02	-4.571826e-02	1.192244e-01	-1.156201e-01	6.168709e-02	-6.965589e-02	8.225312e-02	-8.556116e-02	4.183588e-02	-2.079905e-01	-4.509418e-02	4.767160e-02	-5.794900e-02	1.132601e-01	-1.072654e-01	1.522255e-02	-2.472586e-02	4.126323e-02	-5.475732e-02	3.535846e-02	
-1.655131e-01	2.074208e-01	1.000000e+00	-6.450511e-01	-1.560187e-02	2.245536e-02	-2.182073e-02	-2.523390e-02	1.416401e-02	-1.152337e-01	1.543178e-01	-1.965036e-01	-2.823281e-01	2.566470e-01	-5.834214e-01	-1.282566e-04	1.433133e-03	2.775770e-03	-5.460527e-02	4.458037e-02	-7.105773e-02	1.029762e-01	-1.392105e-01	-2.818447e-01	2.642957e-01	
5.529781e-02	-2.279148e-01	-6.450511e-01	1.000000e+00	-3.388013e-01	4.046928e-01	-4.539107e-01	-2.726702e-01	2.777971e-01	5.813054e-02	-7.442331e-02	9.755776e-02	8.091327e-02	-2.531129e-02	3.957635e-01	2.084717e-02	-2.263009e-02	2.146089e-02	1.011599e-02	-7.312601e-03	5.425033e-02	-7.498666e-02	9.909883e-02	1.758671e-01	-1.601152e-01	
3.436570e-02	-3.566489e-02	-1.560187e-02	-3.388013e-01	1.000000e+00	-9.856219e-01	9.375082e-01	-4.798610e-01	3.865806e-01	-7.497444e-02	6.113369e-02	-4.438605e-02	1.301149e-01	-4.772450e-02	9.583577e-03	1.212637e-02	-1.327345e-02	1.389631e-02	-2.903408e-03	1.182180e-03	-7.799248e-03	7.833518e-03	-8.221000e-03	1.803375e-02	-1.778425e-02	
-3.907006e-02	3.610378e-02	2.245536e-02	4.046928e-01	-9.856219e-01	1.000000e+00	-9.813901e-01	4.376266e-01	-3.572349e-01	8.239542e-02	-6.615403e-02	4.662495e-02	-1.552135e-01	7.319245e-02	-1.576575e-02	-9.415111e-03	1.065324e-02	-1.146375e-02	7.811591e-04	4.963458e-04	8.780800e-03	-8.708298e-03	9.036603e-03	-2.298164e-02	2.290263e-02	
3.713248e-02	-4.571826e-02	-2.182073e-02	-4.539107e-01	9.375082e-01	-9.813901e-01	1.000000e+00	-4.142230e-01	3.587278e-01	-8.756351e-02	6.918359e-02	-4.637854e-02	1.645747e-01	-7.548510e-02	1.947136e-02	6.794727e-03	-8.088525e-03	9.354744e-03	-2.332517e-03	1.132067e-03	-9.521338e-03	9.684034e-03	-1.034363e-02	2.403941e-02	-2.406558e-02	
5.477345e-02	1.192244e-01	-2.523390e-02	-2.726702e-01	-4.798610e-01	4.376266e-01	-4.142230e-01	1.000000e+00	-9.700988e-01	1.571385e-01	-1.555804e-01	1.390325e-01	2.239718e-02	-2.088204e-01	-5.244488e-04	-1.486282e-02	1.389387e-02	-1.459898e-02	4.289910e-02	-3.599292e-02	5.989130e-04	-3.588108e-03	6.577122e-03	2.025730e-02	-2.232387e-02	
-4.129484e-02	-1.156201e-01	1.416401e-02	2.777971e-01	3.865806e-01	-3.572349e-01	3.587278e-01	-9.700988e-01	1.000000e+00	-1.627977e-01	1.619056e-01	-1.447817e-01	-1.509863e-02	2.199160e-01	5.508378e-03	1.245268e-02	-1.142780e-02	1.200534e-02	-3.857980e-02	3.262096e-02	4.549680e-03	-1.781525e-03	-1.242207e-03	-2.019411e-02	2.197038e-02	
-3.001047e-03	6.168709e-02	-1.152337e-01	5.813054e-02	-7.497444e-02	8.239542e-02	-8.756351e-02	1.571385e-01	-1.627977e-01	1.000000e+00	-9.915505e-01	9.598178e-01	-7.997267e-01	6.969738e-01	6.249544e-02	8.459378e-03	-8.313833e-03	6.778247e-03	-1.393429e-03	4.093513e-03	1.387423e-02	-1.892884e-02	2.530561e-02	2.830605e-02	-2.381995e-02	
1.155361e-02	-6.965589e-02	1.543178e-01	-7.442331e-02	6.113369e-02	-6.615403e-02	6.918359e-02	-1.555804e-01	1.619056e-01	-9.915505e-01	1.000000e+00	-9.874915e-01	8.153159e-01	-7.211144e-01	-8.531998e-02	-8.864873e-03	8.825182e-03	-7.170989e-03	-2.221508e-03	-7.294485e-04	-1.483935e-02	2.168439e-02	-3.028297e-02	-4.263250e-02	3.742296e-02	
-3.158825e-02	8.225312e-02	-1.965036e-01	9.755776e-02	-4.438605e-02	4.662495e-02	-4.637854e-02	1.390325e-01	-1.447817e-01	9.598178e-01	-9.874915e-01	1.000000e+00	-8.236327e-01	7.473204e-01	1.098351e-01	9.386968e-03	-9.552464e-03	7.815572e-03	6.116919e-03	-3.172407e-03	1.621675e-02	-2.510568e-02	3.636203e-02	5.798537e-02	-5.216975e-02	
5.605540e-02	-8.556116e-02	-2.823281e-01	8.091327e-02	1.301149e-01	-1.552135e-01	1.645747e-01	2.239718e-02	-1.509863e-02	-7.997267e-01	8.153159e-01	-8.236327e-01	1.000000e+00	-9.610937e-01	1.684610e-01	-6.949719e-03	4.701851e-03	-4.311841e-03	3.746576e-02	-3.390391e-02	2.099263e-02	-3.023874e-02	4.019581e-02	8.951677e-02	-8.757021e-02	
-3.991994e-02	4.183588e-02	2.566470e-01	-2.531129e-02	-4.772450e-02	7.319245e-02	-7.548510e-02	-2.088204e-01	2.199160e-01	6.969738e-01	-7.211144e-01	7.473204e-01	-9.610937e-01	1.000000e+00	-1.489114e-01	8.881560e-03	-6.679327e-03	6.680452e-03	-4.329152e-02	3.887878e-02	-1.961444e-02	2.902596e-02	-3.939161e-02	-8.262571e-02	8.166313e-02	
1.007215e-01	-2.079905e-01	-5.834214e-01	3.957635e-01	9.583577e-03	-1.576575e-02	1.947136e-02	-5.244488e-04	5.508378e-03	6.249544e-02	-8.531998e-02	1.098351e-01	1.684610e-01	-1.489114e-01	1.000000e+00	-3.493505e-01	4.212162e-01	-4.747386e-01	-2.877003e-01	2.864433e-01	-3.259929e-02	2.037003e-02	-1.070815e-03	1.091491e-01	-8.049030e-02	
1.109295e-03	-4.509418e-02	-1.282566e-04	2.084717e-02	1.212637e-02	-9.415111e-03	6.794727e-03	-1.486282e-02	1.245268e-02	8.459378e-03	-8.864873e-03	9.386968e-03	-6.949719e-03	8.881560e-03	-3.493505e-01	1.000000e+00	-9.861828e-01	9.394638e-01	-5.014010e-01	4.304320e-01	7.392654e-02	-8.077717e-02	8.667451e-02	3.673591e-03	3.683951e-02	
2.118110e-03	4.767160e-02	1.433133e-03	-2.263009e-02	-1.327345e-02	1.065324e-02	-8.088525e-03	1.389387e-02	-1.142780e-02	-8.313833e-03	8.825182e-03	-9.552464e-03	4.701851e-03	-6.679327e-03	4.212162e-01	-9.861828e-01	1.000000e+00	-9.817839e-01	4.639930e-01	-4.040478e-01	-7.843172e-02	8.691703e-02	-9.431274e-02	-1.554232e-02	-2.471824e-02	
-8.016695e-03	-5.794900e-02	2.775770e-03	2.146089e-02	1.389631e-02	-1.146375e-02	9.354744e-03	-1.459898e-02	1.200534e-02	6.778247e-03	-7.170989e-03	7.815572e-03	-4.311841e-03	6.680452e-03	-4.747386e-01	9.394638e-01	-9.817839e-01	1.000000e+00	-4.438858e-01	4.054255e-01	7.497339e-02	-8.541311e-02	9.554324e-02	2.173901e-02	2.280979e-02	
1.627699e-02	1.132601e-01	-5.460527e-02	1.011599e-02	-2.903408e-03	7.811591e-04	-2.332517e-03	4.289910e-02	-3.857980e-02	-1.393429e-03	-2.221508e-03	6.116919e-03	3.746576e-02	-4.329152e-02	-2.877003e-01	-5.014010e-01	4.639930e-01	-4.438858e-01	1.000000e+00	-9.773364e-01	4.011473e-02	-4.056840e-02	3.308940e-02	1.126823e-01	-1.979469e-01	
-5.169632e-03	-1.072654e-01	4.458037e-02	-7.312601e-03	1.182180e-03	4.963458e-04	1.132067e-03	-3.599292e-02	3.262096e-02	4.093513e-03	-7.294485e-04	-3.172407e-03	-3.390391e-02	3.887878e-02	2.864433e-01	4.304320e-01	-4.040478e-01	4.054255e-01	-9.773364e-01	1.000000e+00	-5.133473e-02	5.028863e-02	-3.954759e-02	-1.063993e-01	2.036929e-01	
-1.835639e-02	1.522255e-02	-7.105773e-02	5.425033e-02	-7.799248e-03	8.780800e-03	-9.521338e-03	5.989130e-04	4.549680e-03	1.387423e-02	-1.483935e-02	1.621675e-02	2.099263e-02	-1.961444e-02	-3.259929e-02	7.392654e-02	-7.843172e-02	7.497339e-02	4.011473e-02	-5.133473e-02	1.000000e+00	-9.920732e-01	9.619399e-01	-8.208405e-01	7.521383e-01	
3.109447e-02	-2.472586e-02	1.029762e-01	-7.498666e-02	7.833518e-03	-8.708298e-03	9.684034e-03	-3.588108e-03	-1.781525e-03	-1.892884e-02	2.168439e-02	-2.510568e-02	-3.023874e-02	2.902596e-02	2.037003e-02	-8.077717e-02	8.691703e-02	-8.541311e-02	-4.056840e-02	5.028863e-02	-9.920732e-01	1.000000e+00	-9.880228e-01	8.409659e-01	-7.795344e-01	
-5.589692e-02	4.126323e-02	-1.392105e-01	9.909883e-02	-8.221000e-03	9.036603e-03	-1.034363e-02	6.577122e-03	-1.242207e-03	2.530561e-02	-3.028297e-02	3.636203e-02	4.019581e-02	-3.939161e-02	-1.070815e-03	8.667451e-02	-9.431274e-02	9.554324e-02	3.308940e-02	-3.954759e-02	9.619399e-01	-9.880228e-01	1.000000e+00	-8.541596e-01	8.074639e-01	
6.880791e-02	-5.475732e-02	-2.818447e-01	1.758671e-01	1.803375e-02	-2.298164e-02	2.403941e-02	2.025730e-02	-2.019411e-02	2.830605e-02	-4.263250e-02	5.798537e-02	8.951677e-02	-8.262571e-02	1.091491e-01	3.673591e-03	-1.554232e-02	2.173901e-02	1.126823e-01	-1.063993e-01	-8.208405e-01	8.409659e-01	-8.541596e-01	1.000000e+00	-9.782092e-01	
-5.829854e-02	3.535846e-02	2.642957e-01	-1.601152e-01	-1.778425e-02	2.290263e-02	-2.406558e-02	-2.232387e-02	2.197038e-02	-2.381995e-02	3.742296e-02	-5.216975e-02	-8.757021e-02	8.166313e-02	-8.049030e-02	3.683951e-02	-2.471824e-02	2.280979e-02	-1.979469e-01	2.036929e-01	7.521383e-01	-7.795344e-01	8.074639e-01	-9.782092e-01	1.000000e+00	

Time taken for mcmc chain: 26.900000 minutes
