Number of steps: 1083395
Number of accepted steps: 1000000
Burn-in number of steps: 320000
Accepted fraction of steps: 0.923024
Convergence Status
R[0]= 1.062014	R[1]= 1.206243	R[2]= 1.119881	R[3]= 1.168866	R[4]= 1.070697	R[5]= 1.090746	R[6]= 1.112667	R[7]= 1.076489	R[8]= 1.120417	R[9]= 1.226386	R[10]= 1.180470	R[11]= 1.113315	R[12]= 1.326019	R[13]= 1.486284	R[14]= 1.125852	R[15]= 1.007462	R[16]= 1.008568	R[17]= 1.021406	R[18]= 1.112961	R[19]= 1.207638	R[20]= 1.022448	R[21]= 1.023786	R[22]= 1.022555	R[23]= 1.079099	R[24]= 1.088772	
<R>= 1.123242

Mean parameters
A[0]= 8.907641e-01 pm 3.170945e-02
A[1]= 1.033625e+00 pm 2.817806e-02
A[2]= 7.406387e-01 pm 4.010453e-01
A[3]= 2.222722e+00 pm 5.888790e-01
A[4]= 1.964925e+03 pm 2.835255e+03
A[5]= -1.924168e+03 pm 1.839346e+03
A[6]= 8.334685e+02 pm 4.387719e+02
A[7]= 8.417194e-01 pm 1.318701e+01
A[8]= -9.342767e-02 pm 1.882378e-01
A[9]= 3.695653e+03 pm 7.785687e+03
A[10]= -2.965650e+03 pm 4.504950e+03
A[11]= 4.864556e+02 pm 9.100082e+02
A[12]= -3.438237e+01 pm 4.130847e+01
A[13]= 6.669402e-01 pm 8.327455e-01
A[14]= 2.959694e+00 pm 9.313843e-01
A[15]= 3.881005e+02 pm 4.815259e+03
A[16]= 1.993221e+02 pm 3.103247e+03
A[17]= 1.555551e+02 pm 7.375822e+02
A[18]= 7.239129e+00 pm 2.087099e+01
A[19]= -4.787571e-02 pm 2.649186e-01
A[20]= 9.367485e+03 pm 1.020869e+04
A[21]= -5.367066e+03 pm 6.020508e+03
A[22]= 6.030215e+02 pm 1.214675e+03
A[23]= -3.863665e+01 pm 6.138342e+01
A[24]= 1.727399e-01 pm 1.145803e+00

Best-fitting parameters
A[0]= 8.945980e-01
A[1]= 9.871130e-01
A[2]= 1.269851e+00
A[3]= 2.051857e+00
A[4]= -2.891752e+02
A[5]= -1.738287e+02
A[6]= 3.734036e+02
A[7]= 8.927329e+00
A[8]= -1.845681e-01
A[9]= 7.122222e+02
A[10]= -6.399872e+01
A[11]= -4.709829e+02
A[12]= -4.277386e+01
A[13]= 1.001736e+00
A[14]= 2.287936e+00
A[15]= 1.713388e+03
A[16]= -4.803259e+02
A[17]= 2.899302e+02
A[18]= -7.037929e+00
A[19]= 1.794308e-01
A[20]= 1.091089e+04
A[21]= -5.149692e+03
A[22]= 2.061298e+02
A[23]= -8.438025e+01
A[24]= 1.539455e+00
chi2_min= 1.127108e+02


Cross-Covariance parameters
1.000000e+00	-3.187014e-01	-2.706088e-01	6.287676e-02	1.081126e-01	-1.185274e-01	1.218135e-01	4.444787e-02	-3.559282e-02	1.274133e-01	-1.211727e-01	1.026914e-01	4.714179e-02	-4.196669e-02	-3.126847e-02	2.496623e-01	-2.391904e-01	2.141014e-01	7.344234e-03	-1.067101e-01	1.426250e-01	-1.410488e-01	1.244565e-01	9.053705e-02	-1.224916e-01	
-3.187014e-01	1.000000e+00	1.798972e-01	-3.527195e-01	-5.071970e-02	1.359258e-02	1.916049e-02	2.181801e-01	-2.507227e-01	-1.160100e-01	8.426764e-02	-4.347715e-02	5.696177e-02	-1.124914e-01	-3.757726e-01	-3.115563e-03	-3.892642e-02	8.561496e-02	1.790630e-01	-2.446658e-01	1.172606e-01	-1.346341e-01	1.539326e-01	-1.864263e-01	1.319623e-01	
-2.706088e-01	1.798972e-01	1.000000e+00	-5.275462e-01	-3.076284e-01	3.437237e-01	-3.586571e-01	1.160219e-01	-1.013641e-02	-4.099409e-01	5.086187e-01	-6.484851e-01	4.918502e-02	6.423993e-02	-4.506540e-01	-1.539615e-01	1.752516e-01	-1.894068e-01	3.135564e-02	1.315083e-02	-2.790988e-01	3.754825e-01	-5.100758e-01	-6.430271e-02	1.912674e-01	
6.287676e-02	-3.527195e-01	-5.275462e-01	1.000000e+00	-3.602360e-01	4.252469e-01	-4.854011e-01	1.042104e-02	2.120678e-01	3.934750e-02	-5.723927e-02	1.055965e-01	2.853810e-02	2.623032e-02	6.048642e-01	-2.180878e-01	2.291634e-01	-2.361059e-01	5.941305e-02	4.166644e-02	8.957171e-03	-4.931562e-02	1.131161e-01	7.630292e-02	-1.016848e-01	
1.081126e-01	-5.071970e-02	-3.076284e-01	-3.602360e-01	1.000000e+00	-9.821337e-01	9.318148e-01	-7.166177e-01	4.017121e-01	2.515944e-01	-3.150296e-01	3.901046e-01	-1.181206e-01	1.089600e-01	-2.993670e-02	2.555542e-01	-2.701893e-01	2.712184e-01	-1.464613e-01	6.280862e-02	1.503566e-01	-1.848030e-01	2.256082e-01	2.054543e-02	-7.737368e-02	
-1.185274e-01	1.359258e-02	3.437237e-01	4.252469e-01	-9.821337e-01	1.000000e+00	-9.828067e-01	6.519716e-01	-3.117852e-01	-2.955546e-01	3.652611e-01	-4.467011e-01	1.237716e-01	-8.543835e-02	5.773744e-02	-2.974530e-01	3.151645e-01	-3.187046e-01	1.546362e-01	-5.498857e-02	-1.826938e-01	2.213929e-01	-2.681181e-01	-1.451570e-02	8.195380e-02	
1.218135e-01	1.916049e-02	-3.586571e-01	-4.854011e-01	9.318148e-01	-9.828067e-01	1.000000e+00	-5.655785e-01	2.165782e-01	3.338998e-01	-4.061360e-01	4.886410e-01	-1.339703e-01	6.941890e-02	-9.012789e-02	3.258848e-01	-3.470956e-01	3.546095e-01	-1.571287e-01	4.626014e-02	2.139215e-01	-2.555368e-01	3.053683e-01	-3.542416e-03	-7.109192e-02	
4.444787e-02	2.181801e-01	1.160219e-01	1.042104e-02	-7.166177e-01	6.519716e-01	-5.655785e-01	1.000000e+00	-9.060132e-01	-9.653396e-02	1.243057e-01	-1.621857e-01	1.850933e-01	-3.698966e-01	-2.122203e-01	5.021303e-02	-5.800025e-02	6.869793e-02	8.675277e-02	-1.300940e-01	-6.687720e-02	7.461593e-02	-7.609923e-02	6.088390e-02	-5.479108e-02	
-3.559282e-02	-2.507227e-01	-1.013641e-02	2.120678e-01	4.017121e-01	-3.117852e-01	2.165782e-01	-9.060132e-01	1.000000e+00	-3.112173e-03	2.779489e-03	4.859177e-03	-1.725590e-01	4.324590e-01	2.852973e-01	-2.194285e-01	2.284777e-01	-2.326160e-01	-2.840956e-03	1.034422e-01	5.696857e-02	-5.078057e-02	2.904421e-02	-1.297602e-01	1.470831e-01	
1.274133e-01	-1.160100e-01	-4.099409e-01	3.934750e-02	2.515944e-01	-2.955546e-01	3.338998e-01	-9.653396e-02	-3.112173e-03	1.000000e+00	-9.854794e-01	9.200909e-01	-8.144676e-01	6.264948e-01	2.692375e-01	1.622041e-01	-1.258596e-01	8.635712e-02	-1.061771e-01	9.527769e-02	1.738757e-01	-1.977627e-01	2.349077e-01	1.877805e-03	-5.256648e-02	
-1.211727e-01	8.426764e-02	5.086187e-01	-5.723927e-02	-3.150296e-01	3.652611e-01	-4.061360e-01	1.243057e-01	2.779489e-03	-9.854794e-01	1.000000e+00	-9.722216e-01	8.030061e-01	-6.108403e-01	-2.943380e-01	-1.920661e-01	1.584471e-01	-1.210636e-01	1.161998e-01	-9.440449e-02	-2.178005e-01	2.569311e-01	-3.129115e-01	2.169402e-02	4.319772e-02	
1.026914e-01	-4.347715e-02	-6.484851e-01	1.055965e-01	3.901046e-01	-4.467011e-01	4.886410e-01	-1.621857e-01	4.859177e-03	9.200909e-01	-9.722216e-01	1.000000e+00	-7.270719e-01	5.386798e-01	3.299591e-01	2.181816e-01	-1.937676e-01	1.647021e-01	-1.242463e-01	9.073514e-02	2.738012e-01	-3.340775e-01	4.170025e-01	-4.723586e-02	-3.913437e-02	
4.714179e-02	5.696177e-02	4.918502e-02	2.853810e-02	-1.181206e-01	1.237716e-01	-1.339703e-01	1.850933e-01	-1.725590e-01	-8.144676e-01	8.030061e-01	-7.270719e-01	1.000000e+00	-9.322158e-01	-2.368337e-01	-4.168465e-02	-2.736613e-02	9.084607e-02	1.151104e-01	-1.645358e-01	-1.091898e-01	1.050415e-01	-9.559899e-02	1.509282e-01	-1.608587e-01	
-4.196669e-02	-1.124914e-01	6.423993e-02	2.623032e-02	1.089600e-01	-8.543835e-02	6.941890e-02	-3.698966e-01	4.324590e-01	6.264948e-01	-6.108403e-01	5.386798e-01	-9.322158e-01	1.000000e+00	2.575325e-01	-7.117171e-02	1.372057e-01	-1.941577e-01	-8.092742e-02	1.646108e-01	1.005085e-01	-8.546240e-02	5.427298e-02	-2.175690e-01	2.476479e-01	
-3.126847e-02	-3.757726e-01	-4.506540e-01	6.048642e-01	-2.993670e-02	5.773744e-02	-9.012789e-02	-2.122203e-01	2.852973e-01	2.692375e-01	-2.943380e-01	3.299591e-01	-2.368337e-01	2.575325e-01	1.000000e+00	-5.141594e-01	5.989540e-01	-6.715440e-01	1.963510e-01	4.151403e-02	-1.088699e-01	7.815870e-02	-3.457571e-02	4.579560e-02	-4.733172e-02	
2.496623e-01	-3.115563e-03	-1.539615e-01	-2.180878e-01	2.555542e-01	-2.974530e-01	3.258848e-01	5.021303e-02	-2.194285e-01	1.622041e-01	-1.920661e-01	2.181816e-01	-4.168465e-02	-7.117171e-02	-5.141594e-01	1.000000e+00	-9.817742e-01	9.223793e-01	-7.542865e-01	5.019479e-01	1.189207e-01	-1.576267e-01	2.133513e-01	7.807224e-02	-8.752692e-02	
-2.391904e-01	-3.892642e-02	1.752516e-01	2.291634e-01	-2.701893e-01	3.151645e-01	-3.470956e-01	-5.800025e-02	2.284777e-01	-1.258596e-01	1.584471e-01	-1.937676e-01	-2.736613e-02	1.372057e-01	5.989540e-01	-9.817742e-01	1.000000e+00	-9.784092e-01	7.250635e-01	-4.554052e-01	-1.738531e-01	2.160472e-01	-2.764144e-01	-4.946832e-02	6.978938e-02	
2.141014e-01	8.561496e-02	-1.894068e-01	-2.361059e-01	2.712184e-01	-3.187046e-01	3.546095e-01	6.869793e-02	-2.326160e-01	8.635712e-02	-1.210636e-01	1.647021e-01	9.084607e-02	-1.941577e-01	-6.715440e-01	9.223793e-01	-9.784092e-01	1.000000e+00	-6.609699e-01	3.864005e-01	2.318069e-01	-2.761909e-01	3.389133e-01	1.013110e-02	-4.118503e-02	
7.344234e-03	1.790630e-01	3.135564e-02	5.941305e-02	-1.464613e-01	1.546362e-01	-1.571287e-01	8.675277e-02	-2.840956e-03	-1.061771e-01	1.161998e-01	-1.242463e-01	1.151104e-01	-8.092742e-02	1.963510e-01	-7.542865e-01	7.250635e-01	-6.609699e-01	1.000000e+00	-9.343117e-01	4.283560e-03	2.975843e-02	-8.175785e-02	3.774288e-02	-1.256900e-01	
-1.067101e-01	-2.446658e-01	1.315083e-02	4.166644e-02	6.280862e-02	-5.498857e-02	4.626014e-02	-1.300940e-01	1.034422e-01	9.527769e-02	-9.440449e-02	9.073514e-02	-1.645358e-01	1.646108e-01	4.151403e-02	5.019479e-01	-4.554052e-01	3.864005e-01	-9.343117e-01	1.000000e+00	-7.177975e-02	4.682709e-02	-7.000607e-03	-7.132337e-02	1.928160e-01	
1.426250e-01	1.172606e-01	-2.790988e-01	8.957171e-03	1.503566e-01	-1.826938e-01	2.139215e-01	-6.687720e-02	5.696857e-02	1.738757e-01	-2.178005e-01	2.738012e-01	-1.091898e-01	1.005085e-01	-1.088699e-01	1.189207e-01	-1.738531e-01	2.318069e-01	4.283560e-03	-7.177975e-02	1.000000e+00	-9.863074e-01	9.273985e-01	-8.150109e-01	6.659468e-01	
-1.410488e-01	-1.346341e-01	3.754825e-01	-4.931562e-02	-1.848030e-01	2.213929e-01	-2.555368e-01	7.461593e-02	-5.078057e-02	-1.977627e-01	2.569311e-01	-3.340775e-01	1.050415e-01	-8.546240e-02	7.815870e-02	-1.576267e-01	2.160472e-01	-2.761909e-01	2.975843e-02	4.682709e-02	-9.863074e-01	1.000000e+00	-9.754169e-01	8.108755e-01	-6.600700e-01	
1.244565e-01	1.539326e-01	-5.100758e-01	1.131161e-01	2.256082e-01	-2.681181e-01	3.053683e-01	-7.609923e-02	2.904421e-02	2.349077e-01	-3.129115e-01	4.170025e-01	-9.559899e-02	5.427298e-02	-3.457571e-02	2.133513e-01	-2.764144e-01	3.389133e-01	-8.175785e-02	-7.000607e-03	9.273985e-01	-9.754169e-01	1.000000e+00	-7.549353e-01	6.077785e-01	
9.053705e-02	-1.864263e-01	-6.430271e-02	7.630292e-02	2.054543e-02	-1.451570e-02	-3.542416e-03	6.088390e-02	-1.297602e-01	1.877805e-03	2.169402e-02	-4.723586e-02	1.509282e-01	-2.175690e-01	4.579560e-02	7.807224e-02	-4.946832e-02	1.013110e-02	3.774288e-02	-7.132337e-02	-8.150109e-01	8.108755e-01	-7.549353e-01	1.000000e+00	-9.610666e-01	
-1.224916e-01	1.319623e-01	1.912674e-01	-1.016848e-01	-7.737368e-02	8.195380e-02	-7.109192e-02	-5.479108e-02	1.470831e-01	-5.256648e-02	4.319772e-02	-3.913437e-02	-1.608587e-01	2.476479e-01	-4.733172e-02	-8.752692e-02	6.978938e-02	-4.118503e-02	-1.256900e-01	1.928160e-01	6.659468e-01	-6.600700e-01	6.077785e-01	-9.610666e-01	1.000000e+00	

Time taken for mcmc chain: 8.483333 minutes
