Number of steps: 12623661
Number of accepted steps: 1000000
Burn-in number of steps: 320000
Accepted fraction of steps: 0.079216
Convergence Status
R[0]= 1.035804	R[1]= 1.036915	R[2]= 1.043558	R[3]= 1.069307	R[4]= 1.112526	R[5]= 1.151389	R[6]= 1.146563	R[7]= 1.069968	R[8]= 1.008876	R[9]= 1.023656	R[10]= 1.040964	R[11]= 1.076022	R[12]= 1.005938	R[13]= 1.000707	R[14]= 1.027519	R[15]= 1.029248	R[16]= 1.032338	R[17]= 1.030181	R[18]= 1.019239	R[19]= 1.006936	R[20]= 1.021131	R[21]= 1.036956	R[22]= 1.059004	R[23]= 1.007319	R[24]= 1.001439	
<R>= 1.043740

Mean parameters
A[0]= 8.545051e-01 pm 1.104416e-01
A[1]= 9.628958e-01 pm 5.972312e-02
A[2]= 5.562428e-01 pm 3.369261e-01
A[3]= 1.567410e+00 pm 7.945218e-01
A[4]= 1.108970e+04 pm 3.520440e+03
A[5]= -6.585219e+03 pm 2.615816e+03
A[6]= 1.480557e+03 pm 8.466893e+02
A[7]= -2.381290e+00 pm 2.074279e+01
A[8]= -6.794878e-02 pm 2.021820e-01
A[9]= 1.409500e+04 pm 9.029800e+03
A[10]= -8.947150e+03 pm 5.186585e+03
A[11]= 1.619890e+03 pm 1.068294e+03
A[12]= -7.148393e+01 pm 5.496774e+01
A[13]= 1.299039e+00 pm 1.004313e+00
A[14]= 4.829903e+00 pm 1.698463e+00
A[15]= 1.200242e+03 pm 6.186851e+03
A[16]= 3.685475e+03 pm 4.855043e+03
A[17]= -2.263480e+03 pm 1.602576e+03
A[18]= 7.734263e+01 pm 3.700872e+01
A[19]= -4.399428e-01 pm 3.051222e-01
A[20]= 1.231392e+04 pm 1.313454e+04
A[21]= -5.563650e+03 pm 7.802321e+03
A[22]= 3.674781e+01 pm 1.811277e+03
A[23]= -1.819837e+01 pm 7.992370e+01
A[24]= -7.303207e-02 pm 1.412857e+00

Best-fitting parameters
A[0]= 8.812376e-01
A[1]= 9.586208e-01
A[2]= 1.204627e-01
A[3]= 2.473701e+00
A[4]= 9.758546e+03
A[5]= -5.347158e+03
A[6]= 1.024772e+03
A[7]= 1.295082e+01
A[8]= -2.150393e-01
A[9]= 1.308957e+04
A[10]= -9.006396e+03
A[11]= 1.961075e+03
A[12]= -6.308026e+01
A[13]= 8.376959e-01
A[14]= 5.987099e+00
A[15]= 1.246707e+03
A[16]= 3.414308e+03
A[17]= -2.145838e+03
A[18]= 7.832139e+01
A[19]= -4.733112e-01
A[20]= 2.496677e+04
A[21]= -1.491952e+04
A[22]= 2.662243e+03
A[23]= -9.345541e+01
A[24]= 6.465410e-01
chi2_min= 1.167218e+02


Cross-Covariance parameters
1.000000e+00	-1.937568e-01	-3.954908e-01	7.787535e-02	2.349963e-01	-1.583440e-01	3.806945e-02	3.989364e-02	-2.661093e-02	1.305909e-01	-1.025642e-01	-1.222723e-02	9.719341e-02	-6.848192e-02	9.134683e-02	3.351295e-01	-2.443978e-01	9.712779e-02	5.532260e-02	-1.104400e-01	2.842138e-01	-2.149241e-01	-2.194185e-02	2.077267e-01	-1.598743e-01	
-1.937568e-01	1.000000e+00	-4.135814e-03	-1.461104e-01	1.395121e-01	-1.241027e-01	8.130311e-02	-1.532843e-02	-2.155799e-02	2.584588e-02	-6.512871e-02	1.484936e-01	-6.300445e-02	1.630930e-02	4.225183e-02	-1.349798e-01	1.644189e-01	-1.796242e-01	1.793349e-01	-1.231280e-01	-1.335415e-01	9.715637e-02	2.207896e-02	-7.795848e-02	4.118964e-02	
-3.954908e-01	-4.135814e-03	1.000000e+00	-2.877706e-01	-8.468840e-02	4.545246e-02	1.403224e-02	-8.009759e-02	8.151908e-02	-1.713172e-01	2.330260e-01	-3.200431e-01	8.514443e-02	7.096375e-03	-5.343159e-01	-1.905548e-02	-5.011174e-02	1.308601e-01	-2.114595e-01	1.899999e-01	-2.689436e-01	3.710165e-01	-4.740241e-01	1.071420e-01	5.518795e-02	
7.787535e-02	-1.461104e-01	-2.877706e-01	1.000000e+00	-5.599665e-01	7.781008e-01	-9.027081e-01	7.036899e-01	-2.454673e-01	-1.573325e-01	2.136789e-01	-3.005167e-01	1.077961e-01	-4.648042e-02	3.128036e-01	-1.403679e-01	1.818407e-01	-2.097429e-01	1.950353e-01	-1.048571e-01	4.447388e-02	-4.974876e-02	4.742442e-02	-2.603981e-03	-1.384162e-02	
2.349963e-01	1.395121e-01	-8.468840e-02	-5.599665e-01	1.000000e+00	-9.390412e-01	7.809999e-01	-8.245364e-01	6.109609e-01	1.507147e-01	-2.027161e-01	2.647659e-01	-7.099888e-02	9.617361e-02	-8.437452e-02	1.894099e-01	-1.776759e-01	1.386469e-01	-7.211786e-02	3.486770e-03	9.394549e-02	-9.487473e-02	6.393381e-02	2.055258e-02	-2.809775e-02	
-1.583440e-01	-1.241027e-01	4.545246e-02	7.781008e-01	-9.390412e-01	1.000000e+00	-9.466928e-01	9.008103e-01	-5.614453e-01	-1.859325e-01	2.592412e-01	-3.618696e-01	1.049232e-01	-8.668238e-02	1.351226e-01	-2.011963e-01	2.092741e-01	-1.902035e-01	1.274037e-01	-3.439040e-02	-8.803963e-02	1.040386e-01	-1.031911e-01	8.493935e-03	1.642806e-02	
3.806945e-02	8.130311e-02	1.403224e-02	-9.027081e-01	7.809999e-01	-9.466928e-01	1.000000e+00	-8.779317e-01	4.550285e-01	2.007527e-01	-2.865495e-01	4.183267e-01	-1.377809e-01	8.075257e-02	-1.749949e-01	1.819406e-01	-2.122412e-01	2.202803e-01	-1.742186e-01	6.871532e-02	6.542786e-02	-9.561075e-02	1.292558e-01	-4.121734e-02	1.682077e-03	
3.989364e-02	-1.532843e-02	-8.009759e-02	7.036899e-01	-8.245364e-01	9.008103e-01	-8.779317e-01	1.000000e+00	-8.089062e-01	-7.274811e-02	1.427623e-01	-2.610551e-01	9.277000e-02	-1.457912e-01	1.741316e-01	-1.279307e-01	1.642218e-01	-1.863048e-01	1.669852e-01	-8.307072e-02	-2.432898e-02	4.648098e-02	-7.786879e-02	3.533184e-02	-1.192061e-02	
-2.661093e-02	-2.155799e-02	8.151908e-02	-2.454673e-01	6.109609e-01	-5.614453e-01	4.550285e-01	-8.089062e-01	1.000000e+00	-8.768159e-02	5.935921e-02	-1.951054e-03	2.011562e-03	1.837185e-01	-9.501078e-02	4.672574e-02	-6.441544e-02	7.712164e-02	-7.915861e-02	5.052637e-02	-7.700952e-03	8.648050e-03	-1.066548e-02	-9.421326e-04	9.879792e-03	
1.305909e-01	2.584588e-02	-1.713172e-01	-1.573325e-01	1.507147e-01	-1.859325e-01	2.007527e-01	-7.274811e-02	-8.768159e-02	1.000000e+00	-9.832888e-01	8.776477e-01	-8.740013e-01	7.524776e-01	5.694339e-02	6.176489e-02	-5.133788e-02	3.103243e-02	-4.861961e-03	-1.024098e-02	8.207791e-02	-9.922552e-02	1.067640e-01	-1.700322e-02	-1.581511e-02	
-1.025642e-01	-6.512871e-02	2.330260e-01	2.136789e-01	-2.027161e-01	2.592412e-01	-2.865495e-01	1.427623e-01	5.935921e-02	-9.832888e-01	1.000000e+00	-9.474591e-01	9.041245e-01	-7.700914e-01	-8.477066e-02	-5.605930e-02	4.926850e-02	-3.328512e-02	5.448750e-03	1.526971e-02	-9.479554e-02	1.323772e-01	-1.748828e-01	5.142539e-02	8.181462e-03	
-1.222723e-02	1.484936e-01	-3.200431e-01	-3.005167e-01	2.647659e-01	-3.618696e-01	4.183267e-01	-2.610551e-01	-1.951054e-03	8.776477e-01	-9.474591e-01	1.000000e+00	-8.773763e-01	7.227818e-01	1.312576e-01	2.170430e-02	-2.732794e-02	2.896864e-02	-8.067765e-03	-1.916726e-02	9.771255e-02	-1.776325e-01	3.006903e-01	-1.278970e-01	1.575840e-02	
9.719341e-02	-6.300445e-02	8.514443e-02	1.077961e-01	-7.099888e-02	1.049232e-01	-1.377809e-01	9.277000e-02	2.011562e-03	-8.740013e-01	9.041245e-01	-8.773763e-01	1.000000e+00	-9.425715e-01	-4.569393e-02	2.789513e-02	-1.699660e-02	1.664997e-03	1.207596e-02	-1.396172e-02	-7.968595e-03	4.454984e-02	-1.144337e-01	6.867175e-02	-2.216241e-02	
-6.848192e-02	1.630930e-02	7.096375e-03	-4.648042e-02	9.617361e-02	-8.668238e-02	8.075257e-02	-1.457912e-01	1.837185e-01	7.524776e-01	-7.700914e-01	7.227818e-01	-9.425715e-01	1.000000e+00	3.315179e-03	-2.223131e-02	1.509507e-02	-4.269621e-03	-1.415651e-02	2.470125e-02	-1.435412e-02	5.375037e-03	1.825044e-02	-2.371244e-02	1.580176e-02	
9.134683e-02	4.225183e-02	-5.343159e-01	3.128036e-01	-8.437452e-02	1.351226e-01	-1.749949e-01	1.741316e-01	-9.501078e-02	5.694339e-02	-8.477066e-02	1.312576e-01	-4.569393e-02	3.315179e-03	1.000000e+00	-5.677910e-01	7.445189e-01	-8.501541e-01	7.382201e-01	-3.561943e-01	-4.438034e-02	4.464937e-02	-2.460589e-02	3.132777e-03	-1.530036e-02	
3.351295e-01	-1.349798e-01	-1.905548e-02	-1.403679e-01	1.894099e-01	-2.011963e-01	1.819406e-01	-1.279307e-01	4.672574e-02	6.176489e-02	-5.605930e-02	2.170430e-02	2.789513e-02	-2.223131e-02	-5.677910e-01	1.000000e+00	-9.497832e-01	8.210454e-01	-8.166271e-01	6.054816e-01	2.549639e-01	-2.788789e-01	2.326093e-01	-5.853983e-03	-4.458495e-03	
-2.443978e-01	1.644189e-01	-5.011174e-02	1.818407e-01	-1.776759e-01	2.092741e-01	-2.122412e-01	1.642218e-01	-6.441544e-02	-5.133788e-02	4.926850e-02	-2.732794e-02	-1.699660e-02	1.509507e-02	7.445189e-01	-9.497832e-01	1.000000e+00	-9.569392e-01	8.926996e-01	-5.721792e-01	-2.616498e-01	3.083639e-01	-3.013244e-01	4.105179e-02	3.284109e-03	
9.712779e-02	-1.796242e-01	1.308601e-01	-2.097429e-01	1.386469e-01	-1.902035e-01	2.202803e-01	-1.863048e-01	7.712164e-02	3.103243e-02	-3.328512e-02	2.896864e-02	1.664997e-03	-4.269621e-03	-8.501541e-01	8.210454e-01	-9.569392e-01	1.000000e+00	-8.987424e-01	5.095257e-01	2.335767e-01	-2.994998e-01	3.385096e-01	-8.173599e-02	9.652569e-03	
5.532260e-02	1.793349e-01	-2.114595e-01	1.950353e-01	-7.211786e-02	1.274037e-01	-1.742186e-01	1.669852e-01	-7.915861e-02	-4.861961e-03	5.448750e-03	-8.067765e-03	1.207596e-02	-1.415651e-02	7.382201e-01	-8.166271e-01	8.926996e-01	-8.987424e-01	1.000000e+00	-8.220497e-01	-1.338404e-01	1.920335e-01	-2.482605e-01	1.038547e-01	-8.800893e-02	
-1.104400e-01	-1.231280e-01	1.899999e-01	-1.048571e-01	3.486770e-03	-3.439040e-02	6.871532e-02	-8.307072e-02	5.052637e-02	-1.024098e-02	1.526971e-02	-1.916726e-02	-1.396172e-02	2.470125e-02	-3.561943e-01	6.054816e-01	-5.721792e-01	5.095257e-01	-8.220497e-01	1.000000e+00	2.881353e-03	-2.538017e-02	5.775243e-02	-7.624868e-02	1.567415e-01	
2.842138e-01	-1.335415e-01	-2.689436e-01	4.447388e-02	9.394549e-02	-8.803963e-02	6.542786e-02	-2.432898e-02	-7.700952e-03	8.207791e-02	-9.479554e-02	9.771255e-02	-7.968595e-03	-1.435412e-02	-4.438034e-02	2.549639e-01	-2.616498e-01	2.335767e-01	-1.338404e-01	2.881353e-03	1.000000e+00	-9.699239e-01	7.751965e-01	-7.721468e-01	6.862947e-01	
-2.149241e-01	9.715637e-02	3.710165e-01	-4.974876e-02	-9.487473e-02	1.040386e-01	-9.561075e-02	4.648098e-02	8.648050e-03	-9.922552e-02	1.323772e-01	-1.776325e-01	4.454984e-02	5.375037e-03	4.464937e-02	-2.788789e-01	3.083639e-01	-2.994998e-01	1.920335e-01	-2.538017e-02	-9.699239e-01	1.000000e+00	-9.016988e-01	8.194945e-01	-6.836259e-01	
-2.194185e-02	2.207896e-02	-4.740241e-01	4.742442e-02	6.393381e-02	-1.031911e-01	1.292558e-01	-7.786879e-02	-1.066548e-02	1.067640e-01	-1.748828e-01	3.006903e-01	-1.144337e-01	1.825044e-02	-2.460589e-02	2.326093e-01	-3.013244e-01	3.385096e-01	-2.482605e-01	5.775243e-02	7.751965e-01	-9.016988e-01	1.000000e+00	-8.044526e-01	5.911470e-01	
2.077267e-01	-7.795848e-02	1.071420e-01	-2.603981e-03	2.055258e-02	8.493935e-03	-4.121734e-02	3.533184e-02	-9.421326e-04	-1.700322e-02	5.142539e-02	-1.278970e-01	6.867175e-02	-2.371244e-02	3.132777e-03	-5.853983e-03	4.105179e-02	-8.173599e-02	1.038547e-01	-7.624868e-02	-7.721468e-01	8.194945e-01	-8.044526e-01	1.000000e+00	-9.370962e-01	
-1.598743e-01	4.118964e-02	5.518795e-02	-1.384162e-02	-2.809775e-02	1.642806e-02	1.682077e-03	-1.192061e-02	9.879792e-03	-1.581511e-02	8.181462e-03	1.575840e-02	-2.216241e-02	1.580176e-02	-1.530036e-02	-4.458495e-03	3.284109e-03	9.652569e-03	-8.800893e-02	1.567415e-01	6.862947e-01	-6.836259e-01	5.911470e-01	-9.370962e-01	1.000000e+00	

Time taken for mcmc chain: 1.840833 hours
