Number of steps: 3642960
Number of accepted steps: 1000000
Burn-in number of steps: 320000
Accepted fraction of steps: 0.274502
Convergence Status
R[0]= 1.000665	R[1]= 1.001396	R[2]= 1.031405	R[3]= 1.043180	R[4]= 1.005355	R[5]= 1.007736	R[6]= 1.009661	R[7]= 1.004747	R[8]= 1.005776	R[9]= 1.001315	R[10]= 1.001724	R[11]= 1.002387	R[12]= 1.003512	R[13]= 1.002896	R[14]= 1.016702	R[15]= 1.007891	R[16]= 1.011592	R[17]= 1.015064	R[18]= 1.002428	R[19]= 1.001976	R[20]= 1.000914	R[21]= 1.000985	R[22]= 1.000985	R[23]= 1.003904	R[24]= 1.004137	
<R>= 1.007533

Mean parameters
A[0]= 9.817519e-01 pm 3.882883e-02
A[1]= 1.096940e+00 pm 3.257833e-02
A[2]= 6.170907e-01 pm 4.360261e-01
A[3]= 2.763850e+00 pm 9.559673e-01
A[4]= 5.073792e+03 pm 2.570587e+03
A[5]= -4.476634e+03 pm 1.441426e+03
A[6]= 1.607863e+03 pm 2.680661e+02
A[7]= -1.626111e+01 pm 1.327288e+01
A[8]= -1.167995e-01 pm 1.836000e-01
A[9]= -1.624540e+03 pm 6.865882e+03
A[10]= -2.627864e+02 pm 3.816253e+03
A[11]= 1.000021e+02 pm 6.853785e+02
A[12]= 2.128540e+01 pm 4.575819e+01
A[13]= -6.431598e-01 pm 8.582136e-01
A[14]= 3.375174e+00 pm 1.208934e+00
A[15]= 1.133063e+03 pm 3.496645e+03
A[16]= -1.845657e+03 pm 1.965583e+03
A[17]= 1.082094e+03 pm 3.680551e+02
A[18]= -5.516838e+00 pm 1.961532e+01
A[19]= -1.783403e-01 pm 2.564044e-01
A[20]= 3.180697e+03 pm 9.627695e+03
A[21]= -2.780109e+03 pm 5.358277e+03
A[22]= 3.892193e+02 pm 9.624829e+02
A[23]= 1.258428e+01 pm 6.415747e+01
A[24]= -8.844041e-01 pm 1.201289e+00

Best-fitting parameters
A[0]= 9.929570e-01
A[1]= 1.073445e+00
A[2]= 3.151883e-01
A[3]= 3.665972e+00
A[4]= 3.821681e+03
A[5]= -3.762103e+03
A[6]= 1.489447e+03
A[7]= -1.733278e+01
A[8]= -9.268789e-02
A[9]= 2.240333e+03
A[10]= -2.668484e+03
A[11]= 5.686370e+02
A[12]= 5.004674e+00
A[13]= -4.220649e-01
A[14]= 4.562860e+00
A[15]= -4.731744e+02
A[16]= -8.790930e+02
A[17]= 8.852176e+02
A[18]= -2.115726e+00
A[19]= -2.416297e-01
A[20]= 4.679013e+03
A[21]= -3.476969e+03
A[22]= 5.010674e+02
A[23]= 2.454676e+01
A[24]= -1.124534e+00
chi2_min= 1.180319e+02


Cross-Covariance parameters
1.000000e+00	-4.910295e-01	-1.709738e-01	3.978278e-02	3.652479e-02	-4.416470e-02	4.445738e-02	6.948192e-02	-5.657091e-02	-2.197435e-03	9.181633e-03	-2.766132e-02	6.103998e-02	-4.863409e-02	1.003138e-01	7.677234e-03	-4.779354e-03	-2.990661e-03	2.733920e-02	-1.956492e-02	-3.506380e-02	4.549401e-02	-6.696423e-02	8.455874e-02	-7.428274e-02	
-4.910295e-01	1.000000e+00	1.917063e-01	-2.209703e-01	-2.510885e-02	2.612025e-02	-3.642815e-02	1.121551e-01	-1.089057e-01	4.846746e-02	-5.568979e-02	6.689798e-02	-6.813893e-02	2.565323e-02	-1.765702e-01	-5.242684e-02	6.166993e-02	-7.680049e-02	8.894152e-02	-8.476790e-02	1.959640e-02	-2.948807e-02	4.726766e-02	-6.767657e-02	4.832658e-02	
-1.709738e-01	1.917063e-01	1.000000e+00	-6.198371e-01	-1.571994e-02	2.381438e-02	-2.386989e-02	-3.699549e-02	2.394187e-02	-1.118689e-01	1.533419e-01	-1.980646e-01	-2.937278e-01	2.715580e-01	-5.453007e-01	-3.969900e-02	5.325123e-02	-6.157313e-02	-5.905390e-02	4.405752e-02	-1.080644e-01	1.422422e-01	-1.777646e-01	-2.725479e-01	2.584377e-01	
3.978278e-02	-2.209703e-01	-6.198371e-01	1.000000e+00	-3.593468e-01	4.257870e-01	-4.749467e-01	-2.888105e-01	2.920975e-01	5.985568e-02	-7.708709e-02	1.016169e-01	7.249458e-02	-1.715752e-02	3.383682e-01	2.752487e-02	-4.216460e-02	5.554762e-02	3.920098e-02	-2.825118e-02	7.649135e-02	-9.761340e-02	1.196535e-01	1.681624e-01	-1.593088e-01	
3.652479e-02	-2.510885e-02	-1.571994e-02	-3.593468e-01	1.000000e+00	-9.860482e-01	9.399878e-01	-4.595368e-01	3.674020e-01	-8.021237e-02	6.728406e-02	-5.252432e-02	1.434591e-01	-6.399227e-02	2.483768e-02	1.290544e-02	-9.685721e-03	5.530757e-03	-1.082387e-02	1.090341e-02	-6.987553e-03	5.315862e-03	-3.775790e-03	1.055558e-02	-8.945685e-03	
-4.416470e-02	2.612025e-02	2.381438e-02	4.257870e-01	-9.860482e-01	1.000000e+00	-9.822568e-01	4.149708e-01	-3.362694e-01	8.809687e-02	-7.310736e-02	5.585625e-02	-1.684204e-01	8.980351e-02	-3.119482e-02	-1.556525e-02	1.231662e-02	-7.902777e-03	1.238221e-02	-1.201704e-02	7.423696e-03	-5.472374e-03	3.648207e-03	-1.506305e-02	1.290692e-02	
4.445738e-02	-3.642815e-02	-2.386989e-02	-4.749467e-01	9.399878e-01	-9.822568e-01	1.000000e+00	-3.907927e-01	3.372151e-01	-9.460330e-02	7.785854e-02	-5.760432e-02	1.781557e-01	-9.264975e-02	3.378418e-02	1.727863e-02	-1.424404e-02	1.014366e-02	-1.528577e-02	1.438652e-02	-7.791848e-03	5.940247e-03	-4.264376e-03	1.644244e-02	-1.382647e-02	
6.948192e-02	1.121551e-01	-3.699549e-02	-2.888105e-01	-4.595368e-01	4.149708e-01	-3.907927e-01	1.000000e+00	-9.699387e-01	1.648550e-01	-1.638851e-01	1.480111e-01	8.550080e-03	-1.952077e-01	4.762960e-03	-4.987518e-03	5.217805e-03	-8.300630e-03	2.702572e-02	-2.738096e-02	2.766398e-03	-3.983835e-03	5.372092e-03	1.701191e-02	-1.731273e-02	
-5.657091e-02	-1.089057e-01	2.394187e-02	2.920975e-01	3.674020e-01	-3.362694e-01	3.372151e-01	-9.699387e-01	1.000000e+00	-1.734350e-01	1.728997e-01	-1.560929e-01	6.465483e-04	2.048113e-01	1.798145e-03	3.465462e-03	-3.777859e-03	6.783485e-03	-2.312014e-02	2.387312e-02	-1.245926e-03	2.104554e-03	-3.172764e-03	-1.291428e-02	1.337072e-02	
-2.197435e-03	4.846746e-02	-1.118689e-01	5.985568e-02	-8.021237e-02	8.809687e-02	-9.460330e-02	1.648550e-01	-1.734350e-01	1.000000e+00	-9.914537e-01	9.594907e-01	-7.981011e-01	6.941623e-01	4.329330e-02	1.037627e-02	-1.133244e-02	1.031948e-02	2.602336e-02	-2.496695e-02	9.630755e-03	-1.489554e-02	2.075495e-02	3.779203e-02	-3.709839e-02	
9.181633e-03	-5.568979e-02	1.533419e-01	-7.708709e-02	6.728406e-02	-7.310736e-02	7.785854e-02	-1.638851e-01	1.728997e-01	-9.914537e-01	1.000000e+00	-9.874141e-01	8.134378e-01	-7.179745e-01	-6.644967e-02	-1.211282e-02	1.357800e-02	-1.275229e-02	-2.972475e-02	2.799647e-02	-1.541360e-02	2.261482e-02	-3.065418e-02	-4.923962e-02	4.809421e-02	
-2.766132e-02	6.689798e-02	-1.980646e-01	1.016169e-01	-5.252432e-02	5.585625e-02	-5.760432e-02	1.480111e-01	-1.560929e-01	9.594907e-01	-9.874141e-01	1.000000e+00	-8.214840e-01	7.439805e-01	9.179880e-02	1.361131e-02	-1.579612e-02	1.545936e-02	3.300360e-02	-3.045414e-02	2.265230e-02	-3.210782e-02	4.277488e-02	6.076344e-02	-5.923414e-02	
6.103998e-02	-6.813893e-02	-2.937278e-01	7.249458e-02	1.434591e-01	-1.684204e-01	1.781557e-01	8.550080e-03	6.465483e-04	-7.981011e-01	8.134378e-01	-8.214840e-01	1.000000e+00	-9.609024e-01	1.717860e-01	1.106142e-02	-1.631813e-02	1.989173e-02	1.237605e-02	-7.742891e-03	3.272280e-02	-4.268659e-02	5.323646e-02	8.279005e-02	-7.818639e-02	
-4.863409e-02	2.565323e-02	2.715580e-01	-1.715752e-02	-6.399227e-02	8.980351e-02	-9.264975e-02	-1.952077e-01	2.048113e-01	6.941623e-01	-7.179745e-01	7.439805e-01	-9.609024e-01	1.000000e+00	-1.543762e-01	-8.703988e-03	1.332903e-02	-1.583434e-02	-1.690431e-02	1.324298e-02	-2.984366e-02	3.914717e-02	-4.922545e-02	-7.831269e-02	7.488308e-02	
1.003138e-01	-1.765702e-01	-5.453007e-01	3.383682e-01	2.483768e-02	-3.119482e-02	3.378418e-02	4.762960e-03	1.798145e-03	4.329330e-02	-6.644967e-02	9.179880e-02	1.717860e-01	-1.543762e-01	1.000000e+00	-3.413577e-01	4.130074e-01	-4.651950e-01	-3.170881e-01	3.159927e-01	7.846525e-03	-2.090308e-02	3.940098e-02	5.358980e-02	-2.668389e-02	
7.677234e-03	-5.242684e-02	-3.969900e-02	2.752487e-02	1.290544e-02	-1.556525e-02	1.727863e-02	-4.987518e-03	3.465462e-03	1.037627e-02	-1.211282e-02	1.361131e-02	1.106142e-02	-8.703988e-03	-3.413577e-01	1.000000e+00	-9.853012e-01	9.361638e-01	-4.804552e-01	4.119698e-01	7.991552e-02	-8.682721e-02	9.278167e-02	1.396368e-02	2.501781e-02	
-4.779354e-03	6.166993e-02	5.325123e-02	-4.216460e-02	-9.685721e-03	1.231662e-02	-1.424404e-02	5.217805e-03	-3.777859e-03	-1.133244e-02	1.357800e-02	-1.579612e-02	-1.631813e-02	1.332903e-02	4.130074e-01	-9.853012e-01	1.000000e+00	-9.810128e-01	4.353128e-01	-3.786261e-01	-8.206261e-02	9.067280e-02	-9.808324e-02	-3.613017e-02	-2.501685e-03	
-2.990661e-03	-7.680049e-02	-6.157313e-02	5.554762e-02	5.530757e-03	-7.902777e-03	1.014366e-02	-8.300630e-03	6.783485e-03	1.031948e-02	-1.275229e-02	1.545936e-02	1.989173e-02	-1.583434e-02	-4.651950e-01	9.361638e-01	-9.810128e-01	1.000000e+00	-4.069144e-01	3.723880e-01	7.790660e-02	-8.851209e-02	9.853836e-02	5.112590e-02	-8.580296e-03	
2.733920e-02	8.894152e-02	-5.905390e-02	3.920098e-02	-1.082387e-02	1.238221e-02	-1.528577e-02	2.702572e-02	-2.312014e-02	2.602336e-02	-2.972475e-02	3.300360e-02	1.237605e-02	-1.690431e-02	-3.170881e-01	-4.804552e-01	4.353128e-01	-4.069144e-01	1.000000e+00	-9.777147e-01	1.015409e-02	-1.185504e-02	5.887220e-03	1.512900e-01	-2.331412e-01	
-1.956492e-02	-8.476790e-02	4.405752e-02	-2.825118e-02	1.090341e-02	-1.201704e-02	1.438652e-02	-2.738096e-02	2.387312e-02	-2.496695e-02	2.799647e-02	-3.045414e-02	-7.742891e-03	1.324298e-02	3.159927e-01	4.119698e-01	-3.786261e-01	3.723880e-01	-9.777147e-01	1.000000e+00	-2.069922e-02	2.107318e-02	-1.208470e-02	-1.417618e-01	2.354196e-01	
-3.506380e-02	1.959640e-02	-1.080644e-01	7.649135e-02	-6.987553e-03	7.423696e-03	-7.791848e-03	2.766398e-03	-1.245926e-03	9.630755e-03	-1.541360e-02	2.265230e-02	3.272280e-02	-2.984366e-02	7.846525e-03	7.991552e-02	-8.206261e-02	7.790660e-02	1.015409e-02	-2.069922e-02	1.000000e+00	-9.922392e-01	9.630476e-01	-8.119074e-01	7.439668e-01	
4.549401e-02	-2.948807e-02	1.422422e-01	-9.761340e-02	5.315862e-03	-5.472374e-03	5.940247e-03	-3.983835e-03	2.104554e-03	-1.489554e-02	2.261482e-02	-3.210782e-02	-4.268659e-02	3.914717e-02	-2.090308e-02	-8.682721e-02	9.067280e-02	-8.851209e-02	-1.185504e-02	2.107318e-02	-9.922392e-01	1.000000e+00	-9.884424e-01	8.296852e-01	-7.686696e-01	
-6.696423e-02	4.726766e-02	-1.777646e-01	1.196535e-01	-3.775790e-03	3.648207e-03	-4.264376e-03	5.372092e-03	-3.172764e-03	2.075495e-02	-3.065418e-02	4.277488e-02	5.323646e-02	-4.922545e-02	3.940098e-02	9.278167e-02	-9.808324e-02	9.853836e-02	5.887220e-03	-1.208470e-02	9.630476e-01	-9.884424e-01	1.000000e+00	-8.418323e-01	7.949603e-01	
8.455874e-02	-6.767657e-02	-2.725479e-01	1.681624e-01	1.055558e-02	-1.506305e-02	1.644244e-02	1.701191e-02	-1.291428e-02	3.779203e-02	-4.923962e-02	6.076344e-02	8.279005e-02	-7.831269e-02	5.358980e-02	1.396368e-02	-3.613017e-02	5.112590e-02	1.512900e-01	-1.417618e-01	-8.119074e-01	8.296852e-01	-8.418323e-01	1.000000e+00	-9.788409e-01	
-7.428274e-02	4.832658e-02	2.584377e-01	-1.593088e-01	-8.945685e-03	1.290692e-02	-1.382647e-02	-1.731273e-02	1.337072e-02	-3.709839e-02	4.809421e-02	-5.923414e-02	-7.818639e-02	7.488308e-02	-2.668389e-02	2.501781e-02	-2.501685e-03	-8.580296e-03	-2.331412e-01	2.354196e-01	7.439668e-01	-7.686696e-01	7.949603e-01	-9.788409e-01	1.000000e+00	

Time taken for mcmc chain: 20.133333 minutes
