Number of steps: 8364924
Number of accepted steps: 1000000
Burn-in number of steps: 320000
Accepted fraction of steps: 0.119547
Convergence Status
R[0]= 1.028485	R[1]= 1.018933	R[2]= 1.075340	R[3]= 1.047454	R[4]= 1.006568	R[5]= 1.008664	R[6]= 1.010162	R[7]= 1.008739	R[8]= 1.011192	R[9]= 1.004538	R[10]= 1.008275	R[11]= 1.013997	R[12]= 1.015072	R[13]= 1.010907	R[14]= 1.037690	R[15]= 1.017310	R[16]= 1.021942	R[17]= 1.024362	R[18]= 1.011968	R[19]= 1.010762	R[20]= 1.007665	R[21]= 1.013111	R[22]= 1.020166	R[23]= 1.030314	R[24]= 1.027780	
<R>= 1.019656

Mean parameters
A[0]= 1.094492e+00 pm 6.515009e-02
A[1]= 1.229020e+00 pm 1.021320e-01
A[2]= 6.200362e-01 pm 5.828446e-01
A[3]= 4.051272e+00 pm 1.465672e+00
A[4]= 3.866848e+02 pm 3.064536e+03
A[5]= -1.592890e+03 pm 1.815586e+03
A[6]= 1.018846e+03 pm 3.528926e+02
A[7]= -1.804458e+01 pm 1.342445e+01
A[8]= -6.732208e-02 pm 1.906384e-01
A[9]= -5.518764e+03 pm 6.765771e+03
A[10]= 1.965168e+03 pm 3.825159e+03
A[11]= -3.202618e+02 pm 7.033495e+02
A[12]= 3.041616e+01 pm 4.391851e+01
A[13]= -7.461747e-01 pm 8.060527e-01
A[14]= 5.434847e+00 pm 1.911963e+00
A[15]= -4.834539e+03 pm 4.200064e+03
A[16]= 1.790354e+03 pm 2.527970e+03
A[17]= 3.522886e+02 pm 4.970524e+02
A[18]= -1.921811e+01 pm 2.087983e+01
A[19]= 3.076071e-02 pm 2.768394e-01
A[20]= 3.060573e+03 pm 9.356632e+03
A[21]= -2.572966e+03 pm 5.302788e+03
A[22]= 3.328236e+02 pm 9.740243e+02
A[23]= -1.253898e+01 pm 6.367042e+01
A[24]= -3.678306e-01 pm 1.183678e+00

Best-fitting parameters
A[0]= 1.089339e+00
A[1]= 1.244426e+00
A[2]= 5.138691e-01
A[3]= 4.309715e+00
A[4]= -1.405671e+03
A[5]= -5.696564e+02
A[6]= 8.308195e+02
A[7]= -1.483006e+01
A[8]= -1.175460e-01
A[9]= -5.801652e+03
A[10]= 1.816605e+03
A[11]= -2.261909e+02
A[12]= 1.571614e+01
A[13]= -4.083384e-01
A[14]= 6.371978e+00
A[15]= -7.571242e+03
A[16]= 3.644057e+03
A[17]= -4.035976e+01
A[18]= -1.701963e+01
A[19]= 2.917727e-02
A[20]= 1.313915e+03
A[21]= -1.556160e+03
A[22]= 1.558576e+02
A[23]= -6.959485e+00
A[24]= -4.706826e-01
chi2_min= 1.101080e+02


Cross-Covariance parameters
1.000000e+00	1.225218e-01	-2.236017e-02	4.950490e-02	-2.277602e-02	4.800460e-02	-7.684178e-02	-8.207311e-02	1.300842e-01	-2.307992e-02	4.223741e-02	-7.319200e-02	-4.603261e-02	1.117018e-01	4.246424e-02	-2.013326e-02	3.800275e-02	-6.050109e-02	-4.077369e-02	7.973058e-02	-9.243414e-03	2.481064e-02	-5.318549e-02	-2.297957e-02	6.024345e-02	
1.225218e-01	1.000000e+00	-4.503091e-01	2.306756e-01	-2.279014e-01	2.768694e-01	-3.267328e-01	-1.833991e-01	2.663347e-01	9.333767e-02	-1.170040e-01	1.470918e-01	5.723263e-02	4.667002e-03	3.449591e-01	-2.944183e-01	3.441378e-01	-3.877096e-01	-2.387061e-01	2.884849e-01	5.821264e-03	-1.909219e-02	4.035730e-02	5.651064e-02	-2.608535e-02	
-2.236017e-02	-4.503091e-01	1.000000e+00	-6.925307e-01	1.501422e-01	-1.768573e-01	2.038553e-01	1.837253e-01	-2.324117e-01	-2.461103e-01	3.106984e-01	-3.788216e-01	-3.253296e-01	2.490803e-01	-6.495874e-01	7.627207e-02	-1.001832e-01	1.253433e-01	1.146789e-01	-1.546113e-01	-2.115493e-01	2.664465e-01	-3.235916e-01	-3.604572e-01	3.170417e-01	
4.950490e-02	2.306756e-01	-6.925307e-01	1.000000e+00	-5.157905e-01	5.721218e-01	-6.083048e-01	-4.081050e-01	4.324772e-01	1.576996e-01	-2.065520e-01	2.641730e-01	1.791467e-01	-8.697023e-02	5.483336e-01	-2.268861e-02	3.672626e-02	-5.239837e-02	-7.362024e-02	9.876587e-02	1.855201e-01	-2.322326e-01	2.801822e-01	3.071216e-01	-2.761302e-01	
-2.277602e-02	-2.279014e-01	1.501422e-01	-5.157905e-01	1.000000e+00	-9.881738e-01	9.540754e-01	-1.737214e-01	8.231368e-02	-3.914983e-02	3.690606e-02	-3.879320e-02	1.277724e-01	-9.669885e-02	-1.428570e-01	9.747872e-02	-1.108890e-01	1.215800e-01	6.878184e-02	-8.188058e-02	2.489397e-04	2.643256e-03	-7.684997e-03	-4.025246e-02	3.213074e-02	
4.800460e-02	2.768694e-01	-1.768573e-01	5.721218e-01	-9.881738e-01	1.000000e+00	-9.879210e-01	1.015318e-01	-1.905416e-02	4.638820e-02	-4.431216e-02	4.650213e-02	-1.402401e-01	1.190770e-01	1.646977e-01	-1.091186e-01	1.254747e-01	-1.389474e-01	-8.193054e-02	9.801348e-02	3.434647e-03	-7.275766e-03	1.336885e-02	4.365531e-02	-3.327316e-02	
-7.684178e-02	-3.267328e-01	2.038553e-01	-6.083048e-01	9.540754e-01	-9.879210e-01	1.000000e+00	-5.566362e-02	-1.282485e-02	-5.742090e-02	5.575287e-02	-5.771683e-02	1.441412e-01	-1.257317e-01	-1.846749e-01	1.198479e-01	-1.390625e-01	1.554393e-01	9.235371e-02	-1.118161e-01	-7.180689e-03	1.211932e-02	-1.934600e-02	-4.813537e-02	3.541977e-02	
-8.207311e-02	-1.833991e-01	1.837253e-01	-4.081050e-01	-1.737214e-01	1.015318e-01	-5.566362e-02	1.000000e+00	-9.695316e-01	1.478154e-01	-1.361267e-01	1.079759e-01	-7.192564e-02	-1.329353e-01	-1.665751e-01	3.822211e-02	-5.115784e-02	6.133757e-02	9.503031e-02	-1.049458e-01	-4.251008e-02	5.178786e-02	-6.133180e-02	-3.736996e-02	2.299290e-02	
1.300842e-01	2.663347e-01	-2.324117e-01	4.324772e-01	8.231368e-02	-1.905416e-02	-1.282485e-02	-9.695316e-01	1.000000e+00	-1.454135e-01	1.319214e-01	-1.010496e-01	9.433925e-02	1.312576e-01	2.062029e-01	-6.367620e-02	8.108667e-02	-9.558455e-02	-1.129386e-01	1.296185e-01	4.390595e-02	-5.432576e-02	6.519395e-02	5.141729e-02	-3.238264e-02	
-2.307992e-02	9.333767e-02	-2.461103e-01	1.576996e-01	-3.914983e-02	4.638820e-02	-5.742090e-02	1.478154e-01	-1.454135e-01	1.000000e+00	-9.896976e-01	9.529712e-01	-6.558519e-01	5.785748e-01	1.843882e-01	-9.698075e-03	1.423718e-02	-2.093098e-02	-4.341918e-04	9.973067e-03	7.693079e-02	-9.687382e-02	1.181214e-01	1.050334e-01	-9.654355e-02	
4.223741e-02	-1.170040e-01	3.106984e-01	-2.065520e-01	3.690606e-02	-4.431216e-02	5.575287e-02	-1.361267e-01	1.319214e-01	-9.896976e-01	1.000000e+00	-9.859387e-01	6.349455e-01	-5.701193e-01	-2.321523e-01	1.025652e-02	-1.530088e-02	2.281389e-02	2.377071e-03	-1.401070e-02	-9.567326e-02	1.207079e-01	-1.475452e-01	-1.372501e-01	1.269663e-01	
-7.319200e-02	1.470918e-01	-3.788216e-01	2.641730e-01	-3.879320e-02	4.650213e-02	-5.771683e-02	1.079759e-01	-1.010496e-01	9.529712e-01	-9.859387e-01	1.000000e+00	-6.000821e-01	5.565789e-01	2.836514e-01	-1.256357e-02	1.830234e-02	-2.668212e-02	-6.581636e-03	2.004553e-02	1.142111e-01	-1.448331e-01	1.780514e-01	1.716203e-01	-1.597811e-01	
-4.603261e-02	5.723263e-02	-3.253296e-01	1.791467e-01	1.277724e-01	-1.402401e-01	1.441412e-01	-7.192564e-02	9.433925e-02	-6.558519e-01	6.349455e-01	-6.000821e-01	1.000000e+00	-9.554436e-01	2.351128e-01	1.961147e-02	-1.843808e-02	1.570265e-02	-1.449830e-02	2.194327e-02	8.986642e-02	-1.139482e-01	1.388139e-01	1.630142e-01	-1.507985e-01	
1.117018e-01	4.667002e-03	2.490803e-01	-8.697023e-02	-9.669885e-02	1.190770e-01	-1.257317e-01	-1.329353e-01	1.312576e-01	5.785748e-01	-5.701193e-01	5.565789e-01	-9.554436e-01	1.000000e+00	-1.773724e-01	-2.908268e-02	3.182838e-02	-3.287950e-02	-8.629956e-03	6.989816e-03	-7.657451e-02	9.747139e-02	-1.197540e-01	-1.386247e-01	1.330387e-01	
4.246424e-02	3.449591e-01	-6.495874e-01	5.483336e-01	-1.428570e-01	1.646977e-01	-1.846749e-01	-1.665751e-01	2.062029e-01	1.843882e-01	-2.321523e-01	2.836514e-01	2.351128e-01	-1.773724e-01	1.000000e+00	-4.927254e-01	5.564071e-01	-5.982075e-01	-4.331854e-01	4.516762e-01	8.498850e-02	-1.182614e-01	1.616215e-01	1.732333e-01	-1.295332e-01	
-2.013326e-02	-2.944183e-01	7.627207e-02	-2.268861e-02	9.747872e-02	-1.091186e-01	1.198479e-01	3.822211e-02	-6.367620e-02	-9.698075e-03	1.025652e-02	-1.256357e-02	1.961147e-02	-2.908268e-02	-4.927254e-01	1.000000e+00	-9.877299e-01	9.538080e-01	-1.102206e-01	4.657224e-02	1.103101e-01	-1.223818e-01	1.258025e-01	8.178549e-02	-6.306740e-02	
3.800275e-02	3.441378e-01	-1.001832e-01	3.672626e-02	-1.108890e-01	1.254747e-01	-1.390625e-01	-5.115784e-02	8.108667e-02	1.423718e-02	-1.530088e-02	1.830234e-02	-1.843808e-02	3.182838e-02	5.564071e-01	-9.877299e-01	1.000000e+00	-9.881672e-01	3.066013e-02	2.392125e-02	-1.133776e-01	1.262750e-01	-1.298947e-01	-9.313450e-02	7.841090e-02	
-6.050109e-02	-3.877096e-01	1.253433e-01	-5.239837e-02	1.215800e-01	-1.389474e-01	1.554393e-01	6.133757e-02	-9.558455e-02	-2.093098e-02	2.281389e-02	-2.668212e-02	1.570265e-02	-3.287950e-02	-5.982075e-01	9.538080e-01	-9.881672e-01	1.000000e+00	1.635168e-02	-5.769325e-02	1.094039e-01	-1.229522e-01	1.275095e-01	9.448976e-02	-8.011938e-02	
-4.077369e-02	-2.387061e-01	1.146789e-01	-7.362024e-02	6.878184e-02	-8.193054e-02	9.235371e-02	9.503031e-02	-1.129386e-01	-4.341918e-04	2.377071e-03	-6.581636e-03	-1.449830e-02	-8.629956e-03	-4.331854e-01	-1.102206e-01	3.066013e-02	1.635168e-02	1.000000e+00	-9.796718e-01	6.042381e-02	-6.180543e-02	5.127930e-02	1.164337e-01	-2.009489e-01	
7.973058e-02	2.884849e-01	-1.546113e-01	9.876587e-02	-8.188058e-02	9.801348e-02	-1.118161e-01	-1.049458e-01	1.296185e-01	9.973067e-03	-1.401070e-02	2.004553e-02	2.194327e-02	6.989816e-03	4.516762e-01	4.657224e-02	2.392125e-02	-5.769325e-02	-9.796718e-01	1.000000e+00	-6.548987e-02	6.395950e-02	-4.938689e-02	-9.913235e-02	1.964207e-01	
-9.243414e-03	5.821264e-03	-2.115493e-01	1.855201e-01	2.489397e-04	3.434647e-03	-7.180689e-03	-4.251008e-02	4.390595e-02	7.693079e-02	-9.567326e-02	1.142111e-01	8.986642e-02	-7.657451e-02	8.498850e-02	1.103101e-01	-1.133776e-01	1.094039e-01	6.042381e-02	-6.548987e-02	1.000000e+00	-9.905297e-01	9.564279e-01	-6.359312e-01	5.806000e-01	
2.481064e-02	-1.909219e-02	2.664465e-01	-2.322326e-01	2.643256e-03	-7.275766e-03	1.211932e-02	5.178786e-02	-5.432576e-02	-9.687382e-02	1.207079e-01	-1.448331e-01	-1.139482e-01	9.747139e-02	-1.182614e-01	-1.223818e-01	1.262750e-01	-1.229522e-01	-6.180543e-02	6.395950e-02	-9.905297e-01	1.000000e+00	-9.868528e-01	6.190384e-01	-5.737587e-01	
-5.318549e-02	4.035730e-02	-3.235916e-01	2.801822e-01	-7.684997e-03	1.336885e-02	-1.934600e-02	-6.133180e-02	6.519395e-02	1.181214e-01	-1.475452e-01	1.780514e-01	1.388139e-01	-1.197540e-01	1.616215e-01	1.258025e-01	-1.298947e-01	1.275095e-01	5.127930e-02	-4.938689e-02	9.564279e-01	-9.868528e-01	1.000000e+00	-5.933233e-01	5.643440e-01	
-2.297957e-02	5.651064e-02	-3.604572e-01	3.071216e-01	-4.025246e-02	4.365531e-02	-4.813537e-02	-3.736996e-02	5.141729e-02	1.050334e-01	-1.372501e-01	1.716203e-01	1.630142e-01	-1.386247e-01	1.732333e-01	8.178549e-02	-9.313450e-02	9.448976e-02	1.164337e-01	-9.913235e-02	-6.359312e-01	6.190384e-01	-5.933233e-01	1.000000e+00	-9.779616e-01	
6.024345e-02	-2.608535e-02	3.170417e-01	-2.761302e-01	3.213074e-02	-3.327316e-02	3.541977e-02	2.299290e-02	-3.238264e-02	-9.654355e-02	1.269663e-01	-1.597811e-01	-1.507985e-01	1.330387e-01	-1.295332e-01	-6.306740e-02	7.841090e-02	-8.011938e-02	-2.009489e-01	1.964207e-01	5.806000e-01	-5.737587e-01	5.643440e-01	-9.779616e-01	1.000000e+00	

Time taken for mcmc chain: 48.683333 minutes
