Number of steps: 15792216
Number of accepted steps: 1000000
Burn-in number of steps: 320000
Accepted fraction of steps: 0.063322
Convergence Status
R[0]= 1.064751	R[1]= 1.106505	R[2]= 1.282449	R[3]= 1.131561	R[4]= 1.009213	R[5]= 1.013357	R[6]= 1.016348	R[7]= 1.010513	R[8]= 1.004696	R[9]= 1.047707	R[10]= 1.085562	R[11]= 1.144035	R[12]= 1.012310	R[13]= 1.000513	R[14]= 1.302134	R[15]= 1.030818	R[16]= 1.041564	R[17]= 1.049163	R[18]= 1.026985	R[19]= 1.004184	R[20]= 1.034028	R[21]= 1.065929	R[22]= 1.118109	R[23]= 1.004640	R[24]= 1.003370	
<R>= 1.064418

Mean parameters
A[0]= 8.288161e-01 pm 3.977704e-02
A[1]= 8.926400e-01 pm 2.517260e-02
A[2]= 5.532937e-01 pm 4.035295e-01
A[3]= 3.557214e+00 pm 1.241996e+00
A[4]= 4.760138e+03 pm 4.082988e+03
A[5]= -1.926519e+03 pm 3.029675e+03
A[6]= 2.831898e+02 pm 8.856003e+02
A[7]= 8.118314e+00 pm 1.878536e+01
A[8]= -2.925349e-02 pm 1.981268e-01
A[9]= 1.160054e+04 pm 9.576575e+03
A[10]= -6.944223e+03 pm 5.886798e+03
A[11]= 1.042942e+03 pm 1.359842e+03
A[12]= -7.355700e+01 pm 5.525659e+01
A[13]= 1.537007e+00 pm 1.013500e+00
A[14]= 6.145111e+00 pm 2.028765e+00
A[15]= -3.298980e+03 pm 5.861798e+03
A[16]= 5.333257e+03 pm 4.233370e+03
A[17]= -1.987990e+03 pm 1.214749e+03
A[18]= 4.953004e+01 pm 2.739793e+01
A[19]= -2.086830e-01 pm 2.834699e-01
A[20]= 1.109970e+04 pm 1.315699e+04
A[21]= -5.082012e+03 pm 8.106025e+03
A[22]= 4.992198e+01 pm 1.896058e+03
A[23]= -2.729183e+01 pm 7.592288e+01
A[24]= 1.223835e-01 pm 1.390839e+00

Best-fitting parameters
A[0]= 8.445127e-01
A[1]= 8.907368e-01
A[2]= 5.109915e-01
A[3]= 3.417862e+00
A[4]= 4.839959e+03
A[5]= -2.030873e+03
A[6]= 3.286688e+02
A[7]= 9.517485e+00
A[8]= -5.304809e-02
A[9]= 1.521954e+04
A[10]= -9.202881e+03
A[11]= 1.448078e+03
A[12]= -9.442480e+01
A[13]= 1.902884e+00
A[14]= 5.846205e+00
A[15]= -1.753011e+03
A[16]= 4.374568e+03
A[17]= -1.800779e+03
A[18]= 4.995973e+01
A[19]= -2.348171e-01
A[20]= 6.678748e+03
A[21]= -2.327737e+03
A[22]= -5.503275e+02
A[23]= 1.482298e+01
A[24]= -7.811361e-01
chi2_min= 1.010105e+02


Cross-Covariance parameters
1.000000e+00	-5.047874e-01	-2.374371e-01	7.256056e-02	1.098417e-01	-1.028876e-01	8.211754e-02	-1.340876e-02	-2.898292e-02	1.075670e-01	-1.090758e-01	8.062815e-02	5.714861e-02	-7.386598e-02	1.504181e-01	3.616320e-02	-1.711962e-02	-1.388944e-02	8.010711e-02	-7.915660e-02	1.296251e-01	-1.171664e-01	5.941950e-02	7.759400e-02	-8.713831e-02	
-5.047874e-01	1.000000e+00	1.824266e-01	-1.454791e-01	-1.912370e-03	1.111318e-02	-2.389252e-02	5.731110e-02	-6.055380e-02	-5.174580e-02	4.771037e-02	-2.422251e-02	-5.348344e-02	3.834541e-02	-2.294383e-01	6.389470e-02	-7.303884e-02	7.135829e-02	1.814663e-02	-8.741903e-02	-9.557625e-02	7.615761e-02	-2.314862e-02	-2.392921e-02	-5.123774e-04	
-2.374371e-01	1.824266e-01	1.000000e+00	-5.019292e-01	-5.314538e-02	6.869633e-02	-7.449683e-02	-2.806534e-02	1.075687e-01	-3.664317e-01	5.002570e-01	-6.606976e-01	1.757638e-01	6.481345e-02	-6.679866e-01	1.071208e-01	-1.239323e-01	1.397128e-01	-1.648548e-01	1.149391e-01	-3.427125e-01	4.824826e-01	-6.498760e-01	1.357694e-01	1.034738e-01	
7.256056e-02	-1.454791e-01	-5.019292e-01	1.000000e+00	-6.236695e-01	7.133642e-01	-7.637992e-01	5.653366e-01	-1.346694e-01	3.980929e-02	-6.410566e-02	9.725950e-02	-3.341343e-02	-4.619885e-03	3.166801e-01	-3.950546e-02	4.011284e-02	-4.024832e-02	5.369884e-02	-4.569165e-02	1.856090e-01	-2.590095e-01	3.471968e-01	-8.797491e-02	-3.851077e-02	
1.098417e-01	-1.912370e-03	-5.314538e-02	-6.236695e-01	1.000000e+00	-9.714094e-01	9.020782e-01	-8.836333e-01	4.777147e-01	1.535212e-01	-2.145892e-01	2.854976e-01	-6.885650e-02	3.267778e-02	5.911065e-02	-2.169796e-03	8.644642e-03	-1.614222e-02	2.905054e-02	-2.272376e-02	2.608908e-02	-3.293468e-02	3.844503e-02	7.915104e-03	-2.168285e-02	
-1.028876e-01	1.111318e-02	6.869633e-02	7.133642e-01	-9.714094e-01	1.000000e+00	-9.781768e-01	8.732360e-01	-3.972173e-01	-1.810582e-01	2.519591e-01	-3.350318e-01	7.438749e-02	-6.366020e-03	-7.739418e-02	5.935757e-03	-1.273907e-02	2.005944e-02	-2.962185e-02	2.021441e-02	-3.096984e-02	4.148989e-02	-5.198010e-02	-6.018328e-03	2.437937e-02	
8.211754e-02	-2.389252e-02	-7.449683e-02	-7.637992e-01	9.020782e-01	-9.781768e-01	1.000000e+00	-8.200861e-01	3.034529e-01	2.011955e-01	-2.767806e-01	3.654153e-01	-8.322359e-02	-9.218190e-03	8.867999e-02	-1.013900e-02	1.683072e-02	-2.319431e-02	2.664562e-02	-1.391817e-02	3.200937e-02	-4.463803e-02	5.854481e-02	3.588507e-03	-2.377589e-02	
-1.340876e-02	5.731110e-02	-2.806534e-02	5.653366e-01	-8.836333e-01	8.732360e-01	-8.200861e-01	1.000000e+00	-7.777348e-01	-3.674947e-02	8.910630e-02	-1.591264e-01	3.022317e-02	-9.911690e-02	-1.864997e-02	5.689949e-03	-9.511608e-03	1.131161e-02	2.681778e-03	-1.509849e-02	2.467948e-04	-4.443754e-03	1.065089e-02	-3.507959e-03	-4.838198e-03	
-2.898292e-02	-6.055380e-02	1.075687e-01	-1.346694e-01	4.777147e-01	-3.972173e-01	3.034529e-01	-7.777348e-01	1.000000e+00	-1.491584e-01	1.388009e-01	-1.115527e-01	4.067161e-02	1.850797e-01	-5.952449e-02	8.717057e-03	-8.876753e-03	1.077921e-02	-2.834695e-02	3.084717e-02	-2.494876e-02	4.336215e-02	-6.756058e-02	1.507827e-03	2.934623e-02	
1.075670e-01	-5.174580e-02	-3.664317e-01	3.980929e-02	1.535212e-01	-1.810582e-01	2.011955e-01	-3.674947e-02	-1.491584e-01	1.000000e+00	-9.771161e-01	8.732141e-01	-8.770925e-01	6.727061e-01	2.484833e-01	-1.811379e-02	2.410020e-02	-3.112121e-02	5.304022e-02	-4.671529e-02	1.347340e-01	-1.915211e-01	2.599154e-01	-4.315030e-02	-5.565407e-02	
-1.090758e-01	4.771037e-02	5.002570e-01	-6.410566e-02	-2.145892e-01	2.519591e-01	-2.767806e-01	8.910630e-02	1.388009e-01	-9.771161e-01	1.000000e+00	-9.555838e-01	8.601808e-01	-6.253152e-01	-3.430299e-01	3.219827e-02	-4.020826e-02	4.893513e-02	-7.483096e-02	6.296019e-02	-1.822117e-01	2.613402e-01	-3.582756e-01	6.624084e-02	6.934215e-02	
8.062815e-02	-2.422251e-02	-6.606976e-01	9.725950e-02	2.854976e-01	-3.350318e-01	3.654153e-01	-1.591264e-01	-1.115527e-01	8.732141e-01	-9.555838e-01	1.000000e+00	-7.556300e-01	4.906393e-01	4.570106e-01	-5.239493e-02	6.220890e-02	-7.199599e-02	1.009283e-01	-8.175239e-02	2.379113e-01	-3.453518e-01	4.797406e-01	-9.843334e-02	-8.269428e-02	
5.714861e-02	-5.348344e-02	1.757638e-01	-3.341343e-02	-6.885650e-02	7.438749e-02	-8.322359e-02	3.022317e-02	4.067161e-02	-8.770925e-01	8.601808e-01	-7.556300e-01	1.000000e+00	-9.174601e-01	-1.190208e-01	6.804908e-03	-9.347296e-03	1.159374e-02	-1.937949e-02	1.882445e-02	-6.236630e-02	9.663212e-02	-1.434051e-01	3.277683e-02	2.515905e-02	
-7.386598e-02	3.834541e-02	6.481345e-02	-4.619885e-03	3.267778e-02	-6.366020e-03	-9.218190e-03	-9.911690e-02	1.850797e-01	6.727061e-01	-6.253152e-01	4.906393e-01	-9.174601e-01	1.000000e+00	-4.560935e-02	1.541470e-02	-1.583632e-02	1.663752e-02	-2.055651e-02	1.379115e-02	-1.937384e-02	2.537409e-02	-2.993170e-02	2.024514e-03	6.402296e-03	
1.504181e-01	-2.294383e-01	-6.679866e-01	3.166801e-01	5.911065e-02	-7.739418e-02	8.867999e-02	-1.864997e-02	-5.952449e-02	2.484833e-01	-3.430299e-01	4.570106e-01	-1.190208e-01	-4.560935e-02	1.000000e+00	-5.873274e-01	6.910580e-01	-7.556675e-01	5.180902e-01	-1.191477e-01	1.159336e-01	-1.766476e-01	2.566705e-01	-4.168397e-02	-5.437710e-02	
3.616320e-02	6.389470e-02	1.071208e-01	-3.950546e-02	-2.169796e-03	5.935757e-03	-1.013900e-02	5.689949e-03	8.717057e-03	-1.811379e-02	3.219827e-02	-5.239493e-02	6.804908e-03	1.541470e-02	-5.873274e-01	1.000000e+00	-9.697119e-01	8.904318e-01	-8.822138e-01	5.407035e-01	1.232527e-01	-1.543684e-01	1.801735e-01	-6.344839e-02	3.956638e-02	
-1.711962e-02	-7.303884e-02	-1.239323e-01	4.011284e-02	8.644642e-03	-1.273907e-02	1.683072e-02	-9.511608e-03	-8.876753e-03	2.410020e-02	-4.020826e-02	6.220890e-02	-9.347296e-03	-1.583632e-02	6.910580e-01	-9.697119e-01	1.000000e+00	-9.739926e-01	8.665993e-01	-4.519243e-01	-1.418832e-01	1.806093e-01	-2.150697e-01	7.188911e-02	-2.869437e-02	
-1.388944e-02	7.135829e-02	1.397128e-01	-4.024832e-02	-1.614222e-02	2.005944e-02	-2.319431e-02	1.131161e-02	1.077921e-02	-3.112121e-02	4.893513e-02	-7.199599e-02	1.159374e-02	1.663752e-02	-7.556675e-01	8.904318e-01	-9.739926e-01	1.000000e+00	-8.026078e-01	3.406176e-01	1.520833e-01	-1.947804e-01	2.344992e-01	-7.920113e-02	2.169591e-02	
8.010711e-02	1.814663e-02	-1.648548e-01	5.369884e-02	2.905054e-02	-2.962185e-02	2.664562e-02	2.681778e-03	-2.834695e-02	5.304022e-02	-7.483096e-02	1.009283e-01	-1.937949e-02	-2.055651e-02	5.180902e-01	-8.822138e-01	8.665993e-01	-8.026078e-01	1.000000e+00	-8.222564e-01	-4.760350e-02	6.981806e-02	-9.194676e-02	6.605944e-02	-1.086226e-01	
-7.915660e-02	-8.741903e-02	1.149391e-01	-4.569165e-02	-2.272376e-02	2.021441e-02	-1.391817e-02	-1.509849e-02	3.084717e-02	-4.671529e-02	6.296019e-02	-8.175239e-02	1.882445e-02	1.379115e-02	-1.191477e-01	5.407035e-01	-4.519243e-01	3.406176e-01	-8.222564e-01	1.000000e+00	-5.905291e-02	6.081606e-02	-5.953905e-02	-3.283321e-02	1.590542e-01	
1.296251e-01	-9.557625e-02	-3.427125e-01	1.856090e-01	2.608908e-02	-3.096984e-02	3.200937e-02	2.467948e-04	-2.494876e-02	1.347340e-01	-1.822117e-01	2.379113e-01	-6.236630e-02	-1.937384e-02	1.159336e-01	1.232527e-01	-1.418832e-01	1.520833e-01	-4.760350e-02	-5.905291e-02	1.000000e+00	-9.752479e-01	8.608908e-01	-8.721516e-01	6.976553e-01	
-1.171664e-01	7.615761e-02	4.824826e-01	-2.590095e-01	-3.293468e-02	4.148989e-02	-4.463803e-02	-4.443754e-03	4.336215e-02	-1.915211e-01	2.613402e-01	-3.453518e-01	9.663212e-02	2.537409e-02	-1.766476e-01	-1.543684e-01	1.806093e-01	-1.947804e-01	6.981806e-02	6.081606e-02	-9.752479e-01	1.000000e+00	-9.506015e-01	8.506065e-01	-6.374202e-01	
5.941950e-02	-2.314862e-02	-6.498760e-01	3.471968e-01	3.844503e-02	-5.198010e-02	5.854481e-02	1.065089e-02	-6.756058e-02	2.599154e-01	-3.582756e-01	4.797406e-01	-1.434051e-01	-2.993170e-02	2.566705e-01	1.801735e-01	-2.150697e-01	2.344992e-01	-9.194676e-02	-5.953905e-02	8.608908e-01	-9.506015e-01	1.000000e+00	-7.358832e-01	4.805750e-01	
7.759400e-02	-2.392921e-02	1.357694e-01	-8.797491e-02	7.915104e-03	-6.018328e-03	3.588507e-03	-3.507959e-03	1.507827e-03	-4.315030e-02	6.624084e-02	-9.843334e-02	3.277683e-02	2.024514e-03	-4.168397e-02	-6.344839e-02	7.188911e-02	-7.920113e-02	6.605944e-02	-3.283321e-02	-8.721516e-01	8.506065e-01	-7.358832e-01	1.000000e+00	-9.338277e-01	
-8.713831e-02	-5.123774e-04	1.034738e-01	-3.851077e-02	-2.168285e-02	2.437937e-02	-2.377589e-02	-4.838198e-03	2.934623e-02	-5.565407e-02	6.934215e-02	-8.269428e-02	2.515905e-02	6.402296e-03	-5.437710e-02	3.956638e-02	-2.869437e-02	2.169591e-02	-1.086226e-01	1.590542e-01	6.976553e-01	-6.374202e-01	4.805750e-01	-9.338277e-01	1.000000e+00	

Time taken for mcmc chain: 1.398889 hours
