Number of steps: 1429242
Number of accepted steps: 1000000
Burn-in number of steps: 320000
Accepted fraction of steps: 0.699672
Convergence Status
R[0]= 1.213077	R[1]= 1.086352	R[2]= 1.074319	R[3]= 1.074385	R[4]= 1.033986	R[5]= 1.014124	R[6]= 1.008261	R[7]= 1.004096	R[8]= 1.005587	R[9]= 1.079052	R[10]= 1.055194	R[11]= 1.036010	R[12]= 1.037709	R[13]= 1.049606	R[14]= 1.078974	R[15]= 1.034633	R[16]= 1.053623	R[17]= 1.085972	R[18]= 1.032981	R[19]= 1.030013	R[20]= 1.238576	R[21]= 1.222165	R[22]= 1.199723	R[23]= 1.183883	R[24]= 1.226146	
<R>= 1.086338

Mean parameters
A[0]= 9.101473e-01 pm 4.480082e-02
A[1]= 1.042911e+00 pm 2.606689e-02
A[2]= 4.853675e-01 pm 2.306616e-01
A[3]= 6.004023e-01 pm 1.941315e-01
A[4]= 1.220361e+04 pm 2.401754e+03
A[5]= -8.712002e+03 pm 1.298763e+03
A[6]= 2.469152e+03 pm 2.703877e+02
A[7]= -1.784290e+01 pm 1.295732e+01
A[8]= -7.399455e-02 pm 1.761334e-01
A[9]= 1.458026e+04 pm 8.006957e+03
A[10]= -9.907642e+03 pm 4.465926e+03
A[11]= 2.055229e+03 pm 8.310655e+02
A[12]= -6.980557e+01 pm 5.367089e+01
A[13]= 1.058647e+00 pm 1.048346e+00
A[14]= 5.949364e-01 pm 2.598449e-01
A[15]= 1.189501e+04 pm 4.569473e+03
A[16]= -7.961477e+03 pm 2.374109e+03
A[17]= 2.221151e+03 pm 4.322072e+02
A[18]= -5.040936e+00 pm 2.226164e+01
A[19]= -2.043401e-01 pm 2.791502e-01
A[20]= 1.749485e+04 pm 1.062276e+04
A[21]= -1.112111e+04 pm 5.936826e+03
A[22]= 2.014787e+03 pm 1.068205e+03
A[23]= -3.397431e+01 pm 6.753807e+01
A[24]= -2.790689e-01 pm 1.255477e+00

Best-fitting parameters
A[0]= 8.953248e-01
A[1]= 1.008584e+00
A[2]= 2.866853e-01
A[3]= 5.215467e-01
A[4]= 1.068952e+04
A[5]= -8.182232e+03
A[6]= 2.498144e+03
A[7]= -1.739189e+01
A[8]= -5.280368e-02
A[9]= 1.825025e+04
A[10]= -1.223237e+04
A[11]= 2.565971e+03
A[12]= -9.743685e+01
A[13]= 1.508647e+00
A[14]= 9.764641e-01
A[15]= 1.376805e+04
A[16]= -8.586135e+03
A[17]= 2.190376e+03
A[18]= -8.576401e+00
A[19]= -1.277000e-01
A[20]= 2.228812e+04
A[21]= -1.383659e+04
A[22]= 2.544373e+03
A[23]= -6.755826e+01
A[24]= 2.528124e-01
chi2_min= 1.340508e+02


Cross-Covariance parameters
1.000000e+00	2.490576e-01	-1.914546e-02	2.508100e-01	-1.344046e-01	2.026163e-01	-3.088191e-01	2.399122e-01	-1.263522e-01	-2.439202e-01	2.599739e-01	-2.901981e-01	2.684647e-01	-2.324188e-01	1.372111e-01	8.983566e-02	-7.314538e-02	-5.547599e-04	-3.649662e-02	4.771847e-02	-3.454484e-02	3.573351e-02	-5.028458e-02	2.211757e-02	1.399599e-02	
2.490576e-01	1.000000e+00	1.860102e-01	4.490634e-01	-6.996729e-02	1.599832e-01	-3.415261e-01	7.286237e-02	2.539594e-02	-2.106949e-01	2.294041e-01	-2.645086e-01	2.351779e-01	-2.030586e-01	1.226168e-01	-8.110350e-03	2.696501e-02	-9.012460e-02	-2.829943e-02	6.295401e-02	-6.420589e-02	5.296316e-02	-4.234645e-02	-2.794987e-02	8.871627e-02	
-1.914546e-02	1.860102e-01	1.000000e+00	-2.307945e-01	6.229440e-02	-3.120854e-02	-4.515774e-02	-9.861362e-02	1.029886e-01	-2.294494e-01	2.599803e-01	-3.185547e-01	1.820429e-01	-1.450007e-01	-1.186459e-01	2.395637e-01	-1.941758e-01	8.222519e-02	-1.407303e-01	1.044879e-01	-6.817714e-02	1.169988e-01	-1.982462e-01	1.179108e-01	-1.472825e-01	
2.508100e-01	4.490634e-01	-2.307945e-01	1.000000e+00	-2.388179e-01	3.871885e-01	-6.162033e-01	2.103333e-01	-4.331218e-02	-1.496977e-01	1.584141e-01	-1.743690e-01	1.401043e-01	-1.316238e-01	1.190770e-01	-1.680258e-02	2.174880e-02	-4.187632e-02	1.768823e-02	-1.821897e-02	-8.333501e-02	5.661290e-02	-1.589862e-02	-6.335240e-03	6.135842e-02	
-1.344046e-01	-6.996729e-02	6.229440e-02	-2.388179e-01	1.000000e+00	-9.702368e-01	8.165251e-01	-7.904913e-01	6.645910e-01	2.021000e-01	-2.085993e-01	2.275540e-01	-2.832662e-01	3.757538e-01	-6.466510e-02	-1.997704e-03	2.144557e-02	-3.412955e-02	8.534819e-02	-9.477647e-02	1.771169e-01	-1.588891e-01	1.398639e-01	-1.230474e-01	8.921069e-02	
2.026163e-01	1.599832e-01	-3.120854e-02	3.871885e-01	-9.702368e-01	1.000000e+00	-9.275421e-01	8.587309e-01	-7.135705e-01	-2.060541e-01	2.159224e-01	-2.426953e-01	2.807398e-01	-3.773912e-01	6.410627e-02	2.824283e-02	-4.685570e-02	5.107620e-02	-1.075651e-01	1.101215e-01	-1.951358e-01	1.745748e-01	-1.520051e-01	1.206198e-01	-7.374872e-02	
-3.088191e-01	-3.415261e-01	-4.515774e-02	-6.162033e-01	8.165251e-01	-9.275421e-01	1.000000e+00	-8.331294e-01	6.740427e-01	2.270263e-01	-2.445908e-01	2.862762e-01	-2.883767e-01	3.743309e-01	-6.614485e-02	-5.149225e-02	6.164058e-02	-4.307754e-02	1.045975e-01	-9.934334e-02	2.002889e-01	-1.806049e-01	1.586714e-01	-1.061948e-01	4.566519e-02	
2.399122e-01	7.286237e-02	-9.861362e-02	2.103333e-01	-7.904913e-01	8.587309e-01	-8.331294e-01	1.000000e+00	-9.507449e-01	-8.914846e-02	9.514302e-02	-1.212001e-01	1.991777e-01	-3.498054e-01	1.365312e-02	3.366894e-03	-3.667441e-02	6.445864e-02	-8.672623e-02	7.762007e-02	-1.503621e-01	1.273834e-01	-1.004058e-01	7.323552e-02	-2.248212e-02	
-1.263522e-01	2.539594e-02	1.029886e-01	-4.331218e-02	6.645910e-01	-7.135705e-01	6.740427e-01	-9.507449e-01	1.000000e+00	1.532855e-02	-1.755431e-02	4.003462e-02	-1.367062e-01	3.149464e-01	1.047504e-02	5.437672e-02	-2.160096e-02	-1.522273e-02	1.333690e-02	-1.827491e-03	7.638838e-02	-5.664561e-02	3.460146e-02	-1.896952e-02	-1.507902e-02	
-2.439202e-01	-2.106949e-01	-2.294494e-01	-1.496977e-01	2.021000e-01	-2.060541e-01	2.270263e-01	-8.914846e-02	1.532855e-02	1.000000e+00	-9.912958e-01	9.580824e-01	-9.109276e-01	8.274936e-01	-8.735764e-02	-7.687633e-02	6.929359e-02	-2.072264e-02	1.042843e-01	-1.114585e-01	-2.993020e-02	3.420521e-02	-1.688900e-02	4.578085e-02	-4.707600e-02	
2.599739e-01	2.294041e-01	2.599803e-01	1.584141e-01	-2.085993e-01	2.159224e-01	-2.445908e-01	9.514302e-02	-1.755431e-02	-9.912958e-01	1.000000e+00	-9.863820e-01	9.460590e-01	-8.653426e-01	5.046608e-02	9.759963e-02	-9.374561e-02	5.081897e-02	-1.279494e-01	1.322024e-01	2.141237e-02	-2.463345e-02	7.077008e-03	-3.962226e-02	4.624661e-02	
-2.901981e-01	-2.645086e-01	-3.185547e-01	-1.743690e-01	2.275540e-01	-2.426953e-01	2.862762e-01	-1.212001e-01	4.003462e-02	9.580824e-01	-9.863820e-01	1.000000e+00	-9.681051e-01	8.982775e-01	-1.005614e-02	-1.167705e-01	1.146269e-01	-7.328158e-02	1.434809e-01	-1.436904e-01	-4.849301e-03	5.737993e-03	1.388463e-02	2.612872e-02	-3.828532e-02	
2.684647e-01	2.351779e-01	1.820429e-01	1.401043e-01	-2.832662e-01	2.807398e-01	-2.883767e-01	1.991777e-01	-1.367062e-01	-9.109276e-01	9.460590e-01	-9.681051e-01	1.000000e+00	-9.684265e-01	-2.787573e-03	8.894787e-02	-9.773303e-02	8.090910e-02	-1.319323e-01	1.330385e-01	3.537581e-02	-4.473529e-02	3.861321e-02	-6.645078e-02	8.473747e-02	
-2.324188e-01	-2.030586e-01	-1.450007e-01	-1.316238e-01	3.757538e-01	-3.773912e-01	3.743309e-01	-3.498054e-01	3.149464e-01	8.274936e-01	-8.653426e-01	8.982775e-01	-9.684265e-01	1.000000e+00	7.465515e-03	-5.840171e-02	6.997016e-02	-5.954769e-02	9.543935e-02	-9.041060e-02	-6.446548e-02	7.506772e-02	-7.172249e-02	9.729880e-02	-1.163197e-01	
1.372111e-01	1.226168e-01	-1.186459e-01	1.190770e-01	-6.466510e-02	6.410627e-02	-6.614485e-02	1.365312e-02	1.047504e-02	-8.735764e-02	5.046608e-02	-1.005614e-02	-2.787573e-03	7.465515e-03	1.000000e+00	-8.897436e-02	2.145133e-01	-4.604384e-01	9.375716e-02	2.191197e-02	1.816281e-01	-1.587701e-01	1.177256e-01	-1.776625e-01	1.799871e-01	
8.983566e-02	-8.110350e-03	2.395637e-01	-1.680258e-02	-1.997704e-03	2.824283e-02	-5.149225e-02	3.366894e-03	5.437672e-02	-7.687633e-02	9.759963e-02	-1.167705e-01	8.894787e-02	-5.840171e-02	-8.897436e-02	1.000000e+00	-9.827144e-01	8.659243e-01	-8.675554e-01	7.735235e-01	-1.365004e-02	3.345696e-02	-5.859910e-02	3.662577e-02	1.336593e-02	
-7.314538e-02	2.696501e-02	-1.941758e-01	2.174880e-02	2.144557e-02	-4.685570e-02	6.164058e-02	-3.667441e-02	-2.160096e-02	6.929359e-02	-9.374561e-02	1.146269e-01	-9.773303e-02	6.997016e-02	2.145133e-01	-9.827144e-01	1.000000e+00	-9.413638e-01	9.114976e-01	-8.121784e-01	4.888053e-02	-5.961167e-02	7.061635e-02	-5.723988e-02	4.917592e-04	
-5.547599e-04	-9.012460e-02	8.222519e-02	-4.187632e-02	-3.412955e-02	5.107620e-02	-4.307754e-02	6.445864e-02	-1.522273e-02	-2.072264e-02	5.081897e-02	-7.328158e-02	8.090910e-02	-5.954769e-02	-4.604384e-01	8.659243e-01	-9.413638e-01	1.000000e+00	-8.949286e-01	7.932749e-01	-1.042036e-01	9.616096e-02	-7.723391e-02	8.516965e-02	-2.228258e-02	
-3.649662e-02	-2.829943e-02	-1.407303e-01	1.768823e-02	8.534819e-02	-1.075651e-01	1.045975e-01	-8.672623e-02	1.333690e-02	1.042843e-01	-1.279494e-01	1.434809e-01	-1.319323e-01	9.543935e-02	9.375716e-02	-8.675554e-01	9.114976e-01	-8.949286e-01	1.000000e+00	-9.707930e-01	7.903016e-02	-7.669889e-02	7.059128e-02	-2.268226e-02	-6.504721e-02	
4.771847e-02	6.295401e-02	1.044879e-01	-1.821897e-02	-9.477647e-02	1.101215e-01	-9.934334e-02	7.762007e-02	-1.827491e-03	-1.114585e-01	1.322024e-01	-1.436904e-01	1.330385e-01	-9.041060e-02	2.191197e-02	7.735235e-01	-8.121784e-01	7.932749e-01	-9.707930e-01	1.000000e+00	-6.441574e-02	5.896086e-02	-4.943131e-02	-1.510936e-02	1.148557e-01	
-3.454484e-02	-6.420589e-02	-6.817714e-02	-8.333501e-02	1.771169e-01	-1.951358e-01	2.002889e-01	-1.503621e-01	7.638838e-02	-2.993020e-02	2.141237e-02	-4.849301e-03	3.537581e-02	-6.446548e-02	1.816281e-01	-1.365004e-02	4.888053e-02	-1.042036e-01	7.903016e-02	-6.441574e-02	1.000000e+00	-9.912147e-01	9.548398e-01	-9.047231e-01	8.068980e-01	
3.573351e-02	5.296316e-02	1.169988e-01	5.661290e-02	-1.588891e-01	1.745748e-01	-1.806049e-01	1.273834e-01	-5.664561e-02	3.420521e-02	-2.463345e-02	5.737993e-03	-4.473529e-02	7.506772e-02	-1.587701e-01	3.345696e-02	-5.961167e-02	9.616096e-02	-7.669889e-02	5.896086e-02	-9.912147e-01	1.000000e+00	-9.849622e-01	9.441662e-01	-8.590259e-01	
-5.028458e-02	-4.234645e-02	-1.982462e-01	-1.589862e-02	1.398639e-01	-1.520051e-01	1.586714e-01	-1.004058e-01	3.460146e-02	-1.688900e-02	7.077008e-03	1.388463e-02	3.861321e-02	-7.172249e-02	1.177256e-01	-5.859910e-02	7.061635e-02	-7.723391e-02	7.059128e-02	-4.943131e-02	9.548398e-01	-9.849622e-01	1.000000e+00	-9.721083e-01	9.084488e-01	
2.211757e-02	-2.794987e-02	1.179108e-01	-6.335240e-03	-1.230474e-01	1.206198e-01	-1.061948e-01	7.323552e-02	-1.896952e-02	4.578085e-02	-3.962226e-02	2.612872e-02	-6.645078e-02	9.729880e-02	-1.776625e-01	3.662577e-02	-5.723988e-02	8.516965e-02	-2.268226e-02	-1.510936e-02	-9.047231e-01	9.441662e-01	-9.721083e-01	1.000000e+00	-9.721087e-01	
1.399599e-02	8.871627e-02	-1.472825e-01	6.135842e-02	8.921069e-02	-7.374872e-02	4.566519e-02	-2.248212e-02	-1.507902e-02	-4.707600e-02	4.624661e-02	-3.828532e-02	8.473747e-02	-1.163197e-01	1.799871e-01	1.336593e-02	4.917592e-04	-2.228258e-02	-6.504721e-02	1.148557e-01	8.068980e-01	-8.590259e-01	9.084488e-01	-9.721087e-01	1.000000e+00	

Time taken for mcmc chain: 11.466667 minutes
