Number of steps: 7643545
Number of accepted steps: 1000000
Burn-in number of steps: 320000
Accepted fraction of steps: 0.130829
Convergence Status
R[0]= 1.174431	R[1]= 1.356455	R[2]= 1.317658	R[3]= 1.321975	R[4]= 1.038866	R[5]= 1.083615	R[6]= 1.141562	R[7]= 1.025684	R[8]= 1.003153	R[9]= 1.026617	R[10]= 1.039911	R[11]= 1.069960	R[12]= 1.010137	R[13]= 1.000969	R[14]= 1.106996	R[15]= 1.058939	R[16]= 1.073089	R[17]= 1.076045	R[18]= 1.020737	R[19]= 1.002289	R[20]= 1.031405	R[21]= 1.036824	R[22]= 1.047204	R[23]= 1.018132	R[24]= 1.014000	
<R>= 1.083866

Mean parameters
A[0]= 8.805009e-01 pm 8.709630e-02
A[1]= 1.054615e+00 pm 6.764082e-02
A[2]= 8.266111e-01 pm 6.108389e-01
A[3]= 7.439369e-01 pm 4.957588e-01
A[4]= 1.119276e+04 pm 2.870507e+03
A[5]= -7.552386e+03 pm 1.838139e+03
A[6]= 2.030960e+03 pm 5.006376e+02
A[7]= -7.024296e+00 pm 1.508305e+01
A[8]= -1.567747e-01 pm 1.862834e-01
A[9]= 1.215735e+04 pm 8.802028e+03
A[10]= -7.894176e+03 pm 5.028415e+03
A[11]= 1.477844e+03 pm 1.002775e+03
A[12]= -5.131997e+01 pm 5.228128e+01
A[13]= 7.419805e-01 pm 9.530854e-01
A[14]= 1.241387e+00 pm 9.153497e-01
A[15]= 9.712138e+03 pm 4.636849e+03
A[16]= -5.549242e+03 pm 3.065423e+03
A[17]= 1.321930e+03 pm 8.466233e+02
A[18]= 1.138512e+01 pm 2.432235e+01
A[19]= -2.506409e-01 pm 2.745174e-01
A[20]= 2.312656e+04 pm 1.202721e+04
A[21]= -1.323660e+04 pm 6.724277e+03
A[22]= 2.059816e+03 pm 1.272134e+03
A[23]= -6.338784e+01 pm 7.480573e+01
A[24]= 3.252103e-01 pm 1.393161e+00

Best-fitting parameters
A[0]= 9.094846e-01
A[1]= 9.476090e-01
A[2]= 2.488442e-01
A[3]= 2.618870e+00
A[4]= 8.209122e+03
A[5]= -4.538935e+03
A[6]= 9.591878e+02
A[7]= -4.812084e-01
A[8]= 1.322919e-02
A[9]= 1.057700e+04
A[10]= -7.407353e+03
A[11]= 1.475487e+03
A[12]= -5.920443e+01
A[13]= 1.224815e+00
A[14]= 3.723582e+00
A[15]= 4.494881e+03
A[16]= -5.300793e+02
A[17]= -3.599808e+02
A[18]= 3.774374e+01
A[19]= -2.610342e-01
A[20]= 2.227425e+04
A[21]= -1.283642e+04
A[22]= 2.019039e+03
A[23]= -7.009677e+01
A[24]= 6.763007e-01
chi2_min= 1.102533e+02


Cross-Covariance parameters
1.000000e+00	-2.668100e-01	-9.540072e-02	-1.829092e-01	1.883746e-01	-2.180438e-01	2.192665e-01	-1.141209e-01	3.414903e-02	7.276088e-02	-5.793430e-02	1.584355e-03	1.811092e-02	1.311835e-02	5.738518e-02	4.185352e-02	-2.728517e-02	-5.042221e-03	7.290451e-02	-7.080124e-02	5.818575e-02	-5.248808e-02	9.996311e-03	3.077569e-02	-2.678581e-02	
-2.668100e-01	1.000000e+00	4.712738e-01	-3.174751e-01	5.872815e-02	-4.391580e-02	6.337027e-04	1.826233e-02	-3.406307e-02	-1.435596e-01	1.586481e-01	-1.671394e-01	6.852573e-02	-4.739047e-02	-4.793304e-01	2.450581e-01	-2.921346e-01	3.079623e-01	-1.669695e-01	1.836112e-02	4.644779e-02	-4.528382e-02	4.087831e-02	-4.869010e-02	1.797688e-02	
-9.540072e-02	4.712738e-01	1.000000e+00	-4.007015e-01	-3.905032e-03	6.831051e-02	-1.449575e-01	7.388681e-02	-1.538080e-02	-3.291751e-01	4.092891e-01	-5.488121e-01	2.465771e-01	-1.151681e-01	-5.553815e-01	1.720675e-01	-1.915264e-01	2.027113e-01	-1.219341e-01	1.021291e-02	1.125351e-01	-3.200988e-02	-1.342985e-01	-8.182157e-02	1.050078e-01	
-1.829092e-01	-3.174751e-01	-4.007015e-01	1.000000e+00	-4.147551e-01	5.923580e-01	-7.225060e-01	3.835025e-01	-4.462403e-02	2.110469e-02	-2.413294e-02	4.211860e-02	-5.082368e-02	3.772556e-02	3.713616e-01	-1.236247e-01	1.736327e-01	-2.035286e-01	1.045520e-01	-9.253655e-03	-3.923705e-02	1.694445e-02	3.954006e-02	1.817261e-02	-1.799232e-02	
1.883746e-01	5.872815e-02	-3.905032e-03	-4.147551e-01	1.000000e+00	-9.488866e-01	7.767676e-01	-8.459437e-01	6.157422e-01	-1.095142e-02	-1.242903e-02	4.722152e-02	2.629006e-02	4.611121e-02	-7.916973e-02	3.219509e-02	-6.266360e-02	8.656469e-02	-2.336475e-02	-1.896196e-02	4.744117e-02	-6.487519e-02	8.662183e-02	-5.408488e-02	3.972981e-02	
-2.180438e-01	-4.391580e-02	6.831051e-02	5.923580e-01	-9.488866e-01	1.000000e+00	-9.342528e-01	8.777536e-01	-5.671519e-01	-4.596236e-02	8.419992e-02	-1.427816e-01	7.542398e-03	-4.991713e-02	7.417492e-02	-3.281890e-02	7.052993e-02	-9.958448e-02	3.147544e-02	1.313073e-02	-3.063172e-02	5.389716e-02	-8.660281e-02	3.339415e-02	-1.554143e-02	
2.192665e-01	6.337027e-04	-1.449575e-01	-7.225060e-01	7.767676e-01	-9.342528e-01	1.000000e+00	-7.988016e-01	4.332210e-01	1.169406e-01	-1.686109e-01	2.482623e-01	-5.793798e-02	5.812648e-02	-4.762918e-02	2.214668e-02	-6.344764e-02	9.527136e-02	-3.434978e-02	-4.602664e-03	6.384620e-03	-3.399869e-02	7.689918e-02	-5.449752e-03	-1.443262e-02	
-1.141209e-01	1.826233e-02	7.388681e-02	3.835025e-01	-8.459437e-01	8.777536e-01	-7.988016e-01	1.000000e+00	-8.710892e-01	1.586540e-02	1.973073e-02	-8.048141e-02	9.841737e-03	-1.365810e-01	3.132044e-02	-2.079344e-02	4.740294e-02	-7.073882e-02	3.099452e-02	3.275328e-04	1.364742e-02	7.248046e-03	-4.146022e-02	-7.465540e-03	2.313024e-02	
3.414903e-02	-3.406307e-02	-1.538080e-02	-4.462403e-02	6.157422e-01	-5.671519e-01	4.332210e-01	-8.710892e-01	1.000000e+00	-1.012045e-01	8.507387e-02	-5.207321e-02	1.897170e-02	1.841190e-01	-1.206128e-02	2.690214e-02	-3.766282e-02	4.848233e-02	-3.260187e-02	1.101037e-02	-2.919409e-02	1.726118e-02	3.825720e-03	2.715762e-02	-3.788480e-02	
7.276088e-02	-1.435596e-01	-3.291751e-01	2.110469e-02	-1.095142e-02	-4.596236e-02	1.169406e-01	1.586540e-02	-1.012045e-01	1.000000e+00	-9.882126e-01	9.218574e-01	-9.072436e-01	7.839406e-01	1.508725e-01	-7.908678e-02	7.070527e-02	-6.322587e-02	6.237486e-02	-3.968691e-02	-5.041476e-02	3.047485e-02	1.483969e-02	5.596257e-02	-6.348665e-02	
-5.793430e-02	1.586481e-01	4.092891e-01	-2.413294e-02	-1.242903e-02	8.419992e-02	-1.686109e-01	1.973073e-02	8.507387e-02	-9.882126e-01	1.000000e+00	-9.685062e-01	9.277748e-01	-7.989285e-01	-1.870585e-01	8.751043e-02	-7.785366e-02	6.856644e-02	-6.332284e-02	3.560339e-02	5.571723e-02	-2.733755e-02	-3.552237e-02	-5.798634e-02	7.000103e-02	
1.584355e-03	-1.671394e-01	-5.488121e-01	4.211860e-02	4.722152e-02	-1.427816e-01	2.482623e-01	-8.048141e-02	-5.207321e-02	9.218574e-01	-9.685062e-01	1.000000e+00	-8.993032e-01	7.609103e-01	2.514065e-01	-1.018030e-01	9.092582e-02	-7.933792e-02	6.477042e-02	-2.845344e-02	-6.913727e-02	2.455259e-02	7.246551e-02	6.024993e-02	-8.067365e-02	
1.811092e-02	6.852573e-02	2.465771e-01	-5.082368e-02	2.629006e-02	7.542398e-03	-5.793798e-02	9.841737e-03	1.897170e-02	-9.072436e-01	9.277748e-01	-8.993032e-01	1.000000e+00	-9.473892e-01	-1.025539e-01	6.943700e-02	-5.755349e-02	4.533640e-02	-4.748205e-02	3.626328e-02	5.583092e-02	-4.164047e-02	3.363358e-03	-5.997364e-02	6.776953e-02	
1.311835e-02	-4.739047e-02	-1.151681e-01	3.772556e-02	4.611121e-02	-4.991713e-02	5.812648e-02	-1.365810e-01	1.841190e-01	7.839406e-01	-7.989285e-01	7.609103e-01	-9.473892e-01	1.000000e+00	3.931432e-02	-5.201726e-02	3.860086e-02	-2.403440e-02	4.029261e-02	-4.418764e-02	-5.633549e-02	5.325829e-02	-3.878564e-02	7.086128e-02	-7.660334e-02	
5.738518e-02	-4.793304e-01	-5.553815e-01	3.713616e-01	-7.916973e-02	7.417492e-02	-4.762918e-02	3.132044e-02	-1.206128e-02	1.508725e-01	-1.870585e-01	2.514065e-01	-1.025539e-01	3.931432e-02	1.000000e+00	-5.026513e-01	6.819139e-01	-8.197195e-01	4.706930e-01	-9.558298e-02	-9.874199e-02	1.017690e-01	-8.298869e-02	3.985536e-02	-1.716811e-02	
4.185352e-02	2.450581e-01	1.720675e-01	-1.236247e-01	3.219509e-02	-3.281890e-02	2.214668e-02	-2.079344e-02	2.690214e-02	-7.908678e-02	8.751043e-02	-1.018030e-01	6.943700e-02	-5.201726e-02	-5.026513e-01	1.000000e+00	-9.569411e-01	8.160076e-01	-8.792954e-01	6.669744e-01	1.397160e-01	-1.611302e-01	1.830577e-01	-8.144831e-02	7.641528e-02	
-2.728517e-02	-2.921346e-01	-1.915264e-01	1.736327e-01	-6.266360e-02	7.052993e-02	-6.344764e-02	4.740294e-02	-3.766282e-02	7.070527e-02	-7.785366e-02	9.092582e-02	-5.755349e-02	3.860086e-02	6.819139e-01	-9.569411e-01	1.000000e+00	-9.474270e-01	8.892519e-01	-5.983497e-01	-1.408603e-01	1.771950e-01	-2.229866e-01	7.571219e-02	-5.613412e-02	
-5.042221e-03	3.079623e-01	2.027113e-01	-2.035286e-01	8.656469e-02	-9.958448e-02	9.527136e-02	-7.073882e-02	4.848233e-02	-6.322587e-02	6.856644e-02	-7.933792e-02	4.533640e-02	-2.403440e-02	-8.197195e-01	8.160076e-01	-9.474270e-01	1.000000e+00	-8.059586e-01	4.548337e-01	1.335095e-01	-1.824591e-01	2.495811e-01	-6.854187e-02	3.489067e-02	
7.290451e-02	-1.669695e-01	-1.219341e-01	1.045520e-01	-2.336475e-02	3.147544e-02	-3.434978e-02	3.099452e-02	-3.260187e-02	6.237486e-02	-6.332284e-02	6.477042e-02	-4.748205e-02	4.029261e-02	4.706930e-01	-8.792954e-01	8.892519e-01	-8.059586e-01	1.000000e+00	-8.816094e-01	-8.806306e-02	1.175065e-01	-1.585930e-01	8.820580e-02	-1.211328e-01	
-7.080124e-02	1.836112e-02	1.021291e-02	-9.253655e-03	-1.896196e-02	1.313073e-02	-4.602664e-03	3.275328e-04	1.101037e-02	-3.968691e-02	3.560339e-02	-2.845344e-02	3.626328e-02	-4.418764e-02	-9.558298e-02	6.669744e-01	-5.983497e-01	4.548337e-01	-8.816094e-01	1.000000e+00	2.679003e-02	-3.901242e-02	5.790621e-02	-8.299602e-02	1.669519e-01	
5.818575e-02	4.644779e-02	1.125351e-01	-3.923705e-02	4.744117e-02	-3.063172e-02	6.384620e-03	1.364742e-02	-2.919409e-02	-5.041476e-02	5.571723e-02	-6.913727e-02	5.583092e-02	-5.633549e-02	-9.874199e-02	1.397160e-01	-1.408603e-01	1.335095e-01	-8.806306e-02	2.679003e-02	1.000000e+00	-9.866431e-01	9.069257e-01	-9.095668e-01	8.322005e-01	
-5.248808e-02	-4.528382e-02	-3.200988e-02	1.694445e-02	-6.487519e-02	5.389716e-02	-3.399869e-02	7.248046e-03	1.726118e-02	3.047485e-02	-2.733755e-02	2.455259e-02	-4.164047e-02	5.325829e-02	1.017690e-01	-1.611302e-01	1.771950e-01	-1.824591e-01	1.175065e-01	-3.901242e-02	-9.866431e-01	1.000000e+00	-9.617401e-01	9.324469e-01	-8.502834e-01	
9.996311e-03	4.087831e-02	-1.342985e-01	3.954006e-02	8.662183e-02	-8.660281e-02	7.689918e-02	-4.146022e-02	3.825720e-03	1.483969e-02	-3.552237e-02	7.246551e-02	3.363358e-03	-3.878564e-02	-8.298869e-02	1.830577e-01	-2.229866e-01	2.495811e-01	-1.585930e-01	5.790621e-02	9.069257e-01	-9.617401e-01	1.000000e+00	-9.052565e-01	8.175867e-01	
3.077569e-02	-4.869010e-02	-8.182157e-02	1.817261e-02	-5.408488e-02	3.339415e-02	-5.449752e-03	-7.465540e-03	2.715762e-02	5.596257e-02	-5.798634e-02	6.024993e-02	-5.997364e-02	7.086128e-02	3.985536e-02	-8.144831e-02	7.571219e-02	-6.854187e-02	8.820580e-02	-8.299602e-02	-9.095668e-01	9.324469e-01	-9.052565e-01	1.000000e+00	-9.734079e-01	
-2.678581e-02	1.797688e-02	1.050078e-01	-1.799232e-02	3.972981e-02	-1.554143e-02	-1.443262e-02	2.313024e-02	-3.788480e-02	-6.348665e-02	7.000103e-02	-8.067365e-02	6.776953e-02	-7.660334e-02	-1.716811e-02	7.641528e-02	-5.613412e-02	3.489067e-02	-1.211328e-01	1.669519e-01	8.322005e-01	-8.502834e-01	8.175867e-01	-9.734079e-01	1.000000e+00	

Time taken for mcmc chain: 1.980556 hours
