Number of steps: 18714266
Number of accepted steps: 1000000
Burn-in number of steps: 320000
Accepted fraction of steps: 0.053435
Convergence Status
R[0]= 1.016653	R[1]= 1.035969	R[2]= 1.166809	R[3]= 1.019610	R[4]= 1.019077	R[5]= 1.024983	R[6]= 1.027965	R[7]= 1.019896	R[8]= 1.003026	R[9]= 1.010633	R[10]= 1.021076	R[11]= 1.039646	R[12]= 1.001594	R[13]= 1.001085	R[14]= 1.131777	R[15]= 1.017092	R[16]= 1.023359	R[17]= 1.027089	R[18]= 1.015889	R[19]= 1.000617	R[20]= 1.010826	R[21]= 1.022608	R[22]= 1.039392	R[23]= 1.001163	R[24]= 1.002416	
<R>= 1.028010

Mean parameters
A[0]= 8.913540e-01 pm 4.624751e-02
A[1]= 9.689942e-01 pm 3.030642e-02
A[2]= 5.264525e-01 pm 2.662191e-01
A[3]= 2.802268e+00 pm 1.127761e+00
A[4]= 5.224587e+03 pm 4.143004e+03
A[5]= -2.048485e+03 pm 3.300664e+03
A[6]= 1.881033e+02 pm 1.044697e+03
A[7]= 2.240419e+01 pm 2.187318e+01
A[8]= -2.044633e-01 pm 1.949922e-01
A[9]= 9.906008e+03 pm 8.844577e+03
A[10]= -5.664472e+03 pm 5.287666e+03
A[11]= 7.132229e+02 pm 1.172680e+03
A[12]= -4.363766e+01 pm 5.366751e+01
A[13]= 8.272851e-01 pm 9.776481e-01
A[14]= 6.293172e+00 pm 1.855958e+00
A[15]= -5.899184e+03 pm 6.055525e+03
A[16]= 8.663162e+03 pm 4.740558e+03
A[17]= -3.419631e+03 pm 1.481555e+03
A[18]= 8.871635e+01 pm 3.130453e+01
A[19]= -4.173012e-01 pm 2.795019e-01
A[20]= 1.246870e+04 pm 1.288705e+04
A[21]= -4.586977e+03 pm 8.069400e+03
A[22]= -4.793370e+02 pm 1.976015e+03
A[23]= -2.041569e+01 pm 7.873361e+01
A[24]= 1.867171e-01 pm 1.398754e+00

Best-fitting parameters
A[0]= 8.991674e-01
A[1]= 9.641212e-01
A[2]= 3.424011e-01
A[3]= 3.015056e+00
A[4]= 5.581613e+03
A[5]= -2.285279e+03
A[6]= 2.662326e+02
A[7]= 2.189705e+01
A[8]= -1.866541e-01
A[9]= 1.692724e+04
A[10]= -1.055924e+04
A[11]= 1.872070e+03
A[12]= -9.912456e+01
A[13]= 1.795534e+00
A[14]= 7.090139e+00
A[15]= -9.582755e+03
A[16]= 1.086345e+04
A[17]= -3.863986e+03
A[18]= 1.084369e+02
A[19]= -6.311087e-01
A[20]= 1.083927e+04
A[21]= -4.949191e+03
A[22]= 7.629602e+01
A[23]= -2.275093e+01
A[24]= -6.946124e-03
chi2_min= 1.032311e+02


Cross-Covariance parameters
1.000000e+00	-4.741443e-01	-2.135366e-01	-1.141260e-02	1.696327e-01	-1.553047e-01	1.265846e-01	-9.185860e-02	3.618253e-02	7.808737e-02	-7.518823e-02	3.297052e-02	9.670797e-02	-9.339236e-02	1.148996e-01	7.723087e-02	-4.353736e-02	-2.881794e-03	5.259737e-02	-5.134393e-02	9.640205e-02	-5.808666e-02	-4.424548e-02	1.721843e-01	-1.563971e-01	
-4.741443e-01	1.000000e+00	1.183320e-01	-4.645245e-02	-6.283665e-02	7.401660e-02	-8.672426e-02	1.361382e-01	-1.373621e-01	-3.000158e-02	1.886620e-02	2.153855e-02	-8.491183e-02	4.511441e-02	-2.469463e-01	1.276719e-01	-1.386285e-01	1.302836e-01	-1.383056e-02	-1.215176e-01	-1.280482e-04	-5.050608e-02	1.454004e-01	-1.547407e-01	8.395732e-02	
-2.135366e-01	1.183320e-01	1.000000e+00	-3.404481e-01	-3.598951e-02	4.243472e-02	-4.007619e-02	-1.814911e-02	8.205696e-02	-2.570001e-01	3.772968e-01	-5.416483e-01	1.459818e-01	4.776522e-02	-5.796601e-01	6.328557e-02	-8.101972e-02	9.817330e-02	-1.369710e-01	1.141639e-01	-3.281376e-01	4.711975e-01	-6.292771e-01	1.894843e-01	5.804382e-02	
-1.141260e-02	-4.645245e-02	-3.404481e-01	1.000000e+00	-7.210967e-01	8.354295e-01	-8.892380e-01	7.245535e-01	-2.136270e-01	-9.364863e-02	1.281498e-01	-1.682328e-01	2.718459e-02	1.487909e-02	2.581585e-01	-8.757977e-02	1.002532e-01	-1.061053e-01	9.423988e-02	-4.489140e-02	1.019477e-01	-1.466521e-01	1.993675e-01	-7.528629e-02	-2.795541e-03	
1.696327e-01	-6.283665e-02	-3.598951e-02	-7.210967e-01	1.000000e+00	-9.658292e-01	8.930652e-01	-9.163118e-01	5.504020e-01	1.586004e-01	-2.321788e-01	3.243212e-01	-7.099171e-02	3.310697e-02	-2.728107e-02	6.267467e-02	-6.635656e-02	6.314271e-02	-3.598740e-02	-1.732098e-04	3.032842e-02	-3.194451e-02	2.378512e-02	2.228927e-02	-3.179830e-02	
-1.553047e-01	7.401660e-02	4.243472e-02	8.354295e-01	-9.658292e-01	1.000000e+00	-9.786669e-01	9.263213e-01	-4.679439e-01	-1.843815e-01	2.703233e-01	-3.797805e-01	7.822584e-02	-6.092574e-03	2.836836e-02	-6.621647e-02	7.212397e-02	-7.120599e-02	4.547141e-02	-6.085078e-03	-3.110894e-02	3.575498e-02	-3.204565e-02	-1.831344e-02	3.056719e-02	
1.265846e-01	-8.672426e-02	-4.007619e-02	-8.892380e-01	8.930652e-01	-9.786669e-01	1.000000e+00	-8.880589e-01	3.767378e-01	1.996574e-01	-2.907704e-01	4.076788e-01	-8.637062e-02	-8.842067e-03	-2.766261e-02	6.254715e-02	-7.027765e-02	7.213428e-02	-5.185043e-02	1.422435e-02	2.767600e-02	-3.374248e-02	3.328412e-02	1.412603e-02	-2.611922e-02	
-9.185860e-02	1.361382e-01	-1.814911e-02	7.245535e-01	-9.163118e-01	9.263213e-01	-8.880589e-01	1.000000e+00	-7.478530e-01	-9.951917e-02	1.703826e-01	-2.661389e-01	4.981102e-02	-7.131950e-02	3.948004e-02	-4.319649e-02	5.198810e-02	-5.802933e-02	5.501586e-02	-3.169670e-02	-7.233308e-03	1.769662e-03	1.178482e-02	-2.423969e-02	1.722825e-02	
3.618253e-02	-1.373621e-01	8.205696e-02	-2.136270e-01	5.504020e-01	-4.679439e-01	3.767378e-01	-7.478530e-01	1.000000e+00	-8.207934e-02	6.614765e-02	-3.507815e-02	2.671915e-02	1.648398e-01	-4.032348e-02	5.569312e-03	-1.126800e-02	1.832224e-02	-3.443710e-02	3.714444e-02	-1.936352e-02	3.795819e-02	-6.468534e-02	3.082969e-02	-2.567481e-03	
7.808737e-02	-3.000158e-02	-2.570001e-01	-9.364863e-02	1.586004e-01	-1.843815e-01	1.996574e-01	-9.951917e-02	-8.207934e-02	1.000000e+00	-9.783441e-01	8.689901e-01	-8.899511e-01	7.331175e-01	1.453159e-01	-5.912638e-03	9.969811e-03	-1.519434e-02	3.060578e-02	-3.154986e-02	9.384443e-02	-1.315922e-01	1.711449e-01	-5.277466e-02	-1.353797e-02	
-7.518823e-02	1.886620e-02	3.772968e-01	1.281498e-01	-2.321788e-01	2.703233e-01	-2.907704e-01	1.703826e-01	6.614765e-02	-9.783441e-01	1.000000e+00	-9.508502e-01	8.917005e-01	-7.073880e-01	-2.050603e-01	4.659829e-03	-8.361073e-03	1.398372e-02	-3.727168e-02	4.332211e-02	-1.361860e-01	1.953000e-01	-2.605732e-01	8.472133e-02	1.659361e-02	
3.297052e-02	2.153855e-02	-5.416483e-01	-1.682328e-01	3.243212e-01	-3.797805e-01	4.076788e-01	-2.661389e-01	-3.507815e-02	8.689901e-01	-9.508502e-01	1.000000e+00	-8.086755e-01	5.910862e-01	2.833431e-01	-3.799982e-03	5.568954e-03	-1.007827e-02	4.435742e-02	-5.969290e-02	1.932964e-01	-2.848923e-01	3.915756e-01	-1.377789e-01	-1.494493e-02	
9.670797e-02	-8.491183e-02	1.459818e-01	2.718459e-02	-7.099171e-02	7.822584e-02	-8.637062e-02	4.981102e-02	2.671915e-02	-8.899511e-01	8.917005e-01	-8.086755e-01	1.000000e+00	-9.299952e-01	-7.535121e-02	6.122032e-03	-4.069800e-03	2.046318e-03	-8.459097e-03	1.401120e-02	-5.436471e-02	8.853503e-02	-1.346099e-01	6.862829e-02	-1.655546e-02	
-9.339236e-02	4.511441e-02	4.776522e-02	1.487909e-02	3.310697e-02	-6.092574e-03	-8.842067e-03	-7.131950e-02	1.648398e-01	7.331175e-01	-7.073880e-01	5.910862e-01	-9.299952e-01	1.000000e+00	-2.340935e-02	-4.816663e-03	1.282280e-03	3.371997e-03	-1.285037e-02	1.467742e-02	-1.272898e-02	1.287541e-02	-8.333391e-03	-1.599700e-02	2.037826e-02	
1.148996e-01	-2.469463e-01	-5.796601e-01	2.581585e-01	-2.728107e-02	2.836836e-02	-2.766261e-02	3.948004e-02	-4.032348e-02	1.453159e-01	-2.050603e-01	2.833431e-01	-7.535121e-02	-2.340935e-02	1.000000e+00	-6.521664e-01	7.651423e-01	-8.228603e-01	6.451375e-01	-1.694261e-01	1.870457e-02	-3.376047e-02	5.763964e-02	9.056340e-03	-4.434471e-02	
7.723087e-02	1.276719e-01	6.328557e-02	-8.757977e-02	6.267467e-02	-6.621647e-02	6.254715e-02	-4.319649e-02	5.569312e-03	-5.912638e-03	4.659829e-03	-3.799982e-03	6.122032e-03	-4.816663e-03	-6.521664e-01	1.000000e+00	-9.659887e-01	8.884268e-01	-9.031416e-01	5.492017e-01	1.912758e-01	-2.479968e-01	2.942368e-01	-1.243180e-01	5.951853e-02	
-4.353736e-02	-1.386285e-01	-8.101972e-02	1.002532e-01	-6.635656e-02	7.212397e-02	-7.027765e-02	5.198810e-02	-1.126800e-02	9.969811e-03	-8.361073e-03	5.568954e-03	-4.069800e-03	1.282280e-03	7.651423e-01	-9.659887e-01	1.000000e+00	-9.762982e-01	9.073576e-01	-4.568197e-01	-2.054143e-01	2.744751e-01	-3.357541e-01	1.378677e-01	-5.001097e-02	
-2.881794e-03	1.302836e-01	9.817330e-02	-1.061053e-01	6.314271e-02	-7.120599e-02	7.213428e-02	-5.802933e-02	1.832224e-02	-1.519434e-02	1.398372e-02	-1.007827e-02	2.046318e-03	3.371997e-03	-8.228603e-01	8.884268e-01	-9.762982e-01	1.000000e+00	-8.654890e-01	3.572657e-01	2.060154e-01	-2.812971e-01	3.518475e-01	-1.457291e-01	4.486728e-02	
5.259737e-02	-1.383056e-02	-1.369710e-01	9.423988e-02	-3.598740e-02	4.547141e-02	-5.185043e-02	5.501586e-02	-3.443710e-02	3.060578e-02	-3.727168e-02	4.435742e-02	-8.459097e-03	-1.285037e-02	6.451375e-01	-9.031416e-01	9.073576e-01	-8.654890e-01	1.000000e+00	-7.669197e-01	-1.382838e-01	1.874591e-01	-2.318945e-01	1.328295e-01	-1.213733e-01	
-5.134393e-02	-1.215176e-01	1.141639e-01	-4.489140e-02	-1.732098e-04	-6.085078e-03	1.422435e-02	-3.169670e-02	3.714444e-02	-3.154986e-02	4.332211e-02	-5.969290e-02	1.401120e-02	1.467742e-02	-1.694261e-01	5.492017e-01	-4.568197e-01	3.572657e-01	-7.669197e-01	1.000000e+00	5.481178e-03	-5.063648e-03	1.116681e-03	-6.523141e-02	1.759071e-01	
9.640205e-02	-1.280482e-04	-3.281376e-01	1.019477e-01	3.032842e-02	-3.110894e-02	2.767600e-02	-7.233308e-03	-1.936352e-02	9.384443e-02	-1.361860e-01	1.932964e-01	-5.436471e-02	-1.272898e-02	1.870457e-02	1.912758e-01	-2.054143e-01	2.060154e-01	-1.382838e-01	5.481178e-03	1.000000e+00	-9.706211e-01	8.358761e-01	-8.791474e-01	7.314316e-01	
-5.808666e-02	-5.050608e-02	4.711975e-01	-1.466521e-01	-3.194451e-02	3.575498e-02	-3.374248e-02	1.769662e-03	3.795819e-02	-1.315922e-01	1.953000e-01	-2.848923e-01	8.853503e-02	1.287541e-02	-3.376047e-02	-2.479968e-01	2.744751e-01	-2.812971e-01	1.874591e-01	-5.063648e-03	-9.706211e-01	1.000000e+00	-9.416651e-01	8.771111e-01	-6.792993e-01	
-4.424548e-02	1.454004e-01	-6.292771e-01	1.993675e-01	2.378512e-02	-3.204565e-02	3.328412e-02	1.178482e-02	-6.468534e-02	1.711449e-01	-2.605732e-01	3.915756e-01	-1.346099e-01	-8.333391e-03	5.763964e-02	2.942368e-01	-3.357541e-01	3.518475e-01	-2.318945e-01	1.116681e-03	8.358761e-01	-9.416651e-01	1.000000e+00	-7.833757e-01	5.289159e-01	
1.721843e-01	-1.547407e-01	1.894843e-01	-7.528629e-02	2.228927e-02	-1.831344e-02	1.412603e-02	-2.423969e-02	3.082969e-02	-5.277466e-02	8.472133e-02	-1.377789e-01	6.862829e-02	-1.599700e-02	9.056340e-03	-1.243180e-01	1.378677e-01	-1.457291e-01	1.328295e-01	-6.523141e-02	-8.791474e-01	8.771111e-01	-7.833757e-01	1.000000e+00	-9.296023e-01	
-1.563971e-01	8.395732e-02	5.804382e-02	-2.795541e-03	-3.179830e-02	3.056719e-02	-2.611922e-02	1.722825e-02	-2.567481e-03	-1.353797e-02	1.659361e-02	-1.494493e-02	-1.655546e-02	2.037826e-02	-4.434471e-02	5.951853e-02	-5.001097e-02	4.486728e-02	-1.213733e-01	1.759071e-01	7.314316e-01	-6.792993e-01	5.289159e-01	-9.296023e-01	1.000000e+00	

Time taken for mcmc chain: 1.576667 hours
