Number of steps: 1375670
Number of accepted steps: 1000000
Burn-in number of steps: 320000
Accepted fraction of steps: 0.726919
Convergence Status
R[0]= 1.144781	R[1]= 1.083765	R[2]= 1.047219	R[3]= 1.316986	R[4]= 1.051248	R[5]= 1.096185	R[6]= 1.201017	R[7]= 1.030833	R[8]= 1.003896	R[9]= 1.016911	R[10]= 1.023763	R[11]= 1.039185	R[12]= 1.083141	R[13]= 1.093843	R[14]= 1.135279	R[15]= 1.034892	R[16]= 1.050584	R[17]= 1.077382	R[18]= 1.036119	R[19]= 1.015899	R[20]= 1.266512	R[21]= 1.227028	R[22]= 1.179383	R[23]= 1.148940	R[24]= 1.131899	
<R>= 1.101468

Mean parameters
A[0]= 9.277110e-01 pm 4.645774e-02
A[1]= 1.041255e+00 pm 1.921560e-02
A[2]= 4.340350e-01 pm 2.214013e-01
A[3]= 7.023000e-01 pm 2.977255e-01
A[4]= 1.129135e+04 pm 2.522929e+03
A[5]= -8.153552e+03 pm 1.428332e+03
A[6]= 2.337741e+03 pm 3.100272e+02
A[7]= -1.499971e+01 pm 1.412899e+01
A[8]= -1.060206e-01 pm 1.989818e-01
A[9]= 9.832987e+03 pm 7.905047e+03
A[10]= -7.072171e+03 pm 4.435945e+03
A[11]= 1.491204e+03 pm 8.186358e+02
A[12]= -3.385187e+01 pm 5.242919e+01
A[13]= 3.483012e-01 pm 1.004443e+00
A[14]= 7.085139e-01 pm 3.508890e-01
A[15]= 9.625833e+03 pm 4.134898e+03
A[16]= -6.627930e+03 pm 2.298426e+03
A[17]= 1.955458e+03 pm 4.627193e+02
A[18]= 5.467218e+00 pm 2.129910e+01
A[19]= -3.106558e-01 pm 2.655509e-01
A[20]= 1.985651e+04 pm 1.141455e+04
A[21]= -1.225051e+04 pm 6.217250e+03
A[22]= 2.159074e+03 pm 1.102383e+03
A[23]= -4.089406e+01 pm 6.922148e+01
A[24]= -2.141107e-01 pm 1.282429e+00

Best-fitting parameters
A[0]= 8.864000e-01
A[1]= 1.042380e+00
A[2]= 4.901167e-01
A[3]= 6.012452e-01
A[4]= 1.520484e+04
A[5]= -1.028211e+04
A[6]= 2.745921e+03
A[7]= -3.681187e+01
A[8]= 1.740781e-01
A[9]= 1.117394e+04
A[10]= -7.967040e+03
A[11]= 1.679561e+03
A[12]= -4.872502e+01
A[13]= 8.565538e-01
A[14]= 1.063217e+00
A[15]= 8.646486e+03
A[16]= -5.823813e+03
A[17]= 1.716296e+03
A[18]= -9.459769e-01
A[19]= -1.304483e-01
A[20]= 1.323433e+04
A[21]= -8.477348e+03
A[22]= 1.478107e+03
A[23]= -1.290365e+01
A[24]= -5.377555e-01
chi2_min= 1.296488e+02


Cross-Covariance parameters
1.000000e+00	3.301962e-02	-3.098289e-01	1.132350e-01	8.728672e-02	-6.876189e-02	5.770967e-03	4.355181e-02	-4.404408e-02	7.660393e-02	-6.975270e-02	4.554044e-02	1.009415e-02	-3.872683e-02	1.069579e-01	-1.153954e-01	1.178748e-01	-1.413416e-01	2.014285e-01	-2.086734e-01	2.978992e-02	-3.479646e-02	1.556898e-02	3.943244e-02	-6.026575e-02	
3.301962e-02	1.000000e+00	1.676039e-01	3.855182e-01	5.060240e-02	5.164614e-02	-2.238971e-01	-8.348361e-02	1.719734e-01	-1.686461e-01	1.712281e-01	-1.748257e-01	1.055913e-01	-6.274073e-02	1.149807e-01	-1.274707e-03	5.816799e-02	-1.370660e-01	7.316871e-02	-4.847299e-02	7.459060e-02	-5.567314e-02	2.423239e-02	-1.370055e-02	-3.817814e-02	
-3.098289e-01	1.676039e-01	1.000000e+00	-2.922972e-01	-1.016830e-01	8.272459e-02	-4.754949e-02	8.569798e-03	2.011003e-02	-1.927747e-01	2.414492e-01	-3.054855e-01	1.997945e-01	-1.894835e-01	-4.131411e-01	2.156455e-01	-2.184854e-01	2.170157e-01	-1.779715e-01	1.055538e-01	-6.525925e-02	9.581465e-02	-1.425372e-01	6.500207e-02	-5.722934e-02	
1.132350e-01	3.855182e-01	-2.922972e-01	1.000000e+00	-2.647884e-01	4.203258e-01	-6.486714e-01	1.205897e-01	4.385682e-02	-6.261508e-02	3.595688e-02	-7.702021e-03	-7.557487e-02	8.732695e-02	2.518972e-01	-1.107443e-01	1.442957e-01	-1.922928e-01	1.615158e-01	-1.173977e-01	7.149978e-02	-7.696574e-02	8.697527e-02	-6.693149e-02	4.952645e-02	
8.728672e-02	5.060240e-02	-1.016830e-01	-2.647884e-01	1.000000e+00	-9.742095e-01	8.473467e-01	-8.204167e-01	6.659192e-01	5.231556e-02	-7.294560e-02	1.030961e-01	-1.039548e-01	2.095437e-01	5.030133e-02	1.246350e-01	-1.070592e-01	7.036625e-02	-8.738055e-02	8.234663e-02	1.598526e-01	-1.737073e-01	1.841265e-01	-1.811831e-01	1.522189e-01	
-6.876189e-02	5.164614e-02	8.272459e-02	4.203258e-01	-9.742095e-01	1.000000e+00	-9.425043e-01	8.432411e-01	-6.745648e-01	-2.546556e-02	4.510193e-02	-7.663026e-02	6.021696e-02	-1.728386e-01	-1.898687e-02	-1.294797e-01	1.201595e-01	-9.648720e-02	1.073306e-01	-9.746608e-02	-1.187465e-01	1.329861e-01	-1.451125e-01	1.414579e-01	-1.171884e-01	
5.770967e-03	-2.238971e-01	-4.754949e-02	-6.486714e-01	8.473467e-01	-9.425043e-01	1.000000e+00	-7.739735e-01	5.978902e-01	2.062058e-02	-3.506159e-02	6.356415e-02	-1.918189e-02	1.258995e-01	-4.398504e-02	1.293160e-01	-1.358143e-01	1.388760e-01	-1.389028e-01	1.214319e-01	6.202888e-02	-7.494613e-02	8.777151e-02	-8.313845e-02	7.048876e-02	
4.355181e-02	-8.348361e-02	8.569798e-03	1.205897e-01	-8.204167e-01	8.432411e-01	-7.739735e-01	1.000000e+00	-9.541596e-01	1.591112e-01	-1.253200e-01	7.212213e-02	-2.833874e-03	-1.958926e-01	1.011859e-02	-1.906815e-01	1.714721e-01	-1.380953e-01	1.479624e-01	-1.369122e-01	-1.308155e-01	1.430911e-01	-1.552579e-01	1.525608e-01	-1.245735e-01	
-4.404408e-02	1.719734e-01	2.011003e-02	4.385682e-02	6.659192e-01	-6.745648e-01	5.978902e-01	-9.541596e-01	1.000000e+00	-2.466615e-01	2.136496e-01	-1.585885e-01	5.681201e-02	1.689998e-01	-3.770884e-02	2.098412e-01	-1.856012e-01	1.490874e-01	-1.442821e-01	1.269779e-01	1.397150e-01	-1.509065e-01	1.609037e-01	-1.542018e-01	1.258296e-01	
7.660393e-02	-1.686461e-01	-1.927747e-01	-6.261508e-02	5.231556e-02	-2.546556e-02	2.062058e-02	1.591112e-01	-2.466615e-01	1.000000e+00	-9.911331e-01	9.602465e-01	-9.015703e-01	7.904895e-01	6.251146e-02	-1.812331e-01	1.606088e-01	-1.235579e-01	1.316219e-01	-8.172840e-02	2.196450e-01	-2.127878e-01	2.041832e-01	-1.826250e-01	1.639846e-01	
-6.975270e-02	1.712281e-01	2.414492e-01	3.595688e-02	-7.294560e-02	4.510193e-02	-3.506159e-02	-1.253200e-01	2.136496e-01	-9.911331e-01	1.000000e+00	-9.879577e-01	9.404670e-01	-8.415061e-01	-9.989349e-02	1.880575e-01	-1.696266e-01	1.365881e-01	-1.363057e-01	8.125314e-02	-2.123687e-01	2.070434e-01	-2.009858e-01	1.743876e-01	-1.561224e-01	
4.554044e-02	-1.748257e-01	-3.054855e-01	-7.702021e-03	1.030961e-01	-7.663026e-02	6.356415e-02	7.212213e-02	-1.585885e-01	9.602465e-01	-9.879577e-01	1.000000e+00	-9.669098e-01	8.881174e-01	1.478653e-01	-1.913571e-01	1.762400e-01	-1.487883e-01	1.361811e-01	-7.496568e-02	2.010113e-01	-1.980254e-01	1.963094e-01	-1.643638e-01	1.471338e-01	
1.009415e-02	1.055913e-01	1.997945e-01	-7.557487e-02	-1.039548e-01	6.021696e-02	-1.918189e-02	-2.833874e-03	5.681201e-02	-9.015703e-01	9.404670e-01	-9.669098e-01	1.000000e+00	-9.617014e-01	-1.249217e-01	1.405364e-01	-1.339107e-01	1.204266e-01	-1.055455e-01	4.822457e-02	-1.992764e-01	1.927296e-01	-1.862059e-01	1.637081e-01	-1.469605e-01	
-3.872683e-02	-6.274073e-02	-1.894835e-01	8.732695e-02	2.095437e-01	-1.728386e-01	1.258995e-01	-1.958926e-01	1.689998e-01	7.904895e-01	-8.415061e-01	8.881174e-01	-9.617014e-01	1.000000e+00	1.098477e-01	-9.083751e-02	9.039494e-02	-8.319699e-02	7.162844e-02	-1.631946e-02	2.015569e-01	-1.980562e-01	1.960378e-01	-1.727220e-01	1.531829e-01	
1.069579e-01	1.149807e-01	-4.131411e-01	2.518972e-01	5.030133e-02	-1.898687e-02	-4.398504e-02	1.011859e-02	-3.770884e-02	6.251146e-02	-9.989349e-02	1.478653e-01	-1.249217e-01	1.098477e-01	1.000000e+00	-4.402813e-01	5.396695e-01	-6.888331e-01	3.195896e-01	-1.508336e-01	-2.889754e-01	3.010454e-01	-3.037026e-01	2.644567e-01	-2.510732e-01	
-1.153954e-01	-1.274707e-03	2.156455e-01	-1.107443e-01	1.246350e-01	-1.294797e-01	1.293160e-01	-1.906815e-01	2.098412e-01	-1.812331e-01	1.880575e-01	-1.913571e-01	1.405364e-01	-9.083751e-02	-4.402813e-01	1.000000e+00	-9.862032e-01	9.146722e-01	-8.871953e-01	7.781599e-01	1.992027e-01	-2.083755e-01	2.208316e-01	-2.486635e-01	2.874147e-01	
1.178748e-01	5.816799e-02	-2.184854e-01	1.442957e-01	-1.070592e-01	1.201595e-01	-1.358143e-01	1.714721e-01	-1.856012e-01	1.606088e-01	-1.696266e-01	1.762400e-01	-1.339107e-01	9.039494e-02	5.396695e-01	-9.862032e-01	1.000000e+00	-9.671349e-01	9.061961e-01	-7.876330e-01	-2.218500e-01	2.358735e-01	-2.538100e-01	2.759378e-01	-3.173676e-01	
-1.413416e-01	-1.370660e-01	2.170157e-01	-1.922928e-01	7.036625e-02	-9.648720e-02	1.388760e-01	-1.380953e-01	1.490874e-01	-1.235579e-01	1.365881e-01	-1.487883e-01	1.204266e-01	-8.319699e-02	-6.888331e-01	9.146722e-01	-9.671349e-01	1.000000e+00	-8.783273e-01	7.528249e-01	2.629067e-01	-2.840854e-01	3.106414e-01	-3.208357e-01	3.627925e-01	
2.014285e-01	7.316871e-02	-1.779715e-01	1.615158e-01	-8.738055e-02	1.073306e-01	-1.389028e-01	1.479624e-01	-1.442821e-01	1.316219e-01	-1.363057e-01	1.361811e-01	-1.055455e-01	7.162844e-02	3.195896e-01	-8.871953e-01	9.061961e-01	-8.783273e-01	1.000000e+00	-9.647723e-01	-1.489070e-01	1.639406e-01	-1.919994e-01	2.641007e-01	-3.470416e-01	
-2.086734e-01	-4.847299e-02	1.055538e-01	-1.173977e-01	8.234663e-02	-9.746608e-02	1.214319e-01	-1.369122e-01	1.269779e-01	-8.172840e-02	8.125314e-02	-7.496568e-02	4.822457e-02	-1.631946e-02	-1.508336e-01	7.781599e-01	-7.876330e-01	7.528249e-01	-9.647723e-01	1.000000e+00	1.205064e-01	-1.326081e-01	1.629424e-01	-2.538379e-01	3.562313e-01	
2.978992e-02	7.459060e-02	-6.525925e-02	7.149978e-02	1.598526e-01	-1.187465e-01	6.202888e-02	-1.308155e-01	1.397150e-01	2.196450e-01	-2.123687e-01	2.010113e-01	-1.992764e-01	2.015569e-01	-2.889754e-01	1.992027e-01	-2.218500e-01	2.629067e-01	-1.489070e-01	1.205064e-01	1.000000e+00	-9.919678e-01	9.571655e-01	-8.965785e-01	8.186106e-01	
-3.479646e-02	-5.567314e-02	9.581465e-02	-7.696574e-02	-1.737073e-01	1.329861e-01	-7.494613e-02	1.430911e-01	-1.509065e-01	-2.127878e-01	2.070434e-01	-1.980254e-01	1.927296e-01	-1.980562e-01	3.010454e-01	-2.083755e-01	2.358735e-01	-2.840854e-01	1.639406e-01	-1.326081e-01	-9.919678e-01	1.000000e+00	-9.853614e-01	9.351345e-01	-8.614466e-01	
1.556898e-02	2.423239e-02	-1.425372e-01	8.697527e-02	1.841265e-01	-1.451125e-01	8.777151e-02	-1.552579e-01	1.609037e-01	2.041832e-01	-2.009858e-01	1.963094e-01	-1.862059e-01	1.960378e-01	-3.037026e-01	2.208316e-01	-2.538100e-01	3.106414e-01	-1.919994e-01	1.629424e-01	9.571655e-01	-9.853614e-01	1.000000e+00	-9.692807e-01	9.088533e-01	
3.943244e-02	-1.370055e-02	6.500207e-02	-6.693149e-02	-1.811831e-01	1.414579e-01	-8.313845e-02	1.525608e-01	-1.542018e-01	-1.826250e-01	1.743876e-01	-1.643638e-01	1.637081e-01	-1.727220e-01	2.644567e-01	-2.486635e-01	2.759378e-01	-3.208357e-01	2.641007e-01	-2.538379e-01	-8.965785e-01	9.351345e-01	-9.692807e-01	1.000000e+00	-9.756375e-01	
-6.026575e-02	-3.817814e-02	-5.722934e-02	4.952645e-02	1.522189e-01	-1.171884e-01	7.048876e-02	-1.245735e-01	1.258296e-01	1.639846e-01	-1.561224e-01	1.471338e-01	-1.469605e-01	1.531829e-01	-2.510732e-01	2.874147e-01	-3.173676e-01	3.627925e-01	-3.470416e-01	3.562313e-01	8.186106e-01	-8.614466e-01	9.088533e-01	-9.756375e-01	1.000000e+00	

Time taken for mcmc chain: 9.916667 minutes
