Number of steps: 6373726
Number of accepted steps: 1000000
Burn-in number of steps: 320000
Accepted fraction of steps: 0.156894
Convergence Status
R[0]= 1.005754	R[1]= 1.010458	R[2]= 1.131857	R[3]= 1.084451	R[4]= 1.012446	R[5]= 1.015469	R[6]= 1.018059	R[7]= 1.000961	R[8]= 1.003456	R[9]= 1.005863	R[10]= 1.008563	R[11]= 1.012829	R[12]= 1.005648	R[13]= 1.005435	R[14]= 1.035100	R[15]= 1.011398	R[16]= 1.013690	R[17]= 1.015050	R[18]= 1.000751	R[19]= 1.001533	R[20]= 1.021968	R[21]= 1.031371	R[22]= 1.044780	R[23]= 1.013626	R[24]= 1.016169	
<R>= 1.021067

Mean parameters
A[0]= 1.029636e+00 pm 3.787723e-02
A[1]= 1.160865e+00 pm 3.761210e-02
A[2]= 9.033566e-01 pm 5.589200e-01
A[3]= 2.913862e+00 pm 1.105283e+00
A[4]= 1.473428e+02 pm 3.334721e+03
A[5]= -1.087192e+03 pm 2.049778e+03
A[6]= 8.171791e+02 pm 4.242227e+02
A[7]= -8.851634e+00 pm 1.257588e+01
A[8]= -1.079752e-01 pm 1.837741e-01
A[9]= -4.682547e+03 pm 7.087726e+03
A[10]= 1.959025e+03 pm 4.064043e+03
A[11]= -4.286009e+02 pm 7.704069e+02
A[12]= 9.289889e+00 pm 4.528511e+01
A[13]= -3.340652e-01 pm 8.696701e-01
A[14]= 3.853110e+00 pm 1.393948e+00
A[15]= -5.823045e+03 pm 4.627907e+03
A[16]= 2.977497e+03 pm 2.854208e+03
A[17]= -4.211627e+01 pm 5.941338e+02
A[18]= 7.133092e-01 pm 1.889898e+01
A[19]= -1.188666e-01 pm 2.602816e-01
A[20]= -1.872171e+03 pm 1.016140e+04
A[21]= 7.297317e+02 pm 5.875692e+03
A[22]= -4.149612e+02 pm 1.125564e+03
A[23]= -5.328910e+00 pm 6.505343e+01
A[24]= -4.208356e-01 pm 1.244386e+00

Best-fitting parameters
A[0]= 1.057248e+00
A[1]= 1.123769e+00
A[2]= 4.999067e-01
A[3]= 3.924082e+00
A[4]= 5.805453e+01
A[5]= -8.567844e+02
A[6]= 7.244727e+02
A[7]= -1.157946e+01
A[8]= -7.250804e-02
A[9]= -9.811825e+03
A[10]= 4.700117e+03
A[11]= -8.835289e+02
A[12]= 5.472355e+01
A[13]= -1.071502e+00
A[14]= 4.751692e+00
A[15]= -4.790448e+03
A[16]= 2.366060e+03
A[17]= 7.426666e+01
A[18]= -3.097846e+00
A[19]= -7.892114e-02
A[20]= -6.558232e+03
A[21]= 2.827079e+03
A[22]= -7.213471e+02
A[23]= 5.625011e+01
A[24]= -1.594705e+00
chi2_min= 1.144914e+02


Cross-Covariance parameters
1.000000e+00	-5.197561e-01	-1.512082e-01	8.920382e-02	3.309815e-02	-3.205078e-02	2.495613e-02	4.568428e-02	-2.767162e-02	4.865312e-03	1.107936e-02	-4.526523e-02	7.672995e-02	-4.235148e-02	9.081738e-02	4.414698e-02	-4.246652e-02	3.545375e-02	5.013265e-02	-3.619188e-02	-2.294391e-02	3.703623e-02	-6.892965e-02	1.229166e-01	-9.543707e-02	
-5.197561e-01	1.000000e+00	1.889282e-01	-2.306166e-01	2.897344e-02	-3.110078e-02	2.402365e-02	1.232424e-01	-1.150140e-01	4.678006e-02	-6.071614e-02	8.410011e-02	-6.798562e-02	1.295647e-02	-1.561044e-01	-9.350270e-02	1.021846e-01	-1.163883e-01	1.028723e-01	-7.764020e-02	3.033445e-04	-7.975341e-03	2.696200e-02	-9.618609e-02	6.861834e-02	
-1.512082e-01	1.889282e-01	1.000000e+00	-7.181605e-01	1.723077e-01	-1.830870e-01	1.954133e-01	1.227944e-02	-6.263239e-02	-2.136930e-01	2.791395e-01	-3.585020e-01	-2.100154e-01	2.160322e-01	-6.321970e-01	-8.316158e-02	8.999933e-02	-8.956523e-02	-3.754317e-02	3.552836e-02	-2.838223e-01	3.566706e-01	-4.420302e-01	-3.147095e-01	3.400260e-01	
8.920382e-02	-2.306166e-01	-7.181605e-01	1.000000e+00	-5.735171e-01	6.297967e-01	-6.708105e-01	-1.927025e-01	3.083526e-01	8.657116e-02	-1.144349e-01	1.552120e-01	4.487715e-02	-4.188648e-03	4.742748e-01	8.835477e-02	-9.484288e-02	9.704168e-02	2.324250e-03	-8.334452e-03	2.303957e-01	-2.840445e-01	3.460501e-01	2.220723e-01	-2.398174e-01	
3.309815e-02	2.897344e-02	1.723077e-01	-5.735171e-01	1.000000e+00	-9.880307e-01	9.542647e-01	-3.162448e-01	1.139502e-01	3.265741e-02	-6.061569e-02	8.862725e-02	1.550221e-01	-1.275285e-01	-8.974360e-02	-2.849057e-02	2.705013e-02	-2.520068e-02	1.781371e-02	-1.454762e-02	-7.076500e-02	8.117943e-02	-9.351141e-02	-2.005770e-02	2.427625e-02	
-3.205078e-02	-3.110078e-02	-1.830870e-01	6.297967e-01	-9.880307e-01	1.000000e+00	-9.883740e-01	2.460536e-01	-5.028371e-02	-3.851120e-02	6.907743e-02	-9.978047e-02	-1.731428e-01	1.549575e-01	9.326306e-02	3.254563e-02	-3.126182e-02	2.946185e-02	-1.887421e-02	1.524000e-02	7.519716e-02	-8.655051e-02	9.988136e-02	2.152752e-02	-2.575351e-02	
2.495613e-02	2.402365e-02	1.954133e-01	-6.708105e-01	9.542647e-01	-9.883740e-01	1.000000e+00	-1.891248e-01	8.315448e-03	4.298964e-02	-7.498760e-02	1.073978e-01	1.783705e-01	-1.643529e-01	-9.840708e-02	-3.400768e-02	3.285500e-02	-3.091324e-02	1.661502e-02	-1.371595e-02	-7.885969e-02	9.139950e-02	-1.059881e-01	-2.475161e-02	2.910098e-02	
4.568428e-02	1.232424e-01	1.227944e-02	-1.927025e-01	-3.162448e-01	2.460536e-01	-1.891248e-01	1.000000e+00	-9.576082e-01	1.781597e-01	-1.770232e-01	1.622481e-01	1.076002e-02	-2.021270e-01	-1.316967e-02	-1.728407e-02	1.841572e-02	-2.195216e-02	3.581109e-02	-2.756070e-02	-5.728612e-03	5.992027e-03	-6.167752e-03	3.012358e-03	-4.706700e-03	
-2.767162e-02	-1.150140e-01	-6.263239e-02	3.083526e-01	1.139502e-01	-5.028371e-02	8.315448e-03	-9.576082e-01	1.000000e+00	-1.905380e-01	1.933315e-01	-1.807899e-01	-2.678527e-02	2.358565e-01	3.849972e-02	2.493548e-02	-2.537923e-02	2.737338e-02	-2.981478e-02	2.146978e-02	2.666135e-02	-2.964352e-02	3.266498e-02	8.101681e-03	-8.312300e-03	
4.865312e-03	4.678006e-02	-2.136930e-01	8.657116e-02	3.265741e-02	-3.851120e-02	4.298964e-02	1.781597e-01	-1.905380e-01	1.000000e+00	-9.885897e-01	9.453908e-01	-7.172486e-01	5.879827e-01	1.550587e-01	1.103681e-02	-1.297454e-02	1.195034e-02	2.406608e-02	-2.022443e-02	8.354934e-02	-1.023587e-01	1.246537e-01	6.867953e-02	-7.941074e-02	
1.107936e-02	-6.071614e-02	2.791395e-01	-1.144349e-01	-6.061569e-02	6.907743e-02	-7.498760e-02	-1.770232e-01	1.933315e-01	-9.885897e-01	1.000000e+00	-9.830595e-01	6.954174e-01	-5.712923e-01	-2.000034e-01	-1.491828e-02	1.766188e-02	-1.674505e-02	-3.068903e-02	2.658576e-02	-1.041867e-01	1.294231e-01	-1.597911e-01	-9.132310e-02	1.051483e-01	
-4.526523e-02	8.410011e-02	-3.585020e-01	1.552120e-01	8.862725e-02	-9.978047e-02	1.073978e-01	1.622481e-01	-1.807899e-01	9.453908e-01	-9.830595e-01	1.000000e+00	-6.454814e-01	5.349805e-01	2.542861e-01	1.995848e-02	-2.363132e-02	2.288253e-02	3.750411e-02	-3.346315e-02	1.302049e-01	-1.636314e-01	2.044805e-01	1.175490e-01	-1.355747e-01	
7.672995e-02	-6.798562e-02	-2.100154e-01	4.487715e-02	1.550221e-01	-1.731428e-01	1.783705e-01	1.076002e-02	-2.678527e-02	-7.172486e-01	6.954174e-01	-6.454814e-01	1.000000e+00	-9.597749e-01	1.490583e-01	7.321124e-03	-9.786991e-03	1.090690e-02	2.010615e-02	-1.854922e-02	3.940265e-02	-5.457902e-02	7.238839e-02	9.313226e-02	-9.728674e-02	
-4.235148e-02	1.295647e-02	2.160322e-01	-4.188648e-03	-1.275285e-01	1.549575e-01	-1.643529e-01	-2.021270e-01	2.358565e-01	5.879827e-01	-5.712923e-01	5.349805e-01	-9.597749e-01	1.000000e+00	-1.536720e-01	5.889401e-04	2.026326e-03	-2.907505e-03	-2.730323e-02	2.371623e-02	-4.290150e-02	5.997777e-02	-8.076814e-02	-9.407644e-02	1.005606e-01	
9.081738e-02	-1.561044e-01	-6.321970e-01	4.742748e-01	-8.974360e-02	9.326306e-02	-9.840708e-02	-1.316967e-02	3.849972e-02	1.550587e-01	-2.000034e-01	2.542861e-01	1.490583e-01	-1.536720e-01	1.000000e+00	-4.736457e-01	5.274356e-01	-5.677241e-01	-1.986815e-01	2.871212e-01	6.362044e-02	-9.009412e-02	1.265885e-01	8.937621e-02	-7.767607e-02	
4.414698e-02	-9.350270e-02	-8.316158e-02	8.835477e-02	-2.849057e-02	3.254563e-02	-3.400768e-02	-1.728407e-02	2.493548e-02	1.103681e-02	-1.491828e-02	1.995848e-02	7.321124e-03	5.889401e-04	-4.736457e-01	1.000000e+00	-9.874215e-01	9.514634e-01	-3.202055e-01	1.449220e-01	1.941358e-01	-2.254406e-01	2.561945e-01	1.104456e-01	-1.054169e-01	
-4.246652e-02	1.021846e-01	8.999933e-02	-9.484288e-02	2.705013e-02	-3.126182e-02	3.285500e-02	1.841572e-02	-2.537923e-02	-1.297454e-02	1.766188e-02	-2.363132e-02	-9.786991e-03	2.026326e-03	5.274356e-01	-9.874215e-01	1.000000e+00	-9.875548e-01	2.484879e-01	-7.850495e-02	-2.048987e-01	2.398773e-01	-2.745393e-01	-1.339865e-01	1.343228e-01	
3.545375e-02	-1.163883e-01	-8.956523e-02	9.704168e-02	-2.520068e-02	2.946185e-02	-3.091324e-02	-2.195216e-02	2.737338e-02	1.195034e-02	-1.674505e-02	2.288253e-02	1.090690e-02	-2.907505e-03	-5.677241e-01	9.514634e-01	-9.875548e-01	1.000000e+00	-1.879552e-01	3.112759e-02	2.067235e-01	-2.443974e-01	2.822823e-01	1.493636e-01	-1.518585e-01	
5.013265e-02	1.028723e-01	-3.754317e-02	2.324250e-03	1.781371e-02	-1.887421e-02	1.661502e-02	3.581109e-02	-2.981478e-02	2.406608e-02	-3.068903e-02	3.750411e-02	2.010615e-02	-2.730323e-02	-1.986815e-01	-3.202055e-01	2.484879e-01	-1.879552e-01	1.000000e+00	-9.676922e-01	5.451384e-02	-6.361496e-02	6.817757e-02	1.447638e-01	-2.344356e-01	
-3.619188e-02	-7.764020e-02	3.552836e-02	-8.334452e-03	-1.454762e-02	1.524000e-02	-1.371595e-02	-2.756070e-02	2.146978e-02	-2.022443e-02	2.658576e-02	-3.346315e-02	-1.854922e-02	2.371623e-02	2.871212e-01	1.449220e-01	-7.850495e-02	3.112759e-02	-9.676922e-01	1.000000e+00	-9.217873e-02	1.040570e-01	-1.098172e-01	-1.558899e-01	2.577048e-01	
-2.294391e-02	3.033445e-04	-2.838223e-01	2.303957e-01	-7.076500e-02	7.519716e-02	-7.885969e-02	-5.728612e-03	2.666135e-02	8.354934e-02	-1.041867e-01	1.302049e-01	3.940265e-02	-4.290150e-02	6.362044e-02	1.941358e-01	-2.048987e-01	2.067235e-01	5.451384e-02	-9.217873e-02	1.000000e+00	-9.891915e-01	9.484613e-01	-6.526609e-01	5.553964e-01	
3.703623e-02	-7.975341e-03	3.566706e-01	-2.840445e-01	8.117943e-02	-8.655051e-02	9.139950e-02	5.992027e-03	-2.964352e-02	-1.023587e-01	1.294231e-01	-1.636314e-01	-5.457902e-02	5.997777e-02	-9.009412e-02	-2.254406e-01	2.398773e-01	-2.443974e-01	-6.361496e-02	1.040570e-01	-9.891915e-01	1.000000e+00	-9.840785e-01	6.206264e-01	-5.271565e-01	
-6.892965e-02	2.696200e-02	-4.420302e-01	3.460501e-01	-9.351141e-02	9.988136e-02	-1.059881e-01	-6.167752e-03	3.266498e-02	1.246537e-01	-1.597911e-01	2.044805e-01	7.238839e-02	-8.076814e-02	1.265885e-01	2.561945e-01	-2.745393e-01	2.822823e-01	6.817757e-02	-1.098172e-01	9.484613e-01	-9.840785e-01	1.000000e+00	-5.603226e-01	4.765659e-01	
1.229166e-01	-9.618609e-02	-3.147095e-01	2.220723e-01	-2.005770e-02	2.152752e-02	-2.475161e-02	3.012358e-03	8.101681e-03	6.867953e-02	-9.132310e-02	1.175490e-01	9.313226e-02	-9.407644e-02	8.937621e-02	1.104456e-01	-1.339865e-01	1.493636e-01	1.447638e-01	-1.558899e-01	-6.526609e-01	6.206264e-01	-5.603226e-01	1.000000e+00	-9.781656e-01	
-9.543707e-02	6.861834e-02	3.400260e-01	-2.398174e-01	2.427625e-02	-2.575351e-02	2.910098e-02	-4.706700e-03	-8.312300e-03	-7.941074e-02	1.051483e-01	-1.355747e-01	-9.728674e-02	1.005606e-01	-7.767607e-02	-1.054169e-01	1.343228e-01	-1.518585e-01	-2.344356e-01	2.577048e-01	5.553964e-01	-5.271565e-01	4.765659e-01	-9.781656e-01	1.000000e+00	

Time taken for mcmc chain: 36.333333 minutes
