Number of steps: 20618487
Number of accepted steps: 1000000
Burn-in number of steps: 320000
Accepted fraction of steps: 0.048500
Convergence Status
R[0]= 1.032474	R[1]= 1.042992	R[2]= 1.046540	R[3]= 1.051139	R[4]= 1.066066	R[5]= 1.083084	R[6]= 1.094108	R[7]= 1.041297	R[8]= 1.000229	R[9]= 1.031207	R[10]= 1.050804	R[11]= 1.074793	R[12]= 1.006627	R[13]= 1.001518	R[14]= 1.052433	R[15]= 1.021884	R[16]= 1.028492	R[17]= 1.032681	R[18]= 1.014973	R[19]= 1.000217	R[20]= 1.003098	R[21]= 1.005565	R[22]= 1.009420	R[23]= 1.001658	R[24]= 1.003675	
<R>= 1.031879

Mean parameters
A[0]= 9.001256e-01 pm 3.626096e-02
A[1]= 9.846533e-01 pm 2.602589e-02
A[2]= 5.952644e-01 pm 3.912384e-01
A[3]= 3.650229e+00 pm 1.259645e+00
A[4]= -9.290178e+02 pm 4.492530e+03
A[5]= 1.740967e+03 pm 3.387445e+03
A[6]= -5.828357e+02 pm 9.709205e+02
A[7]= 2.986504e+01 pm 1.853231e+01
A[8]= -2.069662e-01 pm 1.880230e-01
A[9]= 5.966247e+03 pm 9.459637e+03
A[10]= -2.827601e+03 pm 6.117985e+03
A[11]= 4.057701e+01 pm 1.498910e+03
A[12]= -3.008058e+01 pm 5.237101e+01
A[13]= 6.998053e-01 pm 9.698048e-01
A[14]= 7.308171e+00 pm 2.247823e+00
A[15]= -1.332176e+04 pm 6.136792e+03
A[16]= 1.272163e+04 pm 4.548115e+03
A[17]= -3.944177e+03 pm 1.293121e+03
A[18]= 7.361459e+01 pm 2.595334e+01
A[19]= -1.655861e-01 pm 2.683918e-01
A[20]= 1.361301e+04 pm 1.355989e+04
A[21]= -5.309656e+03 pm 9.025843e+03
A[22]= -2.712843e+02 pm 2.312441e+03
A[23]= -8.083853e+01 pm 7.338541e+01
A[24]= 1.556358e+00 pm 1.350633e+00

Best-fitting parameters
A[0]= 9.096047e-01
A[1]= 9.804939e-01
A[2]= 7.136528e-01
A[3]= 2.619040e+00
A[4]= 6.393993e+02
A[5]= 2.515527e+01
A[6]= 2.496791e+01
A[7]= 2.489461e+01
A[8]= -2.330309e-01
A[9]= 1.658795e+03
A[10]= -2.611138e+00
A[11]= -5.672822e+02
A[12]= 1.570240e+01
A[13]= -1.164376e-01
A[14]= 7.270985e+00
A[15]= -1.502257e+04
A[16]= 1.438867e+04
A[17]= -4.530548e+03
A[18]= 7.168484e+01
A[19]= -2.511473e-02
A[20]= 7.024378e+03
A[21]= -1.297134e+02
A[22]= -1.846981e+03
A[23]= -6.980583e+01
A[24]= 1.865863e+00
chi2_min= 9.934507e+01


Cross-Covariance parameters
1.000000e+00	-5.009042e-01	-1.951578e-01	1.834665e-01	-1.878298e-02	3.955516e-02	-6.550188e-02	1.035583e-01	-6.824998e-02	3.550421e-02	-2.720986e-02	-5.073644e-03	1.257304e-01	-1.236211e-01	9.121585e-02	8.883005e-02	-7.413236e-02	4.487507e-02	4.591442e-02	-7.262145e-02	1.005804e-01	-7.634167e-02	1.526028e-02	1.642066e-01	-1.670864e-01	
-5.009042e-01	1.000000e+00	2.264662e-01	-2.583557e-01	7.704048e-02	-7.731271e-02	6.923747e-02	2.158163e-03	-7.206961e-02	-4.039398e-02	3.810729e-02	-2.174553e-02	-7.553120e-02	6.039720e-02	-2.455913e-01	7.348181e-02	-7.622439e-02	6.720261e-02	5.112737e-02	-1.389050e-01	-6.535704e-02	5.094232e-02	-1.355233e-02	-1.009076e-01	8.513652e-02	
-1.951578e-01	2.264662e-01	1.000000e+00	-5.370783e-01	-8.662156e-02	1.053686e-01	-1.136849e-01	1.639216e-03	1.138049e-01	-4.575661e-01	5.963993e-01	-7.336006e-01	1.822643e-01	1.318170e-01	-7.562330e-01	1.133591e-01	-1.310434e-01	1.475772e-01	-1.827622e-01	1.156210e-01	-5.010212e-01	6.384746e-01	-7.640728e-01	1.792788e-01	1.692725e-01	
1.834665e-01	-2.583557e-01	-5.370783e-01	1.000000e+00	-6.368216e-01	6.945096e-01	-7.251663e-01	5.554147e-01	-8.689914e-02	7.553547e-02	-1.107674e-01	1.511499e-01	-3.638050e-02	-2.218496e-02	4.114434e-01	-4.152280e-02	5.220605e-02	-6.080467e-02	7.263893e-02	-4.121487e-02	2.801434e-01	-3.489064e-01	4.065667e-01	-8.718644e-02	-9.374321e-02	
-1.878298e-02	7.704048e-02	-8.662156e-02	-6.368216e-01	1.000000e+00	-9.795833e-01	9.316391e-01	-8.829985e-01	3.704622e-01	2.150295e-01	-2.807518e-01	3.419599e-01	-7.206017e-02	-2.852914e-02	7.316218e-02	-1.481353e-02	1.418286e-02	-1.527461e-02	3.341029e-02	-3.346819e-02	4.891083e-02	-6.816514e-02	8.929496e-02	-1.817722e-02	-2.815640e-02	
3.955516e-02	-7.731271e-02	1.053686e-01	6.945096e-01	-9.795833e-01	1.000000e+00	-9.852927e-01	8.647968e-01	-2.898301e-01	-2.467301e-01	3.197051e-01	-3.879650e-01	8.333718e-02	4.900043e-02	-8.911496e-02	1.902080e-02	-1.793644e-02	1.824119e-02	-3.322280e-02	3.149864e-02	-5.804012e-02	8.145592e-02	-1.073603e-01	2.650410e-02	2.777716e-02	
-6.550188e-02	6.923747e-02	-1.136849e-01	-7.251663e-01	9.316391e-01	-9.852927e-01	1.000000e+00	-8.209320e-01	2.112138e-01	2.688180e-01	-3.446287e-01	4.153842e-01	-9.606193e-02	-5.787205e-02	9.840029e-02	-2.382162e-02	2.205474e-02	-2.095524e-02	2.929062e-02	-2.473625e-02	6.060286e-02	-8.646838e-02	1.155950e-01	-3.262560e-02	-2.480612e-02	
1.035583e-01	2.158163e-03	1.639216e-03	5.554147e-01	-8.829985e-01	8.647968e-01	-8.209320e-01	1.000000e+00	-7.159870e-01	-9.980583e-02	1.538673e-01	-2.116283e-01	4.933269e-02	-7.038700e-02	-3.265724e-02	2.907187e-02	-2.669373e-02	2.144552e-02	2.183194e-03	-1.663776e-02	5.542763e-03	2.460709e-03	-1.528608e-02	8.154552e-03	8.784753e-04	
-6.824998e-02	-7.206961e-02	1.138049e-01	-8.689914e-02	3.704622e-01	-2.898301e-01	2.112138e-01	-7.159870e-01	1.000000e+00	-1.408019e-01	1.363526e-01	-1.193087e-01	2.844928e-02	2.018467e-01	-5.572825e-02	-1.392258e-02	1.286051e-02	-7.462489e-03	-3.245137e-02	4.711500e-02	-7.386011e-02	8.865655e-02	-9.992227e-02	2.874842e-02	1.780927e-02	
3.550421e-02	-4.039398e-02	-4.575661e-01	7.553547e-02	2.150295e-01	-2.467301e-01	2.688180e-01	-9.980583e-02	-1.408019e-01	1.000000e+00	-9.751315e-01	8.801623e-01	-8.547693e-01	5.844153e-01	3.506516e-01	-4.479886e-02	5.123504e-02	-5.774841e-02	8.033691e-02	-5.798787e-02	2.389517e-01	-3.105049e-01	3.784433e-01	-9.932012e-02	-7.402679e-02	
-2.720986e-02	3.810729e-02	5.963993e-01	-1.107674e-01	-2.807518e-01	3.197051e-01	-3.446287e-01	1.538673e-01	1.363526e-01	-9.751315e-01	1.000000e+00	-9.625276e-01	8.099606e-01	-4.975319e-01	-4.563271e-01	5.834170e-02	-6.644723e-02	7.455510e-02	-1.049693e-01	7.781892e-02	-3.137914e-01	4.077421e-01	-4.977712e-01	1.338337e-01	9.486169e-02	
-5.073644e-03	-2.174553e-02	-7.336006e-01	1.511499e-01	3.419599e-01	-3.879650e-01	4.153842e-01	-2.116283e-01	-1.193087e-01	8.801623e-01	-9.625276e-01	1.000000e+00	-6.880634e-01	3.409643e-01	5.614647e-01	-7.358271e-02	8.286459e-02	-9.180551e-02	1.292202e-01	-9.765964e-02	3.885568e-01	-5.061330e-01	6.203509e-01	-1.734924e-01	-1.123271e-01	
1.257304e-01	-7.553120e-02	1.822643e-01	-3.638050e-02	-7.206017e-02	8.333718e-02	-9.606193e-02	4.933269e-02	2.844928e-02	-8.547693e-01	8.099606e-01	-6.880634e-01	1.000000e+00	-8.937712e-01	-1.428007e-01	2.372018e-02	-2.624173e-02	2.722216e-02	-2.933292e-02	2.054363e-02	-1.001871e-01	1.376774e-01	-1.781064e-01	7.837287e-02	2.246298e-03	
-1.236211e-01	6.039720e-02	1.318170e-01	-2.218496e-02	-2.852914e-02	4.900043e-02	-5.787205e-02	-7.038700e-02	2.018467e-01	5.844153e-01	-4.975319e-01	3.409643e-01	-8.937712e-01	1.000000e+00	-9.361489e-02	7.009880e-03	-7.967452e-03	1.096397e-02	-3.052435e-02	2.784529e-02	-6.864967e-02	8.140300e-02	-8.994763e-02	-2.536691e-03	4.625494e-02	
9.121585e-02	-2.455913e-01	-7.562330e-01	4.114434e-01	7.316218e-02	-8.911496e-02	9.840029e-02	-3.265724e-02	-5.572825e-02	3.506516e-01	-4.563271e-01	5.614647e-01	-1.428007e-01	-9.361489e-02	1.000000e+00	-5.658016e-01	6.425974e-01	-6.889431e-01	4.860635e-01	-5.555809e-02	2.930286e-01	-3.777798e-01	4.644790e-01	-1.257639e-01	-7.994203e-02	
8.883005e-02	7.348181e-02	1.133591e-01	-4.152280e-02	-1.481353e-02	1.902080e-02	-2.382162e-02	2.907187e-02	-1.392258e-02	-4.479886e-02	5.834170e-02	-7.358271e-02	2.372018e-02	7.009880e-03	-5.658016e-01	1.000000e+00	-9.757851e-01	9.161291e-01	-8.621424e-01	3.988254e-01	1.346731e-01	-1.538920e-01	1.541674e-01	-4.022045e-02	-1.972581e-03	
-7.413236e-02	-7.622439e-02	-1.310434e-01	5.220605e-02	1.418286e-02	-1.793644e-02	2.205474e-02	-2.669373e-02	1.286051e-02	5.123504e-02	-6.644723e-02	8.286459e-02	-2.624173e-02	-7.967452e-03	6.425974e-01	-9.757851e-01	1.000000e+00	-9.811284e-01	8.356778e-01	-3.011994e-01	-1.400780e-01	1.638581e-01	-1.680533e-01	3.764312e-02	1.886148e-02	
4.487507e-02	6.720261e-02	1.475772e-01	-6.080467e-02	-1.527461e-02	1.824119e-02	-2.095524e-02	2.144552e-02	-7.462489e-03	-5.774841e-02	7.455510e-02	-9.180551e-02	2.722216e-02	1.096397e-02	-6.889431e-01	9.161291e-01	-9.811284e-01	1.000000e+00	-7.806761e-01	2.050821e-01	1.379406e-01	-1.638730e-01	1.706945e-01	-3.753646e-02	-2.675154e-02	
4.591442e-02	5.112737e-02	-1.827622e-01	7.263893e-02	3.341029e-02	-3.322280e-02	2.929062e-02	2.183194e-03	-3.245137e-02	8.033691e-02	-1.049693e-01	1.292202e-01	-2.933292e-02	-3.052435e-02	4.860635e-01	-8.621424e-01	8.356778e-01	-7.806761e-01	1.000000e+00	-7.588438e-01	-3.893645e-02	4.429629e-02	-3.878076e-02	5.444536e-02	-1.054916e-01	
-7.262145e-02	-1.389050e-01	1.156210e-01	-4.121487e-02	-3.346819e-02	3.149864e-02	-2.473625e-02	-1.663776e-02	4.711500e-02	-5.798787e-02	7.781892e-02	-9.765964e-02	2.054363e-02	2.784529e-02	-5.555809e-02	3.988254e-01	-3.011994e-01	2.050821e-01	-7.588438e-01	1.000000e+00	-6.330216e-02	7.974984e-02	-9.502218e-02	-5.408023e-02	2.034303e-01	
1.005804e-01	-6.535704e-02	-5.010212e-01	2.801434e-01	4.891083e-02	-5.804012e-02	6.060286e-02	5.542763e-03	-7.386011e-02	2.389517e-01	-3.137914e-01	3.885568e-01	-1.001871e-01	-6.864967e-02	2.930286e-01	1.346731e-01	-1.400780e-01	1.379406e-01	-3.893645e-02	-6.330216e-02	1.000000e+00	-9.732495e-01	8.747072e-01	-8.319863e-01	5.555121e-01	
-7.634167e-02	5.094232e-02	6.384746e-01	-3.489064e-01	-6.816514e-02	8.145592e-02	-8.646838e-02	2.460709e-03	8.865655e-02	-3.105049e-01	4.077421e-01	-5.061330e-01	1.376774e-01	8.140300e-02	-3.777798e-01	-1.538920e-01	1.638581e-01	-1.638730e-01	4.429629e-02	7.974984e-02	-9.732495e-01	1.000000e+00	-9.616932e-01	7.788818e-01	-4.488607e-01	
1.526028e-02	-1.355233e-02	-7.640728e-01	4.065667e-01	8.929496e-02	-1.073603e-01	1.155950e-01	-1.528608e-02	-9.992227e-02	3.784433e-01	-4.977712e-01	6.203509e-01	-1.781064e-01	-8.994763e-02	4.644790e-01	1.541674e-01	-1.680533e-01	1.706945e-01	-3.878076e-02	-9.502218e-02	8.747072e-01	-9.616932e-01	1.000000e+00	-6.548412e-01	2.801843e-01	
1.642066e-01	-1.009076e-01	1.792788e-01	-8.718644e-02	-1.817722e-02	2.650410e-02	-3.262560e-02	8.154552e-03	2.874842e-02	-9.932012e-02	1.338337e-01	-1.734924e-01	7.837287e-02	-2.536691e-03	-1.257639e-01	-4.022045e-02	3.764312e-02	-3.753646e-02	5.444536e-02	-5.408023e-02	-8.319863e-01	7.788818e-01	-6.548412e-01	1.000000e+00	-8.955789e-01	
-1.670864e-01	8.513652e-02	1.692725e-01	-9.374321e-02	-2.815640e-02	2.777716e-02	-2.480612e-02	8.784753e-04	1.780927e-02	-7.402679e-02	9.486169e-02	-1.123271e-01	2.246298e-03	4.625494e-02	-7.994203e-02	-1.972581e-03	1.886148e-02	-2.675154e-02	-1.054916e-01	2.034303e-01	5.555121e-01	-4.488607e-01	2.801843e-01	-8.955789e-01	1.000000e+00	

Time taken for mcmc chain: 2.184444 hours
