Number of steps: 14775460
Number of accepted steps: 1000000
Burn-in number of steps: 320000
Accepted fraction of steps: 0.067680
Convergence Status
R[0]= 1.001303	R[1]= 1.003617	R[2]= 1.054569	R[3]= 1.065558	R[4]= 1.005250	R[5]= 1.006452	R[6]= 1.007578	R[7]= 1.002907	R[8]= 1.000277	R[9]= 1.010086	R[10]= 1.014704	R[11]= 1.022078	R[12]= 1.000883	R[13]= 1.003393	R[14]= 1.041308	R[15]= 1.004133	R[16]= 1.004344	R[17]= 1.004492	R[18]= 1.000722	R[19]= 1.000587	R[20]= 1.010446	R[21]= 1.015940	R[22]= 1.024034	R[23]= 1.000610	R[24]= 1.001554	
<R>= 1.012273

Mean parameters
A[0]= 9.609724e-01 pm 3.134178e-02
A[1]= 1.052381e+00 pm 2.507523e-02
A[2]= 5.555653e-01 pm 3.630600e-01
A[3]= 4.935890e+00 pm 1.312815e+00
A[4]= -4.902617e+03 pm 3.821972e+03
A[5]= 2.666526e+03 pm 2.510663e+03
A[6]= -1.863131e+02 pm 5.909791e+02
A[7]= 7.019336e+00 pm 1.356392e+01
A[8]= -6.724598e-02 pm 1.840657e-01
A[9]= 1.452687e+02 pm 8.772484e+03
A[10]= -6.386710e+02 pm 5.275726e+03
A[11]= -8.877845e+00 pm 1.111700e+03
A[12]= -1.978933e+01 pm 4.967251e+01
A[13]= 4.512256e-01 pm 9.521478e-01
A[14]= 6.825806e+00 pm 1.842947e+00
A[15]= -6.994482e+03 pm 5.275182e+03
A[16]= 5.555073e+03 pm 3.442542e+03
A[17]= -1.117845e+03 pm 8.075109e+02
A[18]= 2.669021e+00 pm 1.991981e+01
A[19]= 1.544331e-01 pm 2.650515e-01
A[20]= 6.556060e+03 pm 1.191725e+04
A[21]= -3.254088e+03 pm 7.167013e+03
A[22]= 1.132114e+02 pm 1.504859e+03
A[23]= -3.713899e+01 pm 6.911959e+01
A[24]= 3.843683e-01 pm 1.329684e+00

Best-fitting parameters
A[0]= 9.745294e-01
A[1]= 1.044133e+00
A[2]= 5.386518e-01
A[3]= 4.608612e+00
A[4]= -4.961922e+03
A[5]= 2.424302e+03
A[6]= -7.281497e+01
A[7]= 7.189679e+00
A[8]= -7.643128e-02
A[9]= -2.908830e+03
A[10]= 1.006284e+03
A[11]= -3.025458e+02
A[12]= 1.414862e+00
A[13]= 3.494961e-02
A[14]= 7.828754e+00
A[15]= -1.178227e+04
A[16]= 8.569668e+03
A[17]= -1.789608e+03
A[18]= 6.326240e+00
A[19]= 2.413795e-01
A[20]= 8.510623e+03
A[21]= -4.034631e+03
A[22]= 1.283043e+02
A[23]= -6.752454e+01
A[24]= 1.177543e+00
chi2_min= 1.108798e+02


Cross-Covariance parameters
1.000000e+00	-5.065366e-01	-1.778659e-01	8.416046e-02	5.638678e-02	-5.418901e-02	4.343253e-02	5.138894e-02	-5.357979e-02	-1.095337e-02	1.687282e-02	-4.010525e-02	1.526458e-01	-1.280325e-01	9.596352e-02	2.876794e-02	-2.885101e-02	2.083005e-02	8.445314e-02	-7.940368e-02	-1.586346e-02	2.201345e-02	-4.674040e-02	1.676407e-01	-1.529347e-01	
-5.065366e-01	1.000000e+00	1.648870e-01	-1.606495e-01	-3.829169e-02	4.256268e-02	-5.425493e-02	1.358211e-01	-1.239999e-01	1.682065e-02	-2.328735e-02	3.912804e-02	-1.038607e-01	5.084767e-02	-2.295467e-01	3.735130e-02	-3.773537e-02	3.034750e-02	1.134246e-01	-1.330053e-01	2.589082e-02	-3.460326e-02	5.600577e-02	-1.029568e-01	6.538104e-02	
-1.778659e-01	1.648870e-01	1.000000e+00	-6.549937e-01	-8.772688e-02	9.799075e-02	-9.912619e-02	-2.600105e-02	6.084935e-02	-3.966127e-01	5.111953e-01	-6.471958e-01	-1.026377e-01	2.602234e-01	-6.700802e-01	-2.481449e-02	2.872255e-02	-2.493088e-02	-3.528032e-02	3.306812e-02	-3.843592e-01	4.888668e-01	-6.150750e-01	-8.749660e-02	2.277620e-01	
8.416046e-02	-1.606495e-01	-6.549937e-01	1.000000e+00	-5.076042e-01	5.626526e-01	-6.040279e-01	1.873440e-01	8.196021e-02	1.684666e-01	-2.193426e-01	2.863454e-01	4.891543e-02	-1.041023e-01	4.323026e-01	4.407521e-02	-5.187018e-02	5.462225e-02	-1.935916e-03	-1.119211e-02	2.755676e-01	-3.464143e-01	4.308118e-01	4.766112e-02	-1.445946e-01	
5.638678e-02	-3.829169e-02	-8.772688e-02	-5.076042e-01	1.000000e+00	-9.841410e-01	9.395360e-01	-6.722751e-01	2.857933e-01	1.121600e-01	-1.588608e-01	2.094085e-01	5.691804e-02	-6.349122e-02	8.817338e-02	-1.013452e-02	1.170974e-02	-1.413258e-02	1.081943e-02	-6.345727e-03	2.534457e-02	-3.610947e-02	4.924178e-02	2.247850e-02	-3.278863e-02	
-5.418901e-02	4.256268e-02	9.799075e-02	5.626526e-01	-9.841410e-01	1.000000e+00	-9.848748e-01	6.251048e-01	-2.212412e-01	-1.265408e-01	1.780351e-01	-2.341503e-01	-6.300088e-02	8.333074e-02	-9.709179e-02	9.482236e-03	-1.127732e-02	1.385828e-02	-9.885883e-03	5.464363e-03	-2.909211e-02	4.126320e-02	-5.628721e-02	-2.322147e-02	3.506142e-02	
4.343253e-02	-5.425493e-02	-9.912619e-02	-6.040279e-01	9.395360e-01	-9.848748e-01	1.000000e+00	-5.633868e-01	1.583775e-01	1.407891e-01	-1.943353e-01	2.526761e-01	5.798840e-02	-8.848079e-02	1.020485e-01	-1.077775e-02	1.282951e-02	-1.524168e-02	5.742064e-03	-8.568148e-04	2.860066e-02	-4.106858e-02	5.675511e-02	2.251733e-02	-3.408969e-02	
5.138894e-02	1.358211e-01	-2.600105e-02	1.873440e-01	-6.722751e-01	6.251048e-01	-5.633868e-01	1.000000e+00	-8.806747e-01	8.543537e-02	-6.353089e-02	2.919348e-02	-4.497025e-02	-1.082621e-01	-2.485327e-02	1.793657e-02	-1.856910e-02	1.639107e-02	4.197095e-02	-4.503609e-02	1.692670e-02	-2.014239e-02	2.366775e-02	4.607653e-03	-1.409317e-02	
-5.357979e-02	-1.239999e-01	6.084935e-02	8.196021e-02	2.857933e-01	-2.212412e-01	1.583775e-01	-8.806747e-01	1.000000e+00	-1.711926e-01	1.697203e-01	-1.543331e-01	3.456268e-02	1.787538e-01	-1.349847e-02	-1.299705e-02	1.279628e-02	-9.765863e-03	-4.465923e-02	4.570555e-02	-2.698200e-02	3.513324e-02	-4.522457e-02	-1.301846e-02	2.699092e-02	
-1.095337e-02	1.682065e-02	-3.966127e-01	1.684666e-01	1.121600e-01	-1.265408e-01	1.407891e-01	8.543537e-02	-1.711926e-01	1.000000e+00	-9.839444e-01	9.180155e-01	-7.674140e-01	5.701481e-01	2.649819e-01	1.965849e-02	-2.276166e-02	2.194276e-02	1.206226e-02	-1.787161e-02	1.670715e-01	-2.124866e-01	2.699110e-01	2.708128e-02	-8.969690e-02	
1.687282e-02	-2.328735e-02	5.111953e-01	-2.193426e-01	-1.588608e-01	1.780351e-01	-1.943353e-01	-6.353089e-02	1.697203e-01	-9.839444e-01	1.000000e+00	-9.732729e-01	7.186109e-01	-5.118664e-01	-3.424058e-01	-2.613797e-02	2.981789e-02	-2.853942e-02	-1.607321e-02	2.345142e-02	-2.176540e-01	2.768019e-01	-3.512233e-01	-3.264527e-02	1.143897e-01	
-4.010525e-02	3.912804e-02	-6.471958e-01	2.863454e-01	2.094085e-01	-2.341503e-01	2.526761e-01	2.919348e-02	-1.543331e-01	9.180155e-01	-9.732729e-01	1.000000e+00	-6.086554e-01	3.987722e-01	4.347407e-01	3.337556e-02	-3.775803e-02	3.608843e-02	1.994020e-02	-2.932425e-02	2.791251e-01	-3.551691e-01	4.507112e-01	3.659568e-02	-1.418834e-01	
1.526458e-01	-1.038607e-01	-1.026377e-01	4.891543e-02	5.691804e-02	-6.300088e-02	5.798840e-02	-4.497025e-02	3.456268e-02	-7.674140e-01	7.186109e-01	-6.086554e-01	1.000000e+00	-9.435801e-01	7.138662e-02	1.915422e-03	-2.751709e-03	2.692635e-03	1.919319e-02	-1.714114e-02	2.776252e-02	-3.721674e-02	4.524391e-02	2.826312e-02	-3.755785e-02	
-1.280325e-01	5.084767e-02	2.602234e-01	-1.041023e-01	-6.349122e-02	8.333074e-02	-8.848079e-02	-1.082621e-01	1.787538e-01	5.701481e-01	-5.118664e-01	3.987722e-01	-9.435801e-01	1.000000e+00	-1.721252e-01	-1.079182e-02	1.268936e-02	-1.190281e-02	-3.346347e-02	3.350359e-02	-9.865196e-02	1.281529e-01	-1.617221e-01	-3.341333e-02	7.047611e-02	
9.596352e-02	-2.295467e-01	-6.700802e-01	4.323026e-01	8.817338e-02	-9.709179e-02	1.020485e-01	-2.485327e-02	-1.349847e-02	2.649819e-01	-3.424058e-01	4.347407e-01	7.138662e-02	-1.721252e-01	1.000000e+00	-5.031950e-01	5.700219e-01	-6.220336e-01	1.049560e-01	1.546540e-01	1.623054e-01	-2.086950e-01	2.700538e-01	2.059632e-02	-6.700785e-02	
2.876794e-02	3.735130e-02	-2.481449e-02	4.407521e-02	-1.013452e-02	9.482236e-03	-1.077775e-02	1.793657e-02	-1.299705e-02	1.965849e-02	-2.613797e-02	3.337556e-02	1.915422e-03	-1.079182e-02	-5.031950e-01	1.000000e+00	-9.823628e-01	9.315113e-01	-6.451667e-01	2.953156e-01	1.610300e-01	-1.972604e-01	2.329166e-01	7.234064e-03	-3.782283e-02	
-2.885101e-02	-3.773537e-02	2.872255e-02	-5.187018e-02	1.170974e-02	-1.127732e-02	1.282951e-02	-1.856910e-02	1.279628e-02	-2.276166e-02	2.981789e-02	-3.775803e-02	-2.751709e-03	1.268936e-02	5.700219e-01	-9.823628e-01	1.000000e+00	-9.825597e-01	5.814625e-01	-2.123516e-01	-1.703352e-01	2.119645e-01	-2.540341e-01	-2.357197e-02	6.474742e-02	
2.083005e-02	3.034750e-02	-2.493088e-02	5.462225e-02	-1.413258e-02	1.385828e-02	-1.524168e-02	1.639107e-02	-9.765863e-03	2.194276e-02	-2.853942e-02	3.608843e-02	2.692635e-03	-1.190281e-02	-6.220336e-01	9.315113e-01	-9.825597e-01	1.000000e+00	-5.004384e-01	1.274912e-01	1.734973e-01	-2.184033e-01	2.647035e-01	3.378913e-02	-8.194331e-02	
8.445314e-02	1.134246e-01	-3.528032e-02	-1.935916e-03	1.081943e-02	-9.885883e-03	5.742064e-03	4.197095e-02	-4.465923e-02	1.206226e-02	-1.607321e-02	1.994020e-02	1.919319e-02	-3.346347e-02	1.049560e-01	-6.451667e-01	5.814625e-01	-5.004384e-01	1.000000e+00	-9.045727e-01	-1.942100e-02	2.970329e-02	-4.153211e-02	8.097108e-02	-1.566483e-01	
-7.940368e-02	-1.330053e-01	3.306812e-02	-1.119211e-02	-6.345727e-03	5.464363e-03	-8.568148e-04	-4.503609e-02	4.570555e-02	-1.787161e-02	2.345142e-02	-2.932425e-02	-1.714114e-02	3.350359e-02	1.546540e-01	2.953156e-01	-2.123516e-01	1.274912e-01	-9.045727e-01	1.000000e+00	-4.889440e-02	5.414903e-02	-5.667176e-02	-1.054276e-01	2.211045e-01	
-1.586346e-02	2.589082e-02	-3.843592e-01	2.755676e-01	2.534457e-02	-2.909211e-02	2.860066e-02	1.692670e-02	-2.698200e-02	1.670715e-01	-2.176540e-01	2.791251e-01	2.776252e-02	-9.865196e-02	1.623054e-01	1.610300e-01	-1.703352e-01	1.734973e-01	-1.942100e-02	-4.889440e-02	1.000000e+00	-9.849265e-01	9.227750e-01	-7.663427e-01	6.033165e-01	
2.201345e-02	-3.460326e-02	4.888668e-01	-3.464143e-01	-3.610947e-02	4.126320e-02	-4.106858e-02	-2.014239e-02	3.513324e-02	-2.124866e-01	2.768019e-01	-3.551691e-01	-3.721674e-02	1.281529e-01	-2.086950e-01	-1.972604e-01	2.119645e-01	-2.184033e-01	2.970329e-02	5.414903e-02	-9.849265e-01	1.000000e+00	-9.746926e-01	7.232515e-01	-5.505136e-01	
-4.674040e-02	5.600577e-02	-6.150750e-01	4.308118e-01	4.924178e-02	-5.628721e-02	5.675511e-02	2.366775e-02	-4.522457e-02	2.699110e-01	-3.512233e-01	4.507112e-01	4.524391e-02	-1.617221e-01	2.700538e-01	2.329166e-01	-2.540341e-01	2.647035e-01	-4.153211e-02	-5.667176e-02	9.227750e-01	-9.746926e-01	1.000000e+00	-6.227100e-01	4.444942e-01	
1.676407e-01	-1.029568e-01	-8.749660e-02	4.766112e-02	2.247850e-02	-2.322147e-02	2.251733e-02	4.607653e-03	-1.301846e-02	2.708128e-02	-3.264527e-02	3.659568e-02	2.826312e-02	-3.341333e-02	2.059632e-02	7.234064e-03	-2.357197e-02	3.378913e-02	8.097108e-02	-1.054276e-01	-7.663427e-01	7.232515e-01	-6.227100e-01	1.000000e+00	-9.625949e-01	
-1.529347e-01	6.538104e-02	2.277620e-01	-1.445946e-01	-3.278863e-02	3.506142e-02	-3.408969e-02	-1.409317e-02	2.699092e-02	-8.969690e-02	1.143897e-01	-1.418834e-01	-3.755785e-02	7.047611e-02	-6.700785e-02	-3.782283e-02	6.474742e-02	-8.194331e-02	-1.566483e-01	2.211045e-01	6.033165e-01	-5.505136e-01	4.444942e-01	-9.625949e-01	1.000000e+00	

Time taken for mcmc chain: 1.630556 hours
