Number of steps: 1362774
Number of accepted steps: 1000000
Burn-in number of steps: 320000
Accepted fraction of steps: 0.733797
Convergence Status
R[0]= 1.052025	R[1]= 1.028211	R[2]= 1.097732	R[3]= 1.113301	R[4]= 1.206077	R[5]= 1.219246	R[6]= 1.209564	R[7]= 1.096550	R[8]= 1.063321	R[9]= 1.080335	R[10]= 1.095811	R[11]= 1.118070	R[12]= 1.005266	R[13]= 1.010750	R[14]= 1.083506	R[15]= 1.049101	R[16]= 1.091480	R[17]= 1.140097	R[18]= 1.141798	R[19]= 1.148369	R[20]= 1.058350	R[21]= 1.056043	R[22]= 1.059384	R[23]= 1.039981	R[24]= 1.055808	
<R>= 1.092807

Mean parameters
A[0]= 9.738855e-01 pm 4.015507e-02
A[1]= 1.000709e+00 pm 2.599391e-02
A[2]= 1.528233e+00 pm 3.482824e-01
A[3]= 1.528247e+00 pm 3.378942e-01
A[4]= 5.586190e+03 pm 3.072468e+03
A[5]= -4.419547e+03 pm 1.961626e+03
A[6]= 1.525548e+03 pm 4.529998e+02
A[7]= -1.069533e+01 pm 1.376742e+01
A[8]= -6.567399e-02 pm 1.889498e-01
A[9]= 3.142661e+03 pm 6.854560e+03
A[10]= -1.923747e+03 pm 4.057507e+03
A[11]= 9.453834e+01 pm 8.470390e+02
A[12]= -3.908548e+01 pm 4.560662e+01
A[13]= 8.619382e-01 pm 8.941945e-01
A[14]= 1.913074e+00 pm 4.157224e-01
A[15]= 4.386907e+03 pm 3.928441e+03
A[16]= -3.092594e+03 pm 2.304541e+03
A[17]= 1.160461e+03 pm 4.853182e+02
A[18]= -1.161831e+01 pm 1.989119e+01
A[19]= 4.528738e-02 pm 2.578368e-01
A[20]= 9.203339e+03 pm 9.515597e+03
A[21]= -4.941197e+03 pm 5.607006e+03
A[22]= 4.068972e+02 pm 1.135389e+03
A[23]= -6.180802e+01 pm 6.579818e+01
A[24]= 9.168839e-01 pm 1.253921e+00

Best-fitting parameters
A[0]= 9.998288e-01
A[1]= 1.010925e+00
A[2]= 1.996782e+00
A[3]= 1.403397e+00
A[4]= 5.478974e+03
A[5]= -4.329765e+03
A[6]= 1.520215e+03
A[7]= -2.609084e+01
A[8]= 2.095853e-01
A[9]= 2.156370e+03
A[10]= -7.736610e+02
A[11]= -2.546645e+02
A[12]= -6.032460e+01
A[13]= 1.672594e+00
A[14]= 2.186690e+00
A[15]= 6.361257e+02
A[16]= 1.650079e+02
A[17]= 2.445877e+02
A[18]= 1.097061e+01
A[19]= -1.849552e-01
A[20]= 4.018444e+03
A[21]= -4.636123e+02
A[22]= -9.487141e+02
A[23]= -5.059780e+01
A[24]= 7.589307e-01
chi2_min= 1.123017e+02


Cross-Covariance parameters
1.000000e+00	-5.593958e-01	5.314171e-02	4.859535e-01	-2.961025e-01	3.195775e-01	-3.502467e-01	2.524021e-01	-2.054724e-01	-2.166073e-01	2.868531e-01	-3.802151e-01	1.669848e-01	-1.500931e-01	2.926409e-01	-2.257176e-02	9.426092e-02	-1.814581e-01	6.865456e-02	-3.454081e-02	-1.474599e-01	2.237422e-01	-3.246807e-01	2.130876e-01	-1.672493e-01	
-5.593958e-01	1.000000e+00	2.327038e-01	-4.195897e-01	4.012092e-02	-3.410519e-02	3.371222e-02	2.171957e-02	-7.784686e-03	2.046683e-01	-2.177891e-01	2.323762e-01	-2.327775e-01	1.942371e-01	-4.183329e-01	-6.038731e-03	-1.119498e-02	2.463734e-02	5.354942e-02	-6.594453e-02	-1.055215e-02	-9.797271e-03	4.697125e-02	-1.771678e-02	-3.592362e-03	
5.314171e-02	2.327038e-01	1.000000e+00	2.505933e-01	-4.109651e-01	5.353868e-01	-6.357158e-01	4.031134e-02	1.313379e-01	-1.801175e-01	2.999700e-01	-4.573626e-01	-3.479252e-01	4.452469e-01	-2.267351e-01	-2.977475e-01	3.857522e-01	-4.828788e-01	1.961446e-01	-1.415823e-01	-1.985228e-01	3.119643e-01	-4.550102e-01	5.253693e-02	-1.856750e-02	
4.859535e-01	-4.195897e-01	2.505933e-01	1.000000e+00	-5.760283e-01	6.542482e-01	-7.121597e-01	2.054944e-01	-1.036573e-02	-2.733484e-01	3.770048e-01	-5.050797e-01	-1.044255e-02	8.338762e-02	1.822197e-01	-9.175222e-02	1.395510e-01	-1.966283e-01	1.862635e-02	8.636410e-03	-2.745865e-01	3.442203e-01	-4.227206e-01	2.899015e-01	-2.509201e-01	
-2.961025e-01	4.012092e-02	-4.109651e-01	-5.760283e-01	1.000000e+00	-9.788911e-01	9.160945e-01	-7.653483e-01	5.411299e-01	1.798376e-01	-2.764080e-01	4.026672e-01	8.420605e-02	-6.766010e-02	1.538884e-02	6.216693e-03	-6.073814e-02	1.416091e-01	3.061767e-02	-6.741558e-02	2.914044e-01	-3.591922e-01	4.382548e-01	-2.985703e-01	2.588297e-01	
3.195775e-01	-3.410519e-02	5.353868e-01	6.542482e-01	-9.788911e-01	1.000000e+00	-9.779467e-01	7.080337e-01	-4.720426e-01	-1.971512e-01	3.128642e-01	-4.654586e-01	-1.418157e-01	1.416035e-01	-2.622495e-02	-6.795110e-02	1.340094e-01	-2.250767e-01	1.566568e-02	2.932664e-02	-3.195232e-01	4.031755e-01	-5.005751e-01	3.024388e-01	-2.573674e-01	
-3.502467e-01	3.371222e-02	-6.357158e-01	-7.121597e-01	9.160945e-01	-9.779467e-01	1.000000e+00	-6.251787e-01	3.924138e-01	2.164033e-01	-3.466416e-01	5.200993e-01	1.786439e-01	-1.921445e-01	3.755667e-02	1.227016e-01	-1.976960e-01	2.963325e-01	-6.193298e-02	1.280841e-02	3.320082e-01	-4.285567e-01	5.413782e-01	-2.939127e-01	2.455759e-01	
2.524021e-01	2.171957e-02	4.031134e-02	2.054944e-01	-7.653483e-01	7.080337e-01	-6.251787e-01	1.000000e+00	-9.429324e-01	3.549624e-02	1.974509e-03	-7.289015e-02	-1.282596e-05	-1.580311e-01	3.372405e-02	1.151606e-01	-9.280856e-02	4.150242e-02	-7.609963e-02	9.164002e-02	-2.341300e-01	2.514719e-01	-2.612711e-01	2.663267e-01	-2.315132e-01	
-2.054724e-01	-7.784686e-03	1.313379e-01	-1.036573e-02	5.411299e-01	-4.720426e-01	3.924138e-01	-9.429324e-01	1.000000e+00	-1.066859e-01	1.047255e-01	-7.242093e-02	-5.013017e-02	2.568181e-01	-5.097615e-02	-1.367317e-01	1.318299e-01	-1.021163e-01	5.580664e-02	-5.555241e-02	1.544053e-01	-1.469585e-01	1.278619e-01	-1.962266e-01	1.742506e-01	
-2.166073e-01	2.046683e-01	-1.801175e-01	-2.733484e-01	1.798376e-01	-1.971512e-01	2.164033e-01	3.549624e-02	-1.066859e-01	1.000000e+00	-9.796027e-01	8.957989e-01	-7.547469e-01	5.937571e-01	4.005638e-02	-5.595169e-02	1.656097e-02	3.070175e-02	-1.924749e-02	4.750705e-02	-1.226091e-01	9.020488e-02	-2.656742e-02	7.936206e-02	-5.049442e-02	
2.868531e-01	-2.177891e-01	2.999700e-01	3.770048e-01	-2.764080e-01	3.128642e-01	-3.466416e-01	1.974509e-03	1.047255e-01	-9.796027e-01	1.000000e+00	-9.654197e-01	7.093287e-01	-5.446871e-01	-4.740755e-02	2.090346e-02	3.186080e-02	-9.510027e-02	4.178557e-02	-6.097494e-02	7.381348e-02	-2.303711e-02	-6.309631e-02	-3.955489e-02	1.797720e-02	
-3.802151e-01	2.323762e-01	-4.573626e-01	-5.050797e-01	4.026672e-01	-4.654586e-01	5.200993e-01	-7.289015e-02	-7.242093e-02	8.957989e-01	-9.654197e-01	1.000000e+00	-5.877427e-01	4.339243e-01	5.226787e-02	3.854022e-02	-1.073357e-01	1.895633e-01	-7.872438e-02	8.273539e-02	4.209793e-03	-7.836271e-02	1.913340e-01	-1.724733e-02	2.473465e-02	
1.669848e-01	-2.327775e-01	-3.479252e-01	-1.044255e-02	8.420605e-02	-1.418157e-01	1.786439e-01	-1.282596e-05	-5.013017e-02	-7.547469e-01	7.093287e-01	-5.877427e-01	1.000000e+00	-9.529413e-01	4.008273e-02	2.240978e-01	-2.335926e-01	2.385730e-01	-7.463333e-02	9.422519e-03	2.242755e-01	-2.606399e-01	2.829018e-01	-1.149994e-01	6.632614e-02	
-1.500931e-01	1.942371e-01	4.452469e-01	8.338762e-02	-6.766010e-02	1.416035e-01	-1.921445e-01	-1.580311e-01	2.568181e-01	5.937571e-01	-5.446871e-01	4.339243e-01	-9.529413e-01	1.000000e+00	-3.753498e-02	-2.407360e-01	2.646585e-01	-2.822269e-01	6.776201e-02	5.225384e-03	-2.015829e-01	2.525467e-01	-2.970602e-01	7.919054e-02	-2.897543e-02	
2.926409e-01	-4.183329e-01	-2.267351e-01	1.822197e-01	1.538884e-02	-2.622495e-02	3.755667e-02	3.372405e-02	-5.097615e-02	4.005638e-02	-4.740755e-02	5.226787e-02	4.008273e-02	-3.753498e-02	1.000000e+00	-2.501188e-01	3.478707e-01	-4.414047e-01	-5.828533e-02	1.797594e-01	4.926804e-03	4.158433e-02	-1.110169e-01	-1.273557e-01	1.938645e-01	
-2.257176e-02	-6.038731e-03	-2.977475e-01	-9.175222e-02	6.216693e-03	-6.795110e-02	1.227016e-01	1.151606e-01	-1.367317e-01	-5.595169e-02	2.090346e-02	3.854022e-02	2.240978e-01	-2.407360e-01	-2.501188e-01	1.000000e+00	-9.771799e-01	8.926667e-01	-8.013949e-01	6.504597e-01	2.281894e-01	-2.545291e-01	2.863207e-01	-4.731118e-02	3.066874e-02	
9.426092e-02	-1.119498e-02	3.857522e-01	1.395510e-01	-6.073814e-02	1.340094e-01	-1.976960e-01	-9.280856e-02	1.318299e-01	1.656097e-02	3.186080e-02	-1.073357e-01	-2.335926e-01	2.646585e-01	3.478707e-01	-9.771799e-01	1.000000e+00	-9.666806e-01	7.810101e-01	-6.237470e-01	-2.294452e-01	2.812956e-01	-3.473275e-01	3.444774e-02	-8.878675e-03	
-1.814581e-01	2.463734e-02	-4.828788e-01	-1.966283e-01	1.416091e-01	-2.250767e-01	2.963325e-01	4.150242e-02	-1.021163e-01	3.070175e-02	-9.510027e-02	1.895633e-01	2.385730e-01	-2.822269e-01	-4.414047e-01	8.926667e-01	-9.666806e-01	1.000000e+00	-7.110500e-01	5.587632e-01	2.203458e-01	-3.029974e-01	4.106737e-01	-2.613235e-02	-7.157997e-03	
6.865456e-02	5.354942e-02	1.961446e-01	1.862635e-02	3.061767e-02	1.566568e-02	-6.193298e-02	-7.609963e-02	5.580664e-02	-1.924749e-02	4.178557e-02	-7.872438e-02	-7.463333e-02	6.776201e-02	-5.828533e-02	-8.013949e-01	7.810101e-01	-7.110500e-01	1.000000e+00	-9.648440e-01	-1.687211e-01	1.784046e-01	-1.891681e-01	1.499209e-01	-2.021019e-01	
-3.454081e-02	-6.594453e-02	-1.415823e-01	8.636410e-03	-6.741558e-02	2.932664e-02	1.280841e-02	9.164002e-02	-5.555241e-02	4.750705e-02	-6.097494e-02	8.273539e-02	9.422519e-03	5.225384e-03	1.797594e-01	6.504597e-01	-6.237470e-01	5.587632e-01	-9.648440e-01	1.000000e+00	1.217640e-01	-1.191020e-01	1.152234e-01	-1.542541e-01	2.317600e-01	
-1.474599e-01	-1.055215e-02	-1.985228e-01	-2.745865e-01	2.914044e-01	-3.195232e-01	3.320082e-01	-2.341300e-01	1.544053e-01	-1.226091e-01	7.381348e-02	4.209793e-03	2.242755e-01	-2.015829e-01	4.926804e-03	2.281894e-01	-2.294452e-01	2.203458e-01	-1.687211e-01	1.217640e-01	1.000000e+00	-9.818568e-01	9.024502e-01	-8.612867e-01	7.580396e-01	
2.237422e-01	-9.797271e-03	3.119643e-01	3.442203e-01	-3.591922e-01	4.031755e-01	-4.285567e-01	2.514719e-01	-1.469585e-01	9.020488e-02	-2.303711e-02	-7.836271e-02	-2.606399e-01	2.525467e-01	4.158433e-02	-2.545291e-01	2.812956e-01	-3.029974e-01	1.784046e-01	-1.191020e-01	-9.818568e-01	1.000000e+00	-9.669758e-01	8.710397e-01	-7.700336e-01	
-3.246807e-01	4.697125e-02	-4.550102e-01	-4.227206e-01	4.382548e-01	-5.005751e-01	5.413782e-01	-2.612711e-01	1.278619e-01	-2.656742e-02	-6.309631e-02	1.913340e-01	2.829018e-01	-2.970602e-01	-1.110169e-01	2.863207e-01	-3.473275e-01	4.106737e-01	-1.891681e-01	1.152234e-01	9.024502e-01	-9.669758e-01	1.000000e+00	-8.287055e-01	7.370424e-01	
2.130876e-01	-1.771678e-02	5.253693e-02	2.899015e-01	-2.985703e-01	3.024388e-01	-2.939127e-01	2.663267e-01	-1.962266e-01	7.936206e-02	-3.955489e-02	-1.724733e-02	-1.149994e-01	7.919054e-02	-1.273557e-01	-4.731118e-02	3.444774e-02	-2.613235e-02	1.499209e-01	-1.542541e-01	-8.612867e-01	8.710397e-01	-8.287055e-01	1.000000e+00	-9.753086e-01	
-1.672493e-01	-3.592362e-03	-1.856750e-02	-2.509201e-01	2.588297e-01	-2.573674e-01	2.455759e-01	-2.315132e-01	1.742506e-01	-5.049442e-02	1.797720e-02	2.473465e-02	6.632614e-02	-2.897543e-02	1.938645e-01	3.066874e-02	-8.878675e-03	-7.157997e-03	-2.021019e-01	2.317600e-01	7.580396e-01	-7.700336e-01	7.370424e-01	-9.753086e-01	1.000000e+00	

Time taken for mcmc chain: 9.600000 minutes
