Number of steps: 1059653
Number of accepted steps: 1000000
Burn-in number of steps: 320000
Accepted fraction of steps: 0.943705
Convergence Status
R[0]= 1.060752	R[1]= 1.158899	R[2]= 1.200311	R[3]= 1.026757	R[4]= 1.044730	R[5]= 1.067714	R[6]= 1.100275	R[7]= 1.040073	R[8]= 1.050203	R[9]= 1.206515	R[10]= 1.226894	R[11]= 1.244221	R[12]= 1.222220	R[13]= 1.159847	R[14]= 1.241787	R[15]= 1.013866	R[16]= 1.031288	R[17]= 1.046134	R[18]= 1.022750	R[19]= 1.015848	R[20]= 1.114860	R[21]= 1.110959	R[22]= 1.096439	R[23]= 1.059565	R[24]= 1.027662	
<R>= 1.103623

Mean parameters
A[0]= 9.829265e-01 pm 3.260572e-02
A[1]= 1.065355e+00 pm 3.276198e-02
A[2]= 1.013926e+00 pm 3.356999e-01
A[3]= 2.018809e+00 pm 4.740282e-01
A[4]= 6.183842e+02 pm 3.037289e+03
A[5]= -1.357741e+03 pm 1.861252e+03
A[6]= 8.410261e+02 pm 3.979161e+02
A[7]= 6.825596e+00 pm 1.227415e+01
A[8]= -2.927147e-01 pm 1.737592e-01
A[9]= -1.658019e+03 pm 6.794973e+03
A[10]= 7.036910e+02 pm 3.767255e+03
A[11]= -3.352728e+02 pm 6.986487e+02
A[12]= 1.646059e+00 pm 4.748615e+01
A[13]= -2.740163e-01 pm 9.485030e-01
A[14]= 2.424969e+00 pm 6.862870e-01
A[15]= -1.896618e+03 pm 3.122566e+03
A[16]= 4.999015e+02 pm 1.857514e+03
A[17]= 4.316764e+02 pm 3.904943e+02
A[18]= 6.537445e+00 pm 1.555089e+01
A[19]= -1.692256e-01 pm 2.284137e-01
A[20]= -2.124171e+03 pm 9.974532e+03
A[21]= 6.803826e+02 pm 5.661623e+03
A[22]= -4.096378e+02 pm 1.047310e+03
A[23]= 1.792361e+00 pm 5.747973e+01
A[24]= -4.263048e-01 pm 1.058598e+00

Best-fitting parameters
A[0]= 9.862930e-01
A[1]= 1.069208e+00
A[2]= 6.784099e-01
A[3]= 2.633893e+00
A[4]= -3.885992e+02
A[5]= -6.158019e+02
A[6]= 6.804388e+02
A[7]= 8.792265e+00
A[8]= -3.176334e-01
A[9]= -6.762803e+03
A[10]= 3.071848e+03
A[11]= -6.471826e+02
A[12]= 3.883949e+01
A[13]= -1.107774e+00
A[14]= 3.769561e+00
A[15]= -3.440976e+03
A[16]= 2.019419e+03
A[17]= 8.972372e+00
A[18]= 8.994853e-01
A[19]= -5.868114e-02
A[20]= 1.092986e+03
A[21]= -1.006009e+03
A[22]= -9.267129e+01
A[23]= -1.558232e+01
A[24]= -4.403016e-02
chi2_min= 9.310050e+01


Cross-Covariance parameters
1.000000e+00	-4.694274e-01	-1.782410e-01	1.634923e-01	4.648594e-02	-3.584806e-02	1.705616e-02	-3.027457e-02	7.277714e-02	2.025151e-02	-1.834237e-03	-3.539496e-02	2.145091e-02	3.435240e-02	2.157745e-01	8.590388e-02	-5.329105e-02	8.149651e-03	-1.341524e-01	1.491328e-01	-1.216952e-01	1.362968e-01	-1.662887e-01	1.479316e-01	-1.163795e-01	
-4.694274e-01	1.000000e+00	3.009167e-01	-1.243129e-01	-1.996745e-01	2.304305e-01	-2.555715e-01	1.665347e-01	-1.225891e-01	8.384114e-02	-5.760640e-02	2.259390e-02	-1.218585e-01	4.106449e-02	-1.192756e-01	-3.290749e-01	3.153738e-01	-3.045609e-01	1.088987e-01	-4.078826e-02	-6.463451e-02	5.483971e-02	-4.506073e-02	-8.257266e-02	8.638823e-02	
-1.782410e-01	3.009167e-01	1.000000e+00	-4.198761e-01	-2.189199e-01	2.769939e-01	-3.246765e-01	9.418483e-02	-3.122324e-02	-1.214652e-01	2.021646e-01	-3.159716e-01	-2.760197e-01	3.080051e-01	-5.357197e-01	-2.231361e-01	2.210593e-01	-2.076321e-01	8.118864e-02	-3.554918e-02	-1.602270e-01	1.980489e-01	-2.625857e-01	-1.713520e-01	2.090889e-01	
1.634923e-01	-1.243129e-01	-4.198761e-01	1.000000e+00	-4.790095e-01	5.321834e-01	-5.708205e-01	1.434592e-04	1.685706e-01	6.779063e-02	-5.058312e-02	2.102820e-02	-1.124089e-01	1.439925e-01	3.403525e-01	7.033379e-02	-5.684847e-02	3.589245e-02	-2.061603e-01	2.011416e-01	-9.419612e-03	1.290303e-04	1.719381e-02	9.838221e-02	-7.666039e-02	
4.648594e-02	-1.996745e-01	-2.189199e-01	-4.790095e-01	1.000000e+00	-9.833356e-01	9.310479e-01	-6.542710e-01	4.059919e-01	-5.259764e-02	-6.807283e-03	1.024517e-01	2.416567e-01	-1.933047e-01	9.114854e-02	3.611504e-02	-2.133054e-02	1.811442e-02	1.315287e-01	-1.051923e-01	1.806196e-02	-2.863472e-02	4.617439e-02	6.313430e-02	-7.616759e-02	
-3.584806e-02	2.304305e-01	2.769939e-01	5.321834e-01	-9.833356e-01	1.000000e+00	-9.812614e-01	6.128422e-01	-3.612610e-01	7.039877e-02	-1.459927e-03	-1.084431e-01	-3.044023e-01	2.645250e-01	-8.792490e-02	-7.458206e-02	6.739491e-02	-6.808999e-02	-1.496274e-01	1.417327e-01	-5.048372e-02	6.367463e-02	-8.634536e-02	-6.976827e-02	9.744774e-02	
1.705616e-02	-2.555715e-01	-3.246765e-01	-5.708205e-01	9.310479e-01	-9.812614e-01	1.000000e+00	-5.591739e-01	3.191015e-01	-8.257451e-02	6.481069e-03	1.140054e-01	3.529330e-01	-3.195318e-01	8.520828e-02	1.068435e-01	-1.086390e-01	1.148004e-01	1.552098e-01	-1.649776e-01	8.653652e-02	-1.015213e-01	1.280983e-01	6.806608e-02	-1.084554e-01	
-3.027457e-02	1.665347e-01	9.418483e-02	1.434592e-04	-6.542710e-01	6.128422e-01	-5.591739e-01	1.000000e+00	-9.403354e-01	1.940172e-01	-1.758766e-01	1.322929e-01	-1.474895e-01	-1.485020e-02	-4.144273e-02	-4.304630e-02	3.951552e-02	-3.822465e-02	-5.050486e-02	2.441163e-02	2.748179e-02	-2.377792e-02	1.480951e-02	-6.071163e-02	6.124142e-02	
7.277714e-02	-1.225891e-01	-3.122324e-02	1.685706e-01	4.059919e-01	-3.612610e-01	3.191015e-01	-9.403354e-01	1.000000e+00	-1.846019e-01	1.893214e-01	-1.784852e-01	7.305991e-02	1.212437e-01	6.223673e-02	-4.100901e-03	9.174971e-04	3.984478e-04	-2.152382e-02	5.603407e-02	-5.342283e-02	5.443187e-02	-5.411016e-02	5.060115e-02	-3.483730e-02	
2.025151e-02	8.384114e-02	-1.214652e-01	6.779063e-02	-5.259764e-02	7.039877e-02	-8.257451e-02	1.940172e-01	-1.846019e-01	1.000000e+00	-9.873035e-01	9.302778e-01	-7.953347e-01	6.816531e-01	8.253104e-02	-9.773519e-02	9.497101e-02	-7.221951e-02	1.750247e-02	5.080332e-02	9.176640e-02	-1.215106e-01	1.525140e-01	-1.745830e-01	1.943976e-01	
-1.834237e-03	-5.760640e-02	2.021646e-01	-5.058312e-02	-6.807283e-03	-1.459927e-03	6.481069e-03	-1.758766e-01	1.893214e-01	-9.873035e-01	1.000000e+00	-9.761640e-01	7.841514e-01	-6.703978e-01	-9.782823e-02	6.899341e-02	-6.390418e-02	3.875908e-02	-4.667022e-02	-1.341481e-02	-1.155125e-01	1.506471e-01	-1.906203e-01	1.635505e-01	-1.714656e-01	
-3.539496e-02	2.259390e-02	-3.159716e-01	2.102820e-02	1.024517e-01	-1.084431e-01	1.140054e-01	1.322929e-01	-1.784852e-01	9.302778e-01	-9.761640e-01	1.000000e+00	-7.266764e-01	6.196876e-01	1.256376e-01	-2.882702e-02	2.089012e-02	5.970799e-03	8.332846e-02	-3.668432e-02	1.482366e-01	-1.898518e-01	2.414190e-01	-1.437505e-01	1.333153e-01	
2.145091e-02	-1.218585e-01	-2.760197e-01	-1.124089e-01	2.416567e-01	-3.044023e-01	3.529330e-01	-1.474895e-01	7.305991e-02	-7.953347e-01	7.841514e-01	-7.266764e-01	1.000000e+00	-9.640795e-01	1.557111e-01	1.232227e-01	-1.220434e-01	9.966964e-02	-3.823678e-02	-3.193691e-02	-1.644357e-02	3.083754e-02	-3.690429e-02	2.260971e-01	-2.511066e-01	
3.435240e-02	4.106449e-02	3.080051e-01	1.439925e-01	-1.933047e-01	2.645250e-01	-3.195318e-01	-1.485020e-02	1.212437e-01	6.816531e-01	-6.703978e-01	6.196876e-01	-9.640795e-01	1.000000e+00	-1.596956e-01	-1.157612e-01	1.140897e-01	-9.281393e-02	2.947886e-02	4.086284e-02	-1.059503e-02	9.128430e-04	-9.501070e-04	-2.021169e-01	2.287229e-01	
2.157745e-01	-1.192756e-01	-5.357197e-01	3.403525e-01	9.114854e-02	-8.792490e-02	8.520828e-02	-4.144273e-02	6.223673e-02	8.253104e-02	-9.782823e-02	1.256376e-01	1.557111e-01	-1.596956e-01	1.000000e+00	-3.532318e-01	4.493743e-01	-5.386682e-01	-4.128721e-01	5.263801e-01	-2.375268e-01	2.313094e-01	-2.191369e-01	1.491962e-01	-4.420858e-02	
8.590388e-02	-3.290749e-01	-2.231361e-01	7.033379e-02	3.611504e-02	-7.458206e-02	1.068435e-01	-4.304630e-02	-4.100901e-03	-9.773519e-02	6.899341e-02	-2.882702e-02	1.232227e-01	-1.157612e-01	-3.532318e-01	1.000000e+00	-9.793571e-01	9.167200e-01	-3.135959e-01	6.135377e-02	3.935369e-01	-4.037035e-01	4.196992e-01	-1.432673e-01	7.475983e-02	
-5.329105e-02	3.153738e-01	2.210593e-01	-5.684847e-02	-2.133054e-02	6.739491e-02	-1.086390e-01	3.951552e-02	9.174971e-04	9.497101e-02	-6.390418e-02	2.089012e-02	-1.220434e-01	1.140897e-01	4.493743e-01	-9.793571e-01	1.000000e+00	-9.771492e-01	2.516339e-01	2.519714e-03	-4.143573e-01	4.268585e-01	-4.463422e-01	1.230439e-01	-4.051876e-02	
8.149651e-03	-3.045609e-01	-2.076321e-01	3.589245e-02	1.811442e-02	-6.808999e-02	1.148004e-01	-3.822465e-02	3.984478e-04	-7.221951e-02	3.875908e-02	5.970799e-03	9.966964e-02	-9.281393e-02	-5.386682e-01	9.167200e-01	-9.771492e-01	1.000000e+00	-1.670690e-01	-7.208512e-02	4.225665e-01	-4.373656e-01	4.608606e-01	-1.037022e-01	1.398611e-02	
-1.341524e-01	1.088987e-01	8.118864e-02	-2.061603e-01	1.315287e-01	-1.496274e-01	1.552098e-01	-5.050486e-02	-2.152382e-02	1.750247e-02	-4.667022e-02	8.332846e-02	-3.823678e-02	2.947886e-02	-4.128721e-01	-3.135959e-01	2.516339e-01	-1.670690e-01	1.000000e+00	-9.516480e-01	2.349952e-02	-3.529501e-02	5.762104e-02	1.046914e-01	-2.376853e-01	
1.491328e-01	-4.078826e-02	-3.554918e-02	2.011416e-01	-1.051923e-01	1.417327e-01	-1.649776e-01	2.441163e-02	5.603407e-02	5.080332e-02	-1.341481e-02	-3.668432e-02	-3.193691e-02	4.086284e-02	5.263801e-01	6.135377e-02	2.519714e-03	-7.208512e-02	-9.516480e-01	1.000000e+00	-1.491462e-01	1.624474e-01	-1.858283e-01	-6.045359e-02	2.363633e-01	
-1.216952e-01	-6.463451e-02	-1.602270e-01	-9.419612e-03	1.806196e-02	-5.048372e-02	8.653652e-02	2.748179e-02	-5.342283e-02	9.176640e-02	-1.155125e-01	1.482366e-01	-1.644357e-02	-1.059503e-02	-2.375268e-01	3.935369e-01	-4.143573e-01	4.225665e-01	2.349952e-02	-1.491462e-01	1.000000e+00	-9.937951e-01	9.670676e-01	-8.200154e-01	6.931066e-01	
1.362968e-01	5.483971e-02	1.980489e-01	1.290303e-04	-2.863472e-02	6.367463e-02	-1.015213e-01	-2.377792e-02	5.443187e-02	-1.215106e-01	1.506471e-01	-1.898518e-01	3.083754e-02	9.128430e-04	2.313094e-01	-4.037035e-01	4.268585e-01	-4.373656e-01	-3.529501e-02	1.624474e-01	-9.937951e-01	1.000000e+00	-9.887780e-01	8.295732e-01	-7.023789e-01	
-1.662887e-01	-4.506073e-02	-2.625857e-01	1.719381e-02	4.617439e-02	-8.634536e-02	1.280983e-01	1.480951e-02	-5.411016e-02	1.525140e-01	-1.906203e-01	2.414190e-01	-3.690429e-02	-9.501070e-04	-2.191369e-01	4.196992e-01	-4.463422e-01	4.608606e-01	5.762104e-02	-1.858283e-01	9.670676e-01	-9.887780e-01	1.000000e+00	-8.133642e-01	6.880538e-01	
1.479316e-01	-8.257266e-02	-1.713520e-01	9.838221e-02	6.313430e-02	-6.976827e-02	6.806608e-02	-6.071163e-02	5.060115e-02	-1.745830e-01	1.635505e-01	-1.437505e-01	2.260971e-01	-2.021169e-01	1.491962e-01	-1.432673e-01	1.230439e-01	-1.037022e-01	1.046914e-01	-6.045359e-02	-8.200154e-01	8.295732e-01	-8.133642e-01	1.000000e+00	-9.629448e-01	
-1.163795e-01	8.638823e-02	2.090889e-01	-7.666039e-02	-7.616759e-02	9.744774e-02	-1.084554e-01	6.124142e-02	-3.483730e-02	1.943976e-01	-1.714656e-01	1.333153e-01	-2.511066e-01	2.287229e-01	-4.420858e-02	7.475983e-02	-4.051876e-02	1.398611e-02	-2.376853e-01	2.363633e-01	6.931066e-01	-7.023789e-01	6.880538e-01	-9.629448e-01	1.000000e+00	

Time taken for mcmc chain: 7.833333 minutes
