Number of steps: 1234296
Number of accepted steps: 1000000
Burn-in number of steps: 320000
Accepted fraction of steps: 0.810178
Convergence Status
R[0]= 1.180333	R[1]= 1.136025	R[2]= 1.045754	R[3]= 1.134481	R[4]= 1.057548	R[5]= 1.096026	R[6]= 1.139987	R[7]= 1.051612	R[8]= 1.025426	R[9]= 1.310291	R[10]= 1.266979	R[11]= 1.186250	R[12]= 1.257910	R[13]= 1.212339	R[14]= 1.120850	R[15]= 1.003418	R[16]= 1.004093	R[17]= 1.019005	R[18]= 1.022041	R[19]= 1.035514	R[20]= 1.197593	R[21]= 1.155725	R[22]= 1.097043	R[23]= 1.094799	R[24]= 1.087333	
<R>= 1.117535

Mean parameters
A[0]= 9.190335e-01 pm 4.142771e-02
A[1]= 1.062588e+00 pm 2.254449e-02
A[2]= 5.244006e-01 pm 2.930511e-01
A[3]= 1.697200e+00 pm 5.642686e-01
A[4]= 4.426593e+03 pm 2.888395e+03
A[5]= -3.857802e+03 pm 1.863938e+03
A[6]= 1.356573e+03 pm 4.451082e+02
A[7]= -1.206707e+00 pm 1.292471e+01
A[8]= -1.488725e-01 pm 1.715998e-01
A[9]= 3.922078e+03 pm 7.772853e+03
A[10]= -3.701052e+03 pm 4.351690e+03
A[11]= 8.013232e+02 pm 8.230193e+02
A[12]= -1.951504e+01 pm 4.442124e+01
A[13]= 2.186277e-01 pm 8.332862e-01
A[14]= 2.044998e+00 pm 7.012556e-01
A[15]= 4.786123e+03 pm 4.289314e+03
A[16]= -3.051397e+03 pm 2.611918e+03
A[17]= 1.014540e+03 pm 5.804969e+02
A[18]= 2.545474e+00 pm 2.138040e+01
A[19]= -1.078645e-01 pm 2.801483e-01
A[20]= 1.370973e+04 pm 1.105308e+04
A[21]= -8.448183e+03 pm 6.190783e+03
A[22]= 1.366645e+03 pm 1.155845e+03
A[23]= -3.597644e+01 pm 6.265056e+01
A[24]= -2.591993e-02 pm 1.139245e+00

Best-fitting parameters
A[0]= 9.026233e-01
A[1]= 1.026750e+00
A[2]= 1.671849e+00
A[3]= 1.661055e+00
A[4]= -8.645527e+02
A[5]= 3.685779e+02
A[6]= 2.391500e+02
A[7]= 8.381660e+00
A[8]= -1.186638e-01
A[9]= 2.335461e+02
A[10]= 6.539399e+02
A[11]= -7.325997e+02
A[12]= -6.215209e+01
A[13]= 1.406533e+00
A[14]= 1.826229e+00
A[15]= 1.130469e+03
A[16]= 6.521695e+01
A[17]= 1.235669e+02
A[18]= 1.399982e+00
A[19]= 4.897705e-02
A[20]= -3.733383e+03
A[21]= 3.702515e+03
A[22]= -1.495810e+03
A[23]= -2.671529e+01
A[24]= 8.252441e-01
chi2_min= 1.242786e+02


Cross-Covariance parameters
1.000000e+00	-2.861697e-01	3.782648e-02	-3.440321e-01	9.576433e-02	-1.497228e-01	1.925128e-01	1.727585e-01	-2.460058e-01	-8.195464e-02	9.338907e-02	-1.186624e-01	1.498731e-01	-1.226763e-01	-3.138769e-01	1.585908e-01	-1.835458e-01	2.023600e-01	8.167883e-02	-1.577582e-01	1.014045e-01	-7.231194e-02	1.093824e-02	4.763693e-02	-6.582339e-02	
-2.861697e-01	1.000000e+00	-5.311562e-03	1.438019e-01	-2.521945e-01	2.670009e-01	-2.797248e-01	2.325741e-01	-1.278466e-01	8.387119e-02	-8.811251e-02	9.785319e-02	-1.083731e-01	4.313340e-02	-9.292896e-02	-4.132259e-02	2.499034e-02	-1.305255e-02	7.344345e-02	-9.913033e-02	2.092286e-02	-3.362900e-02	6.691193e-02	-3.388441e-02	1.568570e-02	
3.782648e-02	-5.311562e-03	1.000000e+00	-4.308450e-01	-1.464084e-01	1.807330e-01	-1.962591e-01	1.082246e-01	-5.786026e-02	-2.981527e-01	3.730704e-01	-5.006812e-01	5.315785e-02	3.258564e-02	-3.816994e-01	-2.368942e-01	2.317713e-01	-2.266272e-01	6.727234e-02	-1.094222e-02	-1.544257e-01	2.392700e-01	-3.817831e-01	-1.959696e-02	8.209035e-02	
-3.440321e-01	1.438019e-01	-4.308450e-01	1.000000e+00	-5.297197e-01	6.114236e-01	-6.805090e-01	1.579594e-01	1.120880e-01	9.059041e-02	-1.165385e-01	1.647446e-01	-1.957120e-01	2.136336e-01	4.101956e-01	6.881281e-02	-2.724211e-02	-3.161586e-02	-1.475573e-01	1.766997e-01	-8.305584e-02	3.830887e-02	4.254801e-02	5.995403e-02	-7.104851e-02	
9.576433e-02	-2.521945e-01	-1.464084e-01	-5.297197e-01	1.000000e+00	-9.783401e-01	9.158525e-01	-7.500032e-01	4.689014e-01	1.351045e-01	-1.492769e-01	1.709094e-01	6.333187e-02	-3.251220e-02	-5.235932e-03	7.459213e-02	-8.080870e-02	9.815614e-02	-1.710117e-02	-2.563712e-03	8.474465e-02	-9.226190e-02	1.037176e-01	-2.509276e-02	2.371614e-02	
-1.497228e-01	2.670009e-01	1.807330e-01	6.114236e-01	-9.783401e-01	1.000000e+00	-9.782064e-01	7.212472e-01	-4.154092e-01	-1.143109e-01	1.355935e-01	-1.698787e-01	-1.101638e-01	9.071378e-02	4.550956e-02	-8.797696e-02	1.023624e-01	-1.318851e-01	-1.055183e-02	4.033240e-02	-1.363411e-01	1.443930e-01	-1.548946e-01	4.519337e-02	-3.393937e-02	
1.925128e-01	-2.797248e-01	-1.962591e-01	-6.805090e-01	9.158525e-01	-9.782064e-01	1.000000e+00	-6.541342e-01	3.375763e-01	1.014204e-01	-1.279200e-01	1.706155e-01	1.397359e-01	-1.350015e-01	-8.681400e-02	9.033522e-02	-1.134579e-01	1.553945e-01	3.991862e-02	-7.838462e-02	1.731243e-01	-1.813175e-01	1.904184e-01	-6.048060e-02	4.294762e-02	
1.727585e-01	2.325741e-01	1.082246e-01	1.579594e-01	-7.500032e-01	7.212472e-01	-6.541342e-01	1.000000e+00	-9.159863e-01	-2.840609e-03	2.105257e-02	-5.564627e-02	-3.123161e-02	-1.244230e-01	-1.219110e-01	2.580369e-02	-4.049035e-02	3.918689e-02	-8.379187e-04	-3.867100e-02	-7.938221e-02	8.431826e-02	-9.570735e-02	8.612503e-02	-1.012947e-01	
-2.460058e-01	-1.278466e-01	-5.786026e-02	1.120880e-01	4.689014e-01	-4.154092e-01	3.375763e-01	-9.159863e-01	1.000000e+00	-1.007969e-02	-8.095379e-06	2.139014e-02	-5.317078e-02	2.508539e-01	1.659354e-01	-7.081115e-02	9.453812e-02	-1.064391e-01	-1.980026e-03	6.287508e-02	4.215978e-02	-4.469390e-02	5.452209e-02	-9.701657e-02	1.227340e-01	
-8.195464e-02	8.387119e-02	-2.981527e-01	9.059041e-02	1.351045e-01	-1.143109e-01	1.014204e-01	-2.840609e-03	-1.007969e-02	1.000000e+00	-9.900889e-01	9.419364e-01	-8.573970e-01	7.165588e-01	1.319622e-01	1.491514e-01	-1.359801e-01	1.157428e-01	-1.238458e-01	7.120574e-02	-2.539397e-02	-4.886308e-04	5.326794e-02	5.358511e-02	-3.869574e-02	
9.338907e-02	-8.811251e-02	3.730704e-01	-1.165385e-01	-1.492769e-01	1.355935e-01	-1.279200e-01	2.105257e-02	-8.095379e-06	-9.900889e-01	1.000000e+00	-9.787515e-01	8.668479e-01	-7.276780e-01	-1.349469e-01	-1.904242e-01	1.785094e-01	-1.600408e-01	1.420467e-01	-7.961345e-02	1.628953e-02	1.728721e-02	-8.313776e-02	-5.949486e-02	4.613888e-02	
-1.186624e-01	9.785319e-02	-5.006812e-01	1.647446e-01	1.709094e-01	-1.698787e-01	1.706155e-01	-5.564627e-02	2.139014e-02	9.419364e-01	-9.787515e-01	1.000000e+00	-8.335302e-01	7.011100e-01	1.554759e-01	2.393878e-01	-2.299568e-01	2.153567e-01	-1.606020e-01	8.902018e-02	6.271414e-03	-5.258681e-02	1.394812e-01	6.202116e-02	-5.705848e-02	
1.498731e-01	-1.083731e-01	5.315785e-02	-1.957120e-01	6.333187e-02	-1.101638e-01	1.397359e-01	-3.123161e-02	-5.317078e-02	-8.573970e-01	8.668479e-01	-8.335302e-01	1.000000e+00	-9.496597e-01	-2.654883e-02	-1.436870e-01	1.238429e-01	-9.487323e-02	1.675946e-01	-1.281354e-01	1.334291e-01	-1.233276e-01	9.323509e-02	-8.751880e-02	3.810490e-02	
-1.226763e-01	4.313340e-02	3.258564e-02	2.136336e-01	-3.251220e-02	9.071378e-02	-1.350015e-01	-1.244230e-01	2.508539e-01	7.165588e-01	-7.276780e-01	7.011100e-01	-9.496597e-01	1.000000e+00	2.016869e-02	1.030525e-01	-7.760123e-02	4.462118e-02	-1.472985e-01	1.299041e-01	-1.690665e-01	1.663572e-01	-1.494175e-01	9.482815e-02	-3.859959e-02	
-3.138769e-01	-9.292896e-02	-3.816994e-01	4.101956e-01	-5.235932e-03	4.550956e-02	-8.681400e-02	-1.219110e-01	1.659354e-01	1.319622e-01	-1.349469e-01	1.554759e-01	-2.654883e-02	2.016869e-02	1.000000e+00	-3.833150e-01	4.994615e-01	-6.196200e-01	9.939450e-02	8.370753e-02	-9.931707e-02	6.619037e-02	-7.237796e-03	-1.321512e-02	1.562015e-02	
1.585908e-01	-4.132259e-02	-2.368942e-01	6.881281e-02	7.459213e-02	-8.797696e-02	9.033522e-02	2.580369e-02	-7.081115e-02	1.491514e-01	-1.904242e-01	2.393878e-01	-1.436870e-01	1.030525e-01	-3.833150e-01	1.000000e+00	-9.819477e-01	9.154748e-01	-7.957952e-01	6.109477e-01	6.717415e-02	-1.009140e-01	1.529183e-01	1.528526e-02	2.398862e-02	
-1.835458e-01	2.499034e-02	2.317713e-01	-2.724211e-02	-8.080870e-02	1.023624e-01	-1.134579e-01	-4.049035e-02	9.453812e-02	-1.359801e-01	1.785094e-01	-2.299568e-01	1.238429e-01	-7.760123e-02	4.994615e-01	-9.819477e-01	1.000000e+00	-9.740836e-01	7.685277e-01	-5.680605e-01	-1.033231e-01	1.371033e-01	-1.878591e-01	-5.157013e-03	-2.383819e-02	
2.023600e-01	-1.305255e-02	-2.266272e-01	-3.161586e-02	9.815614e-02	-1.318851e-01	1.553945e-01	3.918689e-02	-1.064391e-01	1.157428e-01	-1.600408e-01	2.153567e-01	-9.487323e-02	4.462118e-02	-6.196200e-01	9.154748e-01	-9.740836e-01	1.000000e+00	-6.873766e-01	4.776442e-01	1.510213e-01	-1.837211e-01	2.320609e-01	-1.320782e-02	2.904272e-02	
8.167883e-02	7.344345e-02	6.727234e-02	-1.475573e-01	-1.710117e-02	-1.055183e-02	3.991862e-02	-8.379187e-04	-1.980026e-03	-1.238458e-01	1.420467e-01	-1.606020e-01	1.675946e-01	-1.472985e-01	9.939450e-02	-7.957952e-01	7.685277e-01	-6.873766e-01	1.000000e+00	-9.542684e-01	4.153617e-02	-1.711283e-02	-2.298221e-02	2.649832e-02	-1.219499e-01	
-1.577582e-01	-9.913033e-02	-1.094222e-02	1.766997e-01	-2.563712e-03	4.033240e-02	-7.838462e-02	-3.867100e-02	6.287508e-02	7.120574e-02	-7.961345e-02	8.902018e-02	-1.281354e-01	1.299041e-01	8.370753e-02	6.109477e-01	-5.680605e-01	4.776442e-01	-9.542684e-01	1.000000e+00	-6.280507e-02	4.510731e-02	-1.488365e-02	-6.122477e-02	1.706387e-01	
1.014045e-01	2.092286e-02	-1.544257e-01	-8.305584e-02	8.474465e-02	-1.363411e-01	1.731243e-01	-7.938221e-02	4.215978e-02	-2.539397e-02	1.628953e-02	6.271414e-03	1.334291e-01	-1.690665e-01	-9.931707e-02	6.717415e-02	-1.033231e-01	1.510213e-01	4.153617e-02	-6.280507e-02	1.000000e+00	-9.892139e-01	9.358331e-01	-8.674639e-01	7.620801e-01	
-7.231194e-02	-3.362900e-02	2.392700e-01	3.830887e-02	-9.226190e-02	1.443930e-01	-1.813175e-01	8.431826e-02	-4.469390e-02	-4.886308e-04	1.728721e-02	-5.258681e-02	-1.233276e-01	1.663572e-01	6.619037e-02	-1.009140e-01	1.371033e-01	-1.837211e-01	-1.711283e-02	4.510731e-02	-9.892139e-01	1.000000e+00	-9.763895e-01	8.872206e-01	-7.854506e-01	
1.093824e-02	6.691193e-02	-3.817831e-01	4.254801e-02	1.037176e-01	-1.548946e-01	1.904184e-01	-9.570735e-02	5.452209e-02	5.326794e-02	-8.313776e-02	1.394812e-01	9.323509e-02	-1.494175e-01	-7.237796e-03	1.529183e-01	-1.878591e-01	2.320609e-01	-2.298221e-02	-1.488365e-02	9.358331e-01	-9.763895e-01	1.000000e+00	-8.705763e-01	7.787971e-01	
4.763693e-02	-3.388441e-02	-1.959696e-02	5.995403e-02	-2.509276e-02	4.519337e-02	-6.048060e-02	8.612503e-02	-9.701657e-02	5.358511e-02	-5.949486e-02	6.202116e-02	-8.751880e-02	9.482815e-02	-1.321512e-02	1.528526e-02	-5.157013e-03	-1.320782e-02	2.649832e-02	-6.122477e-02	-8.674639e-01	8.872206e-01	-8.705763e-01	1.000000e+00	-9.705951e-01	
-6.582339e-02	1.568570e-02	8.209035e-02	-7.104851e-02	2.371614e-02	-3.393937e-02	4.294762e-02	-1.012947e-01	1.227340e-01	-3.869574e-02	4.613888e-02	-5.705848e-02	3.810490e-02	-3.859959e-02	1.562015e-02	2.398862e-02	-2.383819e-02	2.904272e-02	-1.219499e-01	1.706387e-01	7.620801e-01	-7.854506e-01	7.787971e-01	-9.705951e-01	1.000000e+00	

Time taken for mcmc chain: 10.500000 minutes
