Number of steps: 1090688
Number of accepted steps: 1000000
Burn-in number of steps: 320000
Accepted fraction of steps: 0.916852
Convergence Status
R[0]= 1.165176	R[1]= 1.086674	R[2]= 1.013243	R[3]= 1.012414	R[4]= 1.086611	R[5]= 1.091076	R[6]= 1.091652	R[7]= 1.122203	R[8]= 1.161718	R[9]= 1.169447	R[10]= 1.199902	R[11]= 1.210559	R[12]= 1.226779	R[13]= 1.202539	R[14]= 1.136882	R[15]= 1.093938	R[16]= 1.110485	R[17]= 1.134519	R[18]= 1.147606	R[19]= 1.126131	R[20]= 1.076223	R[21]= 1.080173	R[22]= 1.095762	R[23]= 1.109663	R[24]= 1.114401	
<R>= 1.122631

Mean parameters
A[0]= 9.291739e-01 pm 2.553879e-02
A[1]= 1.045655e+00 pm 2.149838e-02
A[2]= 5.472229e-01 pm 2.481860e-01
A[3]= 3.699861e+00 pm 7.706501e-01
A[4]= -4.017388e+03 pm 3.151360e+03
A[5]= 2.047002e+03 pm 2.007543e+03
A[6]= -4.650440e+01 pm 4.570821e+02
A[7]= 1.636713e+01 pm 1.158213e+01
A[8]= -2.623328e-01 pm 1.635598e-01
A[9]= -1.806381e+03 pm 7.289967e+03
A[10]= 4.505949e+02 pm 4.207019e+03
A[11]= -2.029737e+02 pm 8.335328e+02
A[12]= 9.623943e+00 pm 4.306738e+01
A[13]= -4.064677e-01 pm 8.053726e-01
A[14]= 5.332766e+00 pm 1.218965e+00
A[15]= -6.806896e+03 pm 4.918541e+03
A[16]= 5.022643e+03 pm 3.113241e+03
A[17]= -9.041328e+02 pm 6.954825e+02
A[18]= 1.786213e+00 pm 1.882679e+01
A[19]= 1.617930e-01 pm 2.361624e-01
A[20]= 6.058046e+03 pm 1.033851e+04
A[21]= -3.493293e+03 pm 5.881641e+03
A[22]= 2.872330e+02 pm 1.138560e+03
A[23]= -4.238564e+01 pm 6.550587e+01
A[24]= 5.367250e-01 pm 1.249107e+00

Best-fitting parameters
A[0]= 9.326990e-01
A[1]= 1.045636e+00
A[2]= 7.958248e-01
A[3]= 2.965651e+00
A[4]= -2.856634e+03
A[5]= 1.436332e+03
A[6]= 5.707915e+01
A[7]= 1.957046e+01
A[8]= -3.323191e-01
A[9]= -6.448511e+03
A[10]= 3.251836e+03
A[11]= -8.083702e+02
A[12]= 1.967122e+01
A[13]= -5.424104e-01
A[14]= 4.717928e+00
A[15]= -9.719839e+03
A[16]= 6.853382e+03
A[17]= -1.300450e+03
A[18]= 1.526009e+01
A[19]= 2.290495e-02
A[20]= 3.513792e+03
A[21]= -1.556970e+03
A[22]= -2.221339e+02
A[23]= -7.551625e+01
A[24]= 1.309910e+00
chi2_min= 8.877812e+01


Cross-Covariance parameters
1.000000e+00	-3.264421e-01	-1.247702e-01	-1.203394e-01	1.830070e-01	-1.936840e-01	1.896402e-01	-5.155754e-02	3.934545e-02	-9.222888e-02	1.210008e-01	-1.622558e-01	2.703000e-01	-2.773322e-01	8.725166e-03	3.527648e-02	-3.564325e-02	2.488275e-02	1.236475e-01	-1.578434e-01	-8.196124e-02	8.738646e-02	-1.166449e-01	1.497940e-01	-1.418775e-01	
-3.264421e-01	1.000000e+00	1.712737e-01	-1.655495e-01	-1.189897e-01	1.249821e-01	-1.367539e-01	3.055114e-01	-2.601176e-01	-4.263008e-02	3.895208e-02	-1.965064e-02	-2.818621e-02	4.250198e-03	-2.913678e-01	1.377202e-01	-1.403147e-01	1.336447e-01	1.039032e-02	-3.911328e-02	-6.496872e-02	5.550516e-02	-2.308259e-02	3.892207e-02	-5.206396e-02	
-1.247702e-01	1.712737e-01	1.000000e+00	-5.561923e-01	-2.650677e-01	2.732553e-01	-2.740556e-01	2.501581e-01	-2.198822e-01	-3.069302e-01	4.051404e-01	-5.430034e-01	-1.399826e-01	2.175135e-01	-6.357087e-01	-1.178313e-01	1.148032e-01	-9.838082e-02	1.328506e-01	-1.256482e-01	-2.948317e-01	3.761054e-01	-5.037107e-01	-1.977947e-01	3.114673e-01	
-1.203394e-01	-1.655495e-01	-5.561923e-01	1.000000e+00	-4.353643e-01	5.013151e-01	-5.521683e-01	-6.323204e-02	3.480943e-01	1.454037e-01	-1.641631e-01	2.038162e-01	-3.330523e-02	8.520216e-02	5.414914e-01	-2.386568e-01	2.311899e-01	-2.186872e-01	8.155015e-02	5.346442e-03	1.507832e-01	-2.061953e-01	2.882513e-01	2.568888e-02	-8.047323e-02	
1.830070e-01	-1.189897e-01	-2.650677e-01	-4.353643e-01	1.000000e+00	-9.854571e-01	9.407385e-01	-6.580229e-01	2.813303e-01	2.137465e-01	-2.702042e-01	3.245129e-01	3.036962e-02	-1.084900e-01	7.248645e-02	3.163204e-01	-2.898124e-01	2.464116e-01	-2.193889e-01	1.249197e-01	9.287025e-02	-8.865846e-02	9.515233e-02	1.463480e-01	-1.798266e-01	
-1.936840e-01	1.249821e-01	2.732553e-01	5.013151e-01	-9.854571e-01	1.000000e+00	-9.842350e-01	6.077069e-01	-2.149446e-01	-1.961941e-01	2.605625e-01	-3.263518e-01	-5.804451e-02	1.470781e-01	-5.926249e-02	-3.247661e-01	3.009595e-01	-2.608611e-01	2.088012e-01	-1.114079e-01	-9.545564e-02	9.414665e-02	-1.038256e-01	-1.499992e-01	1.848339e-01	
1.896402e-01	-1.367539e-01	-2.740556e-01	-5.521683e-01	9.407385e-01	-9.842350e-01	1.000000e+00	-5.454947e-01	1.529856e-01	1.680410e-01	-2.392796e-01	3.162647e-01	8.591995e-02	-1.794996e-01	4.501837e-02	3.236545e-01	-3.032186e-01	2.679136e-01	-1.910583e-01	9.312998e-02	1.001773e-01	-1.009010e-01	1.125616e-01	1.475049e-01	-1.831405e-01	
-5.155754e-02	3.055114e-01	2.501581e-01	-6.323204e-02	-6.580229e-01	6.077069e-01	-5.454947e-01	1.000000e+00	-8.830581e-01	-9.557753e-02	1.337219e-01	-1.778364e-01	1.770841e-02	-8.910016e-02	-2.588265e-01	1.393048e-03	-2.856823e-02	5.652637e-02	1.617829e-02	-7.050197e-03	-1.547974e-01	1.360236e-01	-1.197425e-01	-2.078161e-02	4.687145e-02	
3.934545e-02	-2.601176e-01	-2.198822e-01	3.480943e-01	2.813303e-01	-2.149446e-01	1.529856e-01	-8.830581e-01	1.000000e+00	-4.395317e-02	2.903563e-02	1.640634e-03	4.320965e-02	1.076615e-01	2.891165e-01	-1.528599e-01	1.750248e-01	-1.899863e-01	1.180392e-01	-8.334533e-02	1.747410e-01	-1.567412e-01	1.359985e-01	-5.332838e-02	2.783712e-02	
-9.222888e-02	-4.263008e-02	-3.069302e-01	1.454037e-01	2.137465e-01	-1.961941e-01	1.680410e-01	-9.557753e-02	-4.395317e-02	1.000000e+00	-9.843133e-01	9.184791e-01	-7.967955e-01	6.529906e-01	2.095981e-01	3.972520e-02	-4.146839e-02	3.724056e-02	-2.520501e-02	3.616341e-03	8.126228e-02	-1.085554e-01	1.499314e-01	1.140367e-01	-1.768736e-01	
1.210008e-01	3.895208e-02	4.051404e-01	-1.641631e-01	-2.702042e-01	2.605625e-01	-2.392796e-01	1.337219e-01	2.903563e-02	-9.843133e-01	1.000000e+00	-9.727231e-01	7.769569e-01	-6.286790e-01	-2.524271e-01	-7.902678e-02	8.130795e-02	-7.726319e-02	6.402137e-02	-3.950352e-02	-1.158802e-01	1.531404e-01	-2.123329e-01	-1.279329e-01	1.970860e-01	
-1.622558e-01	-1.965064e-02	-5.430034e-01	2.038162e-01	3.245129e-01	-3.263518e-01	3.162647e-01	-1.778364e-01	1.640634e-03	9.184791e-01	-9.727231e-01	1.000000e+00	-6.962089e-01	5.517667e-01	3.216874e-01	1.233250e-01	-1.249207e-01	1.193551e-01	-1.098236e-01	8.462956e-02	1.697034e-01	-2.199530e-01	3.027968e-01	1.414010e-01	-2.213579e-01	
2.703000e-01	-2.818621e-02	-1.399826e-01	-3.330523e-02	3.036962e-02	-5.804451e-02	8.591995e-02	1.770841e-02	4.320965e-02	-7.967955e-01	7.769569e-01	-6.962089e-01	1.000000e+00	-9.578236e-01	5.695863e-02	4.149613e-02	-3.617073e-02	2.347753e-02	9.318929e-03	-2.428116e-02	3.170262e-03	-1.245844e-02	2.491538e-02	4.934024e-02	-5.280428e-02	
-2.773322e-01	4.250198e-03	2.175135e-01	8.520216e-02	-1.084900e-01	1.470781e-01	-1.794996e-01	-8.910016e-02	1.076615e-01	6.529906e-01	-6.286790e-01	5.517667e-01	-9.578236e-01	1.000000e+00	-7.884582e-02	-9.585947e-02	9.334814e-02	-7.886334e-02	2.918368e-02	5.891348e-03	4.047359e-03	1.525819e-02	-4.456426e-02	-1.110132e-01	1.278490e-01	
8.725166e-03	-2.913678e-01	-6.357087e-01	5.414914e-01	7.248645e-02	-5.926249e-02	4.501837e-02	-2.588265e-01	2.891165e-01	2.095981e-01	-2.524271e-01	3.216874e-01	5.695863e-02	-7.884582e-02	1.000000e+00	-5.262928e-01	5.754694e-01	-6.254961e-01	9.369074e-02	1.366214e-01	1.708749e-01	-1.851627e-01	2.219823e-01	1.767378e-02	-5.372281e-02	
3.527648e-02	1.377202e-01	-1.178313e-01	-2.386568e-01	3.163204e-01	-3.247661e-01	3.236545e-01	1.393048e-03	-1.528599e-01	3.972520e-02	-7.902678e-02	1.233250e-01	4.149613e-02	-9.585947e-02	-5.262928e-01	1.000000e+00	-9.903297e-01	9.588445e-01	-6.999641e-01	4.288975e-01	-4.542930e-02	5.536001e-03	6.270914e-02	2.325611e-01	-2.345197e-01	
-3.564325e-02	-1.403147e-01	1.148032e-01	2.311899e-01	-2.898124e-01	3.009595e-01	-3.032186e-01	-2.856823e-02	1.750248e-01	-4.146839e-02	8.130795e-02	-1.249207e-01	-3.617073e-02	9.334814e-02	5.754694e-01	-9.903297e-01	1.000000e+00	-9.884972e-01	6.653376e-01	-3.820272e-01	4.182062e-02	4.412375e-03	-7.870615e-02	-2.325948e-01	2.403601e-01	
2.488275e-02	1.336447e-01	-9.838082e-02	-2.186872e-01	2.464116e-01	-2.608611e-01	2.679136e-01	5.652637e-02	-1.899863e-01	3.724056e-02	-7.726319e-02	1.193551e-01	2.347753e-02	-7.886334e-02	-6.254961e-01	9.588445e-01	-9.884972e-01	1.000000e+00	-6.128513e-01	3.240689e-01	-3.624082e-02	-1.533197e-02	9.371188e-02	2.198912e-01	-2.317741e-01	
1.236475e-01	1.039032e-02	1.328506e-01	8.155015e-02	-2.193889e-01	2.088012e-01	-1.910583e-01	1.617829e-02	1.180392e-01	-2.520501e-02	6.402137e-02	-1.098236e-01	9.318929e-03	2.918368e-02	9.369074e-02	-6.999641e-01	6.653376e-01	-6.128513e-01	1.000000e+00	-9.334332e-01	8.237432e-02	-6.467052e-02	1.170337e-02	-1.286235e-01	5.496676e-02	
-1.578434e-01	-3.911328e-02	-1.256482e-01	5.346442e-03	1.249197e-01	-1.114079e-01	9.312998e-02	-7.050197e-03	-8.334533e-02	3.616341e-03	-3.950352e-02	8.462956e-02	-2.428116e-02	5.891348e-03	1.366214e-01	4.288975e-01	-3.820272e-01	3.240689e-01	-9.334332e-01	1.000000e+00	-8.225425e-02	8.067892e-02	-4.537444e-02	6.752025e-02	3.162338e-02	
-8.196124e-02	-6.496872e-02	-2.948317e-01	1.507832e-01	9.287025e-02	-9.545564e-02	1.001773e-01	-1.547974e-01	1.747410e-01	8.126228e-02	-1.158802e-01	1.697034e-01	3.170262e-03	4.047359e-03	1.708749e-01	-4.542930e-02	4.182062e-02	-3.624082e-02	8.237432e-02	-8.225425e-02	1.000000e+00	-9.883635e-01	9.332357e-01	-7.856488e-01	6.557773e-01	
8.738646e-02	5.550516e-02	3.761054e-01	-2.061953e-01	-8.865846e-02	9.414665e-02	-1.009010e-01	1.360236e-01	-1.567412e-01	-1.085554e-01	1.531404e-01	-2.199530e-01	-1.245844e-02	1.525819e-02	-1.851627e-01	5.536001e-03	4.412375e-03	-1.533197e-02	-6.467052e-02	8.067892e-02	-9.883635e-01	1.000000e+00	-9.757705e-01	7.638149e-01	-6.290832e-01	
-1.166449e-01	-2.308259e-02	-5.037107e-01	2.882513e-01	9.515233e-02	-1.038256e-01	1.125616e-01	-1.197425e-01	1.359985e-01	1.499314e-01	-2.123329e-01	3.027968e-01	2.491538e-02	-4.456426e-02	2.219823e-01	6.270914e-02	-7.870615e-02	9.371188e-02	1.170337e-02	-4.537444e-02	9.332357e-01	-9.757705e-01	1.000000e+00	-6.833165e-01	5.472057e-01	
1.497940e-01	3.892207e-02	-1.977947e-01	2.568888e-02	1.463480e-01	-1.499992e-01	1.475049e-01	-2.078161e-02	-5.332838e-02	1.140367e-01	-1.279329e-01	1.414010e-01	4.934024e-02	-1.110132e-01	1.767378e-02	2.325611e-01	-2.325948e-01	2.198912e-01	-1.286235e-01	6.752025e-02	-7.856488e-01	7.638149e-01	-6.833165e-01	1.000000e+00	-9.740038e-01	
-1.418775e-01	-5.206396e-02	3.114673e-01	-8.047323e-02	-1.798266e-01	1.848339e-01	-1.831405e-01	4.687145e-02	2.783712e-02	-1.768736e-01	1.970860e-01	-2.213579e-01	-5.280428e-02	1.278490e-01	-5.372281e-02	-2.345197e-01	2.403601e-01	-2.317741e-01	5.496676e-02	3.162338e-02	6.557773e-01	-6.290832e-01	5.472057e-01	-9.740038e-01	1.000000e+00	

Time taken for mcmc chain: 8.400000 minutes
