Number of steps: 9363431
Number of accepted steps: 1000000
Burn-in number of steps: 320000
Accepted fraction of steps: 0.106798
Convergence Status
R[0]= 1.004415	R[1]= 1.008742	R[2]= 1.042391	R[3]= 1.050300	R[4]= 1.012497	R[5]= 1.014841	R[6]= 1.016658	R[7]= 1.001029	R[8]= 1.000808	R[9]= 1.003394	R[10]= 1.006141	R[11]= 1.010309	R[12]= 1.000787	R[13]= 1.002021	R[14]= 1.019657	R[15]= 1.002297	R[16]= 1.002663	R[17]= 1.002796	R[18]= 1.000166	R[19]= 1.000776	R[20]= 1.006715	R[21]= 1.010716	R[22]= 1.016579	R[23]= 1.005058	R[24]= 1.009271	
<R>= 1.010041

Mean parameters
A[0]= 8.957372e-01 pm 3.246260e-02
A[1]= 1.003273e+00 pm 2.941084e-02
A[2]= 6.911030e-01 pm 4.484644e-01
A[3]= 2.622033e+00 pm 9.111420e-01
A[4]= -2.759858e+03 pm 3.561414e+03
A[5]= 1.337164e+03 pm 2.321668e+03
A[6]= 8.704072e+01 pm 5.356211e+02
A[7]= 1.228881e+01 pm 1.223973e+01
A[8]= -2.137642e-01 pm 1.788897e-01
A[9]= -2.956252e+03 pm 7.788732e+03
A[10]= 1.263515e+03 pm 4.620460e+03
A[11]= -3.904796e+02 pm 9.502116e+02
A[12]= 7.337253e+00 pm 4.443291e+01
A[13]= -2.167834e-01 pm 8.643087e-01
A[14]= 3.824494e+00 pm 1.192388e+00
A[15]= -9.520312e+03 pm 4.949242e+03
A[16]= 6.242406e+03 pm 3.262410e+03
A[17]= -1.072826e+03 pm 7.596670e+02
A[18]= 1.328794e+01 pm 1.801742e+01
A[19]= -1.421791e-02 pm 2.575115e-01
A[20]= -3.078645e+03 pm 1.092262e+04
A[21]= 1.682288e+03 pm 6.599522e+03
A[22]= -7.094387e+02 pm 1.388384e+03
A[23]= -1.328149e+00 pm 6.348820e+01
A[24]= -2.125244e-01 pm 1.257254e+00

Best-fitting parameters
A[0]= 8.866720e-01
A[1]= 9.961195e-01
A[2]= 6.421805e-01
A[3]= 2.586879e+00
A[4]= -3.020030e+03
A[5]= 1.407339e+03
A[6]= 9.725311e+01
A[7]= 1.228163e+01
A[8]= -2.169477e-01
A[9]= -3.717503e+03
A[10]= 2.130627e+03
A[11]= -6.505204e+02
A[12]= 3.187303e+01
A[13]= -8.148753e-01
A[14]= 4.003684e+00
A[15]= -8.594142e+03
A[16]= 6.028333e+03
A[17]= -1.077748e+03
A[18]= 5.473613e+00
A[19]= 1.251487e-01
A[20]= -1.652112e+03
A[21]= 1.015626e+03
A[22]= -5.988281e+02
A[23]= -1.496401e+01
A[24]= 1.839280e-01
chi2_min= 9.917985e+01


Cross-Covariance parameters
1.000000e+00	-5.304986e-01	-1.667677e-01	7.593249e-02	5.855577e-02	-5.545421e-02	4.516113e-02	2.211317e-02	-1.502522e-02	1.942142e-02	-5.954303e-03	-2.882556e-02	1.074696e-01	-7.516523e-02	1.285738e-01	1.971737e-02	-1.121814e-02	-3.845398e-03	1.961269e-02	2.858594e-03	3.805885e-03	1.558159e-02	-5.627791e-02	1.285750e-01	-9.327136e-02	
-5.304986e-01	1.000000e+00	2.142993e-01	-2.147270e-01	-5.667823e-03	3.692508e-03	-1.045018e-02	1.376344e-01	-1.340486e-01	2.886955e-03	-9.162730e-03	2.657024e-02	-1.031955e-01	5.325901e-02	-2.729785e-01	3.222593e-02	-3.611243e-02	3.308750e-02	1.551923e-01	-1.625300e-01	6.730862e-03	-1.752156e-02	4.195231e-02	-9.113744e-02	4.918342e-02	
-1.667677e-01	2.142993e-01	1.000000e+00	-7.073279e-01	6.258308e-02	-6.664257e-02	7.451565e-02	-3.637978e-02	-1.685873e-02	-3.672714e-01	4.725310e-01	-5.971349e-01	-1.344249e-01	2.418359e-01	-6.348859e-01	-1.200602e-01	1.311305e-01	-1.306705e-01	-4.093367e-02	7.951143e-02	-3.924444e-01	5.008652e-01	-6.247257e-01	-2.238560e-01	3.603422e-01	
7.593249e-02	-2.147270e-01	-7.073279e-01	1.000000e+00	-5.591268e-01	6.200093e-01	-6.642443e-01	4.205474e-02	2.388832e-01	1.730316e-01	-2.243803e-01	2.926034e-01	4.024415e-02	-5.549909e-02	4.895690e-01	8.804477e-02	-9.540272e-02	9.601043e-02	-8.231732e-03	-2.226609e-02	2.842232e-01	-3.648902e-01	4.578730e-01	1.599372e-01	-2.565592e-01	
5.855577e-02	-5.667823e-03	6.258308e-02	-5.591268e-01	1.000000e+00	-9.846848e-01	9.425472e-01	-5.468618e-01	1.592987e-01	7.249603e-02	-1.036874e-01	1.346668e-01	9.324479e-02	-9.209862e-02	-6.333661e-02	1.796427e-02	-2.119226e-02	2.430777e-02	1.283248e-02	-1.972390e-02	-5.944202e-03	1.461947e-02	-2.681004e-02	-9.557364e-03	1.401475e-02	
-5.545421e-02	3.692508e-03	-6.664257e-02	6.200093e-01	-9.846848e-01	1.000000e+00	-9.858922e-01	4.758193e-01	-7.715221e-02	-8.438027e-02	1.190423e-01	-1.535181e-01	-1.029633e-01	1.181949e-01	6.913854e-02	-2.085022e-02	2.432429e-02	-2.757605e-02	-1.235960e-02	2.015127e-02	9.761743e-03	-1.826206e-02	3.020674e-02	7.796659e-03	-1.281007e-02	
4.516113e-02	-1.045018e-02	7.451565e-02	-6.642443e-01	9.425472e-01	-9.858922e-01	1.000000e+00	-3.991177e-01	3.975423e-03	9.449865e-02	-1.306648e-01	1.664823e-01	1.028055e-01	-1.304336e-01	-7.391746e-02	2.035823e-02	-2.392444e-02	2.753419e-02	9.003960e-03	-1.696580e-02	-1.639709e-02	2.518769e-02	-3.729359e-02	-7.828855e-03	1.451944e-02	
2.211317e-02	1.376344e-01	-3.637978e-02	4.205474e-02	-5.468618e-01	4.758193e-01	-3.991177e-01	1.000000e+00	-8.952446e-01	1.191983e-01	-1.093377e-01	8.817773e-02	-4.068908e-02	-1.418853e-01	-3.290685e-03	5.743472e-03	-6.589775e-03	4.312023e-03	4.779372e-02	-4.445185e-02	1.582595e-02	-2.254984e-02	3.080652e-02	1.438969e-02	-2.555017e-02	
-1.502522e-02	-1.340486e-01	-1.685873e-02	2.388832e-01	1.592987e-01	-7.715221e-02	3.975423e-03	-8.952446e-01	1.000000e+00	-1.694050e-01	1.709352e-01	-1.582170e-01	1.624069e-02	2.087397e-01	4.637174e-02	-1.091320e-02	1.328108e-02	-1.317645e-02	-4.563516e-02	4.577486e-02	-3.119377e-03	4.198596e-03	-5.389520e-03	-1.077045e-03	7.100456e-03	
1.942142e-02	2.886955e-03	-3.672714e-01	1.730316e-01	7.249603e-02	-8.438027e-02	9.449865e-02	1.191983e-01	-1.694050e-01	1.000000e+00	-9.845013e-01	9.221538e-01	-7.300716e-01	5.416232e-01	2.185905e-01	6.514357e-02	-7.277324e-02	7.540161e-02	2.896040e-02	-4.989338e-02	1.802237e-01	-2.240400e-01	2.747036e-01	6.762928e-02	-1.287329e-01	
-5.954303e-03	-9.162730e-03	4.725310e-01	-2.243803e-01	-1.036874e-01	1.190423e-01	-1.306648e-01	-1.093377e-01	1.709352e-01	-9.845013e-01	1.000000e+00	-9.749238e-01	6.840827e-01	-4.898440e-01	-2.821452e-01	-8.330612e-02	9.290422e-02	-9.608456e-02	-3.608354e-02	6.359816e-02	-2.263810e-01	2.838192e-01	-3.506789e-01	-9.088865e-02	1.700789e-01	
-2.882556e-02	2.657024e-02	-5.971349e-01	2.926034e-01	1.346668e-01	-1.535181e-01	1.664823e-01	8.817773e-02	-1.582170e-01	9.221538e-01	-9.749238e-01	1.000000e+00	-5.829955e-01	3.908296e-01	3.565827e-01	1.055914e-01	-1.177833e-01	1.219483e-01	4.420792e-02	-8.037658e-02	2.810051e-01	-3.556152e-01	4.432282e-01	1.182350e-01	-2.200198e-01	
1.074696e-01	-1.031955e-01	-1.344249e-01	4.024415e-02	9.324479e-02	-1.029633e-01	1.028055e-01	-4.068908e-02	1.624069e-02	-7.300716e-01	6.840827e-01	-5.829955e-01	1.000000e+00	-9.463413e-01	9.527398e-02	2.254998e-02	-2.351334e-02	2.262211e-02	-4.265916e-04	-6.085180e-03	3.151038e-02	-4.594340e-02	6.066652e-02	5.903501e-02	-7.174941e-02	
-7.516523e-02	5.325901e-02	2.418359e-01	-5.549909e-02	-9.209862e-02	1.181949e-01	-1.304336e-01	-1.418853e-01	2.087397e-01	5.416232e-01	-4.898440e-01	3.908296e-01	-9.463413e-01	1.000000e+00	-1.517529e-01	-4.447813e-02	4.841554e-02	-4.861594e-02	-1.745307e-02	3.176730e-02	-8.656350e-02	1.164954e-01	-1.499041e-01	-7.806802e-02	1.131717e-01	
1.285738e-01	-2.729785e-01	-6.348859e-01	4.895690e-01	-6.333661e-02	6.913854e-02	-7.391746e-02	-3.290685e-03	4.637174e-02	2.185905e-01	-2.821452e-01	3.565827e-01	9.527398e-02	-1.517529e-01	1.000000e+00	-4.804738e-01	5.383603e-01	-5.826985e-01	-3.616274e-02	2.610368e-01	1.118920e-01	-1.582126e-01	2.177227e-01	8.683988e-02	-1.111411e-01	
1.971737e-02	3.222593e-02	-1.200602e-01	8.804477e-02	1.796427e-02	-2.085022e-02	2.035823e-02	5.743472e-03	-1.091320e-02	6.514357e-02	-8.330612e-02	1.055914e-01	2.254998e-02	-4.447813e-02	-4.804738e-01	1.000000e+00	-9.839633e-01	9.402382e-01	-4.744205e-01	1.097757e-01	2.258961e-01	-2.692850e-01	3.103287e-01	7.035333e-02	-1.248338e-01	
-1.121814e-02	-3.611243e-02	1.311305e-01	-9.540272e-02	-2.119226e-02	2.432429e-02	-2.392444e-02	-6.589775e-03	1.328108e-02	-7.277324e-02	9.290422e-02	-1.177833e-01	-2.351334e-02	4.841554e-02	5.383603e-01	-9.839633e-01	1.000000e+00	-9.854267e-01	3.934628e-01	-1.835933e-02	-2.416607e-01	2.906506e-01	-3.378025e-01	-8.880767e-02	1.560366e-01	
-3.845398e-03	3.308750e-02	-1.306705e-01	9.601043e-02	2.430777e-02	-2.757605e-02	2.753419e-02	4.312023e-03	-1.317645e-02	7.540161e-02	-9.608456e-02	1.219483e-01	2.262211e-02	-4.861594e-02	-5.826985e-01	9.402382e-01	-9.854267e-01	1.000000e+00	-3.085591e-01	-6.313517e-02	2.467898e-01	-2.992856e-01	3.505719e-01	9.996233e-02	-1.750788e-01	
1.961269e-02	1.551923e-01	-4.093367e-02	-8.231732e-03	1.283248e-02	-1.235960e-02	9.003960e-03	4.779372e-02	-4.563516e-02	2.896040e-02	-3.608354e-02	4.420792e-02	-4.265916e-04	-1.745307e-02	-3.616274e-02	-4.744205e-01	3.934628e-01	-3.085591e-01	1.000000e+00	-9.121235e-01	3.423688e-02	-3.567018e-02	3.611387e-02	6.699585e-02	-1.590711e-01	
2.858594e-03	-1.625300e-01	7.951143e-02	-2.226609e-02	-1.972390e-02	2.015127e-02	-1.696580e-02	-4.445185e-02	4.577486e-02	-4.989338e-02	6.359816e-02	-8.037658e-02	-6.085180e-03	3.176730e-02	2.610368e-01	1.097757e-01	-1.835933e-02	-6.313517e-02	-9.121235e-01	1.000000e+00	-1.315128e-01	1.502254e-01	-1.660670e-01	-9.882230e-02	2.325399e-01	
3.805885e-03	6.730862e-03	-3.924444e-01	2.842232e-01	-5.944202e-03	9.761743e-03	-1.639709e-02	1.582595e-02	-3.119377e-03	1.802237e-01	-2.263810e-01	2.810051e-01	3.151038e-02	-8.656350e-02	1.118920e-01	2.258961e-01	-2.416607e-01	2.467898e-01	3.423688e-02	-1.315128e-01	1.000000e+00	-9.838808e-01	9.199471e-01	-6.695843e-01	4.831516e-01	
1.558159e-02	-1.752156e-02	5.008652e-01	-3.648902e-01	1.461947e-02	-1.826206e-02	2.518769e-02	-2.254984e-02	4.198596e-03	-2.240400e-01	2.838192e-01	-3.556152e-01	-4.594340e-02	1.164954e-01	-1.582126e-01	-2.692850e-01	2.906506e-01	-2.992856e-01	-3.567018e-02	1.502254e-01	-9.838808e-01	1.000000e+00	-9.744811e-01	6.049763e-01	-4.090437e-01	
-5.627791e-02	4.195231e-02	-6.247257e-01	4.578730e-01	-2.681004e-02	3.020674e-02	-3.729359e-02	3.080652e-02	-5.389520e-03	2.747036e-01	-3.506789e-01	4.432282e-01	6.066652e-02	-1.499041e-01	2.177227e-01	3.103287e-01	-3.378025e-01	3.505719e-01	3.611387e-02	-1.660670e-01	9.199471e-01	-9.744811e-01	1.000000e+00	-4.837429e-01	2.843471e-01	
1.285750e-01	-9.113744e-02	-2.238560e-01	1.599372e-01	-9.557364e-03	7.796659e-03	-7.828855e-03	1.438969e-02	-1.077045e-03	6.762928e-02	-9.088865e-02	1.182350e-01	5.903501e-02	-7.806802e-02	8.683988e-02	7.035333e-02	-8.880767e-02	9.996233e-02	6.699585e-02	-9.882230e-02	-6.695843e-01	6.049763e-01	-4.837429e-01	1.000000e+00	-9.613347e-01	
-9.327136e-02	4.918342e-02	3.603422e-01	-2.565592e-01	1.401475e-02	-1.281007e-02	1.451944e-02	-2.555017e-02	7.100456e-03	-1.287329e-01	1.700789e-01	-2.200198e-01	-7.174941e-02	1.131717e-01	-1.111411e-01	-1.248338e-01	1.560366e-01	-1.750788e-01	-1.590711e-01	2.325399e-01	4.831516e-01	-4.090437e-01	2.843471e-01	-9.613347e-01	1.000000e+00	

Time taken for mcmc chain: 57.350000 minutes
