Number of steps: 8292509
Number of accepted steps: 1000000
Burn-in number of steps: 320000
Accepted fraction of steps: 0.120591
Convergence Status
R[0]= 1.002478	R[1]= 1.007577	R[2]= 1.076733	R[3]= 1.095873	R[4]= 1.010702	R[5]= 1.013355	R[6]= 1.016000	R[7]= 1.000457	R[8]= 1.000952	R[9]= 1.011273	R[10]= 1.016431	R[11]= 1.024337	R[12]= 1.002603	R[13]= 1.005153	R[14]= 1.042627	R[15]= 1.009126	R[16]= 1.011189	R[17]= 1.012720	R[18]= 1.000223	R[19]= 1.002156	R[20]= 1.006148	R[21]= 1.011674	R[22]= 1.020890	R[23]= 1.013774	R[24]= 1.019520	
<R>= 1.017359

Mean parameters
A[0]= 9.674652e-01 pm 3.653261e-02
A[1]= 1.098221e+00 pm 3.643424e-02
A[2]= 7.653598e-01 pm 5.124784e-01
A[3]= 3.079700e+00 pm 1.172353e+00
A[4]= -2.231080e+03 pm 3.572152e+03
A[5]= 5.392719e+02 pm 2.264848e+03
A[6]= 4.117001e+02 pm 4.989607e+02
A[7]= 7.371460e+00 pm 1.245637e+01
A[8]= -2.449402e-01 pm 1.795202e-01
A[9]= -1.963021e+03 pm 7.769782e+03
A[10]= 6.181343e+02 pm 4.553922e+03
A[11]= -2.353233e+02 pm 9.083118e+02
A[12]= 5.999003e+00 pm 4.773755e+01
A[13]= -3.622489e-01 pm 9.268592e-01
A[14]= 4.434608e+00 pm 1.518304e+00
A[15]= -7.558444e+03 pm 4.912860e+03
A[16]= 4.510681e+03 pm 3.131151e+03
A[17]= -5.163455e+02 pm 6.924612e+02
A[18]= 2.602234e+00 pm 1.876589e+01
A[19]= -1.471137e-03 pm 2.644381e-01
A[20]= -9.853035e+02 pm 1.127298e+04
A[21]= 1.376813e+02 pm 6.702450e+03
A[22]= -3.066391e+02 pm 1.358529e+03
A[23]= -1.868641e+01 pm 6.743415e+01
A[24]= -2.224482e-02 pm 1.309164e+00

Best-fitting parameters
A[0]= 9.718119e-01
A[1]= 1.123159e+00
A[2]= 1.103622e+00
A[3]= 2.103851e+00
A[4]= -2.475277e+03
A[5]= 4.875196e+02
A[6]= 4.709686e+02
A[7]= 1.297366e+01
A[8]= -3.160783e-01
A[9]= -6.206588e+03
A[10]= 3.034208e+03
A[11]= -7.060337e+02
A[12]= 7.063275e+00
A[13]= -3.168365e-01
A[14]= 3.193758e+00
A[15]= -8.148453e+03
A[16]= 4.802327e+03
A[17]= -5.599829e+02
A[18]= 1.476132e+01
A[19]= -1.931890e-01
A[20]= -5.872177e+03
A[21]= 3.731896e+03
A[22]= -1.171428e+03
A[23]= -2.299356e+00
A[24]= -3.431946e-01
chi2_min= 8.828952e+01


Cross-Covariance parameters
1.000000e+00	-5.334520e-01	-1.487266e-01	9.137387e-02	2.327988e-02	-2.163132e-02	1.378413e-02	5.088176e-02	-3.717588e-02	-2.844364e-02	4.259107e-02	-7.396722e-02	1.235309e-01	-8.851273e-02	7.945628e-02	5.562119e-02	-5.715876e-02	5.202234e-02	4.907305e-02	-3.931438e-02	-9.733195e-03	2.428763e-02	-5.809620e-02	1.357544e-01	-1.047864e-01	
-5.334520e-01	1.000000e+00	1.853105e-01	-2.136160e-01	-8.554638e-04	-1.656284e-03	-4.410387e-03	1.491472e-01	-1.440282e-01	4.024734e-02	-5.092319e-02	7.000946e-02	-1.019724e-01	4.577544e-02	-2.080515e-01	-3.839129e-02	4.344139e-02	-5.581788e-02	1.581643e-01	-1.425708e-01	-7.260784e-03	-8.119716e-04	2.276148e-02	-6.535209e-02	2.546999e-02	
-1.487266e-01	1.853105e-01	1.000000e+00	-7.157327e-01	6.508696e-02	-6.914478e-02	7.940315e-02	-2.611072e-02	-2.073180e-02	-3.016698e-01	3.972185e-01	-5.130373e-01	-2.334171e-01	3.037422e-01	-6.679875e-01	-1.371811e-01	1.451950e-01	-1.404662e-01	-1.309843e-02	3.390818e-02	-3.858636e-01	4.851353e-01	-6.002646e-01	-2.304635e-01	3.173916e-01	
9.137387e-02	-2.136160e-01	-7.157327e-01	1.000000e+00	-5.411506e-01	5.953118e-01	-6.375102e-01	-1.155948e-02	2.217734e-01	1.531259e-01	-2.012984e-01	2.661598e-01	1.053293e-01	-1.173083e-01	5.365074e-01	8.433056e-02	-8.989665e-02	8.828611e-02	-1.780691e-02	5.663626e-03	2.926438e-01	-3.654352e-01	4.498423e-01	1.567892e-01	-2.178519e-01	
2.327988e-02	-8.554638e-04	6.508696e-02	-5.411506e-01	1.000000e+00	-9.863989e-01	9.478260e-01	-4.953914e-01	1.805700e-01	4.928435e-02	-8.128873e-02	1.144978e-01	1.029437e-01	-8.358968e-02	-6.831850e-02	1.661370e-02	-2.047373e-02	2.444919e-02	1.277165e-02	-2.077002e-02	-2.426379e-02	2.890478e-02	-3.531251e-02	-4.310766e-04	3.817131e-03	
-2.163132e-02	-1.656284e-03	-6.914478e-02	5.953118e-01	-9.863989e-01	1.000000e+00	-9.868259e-01	4.303054e-01	-1.124169e-01	-5.680664e-02	9.243912e-02	-1.296314e-01	-1.158519e-01	1.068101e-01	7.181692e-02	-1.571307e-02	1.964853e-02	-2.372753e-02	-1.469440e-02	2.261187e-02	2.692763e-02	-3.199429e-02	3.882569e-02	-6.390924e-04	-3.202138e-03	
1.378413e-02	-4.410387e-03	7.940315e-02	-6.375102e-01	9.478260e-01	-9.868259e-01	1.000000e+00	-3.638949e-01	5.510799e-02	6.508252e-02	-1.021821e-01	1.408974e-01	1.155270e-01	-1.132148e-01	-7.711282e-02	1.329867e-02	-1.716728e-02	2.153636e-02	1.237521e-02	-2.029706e-02	-3.251974e-02	3.869902e-02	-4.670916e-02	-8.283638e-04	6.114494e-03	
5.088176e-02	1.491472e-01	-2.611072e-02	-1.155948e-02	-4.953914e-01	4.303054e-01	-3.638949e-01	1.000000e+00	-9.244588e-01	1.324055e-01	-1.253257e-01	1.057614e-01	-2.719003e-02	-1.439619e-01	-2.237029e-02	2.381617e-02	-2.301561e-02	1.797594e-02	4.829303e-02	-4.871192e-02	3.398922e-03	-8.494618e-03	1.458508e-02	2.941712e-02	-3.648149e-02	
-3.717588e-02	-1.440282e-01	-2.073180e-02	2.217734e-01	1.805700e-01	-1.124169e-01	5.510799e-02	-9.244588e-01	1.000000e+00	-1.591252e-01	1.612931e-01	-1.488956e-01	5.149169e-03	1.918518e-01	5.884145e-02	-2.361754e-02	2.404487e-02	-2.094531e-02	-4.758814e-02	5.040728e-02	1.424968e-02	-1.317594e-02	1.186348e-02	-2.077918e-02	2.423672e-02	
-2.844364e-02	4.024734e-02	-3.016698e-01	1.531259e-01	4.928435e-02	-5.680664e-02	6.508252e-02	1.324055e-01	-1.591252e-01	1.000000e+00	-9.858793e-01	9.304923e-01	-7.165204e-01	5.628291e-01	2.035341e-01	4.637118e-02	-5.057000e-02	5.053577e-02	2.050291e-02	-2.768616e-02	1.197104e-01	-1.562516e-01	2.008810e-01	8.480876e-02	-1.193643e-01	
4.259107e-02	-5.092319e-02	3.972185e-01	-2.012984e-01	-8.128873e-02	9.243912e-02	-1.021821e-01	-1.253257e-01	1.612931e-01	-9.858793e-01	1.000000e+00	-9.779790e-01	6.718282e-01	-5.166719e-01	-2.676316e-01	-6.165295e-02	6.692777e-02	-6.657465e-02	-2.405963e-02	3.397376e-02	-1.628859e-01	2.105748e-01	-2.686217e-01	-1.041585e-01	1.492991e-01	
-7.396722e-02	7.000946e-02	-5.130373e-01	2.661598e-01	1.144978e-01	-1.296314e-01	1.408974e-01	1.057614e-01	-1.488956e-01	9.304923e-01	-9.779790e-01	1.000000e+00	-5.796939e-01	4.304877e-01	3.462427e-01	7.871577e-02	-8.527031e-02	8.458919e-02	2.807607e-02	-4.141517e-02	2.164104e-01	-2.779336e-01	3.528478e-01	1.258288e-01	-1.844987e-01	
1.235309e-01	-1.019724e-01	-2.334171e-01	1.053293e-01	1.029437e-01	-1.158519e-01	1.155270e-01	-2.719003e-02	5.149169e-03	-7.165204e-01	6.718282e-01	-5.796939e-01	1.000000e+00	-9.586094e-01	1.593966e-01	3.800630e-02	-4.132289e-02	4.093485e-02	1.273496e-02	-2.083663e-02	9.326604e-02	-1.149286e-01	1.377838e-01	6.229157e-02	-8.044337e-02	
-8.851273e-02	4.577544e-02	3.037422e-01	-1.173083e-01	-8.358968e-02	1.068101e-01	-1.132148e-01	-1.439619e-01	1.918518e-01	5.628291e-01	-5.166719e-01	4.304877e-01	-9.586094e-01	1.000000e+00	-1.999812e-01	-5.153279e-02	5.599192e-02	-5.513038e-02	-2.636389e-02	3.705901e-02	-1.244572e-01	1.562334e-01	-1.919642e-01	-8.227285e-02	1.117811e-01	
7.945628e-02	-2.080515e-01	-6.679875e-01	5.365074e-01	-6.831850e-02	7.181692e-02	-7.711282e-02	-2.237029e-02	5.884145e-02	2.035341e-01	-2.676316e-01	3.462427e-01	1.593966e-01	-1.999812e-01	1.000000e+00	-4.236947e-01	4.784861e-01	-5.246955e-01	-1.048419e-01	2.617227e-01	1.755008e-01	-2.254004e-01	2.882575e-01	5.139384e-02	-7.279651e-02	
5.562119e-02	-3.839129e-02	-1.371811e-01	8.433056e-02	1.661370e-02	-1.571307e-02	1.329867e-02	2.381617e-02	-2.361754e-02	4.637118e-02	-6.165295e-02	7.871577e-02	3.800630e-02	-5.153279e-02	-4.236947e-01	1.000000e+00	-9.855622e-01	9.444601e-01	-4.374440e-01	1.567372e-01	1.812686e-01	-2.181132e-01	2.541265e-01	1.203883e-01	-1.426380e-01	
-5.715876e-02	4.344139e-02	1.451950e-01	-8.989665e-02	-2.047373e-02	1.964853e-02	-1.716728e-02	-2.301561e-02	2.404487e-02	-5.057000e-02	6.692777e-02	-8.527031e-02	-4.132289e-02	5.599192e-02	4.784861e-01	-9.855622e-01	1.000000e+00	-9.859309e-01	3.609002e-01	-7.645462e-02	-1.916576e-01	2.327371e-01	-2.732769e-01	-1.422532e-01	1.722776e-01	
5.202234e-02	-5.581788e-02	-1.404662e-01	8.828611e-02	2.444919e-02	-2.372753e-02	2.153636e-02	1.797594e-02	-2.094531e-02	5.053577e-02	-6.657465e-02	8.458919e-02	4.093485e-02	-5.513038e-02	-5.246955e-01	9.444601e-01	-9.859309e-01	1.000000e+00	-2.830740e-01	5.560485e-03	1.929847e-01	-2.365867e-01	2.799820e-01	1.544412e-01	-1.884346e-01	
4.907305e-02	1.581643e-01	-1.309843e-02	-1.780691e-02	1.277165e-02	-1.469440e-02	1.237521e-02	4.829303e-02	-4.758814e-02	2.050291e-02	-2.405963e-02	2.807607e-02	1.273496e-02	-2.636389e-02	-1.048419e-01	-4.374440e-01	3.609002e-01	-2.830740e-01	1.000000e+00	-9.420629e-01	2.133785e-02	-2.185855e-02	2.090494e-02	1.037746e-01	-1.934866e-01	
-3.931438e-02	-1.425708e-01	3.390818e-02	5.663626e-03	-2.077002e-02	2.261187e-02	-2.029706e-02	-4.871192e-02	5.040728e-02	-2.768616e-02	3.397376e-02	-4.141517e-02	-2.083663e-02	3.705901e-02	2.617227e-01	1.567372e-01	-7.645462e-02	5.560485e-03	-9.420629e-01	1.000000e+00	-7.650753e-02	8.622187e-02	-9.301999e-02	-1.421791e-01	2.548107e-01	
-9.733195e-03	-7.260784e-03	-3.858636e-01	2.926438e-01	-2.426379e-02	2.692763e-02	-3.251974e-02	3.398922e-03	1.424968e-02	1.197104e-01	-1.628859e-01	2.164104e-01	9.326604e-02	-1.244572e-01	1.755008e-01	1.812686e-01	-1.916576e-01	1.929847e-01	2.133785e-02	-7.650753e-02	1.000000e+00	-9.866430e-01	9.340638e-01	-6.706998e-01	5.302123e-01	
2.428763e-02	-8.119716e-04	4.851353e-01	-3.654352e-01	2.890478e-02	-3.199429e-02	3.869902e-02	-8.494618e-03	-1.317594e-02	-1.562516e-01	2.105748e-01	-2.779336e-01	-1.149286e-01	1.562334e-01	-2.254004e-01	-2.181132e-01	2.327371e-01	-2.365867e-01	-2.185855e-02	8.622187e-02	-9.866430e-01	1.000000e+00	-9.791179e-01	6.155456e-01	-4.723825e-01	
-5.809620e-02	2.276148e-02	-6.002646e-01	4.498423e-01	-3.531251e-02	3.882569e-02	-4.670916e-02	1.458508e-02	1.186348e-02	2.008810e-01	-2.686217e-01	3.528478e-01	1.377838e-01	-1.919642e-01	2.882575e-01	2.541265e-01	-2.732769e-01	2.799820e-01	2.090494e-02	-9.301999e-02	9.340638e-01	-9.791179e-01	1.000000e+00	-5.145845e-01	3.739125e-01	
1.357544e-01	-6.535209e-02	-2.304635e-01	1.567892e-01	-4.310766e-04	-6.390924e-04	-8.283638e-04	2.941712e-02	-2.077918e-02	8.480876e-02	-1.041585e-01	1.258288e-01	6.229157e-02	-8.227285e-02	5.139384e-02	1.203883e-01	-1.422532e-01	1.544412e-01	1.037746e-01	-1.421791e-01	-6.706998e-01	6.155456e-01	-5.145845e-01	1.000000e+00	-9.718623e-01	
-1.047864e-01	2.546999e-02	3.173916e-01	-2.178519e-01	3.817131e-03	-3.202138e-03	6.114494e-03	-3.648149e-02	2.423672e-02	-1.193643e-01	1.492991e-01	-1.844987e-01	-8.044337e-02	1.117811e-01	-7.279651e-02	-1.426380e-01	1.722776e-01	-1.884346e-01	-1.934866e-01	2.548107e-01	5.302123e-01	-4.723825e-01	3.739125e-01	-9.718623e-01	1.000000e+00	

Time taken for mcmc chain: 45.283333 minutes
