Number of steps: 3926031
Number of accepted steps: 1000000
Burn-in number of steps: 320000
Accepted fraction of steps: 0.254710
Convergence Status
R[0]= 1.011720	R[1]= 1.002555	R[2]= 1.066020	R[3]= 1.042322	R[4]= 1.017833	R[5]= 1.020761	R[6]= 1.023007	R[7]= 1.002884	R[8]= 1.001028	R[9]= 1.018764	R[10]= 1.023304	R[11]= 1.028303	R[12]= 1.002937	R[13]= 1.002492	R[14]= 1.031847	R[15]= 1.010473	R[16]= 1.009998	R[17]= 1.009724	R[18]= 1.001490	R[19]= 1.000747	R[20]= 1.018172	R[21]= 1.022558	R[22]= 1.028232	R[23]= 1.010709	R[24]= 1.013876	
<R>= 1.016870

Mean parameters
A[0]= 8.904044e-01 pm 3.808637e-02
A[1]= 1.012577e+00 pm 3.867040e-02
A[2]= 8.080073e-01 pm 4.981214e-01
A[3]= 2.328363e+00 pm 9.103640e-01
A[4]= -2.153907e+03 pm 3.743733e+03
A[5]= 9.021649e+02 pm 2.447245e+03
A[6]= 1.923498e+02 pm 5.640060e+02
A[7]= 1.233363e+01 pm 1.254142e+01
A[8]= -2.290237e-01 pm 1.803937e-01
A[9]= -3.154267e+03 pm 7.914184e+03
A[10]= 1.443745e+03 pm 4.771347e+03
A[11]= -4.445954e+02 pm 1.005194e+03
A[12]= 4.464117e+00 pm 4.472969e+01
A[13]= -1.632586e-01 pm 8.820185e-01
A[14]= 3.425799e+00 pm 1.270423e+00
A[15]= -8.978207e+03 pm 5.457160e+03
A[16]= 5.833984e+03 pm 3.638120e+03
A[17]= -9.686362e+02 pm 8.537875e+02
A[18]= 1.512940e+01 pm 1.782293e+01
A[19]= -5.441377e-02 pm 2.546399e-01
A[20]= -3.216135e+03 pm 1.110304e+04
A[21]= 1.932926e+03 pm 6.867182e+03
A[22]= -8.062432e+02 pm 1.496116e+03
A[23]= -4.350498e+00 pm 6.258236e+01
A[24]= -1.580632e-01 pm 1.244925e+00

Best-fitting parameters
A[0]= 8.805950e-01
A[1]= 1.010407e+00
A[2]= 1.140963e+00
A[3]= 1.851187e+00
A[4]= -3.154100e+03
A[5]= 1.543995e+03
A[6]= 6.251062e+01
A[7]= 1.672195e+01
A[8]= -2.874359e-01
A[9]= -5.877331e+03
A[10]= 3.407063e+03
A[11]= -9.602237e+02
A[12]= -2.791776e+00
A[13]= -3.715555e-02
A[14]= 3.190892e+00
A[15]= -1.054402e+04
A[16]= 7.105518e+03
A[17]= -1.283479e+03
A[18]= -3.164904e+00
A[19]= 2.467733e-01
A[20]= -1.376748e+04
A[21]= 8.688454e+03
A[22]= -2.232257e+03
A[23]= -1.424611e+01
A[24]= 4.559642e-01
chi2_min= 9.930822e+01


Cross-Covariance parameters
1.000000e+00	-5.882926e-01	-2.599503e-02	7.705837e-02	5.422589e-03	1.314590e-02	-3.244293e-02	-3.694330e-02	8.012062e-02	-2.309334e-02	6.042924e-02	-1.207342e-01	4.893852e-02	2.123703e-02	2.196786e-01	-1.640100e-01	1.867736e-01	-2.082905e-01	-1.095866e-02	1.177210e-01	-7.304328e-02	1.125610e-01	-1.698681e-01	5.270523e-02	1.661359e-02	
-5.882926e-01	1.000000e+00	1.962238e-01	-2.887255e-01	4.905037e-02	-6.522131e-02	6.902631e-02	1.657348e-01	-1.977979e-01	2.141737e-02	-4.026324e-02	6.780192e-02	-8.477423e-02	1.326466e-02	-3.937183e-01	1.836961e-01	-1.970798e-01	2.005192e-01	1.606667e-01	-2.420402e-01	8.765803e-03	-3.215707e-02	6.684554e-02	-1.733189e-02	-3.755785e-02	
-2.599503e-02	1.962238e-01	1.000000e+00	-7.226401e-01	2.395270e-02	-2.096518e-02	2.221240e-02	-3.627951e-02	1.547540e-02	-4.125883e-01	5.178803e-01	-6.380298e-01	-1.486696e-01	2.809491e-01	-6.455180e-01	-1.483560e-01	1.571788e-01	-1.579922e-01	4.052083e-02	4.013070e-03	-4.414789e-01	5.494198e-01	-6.674638e-01	-1.939184e-01	3.262640e-01	
7.705837e-02	-2.887255e-01	-7.226401e-01	1.000000e+00	-5.214755e-01	5.705796e-01	-6.057375e-01	6.390775e-02	2.007889e-01	1.916727e-01	-2.422654e-01	3.062021e-01	5.412238e-02	-8.157399e-02	5.245125e-01	7.272191e-02	-7.554060e-02	7.498156e-02	-6.295289e-02	4.204361e-02	3.092916e-01	-3.820102e-01	4.621882e-01	1.357096e-01	-2.255959e-01	
5.422589e-03	4.905037e-02	2.395270e-02	-5.214755e-01	1.000000e+00	-9.865792e-01	9.502449e-01	-5.793117e-01	1.841415e-01	8.732524e-02	-1.320708e-01	1.791457e-01	1.325026e-01	-1.395519e-01	-4.614306e-02	-3.828158e-03	-5.659950e-03	1.399842e-02	5.402727e-02	-5.147773e-02	3.503063e-02	-2.956417e-02	1.861835e-02	-3.697394e-02	3.681583e-02	
1.314590e-02	-6.522131e-02	-2.096518e-02	5.705796e-01	-9.865792e-01	1.000000e+00	-9.879401e-01	5.179523e-01	-1.100574e-01	-1.046445e-01	1.536287e-01	-2.048923e-01	-1.382249e-01	1.617538e-01	5.175910e-02	-3.944650e-03	1.454647e-02	-2.371893e-02	-6.041662e-02	6.262018e-02	-4.034106e-02	3.678478e-02	-2.785212e-02	3.608012e-02	-3.355745e-02	
-3.244293e-02	6.902631e-02	2.221240e-02	-6.057375e-01	9.502449e-01	-9.879401e-01	1.000000e+00	-4.525455e-01	4.574329e-02	1.201189e-01	-1.708002e-01	2.234426e-01	1.343016e-01	-1.699444e-01	-5.552372e-02	7.239175e-03	-1.847573e-02	2.837316e-02	6.281642e-02	-6.832533e-02	4.215959e-02	-3.944877e-02	3.141314e-02	-3.719117e-02	3.356654e-02	
-3.694330e-02	1.657348e-01	-3.627951e-02	6.390775e-02	-5.793117e-01	5.179523e-01	-4.525455e-01	1.000000e+00	-8.898940e-01	1.261013e-01	-1.084820e-01	7.626953e-02	-8.007171e-02	-1.044352e-01	-2.894453e-02	7.321287e-02	-6.922620e-02	6.080335e-02	2.590457e-03	-2.790048e-02	-3.241705e-02	1.186671e-02	1.513548e-02	7.705482e-02	-8.663890e-02	
8.012062e-02	-1.977979e-01	1.547540e-02	2.007889e-01	1.841415e-01	-1.100574e-01	4.574329e-02	-8.898940e-01	1.000000e+00	-1.880017e-01	1.909673e-01	-1.776819e-01	3.548972e-02	2.003217e-01	6.768718e-02	-8.351852e-02	8.539688e-02	-8.225504e-02	-2.161867e-02	5.455330e-02	2.910431e-02	-9.096543e-03	-1.668945e-02	-7.091460e-02	8.023905e-02	
-2.309334e-02	2.141737e-02	-4.125883e-01	1.916727e-01	8.732524e-02	-1.046445e-01	1.201189e-01	1.261013e-01	-1.880017e-01	1.000000e+00	-9.833556e-01	9.178570e-01	-6.972606e-01	4.888256e-01	2.681583e-01	3.819491e-02	-4.052307e-02	3.938664e-02	4.009069e-02	-4.981583e-02	1.634180e-01	-2.100109e-01	2.635076e-01	1.024766e-01	-1.614848e-01	
6.042924e-02	-4.026324e-02	5.178803e-01	-2.422654e-01	-1.320708e-01	1.536287e-01	-1.708002e-01	-1.084820e-01	1.909673e-01	-9.833556e-01	1.000000e+00	-9.739745e-01	6.357709e-01	-4.187974e-01	-3.238125e-01	-6.330698e-02	6.890241e-02	-6.981741e-02	-4.442046e-02	6.382833e-02	-2.211204e-01	2.819878e-01	-3.511258e-01	-1.175128e-01	1.947052e-01	
-1.207342e-01	6.780192e-02	-6.380298e-01	3.062021e-01	1.791457e-01	-2.048923e-01	2.234426e-01	7.626953e-02	-1.776819e-01	9.178570e-01	-9.739745e-01	1.000000e+00	-5.167936e-01	2.999639e-01	3.838407e-01	9.483446e-02	-1.047767e-01	1.086542e-01	4.848920e-02	-8.101728e-02	2.924048e-01	-3.699531e-01	4.573749e-01	1.290460e-01	-2.286648e-01	
4.893852e-02	-8.477423e-02	-1.486696e-01	5.412238e-02	1.325026e-01	-1.382249e-01	1.343016e-01	-8.007171e-02	3.548972e-02	-6.972606e-01	6.357709e-01	-5.167936e-01	1.000000e+00	-9.416452e-01	6.405825e-02	7.418764e-02	-8.253551e-02	8.755234e-02	-3.024651e-02	7.854439e-04	1.063332e-01	-1.229144e-01	1.358447e-01	8.691145e-03	-3.014664e-02	
2.123703e-02	1.326466e-02	2.809491e-01	-8.157399e-02	-1.395519e-01	1.617538e-01	-1.699444e-01	-1.044352e-01	2.003217e-01	4.888256e-01	-4.187974e-01	2.999639e-01	-9.416452e-01	1.000000e+00	-1.251675e-01	-1.148732e-01	1.254581e-01	-1.304374e-01	2.016982e-02	2.561709e-02	-1.628966e-01	2.006118e-01	-2.381931e-01	-4.389258e-02	8.903326e-02	
2.196786e-01	-3.937183e-01	-6.455180e-01	5.245125e-01	-4.614306e-02	5.175910e-02	-5.552372e-02	-2.894453e-02	6.768718e-02	2.681583e-01	-3.238125e-01	3.838407e-01	6.405825e-02	-1.251675e-01	1.000000e+00	-4.832208e-01	5.318230e-01	-5.677890e-01	-4.407909e-02	2.990987e-01	1.488721e-01	-1.834971e-01	2.290866e-01	2.822999e-02	-4.146418e-02	
-1.640100e-01	1.836961e-01	-1.483560e-01	7.272191e-02	-3.828158e-03	-3.944650e-03	7.239175e-03	7.321287e-02	-8.351852e-02	3.819491e-02	-6.330698e-02	9.483446e-02	7.418764e-02	-1.148732e-01	-4.832208e-01	1.000000e+00	-9.868586e-01	9.513299e-01	-4.764535e-01	5.886241e-02	2.379766e-01	-3.021110e-01	3.622117e-01	1.413395e-01	-2.195345e-01	
1.867736e-01	-1.970798e-01	1.571788e-01	-7.554060e-02	-5.659950e-03	1.454647e-02	-1.847573e-02	-6.922620e-02	8.539688e-02	-4.052307e-02	6.890241e-02	-1.047767e-01	-8.253551e-02	1.254581e-01	5.318230e-01	-9.868586e-01	1.000000e+00	-9.882519e-01	4.014121e-01	2.575667e-02	-2.529994e-01	3.223481e-01	-3.876741e-01	-1.583276e-01	2.485289e-01	
-2.082905e-01	2.005192e-01	-1.579922e-01	7.498156e-02	1.399842e-02	-2.371893e-02	2.837316e-02	6.080335e-02	-8.225504e-02	3.938664e-02	-6.981741e-02	1.086542e-01	8.755234e-02	-1.304374e-01	-5.677890e-01	9.513299e-01	-9.882519e-01	1.000000e+00	-3.240080e-01	-1.002749e-01	2.597043e-01	-3.322875e-01	4.010156e-01	1.670236e-01	-2.645522e-01	
-1.095866e-02	1.606667e-01	4.052083e-02	-6.295289e-02	5.402727e-02	-6.041662e-02	6.281642e-02	2.590457e-03	-2.161867e-02	4.009069e-02	-4.442046e-02	4.848920e-02	-3.024651e-02	2.016982e-02	-4.407909e-02	-4.764535e-01	4.014121e-01	-3.240080e-01	1.000000e+00	-8.913608e-01	4.632099e-02	-3.052181e-02	9.383088e-03	-2.209041e-03	-8.068743e-02	
1.177210e-01	-2.420402e-01	4.013070e-03	4.204361e-02	-5.147773e-02	6.262018e-02	-6.832533e-02	-2.790048e-02	5.455330e-02	-4.981583e-02	6.382833e-02	-8.101728e-02	7.854439e-04	2.561709e-02	2.990987e-01	5.886241e-02	2.575667e-02	-1.002749e-01	-8.913608e-01	1.000000e+00	-1.597049e-01	1.712000e-01	-1.741283e-01	-6.264342e-02	2.001786e-01	
-7.304328e-02	8.765803e-03	-4.414789e-01	3.092916e-01	3.503063e-02	-4.034106e-02	4.215959e-02	-3.241705e-02	2.910431e-02	1.634180e-01	-2.211204e-01	2.924048e-01	1.063332e-01	-1.628966e-01	1.488721e-01	2.379766e-01	-2.529994e-01	2.597043e-01	4.632099e-02	-1.597049e-01	1.000000e+00	-9.823193e-01	9.149974e-01	-6.357808e-01	4.341526e-01	
1.125610e-01	-3.215707e-02	5.494198e-01	-3.820102e-01	-2.956417e-02	3.678478e-02	-3.944877e-02	1.186671e-02	-9.096543e-03	-2.100109e-01	2.819878e-01	-3.699531e-01	-1.229144e-01	2.006118e-01	-1.834971e-01	-3.021110e-01	3.223481e-01	-3.322875e-01	-3.052181e-02	1.712000e-01	-9.823193e-01	1.000000e+00	-9.736358e-01	5.562505e-01	-3.458701e-01	
-1.698681e-01	6.684554e-02	-6.674638e-01	4.621882e-01	1.861835e-02	-2.785212e-02	3.141314e-02	1.513548e-02	-1.668945e-02	2.635076e-01	-3.511258e-01	4.573749e-01	1.358447e-01	-2.381931e-01	2.290866e-01	3.622117e-01	-3.876741e-01	4.010156e-01	9.383088e-03	-1.741283e-01	9.149974e-01	-9.736358e-01	1.000000e+00	-4.195162e-01	2.084499e-01	
5.270523e-02	-1.733189e-02	-1.939184e-01	1.357096e-01	-3.697394e-02	3.608012e-02	-3.719117e-02	7.705482e-02	-7.091460e-02	1.024766e-01	-1.175128e-01	1.290460e-01	8.691145e-03	-4.389258e-02	2.822999e-02	1.413395e-01	-1.583276e-01	1.670236e-01	-2.209041e-03	-6.264342e-02	-6.357808e-01	5.562505e-01	-4.195162e-01	1.000000e+00	-9.577976e-01	
1.661359e-02	-3.755785e-02	3.262640e-01	-2.255959e-01	3.681583e-02	-3.355745e-02	3.356654e-02	-8.663890e-02	8.023905e-02	-1.614848e-01	1.947052e-01	-2.286648e-01	-3.014664e-02	8.903326e-02	-4.146418e-02	-2.195345e-01	2.485289e-01	-2.645522e-01	-8.068743e-02	2.001786e-01	4.341526e-01	-3.458701e-01	2.084499e-01	-9.577976e-01	1.000000e+00	

Time taken for mcmc chain: 35.783333 minutes
