Number of steps: 16857448
Number of accepted steps: 1000000
Burn-in number of steps: 320000
Accepted fraction of steps: 0.059321
Convergence Status
R[0]= 1.030508	R[1]= 1.084692	R[2]= 1.015811	R[3]= 1.020112	R[4]= 1.003854	R[5]= 1.005187	R[6]= 1.006178	R[7]= 1.002746	R[8]= 1.000658	R[9]= 1.002890	R[10]= 1.004239	R[11]= 1.005679	R[12]= 1.001189	R[13]= 1.000785	R[14]= 1.151653	R[15]= 1.078172	R[16]= 1.105883	R[17]= 1.124060	R[18]= 1.033271	R[19]= 1.000325	R[20]= 1.002402	R[21]= 1.003300	R[22]= 1.005150	R[23]= 1.002883	R[24]= 1.000809	
<R>= 1.027697

Mean parameters
A[0]= 8.511998e-01 pm 3.669416e-02
A[1]= 9.158801e-01 pm 2.294413e-02
A[2]= 5.105885e-01 pm 2.869506e-01
A[3]= 3.682102e+00 pm 1.000834e+00
A[4]= 2.229417e+03 pm 4.019134e+03
A[5]= -5.574598e+02 pm 2.877391e+03
A[6]= 8.550661e+01 pm 7.931127e+02
A[7]= 1.400844e+01 pm 1.674572e+01
A[8]= -1.284300e-01 pm 1.904419e-01
A[9]= 9.858343e+03 pm 9.007709e+03
A[10]= -5.761594e+03 pm 5.405228e+03
A[11]= 8.006631e+02 pm 1.183392e+03
A[12]= -5.689036e+01 pm 5.316958e+01
A[13]= 1.078219e+00 pm 9.853275e-01
A[14]= 6.572653e+00 pm 1.857547e+00
A[15]= -6.123956e+03 pm 5.715652e+03
A[16]= 6.951532e+03 pm 4.062736e+03
A[17]= -2.213510e+03 pm 1.116588e+03
A[18]= 4.736069e+01 pm 2.474581e+01
A[19]= -1.756056e-01 pm 2.777630e-01
A[20]= 1.330913e+04 pm 1.280395e+04
A[21]= -6.053134e+03 pm 7.829909e+03
A[22]= 2.128892e+02 pm 1.776459e+03
A[23]= -4.008895e+01 pm 7.502045e+01
A[24]= 3.636168e-01 pm 1.403462e+00

Best-fitting parameters
A[0]= 8.662997e-01
A[1]= 9.015198e-01
A[2]= 1.222444e-01
A[3]= 4.539525e+00
A[4]= 1.440129e+03
A[5]= -3.039708e+02
A[6]= 1.069222e+02
A[7]= 1.799812e+01
A[8]= -1.789031e-01
A[9]= 1.582057e+04
A[10]= -1.001535e+04
A[11]= 1.932658e+03
A[12]= -6.617264e+01
A[13]= 9.918756e-01
A[14]= 8.120761e+00
A[15]= -7.180419e+03
A[16]= 7.600566e+03
A[17]= -2.306714e+03
A[18]= 6.053107e+01
A[19]= -3.262469e-01
A[20]= 1.471972e+04
A[21]= -8.554688e+03
A[22]= 1.328363e+03
A[23]= -1.127697e+01
A[24]= -5.872776e-01
chi2_min= 9.242663e+01


Cross-Covariance parameters
1.000000e+00	-4.830256e-01	-1.708451e-01	3.135674e-02	7.125776e-02	-6.942340e-02	5.563680e-02	2.757102e-02	-5.599019e-02	1.353943e-02	-6.309877e-03	-2.924252e-02	1.169150e-01	-1.014623e-01	1.073705e-01	1.390591e-02	2.113496e-03	-3.037833e-02	9.910243e-02	-8.348681e-02	5.646602e-02	-3.048443e-02	-3.937394e-02	1.251077e-01	-1.058166e-01	
-4.830256e-01	1.000000e+00	4.471321e-02	-5.993871e-02	-1.691566e-02	2.700696e-02	-4.262153e-02	8.668876e-02	-8.591757e-02	2.951646e-02	-4.878193e-02	8.916462e-02	-9.375474e-02	3.806312e-02	-1.739860e-01	7.474477e-02	-8.527480e-02	8.450469e-02	4.494483e-02	-1.207582e-01	1.611583e-02	-5.304638e-02	1.231236e-01	-8.971427e-02	2.458411e-02	
-1.708451e-01	4.471321e-02	1.000000e+00	-3.246077e-01	-1.954777e-01	2.252548e-01	-2.376450e-01	8.729927e-02	6.729753e-02	-3.281910e-01	4.533706e-01	-6.171699e-01	9.524389e-02	1.015021e-01	-6.221003e-01	2.959025e-02	-3.808385e-02	5.029875e-02	-1.030961e-01	8.633748e-02	-3.508879e-01	4.817741e-01	-6.447350e-01	6.943183e-02	1.500099e-01	
3.135674e-02	-5.993871e-02	-3.246077e-01	1.000000e+00	-6.347440e-01	7.246966e-01	-7.804798e-01	4.926466e-01	-4.079401e-02	-2.940346e-02	4.181304e-02	-5.526064e-02	-1.149235e-02	3.543918e-02	2.372326e-01	-5.302374e-02	6.224413e-02	-6.891360e-02	4.847035e-02	-6.761610e-03	8.517497e-02	-1.232598e-01	1.727197e-01	-7.142706e-03	-4.839397e-02	
7.125776e-02	-1.691566e-02	-1.954777e-01	-6.347440e-01	1.000000e+00	-9.750642e-01	9.111404e-01	-8.545937e-01	4.209862e-01	1.547031e-01	-2.311080e-01	3.321203e-01	-2.503384e-02	-2.613721e-02	1.113624e-01	2.468719e-02	-2.732343e-02	2.665954e-02	8.304593e-03	-3.190877e-02	8.390722e-02	-1.143799e-01	1.508198e-01	-1.403016e-02	-4.167857e-02	
-6.942340e-02	2.700696e-02	2.252548e-01	7.246966e-01	-9.750642e-01	1.000000e+00	-9.793298e-01	8.305546e-01	-3.406446e-01	-1.806210e-01	2.674533e-01	-3.821045e-01	2.516210e-02	5.430896e-02	-1.318430e-01	-2.461114e-02	2.763580e-02	-2.761142e-02	-7.979141e-03	3.217650e-02	-9.894617e-02	1.337410e-01	-1.754006e-01	2.019175e-02	4.330955e-02	
5.563680e-02	-4.262153e-02	-2.376450e-01	-7.804798e-01	9.111404e-01	-9.793298e-01	1.000000e+00	-7.703486e-01	2.501770e-01	2.013227e-01	-2.933820e-01	4.144397e-01	-3.190086e-02	-6.926202e-02	1.439711e-01	2.254419e-02	-2.586559e-02	2.687089e-02	4.174153e-03	-2.701043e-02	1.067132e-01	-1.434101e-01	1.875680e-01	-2.597424e-02	-4.059396e-02	
2.757102e-02	8.668876e-02	8.729927e-02	4.926466e-01	-8.545937e-01	8.305546e-01	-7.703486e-01	1.000000e+00	-7.911636e-01	-2.725736e-02	8.575707e-02	-1.727906e-01	-8.945412e-03	-5.750500e-02	-6.427903e-02	-9.544452e-03	1.247127e-02	-1.670508e-02	1.901221e-02	-7.560631e-03	-3.571975e-02	5.216569e-02	-7.343863e-02	1.249549e-02	1.365247e-02	
-5.599019e-02	-8.591757e-02	6.729753e-02	-4.079401e-02	4.209862e-01	-3.406446e-01	2.501770e-01	-7.911636e-01	1.000000e+00	-1.439054e-01	1.371795e-01	-1.121846e-01	5.117843e-02	1.578176e-01	-2.807390e-02	-1.811929e-03	9.859955e-04	2.817914e-03	-2.727843e-02	2.956648e-02	-3.274746e-02	4.026816e-02	-4.856700e-02	3.806607e-03	1.400660e-02	
1.353943e-02	2.951646e-02	-3.281910e-01	-2.940346e-02	1.547031e-01	-1.806210e-01	2.013227e-01	-2.725736e-02	-1.439054e-01	1.000000e+00	-9.804861e-01	8.885535e-01	-8.719975e-01	6.916858e-01	2.031583e-01	-9.334536e-03	8.688796e-03	-9.759456e-03	3.098918e-02	-3.123863e-02	1.014029e-01	-1.502887e-01	2.151717e-01	-1.044482e-02	-6.814453e-02	
-6.309877e-03	-4.878193e-02	4.533706e-01	4.181304e-02	-2.311080e-01	2.674533e-01	-2.933820e-01	8.575707e-02	1.371795e-01	-9.804861e-01	1.000000e+00	-9.600076e-01	8.543655e-01	-6.523399e-01	-2.827818e-01	1.192806e-02	-1.223868e-02	1.450259e-02	-4.300346e-02	4.293840e-02	-1.492054e-01	2.168781e-01	-3.061798e-01	2.622165e-02	8.369275e-02	
-2.924252e-02	8.916462e-02	-6.171699e-01	-5.526064e-02	3.321203e-01	-3.821045e-01	4.144397e-01	-1.727906e-01	-1.121846e-01	8.885535e-01	-9.600076e-01	1.000000e+00	-7.545207e-01	5.305967e-01	3.865334e-01	-1.537054e-02	1.661540e-02	-1.983008e-02	5.686310e-02	-5.699636e-02	2.138563e-01	-3.073665e-01	4.310777e-01	-5.263973e-02	-1.001610e-01	
1.169150e-01	-9.375474e-02	9.524389e-02	-1.149235e-02	-2.503384e-02	2.516210e-02	-3.190086e-02	-8.945412e-03	5.117843e-02	-8.719975e-01	8.543655e-01	-7.545207e-01	1.000000e+00	-9.330645e-01	-5.393438e-02	5.282800e-03	-2.569810e-03	-4.262900e-04	-2.623320e-03	6.031577e-03	-1.593894e-02	3.808366e-02	-7.316731e-02	7.530897e-03	2.236644e-02	
-1.014623e-01	3.806312e-02	1.015021e-01	3.543918e-02	-2.613721e-02	5.430896e-02	-6.926202e-02	-5.750500e-02	1.578176e-01	6.916858e-01	-6.523399e-01	5.305967e-01	-9.330645e-01	1.000000e+00	-6.316951e-02	-4.942553e-03	2.240459e-03	1.890039e-03	-1.576076e-02	1.571935e-02	-5.672108e-02	6.502766e-02	-7.040807e-02	1.306133e-02	8.188761e-03	
1.073705e-01	-1.739860e-01	-6.221003e-01	2.372326e-01	1.113624e-01	-1.318430e-01	1.439711e-01	-6.427903e-02	-2.807390e-02	2.031583e-01	-2.827818e-01	3.865334e-01	-5.393438e-02	-6.316951e-02	1.000000e+00	-5.916673e-01	6.892107e-01	-7.524540e-01	4.378402e-01	-2.478969e-02	6.921278e-02	-1.093244e-01	1.697304e-01	1.967048e-02	-8.044440e-02	
1.390591e-02	7.474477e-02	2.959025e-02	-5.302374e-02	2.468719e-02	-2.461114e-02	2.254419e-02	-9.544452e-03	-1.811929e-03	-9.334536e-03	1.192806e-02	-1.537054e-02	5.282800e-03	-4.942553e-03	-5.916673e-01	1.000000e+00	-9.737479e-01	9.042627e-01	-8.440220e-01	4.591724e-01	1.755461e-01	-2.153048e-01	2.502879e-01	-9.464427e-02	5.266254e-02	
2.113496e-03	-8.527480e-02	-3.808385e-02	6.224413e-02	-2.732343e-02	2.763580e-02	-2.586559e-02	1.247127e-02	9.859955e-04	8.688796e-03	-1.223868e-02	1.661540e-02	-2.569810e-03	2.240459e-03	6.892107e-01	-9.737479e-01	1.000000e+00	-9.771191e-01	8.096037e-01	-3.637856e-01	-1.901974e-01	2.377739e-01	-2.820682e-01	9.759753e-02	-3.821439e-02	
-3.037833e-02	8.450469e-02	5.029875e-02	-6.891360e-02	2.665954e-02	-2.761142e-02	2.687089e-02	-1.670508e-02	2.817914e-03	-9.759456e-03	1.450259e-02	-1.983008e-02	-4.262900e-04	1.890039e-03	-7.524540e-01	9.042627e-01	-9.771191e-01	1.000000e+00	-7.379710e-01	2.559346e-01	1.956736e-01	-2.478582e-01	2.984261e-01	-1.005014e-01	2.894284e-02	
9.910243e-02	4.494483e-02	-1.030961e-01	4.847035e-02	8.304593e-03	-7.979141e-03	4.174153e-03	1.901221e-02	-2.727843e-02	3.098918e-02	-4.300346e-02	5.686310e-02	-2.623320e-03	-1.576076e-02	4.378402e-01	-8.440220e-01	8.096037e-01	-7.379710e-01	1.000000e+00	-8.275264e-01	-9.072347e-02	1.116419e-01	-1.299739e-01	1.103175e-01	-1.498307e-01	
-8.348681e-02	-1.207582e-01	8.633748e-02	-6.761610e-03	-3.190877e-02	3.217650e-02	-2.701043e-02	-7.560631e-03	2.956648e-02	-3.123863e-02	4.293840e-02	-5.699636e-02	6.031577e-03	1.571935e-02	-2.478969e-02	4.591724e-01	-3.637856e-01	2.559346e-01	-8.275264e-01	1.000000e+00	-1.593329e-02	2.520257e-02	-3.652426e-02	-8.226012e-02	2.019505e-01	
5.646602e-02	1.611583e-02	-3.508879e-01	8.517497e-02	8.390722e-02	-9.894617e-02	1.067132e-01	-3.571975e-02	-3.274746e-02	1.014029e-01	-1.492054e-01	2.138563e-01	-1.593894e-02	-5.672108e-02	6.921278e-02	1.755461e-01	-1.901974e-01	1.956736e-01	-9.072347e-02	-1.593329e-02	1.000000e+00	-9.787229e-01	8.796236e-01	-8.609556e-01	6.930148e-01	
-3.048443e-02	-5.304638e-02	4.817741e-01	-1.232598e-01	-1.143799e-01	1.337410e-01	-1.434101e-01	5.216569e-02	4.026816e-02	-1.502887e-01	2.168781e-01	-3.073665e-01	3.808366e-02	6.502766e-02	-1.093244e-01	-2.153048e-01	2.377739e-01	-2.478582e-01	1.116419e-01	2.520257e-02	-9.787229e-01	1.000000e+00	-9.571093e-01	8.335621e-01	-6.352398e-01	
-3.937394e-02	1.231236e-01	-6.447350e-01	1.727197e-01	1.508198e-01	-1.754006e-01	1.875680e-01	-7.343863e-02	-4.856700e-02	2.151717e-01	-3.061798e-01	4.310777e-01	-7.316731e-02	-7.040807e-02	1.697304e-01	2.502879e-01	-2.820682e-01	2.984261e-01	-1.299739e-01	-3.652426e-02	8.796236e-01	-9.571093e-01	1.000000e+00	-7.210591e-01	4.894626e-01	
1.251077e-01	-8.971427e-02	6.943183e-02	-7.142706e-03	-1.403016e-02	2.019175e-02	-2.597424e-02	1.249549e-02	3.806607e-03	-1.044482e-02	2.622165e-02	-5.263973e-02	7.530897e-03	1.306133e-02	1.967048e-02	-9.464427e-02	9.759753e-02	-1.005014e-01	1.103175e-01	-8.226012e-02	-8.609556e-01	8.335621e-01	-7.210591e-01	1.000000e+00	-9.441705e-01	
-1.058166e-01	2.458411e-02	1.500099e-01	-4.839397e-02	-4.167857e-02	4.330955e-02	-4.059396e-02	1.365247e-02	1.400660e-02	-6.814453e-02	8.369275e-02	-1.001610e-01	2.236644e-02	8.188761e-03	-8.044440e-02	5.266254e-02	-3.821439e-02	2.894284e-02	-1.498307e-01	2.019505e-01	6.930148e-01	-6.352398e-01	4.894626e-01	-9.441705e-01	1.000000e+00	

Time taken for mcmc chain: 1.427778 hours
