Number of steps: 7890252
Number of accepted steps: 1000000
Burn-in number of steps: 320000
Accepted fraction of steps: 0.126739
Convergence Status
R[0]= 1.003916	R[1]= 1.026689	R[2]= 1.467719	R[3]= 1.323539	R[4]= 1.000501	R[5]= 1.000668	R[6]= 1.000816	R[7]= 1.010816	R[8]= 1.014856	R[9]= 1.061704	R[10]= 1.095623	R[11]= 1.138659	R[12]= 1.093330	R[13]= 1.066481	R[14]= 1.284373	R[15]= 1.004790	R[16]= 1.005003	R[17]= 1.004949	R[18]= 1.002376	R[19]= 1.005513	R[20]= 1.040579	R[21]= 1.065695	R[22]= 1.097422	R[23]= 1.093173	R[24]= 1.078189	
<R>= 1.079495

Mean parameters
A[0]= 1.094533e+00 pm 4.334155e-02
A[1]= 1.260680e+00 pm 4.259788e-02
A[2]= 1.072027e+00 pm 1.481528e+00
A[3]= 3.527351e+00 pm 1.606010e+00
A[4]= 4.767618e+02 pm 2.872689e+03
A[5]= -1.632289e+03 pm 1.674441e+03
A[6]= 1.021814e+03 pm 3.205760e+02
A[7]= -1.708058e+01 pm 1.315449e+01
A[8]= -7.933367e-02 pm 1.829468e-01
A[9]= -6.301108e+03 pm 7.025636e+03
A[10]= 2.528321e+03 pm 4.045573e+03
A[11]= -4.452653e+02 pm 7.599674e+02
A[12]= 2.354391e+01 pm 4.596614e+01
A[13]= -6.404986e-01 pm 8.303565e-01
A[14]= 4.792889e+00 pm 2.235113e+00
A[15]= -4.691370e+03 pm 3.959438e+03
A[16]= 1.714473e+03 pm 2.327036e+03
A[17]= 3.623111e+02 pm 4.487398e+02
A[18]= -1.798995e+01 pm 1.982893e+01
A[19]= 1.419777e-02 pm 2.612810e-01
A[20]= 2.397436e+03 pm 9.692655e+03
A[21]= -2.062133e+03 pm 5.580579e+03
A[22]= 2.134969e+02 pm 1.046163e+03
A[23]= -2.338846e+01 pm 6.671831e+01
A[24]= -1.848455e-01 pm 1.223775e+00

Best-fitting parameters
A[0]= 1.076238e+00
A[1]= 1.249906e+00
A[2]= 4.036076e-01
A[3]= 4.370703e+00
A[4]= -2.066824e+02
A[5]= -1.198377e+03
A[6]= 9.401820e+02
A[7]= -1.533998e+01
A[8]= -1.042527e-01
A[9]= -4.163767e+03
A[10]= 1.179312e+03
A[11]= -1.775797e+02
A[12]= 3.895158e+01
A[13]= -1.009799e+00
A[14]= 5.494309e+00
A[15]= -5.347454e+03
A[16]= 1.847834e+03
A[17]= 3.811916e+02
A[18]= -1.476849e+01
A[19]= -1.284315e-02
A[20]= 1.002460e+04
A[21]= -6.450665e+03
A[22]= 1.013045e+03
A[23]= -3.052504e+01
A[24]= -1.563094e-01
chi2_min= 1.093509e+02


Cross-Covariance parameters
1.000000e+00	-4.922001e-01	-6.964896e-02	7.956439e-02	2.409160e-02	-1.995251e-02	1.163873e-02	-7.186648e-03	2.982957e-02	8.491518e-03	2.422834e-03	-2.610957e-02	1.495560e-02	3.206851e-02	5.683262e-02	3.656279e-02	-3.444929e-02	2.706351e-02	3.334624e-02	-8.875565e-03	-1.334649e-02	2.722650e-02	-5.567675e-02	5.644282e-02	-2.634149e-02	
-4.922001e-01	1.000000e+00	3.001324e-01	-2.981281e-01	-2.961055e-02	3.370452e-02	-5.050780e-02	1.759438e-01	-1.762357e-01	-2.259464e-02	3.515525e-02	-4.138888e-02	-1.418662e-01	7.053439e-02	-2.751483e-01	-2.037043e-02	3.007600e-02	-5.081494e-02	1.337214e-01	-1.404359e-01	-6.651136e-02	7.116854e-02	-6.590508e-02	-1.128214e-01	7.402598e-02	
-6.964896e-02	3.001324e-01	1.000000e+00	-7.351672e-01	3.894869e-02	-5.312175e-02	6.310492e-02	1.658002e-01	-1.889369e-01	-3.382062e-01	4.194471e-01	-4.986389e-01	-3.941396e-01	3.304365e-01	-7.198973e-01	1.273846e-01	-1.285494e-01	1.247881e-01	8.754264e-02	-1.301792e-01	-3.141736e-01	3.862982e-01	-4.576730e-01	-4.148937e-01	3.805378e-01	
7.956439e-02	-2.981281e-01	-7.351672e-01	1.000000e+00	-3.579404e-01	4.102533e-01	-4.448458e-01	-3.667221e-01	3.845819e-01	2.668117e-01	-3.343953e-01	4.043137e-01	3.320487e-01	-2.462411e-01	7.175692e-01	-8.572037e-02	9.202347e-02	-9.488009e-02	-1.098358e-01	1.383135e-01	2.794282e-01	-3.456127e-01	4.102955e-01	4.095840e-01	-3.774367e-01	
2.409160e-02	-2.961055e-02	3.894869e-02	-3.579404e-01	1.000000e+00	-9.881847e-01	9.533202e-01	-2.710740e-01	1.997007e-01	-1.525538e-02	5.099573e-03	2.895679e-03	1.323704e-01	-7.553067e-02	-2.886142e-02	2.202512e-02	-2.522521e-02	2.821599e-02	1.519594e-02	-1.254786e-02	-1.624631e-03	5.975398e-03	-1.104810e-02	-4.192891e-03	6.106370e-03	
-1.995251e-02	3.370452e-02	-5.312175e-02	4.102533e-01	-9.881847e-01	1.000000e+00	-9.873882e-01	2.099774e-01	-1.506088e-01	2.289708e-02	-1.243319e-02	4.154856e-03	-1.440328e-01	9.256207e-02	4.227038e-02	-2.422970e-02	2.807559e-02	-3.166240e-02	-1.921308e-02	1.734558e-02	8.534614e-03	-1.411682e-02	2.037379e-02	9.577845e-03	-1.082592e-02	
1.163873e-02	-5.050780e-02	6.310492e-02	-4.448458e-01	9.533202e-01	-9.873882e-01	1.000000e+00	-1.756846e-01	1.351007e-01	-3.342258e-02	2.279738e-02	-1.369494e-02	1.491475e-01	-9.566676e-02	-5.254094e-02	2.550636e-02	-3.025701e-02	3.504484e-02	1.903493e-02	-1.834325e-02	-1.506015e-02	2.159635e-02	-2.876592e-02	-1.554481e-02	1.647545e-02	
-7.186648e-03	1.759438e-01	1.658002e-01	-3.667221e-01	-2.710740e-01	2.099774e-01	-1.756846e-01	1.000000e+00	-9.727049e-01	1.305049e-01	-1.123532e-01	7.931631e-02	-1.005408e-01	-9.200108e-02	-1.594141e-01	2.225539e-02	-2.063086e-02	1.542371e-02	5.358371e-02	-5.708035e-02	-6.572597e-02	7.757547e-02	-8.764173e-02	-6.980841e-02	6.172247e-02	
2.982957e-02	-1.762357e-01	-1.889369e-01	3.845819e-01	1.997007e-01	-1.506088e-01	1.351007e-01	-9.727049e-01	1.000000e+00	-1.319541e-01	1.122778e-01	-7.678506e-02	1.228356e-01	8.654346e-02	1.776158e-01	-2.408690e-02	2.273502e-02	-1.833734e-02	-5.258103e-02	5.795667e-02	7.663423e-02	-9.004518e-02	1.012744e-01	8.015458e-02	-7.122326e-02	
8.491518e-03	-2.259464e-02	-3.382062e-01	2.668117e-01	-1.525538e-02	2.289708e-02	-3.342258e-02	1.305049e-01	-1.319541e-01	1.000000e+00	-9.886845e-01	9.507580e-01	-5.241761e-01	4.708151e-01	3.033301e-01	-5.445926e-02	5.608905e-02	-5.806159e-02	-9.929310e-03	2.667364e-02	1.350349e-01	-1.661989e-01	1.973307e-01	1.817640e-01	-1.718061e-01	
2.422834e-03	3.515525e-02	4.194471e-01	-3.343953e-01	5.099573e-03	-1.243319e-02	2.279738e-02	-1.123532e-01	1.122778e-01	-9.886845e-01	1.000000e+00	-9.859658e-01	4.764930e-01	-4.377490e-01	-3.742381e-01	6.320355e-02	-6.542938e-02	6.778496e-02	1.752995e-02	-3.750474e-02	-1.651612e-01	2.036031e-01	-2.421712e-01	-2.249356e-01	2.123906e-01	
-2.610957e-02	-4.138888e-02	-4.986389e-01	4.043137e-01	2.895679e-03	4.154856e-03	-1.369494e-02	7.931631e-02	-7.678506e-02	9.507580e-01	-9.859658e-01	1.000000e+00	-4.166184e-01	3.995802e-01	4.435602e-01	-7.185976e-02	7.477512e-02	-7.753665e-02	-2.659550e-02	4.935483e-02	1.950150e-01	-2.407647e-01	2.869922e-01	2.665056e-01	-2.518294e-01	
1.495560e-02	-1.418662e-01	-3.941396e-01	3.320487e-01	1.323704e-01	-1.440328e-01	1.491475e-01	-1.005408e-01	1.228356e-01	-5.241761e-01	4.764930e-01	-4.166184e-01	1.000000e+00	-9.603270e-01	3.892339e-01	-3.371868e-02	3.737550e-02	-3.937462e-02	-6.019109e-02	7.667494e-02	1.459302e-01	-1.826227e-01	2.197119e-01	2.349188e-01	-2.153236e-01	
3.206851e-02	7.053439e-02	3.304365e-01	-2.462411e-01	-7.553067e-02	9.256207e-02	-9.566676e-02	-9.200108e-02	8.654346e-02	4.708151e-01	-4.377490e-01	3.995802e-01	-9.603270e-01	1.000000e+00	-3.297184e-01	3.089772e-02	-3.451693e-02	3.703325e-02	4.664145e-02	-6.007557e-02	-1.220173e-01	1.547732e-01	-1.890561e-01	-2.039643e-01	1.886618e-01	
5.683262e-02	-2.751483e-01	-7.198973e-01	7.175692e-01	-2.886142e-02	4.227038e-02	-5.254094e-02	-1.594141e-01	1.776158e-01	3.033301e-01	-3.742381e-01	4.435602e-01	3.892339e-01	-3.297184e-01	1.000000e+00	-4.193186e-01	4.686934e-01	-4.978958e-01	-3.373691e-01	3.650301e-01	2.238984e-01	-2.843627e-01	3.490513e-01	3.496179e-01	-3.099213e-01	
3.656279e-02	-2.037043e-02	1.273846e-01	-8.572037e-02	2.202512e-02	-2.422970e-02	2.550636e-02	2.225539e-02	-2.408690e-02	-5.445926e-02	6.320355e-02	-7.185976e-02	-3.371868e-02	3.089772e-02	-4.193186e-01	1.000000e+00	-9.876246e-01	9.511791e-01	-2.466027e-01	1.812838e-01	3.882134e-02	-3.907390e-02	3.323588e-02	1.969013e-02	7.642107e-03	
-3.444929e-02	3.007600e-02	-1.285494e-01	9.202347e-02	-2.522521e-02	2.807559e-02	-3.025701e-02	-2.063086e-02	2.273502e-02	5.608905e-02	-6.542938e-02	7.477512e-02	3.737550e-02	-3.451693e-02	4.686934e-01	-9.876246e-01	1.000000e+00	-9.867879e-01	1.827068e-01	-1.286374e-01	-4.240254e-02	4.330336e-02	-3.757914e-02	-3.088754e-02	5.158145e-03	
2.706351e-02	-5.081494e-02	1.247881e-01	-9.488009e-02	2.821599e-02	-3.166240e-02	3.504484e-02	1.542371e-02	-1.833734e-02	-5.806159e-02	6.778496e-02	-7.753665e-02	-3.937462e-02	3.703325e-02	-4.978958e-01	9.511791e-01	-9.867879e-01	1.000000e+00	-1.493112e-01	1.124615e-01	3.916865e-02	-4.117920e-02	3.686175e-02	3.771790e-02	-9.588766e-03	
3.334624e-02	1.337214e-01	8.754264e-02	-1.098358e-01	1.519594e-02	-1.921308e-02	1.903493e-02	5.358371e-02	-5.258103e-02	-9.929310e-03	1.752995e-02	-2.659550e-02	-6.019109e-02	4.664145e-02	-3.373691e-01	-2.466027e-01	1.827068e-01	-1.493112e-01	1.000000e+00	-9.788316e-01	5.507103e-02	-4.782322e-02	3.037603e-02	4.101653e-02	-1.241411e-01	
-8.875565e-03	-1.404359e-01	-1.301792e-01	1.383135e-01	-1.254786e-02	1.734558e-02	-1.834325e-02	-5.708035e-02	5.795667e-02	2.667364e-02	-3.750474e-02	4.935483e-02	7.667494e-02	-6.007557e-02	3.650301e-01	1.812838e-01	-1.286374e-01	1.124615e-01	-9.788316e-01	1.000000e+00	-5.414127e-02	4.284295e-02	-2.024717e-02	-1.650844e-02	1.109959e-01	
-1.334649e-02	-6.651136e-02	-3.141736e-01	2.794282e-01	-1.624631e-03	8.534614e-03	-1.506015e-02	-6.572597e-02	7.663423e-02	1.350349e-01	-1.651612e-01	1.950150e-01	1.459302e-01	-1.220173e-01	2.238984e-01	3.882134e-02	-4.240254e-02	3.916865e-02	5.507103e-02	-5.414127e-02	1.000000e+00	-9.896079e-01	9.536757e-01	-5.314559e-01	4.892299e-01	
2.722650e-02	7.116854e-02	3.862982e-01	-3.456127e-01	5.975398e-03	-1.411682e-02	2.159635e-02	7.757547e-02	-9.004518e-02	-1.661989e-01	2.036031e-01	-2.407647e-01	-1.826227e-01	1.547732e-01	-2.843627e-01	-3.907390e-02	4.330336e-02	-4.117920e-02	-4.782322e-02	4.284295e-02	-9.896079e-01	1.000000e+00	-9.864942e-01	4.911392e-01	-4.596866e-01	
-5.567675e-02	-6.590508e-02	-4.576730e-01	4.102955e-01	-1.104810e-02	2.037379e-02	-2.876592e-02	-8.764173e-02	1.012744e-01	1.973307e-01	-2.421712e-01	2.869922e-01	2.197119e-01	-1.890561e-01	3.490513e-01	3.323588e-02	-3.757914e-02	3.686175e-02	3.037603e-02	-2.024717e-02	9.536757e-01	-9.864942e-01	1.000000e+00	-4.401222e-01	4.247485e-01	
5.644282e-02	-1.128214e-01	-4.148937e-01	4.095840e-01	-4.192891e-03	9.577845e-03	-1.554481e-02	-6.980841e-02	8.015458e-02	1.817640e-01	-2.249356e-01	2.665056e-01	2.349188e-01	-2.039643e-01	3.496179e-01	1.969013e-02	-3.088754e-02	3.771790e-02	4.101653e-02	-1.650844e-02	-5.314559e-01	4.911392e-01	-4.401222e-01	1.000000e+00	-9.802535e-01	
-2.634149e-02	7.402598e-02	3.805378e-01	-3.774367e-01	6.106370e-03	-1.082592e-02	1.647545e-02	6.172247e-02	-7.122326e-02	-1.718061e-01	2.123906e-01	-2.518294e-01	-2.153236e-01	1.886618e-01	-3.099213e-01	7.642107e-03	5.158145e-03	-9.588766e-03	-1.241411e-01	1.109959e-01	4.892299e-01	-4.596866e-01	4.247485e-01	-9.802535e-01	1.000000e+00	

Time taken for mcmc chain: 1.240556 hours
