Number of steps: 1353567
Number of accepted steps: 1000000
Burn-in number of steps: 320000
Accepted fraction of steps: 0.738789
Convergence Status
R[0]= 1.095016	R[1]= 1.023222	R[2]= 1.018223	R[3]= 1.066763	R[4]= 1.073536	R[5]= 1.035885	R[6]= 1.023904	R[7]= 1.034429	R[8]= 1.021454	R[9]= 1.073065	R[10]= 1.091972	R[11]= 1.102225	R[12]= 1.158884	R[13]= 1.098337	R[14]= 1.112359	R[15]= 1.092164	R[16]= 1.108368	R[17]= 1.119671	R[18]= 1.013422	R[19]= 1.003865	R[20]= 1.049862	R[21]= 1.043690	R[22]= 1.039502	R[23]= 1.078373	R[24]= 1.081171	
<R>= 1.066374

Mean parameters
A[0]= 8.919991e-01 pm 3.684944e-02
A[1]= 1.118900e+00 pm 3.252048e-02
A[2]= 5.009376e-01 pm 3.007733e-01
A[3]= 1.214461e+00 pm 3.358884e-01
A[4]= 3.314814e+03 pm 2.858716e+03
A[5]= -3.090985e+03 pm 1.675322e+03
A[6]= 1.169203e+03 pm 3.559327e+02
A[7]= 1.353489e+01 pm 1.145289e+01
A[8]= -3.730008e-01 pm 1.485774e-01
A[9]= 5.824739e+02 pm 5.494383e+03
A[10]= -1.614802e+03 pm 3.076971e+03
A[11]= 3.841710e+02 pm 5.821298e+02
A[12]= 1.519700e+01 pm 3.796415e+01
A[13]= -6.839962e-01 pm 7.209831e-01
A[14]= 1.474851e+00 pm 4.508716e-01
A[15]= 5.264982e+02 pm 3.372463e+03
A[16]= -1.062075e+03 pm 2.084259e+03
A[17]= 7.277168e+02 pm 4.617081e+02
A[18]= 1.958685e+01 pm 1.530682e+01
A[19]= -3.216041e-01 pm 1.946151e-01
A[20]= 2.060222e+03 pm 9.862882e+03
A[21]= -2.429040e+03 pm 5.444681e+03
A[22]= 4.114652e+02 pm 9.661408e+02
A[23]= 2.472170e+01 pm 6.510968e+01
A[24]= -1.097452e+00 pm 1.204521e+00

Best-fitting parameters
A[0]= 8.481670e-01
A[1]= 1.114100e+00
A[2]= 8.866803e-01
A[3]= 1.455529e+00
A[4]= -2.127030e+03
A[5]= 3.590465e+02
A[6]= 4.052902e+02
A[7]= 2.934719e+01
A[8]= -5.000898e-01
A[9]= -2.220975e+03
A[10]= 1.082792e+03
A[11]= -3.340176e+02
A[12]= 2.407426e+01
A[13]= -7.332936e-01
A[14]= 1.333456e+00
A[15]= -6.108762e+02
A[16]= -1.710406e+02
A[17]= 5.123433e+02
A[18]= 2.087740e+01
A[19]= -3.049783e-01
A[20]= 2.849395e+03
A[21]= -2.220114e+03
A[22]= 1.878293e+02
A[23]= 1.383372e+01
A[24]= -7.626314e-01
chi2_min= 1.176090e+02


Cross-Covariance parameters
1.000000e+00	-3.550399e-01	-3.610515e-01	-2.366080e-01	3.213698e-01	-3.657797e-01	3.982976e-01	-8.862216e-02	1.059025e-02	-6.812317e-02	4.266180e-02	-3.060547e-02	2.228764e-01	-2.039570e-01	-2.041040e-01	2.307418e-01	-2.794540e-01	3.199692e-01	6.696856e-02	-1.551752e-01	-6.066263e-02	3.969701e-02	-2.923562e-02	1.834584e-01	-2.059898e-01	
-3.550399e-01	1.000000e+00	5.074491e-01	4.069463e-02	-2.683249e-01	3.344108e-01	-4.201756e-01	1.693608e-01	-9.775909e-02	-1.373750e-01	1.833136e-01	-2.329674e-01	-3.258273e-03	-1.270837e-02	2.669621e-02	-3.936085e-01	4.554490e-01	-5.144887e-01	2.643229e-01	-1.163895e-01	-7.346696e-02	1.005347e-01	-1.312048e-01	-1.010628e-01	1.167867e-01	
-3.610515e-01	5.074491e-01	1.000000e+00	-4.013170e-01	-3.972473e-01	4.045905e-01	-4.027345e-01	2.243703e-01	-1.631901e-01	-2.747024e-02	1.542473e-01	-3.112530e-01	-1.826961e-01	1.978908e-01	-4.796217e-01	-1.736371e-01	1.986146e-01	-2.243802e-01	1.046179e-01	-4.626556e-02	6.692254e-02	-5.481669e-03	-9.859504e-02	-2.414980e-01	2.750668e-01	
-2.366080e-01	4.069463e-02	-4.013170e-01	1.000000e+00	-3.010981e-01	4.053156e-01	-5.146465e-01	1.046675e-01	2.491764e-02	5.927291e-03	-8.107050e-02	1.820996e-01	-1.086542e-01	8.036380e-02	3.880570e-01	-5.367649e-02	5.430820e-02	-5.297064e-02	-9.915686e-02	1.329540e-01	9.134623e-02	-1.210435e-01	1.809909e-01	-5.509957e-02	4.017833e-02	
3.213698e-01	-2.683249e-01	-3.972473e-01	-3.010981e-01	1.000000e+00	-9.815612e-01	9.100266e-01	-8.014451e-01	5.827107e-01	-7.201197e-02	2.337252e-02	3.950300e-02	2.171022e-01	-1.519179e-01	1.219531e-01	8.844996e-02	-8.742195e-02	8.973700e-02	7.501765e-02	-1.233986e-01	-1.016735e-01	7.408112e-02	-3.037922e-02	1.496635e-01	-1.698728e-01	
-3.657797e-01	3.344108e-01	4.045905e-01	4.053156e-01	-9.815612e-01	1.000000e+00	-9.713337e-01	7.875210e-01	-5.678652e-01	4.602220e-02	-2.542522e-03	-5.364216e-02	-2.278381e-01	1.603285e-01	-8.341857e-02	-1.267319e-01	1.322740e-01	-1.398496e-01	-6.257054e-02	1.257353e-01	1.229095e-01	-9.467366e-02	5.322842e-02	-1.846337e-01	2.041394e-01	
3.982976e-01	-4.201756e-01	-4.027345e-01	-5.146465e-01	9.100266e-01	-9.713337e-01	1.000000e+00	-7.304783e-01	5.282164e-01	-1.015522e-02	-2.822375e-02	7.744034e-02	2.205075e-01	-1.502513e-01	4.246955e-02	1.752191e-01	-1.884840e-01	2.018786e-01	2.618823e-02	-1.059624e-01	-1.329721e-01	1.053826e-01	-6.856012e-02	2.115907e-01	-2.301719e-01	
-8.862216e-02	1.693608e-01	2.243703e-01	1.046675e-01	-8.014451e-01	7.875210e-01	-7.304783e-01	1.000000e+00	-9.283394e-01	7.730736e-02	-3.698037e-02	-2.893075e-02	-6.325531e-02	-8.386637e-02	-1.082593e-01	-7.706114e-02	7.044585e-02	-6.225280e-02	1.296358e-02	2.499806e-02	6.200164e-02	-3.829220e-02	4.068758e-03	-6.765412e-02	8.329914e-02	
1.059025e-02	-9.775909e-02	-1.631901e-01	2.491764e-02	5.827107e-01	-5.678652e-01	5.282164e-01	-9.283394e-01	1.000000e+00	-1.176232e-01	7.763165e-02	-6.273179e-03	2.268764e-02	1.656896e-01	1.251450e-01	6.058443e-02	-5.538563e-02	4.186215e-02	-8.149804e-02	6.007423e-02	-3.777044e-02	1.808834e-02	8.327626e-03	3.280352e-02	-4.964469e-02	
-6.812317e-02	-1.373750e-01	-2.747024e-02	5.927291e-03	-7.201197e-02	4.602220e-02	-1.015522e-02	7.730736e-02	-1.176232e-01	1.000000e+00	-9.824244e-01	9.124037e-01	-8.334086e-01	7.097792e-01	1.470305e-01	-6.188340e-02	5.714944e-02	-4.576615e-02	-4.500128e-02	5.436840e-02	-4.788693e-02	5.311898e-02	-5.014643e-02	5.149500e-02	-3.345614e-02	
4.266180e-02	1.833136e-01	1.542473e-01	-8.107050e-02	2.337252e-02	-2.542522e-03	-2.822375e-02	-3.698037e-02	7.763165e-02	-9.824244e-01	1.000000e+00	-9.717506e-01	8.513164e-01	-7.363247e-01	-2.297753e-01	5.966843e-02	-5.396024e-02	4.043555e-02	4.698604e-02	-5.490832e-02	3.784876e-02	-3.726462e-02	2.225866e-02	-6.777861e-02	5.599256e-02	
-3.060547e-02	-2.329674e-01	-3.112530e-01	1.820996e-01	3.950300e-02	-5.364216e-02	7.744034e-02	-2.893075e-02	-6.273179e-03	9.124037e-01	-9.717506e-01	1.000000e+00	-8.342580e-01	7.414255e-01	3.318622e-01	-5.264519e-02	4.683044e-02	-3.232357e-02	-5.265078e-02	5.811732e-02	-2.323803e-02	1.447792e-02	1.612508e-02	8.536977e-02	-8.395728e-02	
2.228764e-01	-3.258273e-03	-1.826961e-01	-1.086542e-01	2.171022e-01	-2.278381e-01	2.205075e-01	-6.325531e-02	2.268764e-02	-8.334086e-01	8.513164e-01	-8.342580e-01	1.000000e+00	-9.584249e-01	-1.144917e-01	1.439457e-01	-1.512907e-01	1.506281e-01	1.761281e-02	-5.539463e-02	-6.312303e-02	3.748668e-02	-1.107859e-02	7.376970e-02	-8.718599e-02	
-2.039570e-01	-1.270837e-02	1.978908e-01	8.036380e-02	-1.519179e-01	1.603285e-01	-1.502513e-01	-8.386637e-02	1.656896e-01	7.097792e-01	-7.363247e-01	7.414255e-01	-9.584249e-01	1.000000e+00	8.813663e-02	-1.125201e-01	1.199752e-01	-1.241033e-01	-3.978576e-02	6.849748e-02	5.688821e-02	-3.050838e-02	-9.677791e-05	-6.583720e-02	7.799904e-02	
-2.041040e-01	2.669621e-02	-4.796217e-01	3.880570e-01	1.219531e-01	-8.341857e-02	4.246955e-02	-1.082593e-01	1.251450e-01	1.470305e-01	-2.297753e-01	3.318622e-01	-1.144917e-01	8.813663e-02	1.000000e+00	-4.412178e-01	5.183518e-01	-5.827925e-01	1.277719e-01	1.451433e-02	3.385674e-03	-2.906712e-02	8.790752e-02	-2.077088e-02	-3.685586e-03	
2.307418e-01	-3.936085e-01	-1.736371e-01	-5.367649e-02	8.844996e-02	-1.267319e-01	1.752191e-01	-7.706114e-02	6.058443e-02	-6.188340e-02	5.966843e-02	-5.264519e-02	1.439457e-01	-1.125201e-01	-4.412178e-01	1.000000e+00	-9.802611e-01	9.139964e-01	-7.541444e-01	5.513646e-01	1.337795e-01	-1.486391e-01	1.619160e-01	-2.323063e-02	4.427905e-02	
-2.794540e-01	4.554490e-01	1.986146e-01	5.430820e-02	-8.742195e-02	1.322740e-01	-1.884840e-01	7.044585e-02	-5.538563e-02	5.714944e-02	-5.396024e-02	4.683044e-02	-1.512907e-01	1.199752e-01	5.183518e-01	-9.802611e-01	1.000000e+00	-9.752113e-01	7.471868e-01	-5.384650e-01	-9.640865e-02	1.130194e-01	-1.282252e-01	-3.422103e-02	1.297943e-02	
3.199692e-01	-5.144887e-01	-2.243802e-01	-5.297064e-02	8.973700e-02	-1.398496e-01	2.018786e-01	-6.225280e-02	4.186215e-02	-4.576615e-02	4.043555e-02	-3.232357e-02	1.506281e-01	-1.241033e-01	-5.827925e-01	9.139964e-01	-9.752113e-01	1.000000e+00	-6.997034e-01	4.957212e-01	4.938522e-02	-6.811926e-02	8.636933e-02	9.676496e-02	-7.435431e-02	
6.696856e-02	2.643229e-01	1.046179e-01	-9.915686e-02	7.501765e-02	-6.257054e-02	2.618823e-02	1.296358e-02	-8.149804e-02	-4.500128e-02	4.698604e-02	-5.265078e-02	1.761281e-02	-3.978576e-02	1.277719e-01	-7.541444e-01	7.471868e-01	-6.997034e-01	1.000000e+00	-9.466050e-01	-1.308632e-01	1.432500e-01	-1.617780e-01	1.105762e-01	-1.654932e-01	
-1.551752e-01	-1.163895e-01	-4.626556e-02	1.329540e-01	-1.233986e-01	1.257353e-01	-1.059624e-01	2.499806e-02	6.007423e-02	5.436840e-02	-5.490832e-02	5.811732e-02	-5.539463e-02	6.849748e-02	1.451433e-02	5.513646e-01	-5.384650e-01	4.957212e-01	-9.466050e-01	1.000000e+00	1.208864e-01	-1.290427e-01	1.437846e-01	-1.419347e-01	2.115880e-01	
-6.066263e-02	-7.346696e-02	6.692254e-02	9.134623e-02	-1.016735e-01	1.229095e-01	-1.329721e-01	6.200164e-02	-3.777044e-02	-4.788693e-02	3.784876e-02	-2.323803e-02	-6.312303e-02	5.688821e-02	3.385674e-03	1.337795e-01	-9.640865e-02	4.938522e-02	-1.308632e-01	1.208864e-01	1.000000e+00	-9.919274e-01	9.565515e-01	-8.987092e-01	8.296136e-01	
3.969701e-02	1.005347e-01	-5.481669e-03	-1.210435e-01	7.408112e-02	-9.467366e-02	1.053826e-01	-3.829220e-02	1.808834e-02	5.311898e-02	-3.726462e-02	1.447792e-02	3.748668e-02	-3.050838e-02	-2.906712e-02	-1.486391e-01	1.130194e-01	-6.811926e-02	1.432500e-01	-1.290427e-01	-9.919274e-01	1.000000e+00	-9.848325e-01	9.150696e-01	-8.486274e-01	
-2.923562e-02	-1.312048e-01	-9.859504e-02	1.809909e-01	-3.037922e-02	5.322842e-02	-6.856012e-02	4.068758e-03	8.327626e-03	-5.014643e-02	2.225866e-02	1.612508e-02	-1.107859e-02	-9.677791e-05	8.790752e-02	1.619160e-01	-1.282252e-01	8.636933e-02	-1.617780e-01	1.437846e-01	9.565515e-01	-9.848325e-01	1.000000e+00	-9.126735e-01	8.545155e-01	
1.834584e-01	-1.010628e-01	-2.414980e-01	-5.509957e-02	1.496635e-01	-1.846337e-01	2.115907e-01	-6.765412e-02	3.280352e-02	5.149500e-02	-6.777861e-02	8.536977e-02	7.376970e-02	-6.583720e-02	-2.077088e-02	-2.323063e-02	-3.422103e-02	9.676496e-02	1.105762e-01	-1.419347e-01	-8.987092e-01	9.150696e-01	-9.126735e-01	1.000000e+00	-9.795789e-01	
-2.059898e-01	1.167867e-01	2.750668e-01	4.017833e-02	-1.698728e-01	2.041394e-01	-2.301719e-01	8.329914e-02	-4.964469e-02	-3.345614e-02	5.599256e-02	-8.395728e-02	-8.718599e-02	7.799904e-02	-3.685586e-03	4.427905e-02	1.297943e-02	-7.435431e-02	-1.654932e-01	2.115880e-01	8.296136e-01	-8.486274e-01	8.545155e-01	-9.795789e-01	1.000000e+00	

Time taken for mcmc chain: 10.766667 minutes
