Number of steps: 5702573
Number of accepted steps: 1000000
Burn-in number of steps: 320000
Accepted fraction of steps: 0.175359
Convergence Status
R[0]= 1.203352	R[1]= 1.085577	R[2]= 1.196029	R[3]= 1.076205	R[4]= 1.036071	R[5]= 1.042386	R[6]= 1.047602	R[7]= 1.004750	R[8]= 1.014400	R[9]= 1.020982	R[10]= 1.038081	R[11]= 1.069717	R[12]= 1.005065	R[13]= 1.005748	R[14]= 1.011529	R[15]= 1.010597	R[16]= 1.013445	R[17]= 1.015578	R[18]= 1.028054	R[19]= 1.050000	R[20]= 1.027607	R[21]= 1.050908	R[22]= 1.089886	R[23]= 1.020534	R[24]= 1.055100	
<R>= 1.048768

Mean parameters
A[0]= 8.671865e-01 pm 5.505991e-02
A[1]= 1.049622e+00 pm 7.339241e-02
A[2]= 9.418150e-01 pm 6.281671e-01
A[3]= 1.730517e+00 pm 9.739011e-01
A[4]= -6.848721e+02 pm 4.144787e+03
A[5]= -1.250984e+02 pm 2.779843e+03
A[6]= 4.243119e+02 pm 6.514106e+02
A[7]= 1.330607e+01 pm 1.220759e+01
A[8]= -2.764230e-01 pm 1.883213e-01
A[9]= -3.395765e+03 pm 7.408648e+03
A[10]= 1.459377e+03 pm 4.462754e+03
A[11]= -4.128178e+02 pm 9.442896e+02
A[12]= 1.382844e+01 pm 4.364364e+01
A[13]= -4.333307e-01 pm 8.740432e-01
A[14]= 2.305068e+00 pm 1.442012e+00
A[15]= -4.979788e+03 pm 6.945513e+03
A[16]= 3.052545e+03 pm 4.758987e+03
A[17]= -3.185001e+02 pm 1.132174e+03
A[18]= 1.565095e+01 pm 1.889063e+01
A[19]= -1.543053e-01 pm 2.761292e-01
A[20]= -1.580307e+03 pm 1.149480e+04
A[21]= 9.191592e+02 pm 7.103834e+03
A[22]= -5.690616e+02 pm 1.538481e+03
A[23]= 1.123236e+01 pm 5.993741e+01
A[24]= -5.765328e-01 pm 1.218842e+00

Best-fitting parameters
A[0]= 8.812976e-01
A[1]= 1.009780e+00
A[2]= 1.821551e-01
A[3]= 2.850502e+00
A[4]= 4.925032e+02
A[5]= -4.696027e+02
A[6]= 4.147953e+02
A[7]= 4.309516e+00
A[8]= -1.428864e-01
A[9]= 1.749553e+03
A[10]= -2.542686e+03
A[11]= 5.989648e+02
A[12]= 1.019687e+01
A[13]= -5.266309e-01
A[14]= 4.062966e+00
A[15]= -8.003013e+03
A[16]= 5.129172e+03
A[17]= -8.085914e+02
A[18]= 2.050419e+01
A[19]= -1.408037e-01
A[20]= 1.449837e+03
A[21]= -1.914318e+03
A[22]= 3.155964e+02
A[23]= 3.791636e+01
A[24]= -1.206063e+00
chi2_min= 1.092807e+02


Cross-Covariance parameters
1.000000e+00	-5.454535e-01	4.813029e-02	2.005626e-01	-1.586931e-01	1.759231e-01	-1.920461e-01	-6.113903e-03	9.774018e-02	-4.327808e-02	1.009045e-01	-1.848181e-01	1.111918e-02	7.735546e-02	2.646557e-01	-2.426690e-01	2.522766e-01	-2.571035e-01	-6.590936e-02	2.171565e-01	-4.329940e-02	9.426508e-02	-1.664203e-01	-4.204420e-02	1.200612e-01	
-5.454535e-01	1.000000e+00	2.691733e-01	-5.776361e-01	4.230810e-01	-4.550824e-01	4.681823e-01	9.216428e-02	-2.997633e-01	7.230908e-02	-1.268482e-01	1.921959e-01	-4.383194e-02	-7.079502e-02	-6.523139e-01	5.466836e-01	-5.750251e-01	5.883960e-01	5.864009e-02	-3.548119e-01	1.467623e-01	-1.886888e-01	2.372668e-01	7.623749e-02	-1.833780e-01	
4.813029e-02	2.691733e-01	1.000000e+00	-6.886521e-01	6.858533e-02	-9.321111e-02	1.140908e-01	8.495788e-02	-1.570467e-01	-2.751812e-01	3.741278e-01	-4.952362e-01	-2.322679e-01	2.807254e-01	-5.727332e-01	8.048086e-02	-7.352796e-02	6.707784e-02	-1.782812e-01	1.153014e-01	-3.502290e-01	4.363202e-01	-5.317345e-01	-1.660044e-01	2.917965e-01	
2.005626e-01	-5.776361e-01	-6.886521e-01	1.000000e+00	-6.123657e-01	6.683181e-01	-7.055805e-01	-4.542689e-02	3.869538e-01	5.765160e-02	-8.042862e-02	1.195712e-01	9.549755e-02	-3.564112e-02	7.133951e-01	-3.311449e-01	3.415777e-01	-3.449285e-01	5.328291e-02	1.379125e-01	1.363047e-01	-1.776083e-01	2.232207e-01	7.453226e-02	-1.022735e-01	
-1.586931e-01	4.230810e-01	6.858533e-02	-6.123657e-01	1.000000e+00	-9.883252e-01	9.580837e-01	-4.525906e-01	-2.319359e-02	1.719519e-01	-2.361301e-01	2.981274e-01	1.170113e-01	-1.790125e-01	-3.223470e-01	2.780183e-01	-2.926714e-01	2.998132e-01	6.088552e-02	-2.106726e-01	9.163028e-02	-1.104214e-01	1.313942e-01	5.114297e-02	-1.085317e-01	
1.759231e-01	-4.550824e-01	-9.321111e-02	6.683181e-01	-9.883252e-01	1.000000e+00	-9.902496e-01	3.831968e-01	9.901207e-02	-1.837709e-01	2.503354e-01	-3.138788e-01	-1.171054e-01	1.944925e-01	3.605964e-01	-3.114393e-01	3.274024e-01	-3.353535e-01	-4.962588e-02	2.188756e-01	-1.000809e-01	1.185686e-01	-1.388922e-01	-5.463317e-02	1.166381e-01	
-1.920461e-01	4.681823e-01	1.140908e-01	-7.055805e-01	9.580837e-01	-9.902496e-01	1.000000e+00	-3.173777e-01	-1.592810e-01	1.929815e-01	-2.599380e-01	3.229719e-01	1.101794e-01	-1.978851e-01	-3.844554e-01	3.303249e-01	-3.471170e-01	3.558066e-01	3.785799e-02	-2.190326e-01	1.011292e-01	-1.187800e-01	1.381545e-01	5.721189e-02	-1.207014e-01	
-6.113903e-03	9.216428e-02	8.495788e-02	-4.542689e-02	-4.525906e-01	3.831968e-01	-3.173777e-01	1.000000e+00	-8.654774e-01	8.058344e-02	-5.268997e-02	1.216754e-02	-4.879760e-02	-1.315349e-01	-1.089194e-01	9.067918e-02	-8.708553e-02	8.309482e-02	-3.734468e-02	-6.510316e-03	1.606614e-02	-8.848033e-03	-7.748461e-04	-2.198153e-02	2.216751e-02	
9.774018e-02	-2.997633e-01	-1.570467e-01	3.869538e-01	-2.319359e-02	9.901207e-02	-1.592810e-01	-8.654774e-01	1.000000e+00	-1.729561e-01	1.736391e-01	-1.581869e-01	1.714111e-03	2.413370e-01	2.966238e-01	-2.439837e-01	2.468119e-01	-2.460315e-01	2.368163e-02	1.047415e-01	-5.617260e-02	5.508210e-02	-5.234347e-02	6.626478e-03	1.864897e-02	
-4.327808e-02	7.230908e-02	-2.751812e-01	5.765160e-02	1.719519e-01	-1.837709e-01	1.929815e-01	8.058344e-02	-1.729561e-01	1.000000e+00	-9.808188e-01	9.045864e-01	-6.671796e-01	4.623418e-01	9.455071e-02	7.157571e-02	-7.542450e-02	7.710012e-02	6.567639e-02	-9.272676e-02	1.859800e-01	-2.176106e-01	2.488176e-01	3.890213e-02	-1.047060e-01	
1.009045e-01	-1.268482e-01	3.741278e-01	-8.042862e-02	-2.361301e-01	2.503354e-01	-2.599380e-01	-5.268997e-02	1.736391e-01	-9.808188e-01	1.000000e+00	-9.694602e-01	5.988639e-01	-3.873878e-01	-1.057667e-01	-1.204800e-01	1.287302e-01	-1.334394e-01	-8.698550e-02	1.396050e-01	-2.458550e-01	2.941979e-01	-3.444010e-01	-7.645640e-02	1.705335e-01	
-1.848181e-01	1.921959e-01	-4.952362e-01	1.195712e-01	2.981274e-01	-3.138788e-01	3.229719e-01	1.216754e-02	-1.581869e-01	9.045864e-01	-9.694602e-01	1.000000e+00	-4.662310e-01	2.586920e-01	1.223162e-01	1.747298e-01	-1.883903e-01	1.969396e-01	1.146660e-01	-1.961992e-01	3.163387e-01	-3.848505e-01	4.585087e-01	1.203058e-01	-2.483384e-01	
1.111918e-02	-4.383194e-02	-2.322679e-01	9.549755e-02	1.170113e-01	-1.171054e-01	1.101794e-01	-4.879760e-02	1.714111e-03	-6.671796e-01	5.988639e-01	-4.662310e-01	1.000000e+00	-9.402582e-01	1.233213e-01	1.147077e-02	-1.323959e-02	1.438416e-02	1.945296e-02	-2.542268e-02	7.108649e-02	-9.543567e-02	1.248737e-01	8.111499e-02	-1.156908e-01	
7.735546e-02	-7.079502e-02	2.807254e-01	-3.564112e-02	-1.790125e-01	1.944925e-01	-1.978851e-01	-1.315349e-01	2.413370e-01	4.623418e-01	-3.873878e-01	2.586920e-01	-9.402582e-01	1.000000e+00	-7.560553e-02	-9.439673e-02	9.900471e-02	-1.012449e-01	-3.204241e-02	8.121918e-02	-1.378565e-01	1.738601e-01	-2.159201e-01	-9.353000e-02	1.568703e-01	
2.646557e-01	-6.523139e-01	-5.727332e-01	7.133951e-01	-3.223470e-01	3.605964e-01	-3.844554e-01	-1.089194e-01	2.966238e-01	9.455071e-02	-1.057667e-01	1.223162e-01	1.233213e-01	-7.560553e-02	1.000000e+00	-7.118319e-01	7.458022e-01	-7.656478e-01	5.267039e-02	3.519393e-01	-4.269553e-02	3.432666e-02	-1.735131e-02	-1.353083e-02	4.988674e-02	
-2.426690e-01	5.466836e-01	8.048086e-02	-3.311449e-01	2.780183e-01	-3.114393e-01	3.303249e-01	9.067918e-02	-2.439837e-01	7.157571e-02	-1.204800e-01	1.747298e-01	1.147077e-02	-9.439673e-02	-7.118319e-01	1.000000e+00	-9.912820e-01	9.689133e-01	-3.977328e-01	-1.193978e-01	3.203724e-01	-3.754867e-01	4.244222e-01	1.218050e-01	-2.321871e-01	
2.522766e-01	-5.750251e-01	-7.352796e-02	3.415777e-01	-2.926714e-01	3.274024e-01	-3.471170e-01	-8.708553e-02	2.468119e-01	-7.542450e-02	1.287302e-01	-1.883903e-01	-1.323959e-02	9.900471e-02	7.458022e-01	-9.912820e-01	1.000000e+00	-9.928551e-01	3.248623e-01	1.975316e-01	-3.415064e-01	4.000276e-01	-4.521111e-01	-1.367442e-01	2.597121e-01	
-2.571035e-01	5.883960e-01	6.707784e-02	-3.449285e-01	2.998132e-01	-3.353535e-01	3.558066e-01	8.309482e-02	-2.460315e-01	7.710012e-02	-1.334394e-01	1.969396e-01	1.438416e-02	-1.012449e-01	-7.656478e-01	9.689133e-01	-9.928551e-01	1.000000e+00	-2.561380e-01	-2.620661e-01	3.555435e-01	-4.162794e-01	4.704146e-01	1.461939e-01	-2.777494e-01	
-6.590936e-02	5.864009e-02	-1.782812e-01	5.328291e-02	6.088552e-02	-4.962588e-02	3.785799e-02	-3.734468e-02	2.368163e-02	6.567639e-02	-8.698550e-02	1.146660e-01	1.945296e-02	-3.204241e-02	5.267039e-02	-3.977328e-01	3.248623e-01	-2.561380e-01	1.000000e+00	-8.505451e-01	7.172094e-02	-7.700164e-02	8.329230e-02	5.966931e-02	-1.528106e-01	
2.171565e-01	-3.548119e-01	1.153014e-01	1.379125e-01	-2.106726e-01	2.188756e-01	-2.190326e-01	-6.510316e-03	1.047415e-01	-9.272676e-02	1.396050e-01	-1.961992e-01	-2.542268e-02	8.121918e-02	3.519393e-01	-1.193978e-01	1.975316e-01	-2.620661e-01	-8.505451e-01	1.000000e+00	-2.442033e-01	2.771063e-01	-3.069805e-01	-1.302072e-01	2.958181e-01	
-4.329940e-02	1.467623e-01	-3.502290e-01	1.363047e-01	9.163028e-02	-1.000809e-01	1.011292e-01	1.606614e-02	-5.617260e-02	1.859800e-01	-2.458550e-01	3.163387e-01	7.108649e-02	-1.378565e-01	-4.269553e-02	3.203724e-01	-3.415064e-01	3.555435e-01	7.172094e-02	-2.442033e-01	1.000000e+00	-9.838746e-01	9.229132e-01	-5.809905e-01	3.375686e-01	
9.426508e-02	-1.886888e-01	4.363202e-01	-1.776083e-01	-1.104214e-01	1.185686e-01	-1.187800e-01	-8.848033e-03	5.508210e-02	-2.176106e-01	2.941979e-01	-3.848505e-01	-9.543567e-02	1.738601e-01	3.432666e-02	-3.754867e-01	4.000276e-01	-4.162794e-01	-7.700164e-02	2.771063e-01	-9.838746e-01	1.000000e+00	-9.763094e-01	4.976178e-01	-2.430456e-01	
-1.664203e-01	2.372668e-01	-5.317345e-01	2.232207e-01	1.313942e-01	-1.388922e-01	1.381545e-01	-7.748461e-04	-5.234347e-02	2.488176e-01	-3.444010e-01	4.585087e-01	1.248737e-01	-2.159201e-01	-1.735131e-02	4.244222e-01	-4.521111e-01	4.704146e-01	8.329230e-02	-3.069805e-01	9.229132e-01	-9.763094e-01	1.000000e+00	-3.643380e-01	1.071219e-01	
-4.204420e-02	7.623749e-02	-1.660044e-01	7.453226e-02	5.114297e-02	-5.463317e-02	5.721189e-02	-2.198153e-02	6.626478e-03	3.890213e-02	-7.645640e-02	1.203058e-01	8.111499e-02	-9.353000e-02	-1.353083e-02	1.218050e-01	-1.367442e-01	1.461939e-01	5.966931e-02	-1.302072e-01	-5.809905e-01	4.976178e-01	-3.643380e-01	1.000000e+00	-9.488678e-01	
1.200612e-01	-1.833780e-01	2.917965e-01	-1.022735e-01	-1.085317e-01	1.166381e-01	-1.207014e-01	2.216751e-02	1.864897e-02	-1.047060e-01	1.705335e-01	-2.483384e-01	-1.156908e-01	1.568703e-01	4.988674e-02	-2.321871e-01	2.597121e-01	-2.777494e-01	-1.528106e-01	2.958181e-01	3.375686e-01	-2.430456e-01	1.071219e-01	-9.488678e-01	1.000000e+00	

Time taken for mcmc chain: 1.501111 hours
