Number of steps: 1043070
Number of accepted steps: 1000000
Burn-in number of steps: 320000
Accepted fraction of steps: 0.958708
Convergence Status
R[0]= 1.116042	R[1]= 1.335251	R[2]= 1.042615	R[3]= 1.056986	R[4]= 1.098243	R[5]= 1.104543	R[6]= 1.093697	R[7]= 1.087603	R[8]= 1.070159	R[9]= 1.033923	R[10]= 1.056646	R[11]= 1.100964	R[12]= 1.174786	R[13]= 1.210929	R[14]= 1.152972	R[15]= 1.059646	R[16]= 1.073812	R[17]= 1.104958	R[18]= 1.025322	R[19]= 1.000160	R[20]= 1.065290	R[21]= 1.077621	R[22]= 1.105009	R[23]= 1.079652	R[24]= 1.058075	
<R>= 1.095396

Mean parameters
A[0]= 8.765037e-01 pm 5.769443e-02
A[1]= 1.042890e+00 pm 2.794782e-02
A[2]= 5.780195e-01 pm 2.166183e-01
A[3]= 1.058251e+00 pm 3.674891e-01
A[4]= 8.439914e+03 pm 2.325919e+03
A[5]= -6.248477e+03 pm 1.356785e+03
A[6]= 1.875709e+03 pm 3.067261e+02
A[7]= -5.174503e+00 pm 1.234360e+01
A[8]= -1.813868e-01 pm 1.724470e-01
A[9]= 1.017093e+04 pm 7.408044e+03
A[10]= -6.852670e+03 pm 4.117768e+03
A[11]= 1.360575e+03 pm 7.424727e+02
A[12]= -4.066421e+01 pm 4.516881e+01
A[13]= 5.321866e-01 pm 8.151892e-01
A[14]= 1.358954e+00 pm 5.736121e-01
A[15]= 6.883129e+03 pm 4.616495e+03
A[16]= -4.559552e+03 pm 2.687511e+03
A[17]= 1.394739e+03 pm 5.889843e+02
A[18]= 5.520599e+00 pm 2.036688e+01
A[19]= -2.014606e-01 pm 2.387711e-01
A[20]= 2.262321e+04 pm 9.753990e+03
A[21]= -1.369001e+04 pm 5.507708e+03
A[22]= 2.396102e+03 pm 1.008180e+03
A[23]= -9.258392e+01 pm 6.302517e+01
A[24]= 1.021177e+00 pm 1.145907e+00

Best-fitting parameters
A[0]= 8.449115e-01
A[1]= 1.028803e+00
A[2]= 5.857468e-01
A[3]= 1.593401e+00
A[4]= 6.995411e+03
A[5]= -4.884755e+03
A[6]= 1.445832e+03
A[7]= 1.177177e-01
A[8]= -2.190604e-01
A[9]= 2.061073e+04
A[10]= -1.212550e+04
A[11]= 2.178496e+03
A[12]= -9.929522e+01
A[13]= 1.434471e+00
A[14]= 2.566040e+00
A[15]= 3.511201e+02
A[16]= 1.523060e+02
A[17]= 1.383982e+02
A[18]= 3.610556e+01
A[19]= -4.297495e-01
A[20]= 1.541136e+04
A[21]= -8.889246e+03
A[22]= 1.391365e+03
A[23]= -5.591056e+01
A[24]= 2.641999e-01
chi2_min= 1.207572e+02


Cross-Covariance parameters
1.000000e+00	-4.167283e-01	-2.634004e-01	-2.446751e-02	-7.484695e-02	3.558782e-02	1.099083e-03	1.364108e-01	-1.048333e-01	2.361874e-01	-2.166286e-01	1.505460e-01	-8.142470e-02	6.249104e-02	-2.338942e-01	6.388780e-02	-1.150054e-01	1.704199e-01	5.296037e-02	-9.713024e-02	2.281035e-02	-2.423438e-02	7.762555e-03	6.935273e-02	-5.715727e-02	
-4.167283e-01	1.000000e+00	2.251651e-02	1.118972e-02	-1.699197e-01	1.557002e-01	-1.331075e-01	9.076557e-02	-1.319611e-03	3.673383e-03	-2.627336e-02	8.062674e-02	-8.756771e-02	9.765803e-02	-2.504334e-02	1.804771e-01	-1.669046e-01	1.163424e-01	-1.568125e-01	9.103161e-02	1.009926e-01	-1.183178e-01	1.502778e-01	-1.162038e-01	1.175969e-01	
-2.634004e-01	2.251651e-02	1.000000e+00	-4.512782e-01	1.218793e-02	-4.164188e-02	9.247234e-02	-9.493788e-02	7.688771e-02	-2.148982e-01	2.447558e-01	-2.777788e-01	2.626138e-02	1.082939e-01	-1.058209e-01	5.497031e-02	-2.220601e-02	-1.967593e-02	-1.916994e-01	2.445743e-01	-7.517311e-02	9.519350e-02	-1.405451e-01	-8.253130e-02	1.176333e-01	
-2.446751e-02	1.118972e-02	-4.512782e-01	1.000000e+00	-3.134914e-01	4.983954e-01	-7.083303e-01	9.603841e-02	1.080394e-01	-5.157295e-02	5.550781e-02	-7.488960e-02	9.234423e-02	-1.109765e-01	2.249817e-01	-1.286666e-01	1.313163e-01	-1.322113e-01	1.208772e-01	-8.927428e-02	1.506411e-01	-1.669313e-01	2.048182e-01	-1.574164e-01	1.615167e-01	
-7.484695e-02	-1.699197e-01	1.218793e-02	-3.134914e-01	1.000000e+00	-9.658007e-01	8.269655e-01	-7.851692e-01	5.823344e-01	-1.406687e-01	1.324628e-01	-1.036920e-01	1.093256e-01	-2.538495e-02	-1.820889e-02	-3.469154e-02	4.454099e-02	-3.725632e-02	8.459812e-02	-9.478940e-02	-1.296278e-01	1.320156e-01	-1.351126e-01	1.387097e-01	-1.637080e-01	
3.558782e-02	1.557002e-01	-4.164188e-02	4.983954e-01	-9.658007e-01	1.000000e+00	-9.427436e-01	7.795452e-01	-5.547336e-01	1.278569e-01	-1.157240e-01	7.917876e-02	-1.020028e-01	1.900952e-02	8.985070e-02	1.400058e-02	-1.194019e-02	-8.745323e-03	-7.584202e-02	9.952704e-02	1.232553e-01	-1.287324e-01	1.375666e-01	-1.521885e-01	1.791761e-01	
1.099083e-03	-1.331075e-01	9.247234e-02	-7.083303e-01	8.269655e-01	-9.427436e-01	1.000000e+00	-6.807032e-01	4.486597e-01	-8.851638e-02	7.286207e-02	-2.950688e-02	6.860361e-02	3.332593e-03	-1.626889e-01	9.590398e-03	-2.443058e-02	5.784380e-02	5.845273e-02	-9.545284e-02	-1.200769e-01	1.296810e-01	-1.460080e-01	1.696378e-01	-1.972412e-01	
1.364108e-01	9.076557e-02	-9.493788e-02	9.603841e-02	-7.851692e-01	7.795452e-01	-6.807032e-01	1.000000e+00	-9.384253e-01	3.045057e-01	-3.063144e-01	2.871688e-01	-2.400877e-01	6.925589e-02	3.849806e-02	1.027447e-01	-9.993540e-02	7.502846e-02	-1.485337e-01	1.458899e-01	3.231265e-02	-4.202733e-02	4.888204e-02	-4.236981e-02	5.742629e-02	
-1.048333e-01	-1.319611e-03	7.688771e-02	1.080394e-01	5.823344e-01	-5.547336e-01	4.486597e-01	-9.384253e-01	1.000000e+00	-3.129745e-01	3.213080e-01	-3.156637e-01	2.486535e-01	-5.171842e-02	-3.554699e-02	-1.022421e-01	9.782774e-02	-7.647311e-02	1.645282e-01	-1.671107e-01	8.759376e-03	1.644515e-03	-6.696781e-03	9.282870e-03	-1.733177e-02	
2.361874e-01	3.673383e-03	-2.148982e-01	-5.157295e-02	-1.406687e-01	1.278569e-01	-8.851638e-02	3.045057e-01	-3.129745e-01	1.000000e+00	-9.918832e-01	9.574048e-01	-9.009776e-01	7.890896e-01	4.660346e-02	5.554355e-02	-5.586064e-02	3.795941e-02	-2.277581e-02	-5.371308e-03	-5.583729e-02	5.899862e-02	-5.637290e-02	9.898425e-02	-8.941012e-02	
-2.166286e-01	-2.627336e-02	2.447558e-01	5.550781e-02	1.324628e-01	-1.157240e-01	7.286207e-02	-3.063144e-01	3.213080e-01	-9.918832e-01	1.000000e+00	-9.853318e-01	9.304951e-01	-8.187424e-01	-3.481491e-02	-5.798518e-02	6.201206e-02	-4.912976e-02	1.975774e-02	1.806607e-02	4.809385e-02	-4.763434e-02	4.013008e-02	-9.289031e-02	8.741040e-02	
1.505460e-01	8.062674e-02	-2.777788e-01	-7.488960e-02	-1.036920e-01	7.917876e-02	-2.950688e-02	2.871688e-01	-3.156637e-01	9.574048e-01	-9.853318e-01	1.000000e+00	-9.469459e-01	8.398666e-01	2.625726e-02	6.326219e-02	-7.016918e-02	6.122387e-02	-1.945906e-02	-3.050696e-02	-2.960279e-02	2.464920e-02	-1.035864e-02	7.571913e-02	-7.793257e-02	
-8.142470e-02	-8.756771e-02	2.626138e-02	9.234423e-02	1.093256e-01	-1.020028e-01	6.860361e-02	-2.400877e-01	2.486535e-01	-9.009776e-01	9.304951e-01	-9.469459e-01	1.000000e+00	-9.556829e-01	7.730755e-03	-1.076602e-01	1.030301e-01	-7.734551e-02	9.445325e-02	-5.107800e-02	1.319113e-02	-1.201374e-02	7.222872e-03	-1.393484e-02	7.116063e-03	
6.249104e-02	9.765803e-02	1.082939e-01	-1.109765e-01	-2.538495e-02	1.900952e-02	3.332593e-03	6.925589e-02	-5.171842e-02	7.890896e-01	-8.187424e-01	8.398666e-01	-9.556829e-01	1.000000e+00	-7.417946e-02	1.412791e-01	-1.371527e-01	1.111070e-01	-1.185521e-01	6.174552e-02	1.658693e-02	-1.705162e-02	1.882196e-02	-3.561271e-02	4.387009e-02	
-2.338942e-01	-2.504334e-02	-1.058209e-01	2.249817e-01	-1.820889e-02	8.985070e-02	-1.626889e-01	3.849806e-02	-3.554699e-02	4.660346e-02	-3.481491e-02	2.625726e-02	7.730755e-03	-7.417946e-02	1.000000e+00	-5.022663e-01	6.534607e-01	-8.199121e-01	3.605482e-01	-1.275750e-01	-5.580713e-02	7.601003e-02	-1.011714e-01	-7.062946e-02	8.867930e-02	
6.388780e-02	1.804771e-01	5.497031e-02	-1.286666e-01	-3.469154e-02	1.400058e-02	9.590398e-03	1.027447e-01	-1.022421e-01	5.554355e-02	-5.798518e-02	6.326219e-02	-1.076602e-01	1.412791e-01	-5.022663e-01	1.000000e+00	-9.770627e-01	8.759748e-01	-8.841442e-01	7.123526e-01	1.836216e-01	-1.828777e-01	1.746067e-01	-7.330720e-02	7.383326e-02	
-1.150054e-01	-1.669046e-01	-2.220601e-02	1.313163e-01	4.454099e-02	-1.194019e-02	-2.443058e-02	-9.993540e-02	9.782774e-02	-5.586064e-02	6.201206e-02	-7.016918e-02	1.030301e-01	-1.371527e-01	6.534607e-01	-9.770627e-01	1.000000e+00	-9.577309e-01	8.673627e-01	-6.679052e-01	-1.737796e-01	1.812290e-01	-1.855556e-01	4.866399e-02	-4.455650e-02	
1.704199e-01	1.163424e-01	-1.967593e-02	-1.322113e-01	-3.725632e-02	-8.745323e-03	5.784380e-02	7.502846e-02	-7.647311e-02	3.795941e-02	-4.912976e-02	6.122387e-02	-7.734551e-02	1.111070e-01	-8.199121e-01	8.759748e-01	-9.577309e-01	1.000000e+00	-7.785544e-01	5.593553e-01	1.466351e-01	-1.637778e-01	1.840695e-01	-9.547664e-03	5.628604e-04	
5.296037e-02	-1.568125e-01	-1.916994e-01	1.208772e-01	8.459812e-02	-7.584202e-02	5.845273e-02	-1.485337e-01	1.645282e-01	-2.277581e-02	1.975774e-02	-1.945906e-02	9.445325e-02	-1.185521e-01	3.605482e-01	-8.841442e-01	8.673627e-01	-7.785544e-01	1.000000e+00	-9.372689e-01	-1.230772e-01	1.242957e-01	-1.190281e-01	9.904212e-02	-1.287282e-01	
-9.713024e-02	9.103161e-02	2.445743e-01	-8.927428e-02	-9.478940e-02	9.952704e-02	-9.545284e-02	1.458899e-01	-1.671107e-01	-5.371308e-03	1.806607e-02	-3.050696e-02	-5.107800e-02	6.174552e-02	-1.275750e-01	7.123526e-01	-6.679052e-01	5.593553e-01	-9.372689e-01	1.000000e+00	5.645505e-02	-5.005047e-02	3.743392e-02	-9.299171e-02	1.558621e-01	
2.281035e-02	1.009926e-01	-7.517311e-02	1.506411e-01	-1.296278e-01	1.232553e-01	-1.200769e-01	3.231265e-02	8.759376e-03	-5.583729e-02	4.809385e-02	-2.960279e-02	1.319113e-02	1.658693e-02	-5.580713e-02	1.836216e-01	-1.737796e-01	1.466351e-01	-1.230772e-01	5.645505e-02	1.000000e+00	-9.930688e-01	9.636978e-01	-9.068171e-01	8.434048e-01	
-2.423438e-02	-1.183178e-01	9.519350e-02	-1.669313e-01	1.320156e-01	-1.287324e-01	1.296810e-01	-4.202733e-02	1.644515e-03	5.899862e-02	-4.763434e-02	2.464920e-02	-1.201374e-02	-1.705162e-02	7.601003e-02	-1.828777e-01	1.812290e-01	-1.637778e-01	1.242957e-01	-5.005047e-02	-9.930688e-01	1.000000e+00	-9.876200e-01	9.309683e-01	-8.715232e-01	
7.762555e-03	1.502778e-01	-1.405451e-01	2.048182e-01	-1.351126e-01	1.375666e-01	-1.460080e-01	4.888204e-02	-6.696781e-03	-5.637290e-02	4.013008e-02	-1.035864e-02	7.222872e-03	1.882196e-02	-1.011714e-01	1.746067e-01	-1.855556e-01	1.840695e-01	-1.190281e-01	3.743392e-02	9.636978e-01	-9.876200e-01	1.000000e+00	-9.405887e-01	8.890669e-01	
6.935273e-02	-1.162038e-01	-8.253130e-02	-1.574164e-01	1.387097e-01	-1.521885e-01	1.696378e-01	-4.236981e-02	9.282870e-03	9.898425e-02	-9.289031e-02	7.571913e-02	-1.393484e-02	-3.561271e-02	-7.062946e-02	-7.330720e-02	4.866399e-02	-9.547664e-03	9.904212e-02	-9.299171e-02	-9.068171e-01	9.309683e-01	-9.405887e-01	1.000000e+00	-9.819011e-01	
-5.715727e-02	1.175969e-01	1.176333e-01	1.615167e-01	-1.637080e-01	1.791761e-01	-1.972412e-01	5.742629e-02	-1.733177e-02	-8.941012e-02	8.741040e-02	-7.793257e-02	7.116063e-03	4.387009e-02	8.867930e-02	7.383326e-02	-4.455650e-02	5.628604e-04	-1.287282e-01	1.558621e-01	8.434048e-01	-8.715232e-01	8.890669e-01	-9.819011e-01	1.000000e+00	

Time taken for mcmc chain: 9.383333 minutes
