Number of steps: 8037855
Number of accepted steps: 1000000
Burn-in number of steps: 320000
Accepted fraction of steps: 0.124411
Convergence Status
R[0]= 1.005289	R[1]= 1.012409	R[2]= 1.012317	R[3]= 1.009954	R[4]= 1.006582	R[5]= 1.007877	R[6]= 1.009003	R[7]= 1.000271	R[8]= 1.001253	R[9]= 1.000147	R[10]= 1.000314	R[11]= 1.000856	R[12]= 1.015531	R[13]= 1.015226	R[14]= 1.004186	R[15]= 1.006484	R[16]= 1.008492	R[17]= 1.010185	R[18]= 1.005234	R[19]= 1.007847	R[20]= 1.008934	R[21]= 1.010973	R[22]= 1.012659	R[23]= 1.001517	R[24]= 1.001581	
<R>= 1.007005

Mean parameters
A[0]= 1.029937e+00 pm 4.499535e-02
A[1]= 1.156422e+00 pm 3.655527e-02
A[2]= 8.122359e-01 pm 7.336349e-01
A[3]= 3.464311e+00 pm 1.530429e+00
A[4]= -5.102445e+02 pm 3.323611e+03
A[5]= -6.365570e+02 pm 2.034344e+03
A[6]= 7.167073e+02 pm 4.197677e+02
A[7]= -9.856044e+00 pm 1.256607e+01
A[8]= -8.633399e-02 pm 1.839030e-01
A[9]= -4.294044e+03 pm 7.350644e+03
A[10]= 1.650554e+03 pm 4.298875e+03
A[11]= -3.474287e+02 pm 8.414286e+02
A[12]= 1.293822e+01 pm 4.806786e+01
A[13]= -3.933510e-01 pm 9.171437e-01
A[14]= 4.072309e+00 pm 1.667535e+00
A[15]= -5.267395e+03 pm 4.466782e+03
A[16]= 2.586280e+03 pm 2.740996e+03
A[17]= 4.711735e+01 pm 5.684739e+02
A[18]= 7.853049e-01 pm 1.903262e+01
A[19]= -1.240113e-01 pm 2.636291e-01
A[20]= -4.955816e+02 pm 1.020881e+04
A[21]= -2.005668e+02 pm 5.919100e+03
A[22]= -2.082944e+02 pm 1.141731e+03
A[23]= 2.190200e+00 pm 6.599146e+01
A[24]= -5.819173e-01 pm 1.264206e+00

Best-fitting parameters
A[0]= 1.042698e+00
A[1]= 1.135006e+00
A[2]= 4.197945e-01
A[3]= 4.027179e+00
A[4]= -6.932467e+02
A[5]= -5.145156e+02
A[6]= 6.876085e+02
A[7]= -8.171143e+00
A[8]= -1.079080e-01
A[9]= -8.513253e+03
A[10]= 3.827951e+03
A[11]= -7.071188e+02
A[12]= 6.083811e+01
A[13]= -1.301408e+00
A[14]= 5.139882e+00
A[15]= -5.414074e+03
A[16]= 2.770308e+03
A[17]= 2.008748e+00
A[18]= -3.927715e+00
A[19]= -6.276664e-02
A[20]= -6.041744e+03
A[21]= 2.497827e+03
A[22]= -6.101318e+02
A[23]= 5.511068e+01
A[24]= -1.554216e+00
chi2_min= 1.132821e+02


Cross-Covariance parameters
1.000000e+00	-4.759070e-01	-7.659045e-02	1.056957e-02	7.973685e-02	-7.268771e-02	5.772462e-02	3.077906e-02	-5.821005e-03	-1.179149e-02	3.121103e-02	-6.738629e-02	5.526068e-02	-1.135272e-02	9.302330e-02	-1.197764e-02	2.279956e-02	-3.769263e-02	7.031839e-03	1.695753e-02	-3.383449e-02	4.881412e-02	-7.783272e-02	6.325141e-02	-3.312199e-02	
-4.759070e-01	1.000000e+00	1.847080e-01	-2.361279e-01	-2.195960e-02	2.183514e-02	-3.013544e-02	1.564194e-01	-1.457768e-01	9.696153e-03	-5.888981e-03	7.519340e-03	-1.266087e-01	6.771162e-02	-2.076848e-01	-7.397772e-02	7.800551e-02	-8.667441e-02	1.169238e-01	-9.527392e-02	-1.159225e-02	1.202534e-02	-4.161358e-03	-1.136791e-01	8.803848e-02	
-7.659045e-02	1.847080e-01	1.000000e+00	-7.651939e-01	1.831578e-01	-1.958788e-01	2.100856e-01	6.960521e-02	-1.345497e-01	-3.310745e-01	4.193555e-01	-5.169943e-01	-3.214080e-01	3.282973e-01	-6.878936e-01	-2.678582e-02	2.834338e-02	-2.373063e-02	-8.840108e-03	-3.229285e-03	-2.808446e-01	3.631358e-01	-4.582106e-01	-3.874246e-01	4.163971e-01	
1.056957e-02	-2.361279e-01	-7.651939e-01	1.000000e+00	-5.054879e-01	5.541310e-01	-5.904997e-01	-2.077994e-01	3.238624e-01	2.433957e-01	-3.159830e-01	4.036862e-01	2.509336e-01	-2.220269e-01	6.082966e-01	6.473073e-02	-7.219720e-02	7.439195e-02	1.195615e-02	-1.565876e-02	2.684664e-01	-3.435628e-01	4.302010e-01	3.472707e-01	-3.773110e-01	
7.973685e-02	-2.195960e-02	1.831578e-01	-5.054879e-01	1.000000e+00	-9.880083e-01	9.533998e-01	-3.211679e-01	1.102844e-01	-3.633954e-02	2.687348e-02	-2.143232e-02	1.029302e-01	-7.273541e-02	-1.443032e-01	3.168298e-02	-3.151149e-02	3.110899e-02	7.781443e-03	-1.120032e-02	-4.954957e-02	6.230773e-02	-7.881309e-02	-6.716309e-02	7.819295e-02	
-7.268771e-02	2.183514e-02	-1.958788e-01	5.541310e-01	-9.880083e-01	1.000000e+00	-9.879461e-01	2.553984e-01	-4.963916e-02	3.628406e-02	-2.536543e-02	1.858444e-02	-1.138435e-01	9.163530e-02	1.546250e-01	-3.499717e-02	3.471718e-02	-3.438823e-02	-4.762571e-03	8.585174e-03	4.953845e-02	-6.335720e-02	8.116985e-02	7.562834e-02	-8.721192e-02	
5.772462e-02	-3.013544e-02	2.100856e-01	-5.904997e-01	9.533998e-01	-9.879461e-01	1.000000e+00	-2.009703e-01	9.070547e-03	-3.703403e-02	2.547989e-02	-1.782526e-02	1.146514e-01	-9.573793e-02	-1.648603e-01	3.752197e-02	-3.734935e-02	3.754241e-02	-4.154835e-04	-4.447299e-03	-5.035835e-02	6.558662e-02	-8.502860e-02	-8.473520e-02	9.679288e-02	
3.077906e-02	1.564194e-01	6.960521e-02	-2.077994e-01	-3.211679e-01	2.553984e-01	-2.009703e-01	1.000000e+00	-9.554914e-01	1.443524e-01	-1.303569e-01	1.006085e-01	-4.180771e-02	-1.396834e-01	-7.457788e-02	-5.902670e-03	6.998226e-03	-1.060885e-02	3.386577e-02	-2.691093e-02	3.066042e-03	3.937592e-03	-1.223131e-02	-4.888815e-02	4.784269e-02	
-5.821005e-03	-1.457768e-01	-1.345497e-01	3.238624e-01	1.102844e-01	-4.963916e-02	9.070547e-03	-9.554914e-01	1.000000e+00	-1.388589e-01	1.247977e-01	-9.277441e-02	3.917684e-02	1.588697e-01	1.255708e-01	-4.244214e-03	4.239355e-03	-2.265384e-03	-3.289859e-02	2.934862e-02	1.561552e-02	-2.674134e-02	3.993473e-02	7.130575e-02	-7.280750e-02	
-1.179149e-02	9.696153e-03	-3.310745e-01	2.433957e-01	-3.633954e-02	3.628406e-02	-3.703403e-02	1.443524e-01	-1.388589e-01	1.000000e+00	-9.866019e-01	9.370046e-01	-5.933663e-01	4.767335e-01	2.407653e-01	2.036537e-02	-2.297308e-02	2.109428e-02	3.143991e-02	-2.961358e-02	1.371117e-01	-1.697303e-01	2.061452e-01	1.227082e-01	-1.400585e-01	
3.121103e-02	-5.888981e-03	4.193555e-01	-3.159830e-01	2.687348e-02	-2.536543e-02	2.547989e-02	-1.303569e-01	1.247977e-01	-9.866019e-01	1.000000e+00	-9.808459e-01	5.378678e-01	-4.287570e-01	-3.076113e-01	-3.350248e-02	3.703699e-02	-3.533886e-02	-3.455699e-02	3.342846e-02	-1.722437e-01	2.146904e-01	-2.627386e-01	-1.625944e-01	1.842649e-01	
-6.738629e-02	7.519340e-03	-5.169943e-01	4.036862e-01	-2.143232e-02	1.858444e-02	-1.782526e-02	1.006085e-01	-9.277441e-02	9.370046e-01	-9.808459e-01	1.000000e+00	-4.475365e-01	3.544575e-01	3.832820e-01	4.824962e-02	-5.282308e-02	5.147278e-02	3.688600e-02	-3.678311e-02	2.121311e-01	-2.659134e-01	3.276697e-01	2.072200e-01	-2.340424e-01	
5.526068e-02	-1.266087e-01	-3.214080e-01	2.509336e-01	1.029302e-01	-1.138435e-01	1.146514e-01	-4.180771e-02	3.917684e-02	-5.933663e-01	5.378678e-01	-4.475365e-01	1.000000e+00	-9.630503e-01	2.534766e-01	6.280955e-02	-6.766607e-02	6.937782e-02	1.533920e-02	-1.790461e-02	1.237944e-01	-1.597443e-01	2.013273e-01	1.601299e-01	-1.691610e-01	
-1.135272e-02	6.771162e-02	3.282973e-01	-2.220269e-01	-7.273541e-02	9.163530e-02	-9.573793e-02	-1.396834e-01	1.588697e-01	4.767335e-01	-4.287570e-01	3.544575e-01	-9.630503e-01	1.000000e+00	-2.479736e-01	-6.430935e-02	7.028153e-02	-7.230243e-02	-2.811857e-02	3.036960e-02	-1.350727e-01	1.731472e-01	-2.175971e-01	-1.569445e-01	1.688807e-01	
9.302330e-02	-2.076848e-01	-6.878936e-01	6.082966e-01	-1.443032e-01	1.546250e-01	-1.648603e-01	-7.457788e-02	1.255708e-01	2.407653e-01	-3.076113e-01	3.832820e-01	2.534766e-01	-2.479736e-01	1.000000e+00	-4.130401e-01	4.668981e-01	-5.085077e-01	-2.162104e-01	2.947106e-01	1.594131e-01	-2.089265e-01	2.706610e-01	2.003956e-01	-2.003265e-01	
-1.197764e-02	-7.397772e-02	-2.678582e-02	6.473073e-02	3.168298e-02	-3.499717e-02	3.752197e-02	-5.902670e-03	-4.244214e-03	2.036537e-02	-3.350248e-02	4.824962e-02	6.280955e-02	-6.430935e-02	-4.130401e-01	1.000000e+00	-9.865867e-01	9.483825e-01	-3.220605e-01	1.526144e-01	1.524435e-01	-1.777875e-01	2.017603e-01	8.994181e-02	-8.101020e-02	
2.279956e-02	7.800551e-02	2.834338e-02	-7.219720e-02	-3.151149e-02	3.471718e-02	-3.734935e-02	6.998226e-03	4.239355e-03	-2.297308e-02	3.703699e-02	-5.282308e-02	-6.766607e-02	7.028153e-02	4.668981e-01	-9.865867e-01	1.000000e+00	-9.867893e-01	2.442578e-01	-7.906428e-02	-1.585468e-01	1.873310e-01	-2.147765e-01	-1.131574e-01	1.096954e-01	
-3.769263e-02	-8.667441e-02	-2.373063e-02	7.439195e-02	3.110899e-02	-3.438823e-02	3.754241e-02	-1.060885e-02	-2.265384e-03	2.109428e-02	-3.533886e-02	5.147278e-02	6.937782e-02	-7.230243e-02	-5.085077e-01	9.483825e-01	-9.867893e-01	1.000000e+00	-1.772453e-01	2.434730e-02	1.557092e-01	-1.870213e-01	2.174122e-01	1.294059e-01	-1.282902e-01	
7.031839e-03	1.169238e-01	-8.840108e-03	1.195615e-02	7.781443e-03	-4.762571e-03	-4.154835e-04	3.386577e-02	-3.289859e-02	3.143991e-02	-3.455699e-02	3.688600e-02	1.533920e-02	-2.811857e-02	-2.162104e-01	-3.220605e-01	2.442578e-01	-1.772453e-01	1.000000e+00	-9.691700e-01	5.341704e-02	-6.022684e-02	6.173109e-02	1.158382e-01	-2.035503e-01	
1.695753e-02	-9.527392e-02	-3.229285e-03	-1.565876e-02	-1.120032e-02	8.585174e-03	-4.447299e-03	-2.691093e-02	2.934862e-02	-2.961358e-02	3.342846e-02	-3.678311e-02	-1.790461e-02	3.036960e-02	2.947106e-01	1.526144e-01	-7.906428e-02	2.434730e-02	-9.691700e-01	1.000000e+00	-8.589429e-02	9.425094e-02	-9.536770e-02	-1.187072e-01	2.178777e-01	
-3.383449e-02	-1.159225e-02	-2.808446e-01	2.684664e-01	-4.954957e-02	4.953845e-02	-5.035835e-02	3.066042e-03	1.561552e-02	1.371117e-01	-1.722437e-01	2.121311e-01	1.237944e-01	-1.350727e-01	1.594131e-01	1.524435e-01	-1.585468e-01	1.557092e-01	5.341704e-02	-8.589429e-02	1.000000e+00	-9.882006e-01	9.438535e-01	-5.980173e-01	4.964882e-01	
4.881412e-02	1.202534e-02	3.631358e-01	-3.435628e-01	6.230773e-02	-6.335720e-02	6.558662e-02	3.937592e-03	-2.674134e-02	-1.697303e-01	2.146904e-01	-2.659134e-01	-1.597443e-01	1.731472e-01	-2.089265e-01	-1.777875e-01	1.873310e-01	-1.870213e-01	-6.022684e-02	9.425094e-02	-9.882006e-01	1.000000e+00	-9.827321e-01	5.496663e-01	-4.518926e-01	
-7.783272e-02	-4.161358e-03	-4.582106e-01	4.302010e-01	-7.881309e-02	8.116985e-02	-8.502860e-02	-1.223131e-02	3.993473e-02	2.061452e-01	-2.627386e-01	3.276697e-01	2.013273e-01	-2.175971e-01	2.706610e-01	2.017603e-01	-2.147765e-01	2.174122e-01	6.173109e-02	-9.536770e-02	9.438535e-01	-9.827321e-01	1.000000e+00	-4.691301e-01	3.814200e-01	
6.325141e-02	-1.136791e-01	-3.874246e-01	3.472707e-01	-6.716309e-02	7.562834e-02	-8.473520e-02	-4.888815e-02	7.130575e-02	1.227082e-01	-1.625944e-01	2.072200e-01	1.601299e-01	-1.569445e-01	2.003956e-01	8.994181e-02	-1.131574e-01	1.294059e-01	1.158382e-01	-1.187072e-01	-5.980173e-01	5.496663e-01	-4.691301e-01	1.000000e+00	-9.785035e-01	
-3.312199e-02	8.803848e-02	4.163971e-01	-3.773110e-01	7.819295e-02	-8.721192e-02	9.679288e-02	4.784269e-02	-7.280750e-02	-1.400585e-01	1.842649e-01	-2.340424e-01	-1.691610e-01	1.688807e-01	-2.003265e-01	-8.101020e-02	1.096954e-01	-1.282902e-01	-2.035503e-01	2.178777e-01	4.964882e-01	-4.518926e-01	3.814200e-01	-9.785035e-01	1.000000e+00	

Time taken for mcmc chain: 54.883333 minutes
