Number of steps: 4850928
Number of accepted steps: 1000000
Burn-in number of steps: 320000
Accepted fraction of steps: 0.206146
Convergence Status
R[0]= 1.000195	R[1]= 1.000808	R[2]= 1.019438	R[3]= 1.011295	R[4]= 1.000654	R[5]= 1.000943	R[6]= 1.001400	R[7]= 1.001548	R[8]= 1.002316	R[9]= 1.002947	R[10]= 1.004162	R[11]= 1.006254	R[12]= 1.000280	R[13]= 1.001578	R[14]= 1.013126	R[15]= 1.001993	R[16]= 1.002163	R[17]= 1.002166	R[18]= 1.000714	R[19]= 1.000702	R[20]= 1.002520	R[21]= 1.003646	R[22]= 1.005833	R[23]= 1.000694	R[24]= 1.001578	
<R>= 1.003558

Mean parameters
A[0]= 9.274412e-01 pm 3.516742e-02
A[1]= 1.046691e+00 pm 2.844151e-02
A[2]= 5.449300e-01 pm 3.416160e-01
A[3]= 3.738497e+00 pm 1.166533e+00
A[4]= -4.002767e+03 pm 3.894519e+03
A[5]= 2.028613e+03 pm 2.565093e+03
A[6]= -3.802317e+01 pm 6.020183e+02
A[7]= 1.677909e+01 pm 1.325482e+01
A[8]= -2.636807e-01 pm 1.818074e-01
A[9]= -3.490317e+03 pm 8.250438e+03
A[10]= 1.316735e+03 pm 4.900072e+03
A[11]= -3.313764e+02 pm 1.012660e+03
A[12]= 2.105722e+01 pm 4.780631e+01
A[13]= -6.060802e-01 pm 9.221812e-01
A[14]= 5.262826e+00 pm 1.494818e+00
A[15]= -6.727834e+03 pm 5.370963e+03
A[16]= 4.903827e+03 pm 3.528735e+03
A[17]= -8.639838e+02 pm 8.263885e+02
A[18]= 2.865592e+00 pm 1.942724e+01
A[19]= 1.359174e-01 pm 2.646711e-01
A[20]= 6.764750e+03 pm 1.153806e+04
A[21]= -4.001980e+03 pm 6.920861e+03
A[22]= 4.035859e+02 pm 1.449069e+03
A[23]= -4.685944e+01 pm 6.816915e+01
A[24]= 6.157395e-01 pm 1.327586e+00

Best-fitting parameters
A[0]= 9.421629e-01
A[1]= 1.042253e+00
A[2]= 5.995419e-01
A[3]= 3.513904e+00
A[4]= -4.350670e+03
A[5]= 2.174832e+03
A[6]= -5.440962e+01
A[7]= 1.763476e+01
A[8]= -2.439487e-01
A[9]= -3.790147e+03
A[10]= 1.616399e+03
A[11]= -4.722100e+02
A[12]= 1.645240e+01
A[13]= -4.185716e-01
A[14]= 4.810654e+00
A[15]= -5.414406e+03
A[16]= 4.305543e+03
A[17]= -7.749238e+02
A[18]= 6.287415e+00
A[19]= 8.545807e-02
A[20]= 9.096374e+03
A[21]= -4.505083e+03
A[22]= 2.608247e+02
A[23]= -3.835425e+01
A[24]= 4.173955e-01
chi2_min= 8.882698e+01


Cross-Covariance parameters
1.000000e+00	-5.097596e-01	-9.735840e-02	4.189113e-02	2.415287e-02	-2.333567e-02	1.558993e-02	6.168840e-02	-5.092740e-02	-3.803284e-02	5.686542e-02	-9.721451e-02	1.319906e-01	-9.385408e-02	-4.316588e-03	7.667126e-02	-7.826685e-02	7.135767e-02	5.411842e-02	-6.950329e-02	-1.903900e-02	3.810093e-02	-8.058413e-02	1.329953e-01	-1.025000e-01	
-5.097596e-01	1.000000e+00	7.066546e-02	-1.110268e-01	-2.664792e-02	3.072806e-02	-4.192847e-02	1.400179e-01	-1.298845e-01	5.132416e-02	-6.938948e-02	1.008631e-01	-9.504334e-02	2.748021e-02	-1.545246e-01	-4.709366e-04	-5.746209e-05	-6.677718e-03	1.432164e-01	-1.414929e-01	3.985275e-02	-6.024625e-02	9.763410e-02	-7.658109e-02	2.854446e-02	
-9.735840e-02	7.066546e-02	1.000000e+00	-6.111562e-01	-2.856051e-02	3.799380e-02	-3.759104e-02	-5.676005e-02	7.176238e-02	-3.836017e-01	4.949580e-01	-6.306001e-01	-8.524891e-02	2.299035e-01	-5.489985e-01	-2.091218e-01	2.222101e-01	-2.222657e-01	1.843918e-02	6.456861e-02	-3.821241e-01	4.961834e-01	-6.343968e-01	-1.637267e-01	3.068924e-01	
4.189113e-02	-1.110268e-01	-6.111562e-01	1.000000e+00	-5.950312e-01	6.496096e-01	-6.904302e-01	1.922396e-01	1.196273e-01	1.650737e-01	-2.109166e-01	2.741427e-01	-1.464197e-02	-2.544963e-02	3.576921e-01	1.218829e-01	-1.308325e-01	1.328894e-01	-3.143050e-02	-1.995877e-02	2.384953e-01	-3.086923e-01	3.930730e-01	9.288143e-02	-1.803421e-01	
2.415287e-02	-2.664792e-02	-2.856051e-02	-5.950312e-01	1.000000e+00	-9.858468e-01	9.465140e-01	-6.529854e-01	2.488904e-01	5.347776e-02	-8.917845e-02	1.280920e-01	1.075241e-01	-9.874867e-02	2.614527e-02	-5.716937e-03	5.808151e-03	-5.595987e-03	8.284939e-03	-2.982939e-03	1.133364e-02	-1.265371e-02	1.390999e-02	2.818952e-03	-4.402969e-03	
-2.333567e-02	3.072806e-02	3.799380e-02	6.496096e-01	-9.858468e-01	1.000000e+00	-9.867573e-01	5.987655e-01	-1.780922e-01	-6.454745e-02	1.038284e-01	-1.466131e-01	-1.174648e-01	1.218190e-01	-3.124562e-02	3.639625e-03	-3.613556e-03	3.375593e-03	-7.482293e-03	3.376649e-03	-1.245448e-02	1.501417e-02	-1.790105e-02	-6.032641e-03	8.330720e-03	
1.558993e-02	-4.192847e-02	-3.759104e-02	-6.904302e-01	9.465140e-01	-9.867573e-01	1.000000e+00	-5.349179e-01	1.129916e-01	7.633278e-02	-1.168691e-01	1.606293e-01	1.146127e-01	-1.283162e-01	3.378349e-02	-4.369475e-03	4.516726e-03	-4.181252e-03	3.100236e-03	7.605741e-04	9.722756e-03	-1.233352e-02	1.552274e-02	6.889094e-03	-8.220412e-03	
6.168840e-02	1.400179e-01	-5.676005e-02	1.922396e-01	-6.529854e-01	5.987655e-01	-5.349179e-01	1.000000e+00	-8.766218e-01	1.074132e-01	-9.352585e-02	6.744030e-02	-5.968547e-02	-1.039199e-01	-1.853501e-02	3.233766e-02	-3.439392e-02	3.222973e-02	4.278758e-02	-5.574026e-02	1.720627e-02	-2.458529e-02	3.383565e-02	3.013593e-02	-4.491451e-02	
-5.092740e-02	-1.298845e-01	7.176238e-02	1.196273e-01	2.488904e-01	-1.780922e-01	1.129916e-01	-8.766218e-01	1.000000e+00	-1.629547e-01	1.659926e-01	-1.552261e-01	1.764215e-02	1.972468e-01	7.344507e-03	-3.009780e-02	3.279320e-02	-3.159049e-02	-4.438993e-02	5.655759e-02	-2.016189e-02	2.886577e-02	-4.025941e-02	-3.425064e-02	5.042135e-02	
-3.803284e-02	5.132416e-02	-3.836017e-01	1.650737e-01	5.347776e-02	-6.454745e-02	7.633278e-02	1.074132e-01	-1.629547e-01	1.000000e+00	-9.844854e-01	9.202671e-01	-7.759095e-01	5.915139e-01	2.032964e-01	8.027674e-02	-8.526211e-02	8.532204e-02	-4.310504e-03	-2.704056e-02	1.488254e-01	-1.954787e-01	2.544277e-01	5.325691e-02	-1.120297e-01	
5.686542e-02	-6.938948e-02	4.949580e-01	-2.109166e-01	-8.917845e-02	1.038284e-01	-1.168691e-01	-9.352585e-02	1.659926e-01	-9.844854e-01	1.000000e+00	-9.737954e-01	7.368568e-01	-5.447416e-01	-2.669542e-01	-1.000862e-01	1.065583e-01	-1.066988e-01	3.477304e-03	3.638080e-02	-1.940829e-01	2.548217e-01	-3.313313e-01	-6.714121e-02	1.439863e-01	
-9.721451e-02	1.008631e-01	-6.306001e-01	2.741427e-01	1.280920e-01	-1.466131e-01	1.606293e-01	6.744030e-02	-1.552261e-01	9.202671e-01	-9.737954e-01	1.000000e+00	-6.396748e-01	4.461294e-01	3.459653e-01	1.225065e-01	-1.308399e-01	1.312679e-01	-2.733323e-03	-4.709595e-02	2.508229e-01	-3.291580e-01	4.279388e-01	8.186820e-02	-1.816411e-01	
1.319906e-01	-9.504334e-02	-8.524891e-02	-1.464197e-02	1.075241e-01	-1.174648e-01	1.146127e-01	-5.968547e-02	1.764215e-02	-7.759095e-01	7.368568e-01	-6.396748e-01	1.000000e+00	-9.465375e-01	4.835258e-02	1.755420e-02	-1.949822e-02	1.986274e-02	8.679184e-03	-1.552745e-02	2.771404e-02	-3.266032e-02	3.567851e-02	3.073808e-02	-3.792716e-02	
-9.385408e-02	2.748021e-02	2.299035e-01	-2.544963e-02	-9.874867e-02	1.218190e-01	-1.283162e-01	-1.039199e-01	1.972468e-01	5.915139e-01	-5.447416e-01	4.461294e-01	-9.465375e-01	1.000000e+00	-1.173396e-01	-4.759402e-02	5.187492e-02	-5.227179e-02	-1.898552e-02	3.870146e-02	-8.725289e-02	1.107219e-01	-1.377104e-01	-4.949577e-02	8.255632e-02	
-4.316588e-03	-1.545246e-01	-5.489985e-01	3.576921e-01	2.614527e-02	-3.124562e-02	3.378349e-02	-1.853501e-02	7.344507e-03	2.032964e-01	-2.669542e-01	3.459653e-01	4.835258e-02	-1.173396e-01	1.000000e+00	-4.885827e-01	5.525907e-01	-6.035821e-01	4.272959e-02	2.116937e-01	1.049916e-01	-1.448074e-01	2.033829e-01	2.634463e-02	-5.723598e-02	
7.667126e-02	-4.709366e-04	-2.091218e-01	1.218829e-01	-5.716937e-03	3.639625e-03	-4.369475e-03	3.233766e-02	-3.009780e-02	8.027674e-02	-1.000862e-01	1.225065e-01	1.755420e-02	-4.759402e-02	-4.885827e-01	1.000000e+00	-9.845329e-01	9.407676e-01	-5.874406e-01	2.115456e-01	2.101764e-01	-2.585634e-01	3.055024e-01	6.234286e-02	-1.088065e-01	
-7.826685e-02	-5.746209e-05	2.222101e-01	-1.308325e-01	5.808151e-03	-3.613556e-03	4.516726e-03	-3.439392e-02	3.279320e-02	-8.526211e-02	1.065583e-01	-1.308399e-01	-1.949822e-02	5.187492e-02	5.525907e-01	-9.845329e-01	1.000000e+00	-9.851519e-01	5.204232e-01	-1.291828e-01	-2.201317e-01	2.736420e-01	-3.260726e-01	-7.823974e-02	1.344984e-01	
7.135767e-02	-6.677718e-03	-2.222657e-01	1.328894e-01	-5.595987e-03	3.375593e-03	-4.181252e-03	3.222973e-02	-3.159049e-02	8.532204e-02	-1.066988e-01	1.312679e-01	1.986274e-02	-5.227179e-02	-6.035821e-01	9.407676e-01	-9.851519e-01	1.000000e+00	-4.422313e-01	4.982768e-02	2.221426e-01	-2.785318e-01	3.342456e-01	8.788041e-02	-1.501355e-01	
5.411842e-02	1.432164e-01	1.843918e-02	-3.143050e-02	8.284939e-03	-7.482293e-03	3.100236e-03	4.278758e-02	-4.438993e-02	-4.310504e-03	3.477304e-03	-2.733323e-03	8.679184e-03	-1.898552e-02	4.272959e-02	-5.874406e-01	5.204232e-01	-4.422313e-01	1.000000e+00	-9.002633e-01	-2.409331e-02	3.571759e-02	-4.924892e-02	6.059634e-02	-1.326520e-01	
-6.950329e-02	-1.414929e-01	6.456861e-02	-1.995877e-02	-2.982939e-03	3.376649e-03	7.605741e-04	-5.574026e-02	5.655759e-02	-2.704056e-02	3.638080e-02	-4.709595e-02	-1.552745e-02	3.870146e-02	2.116937e-01	2.115456e-01	-1.291828e-01	4.982768e-02	-9.002633e-01	1.000000e+00	-6.995441e-02	7.953282e-02	-8.543175e-02	-1.030399e-01	2.192670e-01	
-1.903900e-02	3.985275e-02	-3.821241e-01	2.384953e-01	1.133364e-02	-1.245448e-02	9.722756e-03	1.720627e-02	-2.016189e-02	1.488254e-01	-1.940829e-01	2.508229e-01	2.771404e-02	-8.725289e-02	1.049916e-01	2.101764e-01	-2.201317e-01	2.221426e-01	-2.409331e-02	-6.995441e-02	1.000000e+00	-9.842902e-01	9.195847e-01	-7.388673e-01	5.765763e-01	
3.810093e-02	-6.024625e-02	4.961834e-01	-3.086923e-01	-1.265371e-02	1.501417e-02	-1.233352e-02	-2.458529e-02	2.886577e-02	-1.954787e-01	2.548217e-01	-3.291580e-01	-3.266032e-02	1.107219e-01	-1.448074e-01	-2.585634e-01	2.736420e-01	-2.785318e-01	3.571759e-02	7.953282e-02	-9.842902e-01	1.000000e+00	-9.736747e-01	6.876757e-01	-5.151249e-01	
-8.058413e-02	9.763410e-02	-6.343968e-01	3.930730e-01	1.390999e-02	-1.790105e-02	1.552274e-02	3.383565e-02	-4.025941e-02	2.544277e-01	-3.313313e-01	4.279388e-01	3.567851e-02	-1.377104e-01	2.033829e-01	3.055024e-01	-3.260726e-01	3.342456e-01	-4.924892e-02	-8.543175e-02	9.195847e-01	-9.736747e-01	1.000000e+00	-5.768869e-01	3.985436e-01	
1.329953e-01	-7.658109e-02	-1.637267e-01	9.288143e-02	2.818952e-03	-6.032641e-03	6.889094e-03	3.013593e-02	-3.425064e-02	5.325691e-02	-6.714121e-02	8.186820e-02	3.073808e-02	-4.949577e-02	2.634463e-02	6.234286e-02	-7.823974e-02	8.788041e-02	6.059634e-02	-1.030399e-01	-7.388673e-01	6.876757e-01	-5.768869e-01	1.000000e+00	-9.646214e-01	
-1.025000e-01	2.854446e-02	3.068924e-01	-1.803421e-01	-4.402969e-03	8.330720e-03	-8.220412e-03	-4.491451e-02	5.042135e-02	-1.120297e-01	1.439863e-01	-1.816411e-01	-3.792716e-02	8.255632e-02	-5.723598e-02	-1.088065e-01	1.344984e-01	-1.501355e-01	-1.326520e-01	2.192670e-01	5.765763e-01	-5.151249e-01	3.985436e-01	-9.646214e-01	1.000000e+00	

Time taken for mcmc chain: 24.250000 minutes
