Number of steps: 8824526
Number of accepted steps: 1000000
Burn-in number of steps: 320000
Accepted fraction of steps: 0.113321
Convergence Status
R[0]= 1.005706	R[1]= 1.016287	R[2]= 1.062557	R[3]= 1.032983	R[4]= 1.003023	R[5]= 1.004057	R[6]= 1.004854	R[7]= 1.000818	R[8]= 1.001988	R[9]= 1.011420	R[10]= 1.019114	R[11]= 1.029882	R[12]= 1.005907	R[13]= 1.012514	R[14]= 1.047373	R[15]= 1.000406	R[16]= 1.000553	R[17]= 1.000782	R[18]= 1.000456	R[19]= 1.001378	R[20]= 1.004781	R[21]= 1.008153	R[22]= 1.012799	R[23]= 1.006248	R[24]= 1.009441	
<R>= 1.012139

Mean parameters
A[0]= 8.954541e-01 pm 3.253844e-02
A[1]= 1.003497e+00 pm 2.953100e-02
A[2]= 7.575370e-01 pm 5.873314e-01
A[3]= 2.593932e+00 pm 9.585805e-01
A[4]= -2.939142e+03 pm 3.568703e+03
A[5]= 1.456963e+03 pm 2.319342e+03
A[6]= 5.978444e+01 pm 5.337802e+02
A[7]= 1.211567e+01 pm 1.229749e+01
A[8]= -2.071930e-01 pm 1.767878e-01
A[9]= -3.559220e+03 pm 8.164832e+03
A[10]= 1.686349e+03 pm 4.962589e+03
A[11]= -4.925833e+02 pm 1.055783e+03
A[12]= 7.472173e+00 pm 4.533138e+01
A[13]= -2.000600e-01 pm 8.917265e-01
A[14]= 3.825729e+00 pm 1.255452e+00
A[15]= -9.850587e+03 pm 4.887902e+03
A[16]= 6.491397e+03 pm 3.202810e+03
A[17]= -1.135785e+03 pm 7.420541e+02
A[18]= 1.321771e+01 pm 1.809067e+01
A[19]= -8.655082e-03 pm 2.563312e-01
A[20]= -3.630625e+03 pm 1.138399e+04
A[21]= 2.121300e+03 pm 7.049229e+03
A[22]= -8.265160e+02 pm 1.532219e+03
A[23]= -2.874629e+00 pm 6.500587e+01
A[24]= -1.658437e-01 pm 1.295903e+00

Best-fitting parameters
A[0]= 8.880775e-01
A[1]= 1.012260e+00
A[2]= 7.438709e-01
A[3]= 2.774240e+00
A[4]= -5.937202e+03
A[5]= 3.344165e+03
A[6]= -3.486371e+02
A[7]= 1.758357e+01
A[8]= -2.285023e-01
A[9]= -3.131648e+03
A[10]= 1.956440e+03
A[11]= -6.532924e+02
A[12]= -1.384227e+00
A[13]= -3.746217e-02
A[14]= 3.425248e+00
A[15]= -1.125788e+04
A[16]= 7.075437e+03
A[17]= -1.179148e+03
A[18]= 2.369475e+01
A[19]= -1.224926e-01
A[20]= -8.381888e+03
A[21]= 5.157092e+03
A[22]= -1.406904e+03
A[23]= 3.617670e+01
A[24]= -9.229273e-01
chi2_min= 9.818772e+01


Cross-Covariance parameters
1.000000e+00	-5.568269e-01	-2.500228e-01	1.405471e-01	6.345079e-02	-6.158222e-02	5.130741e-02	3.458299e-02	-2.764808e-02	5.005849e-02	-4.835847e-02	3.015893e-02	1.445933e-01	-1.196478e-01	1.653568e-01	5.001111e-02	-4.452476e-02	3.032390e-02	4.175892e-02	-2.584566e-02	2.558679e-02	-2.120399e-02	-1.400435e-04	1.702426e-01	-1.451233e-01	
-5.568269e-01	1.000000e+00	3.244049e-01	-2.685118e-01	-3.674844e-02	3.780126e-02	-4.399162e-02	1.158396e-01	-1.073911e-01	-4.086591e-02	5.064975e-02	-5.352695e-02	-1.565844e-01	1.199739e-01	-3.047913e-01	-2.102571e-02	2.024533e-02	-2.385013e-02	1.287225e-01	-1.214867e-01	-3.144103e-02	3.911589e-02	-3.590735e-02	-1.453460e-01	1.199514e-01	
-2.500228e-01	3.244049e-01	1.000000e+00	-7.178251e-01	-5.065704e-02	5.524100e-02	-4.965499e-02	-6.902917e-02	6.577970e-02	-4.372923e-01	5.486142e-01	-6.687385e-01	-2.132732e-01	3.477552e-01	-7.189109e-01	-1.278387e-01	1.374242e-01	-1.354004e-01	-4.395170e-02	6.387302e-02	-4.246359e-01	5.353266e-01	-6.505032e-01	-2.526204e-01	3.808024e-01	
1.405471e-01	-2.685118e-01	-7.178251e-01	1.000000e+00	-4.563033e-01	5.076549e-01	-5.490143e-01	8.086266e-02	1.573721e-01	2.482859e-01	-3.176674e-01	3.994205e-01	1.142731e-01	-1.668141e-01	5.783857e-01	1.158025e-01	-1.252832e-01	1.271474e-01	7.881928e-03	-3.764333e-02	3.473269e-01	-4.360626e-01	5.296335e-01	1.917752e-01	-2.972878e-01	
6.345079e-02	-3.674844e-02	-5.065704e-02	-4.563033e-01	1.000000e+00	-9.846400e-01	9.420352e-01	-5.652573e-01	1.831936e-01	1.052316e-01	-1.436819e-01	1.803577e-01	1.001252e-01	-1.055187e-01	1.319592e-02	2.754423e-02	-2.954638e-02	2.900316e-02	7.921535e-03	-1.599982e-02	8.738404e-03	-1.426242e-02	1.888652e-02	3.174923e-02	-3.756872e-02	
-6.158222e-02	3.780126e-02	5.524100e-02	5.076549e-01	-9.846400e-01	1.000000e+00	-9.856815e-01	4.987237e-01	-1.048934e-01	-1.195137e-01	1.616679e-01	-2.017975e-01	-1.109723e-01	1.311842e-01	-1.424900e-02	-2.929880e-02	3.149356e-02	-3.099803e-02	-8.378959e-03	1.710408e-02	-1.035100e-02	1.647321e-02	-2.160480e-02	-3.258487e-02	3.903435e-02	
5.130741e-02	-4.399162e-02	-4.965499e-02	-5.490143e-01	9.420352e-01	-9.856815e-01	1.000000e+00	-4.253305e-01	3.439265e-02	1.301431e-01	-1.733450e-01	2.140965e-01	1.101460e-01	-1.410948e-01	1.006758e-02	2.853116e-02	-3.088837e-02	3.082274e-02	5.289005e-03	-1.448173e-02	6.845370e-03	-1.246946e-02	1.709230e-02	3.048781e-02	-3.588387e-02	
3.458299e-02	1.158396e-01	-6.902917e-02	8.086266e-02	-5.652573e-01	4.987237e-01	-4.253305e-01	1.000000e+00	-8.962112e-01	1.314159e-01	-1.192731e-01	9.655570e-02	-4.008151e-02	-1.351262e-01	2.614748e-02	1.195547e-02	-9.586477e-03	4.316277e-03	3.349548e-02	-2.799260e-02	4.873206e-02	-5.662360e-02	6.353767e-02	-1.083360e-02	-1.993820e-03	
-2.764808e-02	-1.073911e-01	6.577970e-02	1.573721e-01	1.831936e-01	-1.048934e-01	3.439265e-02	-8.962112e-01	1.000000e+00	-1.935685e-01	1.951134e-01	-1.827876e-01	1.351915e-02	2.057001e-01	-1.594545e-02	-1.893120e-02	1.699500e-02	-1.178724e-02	-2.933904e-02	2.736568e-02	-4.314097e-02	5.141521e-02	-5.830672e-02	1.010795e-02	2.512332e-03	
5.005849e-02	-4.086591e-02	-4.372923e-01	2.482859e-01	1.052316e-01	-1.195137e-01	1.301431e-01	1.314159e-01	-1.935685e-01	1.000000e+00	-9.832463e-01	9.197071e-01	-6.573050e-01	4.474926e-01	3.196793e-01	8.032983e-02	-8.706859e-02	8.638310e-02	2.906781e-02	-5.006310e-02	2.159346e-01	-2.717275e-01	3.307727e-01	1.123943e-01	-1.847322e-01	
-4.835847e-02	5.064975e-02	5.486142e-01	-3.176674e-01	-1.436819e-01	1.616679e-01	-1.733450e-01	-1.192731e-01	1.951134e-01	-9.832463e-01	1.000000e+00	-9.752094e-01	5.846006e-01	-3.682991e-01	-4.034201e-01	-1.034235e-01	1.119968e-01	-1.115454e-01	-3.337994e-02	6.058549e-02	-2.737499e-01	3.447647e-01	-4.202961e-01	-1.397119e-01	2.313138e-01	
3.015893e-02	-5.352695e-02	-6.687385e-01	3.994205e-01	1.803577e-01	-2.017975e-01	2.140965e-01	9.655570e-02	-1.827876e-01	9.197071e-01	-9.752094e-01	1.000000e+00	-4.582607e-01	2.442626e-01	4.946288e-01	1.278476e-01	-1.386043e-01	1.387738e-01	3.800187e-02	-7.219256e-02	3.377219e-01	-4.259072e-01	5.203012e-01	1.674749e-01	-2.809300e-01	
1.445933e-01	-1.565844e-01	-2.132732e-01	1.142731e-01	1.001252e-01	-1.109723e-01	1.101460e-01	-4.008151e-02	1.351915e-02	-6.573050e-01	5.846006e-01	-4.582607e-01	1.000000e+00	-9.454683e-01	1.583494e-01	3.115992e-02	-3.252819e-02	3.180118e-02	8.088527e-03	-1.129747e-02	7.998657e-02	-1.020540e-01	1.230666e-01	6.501250e-02	-8.435592e-02	
-1.196478e-01	1.199739e-01	3.477552e-01	-1.668141e-01	-1.055187e-01	1.311842e-01	-1.410948e-01	-1.351262e-01	2.057001e-01	4.474926e-01	-3.682991e-01	2.442626e-01	-9.454683e-01	1.000000e+00	-2.537713e-01	-5.925483e-02	6.254520e-02	-6.127435e-02	-2.150840e-02	3.240343e-02	-1.542414e-01	1.961657e-01	-2.387460e-01	-9.154092e-02	1.374433e-01	
1.653568e-01	-3.047913e-01	-7.189109e-01	5.783857e-01	1.319592e-02	-1.424900e-02	1.006758e-02	2.614748e-02	-1.594545e-02	3.196793e-01	-4.034201e-01	4.946288e-01	1.583494e-01	-2.537713e-01	1.000000e+00	-3.590984e-01	4.074938e-01	-4.478206e-01	-1.334433e-02	1.981761e-01	2.242847e-01	-2.932863e-01	3.704264e-01	1.378162e-01	-1.929192e-01	
5.001111e-02	-2.102571e-02	-1.278387e-01	1.158025e-01	2.754423e-02	-2.929880e-02	2.853116e-02	1.195547e-02	-1.893120e-02	8.032983e-02	-1.034235e-01	1.278476e-01	3.115992e-02	-5.925483e-02	-3.590984e-01	1.000000e+00	-9.840552e-01	9.401555e-01	-4.944855e-01	1.401925e-01	2.326530e-01	-2.772583e-01	3.169495e-01	9.509871e-02	-1.517345e-01	
-4.452476e-02	2.024533e-02	1.374242e-01	-1.252832e-01	-2.954638e-02	3.149356e-02	-3.088837e-02	-9.586477e-03	1.699500e-02	-8.706859e-02	1.119968e-01	-1.386043e-01	-3.252819e-02	6.254520e-02	4.074938e-01	-9.840552e-01	1.000000e+00	-9.852800e-01	4.165360e-01	-5.162821e-02	-2.512418e-01	3.011871e-01	-3.461276e-01	-1.116446e-01	1.804024e-01	
3.032390e-02	-2.385013e-02	-1.354004e-01	1.271474e-01	2.900316e-02	-3.099803e-02	3.082274e-02	4.316277e-03	-1.178724e-02	8.638310e-02	-1.115454e-01	1.387738e-01	3.180118e-02	-6.127435e-02	-4.478206e-01	9.401555e-01	-9.852800e-01	1.000000e+00	-3.333961e-01	-2.877556e-02	2.584424e-01	-3.115666e-01	3.598948e-01	1.202544e-01	-1.963475e-01	
4.175892e-02	1.287225e-01	-4.395170e-02	7.881928e-03	7.921535e-03	-8.378959e-03	5.289005e-03	3.349548e-02	-2.933904e-02	2.906781e-02	-3.337994e-02	3.800187e-02	8.088527e-03	-2.150840e-02	-1.334433e-02	-4.944855e-01	4.165360e-01	-3.333961e-01	1.000000e+00	-9.142004e-01	3.163548e-02	-3.231621e-02	3.137109e-02	6.554972e-02	-1.500202e-01	
-2.584566e-02	-1.214867e-01	6.387302e-02	-3.764333e-02	-1.599982e-02	1.710408e-02	-1.448173e-02	-2.799260e-02	2.736568e-02	-5.006310e-02	6.058549e-02	-7.219256e-02	-1.129747e-02	3.240343e-02	1.981761e-01	1.401925e-01	-5.162821e-02	-2.877556e-02	-9.142004e-01	1.000000e+00	-1.217609e-01	1.379922e-01	-1.498028e-01	-1.049444e-01	2.300054e-01	
2.558679e-02	-3.144103e-02	-4.246359e-01	3.473269e-01	8.738404e-03	-1.035100e-02	6.845370e-03	4.873206e-02	-4.314097e-02	2.159346e-01	-2.737499e-01	3.377219e-01	7.998657e-02	-1.542414e-01	2.242847e-01	2.326530e-01	-2.512418e-01	2.584424e-01	3.163548e-02	-1.217609e-01	1.000000e+00	-9.828728e-01	9.194934e-01	-6.136932e-01	4.194775e-01	
-2.120399e-02	3.911589e-02	5.353266e-01	-4.360626e-01	-1.426242e-02	1.647321e-02	-1.246946e-02	-5.662360e-02	5.141521e-02	-2.717275e-01	3.447647e-01	-4.259072e-01	-1.020540e-01	1.961657e-01	-2.932863e-01	-2.772583e-01	3.011871e-01	-3.115666e-01	-3.231621e-02	1.379922e-01	-9.828728e-01	1.000000e+00	-9.755503e-01	5.284572e-01	-3.254449e-01	
-1.400435e-04	-3.590735e-02	-6.505032e-01	5.296335e-01	1.888652e-02	-2.160480e-02	1.709230e-02	6.353767e-02	-5.830672e-02	3.307727e-01	-4.202961e-01	5.203012e-01	1.230666e-01	-2.387460e-01	3.704264e-01	3.169495e-01	-3.461276e-01	3.598948e-01	3.137109e-02	-1.498028e-01	9.194934e-01	-9.755503e-01	1.000000e+00	-3.917416e-01	1.870882e-01	
1.702426e-01	-1.453460e-01	-2.526204e-01	1.917752e-01	3.174923e-02	-3.258487e-02	3.048781e-02	-1.083360e-02	1.010795e-02	1.123943e-01	-1.397119e-01	1.674749e-01	6.501250e-02	-9.154092e-02	1.378162e-01	9.509871e-02	-1.116446e-01	1.202544e-01	6.554972e-02	-1.049444e-01	-6.136932e-01	5.284572e-01	-3.917416e-01	1.000000e+00	-9.618005e-01	
-1.451233e-01	1.199514e-01	3.808024e-01	-2.972878e-01	-3.756872e-02	3.903435e-02	-3.588387e-02	-1.993820e-03	2.512332e-03	-1.847322e-01	2.313138e-01	-2.809300e-01	-8.435592e-02	1.374433e-01	-1.929192e-01	-1.517345e-01	1.804024e-01	-1.963475e-01	-1.500202e-01	2.300054e-01	4.194775e-01	-3.254449e-01	1.870882e-01	-9.618005e-01	1.000000e+00	

Time taken for mcmc chain: 1.022778 hours
