Number of steps: 11688555
Number of accepted steps: 1000000
Burn-in number of steps: 320000
Accepted fraction of steps: 0.085554
Convergence Status
R[0]= 1.005203	R[1]= 1.009838	R[2]= 1.116665	R[3]= 1.123856	R[4]= 1.012689	R[5]= 1.015019	R[6]= 1.017130	R[7]= 1.005722	R[8]= 1.007294	R[9]= 1.027026	R[10]= 1.038854	R[11]= 1.055190	R[12]= 1.001007	R[13]= 1.004949	R[14]= 1.106878	R[15]= 1.015046	R[16]= 1.018942	R[17]= 1.022444	R[18]= 1.002592	R[19]= 1.001073	R[20]= 1.022066	R[21]= 1.033396	R[22]= 1.051508	R[23]= 1.005444	R[24]= 1.012167	
<R>= 1.029280

Mean parameters
A[0]= 9.732338e-01 pm 3.325882e-02
A[1]= 1.081484e+00 pm 3.154625e-02
A[2]= 9.989240e-01 pm 5.281278e-01
A[3]= 4.056112e+00 pm 1.462454e+00
A[4]= -1.254792e+03 pm 4.014140e+03
A[5]= 7.196014e+02 pm 2.646566e+03
A[6]= 1.969972e+02 pm 6.266292e+02
A[7]= -1.805987e-01 pm 1.419555e+01
A[8]= -2.852056e-02 pm 1.893553e-01
A[9]= 2.335918e+03 pm 9.107643e+03
A[10]= -1.091031e+03 pm 5.553210e+03
A[11]= -1.516833e+02 pm 1.192696e+03
A[12]= -5.261828e+01 pm 5.138227e+01
A[13]= 1.167979e+00 pm 9.910294e-01
A[14]= 5.707097e+00 pm 1.788824e+00
A[15]= -5.097838e+03 pm 5.485682e+03
A[16]= 4.411479e+03 pm 3.607576e+03
A[17]= -8.623409e+02 pm 8.558378e+02
A[18]= -6.782895e-01 pm 2.078065e+01
A[19]= 1.745444e-01 pm 2.713657e-01
A[20]= 9.348730e+03 pm 1.258708e+04
A[21]= -3.975622e+03 pm 7.668211e+03
A[22]= -4.240785e+01 pm 1.644864e+03
A[23]= -9.786205e+01 pm 7.143716e+01
A[24]= 1.731275e+00 pm 1.385447e+00

Best-fitting parameters
A[0]= 9.712661e-01
A[1]= 1.067193e+00
A[2]= 6.534696e-01
A[3]= 4.994434e+00
A[4]= -2.058993e+03
A[5]= 1.302653e+03
A[6]= 5.656407e+01
A[7]= 4.808761e+00
A[8]= -1.095339e-01
A[9]= 1.155446e+04
A[10]= -6.632245e+03
A[11]= 9.401988e+02
A[12]= -8.584894e+01
A[13]= 1.512471e+00
A[14]= 7.706160e+00
A[15]= -6.915755e+03
A[16]= 6.070992e+03
A[17]= -1.326051e+03
A[18]= 1.649131e+00
A[19]= 2.019265e-01
A[20]= 1.499564e+04
A[21]= -7.459684e+03
A[22]= 7.027101e+02
A[23]= -1.171261e+02
A[24]= 2.073497e+00
chi2_min= 9.478363e+01


Cross-Covariance parameters
1.000000e+00	-5.388736e-01	-2.162172e-01	1.298446e-01	8.294782e-02	-8.494428e-02	7.618030e-02	4.537936e-02	-7.295090e-02	6.152912e-03	-9.978011e-03	-2.109949e-03	1.823433e-01	-1.739663e-01	1.149748e-01	9.742014e-02	-1.041230e-01	1.005609e-01	5.625834e-02	-8.315182e-02	4.764948e-02	-4.587707e-02	2.385632e-02	1.533378e-01	-1.489654e-01	
-5.388736e-01	1.000000e+00	2.081458e-01	-1.986634e-01	-3.995066e-02	4.745017e-02	-6.004315e-02	9.958181e-02	-7.768033e-02	-8.456991e-03	9.567320e-03	-1.026464e-03	-1.060625e-01	7.118502e-02	-1.968498e-01	-6.119617e-02	7.258968e-02	-8.885990e-02	1.162901e-01	-8.927116e-02	-4.379572e-02	4.070547e-02	-2.278078e-02	-7.351864e-02	5.473291e-02	
-2.162172e-01	2.081458e-01	1.000000e+00	-7.108588e-01	-7.807006e-03	1.163292e-02	-7.830533e-03	-4.798066e-02	4.958373e-02	-3.802038e-01	4.855450e-01	-6.050637e-01	-5.788851e-02	2.036869e-01	-7.086273e-01	-8.169693e-02	8.925247e-02	-8.800330e-02	-1.260109e-02	3.787340e-02	-3.611229e-01	4.639985e-01	-5.847784e-01	-1.002080e-01	2.422556e-01	
1.298446e-01	-1.986634e-01	-7.108588e-01	1.000000e+00	-4.922096e-01	5.413113e-01	-5.791830e-01	2.163251e-01	4.539233e-02	1.702314e-01	-2.242282e-01	2.891192e-01	1.221233e-02	-6.735334e-02	4.930938e-01	1.220449e-01	-1.381053e-01	1.465762e-01	-2.679673e-02	-2.578056e-02	3.046725e-01	-3.867032e-01	4.824706e-01	6.225560e-02	-1.770271e-01	
8.294782e-02	-3.995066e-02	-7.807006e-03	-4.922096e-01	1.000000e+00	-9.843902e-01	9.402853e-01	-6.942469e-01	3.027063e-01	1.339228e-01	-1.827723e-01	2.362983e-01	7.790277e-02	-9.421641e-02	3.191678e-02	-2.862410e-03	3.700367e-03	-5.306174e-03	1.694305e-02	-1.444440e-02	7.538785e-03	-1.008832e-02	1.020771e-02	7.986210e-03	-9.743182e-03	
-8.494428e-02	4.745017e-02	1.163292e-02	5.413113e-01	-9.843902e-01	1.000000e+00	-9.850209e-01	6.512902e-01	-2.412454e-01	-1.574138e-01	2.107382e-01	-2.690513e-01	-8.140928e-02	1.129456e-01	-3.858518e-02	3.325944e-03	-4.313398e-03	6.111736e-03	-1.560744e-02	1.274617e-02	-8.495058e-03	1.122109e-02	-1.156317e-02	-1.057721e-02	1.303625e-02	
7.618030e-02	-6.004315e-02	-7.830533e-03	-5.791830e-01	9.402853e-01	-9.850209e-01	1.000000e+00	-5.914907e-01	1.787657e-01	1.791571e-01	-2.341765e-01	2.939711e-01	7.351609e-02	-1.167856e-01	4.022168e-02	-4.933805e-03	6.073363e-03	-7.681492e-03	1.081164e-02	-7.347508e-03	5.673108e-03	-7.736648e-03	7.541253e-03	1.161328e-02	-1.320732e-02	
4.537936e-02	9.958181e-02	-4.798066e-02	2.163251e-01	-6.942469e-01	6.512902e-01	-5.914907e-01	1.000000e+00	-8.754745e-01	6.357203e-02	-3.785370e-02	-6.388299e-04	-4.045312e-02	-1.063900e-01	1.490727e-02	1.240405e-02	-1.117783e-02	6.999812e-03	2.464922e-02	-2.770955e-02	2.176548e-02	-2.510916e-02	2.943283e-02	1.894591e-02	-3.068301e-02	
-7.295090e-02	-7.768033e-02	4.958373e-02	4.539233e-02	3.027063e-01	-2.412454e-01	1.787657e-01	-8.754745e-01	1.000000e+00	-1.640679e-01	1.608507e-01	-1.435632e-01	1.359786e-02	2.023565e-01	-3.311175e-02	-9.593913e-03	7.450840e-03	-2.095789e-03	-2.897538e-02	3.045935e-02	-2.902075e-02	3.264452e-02	-3.580487e-02	-1.889599e-02	3.225243e-02	
6.152912e-03	-8.456991e-03	-3.802038e-01	1.702314e-01	1.339228e-01	-1.574138e-01	1.791571e-01	6.357203e-02	-1.640679e-01	1.000000e+00	-9.833378e-01	9.174588e-01	-7.578951e-01	5.532299e-01	2.892153e-01	4.651542e-02	-5.084804e-02	5.093066e-02	2.755097e-03	-2.026468e-02	1.640136e-01	-2.117768e-01	2.694246e-01	3.151991e-02	-9.975368e-02	
-9.978011e-03	9.567320e-03	4.855450e-01	-2.242282e-01	-1.827723e-01	2.107382e-01	-2.341765e-01	-3.785370e-02	1.608507e-01	-9.833378e-01	1.000000e+00	-9.737223e-01	7.083860e-01	-4.941701e-01	-3.657718e-01	-6.080693e-02	6.691220e-02	-6.741520e-02	-2.972573e-03	2.646049e-02	-2.101132e-01	2.708622e-01	-3.440572e-01	-3.989232e-02	1.268177e-01	
-2.109949e-03	-1.026464e-03	-6.050637e-01	2.891192e-01	2.362983e-01	-2.690513e-01	2.939711e-01	-6.388299e-04	-1.435632e-01	9.174588e-01	-9.737223e-01	1.000000e+00	-6.003976e-01	3.838427e-01	4.526185e-01	7.600529e-02	-8.422326e-02	8.542928e-02	2.497915e-03	-3.263598e-02	2.635778e-01	-3.396045e-01	4.313779e-01	4.666482e-02	-1.555967e-01	
1.823433e-01	-1.060625e-01	-5.788851e-02	1.221233e-02	7.790277e-02	-8.140928e-02	7.351609e-02	-4.045312e-02	1.359786e-02	-7.578951e-01	7.083860e-01	-6.003976e-01	1.000000e+00	-9.420431e-01	3.551097e-02	2.019890e-02	-2.208468e-02	2.212791e-02	1.250854e-02	-2.039218e-02	1.943815e-02	-2.142468e-02	1.938857e-02	2.781319e-02	-3.034589e-02	
-1.739663e-01	7.118502e-02	2.036869e-01	-6.735334e-02	-9.421641e-02	1.129456e-01	-1.167856e-01	-1.063900e-01	2.023565e-01	5.532299e-01	-4.941701e-01	3.838427e-01	-9.420431e-01	1.000000e+00	-1.485530e-01	-3.463011e-02	3.721960e-02	-3.591291e-02	-2.051101e-02	3.368309e-02	-8.357168e-02	1.043516e-01	-1.252958e-01	-4.027109e-02	7.096414e-02	
1.149748e-01	-1.968498e-01	-7.086273e-01	4.930938e-01	3.191678e-02	-3.858518e-02	4.022168e-02	1.490727e-02	-3.311175e-02	2.892153e-01	-3.657718e-01	4.526185e-01	3.551097e-02	-1.485530e-01	1.000000e+00	-4.084462e-01	4.672614e-01	-5.133968e-01	1.167678e-01	1.058172e-01	1.397615e-01	-1.804734e-01	2.342346e-01	2.452281e-02	-7.027719e-02	
9.742014e-02	-6.119617e-02	-8.169693e-02	1.220449e-01	-2.862410e-03	3.325944e-03	-4.933805e-03	1.240405e-02	-9.593913e-03	4.651542e-02	-6.080693e-02	7.600529e-02	2.019890e-02	-3.463011e-02	-4.084462e-01	1.000000e+00	-9.814436e-01	9.289311e-01	-6.767052e-01	3.269407e-01	2.454338e-01	-2.991138e-01	3.518414e-01	2.772913e-02	-8.791020e-02	
-1.041230e-01	7.258968e-02	8.925247e-02	-1.381053e-01	3.700367e-03	-4.313398e-03	6.073363e-03	-1.117783e-02	7.450840e-03	-5.084804e-02	6.691220e-02	-8.422326e-02	-2.208468e-02	3.721960e-02	4.672614e-01	-9.814436e-01	1.000000e+00	-9.821754e-01	6.149634e-01	-2.429005e-01	-2.645230e-01	3.266881e-01	-3.888707e-01	-4.544074e-02	1.199755e-01	
1.005609e-01	-8.885990e-02	-8.800330e-02	1.465762e-01	-5.306174e-03	6.111736e-03	-7.681492e-03	6.999812e-03	-2.095789e-03	5.093066e-02	-6.741520e-02	8.542928e-02	2.212791e-02	-3.591291e-02	-5.133968e-01	9.289311e-01	-9.821754e-01	1.000000e+00	-5.343120e-01	1.560145e-01	2.748640e-01	-3.426058e-01	4.112111e-01	5.493630e-02	-1.390638e-01	
5.625834e-02	1.162901e-01	-1.260109e-02	-2.679673e-02	1.694305e-02	-1.560744e-02	1.081164e-02	2.464922e-02	-2.897538e-02	2.755097e-03	-2.972573e-03	2.497915e-03	1.250854e-02	-2.051101e-02	1.167678e-01	-6.767052e-01	6.149634e-01	-5.343120e-01	1.000000e+00	-9.003983e-01	-6.189904e-02	7.360250e-02	-8.644258e-02	6.602367e-02	-1.236419e-01	
-8.315182e-02	-8.927116e-02	3.787340e-02	-2.578056e-02	-1.444440e-02	1.274617e-02	-7.347508e-03	-2.770955e-02	3.045935e-02	-2.026468e-02	2.646049e-02	-3.263598e-02	-2.039218e-02	3.368309e-02	1.058172e-01	3.269407e-01	-2.429005e-01	1.560145e-01	-9.003983e-01	1.000000e+00	-4.737298e-02	6.226796e-02	-7.526592e-02	-1.007984e-01	2.145788e-01	
4.764948e-02	-4.379572e-02	-3.611229e-01	3.046725e-01	7.538785e-03	-8.495058e-03	5.673108e-03	2.176548e-02	-2.902075e-02	1.640136e-01	-2.101132e-01	2.635778e-01	1.943815e-02	-8.357168e-02	1.397615e-01	2.454338e-01	-2.645230e-01	2.748640e-01	-6.189904e-02	-4.737298e-02	1.000000e+00	-9.833836e-01	9.162858e-01	-7.446848e-01	5.660549e-01	
-4.587707e-02	4.070547e-02	4.639985e-01	-3.867032e-01	-1.008832e-02	1.122109e-02	-7.736648e-03	-2.510916e-02	3.264452e-02	-2.117768e-01	2.708622e-01	-3.396045e-01	-2.142468e-02	1.043516e-01	-1.804734e-01	-2.991138e-01	3.266881e-01	-3.426058e-01	7.360250e-02	6.226796e-02	-9.833836e-01	1.000000e+00	-9.729645e-01	6.870458e-01	-4.955807e-01	
2.385632e-02	-2.278078e-02	-5.847784e-01	4.824706e-01	1.020771e-02	-1.156317e-02	7.541253e-03	2.943283e-02	-3.580487e-02	2.694246e-01	-3.440572e-01	4.313779e-01	1.938857e-02	-1.252958e-01	2.342346e-01	3.518414e-01	-3.888707e-01	4.112111e-01	-8.644258e-02	-7.526592e-02	9.162858e-01	-9.729645e-01	1.000000e+00	-5.688272e-01	3.694505e-01	
1.533378e-01	-7.351864e-02	-1.002080e-01	6.225560e-02	7.986210e-03	-1.057721e-02	1.161328e-02	1.894591e-02	-1.889599e-02	3.151991e-02	-3.989232e-02	4.666482e-02	2.781319e-02	-4.027109e-02	2.452281e-02	2.772913e-02	-4.544074e-02	5.493630e-02	6.602367e-02	-1.007984e-01	-7.446848e-01	6.870458e-01	-5.688272e-01	1.000000e+00	-9.592627e-01	
-1.489654e-01	5.473291e-02	2.422556e-01	-1.770271e-01	-9.743182e-03	1.303625e-02	-1.320732e-02	-3.068301e-02	3.225243e-02	-9.975368e-02	1.268177e-01	-1.555967e-01	-3.034589e-02	7.096414e-02	-7.027719e-02	-8.791020e-02	1.199755e-01	-1.390638e-01	-1.236419e-01	2.145788e-01	5.660549e-01	-4.955807e-01	3.694505e-01	-9.592627e-01	1.000000e+00	

Time taken for mcmc chain: 1.364167 hours
