Number of steps: 1067817
Number of accepted steps: 1000000
Burn-in number of steps: 320000
Accepted fraction of steps: 0.936490
Convergence Status
R[0]= 1.074970	R[1]= 1.078969	R[2]= 1.077076	R[3]= 1.077374	R[4]= 1.255190	R[5]= 1.288815	R[6]= 1.311359	R[7]= 1.113097	R[8]= 1.073463	R[9]= 1.145420	R[10]= 1.128031	R[11]= 1.093539	R[12]= 1.230601	R[13]= 1.205664	R[14]= 1.131610	R[15]= 1.221034	R[16]= 1.254265	R[17]= 1.285915	R[18]= 1.123466	R[19]= 1.074588	R[20]= 1.058607	R[21]= 1.074335	R[22]= 1.095469	R[23]= 1.037869	R[24]= 1.048978	
<R>= 1.142388

Mean parameters
A[0]= 8.849138e-01 pm 3.562031e-02
A[1]= 1.077048e+00 pm 3.047552e-02
A[2]= 5.397231e-01 pm 3.138200e-01
A[3]= 1.867178e+00 pm 4.686228e-01
A[4]= 9.050275e+02 pm 2.823770e+03
A[5]= -1.432055e+03 pm 1.758418e+03
A[6]= 7.795067e+02 pm 3.926039e+02
A[7]= 1.764629e+01 pm 1.372976e+01
A[8]= -3.974660e-01 pm 1.872290e-01
A[9]= -6.914194e+02 pm 7.171943e+03
A[10]= -6.873092e+02 pm 4.042531e+03
A[11]= 1.485789e+02 pm 7.643883e+02
A[12]= 1.935671e+01 pm 4.572904e+01
A[13]= -7.952068e-01 pm 8.872655e-01
A[14]= 2.839012e+00 pm 8.266474e-01
A[15]= -3.432151e+03 pm 3.811245e+03
A[16]= 1.989671e+03 pm 2.363790e+03
A[17]= -6.215624e+01 pm 5.256279e+02
A[18]= 1.908049e+01 pm 1.877157e+01
A[19]= -2.340049e-01 pm 2.680304e-01
A[20]= 3.329461e+03 pm 9.394222e+03
A[21]= -2.816498e+03 pm 5.287553e+03
A[22]= 4.098771e+02 pm 1.007893e+03
A[23]= -5.622713e+00 pm 6.266843e+01
A[24]= -4.332255e-01 pm 1.250781e+00

Best-fitting parameters
A[0]= 9.022324e-01
A[1]= 1.064017e+00
A[2]= 1.025330e+00
A[3]= 1.793405e+00
A[4]= -6.771870e+02
A[5]= -1.687398e+02
A[6]= 4.469086e+02
A[7]= 1.263989e+01
A[8]= -2.763760e-01
A[9]= -1.186538e+04
A[10]= 6.116682e+03
A[11]= -1.277411e+03
A[12]= 4.446005e+01
A[13]= -9.763121e-01
A[14]= 2.161746e+00
A[15]= -7.177520e+03
A[16]= 4.156892e+03
A[17]= -4.796754e+02
A[18]= 3.955340e+01
A[19]= -4.937017e-01
A[20]= -1.618578e+02
A[21]= 4.510154e+02
A[22]= -5.883827e+02
A[23]= 5.614350e+00
A[24]= -6.321155e-01
chi2_min= 1.042442e+02


Cross-Covariance parameters
1.000000e+00	-2.451088e-01	1.713784e-01	4.334385e-03	-9.762062e-03	4.779686e-02	-8.936682e-02	-1.165459e-01	2.133751e-01	-1.684436e-01	1.971871e-01	-2.523836e-01	3.397767e-02	8.313211e-02	-1.380288e-01	-1.885493e-01	1.639730e-01	-1.365117e-01	2.496021e-01	-1.907072e-01	-7.969918e-02	1.243077e-01	-2.019923e-01	4.707559e-02	5.483637e-04	
-2.451088e-01	1.000000e+00	1.996962e-01	-2.673839e-01	9.478863e-02	-5.042970e-02	2.283604e-03	-1.836129e-03	2.374546e-02	-2.968072e-02	1.960060e-02	-5.011221e-04	-8.411221e-02	6.913225e-02	-3.806993e-01	2.476173e-01	-2.607222e-01	2.467221e-01	-8.181466e-02	2.777812e-02	-8.084402e-02	7.173658e-02	-4.763533e-02	2.250603e-02	-4.763850e-02	
1.713784e-01	1.996962e-01	1.000000e+00	-4.220674e-01	-1.843982e-01	2.632706e-01	-3.320990e-01	-1.172671e-01	2.343033e-01	-6.428894e-02	1.816133e-01	-3.606574e-01	-2.730147e-01	3.636208e-01	-4.988456e-01	-1.219035e-01	1.302839e-01	-1.503698e-01	-1.097358e-01	1.487355e-01	-2.396399e-01	3.219927e-01	-4.557312e-01	-1.872793e-01	2.676276e-01	
4.334385e-03	-2.673839e-01	-4.220674e-01	1.000000e+00	-4.335515e-01	4.986889e-01	-5.493730e-01	2.296954e-01	-1.198387e-01	2.192494e-02	-4.934839e-02	9.583489e-02	9.228773e-02	-1.356610e-01	4.741681e-01	-7.090703e-02	1.206673e-01	-1.567150e-01	4.183783e-02	1.225645e-02	1.099470e-01	-1.341428e-01	1.760602e-01	7.096819e-02	-9.675781e-02	
-9.762062e-03	9.478863e-02	-1.843982e-01	-4.335515e-01	1.000000e+00	-9.790176e-01	9.125208e-01	-7.974375e-01	5.990240e-01	-1.403905e-01	8.513043e-02	1.876638e-03	1.060547e-01	3.153597e-03	-9.315384e-02	3.341045e-02	-9.751692e-02	1.550237e-01	1.566587e-01	-2.162412e-01	-8.756619e-02	6.627955e-02	-2.474548e-02	1.976994e-01	-2.102818e-01	
4.779686e-02	-5.042970e-02	2.632706e-01	4.986889e-01	-9.790176e-01	1.000000e+00	-9.761425e-01	7.314771e-01	-5.171854e-01	1.128322e-01	-4.983540e-02	-4.763232e-02	-1.330297e-01	4.291522e-02	6.041112e-02	-4.700950e-02	1.118738e-01	-1.722246e-01	-1.515812e-01	2.177530e-01	3.977993e-02	-1.252732e-02	-3.754632e-02	-1.762228e-01	1.956859e-01	
-8.936682e-02	2.283604e-03	-3.320990e-01	-5.493730e-01	9.125208e-01	-9.761425e-01	1.000000e+00	-6.316536e-01	4.141389e-01	-7.276107e-02	3.192924e-03	1.021445e-01	1.431466e-01	-7.492047e-02	-1.817849e-02	5.576815e-02	-1.179623e-01	1.782898e-01	1.323752e-01	-2.016605e-01	1.688142e-02	-4.887417e-02	1.049891e-01	1.395304e-01	-1.661211e-01	
-1.165459e-01	-1.836129e-03	-1.172671e-01	2.296954e-01	-7.974375e-01	7.314771e-01	-6.316536e-01	1.000000e+00	-9.464789e-01	2.308912e-01	-2.167299e-01	1.884112e-01	-4.677778e-02	-1.598524e-01	6.634088e-02	1.264382e-01	-9.114464e-02	6.078253e-02	-1.420124e-01	1.480327e-01	8.838858e-02	-1.046844e-01	1.213765e-01	-6.784502e-02	5.397811e-02	
2.133751e-01	2.374546e-02	2.343033e-01	-1.198387e-01	5.990240e-01	-5.171854e-01	4.141389e-01	-9.464789e-01	1.000000e+00	-2.598460e-01	2.609645e-01	-2.559369e-01	1.108304e-02	2.296137e-01	-7.221341e-02	-1.777579e-01	1.548674e-01	-1.372016e-01	1.425247e-01	-1.265235e-01	-7.980766e-02	1.138334e-01	-1.578598e-01	2.698386e-02	-1.062492e-02	
-1.684436e-01	-2.968072e-02	-6.428894e-02	2.192494e-02	-1.403905e-01	1.128322e-01	-7.276107e-02	2.308912e-01	-2.598460e-01	1.000000e+00	-9.867024e-01	9.226568e-01	-8.457954e-01	6.888464e-01	2.020632e-01	-5.146525e-02	7.617192e-02	-9.311497e-02	-1.766353e-01	2.030763e-01	-1.836399e-01	1.545470e-01	-1.097954e-01	8.586032e-02	-6.747198e-02	
1.971871e-01	1.960060e-02	1.816133e-01	-4.934839e-02	8.513043e-02	-4.983540e-02	3.192924e-03	-2.167299e-01	2.609645e-01	-9.867024e-01	1.000000e+00	-9.722648e-01	8.319476e-01	-6.742929e-01	-2.373193e-01	2.461059e-02	-4.441039e-02	5.532885e-02	1.556450e-01	-1.723880e-01	1.677233e-01	-1.290047e-01	6.620541e-02	-1.263243e-01	1.182876e-01	
-2.523836e-01	-5.011221e-04	-3.606574e-01	9.583489e-02	1.876638e-03	-4.763232e-02	1.021445e-01	1.884112e-01	-2.559369e-01	9.226568e-01	-9.722648e-01	1.000000e+00	-7.618205e-01	6.093611e-01	2.943676e-01	1.867778e-02	-5.558798e-03	2.216767e-03	-1.252234e-01	1.268618e-01	-1.301039e-01	7.751890e-02	1.132264e-02	1.801183e-01	-1.897669e-01	
3.397767e-02	-8.411221e-02	-2.730147e-01	9.228773e-02	1.060547e-01	-1.330297e-01	1.431466e-01	-4.677778e-02	1.108304e-02	-8.457954e-01	8.319476e-01	-7.618205e-01	1.000000e+00	-9.524651e-01	1.552616e-02	8.519625e-02	-9.946790e-02	1.103012e-01	1.522882e-01	-1.862665e-01	3.279949e-01	-3.328293e-01	3.338102e-01	-1.260867e-01	8.077460e-02	
8.313211e-02	6.913225e-02	3.636208e-01	-1.356610e-01	3.153597e-03	4.291522e-02	-7.492047e-02	-1.598524e-01	2.296137e-01	6.888464e-01	-6.742929e-01	6.093611e-01	-9.524651e-01	1.000000e+00	-6.650396e-02	-1.192519e-01	1.237381e-01	-1.278200e-01	-1.218864e-01	1.578998e-01	-3.451100e-01	3.660210e-01	-3.897681e-01	1.346668e-01	-8.181758e-02	
-1.380288e-01	-3.806993e-01	-4.988456e-01	4.741681e-01	-9.315384e-02	6.041112e-02	-1.817849e-02	6.634088e-02	-7.221341e-02	2.020632e-01	-2.373193e-01	2.943676e-01	1.552616e-02	-6.650396e-02	1.000000e+00	-4.354696e-01	5.449117e-01	-6.311508e-01	-6.258661e-02	2.486041e-01	1.233423e-01	-1.630959e-01	2.388834e-01	-1.119482e-01	1.275002e-01	
-1.885493e-01	2.476173e-01	-1.219035e-01	-7.090703e-02	3.341045e-02	-4.700950e-02	5.576815e-02	1.264382e-01	-1.777579e-01	-5.146525e-02	2.461059e-02	1.867778e-02	8.519625e-02	-1.192519e-01	-4.354696e-01	1.000000e+00	-9.792694e-01	9.131447e-01	-6.009722e-01	3.560127e-01	6.607705e-02	-9.628277e-02	1.268167e-01	7.515436e-02	-9.529785e-02	
1.639730e-01	-2.607222e-01	1.302839e-01	1.206673e-01	-9.751692e-02	1.118738e-01	-1.179623e-01	-9.114464e-02	1.548674e-01	7.617192e-02	-4.441039e-02	-5.558798e-03	-9.946790e-02	1.237381e-01	5.449117e-01	-9.792694e-01	1.000000e+00	-9.758108e-01	5.067083e-01	-2.418555e-01	-5.743016e-02	8.685246e-02	-1.156505e-01	-1.254857e-01	1.552202e-01	
-1.365117e-01	2.467221e-01	-1.503698e-01	-1.567150e-01	1.550237e-01	-1.722246e-01	1.782898e-01	6.078253e-02	-1.372016e-01	-9.311497e-02	5.532885e-02	2.216767e-03	1.103012e-01	-1.278200e-01	-6.311508e-01	9.131447e-01	-9.758108e-01	1.000000e+00	-3.783869e-01	1.067696e-01	5.139715e-02	-8.022642e-02	1.082527e-01	1.729907e-01	-2.117530e-01	
2.496021e-01	-8.181466e-02	-1.097358e-01	4.183783e-02	1.566587e-01	-1.515812e-01	1.323752e-01	-1.420124e-01	1.425247e-01	-1.766353e-01	1.556450e-01	-1.252234e-01	1.522882e-01	-1.218864e-01	-6.258661e-02	-6.009722e-01	5.067083e-01	-3.783869e-01	1.000000e+00	-9.487760e-01	-2.888273e-03	2.242239e-02	-3.922994e-02	1.981137e-01	-2.780894e-01	
-1.907072e-01	2.777812e-02	1.487355e-01	1.225645e-02	-2.162412e-01	2.177530e-01	-2.016605e-01	1.480327e-01	-1.265235e-01	2.030763e-01	-1.723880e-01	1.268618e-01	-1.862665e-01	1.578998e-01	2.486041e-01	3.560127e-01	-2.418555e-01	1.067696e-01	-9.487760e-01	1.000000e+00	-3.080043e-02	1.796899e-02	-5.947113e-03	-2.406526e-01	3.494383e-01	
-7.969918e-02	-8.084402e-02	-2.396399e-01	1.099470e-01	-8.756619e-02	3.977993e-02	1.688142e-02	8.838858e-02	-7.980766e-02	-1.836399e-01	1.677233e-01	-1.301039e-01	3.279949e-01	-3.451100e-01	1.233423e-01	6.607705e-02	-5.743016e-02	5.139715e-02	-2.888273e-03	-3.080043e-02	1.000000e+00	-9.906462e-01	9.423845e-01	-7.982046e-01	6.849733e-01	
1.243077e-01	7.173658e-02	3.219927e-01	-1.341428e-01	6.627955e-02	-1.252732e-02	-4.887417e-02	-1.046844e-01	1.138334e-01	1.545470e-01	-1.290047e-01	7.751890e-02	-3.328293e-01	3.660210e-01	-1.630959e-01	-9.628277e-02	8.685246e-02	-8.022642e-02	2.242239e-02	1.796899e-02	-9.906462e-01	1.000000e+00	-9.782854e-01	7.898202e-01	-6.754646e-01	
-2.019923e-01	-4.763533e-02	-4.557312e-01	1.760602e-01	-2.474548e-02	-3.754632e-02	1.049891e-01	1.213765e-01	-1.578598e-01	-1.097954e-01	6.620541e-02	1.132264e-02	3.338102e-01	-3.897681e-01	2.388834e-01	1.268167e-01	-1.156505e-01	1.082527e-01	-3.922994e-02	-5.947113e-03	9.423845e-01	-9.782854e-01	1.000000e+00	-7.379743e-01	6.251890e-01	
4.707559e-02	2.250603e-02	-1.872793e-01	7.096819e-02	1.976994e-01	-1.762228e-01	1.395304e-01	-6.784502e-02	2.698386e-02	8.586032e-02	-1.263243e-01	1.801183e-01	-1.260867e-01	1.346668e-01	-1.119482e-01	7.515436e-02	-1.254857e-01	1.729907e-01	1.981137e-01	-2.406526e-01	-7.982046e-01	7.898202e-01	-7.379743e-01	1.000000e+00	-9.759558e-01	
5.483637e-04	-4.763850e-02	2.676276e-01	-9.675781e-02	-2.102818e-01	1.956859e-01	-1.661211e-01	5.397811e-02	-1.062492e-02	-6.747198e-02	1.182876e-01	-1.897669e-01	8.077460e-02	-8.181758e-02	1.275002e-01	-9.529785e-02	1.552202e-01	-2.117530e-01	-2.780894e-01	3.494383e-01	6.849733e-01	-6.754646e-01	6.251890e-01	-9.759558e-01	1.000000e+00	

Time taken for mcmc chain: 8.950000 minutes
