Number of steps: 1225969
Number of accepted steps: 1000000
Burn-in number of steps: 320000
Accepted fraction of steps: 0.815681
Convergence Status
R[0]= 1.151222	R[1]= 1.013690	R[2]= 1.033796	R[3]= 1.056282	R[4]= 1.013795	R[5]= 1.011678	R[6]= 1.009012	R[7]= 1.099254	R[8]= 1.109581	R[9]= 1.046801	R[10]= 1.042388	R[11]= 1.021145	R[12]= 1.087790	R[13]= 1.087268	R[14]= 1.139362	R[15]= 1.077651	R[16]= 1.073743	R[17]= 1.086929	R[18]= 1.059289	R[19]= 1.056293	R[20]= 1.167579	R[21]= 1.155204	R[22]= 1.138799	R[23]= 1.064859	R[24]= 1.030502	
<R>= 1.073357

Mean parameters
A[0]= 8.866137e-01 pm 4.379920e-02
A[1]= 1.104543e+00 pm 2.648307e-02
A[2]= 4.337400e-01 pm 2.784516e-01
A[3]= 1.797407e+00 pm 5.092004e-01
A[4]= 2.060242e+03 pm 2.921366e+03
A[5]= -2.206480e+03 pm 1.865051e+03
A[6]= 9.591799e+02 pm 4.248145e+02
A[7]= 1.211322e+01 pm 1.301074e+01
A[8]= -3.327669e-01 pm 1.760101e-01
A[9]= 5.175926e+02 pm 7.283143e+03
A[10]= -1.445237e+03 pm 4.173663e+03
A[11]= 3.274867e+02 pm 7.961343e+02
A[12]= 2.275677e+01 pm 4.521667e+01
A[13]= -8.778448e-01 pm 8.604480e-01
A[14]= 2.443923e+00 pm 6.658838e-01
A[15]= -9.684119e+02 pm 4.036439e+03
A[16]= 3.846259e+02 pm 2.333620e+03
A[17]= 3.005476e+02 pm 4.843608e+02
A[18]= 2.000910e+01 pm 1.821656e+01
A[19]= -2.983333e-01 pm 2.300970e-01
A[20]= 4.135991e+03 pm 1.009511e+04
A[21]= -3.554708e+03 pm 5.636529e+03
A[22]= 6.312564e+02 pm 1.032100e+03
A[23]= 5.226751e+00 pm 5.929154e+01
A[24]= -7.680819e-01 pm 1.122416e+00

Best-fitting parameters
A[0]= 9.405128e-01
A[1]= 1.073065e+00
A[2]= 4.546758e-01
A[3]= 2.244114e+00
A[4]= -1.567408e+02
A[5]= -7.900470e+02
A[6]= 6.327694e+02
A[7]= 1.009634e+01
A[8]= -2.455670e-01
A[9]= 1.857332e+03
A[10]= -2.238828e+03
A[11]= 4.093824e+02
A[12]= 6.430692e-01
A[13]= -4.056996e-01
A[14]= 3.563138e+00
A[15]= -2.225857e+03
A[16]= 2.078112e+03
A[17]= -2.966817e+02
A[18]= 7.953417e+00
A[19]= -5.466154e-02
A[20]= -2.295937e+03
A[21]= -6.125941e+01
A[22]= -5.748935e+01
A[23]= 4.155812e+00
A[24]= -3.759390e-01
chi2_min= 1.095172e+02


Cross-Covariance parameters
1.000000e+00	-4.280470e-01	-3.568107e-02	-3.555704e-01	2.226096e-01	-2.501761e-01	2.633818e-01	-8.666489e-02	2.863520e-02	1.574307e-02	-5.976602e-04	-6.461547e-02	2.899103e-02	3.503144e-03	-4.113225e-01	2.649904e-02	-1.140558e-01	2.061957e-01	1.517472e-01	-1.749526e-01	1.964686e-02	-6.443871e-03	-4.257536e-02	-3.580439e-02	9.965945e-02	
-4.280470e-01	1.000000e+00	1.813217e-01	2.559761e-01	-1.957603e-01	2.609250e-01	-3.307314e-01	5.132241e-02	6.217365e-02	-8.387575e-02	9.368473e-02	-6.904613e-02	-2.331903e-02	4.258584e-02	5.544926e-02	-7.096518e-02	1.316638e-01	-2.072281e-01	1.046127e-01	-8.976436e-02	-1.866309e-01	1.864825e-01	-1.588142e-01	1.607755e-01	-2.077601e-01	
-3.568107e-02	1.813217e-01	1.000000e+00	-3.321781e-01	-2.729569e-01	3.239261e-01	-3.593685e-01	1.063430e-01	1.941316e-03	-2.889005e-01	3.826117e-01	-5.098013e-01	-1.703560e-02	1.064638e-01	-4.674406e-01	-3.069921e-01	3.267638e-01	-3.224748e-01	1.089816e-01	-1.925492e-02	-2.205219e-01	2.971695e-01	-4.178162e-01	-1.211655e-01	2.302605e-01	
-3.555704e-01	2.559761e-01	-3.321781e-01	1.000000e+00	-4.857739e-01	5.626063e-01	-6.263422e-01	1.575389e-01	2.621300e-02	2.015895e-01	-2.289641e-01	2.812856e-01	-1.826764e-01	1.199545e-01	4.210759e-01	5.155377e-02	-6.738891e-03	-5.666202e-02	-8.123595e-02	9.913918e-02	4.403185e-02	-7.375774e-02	1.317866e-01	9.442126e-02	-1.671560e-01	
2.226096e-01	-1.957603e-01	-2.729569e-01	-4.857739e-01	1.000000e+00	-9.807935e-01	9.196744e-01	-7.556097e-01	4.923033e-01	1.282046e-02	-4.124868e-02	7.978460e-02	9.223724e-02	-2.309287e-02	-1.061010e-01	2.518841e-01	-2.771135e-01	2.945092e-01	-5.975502e-02	-3.780066e-02	-1.119400e-02	-1.652240e-02	5.089047e-02	7.525523e-02	-1.008524e-01	
-2.501761e-01	2.609250e-01	3.239261e-01	5.626063e-01	-9.807935e-01	1.000000e+00	-9.778255e-01	7.157060e-01	-4.447569e-01	-8.392452e-03	4.452506e-02	-9.086071e-02	-1.226785e-01	5.612307e-02	1.004393e-01	-2.495575e-01	2.848766e-01	-3.137621e-01	5.053148e-02	5.046459e-02	-2.351642e-02	5.224914e-02	-8.813154e-02	-5.970616e-02	8.352936e-02	
2.633818e-01	-3.307314e-01	-3.593685e-01	-6.263422e-01	9.196744e-01	-9.778255e-01	1.000000e+00	-6.473153e-01	3.840832e-01	8.705421e-03	-5.126377e-02	1.036121e-01	1.405878e-01	-7.641827e-02	-8.010850e-02	2.258673e-01	-2.687656e-01	3.082435e-01	-4.078160e-02	-5.604984e-02	6.857858e-02	-9.677727e-02	1.315586e-01	2.740959e-02	-4.912575e-02	
-8.666489e-02	5.132241e-02	1.063430e-01	1.575389e-01	-7.556097e-01	7.157060e-01	-6.473153e-01	1.000000e+00	-9.279118e-01	-7.375078e-03	2.894555e-02	-6.341822e-02	6.216889e-02	-2.348364e-01	8.971284e-02	-1.430185e-01	1.487334e-01	-1.491956e-01	4.093872e-02	1.045629e-02	-2.265022e-02	3.245647e-02	-4.122169e-02	3.018934e-03	3.275963e-02	
2.863520e-02	6.217365e-02	1.941316e-03	2.621300e-02	4.923033e-01	-4.447569e-01	3.840832e-01	-9.279118e-01	1.000000e+00	-1.640765e-02	5.024111e-03	1.938051e-02	-1.051871e-01	3.151432e-01	-5.963982e-02	2.272227e-02	-2.053688e-02	1.669803e-02	1.107404e-03	-1.320768e-02	3.017094e-02	-2.896830e-02	2.231643e-02	-3.884591e-02	2.747556e-03	
1.574307e-02	-8.387575e-02	-2.889005e-01	2.015895e-01	1.282046e-02	-8.392452e-03	8.705421e-03	-7.375078e-03	-1.640765e-02	1.000000e+00	-9.893659e-01	9.413138e-01	-8.678044e-01	7.359517e-01	1.855534e-01	9.499977e-02	-6.939563e-02	3.645464e-02	-3.245345e-02	2.212318e-02	7.274507e-02	-9.396654e-02	1.260589e-01	-7.070537e-03	-3.830082e-02	
-5.976602e-04	9.368473e-02	3.826117e-01	-2.289641e-01	-4.124868e-02	4.452506e-02	-5.126377e-02	2.894555e-02	5.024111e-03	-9.893659e-01	1.000000e+00	-9.790877e-01	8.638216e-01	-7.339855e-01	-2.410622e-01	-1.193017e-01	9.474411e-02	-5.973222e-02	4.712594e-02	-3.140887e-02	-8.653202e-02	1.135786e-01	-1.569605e-01	-1.442432e-02	6.891366e-02	
-6.461547e-02	-6.904613e-02	-5.098013e-01	2.812856e-01	7.978460e-02	-9.086071e-02	1.036121e-01	-6.341822e-02	1.938051e-02	9.413138e-01	-9.790877e-01	1.000000e+00	-8.228218e-01	7.020185e-01	3.310387e-01	1.559149e-01	-1.293979e-01	8.765923e-02	-7.429021e-02	4.879927e-02	1.058323e-01	-1.421687e-01	2.039301e-01	4.703533e-02	-1.192691e-01	
2.899103e-02	-2.331903e-02	-1.703560e-02	-1.826764e-01	9.223724e-02	-1.226785e-01	1.405878e-01	6.216889e-02	-1.051871e-01	-8.678044e-01	8.638216e-01	-8.228218e-01	1.000000e+00	-9.536552e-01	-9.070549e-02	-4.200560e-03	-3.806806e-02	8.603687e-02	3.464239e-02	-6.261547e-02	-4.110768e-03	-4.887715e-03	1.578482e-02	2.446016e-02	-3.558248e-03	
3.503144e-03	4.258584e-02	1.064638e-01	1.199545e-01	-2.309287e-02	5.612307e-02	-7.641827e-02	-2.348364e-01	3.151432e-01	7.359517e-01	-7.339855e-01	7.020185e-01	-9.536552e-01	1.000000e+00	2.596923e-02	-1.515872e-02	5.360961e-02	-9.780322e-02	-3.150216e-02	5.707814e-02	-1.279678e-02	3.149134e-02	-5.910180e-02	-2.606698e-02	5.425938e-03	
-4.113225e-01	5.544926e-02	-4.674406e-01	4.210759e-01	-1.061010e-01	1.004393e-01	-8.010850e-02	8.971284e-02	-5.963982e-02	1.855534e-01	-2.410622e-01	3.310387e-01	-9.070549e-02	2.596923e-02	1.000000e+00	-1.596648e-01	2.880881e-01	-4.392919e-01	-1.303901e-01	2.278393e-01	-2.271804e-02	-1.591890e-02	9.961861e-02	1.093129e-01	-1.589651e-01	
2.649904e-02	-7.096518e-02	-3.069921e-01	5.155377e-02	2.518841e-01	-2.495575e-01	2.258673e-01	-1.430185e-01	2.272227e-02	9.499977e-02	-1.193017e-01	1.559149e-01	-4.200560e-03	-1.515872e-02	-1.596648e-01	1.000000e+00	-9.772917e-01	8.897515e-01	-7.442400e-01	5.365942e-01	9.865147e-02	-1.351355e-01	1.831347e-01	2.259081e-02	-5.204423e-02	
-1.140558e-01	1.316638e-01	3.267638e-01	-6.738891e-03	-2.771135e-01	2.848766e-01	-2.687656e-01	1.487334e-01	-2.053688e-02	-6.939563e-02	9.474411e-02	-1.293979e-01	-3.806806e-02	5.360961e-02	2.880881e-01	-9.772917e-01	1.000000e+00	-9.652586e-01	6.999169e-01	-4.853758e-01	-1.208389e-01	1.584089e-01	-2.036742e-01	-1.696467e-02	4.102679e-02	
2.061957e-01	-2.072281e-01	-3.224748e-01	-5.666202e-02	2.945092e-01	-3.137621e-01	3.082435e-01	-1.491956e-01	1.669803e-02	3.645464e-02	-5.973222e-02	8.765923e-02	8.603687e-02	-9.780322e-02	-4.392919e-01	8.897515e-01	-9.652586e-01	1.000000e+00	-5.998317e-01	3.918343e-01	1.536520e-01	-1.896768e-01	2.276804e-01	-7.559711e-03	-8.578290e-03	
1.517472e-01	1.046127e-01	1.089816e-01	-8.123595e-02	-5.975502e-02	5.053148e-02	-4.078160e-02	4.093872e-02	1.107404e-03	-3.245345e-02	4.712594e-02	-7.429021e-02	3.464239e-02	-3.150216e-02	-1.303901e-01	-7.442400e-01	6.999169e-01	-5.998317e-01	1.000000e+00	-9.522861e-01	1.775499e-02	7.973270e-03	-4.791815e-02	2.796673e-02	-7.605187e-02	
-1.749526e-01	-8.976436e-02	-1.925492e-02	9.913918e-02	-3.780066e-02	5.046459e-02	-5.604984e-02	1.045629e-02	-1.320768e-02	2.212318e-02	-3.140887e-02	4.879927e-02	-6.261547e-02	5.707814e-02	2.278393e-01	5.365942e-01	-4.853758e-01	3.918343e-01	-9.522861e-01	1.000000e+00	-4.813767e-02	3.187267e-02	-3.187774e-03	-5.585073e-02	1.349243e-01	
1.964686e-02	-1.866309e-01	-2.205219e-01	4.403185e-02	-1.119400e-02	-2.351642e-02	6.857858e-02	-2.265022e-02	3.017094e-02	7.274507e-02	-8.653202e-02	1.058323e-01	-4.110768e-03	-1.279678e-02	-2.271804e-02	9.865147e-02	-1.208389e-01	1.536520e-01	1.775499e-02	-4.813767e-02	1.000000e+00	-9.915407e-01	9.481640e-01	-8.445972e-01	7.092236e-01	
-6.443871e-03	1.864825e-01	2.971695e-01	-7.375774e-02	-1.652240e-02	5.224914e-02	-9.677727e-02	3.245647e-02	-2.896830e-02	-9.396654e-02	1.135786e-01	-1.421687e-01	-4.887715e-03	3.149134e-02	-1.591890e-02	-1.351355e-01	1.584089e-01	-1.896768e-01	7.973270e-03	3.187267e-02	-9.915407e-01	1.000000e+00	-9.804425e-01	8.450405e-01	-7.076234e-01	
-4.257536e-02	-1.588142e-01	-4.178162e-01	1.317866e-01	5.089047e-02	-8.813154e-02	1.315586e-01	-4.122169e-02	2.231643e-02	1.260589e-01	-1.569605e-01	2.039301e-01	1.578482e-02	-5.910180e-02	9.961861e-02	1.831347e-01	-2.036742e-01	2.276804e-01	-4.791815e-02	-3.187774e-03	9.481640e-01	-9.804425e-01	1.000000e+00	-8.115162e-01	6.746195e-01	
-3.580439e-02	1.607755e-01	-1.211655e-01	9.442126e-02	7.525523e-02	-5.970616e-02	2.740959e-02	3.018934e-03	-3.884591e-02	-7.070537e-03	-1.442432e-02	4.703533e-02	2.446016e-02	-2.606698e-02	1.093129e-01	2.259081e-02	-1.696467e-02	-7.559711e-03	2.796673e-02	-5.585073e-02	-8.445972e-01	8.450405e-01	-8.115162e-01	1.000000e+00	-9.632126e-01	
9.965945e-02	-2.077601e-01	2.302605e-01	-1.671560e-01	-1.008524e-01	8.352936e-02	-4.912575e-02	3.275963e-02	2.747556e-03	-3.830082e-02	6.891366e-02	-1.192691e-01	-3.558248e-03	5.425938e-03	-1.589651e-01	-5.204423e-02	4.102679e-02	-8.578290e-03	-7.605187e-02	1.349243e-01	7.092236e-01	-7.076234e-01	6.746195e-01	-9.632126e-01	1.000000e+00	

Time taken for mcmc chain: 10.250000 minutes
