Number of steps: 7847560
Number of accepted steps: 1000000
Burn-in number of steps: 320000
Accepted fraction of steps: 0.127428
Convergence Status
R[0]= 1.007025	R[1]= 1.005709	R[2]= 1.619614	R[3]= 1.447548	R[4]= 1.131876	R[5]= 1.156139	R[6]= 1.175580	R[7]= 1.035216	R[8]= 1.000839	R[9]= 1.059617	R[10]= 1.093781	R[11]= 1.140212	R[12]= 1.002204	R[13]= 1.007515	R[14]= 1.304837	R[15]= 1.008630	R[16]= 1.007720	R[17]= 1.005531	R[18]= 1.001126	R[19]= 1.001941	R[20]= 1.152486	R[21]= 1.225146	R[22]= 1.316417	R[23]= 1.010683	R[24]= 1.054784	
<R>= 1.118887

Mean parameters
A[0]= 9.234490e-01 pm 3.476457e-02
A[1]= 1.048544e+00 pm 3.169562e-02
A[2]= 1.083348e+00 pm 8.410570e-01
A[3]= 2.912568e+00 pm 1.459675e+00
A[4]= -3.239782e+03 pm 3.993214e+03
A[5]= 1.479396e+03 pm 2.620257e+03
A[6]= 1.032606e+02 pm 6.129444e+02
A[7]= 1.485670e+01 pm 1.347524e+01
A[8]= -2.577013e-01 pm 1.819118e-01
A[9]= -5.639406e+03 pm 8.704456e+03
A[10]= 3.061161e+03 pm 5.399165e+03
A[11]= -8.128620e+02 pm 1.191299e+03
A[12]= 1.606702e+01 pm 4.855414e+01
A[13]= -4.193734e-01 pm 9.636992e-01
A[14]= 4.158117e+00 pm 1.914769e+00
A[15]= -6.469030e+03 pm 5.172706e+03
A[16]= 4.678763e+03 pm 3.352124e+03
A[17]= -7.913474e+02 pm 7.735876e+02
A[18]= 1.260348e+00 pm 1.982490e+01
A[19]= 1.477998e-01 pm 2.713385e-01
A[20]= 2.262393e+03 pm 1.297532e+04
A[21]= -5.833895e+02 pm 8.346567e+03
A[22]= -4.879829e+02 pm 1.900383e+03
A[23]= -5.207806e+01 pm 6.776982e+01
A[24]= 8.929589e-01 pm 1.365854e+00

Best-fitting parameters
A[0]= 9.066381e-01
A[1]= 1.065410e+00
A[2]= 7.840013e-01
A[3]= 3.013797e+00
A[4]= -2.602101e+03
A[5]= 1.088451e+03
A[6]= 1.668519e+02
A[7]= 8.548142e+00
A[8]= -1.872718e-01
A[9]= -8.584067e+03
A[10]= 4.786981e+03
A[11]= -1.095194e+03
A[12]= 4.650499e+01
A[13]= -1.010974e+00
A[14]= 4.197067e+00
A[15]= -5.905270e+03
A[16]= 4.189617e+03
A[17]= -6.577200e+02
A[18]= -3.730021e+00
A[19]= 2.082404e-01
A[20]= 3.020216e+03
A[21]= -1.533414e+03
A[22]= -1.177990e+02
A[23]= -5.427305e+01
A[24]= 1.012873e+00
chi2_min= 8.844820e+01


Cross-Covariance parameters
1.000000e+00	-5.159596e-01	-1.509045e-01	1.158202e-01	-9.530011e-04	2.134785e-03	-1.234270e-02	9.222861e-02	-7.354787e-02	1.568411e-02	-1.030419e-02	-1.183343e-02	1.293559e-01	-1.101549e-01	9.681989e-02	8.712539e-02	-8.999545e-02	8.112108e-02	7.162459e-02	-8.331558e-02	3.465155e-02	-3.461968e-02	1.768693e-02	1.641502e-01	-1.489255e-01	
-5.159596e-01	1.000000e+00	8.012062e-02	-1.314896e-01	-3.015695e-02	3.454361e-02	-4.324934e-02	1.286120e-01	-1.165189e-01	2.271289e-02	-2.374527e-02	3.315412e-02	-8.158549e-02	2.976267e-02	-1.710632e-01	3.004465e-03	-7.312479e-03	3.691311e-03	1.044045e-01	-1.062314e-01	-1.376270e-04	-5.817660e-03	2.377319e-02	-5.260828e-02	1.668533e-02	
-1.509045e-01	8.012062e-02	1.000000e+00	-8.415185e-01	2.697401e-01	-2.778035e-01	2.867548e-01	-2.078651e-01	6.069565e-02	-4.547979e-01	5.718996e-01	-6.933373e-01	-9.642294e-02	2.539987e-01	-8.141115e-01	-1.151925e-01	1.114794e-01	-8.997005e-02	-1.999340e-02	3.973758e-02	-5.909520e-01	6.966206e-01	-7.963964e-01	-1.364224e-01	3.410945e-01	
1.158202e-01	-1.314896e-01	-8.415185e-01	1.000000e+00	-5.582530e-01	6.023486e-01	-6.358291e-01	2.492896e-01	5.425181e-02	3.489007e-01	-4.365573e-01	5.311364e-01	3.324782e-02	-1.371573e-01	7.375129e-01	6.862490e-02	-6.299997e-02	4.503844e-02	1.715991e-02	-2.289759e-02	5.022808e-01	-5.938912e-01	6.810705e-01	1.174520e-01	-2.921904e-01	
-9.530011e-04	-3.015695e-02	2.697401e-01	-5.582530e-01	1.000000e+00	-9.860004e-01	9.470312e-01	-6.665451e-01	2.599840e-01	-2.902074e-02	1.440002e-02	-1.000336e-03	1.379932e-01	-1.107311e-01	-2.047445e-01	-1.124989e-02	5.055668e-03	3.977184e-03	4.384904e-03	-1.435455e-02	-1.433338e-01	1.698678e-01	-1.947650e-01	-1.594233e-02	6.118826e-02	
2.134785e-03	3.454361e-02	-2.778035e-01	6.023486e-01	-9.860004e-01	1.000000e+00	-9.868899e-01	6.172151e-01	-1.937409e-01	2.191932e-02	-4.825782e-03	-1.127626e-02	-1.513566e-01	1.345734e-01	2.140807e-01	6.778771e-03	2.210204e-04	-1.026369e-02	-1.379039e-03	1.268022e-02	1.469269e-01	-1.741731e-01	1.998412e-01	1.574167e-02	-6.276802e-02	
-1.234270e-02	-4.324934e-02	2.867548e-01	-6.358291e-01	9.470312e-01	-9.868899e-01	1.000000e+00	-5.583372e-01	1.326881e-01	-1.445298e-02	-3.181747e-03	1.983977e-02	1.512427e-01	-1.419705e-01	-2.227598e-01	-4.691555e-03	-2.698674e-03	1.367798e-02	-5.911977e-03	-5.631374e-03	-1.522490e-01	1.804205e-01	-2.069395e-01	-1.785851e-02	6.765692e-02	
9.222861e-02	1.286120e-01	-2.078651e-01	2.492896e-01	-6.665451e-01	6.172151e-01	-5.583372e-01	1.000000e+00	-8.740837e-01	1.614767e-01	-1.564052e-01	1.404819e-01	-5.785191e-02	-1.111997e-01	1.293350e-01	5.028989e-02	-5.004297e-02	4.258732e-02	1.285641e-02	-1.684641e-02	1.250410e-01	-1.451511e-01	1.626891e-01	3.279321e-02	-7.351961e-02	
-7.354787e-02	-1.165189e-01	6.069565e-02	5.425181e-02	2.599840e-01	-1.937409e-01	1.326881e-01	-8.740837e-01	1.000000e+00	-1.726795e-01	1.709816e-01	-1.544101e-01	6.337654e-03	2.001255e-01	-1.393018e-02	-4.336498e-02	4.724652e-02	-4.600440e-02	-1.213617e-02	2.146954e-02	-4.861813e-02	5.397260e-02	-5.749588e-02	-1.878752e-02	3.484160e-02	
1.568411e-02	2.271289e-02	-4.547979e-01	3.489007e-01	-2.902074e-02	2.191932e-02	-1.445298e-02	1.614767e-01	-1.726795e-01	1.000000e+00	-9.812605e-01	9.113761e-01	-6.723702e-01	4.483600e-01	3.895005e-01	5.892968e-02	-5.969087e-02	5.190635e-02	5.670814e-03	-1.038548e-02	2.905743e-01	-3.430910e-01	3.942371e-01	5.582303e-02	-1.571649e-01	
-1.030419e-02	-2.374527e-02	5.718996e-01	-4.365573e-01	1.440002e-02	-4.825782e-03	-3.181747e-03	-1.564052e-01	1.709816e-01	-9.812605e-01	1.000000e+00	-9.729070e-01	5.925400e-01	-3.592654e-01	-4.908625e-01	-7.274811e-02	7.343125e-02	-6.369615e-02	-8.274256e-03	1.703292e-02	-3.648194e-01	4.307217e-01	-4.951543e-01	-7.264605e-02	2.014809e-01	
-1.183343e-02	3.315412e-02	-6.933373e-01	5.311364e-01	-1.000336e-03	-1.127626e-02	1.983977e-02	1.404819e-01	-1.544101e-01	9.113761e-01	-9.729070e-01	1.000000e+00	-4.539116e-01	2.210565e-01	5.967831e-01	8.456219e-02	-8.501295e-02	7.329806e-02	1.151759e-02	-2.430168e-02	4.421154e-01	-5.221461e-01	6.009467e-01	8.829166e-02	-2.466122e-01	
1.293559e-01	-8.158549e-02	-9.642294e-02	3.324782e-02	1.379932e-01	-1.513566e-01	1.512427e-01	-5.785191e-02	6.337654e-03	-6.723702e-01	5.925400e-01	-4.539116e-01	1.000000e+00	-9.434414e-01	8.701265e-02	1.341352e-02	-1.512528e-02	1.377921e-02	1.825128e-02	-2.794570e-02	5.171533e-02	-6.048471e-02	6.685649e-02	4.395538e-02	-6.387870e-02	
-1.101549e-01	2.976267e-02	2.539987e-01	-1.371573e-01	-1.107311e-01	1.345734e-01	-1.419705e-01	-1.111997e-01	2.001255e-01	4.483600e-01	-3.592654e-01	2.210565e-01	-9.434414e-01	1.000000e+00	-2.159342e-01	-3.554539e-02	3.868775e-02	-3.514656e-02	-2.390329e-02	3.750721e-02	-1.591409e-01	1.867003e-01	-2.113669e-01	-5.598449e-02	1.148999e-01	
9.681989e-02	-1.710632e-01	-8.141115e-01	7.375129e-01	-2.047445e-01	2.140807e-01	-2.227598e-01	1.293350e-01	-1.393018e-02	3.895005e-01	-4.908625e-01	5.967831e-01	8.701265e-02	-2.159342e-01	1.000000e+00	-2.928190e-01	3.451669e-01	-3.991978e-01	4.470178e-02	1.169769e-01	4.293276e-01	-5.056873e-01	5.819752e-01	6.500578e-02	-2.054881e-01	
8.712539e-02	3.004465e-03	-1.151925e-01	6.862490e-02	-1.124989e-02	6.778771e-03	-4.691555e-03	5.028989e-02	-4.336498e-02	5.892968e-02	-7.274811e-02	8.456219e-02	1.341352e-02	-3.554539e-02	-2.928190e-01	1.000000e+00	-9.838411e-01	9.365786e-01	-5.819161e-01	2.392595e-01	1.971244e-01	-2.296820e-01	2.534905e-01	6.374603e-02	-1.065970e-01	
-8.999545e-02	-7.312479e-03	1.114794e-01	-6.299997e-02	5.055668e-03	2.210204e-04	-2.698674e-03	-5.004297e-02	4.724652e-02	-5.969087e-02	7.343125e-02	-8.501295e-02	-1.512528e-02	3.868775e-02	3.451669e-01	-9.838411e-01	1.000000e+00	-9.835972e-01	5.173771e-01	-1.608439e-01	-2.021689e-01	2.386005e-01	-2.656597e-01	-8.111182e-02	1.318054e-01	
8.112108e-02	3.691311e-03	-8.997005e-02	4.503844e-02	3.977184e-03	-1.026369e-02	1.367798e-02	4.258732e-02	-4.600440e-02	5.190635e-02	-6.369615e-02	7.329806e-02	1.377921e-02	-3.514656e-02	-3.991978e-01	9.365786e-01	-9.835972e-01	1.000000e+00	-4.392993e-01	8.224889e-02	1.936830e-01	-2.314244e-01	2.596704e-01	9.027858e-02	-1.434547e-01	
7.162459e-02	1.044045e-01	-1.999340e-02	1.715991e-02	4.384904e-03	-1.379039e-03	-5.911977e-03	1.285641e-02	-1.213617e-02	5.670814e-03	-8.274256e-03	1.151759e-02	1.825128e-02	-2.390329e-02	4.470178e-02	-5.819161e-01	5.173771e-01	-4.392993e-01	1.000000e+00	-9.142018e-01	-1.729181e-02	1.777649e-02	-1.806716e-02	1.037528e-01	-1.788879e-01	
-8.331558e-02	-1.062314e-01	3.973758e-02	-2.289759e-02	-1.435455e-02	1.268022e-02	-5.631374e-03	-1.684641e-02	2.146954e-02	-1.038548e-02	1.703292e-02	-2.430168e-02	-2.794570e-02	3.750721e-02	1.169769e-01	2.392595e-01	-1.608439e-01	8.224889e-02	-9.142018e-01	1.000000e+00	-4.952623e-02	6.115356e-02	-6.908769e-02	-1.473821e-01	2.581531e-01	
3.465155e-02	-1.376270e-04	-5.909520e-01	5.022808e-01	-1.433338e-01	1.469269e-01	-1.522490e-01	1.250410e-01	-4.861813e-02	2.905743e-01	-3.648194e-01	4.421154e-01	5.171533e-02	-1.591409e-01	4.293276e-01	1.971244e-01	-2.021689e-01	1.936830e-01	-1.729181e-02	-4.952623e-02	1.000000e+00	-9.837430e-01	9.278897e-01	-5.974970e-01	3.622406e-01	
-3.461968e-02	-5.817660e-03	6.966206e-01	-5.938912e-01	1.698678e-01	-1.741731e-01	1.804205e-01	-1.451511e-01	5.397260e-02	-3.430910e-01	4.307217e-01	-5.221461e-01	-6.048471e-02	1.867003e-01	-5.056873e-01	-2.296820e-01	2.386005e-01	-2.314244e-01	1.777649e-02	6.115356e-02	-9.837430e-01	1.000000e+00	-9.792182e-01	5.088191e-01	-2.625977e-01	
1.768693e-02	2.377319e-02	-7.963964e-01	6.810705e-01	-1.947650e-01	1.998412e-01	-2.069395e-01	1.626891e-01	-5.749588e-02	3.942371e-01	-4.951543e-01	6.009467e-01	6.685649e-02	-2.113669e-01	5.819752e-01	2.534905e-01	-2.656597e-01	2.596704e-01	-1.806716e-02	-6.908769e-02	9.278897e-01	-9.792182e-01	1.000000e+00	-3.783334e-01	1.290719e-01	
1.641502e-01	-5.260828e-02	-1.364224e-01	1.174520e-01	-1.594233e-02	1.574167e-02	-1.785851e-02	3.279321e-02	-1.878752e-02	5.582303e-02	-7.264605e-02	8.829166e-02	4.395538e-02	-5.598449e-02	6.500578e-02	6.374603e-02	-8.111182e-02	9.027858e-02	1.037528e-01	-1.473821e-01	-5.974970e-01	5.088191e-01	-3.783334e-01	1.000000e+00	-9.520419e-01	
-1.489255e-01	1.668533e-02	3.410945e-01	-2.921904e-01	6.118826e-02	-6.276802e-02	6.765692e-02	-7.351961e-02	3.484160e-02	-1.571649e-01	2.014809e-01	-2.466122e-01	-6.387870e-02	1.148999e-01	-2.054881e-01	-1.065970e-01	1.318054e-01	-1.434547e-01	-1.788879e-01	2.581531e-01	3.622406e-01	-2.625977e-01	1.290719e-01	-9.520419e-01	1.000000e+00	

Time taken for mcmc chain: 2.546944 hours
