Number of steps: 5522608
Number of accepted steps: 1000000
Burn-in number of steps: 320000
Accepted fraction of steps: 0.181074
Convergence Status
R[0]= 1.001845	R[1]= 1.005055	R[2]= 1.044852	R[3]= 1.053845	R[4]= 1.017133	R[5]= 1.020270	R[6]= 1.022776	R[7]= 1.000526	R[8]= 1.003103	R[9]= 1.004869	R[10]= 1.008265	R[11]= 1.014023	R[12]= 1.000713	R[13]= 1.001128	R[14]= 1.057082	R[15]= 1.008032	R[16]= 1.009452	R[17]= 1.010530	R[18]= 1.000408	R[19]= 1.001306	R[20]= 1.007643	R[21]= 1.009367	R[22]= 1.012504	R[23]= 1.005324	R[24]= 1.005497	
<R>= 1.013022

Mean parameters
A[0]= 9.459492e-01 pm 3.753181e-02
A[1]= 1.073068e+00 pm 3.569335e-02
A[2]= 7.412143e-01 pm 5.181129e-01
A[3]= 2.974402e+00 pm 1.149816e+00
A[4]= -1.973183e+02 pm 3.201951e+03
A[5]= -9.707245e+02 pm 1.950397e+03
A[6]= 8.092446e+02 pm 4.090651e+02
A[7]= 1.045857e+00 pm 1.262705e+01
A[8]= -2.333648e-01 pm 1.813309e-01
A[9]= -4.701815e+02 pm 7.685424e+03
A[10]= -4.508124e+02 pm 4.405204e+03
A[11]= 2.838808e+01 pm 8.442257e+02
A[12]= 4.807613e+00 pm 4.793886e+01
A[13]= -4.069583e-01 pm 9.142618e-01
A[14]= 3.875766e+00 pm 1.399002e+00
A[15]= -3.520772e+03 pm 4.471320e+03
A[16]= 1.546527e+03 pm 2.749907e+03
A[17]= 2.407128e+02 pm 5.807985e+02
A[18]= -4.934401e+00 pm 1.925141e+01
A[19]= -2.381786e-02 pm 2.680490e-01
A[20]= 1.669863e+03 pm 1.054197e+04
A[21]= -1.751958e+03 pm 6.093765e+03
A[22]= 1.539653e+02 pm 1.175160e+03
A[23]= -1.790039e+01 pm 6.642493e+01
A[24]= -1.504622e-01 pm 1.279109e+00

Best-fitting parameters
A[0]= 9.426673e-01
A[1]= 1.080515e+00
A[2]= 1.425840e+00
A[3]= 1.609151e+00
A[4]= -5.535261e+02
A[5]= -9.984423e+02
A[6]= 8.657799e+02
A[7]= 9.486069e+00
A[8]= -3.286656e-01
A[9]= -2.122922e+03
A[10]= 8.782807e+02
A[11]= -3.284180e+02
A[12]= -1.241956e+01
A[13]= 2.628767e-02
A[14]= 2.843388e+00
A[15]= -3.693358e+03
A[16]= 1.886068e+03
A[17]= 1.240068e+02
A[18]= -1.615529e+01
A[19]= 1.095507e-01
A[20]= -2.756321e+03
A[21]= 1.839267e+03
A[22]= -7.867626e+02
A[23]= -4.987965e+01
A[24]= 6.099951e-01
chi2_min= 9.150748e+01


Cross-Covariance parameters
1.000000e+00	-5.519412e-01	-1.483160e-01	5.771831e-02	5.577609e-02	-6.119839e-02	5.936907e-02	6.044644e-02	-5.521979e-02	-7.653392e-03	1.769786e-02	-4.513484e-02	9.600660e-02	-7.071923e-02	5.830794e-02	7.166291e-02	-7.758285e-02	7.803090e-02	5.327626e-02	-4.918261e-02	1.345236e-03	9.665508e-03	-3.749458e-02	1.139548e-01	-9.408535e-02	
-5.519412e-01	1.000000e+00	1.792474e-01	-1.773781e-01	-3.718260e-02	4.325959e-02	-5.674453e-02	1.134015e-01	-1.037793e-01	3.201318e-02	-3.956446e-02	5.569008e-02	-9.637443e-02	4.674783e-02	-1.899514e-01	-5.869113e-02	6.811540e-02	-8.377418e-02	1.253237e-01	-1.105532e-01	5.146288e-03	-9.757440e-03	2.546170e-02	-7.883919e-02	4.660933e-02	
-1.483160e-01	1.792474e-01	1.000000e+00	-7.386075e-01	6.770827e-02	-6.954894e-02	7.622812e-02	-3.747430e-02	-4.227228e-03	-2.649352e-01	3.527889e-01	-4.637851e-01	-2.554044e-01	2.904584e-01	-6.043736e-01	-1.417954e-01	1.617218e-01	-1.695614e-01	-8.039608e-02	9.737574e-02	-3.166445e-01	4.017294e-01	-5.064292e-01	-2.770014e-01	3.293491e-01	
5.771831e-02	-1.773781e-01	-7.386075e-01	1.000000e+00	-4.853290e-01	5.436609e-01	-5.898694e-01	-6.510655e-02	2.009522e-01	1.554998e-01	-2.074009e-01	2.796753e-01	1.222326e-01	-1.172220e-01	4.529681e-01	1.208208e-01	-1.386145e-01	1.481998e-01	5.863868e-02	-7.773816e-02	2.594531e-01	-3.243117e-01	4.041327e-01	1.939907e-01	-2.355316e-01	
5.577609e-02	-3.718260e-02	6.770827e-02	-4.853290e-01	1.000000e+00	-9.851428e-01	9.406554e-01	-4.830857e-01	2.591946e-01	7.000116e-03	-2.821911e-02	4.995701e-02	9.056953e-02	-4.739555e-02	-3.675776e-02	1.205749e-02	-1.069725e-02	9.894551e-03	-2.545084e-02	2.524758e-02	-3.992239e-02	4.519473e-02	-5.225159e-02	6.582804e-03	4.720576e-04	
-6.119839e-02	4.325959e-02	-6.954894e-02	5.436609e-01	-9.851428e-01	1.000000e+00	-9.842884e-01	4.215455e-01	-1.996583e-01	-6.889314e-03	3.115015e-02	-5.631746e-02	-1.119234e-01	7.608313e-02	3.760700e-02	-1.284140e-02	1.193874e-02	-1.151125e-02	2.595029e-02	-2.537612e-02	4.393812e-02	-4.927360e-02	5.647815e-02	-1.085804e-02	3.442650e-03	
5.936907e-02	-5.674453e-02	7.622812e-02	-5.898694e-01	9.406554e-01	-9.842884e-01	1.000000e+00	-3.587807e-01	1.509076e-01	1.009335e-02	-3.590169e-02	6.290179e-02	1.192216e-01	-8.728142e-02	-3.948507e-02	1.171945e-02	-1.125320e-02	1.147971e-02	-2.974484e-02	2.884943e-02	-4.972144e-02	5.556728e-02	-6.340823e-02	1.242029e-02	-4.032205e-03	
6.044644e-02	1.134015e-01	-3.747430e-02	-6.510655e-02	-4.830857e-01	4.215455e-01	-3.587807e-01	1.000000e+00	-9.502623e-01	1.431789e-01	-1.410571e-01	1.265337e-01	-9.002950e-03	-1.669690e-01	-1.134195e-03	5.760514e-03	-8.164731e-03	6.951340e-03	5.215740e-02	-4.948868e-02	2.454485e-02	-2.851100e-02	3.272495e-02	1.721572e-02	-2.477683e-02	
-5.521979e-02	-1.037793e-01	-4.227228e-03	2.009522e-01	2.591946e-01	-1.996583e-01	1.509076e-01	-9.502623e-01	1.000000e+00	-1.531610e-01	1.540389e-01	-1.400983e-01	1.897835e-03	1.940219e-01	1.945672e-02	-1.642838e-03	2.700566e-03	-9.385858e-04	-3.951228e-02	3.666993e-02	-7.982760e-03	8.591573e-03	-8.610105e-03	-8.894668e-03	1.375360e-02	
-7.653392e-03	3.201318e-02	-2.649352e-01	1.554998e-01	7.000116e-03	-6.889314e-03	1.009335e-02	1.431789e-01	-1.531610e-01	1.000000e+00	-9.879072e-01	9.397459e-01	-7.409826e-01	6.151372e-01	1.600453e-01	4.457473e-02	-5.070061e-02	5.286536e-02	4.209011e-02	-4.746187e-02	9.072488e-02	-1.168523e-01	1.501744e-01	8.708619e-02	-1.062399e-01	
1.769786e-02	-3.956446e-02	3.527889e-01	-2.074009e-01	-2.821911e-02	3.115015e-02	-3.590169e-02	-1.410571e-01	1.540389e-01	-9.879072e-01	1.000000e+00	-9.806924e-01	7.108064e-01	-5.886576e-01	-2.125984e-01	-5.869349e-02	6.708758e-02	-7.024492e-02	-5.150432e-02	5.873621e-02	-1.201341e-01	1.549111e-01	-1.993251e-01	-1.138545e-01	1.390327e-01	
-4.513484e-02	5.569008e-02	-4.637851e-01	2.796753e-01	4.995701e-02	-5.631746e-02	6.290179e-02	1.265337e-01	-1.400983e-01	9.397459e-01	-9.806924e-01	1.000000e+00	-6.411620e-01	5.307578e-01	2.788424e-01	7.670493e-02	-8.789248e-02	9.229427e-02	6.148257e-02	-7.135162e-02	1.583389e-01	-2.043946e-01	2.634330e-01	1.456454e-01	-1.787739e-01	
9.600660e-02	-9.637443e-02	-2.554044e-01	1.222326e-01	9.056953e-02	-1.119234e-01	1.192216e-01	-9.002950e-03	1.897835e-03	-7.409826e-01	7.108064e-01	-6.411620e-01	1.000000e+00	-9.617856e-01	1.482052e-01	5.338743e-02	-5.999783e-02	6.265133e-02	1.348997e-02	-2.144455e-02	8.485708e-02	-1.062081e-01	1.309058e-01	6.942993e-02	-8.162552e-02	
-7.071923e-02	4.674783e-02	2.904584e-01	-1.172220e-01	-4.739555e-02	7.608313e-02	-8.728142e-02	-1.669690e-01	1.940219e-01	6.151372e-01	-5.886576e-01	5.307578e-01	-9.617856e-01	1.000000e+00	-1.688357e-01	-5.470795e-02	6.183286e-02	-6.399933e-02	-2.666450e-02	3.447649e-02	-1.008188e-01	1.267640e-01	-1.576571e-01	-7.783085e-02	9.473175e-02	
5.830794e-02	-1.899514e-01	-6.043736e-01	4.529681e-01	-3.675776e-02	3.760700e-02	-3.948507e-02	-1.134195e-03	1.945672e-02	1.600453e-01	-2.125984e-01	2.788424e-01	1.482052e-01	-1.688357e-01	1.000000e+00	-4.129183e-01	4.713194e-01	-5.188286e-01	-1.589470e-01	2.613225e-01	1.260506e-01	-1.624854e-01	2.132786e-01	5.908012e-02	-5.562486e-02	
7.166291e-02	-5.869113e-02	-1.417954e-01	1.208208e-01	1.205749e-02	-1.284140e-02	1.171945e-02	5.760514e-03	-1.642838e-03	4.457473e-02	-5.869349e-02	7.670493e-02	5.338743e-02	-5.470795e-02	-4.129183e-01	1.000000e+00	-9.844564e-01	9.387153e-01	-4.024836e-01	2.025885e-01	1.446797e-01	-1.756754e-01	2.074535e-01	1.143520e-01	-1.179062e-01	
-7.758285e-02	6.811540e-02	1.617218e-01	-1.386145e-01	-1.069725e-02	1.193874e-02	-1.125320e-02	-8.164731e-03	2.700566e-03	-5.070061e-02	6.708758e-02	-8.789248e-02	-5.999783e-02	6.183286e-02	4.713194e-01	-9.844564e-01	1.000000e+00	-9.839976e-01	3.263064e-01	-1.280104e-01	-1.535563e-01	1.896078e-01	-2.270663e-01	-1.441299e-01	1.544518e-01	
7.803090e-02	-8.377418e-02	-1.695614e-01	1.481998e-01	9.894551e-03	-1.151125e-02	1.147971e-02	6.951340e-03	-9.385858e-04	5.286536e-02	-7.024492e-02	9.229427e-02	6.265133e-02	-6.399933e-02	-5.188286e-01	9.387153e-01	-9.839976e-01	1.000000e+00	-2.514003e-01	6.480697e-02	1.547051e-01	-1.945539e-01	2.365481e-01	1.638242e-01	-1.773609e-01	
5.327626e-02	1.253237e-01	-8.039608e-02	5.863868e-02	-2.545084e-02	2.595029e-02	-2.974484e-02	5.215740e-02	-3.951228e-02	4.209011e-02	-5.150432e-02	6.148257e-02	1.348997e-02	-2.666450e-02	-1.589470e-01	-4.024836e-01	3.263064e-01	-2.514003e-01	1.000000e+00	-9.633209e-01	4.512200e-02	-5.330145e-02	5.948545e-02	1.354749e-01	-2.285646e-01	
-4.918261e-02	-1.105532e-01	9.737574e-02	-7.773816e-02	2.524758e-02	-2.537612e-02	2.884943e-02	-4.948868e-02	3.666993e-02	-4.746187e-02	5.873621e-02	-7.135162e-02	-2.144455e-02	3.447649e-02	2.613225e-01	2.025885e-01	-1.280104e-01	6.480697e-02	-9.633209e-01	1.000000e+00	-7.677172e-02	8.961830e-02	-9.917705e-02	-1.603569e-01	2.687079e-01	
1.345236e-03	5.146288e-03	-3.166445e-01	2.594531e-01	-3.992239e-02	4.393812e-02	-4.972144e-02	2.454485e-02	-7.982760e-03	9.072488e-02	-1.201341e-01	1.583389e-01	8.485708e-02	-1.008188e-01	1.260506e-01	1.446797e-01	-1.535563e-01	1.547051e-01	4.512200e-02	-7.677172e-02	1.000000e+00	-9.885520e-01	9.433042e-01	-6.900577e-01	5.776321e-01	
9.665508e-03	-9.757440e-03	4.017294e-01	-3.243117e-01	4.519473e-02	-4.927360e-02	5.556728e-02	-2.851100e-02	8.591573e-03	-1.168523e-01	1.549111e-01	-2.043946e-01	-1.062081e-01	1.267640e-01	-1.624854e-01	-1.756754e-01	1.896078e-01	-1.945539e-01	-5.330145e-02	8.961830e-02	-9.885520e-01	1.000000e+00	-9.819312e-01	6.554597e-01	-5.446859e-01	
-3.749458e-02	2.546170e-02	-5.064292e-01	4.041327e-01	-5.225159e-02	5.647815e-02	-6.340823e-02	3.272495e-02	-8.610105e-03	1.501744e-01	-1.993251e-01	2.634330e-01	1.309058e-01	-1.576571e-01	2.132786e-01	2.074535e-01	-2.270663e-01	2.365481e-01	5.948545e-02	-9.917705e-02	9.433042e-01	-9.819312e-01	1.000000e+00	-5.840354e-01	4.807749e-01	
1.139548e-01	-7.883919e-02	-2.770014e-01	1.939907e-01	6.582804e-03	-1.085804e-02	1.242029e-02	1.721572e-02	-8.894668e-03	8.708619e-02	-1.138545e-01	1.456454e-01	6.942993e-02	-7.783085e-02	5.908012e-02	1.143520e-01	-1.441299e-01	1.638242e-01	1.354749e-01	-1.603569e-01	-6.900577e-01	6.554597e-01	-5.840354e-01	1.000000e+00	-9.759537e-01	
-9.408535e-02	4.660933e-02	3.293491e-01	-2.355316e-01	4.720576e-04	3.442650e-03	-4.032205e-03	-2.477683e-02	1.375360e-02	-1.062399e-01	1.390327e-01	-1.787739e-01	-8.162552e-02	9.473175e-02	-5.562486e-02	-1.179062e-01	1.544518e-01	-1.773609e-01	-2.285646e-01	2.687079e-01	5.776321e-01	-5.446859e-01	4.807749e-01	-9.759537e-01	1.000000e+00	

Time taken for mcmc chain: 31.200000 minutes
