Number of steps: 10484748
Number of accepted steps: 1000000
Burn-in number of steps: 320000
Accepted fraction of steps: 0.095377
Convergence Status
R[0]= 1.000235	R[1]= 1.001992	R[2]= 1.090530	R[3]= 1.081192	R[4]= 1.012764	R[5]= 1.016712	R[6]= 1.020218	R[7]= 1.004857	R[8]= 1.001714	R[9]= 1.010731	R[10]= 1.017398	R[11]= 1.027038	R[12]= 1.000185	R[13]= 1.003101	R[14]= 1.049643	R[15]= 1.009552	R[16]= 1.012010	R[17]= 1.013999	R[18]= 1.001410	R[19]= 1.000489	R[20]= 1.015758	R[21]= 1.024975	R[22]= 1.038883	R[23]= 1.001738	R[24]= 1.006988	
<R>= 1.018565

Mean parameters
A[0]= 9.702305e-01 pm 3.233308e-02
A[1]= 1.063483e+00 pm 2.797076e-02
A[2]= 7.842849e-01 pm 4.305079e-01
A[3]= 4.387623e+00 pm 1.287509e+00
A[4]= -3.194669e+03 pm 3.848697e+03
A[5]= 1.698024e+03 pm 2.534067e+03
A[6]= 1.890121e+01 pm 5.988610e+02
A[7]= 3.729869e+00 pm 1.380682e+01
A[8]= -4.701265e-02 pm 1.870105e-01
A[9]= 7.681317e+02 pm 8.912324e+03
A[10]= -5.258279e+02 pm 5.404038e+03
A[11]= -1.686096e+02 pm 1.152973e+03
A[12]= -3.566049e+01 pm 5.030271e+01
A[13]= 8.304886e-01 pm 9.738628e-01
A[14]= 6.153075e+00 pm 1.887203e+00
A[15]= -5.945864e+03 pm 5.584162e+03
A[16]= 4.915424e+03 pm 3.701519e+03
A[17]= -9.740525e+02 pm 8.814373e+02
A[18]= 2.323112e+00 pm 2.034145e+01
A[19]= 1.388395e-01 pm 2.680862e-01
A[20]= 7.314409e+03 pm 1.230996e+04
A[21]= -2.981420e+03 pm 7.474141e+03
A[22]= -1.526151e+02 pm 1.594333e+03
A[23]= -5.704656e+01 pm 6.993970e+01
A[24]= 8.276550e-01 pm 1.354200e+00

Best-fitting parameters
A[0]= 9.637325e-01
A[1]= 1.062678e+00
A[2]= 5.672676e-01
A[3]= 4.521750e+00
A[4]= -2.102536e+03
A[5]= 9.215352e+02
A[6]= 2.081326e+02
A[7]= 2.763557e+00
A[8]= -6.903462e-02
A[9]= 5.932042e+03
A[10]= -3.820548e+03
A[11]= 5.257884e+02
A[12]= -4.241826e+01
A[13]= 8.442069e-01
A[14]= 7.925658e+00
A[15]= -7.780357e+03
A[16]= 6.616866e+03
A[17]= -1.483174e+03
A[18]= 2.887072e+00
A[19]= 2.145978e-01
A[20]= 6.867195e+03
A[21]= -3.173744e+03
A[22]= 4.776674e+01
A[23]= -6.179199e+01
A[24]= 1.128335e+00
chi2_min= 9.855931e+01


Cross-Covariance parameters
1.000000e+00	-5.243435e-01	-1.909377e-01	1.180041e-01	4.722473e-02	-4.504414e-02	3.431037e-02	6.555895e-02	-7.222652e-02	-4.493530e-03	9.749452e-03	-3.276199e-02	1.583316e-01	-1.393753e-01	1.122709e-01	4.786901e-02	-5.072515e-02	4.460747e-02	7.106092e-02	-7.865882e-02	2.461079e-02	-2.018650e-02	-3.718988e-03	1.461830e-01	-1.329016e-01	
-5.243435e-01	1.000000e+00	1.890063e-01	-2.024201e-01	-2.572053e-02	2.805570e-02	-3.746040e-02	1.145038e-01	-1.045173e-01	-3.335576e-03	-3.707197e-03	2.129980e-02	-9.276157e-02	4.909409e-02	-2.042714e-01	-3.103754e-02	3.477632e-02	-4.314930e-02	1.131947e-01	-1.000090e-01	-2.080390e-02	1.733828e-02	-8.185394e-04	-8.534504e-02	6.311777e-02	
-1.909377e-01	1.890063e-01	1.000000e+00	-6.818320e-01	-1.024271e-01	1.130860e-01	-1.144294e-01	-2.425101e-02	7.263869e-02	-3.961408e-01	5.091269e-01	-6.391550e-01	-8.689142e-02	2.452824e-01	-6.553914e-01	-1.021078e-01	1.078346e-01	-1.040092e-01	7.849486e-03	2.229106e-02	-3.999243e-01	5.052751e-01	-6.281585e-01	-9.286852e-02	2.399956e-01	
1.180041e-01	-2.024201e-01	-6.818320e-01	1.000000e+00	-4.635967e-01	5.171812e-01	-5.578787e-01	1.820680e-01	6.072767e-02	1.508582e-01	-2.008029e-01	2.619295e-01	2.319666e-02	-6.855359e-02	4.008151e-01	1.303143e-01	-1.418466e-01	1.462368e-01	-4.277951e-02	-7.285270e-03	2.878534e-01	-3.616257e-01	4.465527e-01	6.982549e-02	-1.731972e-01	
4.722473e-02	-2.572053e-02	-1.024271e-01	-4.635967e-01	1.000000e+00	-9.837475e-01	9.381990e-01	-6.734405e-01	2.891404e-01	1.562819e-01	-2.116031e-01	2.736584e-01	7.558847e-02	-1.019488e-01	1.222964e-01	-1.266989e-02	1.708735e-02	-2.207057e-02	7.425934e-03	1.486687e-03	4.154681e-02	-5.481042e-02	7.113937e-02	1.022629e-02	-2.519175e-02	
-4.504414e-02	2.805570e-02	1.130860e-01	5.171812e-01	-9.837475e-01	1.000000e+00	-9.845875e-01	6.288722e-01	-2.272428e-01	-1.773859e-01	2.375796e-01	-3.052652e-01	-8.281475e-02	1.253217e-01	-1.380526e-01	1.948854e-02	-2.414306e-02	2.929643e-02	-1.049944e-02	-1.159935e-03	-4.544422e-02	6.008235e-02	-7.811767e-02	-1.011994e-02	2.711416e-02	
3.431037e-02	-3.746040e-02	-1.144294e-01	-5.578787e-01	9.381990e-01	-9.845875e-01	1.000000e+00	-5.689330e-01	1.664085e-01	1.964496e-01	-2.586079e-01	3.284143e-01	7.858351e-02	-1.332147e-01	1.473794e-01	-2.648418e-02	3.135184e-02	-3.633239e-02	1.014347e-02	4.125783e-03	4.518582e-02	-6.016506e-02	7.872653e-02	8.344682e-03	-2.563677e-02	
6.555895e-02	1.145038e-01	-2.425101e-02	1.820680e-01	-6.734405e-01	6.288722e-01	-5.689330e-01	1.000000e+00	-8.817499e-01	6.093917e-02	-3.500174e-02	-4.491281e-03	-3.658532e-02	-1.103802e-01	-3.087637e-02	1.730441e-02	-2.012583e-02	1.961366e-02	3.422345e-02	-4.023747e-02	8.335177e-03	-1.052129e-02	1.207493e-02	1.755222e-02	-2.556789e-02	
-7.222652e-02	-1.045173e-01	7.263869e-02	6.072767e-02	2.891404e-01	-2.272428e-01	1.664085e-01	-8.817499e-01	1.000000e+00	-1.700298e-01	1.687072e-01	-1.536677e-01	1.147550e-02	2.069301e-01	-2.908744e-02	-8.611558e-03	9.554648e-03	-7.052922e-03	-3.776648e-02	3.970895e-02	-2.830963e-02	3.724339e-02	-4.731657e-02	-2.043971e-02	3.710984e-02	
-4.493530e-03	-3.335576e-03	-3.961408e-01	1.508582e-01	1.562819e-01	-1.773859e-01	1.964496e-01	6.093917e-02	-1.700298e-01	1.000000e+00	-9.832814e-01	9.159270e-01	-7.547519e-01	5.467505e-01	2.676693e-01	4.776693e-02	-4.884946e-02	4.614972e-02	-7.190677e-03	-7.248421e-03	1.725919e-01	-2.192677e-01	2.755083e-01	2.392603e-02	-9.009203e-02	
9.749452e-03	-3.707197e-03	5.091269e-01	-2.008029e-01	-2.116031e-01	2.375796e-01	-2.586079e-01	-3.500174e-02	1.687072e-01	-9.832814e-01	1.000000e+00	-9.729112e-01	7.032296e-01	-4.852240e-01	-3.418927e-01	-6.215533e-02	6.411042e-02	-6.102136e-02	9.413573e-03	9.587139e-03	-2.226611e-01	2.830937e-01	-3.559246e-01	-3.046069e-02	1.161265e-01	
-3.276199e-02	2.129980e-02	-6.391550e-01	2.619295e-01	2.736584e-01	-3.052652e-01	3.284143e-01	-4.491281e-03	-1.536677e-01	9.159270e-01	-9.729112e-01	1.000000e+00	-5.905412e-01	3.697075e-01	4.277846e-01	7.765703e-02	-8.066760e-02	7.729930e-02	-1.255483e-02	-1.158699e-02	2.808389e-01	-3.575809e-01	4.504485e-01	3.630094e-02	-1.450495e-01	
1.583316e-01	-9.276157e-02	-8.689142e-02	2.319666e-02	7.558847e-02	-8.281475e-02	7.858351e-02	-3.658532e-02	1.147550e-02	-7.547519e-01	7.032296e-01	-5.905412e-01	1.000000e+00	-9.414686e-01	6.720781e-02	-2.750364e-03	1.628891e-04	7.441223e-04	2.148859e-02	-2.163823e-02	2.040198e-02	-2.628767e-02	3.120038e-02	3.848921e-02	-4.512996e-02	
-1.393753e-01	4.909409e-02	2.452824e-01	-6.855359e-02	-1.019488e-01	1.253217e-01	-1.332147e-01	-1.103802e-01	2.069301e-01	5.467505e-01	-4.852240e-01	3.697075e-01	-9.414686e-01	1.000000e+00	-1.709130e-01	-1.235908e-02	1.609563e-02	-1.624910e-02	-2.777004e-02	3.279560e-02	-8.989913e-02	1.152768e-01	-1.444316e-01	-4.943735e-02	8.530098e-02	
1.122709e-01	-2.042714e-01	-6.553914e-01	4.008151e-01	1.222964e-01	-1.380526e-01	1.473794e-01	-3.087637e-02	-2.908744e-02	2.676693e-01	-3.418927e-01	4.277846e-01	6.720781e-02	-1.709130e-01	1.000000e+00	-4.749975e-01	5.385040e-01	-5.882472e-01	1.104584e-01	1.575952e-01	1.348080e-01	-1.700512e-01	2.167609e-01	1.437838e-02	-5.120397e-02	
4.786901e-02	-3.103754e-02	-1.021078e-01	1.303143e-01	-1.266989e-02	1.948854e-02	-2.648418e-02	1.730441e-02	-8.611558e-03	4.776693e-02	-6.215533e-02	7.765703e-02	-2.750364e-03	-1.235908e-02	-4.749975e-01	1.000000e+00	-9.831537e-01	9.360622e-01	-6.563097e-01	2.769007e-01	2.307174e-01	-2.831059e-01	3.357886e-01	2.090145e-02	-7.887468e-02	
-5.072515e-02	3.477632e-02	1.078346e-01	-1.418466e-01	1.708735e-02	-2.414306e-02	3.135184e-02	-2.012583e-02	9.554648e-03	-4.884946e-02	6.411042e-02	-8.066760e-02	1.628891e-04	1.609563e-02	5.385040e-01	-9.831537e-01	1.000000e+00	-9.841224e-01	5.937879e-01	-1.939086e-01	-2.425261e-01	3.013877e-01	-3.615201e-01	-3.853116e-02	1.083381e-01	
4.460747e-02	-4.314930e-02	-1.040092e-01	1.462368e-01	-2.207057e-02	2.929643e-02	-3.633239e-02	1.961366e-02	-7.052922e-03	4.614972e-02	-6.102136e-02	7.729930e-02	7.441223e-04	-1.624910e-02	-5.882472e-01	9.360622e-01	-9.841224e-01	1.000000e+00	-5.152735e-01	1.103826e-01	2.468575e-01	-3.096382e-01	3.745327e-01	4.847168e-02	-1.258320e-01	
7.106092e-02	1.131947e-01	7.849486e-03	-4.277951e-02	7.425934e-03	-1.049944e-02	1.014347e-02	3.422345e-02	-3.776648e-02	-7.190677e-03	9.413573e-03	-1.255483e-02	2.148859e-02	-2.777004e-02	1.104584e-01	-6.563097e-01	5.937879e-01	-5.152735e-01	1.000000e+00	-8.905979e-01	-5.911747e-02	7.539828e-02	-9.342607e-02	7.429533e-02	-1.335705e-01	
-7.865882e-02	-1.000090e-01	2.229106e-02	-7.285270e-03	1.486687e-03	-1.159935e-03	4.125783e-03	-4.023747e-02	3.970895e-02	-7.248421e-03	9.587139e-03	-1.158699e-02	-2.163823e-02	3.279560e-02	1.575952e-01	2.769007e-01	-1.939086e-01	1.103826e-01	-8.905979e-01	1.000000e+00	-4.561586e-02	5.379626e-02	-5.970883e-02	-1.063456e-01	2.205685e-01	
2.461079e-02	-2.080390e-02	-3.999243e-01	2.878534e-01	4.154681e-02	-4.544422e-02	4.518582e-02	8.335177e-03	-2.830963e-02	1.725919e-01	-2.226611e-01	2.808389e-01	2.040198e-02	-8.989913e-02	1.348080e-01	2.307174e-01	-2.425261e-01	2.468575e-01	-5.911747e-02	-4.561586e-02	1.000000e+00	-9.841741e-01	9.201195e-01	-7.480839e-01	5.720126e-01	
-2.018650e-02	1.733828e-02	5.052751e-01	-3.616257e-01	-5.481042e-02	6.008235e-02	-6.016506e-02	-1.052129e-02	3.724339e-02	-2.192677e-01	2.830937e-01	-3.575809e-01	-2.628767e-02	1.152768e-01	-1.700512e-01	-2.831059e-01	3.013877e-01	-3.096382e-01	7.539828e-02	5.379626e-02	-9.841741e-01	1.000000e+00	-9.741696e-01	6.935901e-01	-5.061478e-01	
-3.718988e-03	-8.185394e-04	-6.281585e-01	4.465527e-01	7.113937e-02	-7.811767e-02	7.872653e-02	1.207493e-02	-4.731657e-02	2.755083e-01	-3.559246e-01	4.504485e-01	3.120038e-02	-1.444316e-01	2.167609e-01	3.357886e-01	-3.615201e-01	3.745327e-01	-9.342607e-02	-5.970883e-02	9.201195e-01	-9.741696e-01	1.000000e+00	-5.805311e-01	3.865328e-01	
1.461830e-01	-8.534504e-02	-9.286852e-02	6.982549e-02	1.022629e-02	-1.011994e-02	8.344682e-03	1.755222e-02	-2.043971e-02	2.392603e-02	-3.046069e-02	3.630094e-02	3.848921e-02	-4.943735e-02	1.437838e-02	2.090145e-02	-3.853116e-02	4.847168e-02	7.429533e-02	-1.063456e-01	-7.480839e-01	6.935901e-01	-5.805311e-01	1.000000e+00	-9.598764e-01	
-1.329016e-01	6.311777e-02	2.399956e-01	-1.731972e-01	-2.519175e-02	2.711416e-02	-2.563677e-02	-2.556789e-02	3.710984e-02	-9.009203e-02	1.161265e-01	-1.450495e-01	-4.512996e-02	8.530098e-02	-5.120397e-02	-7.887468e-02	1.083381e-01	-1.258320e-01	-1.335705e-01	2.205685e-01	5.720126e-01	-5.061478e-01	3.865328e-01	-9.598764e-01	1.000000e+00	

Time taken for mcmc chain: 1.148333 hours
