Number of steps: 8571906
Number of accepted steps: 1000000
Burn-in number of steps: 320000
Accepted fraction of steps: 0.116660
Convergence Status
R[0]= 1.001370	R[1]= 1.002599	R[2]= 1.002833	R[3]= 1.001698	R[4]= 1.000581	R[5]= 1.000820	R[6]= 1.001071	R[7]= 1.001624	R[8]= 1.002980	R[9]= 1.000207	R[10]= 1.000297	R[11]= 1.000441	R[12]= 1.000387	R[13]= 1.000861	R[14]= 1.001342	R[15]= 1.000674	R[16]= 1.000536	R[17]= 1.000454	R[18]= 1.001640	R[19]= 1.001007	R[20]= 1.000280	R[21]= 1.000206	R[22]= 1.000207	R[23]= 1.000819	R[24]= 1.000903	
<R>= 1.001033

Mean parameters
A[0]= 9.159066e-01 pm 3.422629e-02
A[1]= 1.031042e+00 pm 3.090135e-02
A[2]= 6.927593e-01 pm 4.515961e-01
A[3]= 3.053911e+00 pm 1.122320e+00
A[4]= -2.989667e+03 pm 3.809112e+03
A[5]= 1.394648e+03 pm 2.502190e+03
A[6]= 9.648752e+01 pm 5.843745e+02
A[7]= 1.655901e+01 pm 1.293018e+01
A[8]= -2.914322e-01 pm 1.795215e-01
A[9]= -4.072468e+03 pm 8.218571e+03
A[10]= 1.859254e+03 pm 4.931404e+03
A[11]= -5.032369e+02 pm 1.033063e+03
A[12]= 2.274163e+01 pm 4.806171e+01
A[13]= -6.664651e-01 pm 9.331438e-01
A[14]= 4.497959e+00 pm 1.469851e+00
A[15]= -7.945903e+03 pm 5.263953e+03
A[16]= 5.488192e+03 pm 3.467368e+03
A[17]= -9.491142e+02 pm 8.120394e+02
A[18]= 9.371066e+00 pm 1.900454e+01
A[19]= 3.324630e-02 pm 2.652184e-01
A[20]= 3.607612e+03 pm 1.163617e+04
A[21]= -1.993540e+03 pm 7.083404e+03
A[22]= -4.363716e+01 pm 1.509841e+03
A[23]= -4.082849e+01 pm 6.753062e+01
A[24]= 5.153149e-01 pm 1.331667e+00

Best-fitting parameters
A[0]= 9.123006e-01
A[1]= 1.037623e+00
A[2]= 8.985851e-01
A[3]= 2.826574e+00
A[4]= -4.827349e+03
A[5]= 2.665364e+03
A[6]= -2.041401e+02
A[7]= 2.092887e+01
A[8]= -3.238092e-01
A[9]= 5.222612e+02
A[10]= -1.804284e+02
A[11]= -3.397546e+02
A[12]= -2.339212e+01
A[13]= 6.955013e-02
A[14]= 4.243637e+00
A[15]= -9.691135e+03
A[16]= 6.851407e+03
A[17]= -1.325438e+03
A[18]= 1.308725e+01
A[19]= 8.697886e-03
A[20]= -1.116120e+02
A[21]= 1.026918e+03
A[22]= -8.481598e+02
A[23]= -4.723495e+01
A[24]= 7.579808e-01
chi2_min= 9.457714e+01


Cross-Covariance parameters
1.000000e+00	-5.173577e-01	-1.523690e-01	1.050612e-01	-9.525361e-04	5.252758e-03	-1.527274e-02	5.891389e-02	-3.252213e-02	-2.710168e-02	3.910557e-02	-6.835007e-02	1.323600e-01	-9.518056e-02	4.239041e-02	7.312622e-02	-7.839695e-02	7.540523e-02	6.626240e-02	-7.789399e-02	6.408258e-03	3.983262e-03	-3.590666e-02	1.401958e-01	-1.170192e-01	
-5.173577e-01	1.000000e+00	1.445575e-01	-1.445675e-01	-4.585705e-02	4.964519e-02	-6.026869e-02	1.480896e-01	-1.315022e-01	4.088977e-02	-4.638383e-02	5.912784e-02	-1.181043e-01	5.713962e-02	-1.974626e-01	7.643229e-03	-3.681859e-03	-8.498872e-03	1.389493e-01	-1.382479e-01	1.245300e-02	-2.340360e-02	4.899676e-02	-7.710425e-02	3.403005e-02	
-1.523690e-01	1.445575e-01	1.000000e+00	-7.080126e-01	2.809111e-02	-3.343032e-02	4.447331e-02	-4.771340e-02	1.051174e-02	-3.934226e-01	5.020885e-01	-6.289132e-01	-1.065585e-01	2.358102e-01	-6.590918e-01	-1.090181e-01	1.208634e-01	-1.211774e-01	-4.796023e-02	8.277154e-02	-4.050741e-01	5.180326e-01	-6.456567e-01	-1.840985e-01	3.310181e-01	
1.050612e-01	-1.445675e-01	-7.080126e-01	1.000000e+00	-5.477685e-01	6.054898e-01	-6.492724e-01	1.352215e-01	1.648581e-01	2.292048e-01	-2.804185e-01	3.449911e-01	-6.470499e-03	-3.823026e-02	4.808258e-01	8.694336e-02	-9.708668e-02	9.913347e-02	2.621528e-02	-5.829130e-02	2.946399e-01	-3.776258e-01	4.716486e-01	1.330419e-01	-2.398980e-01	
-9.525361e-04	-4.585705e-02	2.809111e-02	-5.477685e-01	1.000000e+00	-9.855746e-01	9.455606e-01	-6.289079e-01	2.223777e-01	3.055741e-02	-7.170491e-02	1.173520e-01	1.341715e-01	-1.263780e-01	-5.781729e-03	-1.214278e-02	1.240407e-02	-1.106524e-02	-7.938181e-03	1.308461e-02	-6.335392e-03	1.264369e-02	-1.987876e-02	-9.456913e-03	1.587369e-02	
5.252758e-03	4.964519e-02	-3.343032e-02	6.054898e-01	-9.855746e-01	1.000000e+00	-9.865560e-01	5.701219e-01	-1.484048e-01	-3.605045e-02	8.057287e-02	-1.299562e-01	-1.463039e-01	1.510033e-01	9.236444e-03	1.283194e-02	-1.309851e-02	1.154980e-02	9.157369e-03	-1.420089e-02	8.019276e-03	-1.495550e-02	2.306023e-02	1.167746e-02	-1.891718e-02	
-1.527274e-02	-6.026869e-02	4.447331e-02	-6.492724e-01	9.455606e-01	-9.865560e-01	1.000000e+00	-5.024627e-01	8.084394e-02	4.280954e-02	-8.837133e-02	1.386409e-01	1.457172e-01	-1.594226e-01	-1.468804e-02	-1.538465e-02	1.572434e-02	-1.377115e-02	-1.345874e-02	1.879073e-02	-1.282898e-02	2.113248e-02	-3.086148e-02	-1.539926e-02	2.470718e-02	
5.891389e-02	1.480896e-01	-4.771340e-02	1.352215e-01	-6.289079e-01	5.701219e-01	-5.024627e-01	1.000000e+00	-8.787150e-01	1.088356e-01	-9.186506e-02	6.240382e-02	-6.088163e-02	-9.802144e-02	-1.159825e-02	3.145214e-02	-3.232611e-02	2.896458e-02	4.421349e-02	-5.233586e-02	2.898188e-02	-3.844900e-02	4.777304e-02	1.010596e-02	-2.423018e-02	
-3.252213e-02	-1.315022e-01	1.051174e-02	1.648581e-01	2.223777e-01	-1.484048e-01	8.084394e-02	-8.787150e-01	1.000000e+00	-1.407198e-01	1.409491e-01	-1.277772e-01	6.975745e-03	1.963027e-01	2.480087e-02	-2.080301e-02	2.111785e-02	-1.876389e-02	-3.447118e-02	3.871129e-02	-2.025680e-02	2.485095e-02	-2.867704e-02	5.089599e-03	2.877010e-03	
-2.710168e-02	4.088977e-02	-3.934226e-01	2.292048e-01	3.055741e-02	-3.605045e-02	4.280954e-02	1.088356e-01	-1.407198e-01	1.000000e+00	-9.837834e-01	9.193637e-01	-7.505757e-01	5.675660e-01	2.534776e-01	4.011610e-02	-4.547087e-02	4.585982e-02	2.805436e-02	-3.956304e-02	1.817959e-01	-2.297008e-01	2.845101e-01	4.585208e-02	-1.119289e-01	
3.910557e-02	-4.638383e-02	5.020885e-01	-2.804185e-01	-7.170491e-02	8.057287e-02	-8.837133e-02	-9.186506e-02	1.409491e-01	-9.837834e-01	1.000000e+00	-9.742332e-01	6.999311e-01	-5.095790e-01	-3.274192e-01	-5.166341e-02	5.839667e-02	-5.896743e-02	-3.531344e-02	5.119360e-02	-2.303131e-01	2.917983e-01	-3.626049e-01	-6.275151e-02	1.473389e-01	
-6.835007e-02	5.912784e-02	-6.289132e-01	3.449911e-01	1.173520e-01	-1.299562e-01	1.386409e-01	6.240382e-02	-1.277772e-01	9.193637e-01	-9.742332e-01	1.000000e+00	-5.906806e-01	3.997539e-01	4.150885e-01	6.528329e-02	-7.360641e-02	7.445658e-02	4.213099e-02	-6.361353e-02	2.882557e-01	-3.661018e-01	4.565481e-01	8.113913e-02	-1.883672e-01	
1.323600e-01	-1.181043e-01	-1.065585e-01	-6.470499e-03	1.341715e-01	-1.463039e-01	1.457172e-01	-6.088163e-02	6.975745e-03	-7.505757e-01	6.999311e-01	-5.906806e-01	1.000000e+00	-9.494601e-01	7.174379e-02	2.304481e-02	-2.535295e-02	2.635773e-02	6.372788e-03	-1.682418e-02	3.184230e-02	-4.054030e-02	4.899886e-02	4.579940e-02	-5.624025e-02	
-9.518056e-02	5.713962e-02	2.358102e-01	-3.823026e-02	-1.263780e-01	1.510033e-01	-1.594226e-01	-9.802144e-02	1.963027e-01	5.675660e-01	-5.095790e-01	3.997539e-01	-9.494601e-01	1.000000e+00	-1.503210e-01	-3.902114e-02	4.331476e-02	-4.434933e-02	-2.151622e-02	3.734797e-02	-9.558841e-02	1.218203e-01	-1.510907e-01	-5.924488e-02	9.481325e-02	
4.239041e-02	-1.974626e-01	-6.590918e-01	4.808258e-01	-5.781729e-03	9.236444e-03	-1.468804e-02	-1.159825e-02	2.480087e-02	2.534776e-01	-3.274192e-01	4.150885e-01	7.174379e-02	-1.503210e-01	1.000000e+00	-4.725277e-01	5.265379e-01	-5.684532e-01	3.438016e-02	2.018840e-01	1.633106e-01	-2.138119e-01	2.788576e-01	4.980631e-02	-9.642662e-02	
7.312622e-02	7.643229e-03	-1.090181e-01	8.694336e-02	-1.214278e-02	1.283194e-02	-1.538465e-02	3.145214e-02	-2.080301e-02	4.011610e-02	-5.166341e-02	6.528329e-02	2.304481e-02	-3.902114e-02	-4.725277e-01	1.000000e+00	-9.840932e-01	9.400907e-01	-5.332363e-01	1.581836e-01	2.006668e-01	-2.445711e-01	2.844088e-01	7.936002e-02	-1.272779e-01	
-7.839695e-02	-3.681859e-03	1.208634e-01	-9.708668e-02	1.240407e-02	-1.309851e-02	1.572434e-02	-3.232611e-02	2.111785e-02	-4.547087e-02	5.839667e-02	-7.360641e-02	-2.535295e-02	4.331476e-02	5.265379e-01	-9.840932e-01	1.000000e+00	-9.852298e-01	4.592322e-01	-7.115976e-02	-2.154114e-01	2.653816e-01	-3.113477e-01	-9.703555e-02	1.564176e-01	
7.540523e-02	-8.498872e-03	-1.211774e-01	9.913347e-02	-1.106524e-02	1.154980e-02	-1.377115e-02	2.896458e-02	-1.876389e-02	4.585982e-02	-5.896743e-02	7.445658e-02	2.635773e-02	-4.434933e-02	-5.684532e-01	9.400907e-01	-9.852298e-01	1.000000e+00	-3.777352e-01	-9.242051e-03	2.212713e-01	-2.748607e-01	3.245995e-01	1.068367e-01	-1.732706e-01	
6.626240e-02	1.389493e-01	-4.796023e-02	2.621528e-02	-7.938181e-03	9.157369e-03	-1.345874e-02	4.421349e-02	-3.447118e-02	2.805436e-02	-3.531344e-02	4.213099e-02	6.372788e-03	-2.151622e-02	3.438016e-02	-5.332363e-01	4.592322e-01	-3.777352e-01	1.000000e+00	-9.046319e-01	1.280102e-02	-1.340821e-02	1.348819e-02	6.816359e-02	-1.519620e-01	
-7.789399e-02	-1.382479e-01	8.277154e-02	-5.829130e-02	1.308461e-02	-1.420089e-02	1.879073e-02	-5.233586e-02	3.871129e-02	-3.956304e-02	5.119360e-02	-6.361353e-02	-1.682418e-02	3.734797e-02	2.018840e-01	1.581836e-01	-7.115976e-02	-9.242051e-03	-9.046319e-01	1.000000e+00	-1.024529e-01	1.215750e-01	-1.373717e-01	-1.107628e-01	2.360611e-01	
6.408258e-03	1.245300e-02	-4.050741e-01	2.946399e-01	-6.335392e-03	8.019276e-03	-1.282898e-02	2.898188e-02	-2.025680e-02	1.817959e-01	-2.303131e-01	2.882557e-01	3.184230e-02	-9.558841e-02	1.633106e-01	2.006668e-01	-2.154114e-01	2.212713e-01	1.280102e-02	-1.024529e-01	1.000000e+00	-9.835991e-01	9.193252e-01	-6.919851e-01	5.094911e-01	
3.983262e-03	-2.340360e-02	5.180326e-01	-3.776258e-01	1.264369e-02	-1.495550e-02	2.113248e-02	-3.844900e-02	2.485095e-02	-2.297008e-01	2.917983e-01	-3.661018e-01	-4.054030e-02	1.218203e-01	-2.138119e-01	-2.445711e-01	2.653816e-01	-2.748607e-01	-1.340821e-02	1.215750e-01	-9.835991e-01	1.000000e+00	-9.744725e-01	6.245841e-01	-4.309143e-01	
-3.590666e-02	4.899676e-02	-6.456567e-01	4.716486e-01	-1.987876e-02	2.306023e-02	-3.086148e-02	4.777304e-02	-2.867704e-02	2.845101e-01	-3.626049e-01	4.565481e-01	4.899886e-02	-1.510907e-01	2.788576e-01	2.844088e-01	-3.113477e-01	3.245995e-01	1.348819e-02	-1.373717e-01	9.193252e-01	-9.744725e-01	1.000000e+00	-5.009542e-01	3.018209e-01	
1.401958e-01	-7.710425e-02	-1.840985e-01	1.330419e-01	-9.456913e-03	1.167746e-02	-1.539926e-02	1.010596e-02	5.089599e-03	4.585208e-02	-6.275151e-02	8.113913e-02	4.579940e-02	-5.924488e-02	4.980631e-02	7.936002e-02	-9.703555e-02	1.068367e-01	6.816359e-02	-1.107628e-01	-6.919851e-01	6.245841e-01	-5.009542e-01	1.000000e+00	-9.619731e-01	
-1.170192e-01	3.403005e-02	3.310181e-01	-2.398980e-01	1.587369e-02	-1.891718e-02	2.470718e-02	-2.423018e-02	2.877010e-03	-1.119289e-01	1.473389e-01	-1.883672e-01	-5.624025e-02	9.481325e-02	-9.642662e-02	-1.272779e-01	1.564176e-01	-1.732706e-01	-1.519620e-01	2.360611e-01	5.094911e-01	-4.309143e-01	3.018209e-01	-9.619731e-01	1.000000e+00	

Time taken for mcmc chain: 51.000000 minutes
