Number of steps: 1083979
Number of accepted steps: 1000000
Burn-in number of steps: 320000
Accepted fraction of steps: 0.922527
Convergence Status
R[0]= 1.053273	R[1]= 1.026619	R[2]= 1.126089	R[3]= 1.059474	R[4]= 1.012275	R[5]= 1.012161	R[6]= 1.008629	R[7]= 1.034252	R[8]= 1.053116	R[9]= 1.164416	R[10]= 1.130605	R[11]= 1.096421	R[12]= 1.440670	R[13]= 1.521284	R[14]= 1.139144	R[15]= 1.152611	R[16]= 1.111012	R[17]= 1.080910	R[18]= 1.144249	R[19]= 1.150480	R[20]= 1.044057	R[21]= 1.043196	R[22]= 1.039760	R[23]= 1.086919	R[24]= 1.103029	
<R>= 1.113386

Mean parameters
A[0]= 9.479322e-01 pm 2.827921e-02
A[1]= 1.057855e+00 pm 2.484159e-02
A[2]= 1.551004e+00 pm 3.845955e-01
A[3]= 2.388706e+00 pm 5.181825e-01
A[4]= -3.123124e+03 pm 3.349651e+03
A[5]= 1.351077e+03 pm 2.131112e+03
A[6]= 1.611658e+02 pm 4.790601e+02
A[7]= 4.760278e+00 pm 1.202445e+01
A[8]= -9.419840e-02 pm 1.493586e-01
A[9]= -4.465035e+03 pm 8.181345e+03
A[10]= 3.367263e+03 pm 4.885369e+03
A[11]= -1.183213e+03 pm 9.986776e+02
A[12]= -2.871548e+01 pm 4.411874e+01
A[13]= 7.514092e-01 pm 7.760385e-01
A[14]= 2.776039e+00 pm 7.054278e-01
A[15]= -1.453389e+03 pm 4.151809e+03
A[16]= 1.472802e+03 pm 2.617109e+03
A[17]= -7.123975e+01 pm 6.047719e+02
A[18]= -6.571178e+00 pm 1.853475e+01
A[19]= 1.436729e-01 pm 2.552541e-01
A[20]= -8.611498e+02 pm 1.248517e+04
A[21]= 2.114642e+03 pm 7.436289e+03
A[22]= -1.252590e+03 pm 1.499960e+03
A[23]= -3.525072e+01 pm 6.570037e+01
A[24]= 5.787489e-01 pm 1.237281e+00

Best-fitting parameters
A[0]= 9.653908e-01
A[1]= 1.067125e+00
A[2]= 1.119493e+00
A[3]= 2.938565e+00
A[4]= -1.748627e+03
A[5]= 6.318887e+02
A[6]= 2.668478e+02
A[7]= -1.545204e+00
A[8]= 2.533577e-02
A[9]= -1.429230e+04
A[10]= 7.819653e+03
A[11]= -1.672682e+03
A[12]= 1.941873e+01
A[13]= 1.986878e-01
A[14]= 4.796419e+00
A[15]= -4.103880e+03
A[16]= 4.312952e+03
A[17]= -9.931036e+02
A[18]= -8.449450e+00
A[19]= 2.880064e-01
A[20]= -1.620888e+04
A[21]= 1.155710e+04
A[22]= -3.145008e+03
A[23]= 5.768858e+01
A[24]= -9.864717e-01
chi2_min= 1.174367e+02


Cross-Covariance parameters
1.000000e+00	-5.395779e-01	-3.596189e-01	1.148969e-01	3.611214e-01	-3.662856e-01	3.536025e-01	-1.887846e-01	1.165701e-01	-6.230903e-02	2.785188e-02	1.213745e-02	2.938770e-01	-2.539125e-01	1.538482e-01	2.823203e-01	-2.810692e-01	2.628623e-01	-6.385359e-02	3.146337e-02	2.092515e-01	-2.184699e-01	2.116963e-01	-4.921410e-02	6.062592e-02	
-5.395779e-01	1.000000e+00	3.066532e-01	-6.250123e-02	-3.074953e-01	3.433394e-01	-3.782781e-01	2.479423e-01	-1.251476e-01	-7.730078e-02	9.399623e-02	-1.127453e-01	-1.310761e-01	1.300595e-01	-1.073191e-01	-3.110133e-01	3.318950e-01	-3.462608e-01	2.089655e-01	-1.246522e-01	-2.169914e-01	2.360215e-01	-2.449089e-01	1.318216e-01	-1.475947e-01	
-3.596189e-01	3.066532e-01	1.000000e+00	-6.837864e-01	-2.008981e-01	2.345245e-01	-2.571397e-01	7.816865e-02	-1.097733e-02	-3.064980e-01	3.918797e-01	-4.971805e-01	-1.796112e-02	1.154484e-01	-5.613137e-01	-3.225815e-01	3.375318e-01	-3.396976e-01	6.153686e-02	1.802069e-02	-4.680392e-01	5.184706e-01	-5.796716e-01	1.432280e-01	-4.813120e-02	
1.148969e-01	-6.250123e-02	-6.837864e-01	1.000000e+00	-4.184146e-01	4.441284e-01	-4.639549e-01	1.998763e-01	-1.837796e-02	-5.811374e-02	2.613822e-02	1.281648e-02	7.691969e-02	-1.119683e-01	5.033170e-01	1.656948e-01	-1.334076e-01	9.418025e-02	-2.277443e-02	-4.043939e-03	2.262287e-01	-2.656062e-01	3.174125e-01	-9.948068e-02	5.524604e-02	
3.611214e-01	-3.074953e-01	-2.008981e-01	-4.184146e-01	1.000000e+00	-9.868498e-01	9.475602e-01	-7.547861e-01	4.707180e-01	2.480501e-01	-2.990889e-01	3.664486e-01	1.083827e-02	2.026199e-02	3.233583e-02	7.499447e-02	-1.201458e-01	1.635470e-01	2.672484e-02	-5.768393e-02	2.708776e-01	-2.645998e-01	2.447631e-01	-1.041234e-01	5.875588e-02	
-3.662856e-01	3.433394e-01	2.345245e-01	4.441284e-01	-9.868498e-01	1.000000e+00	-9.863134e-01	7.201348e-01	-4.218132e-01	-2.978361e-01	3.542516e-01	-4.272549e-01	6.735266e-03	-2.340075e-02	-3.772680e-02	-9.781126e-02	1.470510e-01	-1.935676e-01	-1.303815e-02	5.109130e-02	-2.811842e-01	2.777231e-01	-2.619004e-01	9.803968e-02	-4.955281e-02	
3.536025e-01	-3.782781e-01	-2.571397e-01	-4.639549e-01	9.475602e-01	-9.863134e-01	1.000000e+00	-6.689949e-01	3.663948e-01	3.457002e-01	-4.057091e-01	4.820320e-01	-3.554173e-02	3.943365e-02	3.964284e-02	1.209475e-01	-1.721051e-01	2.196113e-01	-6.895021e-03	-3.870139e-02	2.822316e-01	-2.817490e-01	2.706249e-01	-9.350061e-02	4.471420e-02	
-1.887846e-01	2.479423e-01	7.816865e-02	1.998763e-01	-7.547861e-01	7.201348e-01	-6.689949e-01	1.000000e+00	-9.104929e-01	2.119115e-02	1.447835e-02	-6.883916e-02	-5.212301e-02	-1.071147e-01	-6.108733e-02	4.871256e-02	-3.170949e-02	1.475652e-02	-7.816714e-02	7.457697e-02	-2.034083e-01	1.851932e-01	-1.497548e-01	1.517964e-01	-1.145984e-01	
1.165701e-01	-1.251476e-01	-1.097733e-02	-1.837796e-02	4.707180e-01	-4.218132e-01	3.663948e-01	-9.104929e-01	1.000000e+00	-1.786605e-01	1.578130e-01	-1.208558e-01	8.992459e-02	1.231991e-01	8.229705e-02	-8.235426e-02	8.859531e-02	-9.869793e-02	7.409593e-02	-5.320866e-02	1.108677e-01	-9.035886e-02	5.524210e-02	-1.192433e-01	9.783464e-02	
-6.230903e-02	-7.730078e-02	-3.064980e-01	-5.811374e-02	2.480501e-01	-2.978361e-01	3.457002e-01	2.119115e-02	-1.786605e-01	1.000000e+00	-9.898720e-01	9.488282e-01	-8.333101e-01	6.918148e-01	-1.534844e-02	8.150616e-02	-1.378637e-01	2.012181e-01	7.255009e-02	-1.087021e-01	1.976068e-01	-2.267556e-01	2.679262e-01	-7.143984e-02	3.079182e-02	
2.785188e-02	9.399623e-02	3.918797e-01	2.613822e-02	-2.990889e-01	3.542516e-01	-4.057091e-01	1.447835e-02	1.578130e-01	-9.898720e-01	1.000000e+00	-9.833681e-01	8.091724e-01	-6.692808e-01	-3.344067e-02	-1.148268e-01	1.724504e-01	-2.346899e-01	-6.478970e-02	1.111795e-01	-2.325486e-01	2.668589e-01	-3.141198e-01	7.285104e-02	-2.115890e-02	
1.213745e-02	-1.127453e-01	-4.971805e-01	1.281648e-02	3.664486e-01	-4.272549e-01	4.820320e-01	-6.883916e-02	-1.208558e-01	9.488282e-01	-9.833681e-01	1.000000e+00	-7.476582e-01	6.138960e-01	1.033437e-01	1.479088e-01	-2.058680e-01	2.657507e-01	5.842691e-02	-1.152883e-01	2.772877e-01	-3.157324e-01	3.678063e-01	-7.207601e-02	5.385429e-03	
2.938770e-01	-1.310761e-01	-1.796112e-02	7.691969e-02	1.083827e-02	6.735266e-03	-3.554173e-02	-5.212301e-02	8.992459e-02	-8.333101e-01	8.091724e-01	-7.476582e-01	1.000000e+00	-9.518940e-01	1.759857e-01	7.467964e-02	-3.036741e-02	-2.537433e-02	-1.557776e-01	1.544780e-01	-4.014056e-03	2.118989e-02	-5.081505e-02	6.917461e-03	1.008913e-02	
-2.539125e-01	1.300595e-01	1.154484e-01	-1.119683e-01	2.026199e-02	-2.340075e-02	3.943365e-02	-1.071147e-01	1.231991e-01	6.918148e-01	-6.692808e-01	6.138960e-01	-9.518940e-01	1.000000e+00	-1.864964e-01	-1.335098e-01	9.832745e-02	-5.311378e-02	1.840778e-01	-1.643850e-01	-3.455659e-02	2.945780e-02	-1.709530e-02	-3.268345e-03	-7.056525e-03	
1.538482e-01	-1.073191e-01	-5.613137e-01	5.033170e-01	3.233583e-02	-3.772680e-02	3.964284e-02	-6.108733e-02	8.229705e-02	-1.534844e-02	-3.344067e-02	1.033437e-01	1.759857e-01	-1.864964e-01	1.000000e+00	-2.399330e-01	3.476186e-01	-4.457401e-01	-1.229494e-01	2.630778e-01	-1.643022e-02	4.180606e-02	-6.497390e-02	2.694598e-03	3.672180e-02	
2.823203e-01	-3.110133e-01	-3.225815e-01	1.656948e-01	7.499447e-02	-9.781126e-02	1.209475e-01	4.871256e-02	-8.235426e-02	8.150616e-02	-1.148268e-01	1.479088e-01	7.467964e-02	-1.335098e-01	-2.399330e-01	1.000000e+00	-9.774069e-01	9.061394e-01	-6.404436e-01	4.000304e-01	2.033993e-01	-2.698678e-01	3.480545e-01	-1.479370e-03	-2.570447e-02	
-2.810692e-01	3.318950e-01	3.375318e-01	-1.334076e-01	-1.201458e-01	1.470510e-01	-1.721051e-01	-3.170949e-02	8.859531e-02	-1.378637e-01	1.724504e-01	-2.058680e-01	-3.036741e-02	9.832745e-02	3.476186e-01	-9.774069e-01	1.000000e+00	-9.742849e-01	5.519117e-01	-2.918057e-01	-2.880756e-01	3.613034e-01	-4.458505e-01	4.266638e-02	8.925693e-03	
2.628623e-01	-3.462608e-01	-3.396976e-01	9.418025e-02	1.635470e-01	-1.935676e-01	2.196113e-01	1.475652e-02	-9.869793e-02	2.012181e-01	-2.346899e-01	2.657507e-01	-2.537433e-02	-5.311378e-02	-4.457401e-01	9.061394e-01	-9.742849e-01	1.000000e+00	-4.294501e-01	1.643470e-01	3.759747e-01	-4.526694e-01	5.393133e-01	-9.721256e-02	2.175899e-02	
-6.385359e-02	2.089655e-01	6.153686e-02	-2.277443e-02	2.672484e-02	-1.303815e-02	-6.895021e-03	-7.816714e-02	7.409593e-02	7.255009e-02	-6.478970e-02	5.842691e-02	-1.557776e-01	1.840778e-01	-1.229494e-01	-6.404436e-01	5.519117e-01	-4.294501e-01	1.000000e+00	-9.460095e-01	8.479209e-02	-7.131708e-02	5.137255e-02	1.307055e-02	-1.141031e-01	
3.146337e-02	-1.246522e-01	1.802069e-02	-4.043939e-03	-5.768393e-02	5.109130e-02	-3.870139e-02	7.457697e-02	-5.320866e-02	-1.087021e-01	1.111795e-01	-1.152883e-01	1.544780e-01	-1.643850e-01	2.630778e-01	4.000304e-01	-2.918057e-01	1.643470e-01	-9.460095e-01	1.000000e+00	-1.836793e-01	1.928062e-01	-1.985194e-01	2.972002e-03	1.328244e-01	
2.092515e-01	-2.169914e-01	-4.680392e-01	2.262287e-01	2.708776e-01	-2.811842e-01	2.822316e-01	-2.034083e-01	1.108677e-01	1.976068e-01	-2.325486e-01	2.772877e-01	-4.014056e-03	-3.455659e-02	-1.643022e-02	2.033993e-01	-2.880756e-01	3.759747e-01	8.479209e-02	-1.836793e-01	1.000000e+00	-9.914440e-01	9.578504e-01	-8.360582e-01	7.090036e-01	
-2.184699e-01	2.360215e-01	5.184706e-01	-2.656062e-01	-2.645998e-01	2.777231e-01	-2.817490e-01	1.851932e-01	-9.035886e-02	-2.267556e-01	2.668589e-01	-3.157324e-01	2.118989e-02	2.945780e-02	4.180606e-02	-2.698678e-01	3.613034e-01	-4.526694e-01	-7.131708e-02	1.928062e-01	-9.914440e-01	1.000000e+00	-9.866791e-01	8.127719e-01	-6.802912e-01	
2.116963e-01	-2.449089e-01	-5.796716e-01	3.174125e-01	2.447631e-01	-2.619004e-01	2.706249e-01	-1.497548e-01	5.524210e-02	2.679262e-01	-3.141198e-01	3.678063e-01	-5.081505e-02	-1.709530e-02	-6.497390e-02	3.480545e-01	-4.458505e-01	5.393133e-01	5.137255e-02	-1.985194e-01	9.578504e-01	-9.866791e-01	1.000000e+00	-7.585723e-01	6.226969e-01	
-4.921410e-02	1.318216e-01	1.432280e-01	-9.948068e-02	-1.041234e-01	9.803968e-02	-9.350061e-02	1.517964e-01	-1.192433e-01	-7.143984e-02	7.285104e-02	-7.207601e-02	6.917461e-03	-3.268345e-03	2.694598e-03	-1.479370e-03	4.266638e-02	-9.721256e-02	1.307055e-02	2.972002e-03	-8.360582e-01	8.127719e-01	-7.585723e-01	1.000000e+00	-9.699688e-01	
6.062592e-02	-1.475947e-01	-4.813120e-02	5.524604e-02	5.875588e-02	-4.955281e-02	4.471420e-02	-1.145984e-01	9.783464e-02	3.079182e-02	-2.115890e-02	5.385429e-03	1.008913e-02	-7.056525e-03	3.672180e-02	-2.570447e-02	8.925693e-03	2.175899e-02	-1.141031e-01	1.328244e-01	7.090036e-01	-6.802912e-01	6.226969e-01	-9.699688e-01	1.000000e+00	

Time taken for mcmc chain: 8.233333 minutes
