Number of steps: 12786068
Number of accepted steps: 1000000
Burn-in number of steps: 320000
Accepted fraction of steps: 0.078210
Convergence Status
R[0]= 1.000630	R[1]= 1.001184	R[2]= 1.088309	R[3]= 1.073165	R[4]= 1.009487	R[5]= 1.011209	R[6]= 1.012476	R[7]= 1.000754	R[8]= 1.000539	R[9]= 1.011207	R[10]= 1.019818	R[11]= 1.034600	R[12]= 1.000786	R[13]= 1.004396	R[14]= 1.108966	R[15]= 1.020934	R[16]= 1.025718	R[17]= 1.030178	R[18]= 1.001322	R[19]= 1.002389	R[20]= 1.008915	R[21]= 1.013762	R[22]= 1.021484	R[23]= 1.000083	R[24]= 1.000612	
<R>= 1.020117

Mean parameters
A[0]= 9.709322e-01 pm 3.220406e-02
A[1]= 1.062382e+00 pm 2.671420e-02
A[2]= 6.778080e-01 pm 3.965437e-01
A[3]= 4.822341e+00 pm 1.357442e+00
A[4]= -3.635488e+03 pm 3.769097e+03
A[5]= 2.012061e+03 pm 2.464742e+03
A[6]= -5.966628e+01 pm 5.797744e+02
A[7]= 4.179289e+00 pm 1.384000e+01
A[8]= -4.087243e-02 pm 1.877398e-01
A[9]= 1.699913e+03 pm 8.895190e+03
A[10]= -1.219942e+03 pm 5.365018e+03
A[11]= 1.325460e+01 pm 1.135825e+03
A[12]= -3.631486e+01 pm 5.028953e+01
A[13]= 8.202769e-01 pm 9.665880e-01
A[14]= 6.587057e+00 pm 1.927111e+00
A[15]= -6.156272e+03 pm 5.375164e+03
A[16]= 5.027958e+03 pm 3.510329e+03
A[17]= -9.956138e+02 pm 8.258388e+02
A[18]= 2.795138e+00 pm 2.014297e+01
A[19]= 1.371504e-01 pm 2.647154e-01
A[20]= 8.754084e+03 pm 1.232668e+04
A[21]= -4.040104e+03 pm 7.458092e+03
A[22]= 1.235651e+02 pm 1.581942e+03
A[23]= -5.533571e+01 pm 6.992590e+01
A[24]= 7.413859e-01 pm 1.345536e+00

Best-fitting parameters
A[0]= 9.689759e-01
A[1]= 1.056785e+00
A[2]= 3.300031e-01
A[3]= 6.071110e+00
A[4]= -3.823679e+03
A[5]= 2.031284e+03
A[6]= -4.086390e+01
A[7]= -4.264318e+00
A[8]= 9.552787e-02
A[9]= 2.142830e+03
A[10]= -2.372049e+03
A[11]= 5.343006e+02
A[12]= -3.098719e+01
A[13]= 8.392163e-01
A[14]= 8.103326e+00
A[15]= -4.939607e+03
A[16]= 4.357522e+03
A[17]= -8.996104e+02
A[18]= -4.721646e+00
A[19]= 2.148295e-01
A[20]= 1.268073e+04
A[21]= -7.298788e+03
A[22]= 1.018728e+03
A[23]= -4.312802e+01
A[24]= 3.486963e-01
chi2_min= 9.899261e+01


Cross-Covariance parameters
1.000000e+00	-5.056294e-01	-1.913201e-01	1.117138e-01	5.436563e-02	-5.405360e-02	4.362348e-02	6.465676e-02	-7.063084e-02	-4.642973e-03	5.478423e-03	-2.311910e-02	1.578217e-01	-1.417846e-01	8.987986e-02	5.171969e-02	-5.778400e-02	5.449155e-02	7.738652e-02	-8.916309e-02	3.104849e-02	-2.470640e-02	-9.364105e-04	1.439792e-01	-1.366823e-01	
-5.056294e-01	1.000000e+00	1.749389e-01	-1.916324e-01	-2.630164e-02	3.122271e-02	-4.357134e-02	1.113461e-01	-9.732864e-02	-5.694626e-03	1.897752e-03	1.216694e-02	-8.289060e-02	4.178828e-02	-2.051440e-01	-9.252780e-03	1.526479e-02	-2.725153e-02	1.025605e-01	-9.536948e-02	-2.256645e-02	1.599190e-02	3.221897e-03	-8.562896e-02	6.319446e-02	
-1.913201e-01	1.749389e-01	1.000000e+00	-7.116400e-01	-4.140773e-02	4.948171e-02	-4.996332e-02	-3.132271e-02	4.006638e-02	-3.904143e-01	5.028740e-01	-6.357401e-01	-7.594574e-02	2.249064e-01	-6.860954e-01	-6.279000e-02	7.040407e-02	-6.937467e-02	-8.543921e-03	2.244079e-02	-4.051216e-01	5.105120e-01	-6.363306e-01	-8.330663e-02	2.318140e-01	
1.117138e-01	-1.916324e-01	-7.116400e-01	1.000000e+00	-4.797398e-01	5.332674e-01	-5.736680e-01	1.698265e-01	8.160044e-02	1.784536e-01	-2.337397e-01	3.037618e-01	2.977461e-02	-8.359673e-02	5.756157e-01	-1.275766e-02	1.265033e-02	-1.572742e-02	9.367703e-03	5.905968e-03	2.996691e-01	-3.733886e-01	4.617455e-01	4.705228e-02	-1.528518e-01	
5.436563e-02	-2.630164e-02	-4.140773e-02	-4.797398e-01	1.000000e+00	-9.832926e-01	9.355587e-01	-6.801038e-01	3.102634e-01	1.069013e-01	-1.533504e-01	2.052307e-01	6.429337e-02	-6.728435e-02	-2.492149e-02	6.884605e-02	-7.582618e-02	7.999148e-02	-1.916008e-02	-1.131876e-02	7.454347e-03	-1.699161e-02	2.809122e-02	3.093959e-02	-3.738602e-02	
-5.405360e-02	3.122271e-02	4.948171e-02	5.332674e-01	-9.832926e-01	1.000000e+00	-9.836709e-01	6.340116e-01	-2.467101e-01	-1.282359e-01	1.798169e-01	-2.374404e-01	-6.659570e-02	8.447077e-02	2.197748e-02	-7.499917e-02	8.245873e-02	-8.698227e-02	2.363840e-02	8.989570e-03	-1.236638e-02	2.315236e-02	-3.579173e-02	-3.074692e-02	3.832661e-02	
4.362348e-02	-4.357134e-02	-4.996332e-02	-5.736680e-01	9.355587e-01	-9.836709e-01	1.000000e+00	-5.705405e-01	1.818458e-01	1.495008e-01	-2.035326e-01	2.635822e-01	5.715787e-02	-8.682254e-02	-2.144958e-02	7.837919e-02	-8.626615e-02	9.147665e-02	-3.043519e-02	-3.673295e-03	1.478570e-02	-2.578993e-02	3.881943e-02	2.827203e-02	-3.582168e-02	
6.465676e-02	1.113461e-01	-3.132271e-02	1.698265e-01	-6.801038e-01	6.340116e-01	-5.705405e-01	1.000000e+00	-8.875647e-01	7.248092e-02	-4.755627e-02	9.778979e-03	-2.961952e-02	-1.265310e-01	2.120420e-02	-2.378159e-02	2.512634e-02	-2.864673e-02	4.616725e-02	-3.246263e-02	1.648792e-02	-1.789587e-02	1.880142e-02	3.007089e-03	-1.035986e-02	
-7.063084e-02	-9.732864e-02	4.006638e-02	8.160044e-02	3.102634e-01	-2.467101e-01	1.818458e-01	-8.875647e-01	1.000000e+00	-1.527866e-01	1.466594e-01	-1.268665e-01	1.237821e-02	2.029276e-01	-6.792964e-03	-5.502100e-03	7.160883e-03	-5.885992e-03	-3.180662e-02	3.027815e-02	-1.635533e-02	2.131648e-02	-2.670007e-02	-1.407170e-02	2.224871e-02	
-4.642973e-03	-5.694626e-03	-3.904143e-01	1.784536e-01	1.069013e-01	-1.282359e-01	1.495008e-01	7.248092e-02	-1.527866e-01	1.000000e+00	-9.837080e-01	9.170547e-01	-7.732086e-01	5.780479e-01	2.835838e-01	2.130257e-02	-2.307605e-02	2.205533e-02	6.993552e-03	-1.144828e-02	1.576707e-01	-2.040406e-01	2.619998e-01	3.679905e-02	-9.914167e-02	
5.478423e-03	1.897752e-03	5.028740e-01	-2.337397e-01	-1.533504e-01	1.798169e-01	-2.035326e-01	-4.755627e-02	1.466594e-01	-9.837080e-01	1.000000e+00	-9.730106e-01	7.263642e-01	-5.231098e-01	-3.610094e-01	-3.256658e-02	3.544319e-02	-3.436933e-02	-4.815609e-03	1.215626e-02	-2.072509e-01	2.671079e-01	-3.417136e-01	-4.328985e-02	1.243826e-01	
-2.311910e-02	1.216694e-02	-6.357401e-01	3.037618e-01	2.052307e-01	-2.374404e-01	2.635822e-01	9.778979e-03	-1.268665e-01	9.170547e-01	-9.730106e-01	1.000000e+00	-6.182056e-01	4.134910e-01	4.527098e-01	4.543083e-02	-4.967499e-02	4.868118e-02	1.275614e-03	-1.212917e-02	2.676905e-01	-3.440199e-01	4.391861e-01	4.755010e-02	-1.517332e-01	
1.578217e-01	-8.289060e-02	-7.594574e-02	2.977461e-02	6.429337e-02	-6.659570e-02	5.715787e-02	-2.961952e-02	1.237821e-02	-7.732086e-01	7.263642e-01	-6.182056e-01	1.000000e+00	-9.436186e-01	3.595739e-02	2.109085e-02	-2.520016e-02	2.676751e-02	5.399577e-03	-1.304148e-02	3.449366e-02	-3.932563e-02	4.166148e-02	1.460834e-02	-2.261846e-02	
-1.417846e-01	4.178828e-02	2.249064e-01	-8.359673e-02	-6.728435e-02	8.447077e-02	-8.682254e-02	-1.265310e-01	2.029276e-01	5.780479e-01	-5.231098e-01	4.134910e-01	-9.436186e-01	1.000000e+00	-1.360892e-01	-3.440162e-02	3.978280e-02	-4.089333e-02	-1.044859e-02	2.124636e-02	-9.872529e-02	1.225959e-01	-1.489707e-01	-2.527731e-02	5.951148e-02	
8.987986e-02	-2.051440e-01	-6.860954e-01	5.756157e-01	-2.492149e-02	2.197748e-02	-2.144958e-02	2.120420e-02	-6.792964e-03	2.835838e-01	-3.610094e-01	4.527098e-01	3.595739e-02	-1.360892e-01	1.000000e+00	-4.678632e-01	5.293492e-01	-5.775318e-01	1.058164e-01	1.407865e-01	1.621528e-01	-2.083924e-01	2.707799e-01	3.204760e-02	-8.004907e-02	
5.171969e-02	-9.252780e-03	-6.279000e-02	-1.275766e-02	6.884605e-02	-7.499917e-02	7.837919e-02	-2.378159e-02	-5.502100e-03	2.130257e-02	-3.256658e-02	4.543083e-02	2.109085e-02	-3.440162e-02	-4.678632e-01	1.000000e+00	-9.825491e-01	9.321736e-01	-6.637927e-01	3.133538e-01	2.024125e-01	-2.430342e-01	2.819572e-01	-1.194176e-03	-4.372522e-02	
-5.778400e-02	1.526479e-02	7.040407e-02	1.265033e-02	-7.582618e-02	8.245873e-02	-8.626615e-02	2.512634e-02	7.160883e-03	-2.307605e-02	3.544319e-02	-4.967499e-02	-2.520016e-02	3.978280e-02	5.293492e-01	-9.825491e-01	1.000000e+00	-9.827302e-01	6.038272e-01	-2.337378e-01	-2.169437e-01	2.637027e-01	-3.094330e-01	-1.211303e-02	6.922935e-02	
5.449155e-02	-2.725153e-02	-6.937467e-02	-1.572742e-02	7.999148e-02	-8.698227e-02	9.147665e-02	-2.864673e-02	-5.885992e-03	2.205533e-02	-3.436933e-02	4.868118e-02	2.676751e-02	-4.089333e-02	-5.775318e-01	9.321736e-01	-9.827302e-01	1.000000e+00	-5.248478e-01	1.502753e-01	2.244741e-01	-2.752089e-01	3.255520e-01	1.910740e-02	-8.447432e-02	
7.738652e-02	1.025605e-01	-8.543921e-03	9.367703e-03	-1.916008e-02	2.363840e-02	-3.043519e-02	4.616725e-02	-3.180662e-02	6.993552e-03	-4.815609e-03	1.275614e-03	5.399577e-03	-1.044859e-02	1.058164e-01	-6.637927e-01	6.038272e-01	-5.248478e-01	1.000000e+00	-9.019098e-01	-5.421300e-02	6.642917e-02	-7.948068e-02	7.830793e-02	-1.400233e-01	
-8.916309e-02	-9.536948e-02	2.244079e-02	5.905968e-03	-1.131876e-02	8.989570e-03	-3.673295e-03	-3.246263e-02	3.027815e-02	-1.144828e-02	1.215626e-02	-1.212917e-02	-1.304148e-02	2.124636e-02	1.407865e-01	3.133538e-01	-2.337378e-01	1.502753e-01	-9.019098e-01	1.000000e+00	-3.337188e-02	3.905502e-02	-4.222333e-02	-9.814526e-02	2.075623e-01	
3.104849e-02	-2.256645e-02	-4.051216e-01	2.996691e-01	7.454347e-03	-1.236638e-02	1.478570e-02	1.648792e-02	-1.635533e-02	1.576707e-01	-2.072509e-01	2.676905e-01	3.449366e-02	-9.872529e-02	1.621528e-01	2.024125e-01	-2.169437e-01	2.244741e-01	-5.421300e-02	-3.337188e-02	1.000000e+00	-9.847157e-01	9.220393e-01	-7.607864e-01	5.916108e-01	
-2.470640e-02	1.599190e-02	5.105120e-01	-3.733886e-01	-1.699161e-02	2.315236e-02	-2.578993e-02	-1.789587e-02	2.131648e-02	-2.040406e-01	2.671079e-01	-3.440199e-01	-3.932563e-02	1.225959e-01	-2.083924e-01	-2.430342e-01	2.637027e-01	-2.752089e-01	6.642917e-02	3.905502e-02	-9.847157e-01	1.000000e+00	-9.745564e-01	7.122628e-01	-5.323291e-01	
-9.364105e-04	3.221897e-03	-6.363306e-01	4.617455e-01	2.809122e-02	-3.579173e-02	3.881943e-02	1.880142e-02	-2.670007e-02	2.619998e-01	-3.417136e-01	4.391861e-01	4.166148e-02	-1.489707e-01	2.707799e-01	2.819572e-01	-3.094330e-01	3.255520e-01	-7.948068e-02	-4.222333e-02	9.220393e-01	-9.745564e-01	1.000000e+00	-6.051716e-01	4.186706e-01	
1.439792e-01	-8.562896e-02	-8.330663e-02	4.705228e-02	3.093959e-02	-3.074692e-02	2.827203e-02	3.007089e-03	-1.407170e-02	3.679905e-02	-4.328985e-02	4.755010e-02	1.460834e-02	-2.527731e-02	3.204760e-02	-1.194176e-03	-1.211303e-02	1.910740e-02	7.830793e-02	-9.814526e-02	-7.607864e-01	7.122628e-01	-6.051716e-01	1.000000e+00	-9.610786e-01	
-1.366823e-01	6.319446e-02	2.318140e-01	-1.528518e-01	-3.738602e-02	3.832661e-02	-3.582168e-02	-1.035986e-02	2.224871e-02	-9.914167e-02	1.243826e-01	-1.517332e-01	-2.261846e-02	5.951148e-02	-8.004907e-02	-4.372522e-02	6.922935e-02	-8.447432e-02	-1.400233e-01	2.075623e-01	5.916108e-01	-5.323291e-01	4.186706e-01	-9.610786e-01	1.000000e+00	

Time taken for mcmc chain: 1.347778 hours
