Number of steps: 4850414
Number of accepted steps: 1000000
Burn-in number of steps: 320000
Accepted fraction of steps: 0.206168
Convergence Status
R[0]= 1.002499	R[1]= 1.004235	R[2]= 1.020959	R[3]= 1.021938	R[4]= 1.002267	R[5]= 1.003121	R[6]= 1.004143	R[7]= 1.000362	R[8]= 1.000768	R[9]= 1.003026	R[10]= 1.004461	R[11]= 1.006945	R[12]= 1.001089	R[13]= 1.001088	R[14]= 1.012651	R[15]= 1.010705	R[16]= 1.013545	R[17]= 1.015519	R[18]= 1.001920	R[19]= 1.004001	R[20]= 1.002301	R[21]= 1.003601	R[22]= 1.005856	R[23]= 1.005248	R[24]= 1.005865	
<R>= 1.006325

Mean parameters
A[0]= 9.472141e-01 pm 3.598949e-02
A[1]= 1.072352e+00 pm 3.400343e-02
A[2]= 7.151750e-01 pm 4.970129e-01
A[3]= 2.945673e+00 pm 1.015007e+00
A[4]= -5.534248e+01 pm 3.099923e+03
A[5]= -1.065246e+03 pm 1.864142e+03
A[6]= 8.298987e+02 pm 3.864791e+02
A[7]= 1.119705e+00 pm 1.262470e+01
A[8]= -2.362211e-01 pm 1.795957e-01
A[9]= -9.713949e+01 pm 7.690200e+03
A[10]= -6.694470e+02 pm 4.396190e+03
A[11]= 6.735838e+01 pm 8.370233e+02
A[12]= 4.149608e+00 pm 4.707471e+01
A[13]= -4.029540e-01 pm 8.948472e-01
A[14]= 3.940687e+00 pm 1.334047e+00
A[15]= -3.545812e+03 pm 4.326416e+03
A[16]= 1.563713e+03 pm 2.634813e+03
A[17]= 2.365409e+02 pm 5.512972e+02
A[18]= -4.777133e+00 pm 1.923857e+01
A[19]= -2.498419e-02 pm 2.660623e-01
A[20]= 2.051757e+03 pm 1.038066e+04
A[21]= -1.982765e+03 pm 5.963579e+03
A[22]= 1.995510e+02 pm 1.141430e+03
A[23]= -1.809215e+01 pm 6.708326e+01
A[24]= -1.494638e-01 pm 1.288954e+00

Best-fitting parameters
A[0]= 9.475425e-01
A[1]= 1.067492e+00
A[2]= 8.040738e-01
A[3]= 3.074914e+00
A[4]= -1.168573e+03
A[5]= -2.472099e+02
A[6]= 6.349016e+02
A[7]= -2.405271e+00
A[8]= -1.777550e-01
A[9]= -2.391400e+03
A[10]= 1.072601e+03
A[11]= -3.289626e+02
A[12]= -2.061939e+00
A[13]= -1.402699e-01
A[14]= 4.340441e+00
A[15]= -5.921193e+03
A[16]= 3.310525e+03
A[17]= -1.987274e+02
A[18]= -1.814233e+00
A[19]= -5.279361e-02
A[20]= 3.849397e+01
A[21]= -3.547222e+02
A[22]= -2.311016e+02
A[23]= -2.321224e+01
A[24]= -1.332915e-01
chi2_min= 9.022257e+01


Cross-Covariance parameters
1.000000e+00	-5.313969e-01	-1.604641e-01	7.917776e-02	5.221790e-02	-5.496658e-02	5.002595e-02	4.867947e-02	-3.997249e-02	-1.098441e-02	2.185120e-02	-4.825252e-02	1.047709e-01	-7.871084e-02	8.489470e-02	4.591800e-02	-4.812681e-02	4.378189e-02	6.105460e-02	-5.460082e-02	-2.297483e-02	3.347426e-02	-6.107122e-02	1.286326e-01	-1.094377e-01	
-5.313969e-01	1.000000e+00	2.029615e-01	-2.059430e-01	-4.688672e-02	5.068088e-02	-6.247041e-02	1.333454e-01	-1.231043e-01	2.338038e-02	-2.976360e-02	4.320861e-02	-8.908530e-02	3.933032e-02	-2.257690e-01	-2.834742e-02	3.373106e-02	-4.582096e-02	1.225783e-01	-1.114921e-01	1.402003e-02	-1.794159e-02	3.237412e-02	-7.297730e-02	4.255570e-02	
-1.604641e-01	2.029615e-01	1.000000e+00	-7.130225e-01	-5.466041e-03	9.481246e-03	-7.101711e-03	-1.076960e-02	-6.230467e-03	-2.868793e-01	3.688764e-01	-4.719518e-01	-2.090295e-01	2.508663e-01	-6.252377e-01	-1.194528e-01	1.356384e-01	-1.418922e-01	-6.074711e-02	7.056457e-02	-2.424074e-01	3.297696e-01	-4.413097e-01	-2.962849e-01	3.375970e-01	
7.917776e-02	-2.059430e-01	-7.130225e-01	1.000000e+00	-4.345678e-01	4.954534e-01	-5.456453e-01	-7.936055e-02	1.960721e-01	1.573312e-01	-2.027681e-01	2.645093e-01	8.337540e-02	-7.880735e-02	5.111367e-01	6.364088e-02	-7.573125e-02	8.248921e-02	2.000778e-02	-2.317727e-02	1.891577e-01	-2.538657e-01	3.366468e-01	2.047670e-01	-2.328954e-01	
5.221790e-02	-4.688672e-02	-5.466041e-03	-4.345678e-01	1.000000e+00	-9.846158e-01	9.368994e-01	-5.254389e-01	3.122555e-01	1.297063e-02	-3.744313e-02	6.600917e-02	1.037906e-01	-5.654693e-02	-3.159449e-02	3.305630e-02	-3.641747e-02	3.899216e-02	3.081029e-03	-9.178321e-03	-3.105629e-03	4.132025e-03	-6.767137e-03	1.350955e-02	-1.384381e-02	
-5.496658e-02	5.068088e-02	9.481246e-03	4.954534e-01	-9.846158e-01	1.000000e+00	-9.828339e-01	4.660774e-01	-2.548980e-01	-1.561369e-02	4.367132e-02	-7.664991e-02	-1.247652e-01	8.523684e-02	3.206213e-02	-3.818007e-02	4.167261e-02	-4.425491e-02	-4.960411e-03	1.237665e-02	1.636909e-03	-2.275988e-03	4.447204e-03	-1.612830e-02	1.701117e-02	
5.002595e-02	-6.247041e-02	-7.101711e-03	-5.456453e-01	9.368994e-01	-9.828339e-01	1.000000e+00	-4.024712e-01	2.060315e-01	2.118292e-02	-5.140880e-02	8.721451e-02	1.319233e-01	-9.674618e-02	-3.348792e-02	4.056143e-02	-4.396753e-02	4.671099e-02	3.014082e-03	-1.161007e-02	-2.494808e-03	3.392825e-03	-5.824406e-03	1.572014e-02	-1.640923e-02	
4.867947e-02	1.333454e-01	-1.076960e-02	-7.936055e-02	-5.254389e-01	4.660774e-01	-4.024712e-01	1.000000e+00	-9.520567e-01	1.423239e-01	-1.356701e-01	1.161843e-01	-2.094579e-02	-1.582463e-01	-4.567539e-03	1.333231e-03	1.500611e-03	-6.968967e-03	4.175109e-02	-3.751393e-02	2.792089e-03	-4.632486e-03	7.997598e-03	1.743938e-02	-2.265058e-02	
-3.997249e-02	-1.231043e-01	-6.230467e-03	1.960721e-01	3.122555e-01	-2.548980e-01	2.060315e-01	-9.520567e-01	1.000000e+00	-1.578949e-01	1.556334e-01	-1.391652e-01	1.026036e-02	1.904079e-01	2.200351e-02	-6.871507e-03	4.941870e-03	-5.452027e-04	-3.774393e-02	3.564262e-02	3.254188e-03	-2.547513e-03	6.371867e-04	-1.410001e-02	1.866519e-02	
-1.098441e-02	2.338038e-02	-2.868793e-01	1.573312e-01	1.297063e-02	-1.561369e-02	2.118292e-02	1.423239e-01	-1.578949e-01	1.000000e+00	-9.886032e-01	9.435209e-01	-7.562269e-01	6.255716e-01	1.884187e-01	2.742866e-02	-3.148075e-02	3.224606e-02	3.086102e-02	-3.110630e-02	7.275894e-02	-1.015119e-01	1.393001e-01	8.982808e-02	-1.052652e-01	
2.185120e-02	-2.976360e-02	3.688764e-01	-2.027681e-01	-3.744313e-02	4.367132e-02	-5.140880e-02	-1.356701e-01	1.556334e-01	-9.886032e-01	1.000000e+00	-9.819903e-01	7.356568e-01	-6.091092e-01	-2.404294e-01	-3.998342e-02	4.542566e-02	-4.670751e-02	-3.526181e-02	3.683053e-02	-9.781253e-02	1.348731e-01	-1.835662e-01	-1.121396e-01	1.323964e-01	
-4.825252e-02	4.320861e-02	-4.719518e-01	2.645093e-01	6.600917e-02	-7.664991e-02	8.721451e-02	1.161843e-01	-1.391652e-01	9.435209e-01	-9.819903e-01	1.000000e+00	-6.794540e-01	5.648987e-01	3.052967e-01	5.534340e-02	-6.264856e-02	6.475185e-02	4.093832e-02	-4.434847e-02	1.297794e-01	-1.775486e-01	2.404897e-01	1.395646e-01	-1.663006e-01	
1.047709e-01	-8.908530e-02	-2.090295e-01	8.337540e-02	1.037906e-01	-1.247652e-01	1.319233e-01	-2.094579e-02	1.026036e-02	-7.562269e-01	7.356568e-01	-6.794540e-01	1.000000e+00	-9.599997e-01	1.245938e-01	3.824934e-02	-4.349312e-02	4.612071e-02	1.979364e-02	-2.390955e-02	5.243151e-02	-6.819754e-02	8.764747e-02	7.334006e-02	-8.144327e-02	
-7.871084e-02	3.933032e-02	2.508663e-01	-7.880735e-02	-5.654693e-02	8.523684e-02	-9.674618e-02	-1.582463e-01	1.904079e-01	6.255716e-01	-6.091092e-01	5.648987e-01	-9.599997e-01	1.000000e+00	-1.490127e-01	-4.164492e-02	4.721859e-02	-4.934021e-02	-2.924051e-02	3.297284e-02	-6.427993e-02	8.521415e-02	-1.121800e-01	-8.667591e-02	9.839800e-02	
8.489470e-02	-2.257690e-01	-6.252377e-01	5.111367e-01	-3.159449e-02	3.206213e-02	-3.348792e-02	-4.567539e-03	2.200351e-02	1.884187e-01	-2.404294e-01	3.052967e-01	1.245938e-01	-1.490127e-01	1.000000e+00	-3.995926e-01	4.617296e-01	-5.132825e-01	-1.623076e-01	2.607299e-01	8.085416e-02	-1.176638e-01	1.710057e-01	9.000544e-02	-8.104030e-02	
4.591800e-02	-2.834742e-02	-1.194528e-01	6.364088e-02	3.305630e-02	-3.818007e-02	4.056143e-02	1.333231e-03	-6.871507e-03	2.742866e-02	-3.998342e-02	5.534340e-02	3.824934e-02	-4.164492e-02	-3.995926e-01	1.000000e+00	-9.841308e-01	9.359111e-01	-4.249804e-01	2.309326e-01	1.301738e-01	-1.618245e-01	1.954408e-01	9.939360e-02	-9.986598e-02	
-4.812681e-02	3.373106e-02	1.356384e-01	-7.573125e-02	-3.641747e-02	4.167261e-02	-4.396753e-02	1.500611e-03	4.941870e-03	-3.148075e-02	4.542566e-02	-6.264856e-02	-4.349312e-02	4.721859e-02	4.617296e-01	-9.841308e-01	1.000000e+00	-9.828311e-01	3.523290e-01	-1.601538e-01	-1.393790e-01	1.763660e-01	-2.161405e-01	-1.248676e-01	1.314698e-01	
4.378189e-02	-4.582096e-02	-1.418922e-01	8.248921e-02	3.899216e-02	-4.425491e-02	4.671099e-02	-6.968967e-03	-5.452027e-04	3.224606e-02	-4.670751e-02	6.475185e-02	4.612071e-02	-4.934021e-02	-5.132825e-01	9.359111e-01	-9.828311e-01	1.000000e+00	-2.779797e-01	9.821409e-02	1.422011e-01	-1.834552e-01	2.284792e-01	1.409211e-01	-1.505372e-01	
6.105460e-02	1.225783e-01	-6.074711e-02	2.000778e-02	3.081029e-03	-4.960411e-03	3.014082e-03	4.175109e-02	-3.774393e-02	3.086102e-02	-3.526181e-02	4.093832e-02	1.979364e-02	-2.924051e-02	-1.623076e-01	-4.249804e-01	3.523290e-01	-2.779797e-01	1.000000e+00	-9.641446e-01	5.097923e-02	-5.641878e-02	5.896670e-02	1.277779e-01	-2.216066e-01	
-5.460082e-02	-1.114921e-01	7.056457e-02	-2.317727e-02	-9.178321e-03	1.237665e-02	-1.161007e-02	-3.751393e-02	3.564262e-02	-3.110630e-02	3.683053e-02	-4.434847e-02	-2.390955e-02	3.297284e-02	2.607299e-01	2.309326e-01	-1.601538e-01	9.821409e-02	-9.641446e-01	1.000000e+00	-7.851470e-02	8.833715e-02	-9.393646e-02	-1.507343e-01	2.593770e-01	
-2.297483e-02	1.402003e-02	-2.424074e-01	1.891577e-01	-3.105629e-03	1.636909e-03	-2.494808e-03	2.792089e-03	3.254188e-03	7.275894e-02	-9.781253e-02	1.297794e-01	5.243151e-02	-6.427993e-02	8.085416e-02	1.301738e-01	-1.393790e-01	1.422011e-01	5.097923e-02	-7.851470e-02	1.000000e+00	-9.882010e-01	9.409672e-01	-7.178914e-01	6.107288e-01	
3.347426e-02	-1.794159e-02	3.297696e-01	-2.538657e-01	4.132025e-03	-2.275988e-03	3.392825e-03	-4.632486e-03	-2.547513e-03	-1.015119e-01	1.348731e-01	-1.775486e-01	-6.819754e-02	8.521415e-02	-1.176638e-01	-1.618245e-01	1.763660e-01	-1.834552e-01	-5.641878e-02	8.833715e-02	-9.882010e-01	1.000000e+00	-9.810097e-01	6.882307e-01	-5.832361e-01	
-6.107122e-02	3.237412e-02	-4.413097e-01	3.366468e-01	-6.767137e-03	4.447204e-03	-5.824406e-03	7.997598e-03	6.371867e-04	1.393001e-01	-1.835662e-01	2.404897e-01	8.764747e-02	-1.121800e-01	1.710057e-01	1.954408e-01	-2.161405e-01	2.284792e-01	5.896670e-02	-9.393646e-02	9.409672e-01	-9.810097e-01	1.000000e+00	-6.201507e-01	5.234773e-01	
1.286326e-01	-7.297730e-02	-2.962849e-01	2.047670e-01	1.350955e-02	-1.612830e-02	1.572014e-02	1.743938e-02	-1.410001e-02	8.982808e-02	-1.121396e-01	1.395646e-01	7.334006e-02	-8.667591e-02	9.000544e-02	9.939360e-02	-1.248676e-01	1.409211e-01	1.277779e-01	-1.507343e-01	-7.178914e-01	6.882307e-01	-6.201507e-01	1.000000e+00	-9.766229e-01	
-1.094377e-01	4.255570e-02	3.375970e-01	-2.328954e-01	-1.384381e-02	1.701117e-02	-1.640923e-02	-2.265058e-02	1.866519e-02	-1.052652e-01	1.323964e-01	-1.663006e-01	-8.144327e-02	9.839800e-02	-8.104030e-02	-9.986598e-02	1.314698e-01	-1.505372e-01	-2.216066e-01	2.593770e-01	6.107288e-01	-5.832361e-01	5.234773e-01	-9.766229e-01	1.000000e+00	

Time taken for mcmc chain: 33.916667 minutes
