Number of steps: 1272893
Number of accepted steps: 1000000
Burn-in number of steps: 320000
Accepted fraction of steps: 0.785612
Convergence Status
R[0]= 1.018183	R[1]= 1.131237	R[2]= 1.065046	R[3]= 1.039976	R[4]= 1.046416	R[5]= 1.041340	R[6]= 1.034911	R[7]= 1.044821	R[8]= 1.075917	R[9]= 1.073733	R[10]= 1.083165	R[11]= 1.091415	R[12]= 1.028993	R[13]= 1.031219	R[14]= 1.051115	R[15]= 1.222962	R[16]= 1.221465	R[17]= 1.187691	R[18]= 1.072640	R[19]= 1.040632	R[20]= 1.046046	R[21]= 1.052851	R[22]= 1.058375	R[23]= 1.174361	R[24]= 1.228393	
<R>= 1.086516

Mean parameters
A[0]= 9.599673e-01 pm 3.309992e-02
A[1]= 1.042752e+00 pm 2.638530e-02
A[2]= 9.195928e-01 pm 2.942542e-01
A[3]= 1.632857e+00 pm 4.538655e-01
A[4]= 2.504674e+03 pm 3.078186e+03
A[5]= -2.799224e+03 pm 1.795272e+03
A[6]= 1.209467e+03 pm 3.686192e+02
A[7]= 5.973121e+00 pm 1.262717e+01
A[8]= -3.053933e-01 pm 1.788736e-01
A[9]= 1.368511e+03 pm 7.453864e+03
A[10]= -1.389349e+03 pm 4.161419e+03
A[11]= 1.422141e+02 pm 7.640833e+02
A[12]= -2.393067e-01 pm 4.316990e+01
A[13]= -2.905874e-01 pm 8.297845e-01
A[14]= 2.027422e+00 pm 6.556582e-01
A[15]= 3.467935e+02 pm 3.986518e+03
A[16]= -1.133599e+03 pm 2.320070e+03
A[17]= 8.368978e+02 pm 4.696314e+02
A[18]= 4.804388e+00 pm 1.795229e+01
A[19]= -1.671175e-01 pm 2.327589e-01
A[20]= 4.700107e+03 pm 1.041401e+04
A[21]= -3.522739e+03 pm 5.874655e+03
A[22]= 4.387741e+02 pm 1.079581e+03
A[23]= -2.110391e+01 pm 6.807997e+01
A[24]= -6.977394e-02 pm 1.308297e+00

Best-fitting parameters
A[0]= 9.888592e-01
A[1]= 1.051947e+00
A[2]= 1.759564e+00
A[3]= 1.867299e+00
A[4]= -2.795587e+03
A[5]= 9.952686e+02
A[6]= 3.077585e+02
A[7]= 5.586924e+00
A[8]= -2.053137e-01
A[9]= -9.097931e+03
A[10]= 5.642197e+03
A[11]= -1.490166e+03
A[12]= -2.125957e+01
A[13]= 4.063597e-01
A[14]= 1.720839e+00
A[15]= -1.370009e+03
A[16]= 4.869632e+02
A[17]= 4.081702e+02
A[18]= -1.275960e+00
A[19]= -5.609900e-03
A[20]= 3.460035e+03
A[21]= -1.753120e+03
A[22]= -1.897889e+02
A[23]= -7.879128e+01
A[24]= 1.297030e+00
chi2_min= 9.482452e+01


Cross-Covariance parameters
1.000000e+00	-1.747433e-01	-2.514229e-01	2.489265e-01	3.984815e-02	9.015711e-03	-6.910174e-02	5.430298e-02	-2.246483e-02	2.031099e-02	-2.113853e-02	2.139180e-03	-8.625441e-03	5.317536e-02	1.551571e-01	2.267646e-02	3.291058e-03	-3.764082e-02	7.564928e-02	-6.258347e-02	1.716943e-01	-1.468303e-01	1.021158e-01	-3.956396e-02	1.475078e-02	
-1.747433e-01	1.000000e+00	5.236487e-01	-4.302054e-01	4.472409e-03	2.122238e-03	-3.194378e-02	8.483341e-02	-9.815060e-02	1.960952e-03	2.485943e-02	-6.028446e-02	-5.354619e-02	-1.268746e-03	-3.904562e-01	-1.252756e-01	1.153704e-01	-1.136399e-01	2.239819e-01	-2.171540e-01	-2.130772e-01	2.150179e-01	-2.186435e-01	1.217639e-01	-1.384259e-01	
-2.514229e-01	5.236487e-01	1.000000e+00	-4.108921e-01	-2.342558e-01	2.523712e-01	-2.788599e-01	1.296754e-02	4.198106e-02	-1.978364e-01	2.508461e-01	-3.291401e-01	-1.502004e-01	1.897941e-01	-4.025705e-01	-3.103622e-01	3.206777e-01	-3.173707e-01	2.241968e-01	-1.704788e-01	-1.389339e-01	1.469483e-01	-1.700064e-01	-1.864868e-01	2.046785e-01	
2.489265e-01	-4.302054e-01	-4.108921e-01	1.000000e+00	-4.494756e-01	5.289215e-01	-5.879714e-01	4.110457e-02	9.303254e-02	-1.081291e-01	1.258446e-01	-1.474292e-01	3.160058e-02	2.628145e-02	3.406077e-01	3.724178e-02	-2.534102e-02	1.717868e-02	-1.340294e-01	1.713294e-01	4.915780e-02	-5.426148e-02	6.485287e-02	-8.239982e-04	3.522403e-02	
3.984815e-02	4.472409e-03	-2.342558e-01	-4.494756e-01	1.000000e+00	-9.851034e-01	9.337986e-01	-6.746442e-01	4.782168e-01	1.254597e-01	-1.715141e-01	2.392881e-01	4.623616e-02	1.941994e-02	5.364824e-02	1.101050e-01	-1.074845e-01	1.007103e-01	-7.043879e-02	3.561539e-02	2.658994e-02	-2.776634e-02	2.763943e-02	8.382065e-02	-1.229199e-01	
9.015711e-03	2.122238e-03	2.523712e-01	5.289215e-01	-9.851034e-01	1.000000e+00	-9.806464e-01	6.363792e-01	-4.347254e-01	-1.464855e-01	1.981432e-01	-2.739730e-01	-6.215597e-02	1.312028e-02	-2.900812e-02	-1.350265e-01	1.384379e-01	-1.369732e-01	7.406376e-02	-2.785551e-02	-2.996167e-02	3.509557e-02	-4.085771e-02	-8.994056e-02	1.309032e-01	
-6.910174e-02	-3.194378e-02	-2.788599e-01	-5.879714e-01	9.337986e-01	-9.806464e-01	1.000000e+00	-5.807366e-01	3.859405e-01	1.676207e-01	-2.245839e-01	3.085064e-01	7.369838e-02	-3.964001e-02	1.190059e-02	1.613210e-01	-1.718018e-01	1.770016e-01	-8.498739e-02	2.882308e-02	4.204477e-02	-5.084073e-02	6.244705e-02	8.976714e-02	-1.309935e-01	
5.430298e-02	8.483341e-02	1.296754e-02	4.110457e-02	-6.746442e-01	6.363792e-01	-5.807366e-01	1.000000e+00	-9.560129e-01	1.336230e-01	-1.132985e-01	7.584678e-02	-2.895642e-02	-1.895020e-01	-2.996059e-02	-3.769768e-02	3.886725e-02	-5.150276e-02	1.289422e-01	-1.476352e-01	-2.669488e-02	4.511086e-02	-6.190279e-02	7.102655e-02	-7.239456e-02	
-2.246483e-02	-9.815060e-02	4.198106e-02	9.303254e-02	4.782168e-01	-4.347254e-01	3.859405e-01	-9.560129e-01	1.000000e+00	-1.909092e-01	1.804679e-01	-1.567688e-01	1.078928e-02	2.453565e-01	1.935824e-02	1.701369e-02	-2.068909e-02	3.754538e-02	-1.243097e-01	1.534396e-01	6.926774e-02	-8.795210e-02	1.033587e-01	-1.351625e-01	1.418774e-01	
2.031099e-02	1.960952e-03	-1.978364e-01	-1.081291e-01	1.254597e-01	-1.464855e-01	1.676207e-01	1.336230e-01	-1.909092e-01	1.000000e+00	-9.920143e-01	9.567112e-01	-8.064366e-01	6.436816e-01	2.174934e-01	-1.227112e-01	1.287238e-01	-1.337948e-01	7.197322e-02	-5.032231e-02	-7.609980e-02	8.727027e-02	-9.794128e-02	1.553290e-01	-1.849809e-01	
-2.113853e-02	2.485943e-02	2.508461e-01	1.258446e-01	-1.715141e-01	1.981432e-01	-2.245839e-01	-1.132985e-01	1.804679e-01	-9.920143e-01	1.000000e+00	-9.850920e-01	8.093495e-01	-6.516095e-01	-2.213783e-01	8.072640e-02	-8.623705e-02	9.196896e-02	-4.487838e-02	3.485043e-02	4.768003e-02	-5.671211e-02	6.470114e-02	-1.467501e-01	1.797690e-01	
2.139180e-03	-6.028446e-02	-3.291401e-01	-1.474292e-01	2.392881e-01	-2.739730e-01	3.085064e-01	7.584678e-02	-1.567688e-01	9.567112e-01	-9.850920e-01	1.000000e+00	-7.843527e-01	6.388863e-01	2.246559e-01	-2.860492e-02	3.072108e-02	-3.427640e-02	1.181164e-02	-1.588075e-02	-7.530567e-03	1.323824e-02	-1.637513e-02	1.350977e-01	-1.713473e-01	
-8.625441e-03	-5.354619e-02	-1.502004e-01	3.160058e-02	4.623616e-02	-6.215597e-02	7.369838e-02	-2.895642e-02	1.078928e-02	-8.064366e-01	8.093495e-01	-7.843527e-01	1.000000e+00	-9.451484e-01	-1.023444e-01	2.191645e-01	-2.312169e-01	2.316008e-01	-9.421347e-02	4.202068e-02	4.155394e-03	-1.493899e-02	3.358312e-02	5.860147e-02	-4.566622e-02	
5.317536e-02	-1.268746e-03	1.897941e-01	2.628145e-02	1.941994e-02	1.312028e-02	-3.964001e-02	-1.895020e-01	2.453565e-01	6.436816e-01	-6.516095e-01	6.388863e-01	-9.451484e-01	1.000000e+00	8.767435e-02	-2.176934e-01	2.268500e-01	-2.200362e-01	6.541441e-02	-6.420488e-03	5.062094e-02	-4.201601e-02	2.287235e-02	-1.315769e-01	1.208322e-01	
1.551571e-01	-3.904562e-01	-4.025705e-01	3.406077e-01	5.364824e-02	-2.900812e-02	1.190059e-02	-2.996059e-02	1.935824e-02	2.174934e-01	-2.213783e-01	2.246559e-01	-1.023444e-01	8.767435e-02	1.000000e+00	-3.239549e-01	4.182885e-01	-5.161726e-01	-2.308704e-01	3.541837e-01	-1.170374e-01	1.365603e-01	-1.652129e-01	3.884471e-02	1.280106e-02	
2.267646e-02	-1.252756e-01	-3.103622e-01	3.724178e-02	1.101050e-01	-1.350265e-01	1.613210e-01	-3.769768e-02	1.701369e-02	-1.227112e-01	8.072640e-02	-2.860492e-02	2.191645e-01	-2.176934e-01	-3.239549e-01	1.000000e+00	-9.845018e-01	9.274677e-01	-6.568927e-01	4.569753e-01	1.360867e-01	-1.492424e-01	1.696579e-01	1.117431e-01	-1.400105e-01	
3.291058e-03	1.153704e-01	3.206777e-01	-2.534102e-02	-1.074845e-01	1.384379e-01	-1.718018e-01	3.886725e-02	-2.068909e-02	1.287238e-01	-8.623705e-02	3.072108e-02	-2.312169e-01	2.268500e-01	4.182885e-01	-9.845018e-01	1.000000e+00	-9.777804e-01	6.151406e-01	-4.136275e-01	-1.658476e-01	1.840454e-01	-2.131903e-01	-1.007291e-01	1.326102e-01	
-3.764082e-02	-1.136399e-01	-3.173707e-01	1.717868e-02	1.007103e-01	-1.369732e-01	1.770016e-01	-5.150276e-02	3.754538e-02	-1.337948e-01	9.196896e-02	-3.427640e-02	2.316008e-01	-2.200362e-01	-5.161726e-01	9.274677e-01	-9.777804e-01	1.000000e+00	-5.443744e-01	3.532351e-01	1.942624e-01	-2.197955e-01	2.607061e-01	7.626383e-02	-1.078633e-01	
7.564928e-02	2.239819e-01	2.241968e-01	-1.340294e-01	-7.043879e-02	7.406376e-02	-8.498739e-02	1.289422e-01	-1.243097e-01	7.197322e-02	-4.487838e-02	1.181164e-02	-9.421347e-02	6.541441e-02	-2.308704e-01	-6.568927e-01	6.151406e-01	-5.443744e-01	1.000000e+00	-9.563493e-01	-7.314435e-04	6.122738e-03	-1.249748e-02	-1.727358e-02	-3.273901e-02	
-6.258347e-02	-2.171540e-01	-1.704788e-01	1.713294e-01	3.561539e-02	-2.785551e-02	2.882308e-02	-1.476352e-01	1.534396e-01	-5.032231e-02	3.485043e-02	-1.588075e-02	4.202068e-02	-6.420488e-03	3.541837e-01	4.569753e-01	-4.136275e-01	3.532351e-01	-9.563493e-01	1.000000e+00	-3.476235e-02	3.233029e-02	-3.011390e-02	-1.966447e-02	9.663511e-02	
1.716943e-01	-2.130772e-01	-1.389339e-01	4.915780e-02	2.658994e-02	-2.996167e-02	4.204477e-02	-2.669488e-02	6.926774e-02	-7.609980e-02	4.768003e-02	-7.530567e-03	4.155394e-03	5.062094e-02	-1.170374e-01	1.360867e-01	-1.658476e-01	1.942624e-01	-7.314435e-04	-3.476235e-02	1.000000e+00	-9.930838e-01	9.651469e-01	-8.486524e-01	7.699039e-01	
-1.468303e-01	2.150179e-01	1.469483e-01	-5.426148e-02	-2.776634e-02	3.509557e-02	-5.084073e-02	4.511086e-02	-8.795210e-02	8.727027e-02	-5.671211e-02	1.323824e-02	-1.493899e-02	-4.201601e-02	1.365603e-01	-1.492424e-01	1.840454e-01	-2.197955e-01	6.122738e-03	3.233029e-02	-9.930838e-01	1.000000e+00	-9.886857e-01	8.711811e-01	-7.987182e-01	
1.021158e-01	-2.186435e-01	-1.700064e-01	6.485287e-02	2.763943e-02	-4.085771e-02	6.244705e-02	-6.190279e-02	1.033587e-01	-9.794128e-02	6.470114e-02	-1.637513e-02	3.358312e-02	2.287235e-02	-1.652129e-01	1.696579e-01	-2.131903e-01	2.607061e-01	-1.249748e-02	-3.011390e-02	9.651469e-01	-9.886857e-01	1.000000e+00	-8.747373e-01	8.123813e-01	
-3.956396e-02	1.217639e-01	-1.864868e-01	-8.239982e-04	8.382065e-02	-8.994056e-02	8.976714e-02	7.102655e-02	-1.351625e-01	1.553290e-01	-1.467501e-01	1.350977e-01	5.860147e-02	-1.315769e-01	3.884471e-02	1.117431e-01	-1.007291e-01	7.626383e-02	-1.727358e-02	-1.966447e-02	-8.486524e-01	8.711811e-01	-8.747373e-01	1.000000e+00	-9.818035e-01	
1.475078e-02	-1.384259e-01	2.046785e-01	3.522403e-02	-1.229199e-01	1.309032e-01	-1.309935e-01	-7.239456e-02	1.418774e-01	-1.849809e-01	1.797690e-01	-1.713473e-01	-4.566622e-02	1.208322e-01	1.280106e-02	-1.400105e-01	1.326102e-01	-1.078633e-01	-3.273901e-02	9.663511e-02	7.699039e-01	-7.987182e-01	8.123813e-01	-9.818035e-01	1.000000e+00	

Time taken for mcmc chain: 9.300000 minutes
