Number of steps: 6506114
Number of accepted steps: 1000000
Burn-in number of steps: 320000
Accepted fraction of steps: 0.153702
Convergence Status
R[0]= 1.003001	R[1]= 1.002689	R[2]= 1.042778	R[3]= 1.019835	R[4]= 1.001102	R[5]= 1.001618	R[6]= 1.002088	R[7]= 1.000923	R[8]= 1.001371	R[9]= 1.002514	R[10]= 1.004546	R[11]= 1.007562	R[12]= 1.002820	R[13]= 1.004768	R[14]= 1.039812	R[15]= 1.013774	R[16]= 1.016399	R[17]= 1.018651	R[18]= 1.002146	R[19]= 1.002662	R[20]= 1.004747	R[21]= 1.007677	R[22]= 1.011826	R[23]= 1.000328	R[24]= 1.001884	
<R>= 1.008701

Mean parameters
A[0]= 9.150188e-01 pm 3.413789e-02
A[1]= 1.031385e+00 pm 3.035591e-02
A[2]= 7.288713e-01 pm 5.026923e-01
A[3]= 2.977423e+00 pm 1.075674e+00
A[4]= -2.916034e+03 pm 3.644737e+03
A[5]= 1.334875e+03 pm 2.381420e+03
A[6]= 1.129623e+02 pm 5.541024e+02
A[7]= 1.635908e+01 pm 1.270863e+01
A[8]= -2.907927e-01 pm 1.779317e-01
A[9]= -4.085718e+03 pm 8.166278e+03
A[10]= 1.905342e+03 pm 4.884881e+03
A[11]= -5.225016e+02 pm 1.019630e+03
A[12]= 2.089714e+01 pm 4.817481e+01
A[13]= -6.240356e-01 pm 9.474936e-01
A[14]= 4.415199e+00 pm 1.467748e+00
A[15]= -7.732488e+03 pm 5.244903e+03
A[16]= 5.357671e+03 pm 3.466830e+03
A[17]= -9.218227e+02 pm 8.127908e+02
A[18]= 8.633316e+00 pm 1.880881e+01
A[19]= 3.920398e-02 pm 2.624290e-01
A[20]= 3.449561e+03 pm 1.145264e+04
A[21]= -1.856145e+03 pm 6.969285e+03
A[22]= -8.360367e+01 pm 1.488203e+03
A[23]= -4.143971e+01 pm 6.698933e+01
A[24]= 5.345469e-01 pm 1.321223e+00

Best-fitting parameters
A[0]= 9.188584e-01
A[1]= 1.030507e+00
A[2]= 9.015043e-01
A[3]= 2.629563e+00
A[4]= -3.604920e+03
A[5]= 1.820968e+03
A[6]= -4.326005e+00
A[7]= 1.851216e+01
A[8]= -3.362200e-01
A[9]= -4.135443e+03
A[10]= 2.620023e+03
A[11]= -8.300377e+02
A[12]= 8.853970e+00
A[13]= -3.767663e-01
A[14]= 4.197893e+00
A[15]= -1.000267e+04
A[16]= 6.774075e+03
A[17]= -1.249141e+03
A[18]= 7.345074e+00
A[19]= 9.085921e-02
A[20]= -1.732914e+03
A[21]= 1.221910e+03
A[22]= -7.400999e+02
A[23]= -6.909307e+01
A[24]= 1.322799e+00
chi2_min= 9.485089e+01


Cross-Covariance parameters
1.000000e+00	-5.093475e-01	-1.553972e-01	1.161370e-01	5.337241e-03	-4.400384e-05	-1.196360e-02	6.791576e-02	-4.246056e-02	-2.478656e-02	3.608469e-02	-6.466335e-02	1.495847e-01	-1.155506e-01	7.153765e-02	4.289923e-02	-4.389495e-02	3.668429e-02	6.981160e-02	-6.502254e-02	1.218562e-03	9.965091e-03	-4.329665e-02	1.324205e-01	-1.072715e-01	
-5.093475e-01	1.000000e+00	1.107859e-01	-1.265288e-01	-5.806413e-02	6.085609e-02	-7.037046e-02	1.430279e-01	-1.209332e-01	3.990650e-02	-4.996991e-02	6.975622e-02	-1.146859e-01	5.918973e-02	-1.941788e-01	3.114120e-02	-2.731134e-02	1.583271e-02	1.417595e-01	-1.491005e-01	4.030177e-02	-5.284500e-02	8.096198e-02	-7.817633e-02	3.265825e-02	
-1.553972e-01	1.107859e-01	1.000000e+00	-7.062558e-01	1.796541e-02	-1.524365e-02	2.246475e-02	-9.474970e-02	8.042800e-02	-3.586213e-01	4.731233e-01	-6.085751e-01	-1.973373e-01	3.383599e-01	-6.786407e-01	-4.210882e-02	4.752229e-02	-4.454011e-02	-8.352126e-02	8.945301e-02	-3.432856e-01	4.595731e-01	-5.931942e-01	-2.104342e-01	3.410205e-01	
1.161370e-01	-1.265288e-01	-7.062558e-01	1.000000e+00	-5.272806e-01	5.827580e-01	-6.262708e-01	1.554245e-01	1.178346e-01	1.982177e-01	-2.598684e-01	3.382804e-01	6.571547e-02	-1.198128e-01	5.117601e-01	3.281358e-02	-4.007011e-02	4.204999e-02	5.218459e-02	-5.511189e-02	2.669961e-01	-3.536413e-01	4.526286e-01	1.475772e-01	-2.454412e-01	
5.337241e-03	-5.806413e-02	1.796541e-02	-5.272806e-01	1.000000e+00	-9.844149e-01	9.411210e-01	-6.207599e-01	2.264919e-01	5.561967e-02	-9.070003e-02	1.279891e-01	1.045174e-01	-9.824615e-02	-1.435356e-02	3.276865e-02	-3.245500e-02	3.167810e-02	-2.649563e-02	6.745512e-03	-8.634690e-04	3.253137e-03	-6.305245e-03	7.302070e-03	-6.058487e-03	
-4.400384e-05	6.085609e-02	-1.524365e-02	5.827580e-01	-9.844149e-01	1.000000e+00	-9.853992e-01	5.622500e-01	-1.533410e-01	-6.531978e-02	1.041326e-01	-1.457080e-01	-1.186907e-01	1.252550e-01	1.611284e-02	-4.003681e-02	4.011551e-02	-3.955151e-02	3.178077e-02	-8.375850e-03	-1.286687e-03	-4.475145e-04	2.754855e-03	-9.456270e-03	9.111989e-03	
-1.196360e-02	-7.037046e-02	2.246475e-02	-6.262708e-01	9.411210e-01	-9.853992e-01	1.000000e+00	-4.942566e-01	8.670329e-02	7.500948e-02	-1.148566e-01	1.573989e-01	1.186875e-01	-1.342781e-01	-2.210892e-02	4.448596e-02	-4.498729e-02	4.502703e-02	-4.005916e-02	1.388166e-02	-5.742466e-04	2.820690e-03	-5.651969e-03	8.444354e-03	-7.288054e-03	
6.791576e-02	1.430279e-01	-9.474970e-02	1.554245e-01	-6.207599e-01	5.622500e-01	-4.942566e-01	1.000000e+00	-8.847233e-01	1.235070e-01	-1.146291e-01	9.444204e-02	-3.754045e-02	-1.243184e-01	1.469459e-02	2.443850e-02	-2.542842e-02	2.192901e-02	5.572868e-02	-5.957770e-02	4.466331e-02	-5.544424e-02	6.677225e-02	2.206733e-02	-4.141229e-02	
-4.246056e-02	-1.209332e-01	8.042800e-02	1.178346e-01	2.264919e-01	-1.533410e-01	8.670329e-02	-8.847233e-01	1.000000e+00	-1.754060e-01	1.816389e-01	-1.746364e-01	-7.120298e-04	2.080131e-01	-4.219852e-03	-3.749363e-02	3.824255e-02	-3.469509e-02	-3.858167e-02	5.226226e-02	-4.246258e-02	5.157244e-02	-6.116715e-02	-2.100841e-02	3.958946e-02	
-2.478656e-02	3.990650e-02	-3.586213e-01	1.982177e-01	5.561967e-02	-6.531978e-02	7.500948e-02	1.235070e-01	-1.754060e-01	1.000000e+00	-9.835633e-01	9.175087e-01	-7.249073e-01	5.311854e-01	2.401471e-01	5.648043e-02	-5.876651e-02	5.713333e-02	1.831415e-02	-3.694006e-02	1.560197e-01	-2.046232e-01	2.617650e-01	7.463052e-02	-1.352248e-01	
3.608469e-02	-4.996991e-02	4.731233e-01	-2.598684e-01	-9.070003e-02	1.041326e-01	-1.148566e-01	-1.146291e-01	1.816389e-01	-9.835633e-01	1.000000e+00	-9.734338e-01	6.677179e-01	-4.653315e-01	-3.169024e-01	-6.914879e-02	7.281599e-02	-7.133386e-02	-2.706339e-02	5.073794e-02	-2.042671e-01	2.681031e-01	-3.433374e-01	-9.662506e-02	1.761156e-01	
-6.466335e-02	6.975622e-02	-6.085751e-01	3.382804e-01	1.279891e-01	-1.457080e-01	1.573989e-01	9.444204e-02	-1.746364e-01	9.175087e-01	-9.734338e-01	1.000000e+00	-5.502981e-01	3.464911e-01	4.083356e-01	8.326189e-02	-8.867938e-02	8.757049e-02	3.643143e-02	-6.603890e-02	2.620925e-01	-3.444211e-01	4.419846e-01	1.211222e-01	-2.235971e-01	
1.495847e-01	-1.146859e-01	-1.973373e-01	6.571547e-02	1.045174e-01	-1.186907e-01	1.186875e-01	-3.754045e-02	-7.120298e-04	-7.249073e-01	6.677179e-01	-5.502981e-01	1.000000e+00	-9.492070e-01	1.255704e-01	1.159476e-02	-1.460578e-02	1.497546e-02	1.727980e-02	-2.112605e-02	5.471056e-02	-7.327841e-02	9.199736e-02	5.494797e-02	-7.288783e-02	
-1.155506e-01	5.918973e-02	3.383599e-01	-1.198128e-01	-9.824615e-02	1.252550e-01	-1.342781e-01	-1.243184e-01	2.080131e-01	5.311854e-01	-4.653315e-01	3.464911e-01	-9.492070e-01	1.000000e+00	-2.138146e-01	-2.825452e-02	3.213086e-02	-3.154682e-02	-3.334175e-02	4.313568e-02	-1.158059e-01	1.537436e-01	-1.957582e-01	-7.922282e-02	1.224163e-01	
7.153765e-02	-1.941788e-01	-6.786407e-01	5.117601e-01	-1.435356e-02	1.611284e-02	-2.210892e-02	1.469459e-02	-4.219852e-03	2.401471e-01	-3.169024e-01	4.083356e-01	1.255704e-01	-2.138146e-01	1.000000e+00	-4.878435e-01	5.416941e-01	-5.831448e-01	4.506473e-02	1.991470e-01	1.164139e-01	-1.711127e-01	2.421020e-01	9.535349e-02	-1.326555e-01	
4.289923e-02	3.114120e-02	-4.210882e-02	3.281358e-02	3.276865e-02	-4.003681e-02	4.448596e-02	2.443850e-02	-3.749363e-02	5.648043e-02	-6.914879e-02	8.326189e-02	1.159476e-02	-2.825452e-02	-4.878435e-01	1.000000e+00	-9.847179e-01	9.426667e-01	-5.282621e-01	1.484797e-01	2.285858e-01	-2.716304e-01	3.095068e-01	4.673779e-02	-1.005653e-01	
-4.389495e-02	-2.731134e-02	4.752229e-02	-4.007011e-02	-3.245500e-02	4.011551e-02	-4.498729e-02	-2.542842e-02	3.824255e-02	-5.876651e-02	7.281599e-02	-8.867938e-02	-1.460578e-02	3.213086e-02	5.416941e-01	-9.847179e-01	1.000000e+00	-9.858936e-01	4.568673e-01	-6.395479e-02	-2.411639e-01	2.898744e-01	-3.337140e-01	-6.373243e-02	1.283950e-01	
3.668429e-02	1.583271e-02	-4.454011e-02	4.204999e-02	3.167810e-02	-3.955151e-02	4.502703e-02	2.192901e-02	-3.469509e-02	5.713333e-02	-7.133386e-02	8.757049e-02	1.497546e-02	-3.154682e-02	-5.831448e-01	9.426667e-01	-9.858936e-01	1.000000e+00	-3.791185e-01	-1.302227e-02	2.452103e-01	-2.972552e-01	3.448412e-01	7.343660e-02	-1.446466e-01	
6.981160e-02	1.417595e-01	-8.352126e-02	5.218459e-02	-2.649563e-02	3.178077e-02	-4.005916e-02	5.572868e-02	-3.858167e-02	1.831415e-02	-2.706339e-02	3.643143e-02	1.727980e-02	-3.334175e-02	4.506473e-02	-5.282621e-01	4.568673e-01	-3.791185e-01	1.000000e+00	-9.026187e-01	1.113369e-02	-1.160713e-02	1.217560e-02	7.926943e-02	-1.617555e-01	
-6.502254e-02	-1.491005e-01	8.945301e-02	-5.511189e-02	6.745512e-03	-8.375850e-03	1.388166e-02	-5.957770e-02	5.226226e-02	-3.694006e-02	5.073794e-02	-6.603890e-02	-2.112605e-02	4.313568e-02	1.991470e-01	1.484797e-01	-6.395479e-02	-1.302227e-02	-9.026187e-01	1.000000e+00	-1.140040e-01	1.324966e-01	-1.477754e-01	-1.076117e-01	2.344312e-01	
1.218562e-03	4.030177e-02	-3.432856e-01	2.669961e-01	-8.634690e-04	-1.286687e-03	-5.742466e-04	4.466331e-02	-4.246258e-02	1.560197e-01	-2.042671e-01	2.620925e-01	5.471056e-02	-1.158059e-01	1.164139e-01	2.285858e-01	-2.411639e-01	2.452103e-01	1.113369e-02	-1.140040e-01	1.000000e+00	-9.827941e-01	9.147409e-01	-6.912732e-01	5.086627e-01	
9.965091e-03	-5.284500e-02	4.595731e-01	-3.536413e-01	3.253137e-03	-4.475145e-04	2.820690e-03	-5.544424e-02	5.157244e-02	-2.046232e-01	2.681031e-01	-3.444211e-01	-7.327841e-02	1.537436e-01	-1.711127e-01	-2.716304e-01	2.898744e-01	-2.972552e-01	-1.160713e-02	1.324966e-01	-9.827941e-01	1.000000e+00	-9.728331e-01	6.217440e-01	-4.283830e-01	
-4.329665e-02	8.096198e-02	-5.931942e-01	4.526286e-01	-6.305245e-03	2.754855e-03	-5.651969e-03	6.677225e-02	-6.116715e-02	2.617650e-01	-3.433374e-01	4.419846e-01	9.199736e-02	-1.957582e-01	2.421020e-01	3.095068e-01	-3.337140e-01	3.448412e-01	1.217560e-02	-1.477754e-01	9.147409e-01	-9.728331e-01	1.000000e+00	-4.918289e-01	2.937817e-01	
1.324205e-01	-7.817633e-02	-2.104342e-01	1.475772e-01	7.302070e-03	-9.456270e-03	8.444354e-03	2.206733e-02	-2.100841e-02	7.463052e-02	-9.662506e-02	1.211222e-01	5.494797e-02	-7.922282e-02	9.535349e-02	4.673779e-02	-6.373243e-02	7.343660e-02	7.926943e-02	-1.076117e-01	-6.912732e-01	6.217440e-01	-4.918289e-01	1.000000e+00	-9.622377e-01	
-1.072715e-01	3.265825e-02	3.410205e-01	-2.454412e-01	-6.058487e-03	9.111989e-03	-7.288054e-03	-4.141229e-02	3.958946e-02	-1.352248e-01	1.761156e-01	-2.235971e-01	-7.288783e-02	1.224163e-01	-1.326555e-01	-1.005653e-01	1.283950e-01	-1.446466e-01	-1.617555e-01	2.344312e-01	5.086627e-01	-4.283830e-01	2.937817e-01	-9.622377e-01	1.000000e+00	

Time taken for mcmc chain: 48.383333 minutes
