Number of steps: 14478249
Number of accepted steps: 1000000
Burn-in number of steps: 320000
Accepted fraction of steps: 0.069069
Convergence Status
R[0]= 1.007831	R[1]= 1.014074	R[2]= 1.073614	R[3]= 1.082927	R[4]= 1.025022	R[5]= 1.029205	R[6]= 1.031847	R[7]= 1.009605	R[8]= 1.000816	R[9]= 1.007999	R[10]= 1.014894	R[11]= 1.026306	R[12]= 1.001119	R[13]= 1.000240	R[14]= 1.031813	R[15]= 1.014536	R[16]= 1.019110	R[17]= 1.022060	R[18]= 1.003052	R[19]= 1.002214	R[20]= 1.021438	R[21]= 1.035940	R[22]= 1.057412	R[23]= 1.001108	R[24]= 1.007991	
<R>= 1.021687

Mean parameters
A[0]= 8.718423e-01 pm 2.969366e-02
A[1]= 9.474345e-01 pm 2.201123e-02
A[2]= 6.744655e-01 pm 3.491862e-01
A[3]= 3.531425e+00 pm 1.030192e+00
A[4]= -7.030253e+02 pm 3.926214e+03
A[5]= 8.542765e+02 pm 2.713133e+03
A[6]= -8.190005e+01 pm 7.028113e+02
A[7]= 1.464422e+01 pm 1.537178e+01
A[8]= -1.320776e-01 pm 1.876755e-01
A[9]= 6.331470e+03 pm 8.918967e+03
A[10]= -3.219709e+03 pm 5.427267e+03
A[11]= 1.993501e+02 pm 1.193770e+03
A[12]= -4.096250e+01 pm 5.120108e+01
A[13]= 8.650712e-01 pm 9.648216e-01
A[14]= 6.334180e+00 pm 1.737205e+00
A[15]= -9.875102e+03 pm 5.621489e+03
A[16]= 8.772749e+03 pm 3.894423e+03
A[17]= -2.373526e+03 pm 1.015172e+03
A[18]= 3.558977e+01 pm 2.230894e+01
A[19]= -4.496636e-03 pm 2.716895e-01
A[20]= 1.463253e+04 pm 1.287272e+04
A[21]= -6.525309e+03 pm 8.085463e+03
A[22]= 1.988393e+02 pm 1.864327e+03
A[23]= -9.991801e+01 pm 7.158066e+01
A[24]= 1.783613e+00 pm 1.376095e+00

Best-fitting parameters
A[0]= 8.689896e-01
A[1]= 9.518837e-01
A[2]= 7.558680e-01
A[3]= 2.848639e+00
A[4]= 9.490618e+02
A[5]= -4.724347e+02
A[6]= 2.975238e+02
A[7]= 8.994867e+00
A[8]= -9.426243e-02
A[9]= 6.893425e+03
A[10]= -3.786792e+03
A[11]= 3.532730e+02
A[12]= -5.138813e+01
A[13]= 9.735810e-01
A[14]= 6.459954e+00
A[15]= -1.439525e+04
A[16]= 1.174101e+04
A[17]= -3.081938e+03
A[18]= 5.090039e+01
A[19]= -8.889455e-02
A[20]= 1.463929e+04
A[21]= -5.908411e+03
A[22]= -1.855657e+02
A[23]= -1.247668e+02
A[24]= 2.350973e+00
chi2_min= 9.420552e+01


Cross-Covariance parameters
1.000000e+00	-4.409800e-01	-1.840350e-01	7.310626e-02	8.664543e-02	-8.228600e-02	6.654008e-02	2.542514e-02	-5.220618e-02	1.287483e-02	-1.679137e-02	1.256751e-03	1.334400e-01	-1.311215e-01	5.808421e-02	1.064250e-01	-1.117741e-01	1.015015e-01	5.114123e-02	-1.007365e-01	9.588868e-02	-8.814857e-02	5.324384e-02	1.151537e-01	-1.245228e-01	
-4.409800e-01	1.000000e+00	1.139880e-01	-7.559306e-02	-9.704260e-02	1.036104e-01	-1.137936e-01	1.564317e-01	-1.193334e-01	-3.415742e-03	8.963408e-04	1.198488e-02	-8.343596e-02	5.232036e-02	-1.497123e-01	-2.817904e-02	3.491692e-02	-4.756534e-02	1.407005e-01	-1.380695e-01	-4.928051e-02	3.548467e-02	-3.995116e-03	-4.106323e-02	1.326583e-02	
-1.840350e-01	1.139880e-01	1.000000e+00	-5.929738e-01	-8.909825e-02	9.460951e-02	-9.241287e-02	2.802770e-03	4.803897e-02	-3.847438e-01	5.080870e-01	-6.570548e-01	8.091122e-02	1.152878e-01	-6.944203e-01	-3.322013e-02	3.963402e-02	-3.686514e-02	-5.198547e-02	7.363844e-02	-4.538220e-01	5.792734e-01	-7.187014e-01	5.279077e-02	1.923760e-01	
7.310626e-02	-7.559306e-02	-5.929738e-01	1.000000e+00	-5.570327e-01	6.298260e-01	-6.803613e-01	3.610836e-01	1.300329e-02	1.064215e-01	-1.385644e-01	1.798395e-01	-5.780035e-02	2.090211e-02	3.787309e-01	4.938967e-02	-5.860438e-02	6.219563e-02	1.258207e-02	-5.041485e-02	2.828153e-01	-3.583096e-01	4.428116e-01	-3.820563e-02	-1.148875e-01	
8.664543e-02	-9.704260e-02	-8.909825e-02	-5.570327e-01	1.000000e+00	-9.803564e-01	9.271177e-01	-8.068108e-01	3.770299e-01	1.342935e-01	-1.972291e-01	2.724204e-01	1.687598e-02	-5.151319e-02	1.127246e-01	-1.708756e-02	2.074079e-02	-2.500748e-02	-3.654593e-03	2.555287e-02	3.214371e-02	-4.218193e-02	5.166157e-02	6.456898e-03	-1.831857e-02	
-8.228600e-02	1.036104e-01	9.460951e-02	6.298260e-01	-9.803564e-01	1.000000e+00	-9.823102e-01	7.742883e-01	-3.056186e-01	-1.541317e-01	2.229740e-01	-3.054298e-01	-1.902276e-02	7.475761e-02	-1.224634e-01	2.046452e-02	-2.449404e-02	2.883749e-02	3.743230e-03	-2.824013e-02	-3.408728e-02	4.509155e-02	-5.573272e-02	-5.672261e-03	1.865440e-02	
6.654008e-02	-1.137936e-01	-9.241287e-02	-6.803613e-01	9.271177e-01	-9.823102e-01	1.000000e+00	-7.139371e-01	2.266806e-01	1.730238e-01	-2.442570e-01	3.294244e-01	1.200969e-02	-8.483717e-02	1.270341e-01	-2.434303e-02	2.867461e-02	-3.269094e-02	-6.345530e-03	3.329096e-02	3.214649e-02	-4.332017e-02	5.446264e-02	4.372658e-03	-1.664376e-02	
2.542514e-02	1.564317e-01	2.802770e-03	3.610836e-01	-8.068108e-01	7.742883e-01	-7.139371e-01	1.000000e+00	-8.234354e-01	2.942513e-03	3.939744e-02	-9.925708e-02	-2.120337e-02	-8.299802e-02	-6.583506e-02	3.285226e-02	-3.776298e-02	3.861538e-02	3.492713e-02	-6.659751e-02	1.450337e-02	-1.571348e-02	1.660646e-02	-1.399986e-03	-1.091094e-02	
-5.220618e-02	-1.193334e-01	4.803897e-02	1.300329e-02	3.770299e-01	-3.056186e-01	2.266806e-01	-8.234354e-01	1.000000e+00	-1.301536e-01	1.233296e-01	-1.015640e-01	2.386971e-02	1.904744e-01	3.194878e-03	-2.294575e-02	2.701709e-02	-2.664178e-02	-3.388595e-02	5.529227e-02	-3.759189e-02	4.581092e-02	-5.405414e-02	4.550723e-03	1.747175e-02	
1.287483e-02	-3.415742e-03	-3.847438e-01	1.064215e-01	1.342935e-01	-1.541317e-01	1.730238e-01	2.942513e-03	-1.301536e-01	1.000000e+00	-9.812404e-01	9.005535e-01	-8.475889e-01	6.501101e-01	2.855729e-01	9.327334e-03	-8.996839e-03	5.582657e-03	1.234999e-02	-1.186470e-02	1.803059e-01	-2.312850e-01	2.895064e-01	-2.935441e-02	-6.985032e-02	
-1.679137e-02	8.963408e-04	5.080870e-01	-1.385644e-01	-1.972291e-01	2.229740e-01	-2.442570e-01	3.939744e-02	1.233296e-01	-9.812404e-01	1.000000e+00	-9.664326e-01	8.146640e-01	-5.987735e-01	-3.750310e-01	-1.106009e-02	1.151696e-02	-7.820479e-03	-1.982483e-02	2.080042e-02	-2.363155e-01	3.041340e-01	-3.817317e-01	3.699981e-02	9.433013e-02	
1.256751e-03	1.198488e-02	-6.570548e-01	1.798395e-01	2.724204e-01	-3.054298e-01	3.294244e-01	-9.925708e-02	-1.015640e-01	9.005535e-01	-9.664326e-01	1.000000e+00	-7.086804e-01	4.782150e-01	4.840082e-01	1.093454e-02	-1.241457e-02	8.730695e-03	2.841110e-02	-3.062197e-02	3.031668e-01	-3.922373e-01	4.948092e-01	-4.907295e-02	-1.217220e-01	
1.334400e-01	-8.343596e-02	8.091122e-02	-5.780035e-02	1.687598e-02	-1.902276e-02	1.200969e-02	-2.120337e-02	2.386971e-02	-8.475889e-01	8.146640e-01	-7.086804e-01	1.000000e+00	-9.332790e-01	-6.736092e-02	8.791513e-03	-1.070708e-02	1.166749e-02	1.421697e-03	-9.596947e-03	-4.029761e-02	5.480747e-02	-7.488662e-02	2.366768e-02	5.807181e-03	
-1.311215e-01	5.232036e-02	1.152878e-01	2.090211e-02	-5.151319e-02	7.475761e-02	-8.483717e-02	-8.299802e-02	1.904744e-01	6.501101e-01	-5.987735e-01	4.782150e-01	-9.332790e-01	1.000000e+00	-7.328208e-02	-1.300010e-02	1.577447e-02	-1.561868e-02	-1.512023e-02	2.598986e-02	-5.187430e-02	6.485856e-02	-7.665961e-02	-6.585858e-03	2.938403e-02	
5.808421e-02	-1.497123e-01	-6.944203e-01	3.787309e-01	1.127246e-01	-1.224634e-01	1.270341e-01	-6.583506e-02	3.194878e-03	2.855729e-01	-3.750310e-01	4.840082e-01	-6.736092e-02	-7.328208e-02	1.000000e+00	-4.990221e-01	5.703902e-01	-6.206490e-01	2.820137e-01	5.913478e-02	1.907173e-01	-2.449351e-01	3.138990e-01	-4.800770e-02	-4.567248e-02	
1.064250e-01	-2.817904e-02	-3.322013e-02	4.938967e-02	-1.708756e-02	2.046452e-02	-2.434303e-02	3.285226e-02	-2.294575e-02	9.327334e-03	-1.106009e-02	1.093454e-02	8.791513e-03	-1.300010e-02	-4.990221e-01	1.000000e+00	-9.773556e-01	9.163939e-01	-7.763592e-01	3.556139e-01	1.958745e-01	-2.388639e-01	2.741115e-01	-2.453805e-02	-4.389276e-02	
-1.117741e-01	3.491692e-02	3.963402e-02	-5.860438e-02	2.074079e-02	-2.449404e-02	2.867461e-02	-3.776298e-02	2.701709e-02	-8.996839e-03	1.151696e-02	-1.241457e-02	-1.070708e-02	1.577447e-02	5.703902e-01	-9.773556e-01	1.000000e+00	-9.798087e-01	7.253606e-01	-2.587011e-01	-2.146560e-01	2.659882e-01	-3.097499e-01	1.693423e-02	7.075512e-02	
1.015015e-01	-4.756534e-02	-3.686514e-02	6.219563e-02	-2.500748e-02	2.883749e-02	-3.269094e-02	3.861538e-02	-2.664178e-02	5.582657e-03	-7.820479e-03	8.730695e-03	1.166749e-02	-1.561868e-02	-6.206490e-01	9.163939e-01	-9.798087e-01	1.000000e+00	-6.462075e-01	1.559071e-01	2.226542e-01	-2.789488e-01	3.281456e-01	-1.279313e-02	-8.772439e-02	
5.114123e-02	1.407005e-01	-5.198547e-02	1.258207e-02	-3.654593e-03	3.743230e-03	-6.345530e-03	3.492713e-02	-3.388595e-02	1.234999e-02	-1.982483e-02	2.841110e-02	1.421697e-03	-1.512023e-02	2.820137e-01	-7.763592e-01	7.253606e-01	-6.462075e-01	1.000000e+00	-8.393374e-01	-6.909998e-02	8.773027e-02	-1.035462e-01	7.544097e-02	-1.181297e-01	
-1.007365e-01	-1.380695e-01	7.363844e-02	-5.041485e-02	2.555287e-02	-2.824013e-02	3.329096e-02	-6.659751e-02	5.529227e-02	-1.186470e-02	2.080042e-02	-3.062197e-02	-9.596947e-03	2.598986e-02	5.913478e-02	3.556139e-01	-2.587011e-01	1.559071e-01	-8.393374e-01	1.000000e+00	-5.140280e-02	6.268798e-02	-7.253195e-02	-9.221833e-02	2.207982e-01	
9.588868e-02	-4.928051e-02	-4.538220e-01	2.828153e-01	3.214371e-02	-3.408728e-02	3.214649e-02	1.450337e-02	-3.759189e-02	1.803059e-01	-2.363155e-01	3.031668e-01	-4.029761e-02	-5.187430e-02	1.907173e-01	1.958745e-01	-2.146560e-01	2.226542e-01	-6.909998e-02	-5.140280e-02	1.000000e+00	-9.795854e-01	8.965028e-01	-7.990410e-01	5.769548e-01	
-8.814857e-02	3.548467e-02	5.792734e-01	-3.583096e-01	-4.218193e-02	4.509155e-02	-4.332017e-02	-1.571348e-02	4.581092e-02	-2.312850e-01	3.041340e-01	-3.922373e-01	5.480747e-02	6.485856e-02	-2.449351e-01	-2.388639e-01	2.659882e-01	-2.789488e-01	8.773027e-02	6.268798e-02	-9.795854e-01	1.000000e+00	-9.663161e-01	7.457034e-01	-4.961189e-01	
5.324384e-02	-3.995116e-03	-7.187014e-01	4.428116e-01	5.166157e-02	-5.573272e-02	5.446264e-02	1.660646e-02	-5.405414e-02	2.895064e-01	-3.817317e-01	4.948092e-01	-7.488662e-02	-7.665961e-02	3.138990e-01	2.741115e-01	-3.097499e-01	3.281456e-01	-1.035462e-01	-7.253195e-02	8.965028e-01	-9.663161e-01	1.000000e+00	-6.195128e-01	3.465917e-01	
1.151537e-01	-4.106323e-02	5.279077e-02	-3.820563e-02	6.456898e-03	-5.672261e-03	4.372658e-03	-1.399986e-03	4.550723e-03	-2.935441e-02	3.699981e-02	-4.907295e-02	2.366768e-02	-6.585858e-03	-4.800770e-02	-2.453805e-02	1.693423e-02	-1.279313e-02	7.544097e-02	-9.221833e-02	-7.990410e-01	7.457034e-01	-6.195128e-01	1.000000e+00	-9.372211e-01	
-1.245228e-01	1.326583e-02	1.923760e-01	-1.148875e-01	-1.831857e-02	1.865440e-02	-1.664376e-02	-1.091094e-02	1.747175e-02	-6.985032e-02	9.433013e-02	-1.217220e-01	5.807181e-03	2.938403e-02	-4.567248e-02	-4.389276e-02	7.075512e-02	-8.772439e-02	-1.181297e-01	2.207982e-01	5.769548e-01	-4.961189e-01	3.465917e-01	-9.372211e-01	1.000000e+00	

Time taken for mcmc chain: 1.486944 hours
