Number of steps: 7688908
Number of accepted steps: 1000000
Burn-in number of steps: 320000
Accepted fraction of steps: 0.130057
Convergence Status
R[0]= 1.060920	R[1]= 1.252927	R[2]= 1.467185	R[3]= 1.185602	R[4]= 1.032028	R[5]= 1.045330	R[6]= 1.058311	R[7]= 1.065569	R[8]= 1.089515	R[9]= 1.015284	R[10]= 1.022746	R[11]= 1.030249	R[12]= 1.021618	R[13]= 1.010464	R[14]= 1.289923	R[15]= 1.018895	R[16]= 1.030302	R[17]= 1.041763	R[18]= 1.064232	R[19]= 1.082784	R[20]= 1.023326	R[21]= 1.028349	R[22]= 1.031746	R[23]= 1.038245	R[24]= 1.019899	
<R>= 1.081089

Mean parameters
A[0]= 1.110467e+00 pm 9.511008e-02
A[1]= 1.117954e+00 pm 1.826647e-01
A[2]= 8.726209e-01 pm 1.101171e+00
A[3]= 3.607482e+00 pm 1.540982e+00
A[4]= 1.631329e+03 pm 3.335924e+03
A[5]= -2.429178e+03 pm 2.013643e+03
A[6]= 1.201431e+03 pm 3.956012e+02
A[7]= -1.720947e+01 pm 1.511972e+01
A[8]= -9.099364e-02 pm 2.214794e-01
A[9]= -6.716341e+03 pm 6.775274e+03
A[10]= 2.769155e+03 pm 3.791077e+03
A[11]= -4.982371e+02 pm 6.827811e+02
A[12]= 3.410716e+01 pm 4.261182e+01
A[13]= -8.102820e-01 pm 7.956470e-01
A[14]= 5.256940e+00 pm 2.060282e+00
A[15]= -3.925570e+03 pm 4.101683e+03
A[16]= 1.139407e+03 pm 2.468801e+03
A[17]= 5.066239e+02 pm 4.875717e+02
A[18]= -1.959229e+01 pm 2.202859e+01
A[19]= 1.657957e-02 pm 3.022041e-01
A[20]= 1.683645e+03 pm 9.658605e+03
A[21]= -1.571388e+03 pm 5.469651e+03
A[22]= 9.514474e+01 pm 9.983678e+02
A[23]= -1.579976e+01 pm 6.466673e+01
A[24]= -2.941761e-01 pm 1.190619e+00

Best-fitting parameters
A[0]= 1.133204e+00
A[1]= 1.199791e+00
A[2]= 2.890038e-01
A[3]= 4.366716e+00
A[4]= 1.651693e+03
A[5]= -2.313755e+03
A[6]= 1.156339e+03
A[7]= -1.885868e+01
A[8]= -4.373887e-02
A[9]= -5.505278e+03
A[10]= 1.826858e+03
A[11]= -2.706682e+02
A[12]= 4.481940e+01
A[13]= -9.126776e-01
A[14]= 7.330000e+00
A[15]= -3.702353e+03
A[16]= 1.373170e+03
A[17]= 4.092620e+02
A[18]= -4.164223e+01
A[19]= 3.126246e-01
A[20]= 4.582040e+03
A[21]= -3.924729e+03
A[22]= 6.994024e+02
A[23]= -2.797899e+01
A[24]= 3.804750e-02
chi2_min= 1.134519e+02


Cross-Covariance parameters
1.000000e+00	5.306411e-01	-4.505145e-01	2.967330e-01	-9.120411e-02	1.475003e-01	-2.050873e-01	-2.831907e-01	3.844646e-01	1.018490e-01	-9.507862e-02	7.062523e-02	3.828494e-02	1.599750e-01	3.227219e-01	-2.547145e-01	3.143828e-01	-3.679158e-01	-2.818694e-01	3.504012e-01	1.038777e-02	5.546675e-03	-3.544516e-02	-3.308184e-03	9.384326e-02	
5.306411e-01	1.000000e+00	-7.484364e-01	5.829655e-01	-3.869911e-01	4.593852e-01	-5.188105e-01	-4.752825e-01	5.525925e-01	9.284904e-02	-9.839149e-02	9.600477e-02	5.449181e-02	1.504010e-01	4.103768e-01	-3.003231e-01	3.819570e-01	-4.580058e-01	-3.703950e-01	4.830616e-01	2.140741e-01	-2.310864e-01	2.352284e-01	1.818232e-01	-6.811110e-02	
-4.505145e-01	-7.484364e-01	1.000000e+00	-6.609202e-01	2.342019e-01	-2.934632e-01	3.447656e-01	4.098973e-01	-4.831117e-01	-1.934277e-01	2.203431e-01	-2.364430e-01	-1.809928e-01	-3.507761e-02	-6.502208e-01	2.309838e-01	-2.961821e-01	3.523845e-01	3.471717e-01	-4.159718e-01	-2.177820e-01	2.471070e-01	-2.657889e-01	-2.796763e-01	1.747561e-01	
2.967330e-01	5.829655e-01	-6.609202e-01	1.000000e+00	-6.202675e-01	6.906657e-01	-7.354196e-01	-5.688723e-01	5.877103e-01	5.509357e-02	-6.601307e-02	7.784460e-02	7.491797e-02	1.075732e-01	4.955153e-01	-1.779467e-01	2.285470e-01	-2.759504e-01	-2.390868e-01	3.072499e-01	2.221773e-01	-2.538349e-01	2.783931e-01	2.577967e-01	-1.811128e-01	
-9.120411e-02	-3.869911e-01	2.342019e-01	-6.202675e-01	1.000000e+00	-9.880210e-01	9.554614e-01	-1.005905e-03	-6.697911e-02	1.603105e-02	-3.411891e-02	5.114225e-02	1.413356e-01	-1.479901e-01	-1.250529e-01	1.180203e-01	-1.497616e-01	1.814526e-01	1.195567e-01	-1.666489e-01	-1.228957e-01	1.312487e-01	-1.352821e-01	-7.214998e-02	3.719684e-02	
1.475003e-01	4.593852e-01	-2.934632e-01	6.906657e-01	-9.880210e-01	1.000000e+00	-9.889017e-01	-8.859013e-02	1.502572e-01	-9.155880e-03	2.812387e-02	-4.705309e-02	-1.456220e-01	1.766092e-01	1.623712e-01	-1.450140e-01	1.832079e-01	-2.206365e-01	-1.511243e-01	2.060813e-01	1.349727e-01	-1.440739e-01	1.478172e-01	8.220206e-02	-3.863897e-02	
-2.050873e-01	-5.188105e-01	3.447656e-01	-7.354196e-01	9.554614e-01	-9.889017e-01	1.000000e+00	1.481648e-01	-2.013880e-01	-1.810460e-03	-1.751707e-02	3.848895e-02	1.423399e-01	-1.895345e-01	-1.965260e-01	1.683939e-01	-2.120674e-01	2.543110e-01	1.783557e-01	-2.396635e-01	-1.422955e-01	1.517585e-01	-1.549511e-01	-8.981649e-02	3.866156e-02	
-2.831907e-01	-4.752825e-01	4.098973e-01	-5.688723e-01	-1.005905e-03	-8.859013e-02	1.481648e-01	1.000000e+00	-9.712978e-01	1.289618e-01	-1.293481e-01	1.218547e-01	-7.049772e-02	-2.062650e-01	-2.632690e-01	1.735409e-01	-2.137535e-01	2.490041e-01	2.075230e-01	-2.610001e-01	-1.040642e-01	1.136803e-01	-1.170449e-01	-1.006422e-01	4.386668e-02	
3.844646e-01	5.525925e-01	-4.831117e-01	5.877103e-01	-6.697911e-02	1.502572e-01	-2.013880e-01	-9.712978e-01	1.000000e+00	-1.070539e-01	1.068284e-01	-1.007540e-01	9.195518e-02	2.169100e-01	3.161506e-01	-2.069182e-01	2.548840e-01	-2.967905e-01	-2.461783e-01	3.065144e-01	1.095262e-01	-1.180094e-01	1.189320e-01	1.067288e-01	-3.891665e-02	
1.018490e-01	9.284904e-02	-1.934277e-01	5.509357e-02	1.603105e-02	-9.155880e-03	-1.810460e-03	1.289618e-01	-1.070539e-01	1.000000e+00	-9.911428e-01	9.594194e-01	-7.063542e-01	6.433990e-01	1.713334e-01	-3.143641e-02	4.241117e-02	-5.084853e-02	-6.373200e-02	6.898505e-02	3.795482e-02	-4.626427e-02	5.421668e-02	6.008228e-02	-3.942958e-02	
-9.507862e-02	-9.839149e-02	2.203431e-01	-6.601307e-02	-3.411891e-02	2.812387e-02	-1.751707e-02	-1.293481e-01	1.068284e-01	-9.911428e-01	1.000000e+00	-9.877172e-01	7.029768e-01	-6.504945e-01	-2.021853e-01	3.220682e-02	-4.342583e-02	5.200094e-02	6.704272e-02	-7.223106e-02	-4.648461e-02	5.757276e-02	-6.854549e-02	-8.049492e-02	5.826777e-02	
7.062523e-02	9.600477e-02	-2.364430e-01	7.784460e-02	5.114225e-02	-4.705309e-02	3.848895e-02	1.218547e-01	-1.007540e-01	9.594194e-01	-9.877172e-01	1.000000e+00	-6.956546e-01	6.584120e-01	2.273779e-01	-2.853306e-02	3.908735e-02	-4.706854e-02	-6.576780e-02	6.998848e-02	5.612241e-02	-7.053237e-02	8.534273e-02	1.014523e-01	-7.922714e-02	
3.828494e-02	5.449181e-02	-1.809928e-01	7.491797e-02	1.413356e-01	-1.456220e-01	1.423399e-01	-7.049772e-02	9.195518e-02	-7.063542e-01	7.029768e-01	-6.956546e-01	1.000000e+00	-9.271206e-01	1.743159e-01	1.971982e-03	4.349969e-04	-2.414308e-03	-2.378971e-02	2.872405e-02	5.096378e-02	-6.571004e-02	7.982507e-02	1.203478e-01	-1.069168e-01	
1.599750e-01	1.504010e-01	-3.507761e-02	1.075732e-01	-1.479901e-01	1.766092e-01	-1.895345e-01	-2.062650e-01	2.169100e-01	6.433990e-01	-6.504945e-01	6.584120e-01	-9.271206e-01	1.000000e+00	-2.763739e-02	-8.354677e-02	9.981025e-02	-1.136879e-01	-7.627447e-02	9.273731e-02	-1.511021e-02	2.742485e-02	-4.248999e-02	-8.009287e-02	9.560180e-02	
3.227219e-01	4.103768e-01	-6.502208e-01	4.955153e-01	-1.250529e-01	1.623712e-01	-1.965260e-01	-2.632690e-01	3.161506e-01	1.713334e-01	-2.021853e-01	2.273779e-01	1.743159e-01	-2.763739e-02	1.000000e+00	-5.170905e-01	5.922616e-01	-6.346998e-01	-5.372994e-01	5.373361e-01	6.961680e-02	-8.241324e-02	9.441484e-02	1.438176e-01	-6.360402e-02	
-2.547145e-01	-3.003231e-01	2.309838e-01	-1.779467e-01	1.180203e-01	-1.450140e-01	1.683939e-01	1.735409e-01	-2.069182e-01	-3.143641e-02	3.220682e-02	-2.853306e-02	1.971982e-03	-8.354677e-02	-5.170905e-01	1.000000e+00	-9.853790e-01	9.441743e-01	-7.364188e-02	-1.705667e-03	6.792587e-02	-8.298049e-02	9.924806e-02	2.836512e-02	-3.882538e-02	
3.143828e-01	3.819570e-01	-2.961821e-01	2.285470e-01	-1.497616e-01	1.832079e-01	-2.120674e-01	-2.137535e-01	2.548840e-01	4.241117e-02	-4.342583e-02	3.908735e-02	4.349969e-04	9.981025e-02	5.922616e-01	-9.853790e-01	1.000000e+00	-9.855268e-01	-2.115799e-02	9.248619e-02	-5.051324e-02	6.607618e-02	-8.406783e-02	-2.833590e-02	5.152609e-02	
-3.679158e-01	-4.580058e-01	3.523845e-01	-2.759504e-01	1.814526e-01	-2.206365e-01	2.543110e-01	2.490041e-01	-2.967905e-01	-5.084853e-02	5.200094e-02	-4.706854e-02	-2.414308e-03	-1.136879e-01	-6.346998e-01	9.441743e-01	-9.855268e-01	1.000000e+00	8.143911e-02	-1.467894e-01	2.487684e-02	-4.054905e-02	6.059361e-02	2.018444e-02	-5.152089e-02	
-2.818694e-01	-3.703950e-01	3.471717e-01	-2.390868e-01	1.195567e-01	-1.511243e-01	1.783557e-01	2.075230e-01	-2.461783e-01	-6.373200e-02	6.704272e-02	-6.576780e-02	-2.378971e-02	-7.627447e-02	-5.372994e-01	-7.364188e-02	-2.115799e-02	8.143911e-02	1.000000e+00	-9.738224e-01	-1.253493e-02	1.059235e-02	-1.117722e-02	5.288282e-02	-1.721731e-01	
3.504012e-01	4.830616e-01	-4.159718e-01	3.072499e-01	-1.666489e-01	2.060813e-01	-2.396635e-01	-2.610001e-01	3.065144e-01	6.898505e-02	-7.223106e-02	6.998848e-02	2.872405e-02	9.273731e-02	5.373361e-01	-1.705667e-03	9.248619e-02	-1.467894e-01	-9.738224e-01	1.000000e+00	3.707054e-02	-3.876784e-02	4.155511e-02	-1.609376e-02	1.557758e-01	
1.038777e-02	2.140741e-01	-2.177820e-01	2.221773e-01	-1.228957e-01	1.349727e-01	-1.422955e-01	-1.040642e-01	1.095262e-01	3.795482e-02	-4.648461e-02	5.612241e-02	5.096378e-02	-1.511021e-02	6.961680e-02	6.792587e-02	-5.051324e-02	2.487684e-02	-1.253493e-02	3.707054e-02	1.000000e+00	-9.916270e-01	9.619456e-01	-6.158618e-01	5.927291e-01	
5.546675e-03	-2.310864e-01	2.471070e-01	-2.538349e-01	1.312487e-01	-1.440739e-01	1.517585e-01	1.136803e-01	-1.180094e-01	-4.626427e-02	5.757276e-02	-7.053237e-02	-6.571004e-02	2.742485e-02	-8.241324e-02	-8.298049e-02	6.607618e-02	-4.054905e-02	1.059235e-02	-3.876784e-02	-9.916270e-01	1.000000e+00	-9.886008e-01	6.007698e-01	-5.874022e-01	
-3.544516e-02	2.352284e-01	-2.657889e-01	2.783931e-01	-1.352821e-01	1.478172e-01	-1.549511e-01	-1.170449e-01	1.189320e-01	5.421668e-02	-6.854549e-02	8.534273e-02	7.982507e-02	-4.248999e-02	9.441484e-02	9.924806e-02	-8.406783e-02	6.059361e-02	-1.117722e-02	4.155511e-02	9.619456e-01	-9.886008e-01	1.000000e+00	-5.832966e-01	5.834754e-01	
-3.308184e-03	1.818232e-01	-2.796763e-01	2.577967e-01	-7.214998e-02	8.220206e-02	-8.981649e-02	-1.006422e-01	1.067288e-01	6.008228e-02	-8.049492e-02	1.014523e-01	1.203478e-01	-8.009287e-02	1.438176e-01	2.836512e-02	-2.833590e-02	2.018444e-02	5.288282e-02	-1.609376e-02	-6.158618e-01	6.007698e-01	-5.832966e-01	1.000000e+00	-9.722434e-01	
9.384326e-02	-6.811110e-02	1.747561e-01	-1.811128e-01	3.719684e-02	-3.863897e-02	3.866156e-02	4.386668e-02	-3.891665e-02	-3.942958e-02	5.826777e-02	-7.922714e-02	-1.069168e-01	9.560180e-02	-6.360402e-02	-3.882538e-02	5.152609e-02	-5.152089e-02	-1.721731e-01	1.557758e-01	5.927291e-01	-5.874022e-01	5.834754e-01	-9.722434e-01	1.000000e+00	

Time taken for mcmc chain: 1.670556 hours
