Number of steps: 12777332
Number of accepted steps: 1000000
Burn-in number of steps: 320000
Accepted fraction of steps: 0.078264
Convergence Status
R[0]= 1.003434	R[1]= 1.003951	R[2]= 1.048755	R[3]= 1.088674	R[4]= 1.013641	R[5]= 1.016421	R[6]= 1.018518	R[7]= 1.004712	R[8]= 1.001194	R[9]= 1.012094	R[10]= 1.017150	R[11]= 1.024144	R[12]= 1.000095	R[13]= 1.000555	R[14]= 1.057247	R[15]= 1.005221	R[16]= 1.005989	R[17]= 1.006667	R[18]= 1.000320	R[19]= 1.000510	R[20]= 1.003930	R[21]= 1.007146	R[22]= 1.013415	R[23]= 1.002892	R[24]= 1.004584	
<R>= 1.014450

Mean parameters
A[0]= 9.603346e-01 pm 3.124061e-02
A[1]= 1.053701e+00 pm 2.542403e-02
A[2]= 6.483772e-01 pm 3.612206e-01
A[3]= 4.523283e+00 pm 1.227585e+00
A[4]= -4.467070e+03 pm 3.868956e+03
A[5]= 2.355757e+03 pm 2.542777e+03
A[6]= -1.088356e+02 pm 5.983120e+02
A[7]= 6.017151e+00 pm 1.355008e+01
A[8]= -6.306490e-02 pm 1.836576e-01
A[9]= -8.469313e+02 pm 8.675880e+03
A[10]= 7.433556e+01 pm 5.227150e+03
A[11]= -1.895073e+02 pm 1.103140e+03
A[12]= -2.059939e+01 pm 4.928430e+01
A[13]= 5.147484e-01 pm 9.421592e-01
A[14]= 6.335085e+00 pm 1.768176e+00
A[15]= -6.699936e+03 pm 5.349746e+03
A[16]= 5.347893e+03 pm 3.495159e+03
A[17]= -1.065436e+03 pm 8.199588e+02
A[18]= 2.240798e+00 pm 2.008269e+01
A[19]= 1.522941e-01 pm 2.666409e-01
A[20]= 5.066188e+03 pm 1.179604e+04
A[21]= -2.152587e+03 pm 7.076015e+03
A[22]= -1.708046e+02 pm 1.485873e+03
A[23]= -3.691671e+01 pm 6.887431e+01
A[24]= 4.351037e-01 pm 1.330200e+00

Best-fitting parameters
A[0]= 9.698574e-01
A[1]= 1.049797e+00
A[2]= 7.044022e-01
A[3]= 4.169640e+00
A[4]= -3.800801e+03
A[5]= 1.897373e+03
A[6]= 4.546855e+00
A[7]= 8.495440e-01
A[8]= 1.081398e-03
A[9]= -9.925268e+02
A[10]= 4.628131e+02
A[11]= -3.505820e+02
A[12]= -2.374697e+01
A[13]= 7.094134e-01
A[14]= 6.985844e+00
A[15]= -1.209273e+04
A[16]= 8.865620e+03
A[17]= -1.897046e+03
A[18]= 2.075877e+01
A[19]= -3.035953e-02
A[20]= -3.404910e+03
A[21]= 3.487974e+03
A[22]= -1.462039e+03
A[23]= 1.856115e+00
A[24]= -1.319486e-01
chi2_min= 1.114189e+02


Cross-Covariance parameters
1.000000e+00	-5.076815e-01	-1.870143e-01	9.313973e-02	5.923551e-02	-5.875671e-02	4.913035e-02	6.433019e-02	-7.704748e-02	-2.270370e-03	5.151484e-03	-2.621952e-02	1.484648e-01	-1.338058e-01	8.725001e-02	5.012380e-02	-5.300384e-02	4.620773e-02	7.807547e-02	-8.290939e-02	3.213647e-03	2.214212e-03	-2.735003e-02	1.548186e-01	-1.379653e-01	
-5.076815e-01	1.000000e+00	1.534216e-01	-1.546029e-01	-3.766309e-02	4.679722e-02	-6.160300e-02	1.245019e-01	-1.066896e-01	2.128538e-02	-2.649247e-02	4.066208e-02	-1.035672e-01	5.331190e-02	-2.185125e-01	2.760381e-02	-2.743308e-02	1.986206e-02	1.069390e-01	-1.245994e-01	2.112074e-02	-3.364157e-02	5.864725e-02	-9.739922e-02	6.034396e-02	
-1.870143e-01	1.534216e-01	1.000000e+00	-6.281790e-01	-1.273553e-01	1.390470e-01	-1.411853e-01	-1.181855e-03	5.399274e-02	-3.861180e-01	5.016667e-01	-6.372519e-01	-9.287799e-02	2.412017e-01	-6.498002e-01	-6.594347e-02	7.465297e-02	-7.527674e-02	-2.436354e-02	4.205409e-02	-3.660592e-01	4.757566e-01	-6.099949e-01	-1.288161e-01	2.652664e-01	
9.313973e-02	-1.546029e-01	-6.281790e-01	1.000000e+00	-4.994166e-01	5.542451e-01	-5.957559e-01	1.714443e-01	9.761120e-02	1.203369e-01	-1.670937e-01	2.279930e-01	4.056111e-02	-7.394453e-02	3.934833e-01	5.188593e-02	-6.643926e-02	7.619086e-02	5.847743e-03	-2.847748e-02	2.311994e-01	-3.022295e-01	3.897715e-01	8.352988e-02	-1.696058e-01	
5.923551e-02	-3.766309e-02	-1.273553e-01	-4.994166e-01	1.000000e+00	-9.845844e-01	9.411610e-01	-6.684220e-01	2.798307e-01	1.515808e-01	-2.052141e-01	2.641733e-01	6.027875e-02	-7.811743e-02	1.180206e-01	7.676611e-03	-1.674005e-03	-5.107465e-03	-5.616869e-03	1.060002e-02	4.626609e-02	-6.043160e-02	7.747618e-02	2.504283e-02	-4.076088e-02	
-5.875671e-02	4.679722e-02	1.390470e-01	5.542451e-01	-9.845844e-01	1.000000e+00	-9.852877e-01	6.211088e-01	-2.145676e-01	-1.695240e-01	2.278238e-01	-2.921439e-01	-6.560443e-02	9.841662e-02	-1.299209e-01	-7.699614e-03	1.101810e-03	6.156317e-03	7.890061e-03	-1.311842e-02	-5.212992e-02	6.745119e-02	-8.578895e-02	-2.457018e-02	4.202702e-02	
4.913035e-02	-6.160300e-02	-1.411853e-01	-5.957559e-01	9.411610e-01	-9.852877e-01	1.000000e+00	-5.591857e-01	1.505804e-01	1.858711e-01	-2.462176e-01	3.127602e-01	6.052311e-02	-1.046129e-01	1.368904e-01	5.688378e-03	1.371551e-03	-8.655458e-03	-1.266516e-02	1.849258e-02	5.431846e-02	-6.962535e-02	8.796244e-02	2.186863e-02	-3.951273e-02	
6.433019e-02	1.245019e-01	-1.181855e-03	1.714443e-01	-6.684220e-01	6.211088e-01	-5.591857e-01	1.000000e+00	-8.804059e-01	6.952123e-02	-4.244105e-02	1.315690e-03	-4.520602e-02	-1.049346e-01	-3.709881e-02	3.389142e-03	-7.028328e-03	7.886680e-03	4.506886e-02	-4.732090e-02	4.115042e-04	-1.471205e-03	1.453093e-03	1.018267e-02	-1.581789e-02	
-7.704748e-02	-1.066896e-01	5.399274e-02	9.761120e-02	2.798307e-01	-2.145676e-01	1.505804e-01	-8.804059e-01	1.000000e+00	-1.753232e-01	1.717618e-01	-1.531457e-01	3.397945e-02	1.814254e-01	-1.599283e-02	-5.558700e-03	6.231673e-03	-4.179216e-03	-3.855609e-02	3.793671e-02	-1.770712e-02	2.524824e-02	-3.332075e-02	-2.142265e-02	3.385497e-02	
-2.270370e-03	2.128538e-02	-3.861180e-01	1.203369e-01	1.515808e-01	-1.695240e-01	1.858711e-01	6.952123e-02	-1.753232e-01	1.000000e+00	-9.835540e-01	9.170851e-01	-7.698513e-01	5.771346e-01	2.727060e-01	1.551127e-02	-1.623296e-02	1.418021e-02	3.485102e-03	-2.736163e-03	1.531423e-01	-1.992742e-01	2.572281e-01	3.348454e-02	-9.039244e-02	
5.151484e-03	-2.649247e-02	5.016667e-01	-1.670937e-01	-2.052141e-01	2.278238e-01	-2.462176e-01	-4.244105e-02	1.717618e-01	-9.835540e-01	1.000000e+00	-9.732164e-01	7.220157e-01	-5.208122e-01	-3.485602e-01	-2.478422e-02	2.657006e-02	-2.460833e-02	-6.563044e-03	9.156720e-03	-1.991131e-01	2.591995e-01	-3.348042e-01	-4.649248e-02	1.216529e-01	
-2.621952e-02	4.066208e-02	-6.372519e-01	2.279930e-01	2.641733e-01	-2.921439e-01	3.127602e-01	1.315690e-03	-1.531457e-01	9.170851e-01	-9.732164e-01	1.000000e+00	-6.138736e-01	4.110555e-01	4.367219e-01	3.603207e-02	-3.934240e-02	3.789248e-02	8.983221e-03	-1.627095e-02	2.544120e-01	-3.315121e-01	4.289247e-01	5.940676e-02	-1.569333e-01	
1.484648e-01	-1.035672e-01	-9.287799e-02	4.056111e-02	6.027875e-02	-6.560443e-02	6.052311e-02	-4.520602e-02	3.397945e-02	-7.698513e-01	7.220157e-01	-6.138736e-01	1.000000e+00	-9.447073e-01	3.779635e-02	2.808346e-02	-3.198622e-02	3.388311e-02	1.388319e-02	-2.727380e-02	2.467145e-02	-3.255683e-02	3.926917e-02	3.685005e-02	-4.607099e-02	
-1.338058e-01	5.331190e-02	2.412017e-01	-7.394453e-02	-7.811743e-02	9.841662e-02	-1.046129e-01	-1.049346e-01	1.814254e-01	5.771346e-01	-5.208122e-01	4.110555e-01	-9.447073e-01	1.000000e+00	-1.271403e-01	-4.235798e-02	4.783050e-02	-4.962768e-02	-2.390417e-02	4.215431e-02	-8.516595e-02	1.125010e-01	-1.437644e-01	-5.119912e-02	8.601163e-02	
8.725001e-02	-2.185125e-01	-6.498002e-01	3.934833e-01	1.180206e-01	-1.299209e-01	1.368904e-01	-3.709881e-02	-1.599283e-02	2.727060e-01	-3.485602e-01	4.367219e-01	3.779635e-02	-1.271403e-01	1.000000e+00	-5.025872e-01	5.664837e-01	-6.150815e-01	1.052550e-01	1.540018e-01	1.119313e-01	-1.535503e-01	2.130364e-01	5.642244e-02	-9.057627e-02	
5.012380e-02	2.760381e-02	-6.594347e-02	5.188593e-02	7.676611e-03	-7.699614e-03	5.688378e-03	3.389142e-03	-5.558700e-03	1.551127e-02	-2.478422e-02	3.603207e-02	2.808346e-02	-4.235798e-02	-5.025872e-01	1.000000e+00	-9.826965e-01	9.330980e-01	-6.453679e-01	2.955756e-01	2.021471e-01	-2.440360e-01	2.836269e-01	-5.535484e-03	-3.215267e-02	
-5.300384e-02	-2.743308e-02	7.465297e-02	-6.643926e-02	-1.674005e-03	1.101810e-03	1.371551e-03	-7.028328e-03	6.231673e-03	-1.623296e-02	2.657006e-02	-3.934240e-02	-3.198622e-02	4.783050e-02	5.664837e-01	-9.826965e-01	1.000000e+00	-9.830600e-01	5.820120e-01	-2.130494e-01	-2.135228e-01	2.620801e-01	-3.094954e-01	-1.152701e-02	6.081029e-02	
4.620773e-02	1.986206e-02	-7.527674e-02	7.619086e-02	-5.107465e-03	6.156317e-03	-8.655458e-03	7.886680e-03	-4.179216e-03	1.418021e-02	-2.460833e-02	3.789248e-02	3.388311e-02	-4.962768e-02	-6.150815e-01	9.330980e-01	-9.830600e-01	1.000000e+00	-5.018009e-01	1.286793e-01	2.180847e-01	-2.710785e-01	3.241214e-01	2.278424e-02	-8.023183e-02	
7.807547e-02	1.069390e-01	-2.436354e-02	5.847743e-03	-5.616869e-03	7.890061e-03	-1.266516e-02	4.506886e-02	-3.855609e-02	3.485102e-03	-6.563044e-03	8.983221e-03	1.388319e-02	-2.390417e-02	1.052550e-01	-6.453679e-01	5.820120e-01	-5.018009e-01	1.000000e+00	-9.049269e-01	-4.647056e-02	5.672992e-02	-6.737033e-02	9.773486e-02	-1.694709e-01	
-8.290939e-02	-1.245994e-01	4.205409e-02	-2.847748e-02	1.060002e-02	-1.311842e-02	1.849258e-02	-4.732090e-02	3.793671e-02	-2.736163e-03	9.156720e-03	-1.627095e-02	-2.727380e-02	4.215431e-02	1.540018e-01	2.955756e-01	-2.130494e-01	1.286793e-01	-9.049269e-01	1.000000e+00	-4.115411e-02	4.960682e-02	-5.595326e-02	-1.151174e-01	2.309697e-01	
3.213647e-03	2.112074e-02	-3.660592e-01	2.311994e-01	4.626609e-02	-5.212992e-02	5.431846e-02	4.115042e-04	-1.770712e-02	1.531423e-01	-1.991131e-01	2.544120e-01	2.467145e-02	-8.516595e-02	1.119313e-01	2.021471e-01	-2.135228e-01	2.180847e-01	-4.647056e-02	-4.115411e-02	1.000000e+00	-9.841464e-01	9.181890e-01	-7.566930e-01	5.934379e-01	
2.214212e-03	-3.364157e-02	4.757566e-01	-3.022295e-01	-6.043160e-02	6.745119e-02	-6.962535e-02	-1.471205e-03	2.524824e-02	-1.992742e-01	2.591995e-01	-3.315121e-01	-3.255683e-02	1.125010e-01	-1.535503e-01	-2.440360e-01	2.620801e-01	-2.710785e-01	5.672992e-02	4.960682e-02	-9.841464e-01	1.000000e+00	-9.730433e-01	7.085578e-01	-5.353276e-01	
-2.735003e-02	5.864725e-02	-6.099949e-01	3.897715e-01	7.747618e-02	-8.578895e-02	8.796244e-02	1.453093e-03	-3.332075e-02	2.572281e-01	-3.348042e-01	4.289247e-01	3.926917e-02	-1.437644e-01	2.130364e-01	2.836269e-01	-3.094954e-01	3.241214e-01	-6.737033e-02	-5.595326e-02	9.181890e-01	-9.730433e-01	1.000000e+00	-5.994054e-01	4.207897e-01	
1.548186e-01	-9.739922e-02	-1.288161e-01	8.352988e-02	2.504283e-02	-2.457018e-02	2.186863e-02	1.018267e-02	-2.142265e-02	3.348454e-02	-4.649248e-02	5.940676e-02	3.685005e-02	-5.119912e-02	5.642244e-02	-5.535484e-03	-1.152701e-02	2.278424e-02	9.773486e-02	-1.151174e-01	-7.566930e-01	7.085578e-01	-5.994054e-01	1.000000e+00	-9.627734e-01	
-1.379653e-01	6.034396e-02	2.652664e-01	-1.696058e-01	-4.076088e-02	4.202702e-02	-3.951273e-02	-1.581789e-02	3.385497e-02	-9.039244e-02	1.216529e-01	-1.569333e-01	-4.607099e-02	8.601163e-02	-9.057627e-02	-3.215267e-02	6.081029e-02	-8.023183e-02	-1.694709e-01	2.309697e-01	5.934379e-01	-5.353276e-01	4.207897e-01	-9.627734e-01	1.000000e+00	

Time taken for mcmc chain: 1.386944 hours
