Number of steps: 6352494
Number of accepted steps: 1000000
Burn-in number of steps: 320000
Accepted fraction of steps: 0.157418
Convergence Status
R[0]= 1.086394	R[1]= 1.021800	R[2]= 1.046928	R[3]= 1.131492	R[4]= 1.004257	R[5]= 1.007134	R[6]= 1.010737	R[7]= 1.014755	R[8]= 1.021374	R[9]= 1.010967	R[10]= 1.017415	R[11]= 1.027323	R[12]= 1.015482	R[13]= 1.017370	R[14]= 1.141925	R[15]= 1.022635	R[16]= 1.031247	R[17]= 1.038256	R[18]= 1.033667	R[19]= 1.038841	R[20]= 1.009339	R[21]= 1.015403	R[22]= 1.023820	R[23]= 1.033957	R[24]= 1.035132	
<R>= 1.034306

Mean parameters
A[0]= 1.072543e+00 pm 1.169678e-01
A[1]= 1.179680e+00 pm 2.037009e-01
A[2]= 7.678479e-01 pm 8.641276e-01
A[3]= 3.740437e+00 pm 1.571042e+00
A[4]= 1.059904e+03 pm 3.171246e+03
A[5]= -2.053189e+03 pm 1.918602e+03
A[6]= 1.117190e+03 pm 3.830456e+02
A[7]= -1.519008e+01 pm 1.466111e+01
A[8]= -1.173048e-01 pm 2.217982e-01
A[9]= -5.529612e+03 pm 6.854768e+03
A[10]= 1.951799e+03 pm 3.860563e+03
A[11]= -3.130802e+02 pm 7.032816e+02
A[12]= 3.191303e+01 pm 4.312027e+01
A[13]= -8.389515e-01 pm 7.908426e-01
A[14]= 4.992102e+00 pm 2.186863e+00
A[15]= -3.953869e+03 pm 4.499681e+03
A[16]= 1.175959e+03 pm 2.775369e+03
A[17]= 4.847841e+02 pm 5.595800e+02
A[18]= -1.427041e+01 pm 2.235842e+01
A[19]= -4.159881e-02 pm 3.082691e-01
A[20]= 3.140913e+03 pm 9.426085e+03
A[21]= -2.659822e+03 pm 5.328688e+03
A[22]= 3.583145e+02 pm 9.749848e+02
A[23]= -1.000586e+01 pm 6.352353e+01
A[24]= -4.486326e-01 pm 1.181046e+00

Best-fitting parameters
A[0]= 1.091772e+00
A[1]= 1.267817e+00
A[2]= 5.918480e-01
A[3]= 4.090783e+00
A[4]= -5.679976e+02
A[5]= -8.534346e+02
A[6]= 8.388258e+02
A[7]= -1.566286e+01
A[8]= -1.133829e-01
A[9]= -7.545202e+03
A[10]= 3.221624e+03
A[11]= -5.639868e+02
A[12]= 3.756081e+01
A[13]= -9.717324e-01
A[14]= 4.014678e+00
A[15]= -2.553516e+03
A[16]= 2.532556e+02
A[17]= 6.563691e+02
A[18]= -9.011357e+00
A[19]= -1.498407e-01
A[20]= 1.227143e+04
A[21]= -7.940324e+03
A[22]= 1.316338e+03
A[23]= -6.705619e+01
A[24]= 5.410147e-01
chi2_min= 1.111425e+02


Cross-Covariance parameters
1.000000e+00	3.896549e-01	-4.766711e-01	3.210759e-01	-8.483018e-02	1.500362e-01	-2.148063e-01	-2.835850e-01	3.809030e-01	5.547854e-02	-4.721609e-02	2.222578e-02	5.542502e-02	1.371508e-01	3.336511e-01	-1.674049e-01	2.166253e-01	-2.625190e-01	-2.524020e-01	3.195118e-01	2.866427e-03	7.531944e-03	-3.064273e-02	2.686085e-02	7.019463e-02	
3.896549e-01	1.000000e+00	-6.522210e-01	4.035891e-01	-3.327228e-01	4.220618e-01	-5.024903e-01	-3.920403e-01	5.125415e-01	1.719137e-01	-1.940071e-01	2.127961e-01	5.942683e-02	1.328792e-01	4.437805e-01	-4.252192e-01	4.953049e-01	-5.532697e-01	-4.015203e-01	4.842473e-01	7.826300e-02	-8.945450e-02	1.024697e-01	2.956001e-03	8.107596e-02	
-4.766711e-01	-6.522210e-01	1.000000e+00	-6.753502e-01	1.874270e-01	-2.603131e-01	3.281803e-01	3.877941e-01	-4.923656e-01	-2.779063e-01	3.183364e-01	-3.483260e-01	-2.534610e-01	2.481517e-02	-6.586473e-01	2.507214e-01	-3.051575e-01	3.504569e-01	3.343689e-01	-3.975374e-01	-1.708727e-01	2.020050e-01	-2.285193e-01	-2.024852e-01	1.030046e-01	
3.210759e-01	4.035891e-01	-6.753502e-01	1.000000e+00	-5.380414e-01	6.124779e-01	-6.609160e-01	-5.100808e-01	5.484154e-01	1.791408e-01	-2.182343e-01	2.607690e-01	1.732522e-01	1.769011e-03	6.065331e-01	-1.485957e-01	1.872636e-01	-2.210441e-01	-2.290085e-01	2.749381e-01	1.768892e-01	-2.156364e-01	2.528693e-01	2.622802e-01	-1.921091e-01	
-8.483018e-02	-3.327228e-01	1.874270e-01	-5.380414e-01	1.000000e+00	-9.851877e-01	9.437254e-01	-8.655902e-02	-9.767221e-03	-6.012765e-02	6.278567e-02	-7.091737e-02	1.105198e-01	-1.008628e-01	-1.928674e-01	1.586932e-01	-1.827775e-01	2.032659e-01	1.211981e-01	-1.487781e-01	-4.062860e-02	4.888329e-02	-5.926519e-02	-3.907390e-02	1.683788e-02	
1.500362e-01	4.220618e-01	-2.603131e-01	6.124779e-01	-9.851877e-01	1.000000e+00	-9.857284e-01	-1.215635e-02	1.059754e-01	7.958236e-02	-8.346332e-02	9.186901e-02	-1.109017e-01	1.299282e-01	2.458966e-01	-1.976812e-01	2.291551e-01	-2.557823e-01	-1.644107e-01	2.006118e-01	4.787572e-02	-5.725271e-02	6.854607e-02	4.294756e-02	-1.024599e-02	
-2.148063e-01	-5.024903e-01	3.281803e-01	-6.609160e-01	9.437254e-01	-9.857284e-01	1.000000e+00	8.393682e-02	-1.727960e-01	-1.003497e-01	1.055013e-01	-1.134538e-01	1.032580e-01	-1.437576e-01	-2.917107e-01	2.312294e-01	-2.693803e-01	3.017571e-01	2.015009e-01	-2.459834e-01	-5.407793e-02	6.449444e-02	-7.653401e-02	-4.634541e-02	3.866572e-03	
-2.835850e-01	-3.920403e-01	3.877941e-01	-5.100808e-01	-8.655902e-02	-1.215635e-02	8.393682e-02	1.000000e+00	-9.657591e-01	7.204402e-02	-5.861836e-02	3.534235e-02	-1.059013e-01	-1.712628e-01	-2.974751e-01	1.586401e-01	-1.921419e-01	2.185297e-01	2.235635e-01	-2.600211e-01	-5.534864e-02	6.507965e-02	-7.351076e-02	-4.859326e-02	-5.725835e-03	
3.809030e-01	5.125415e-01	-4.923656e-01	5.484154e-01	-9.767221e-03	1.059754e-01	-1.727960e-01	-9.657591e-01	1.000000e+00	-3.833622e-02	2.266745e-02	9.107789e-04	1.332166e-01	1.794868e-01	3.658934e-01	-2.073042e-01	2.506416e-01	-2.859611e-01	-2.738973e-01	3.233408e-01	6.564210e-02	-7.658053e-02	8.556194e-02	5.877963e-02	1.015549e-02	
5.547854e-02	1.719137e-01	-2.779063e-01	1.791408e-01	-6.012765e-02	7.958236e-02	-1.003497e-01	7.204402e-02	-3.833622e-02	1.000000e+00	-9.906986e-01	9.571811e-01	-6.616339e-01	6.271976e-01	1.925379e-01	-3.802402e-02	5.047977e-02	-6.277896e-02	-5.460646e-02	6.966786e-02	7.742235e-02	-9.399832e-02	1.103255e-01	9.893285e-02	-7.971939e-02	
-4.721609e-02	-1.940071e-01	3.183364e-01	-2.182343e-01	6.278567e-02	-8.346332e-02	1.055013e-01	-5.861836e-02	2.266745e-02	-9.906986e-01	1.000000e+00	-9.870125e-01	6.506203e-01	-6.307367e-01	-2.318526e-01	4.461235e-02	-5.857132e-02	7.228234e-02	6.268217e-02	-7.974933e-02	-9.394019e-02	1.146518e-01	-1.354773e-01	-1.213707e-01	1.000402e-01	
2.222578e-02	2.127961e-01	-3.483260e-01	2.607690e-01	-7.091737e-02	9.186901e-02	-1.134538e-01	3.534235e-02	9.107789e-04	9.571811e-01	-9.870125e-01	1.000000e+00	-6.329920e-01	6.325280e-01	2.690045e-01	-5.116144e-02	6.609564e-02	-8.070658e-02	-6.826922e-02	8.657126e-02	1.115840e-01	-1.369667e-01	1.632497e-01	1.436102e-01	-1.218701e-01	
5.542502e-02	5.942683e-02	-2.534610e-01	1.732522e-01	1.105198e-01	-1.109017e-01	1.032580e-01	-1.059013e-01	1.332166e-01	-6.616339e-01	6.506203e-01	-6.329920e-01	1.000000e+00	-9.257323e-01	2.286258e-01	-1.344383e-02	2.022694e-02	-2.582598e-02	-6.269849e-02	7.315444e-02	7.470203e-02	-9.243585e-02	1.096903e-01	1.270924e-01	-1.036993e-01	
1.371508e-01	1.328792e-01	2.481517e-02	1.769011e-03	-1.008628e-01	1.299282e-01	-1.437576e-01	-1.712628e-01	1.794868e-01	6.271976e-01	-6.307367e-01	6.325280e-01	-9.257323e-01	1.000000e+00	-7.312674e-02	-6.418872e-02	7.459003e-02	-8.318263e-02	-4.622993e-02	5.636644e-02	-4.965957e-02	6.360693e-02	-7.891252e-02	-9.865841e-02	1.066926e-01	
3.336511e-01	4.437805e-01	-6.586473e-01	6.065331e-01	-1.928674e-01	2.458966e-01	-2.917107e-01	-2.974751e-01	3.658934e-01	1.925379e-01	-2.318526e-01	2.690045e-01	2.286258e-01	-7.312674e-02	1.000000e+00	-5.556605e-01	6.243495e-01	-6.667681e-01	-5.367489e-01	5.620187e-01	9.389156e-02	-1.195359e-01	1.502245e-01	1.392939e-01	-5.752509e-02	
-1.674049e-01	-4.252192e-01	2.507214e-01	-1.485957e-01	1.586932e-01	-1.976812e-01	2.312294e-01	1.586401e-01	-2.073042e-01	-3.802402e-02	4.461235e-02	-5.116144e-02	-1.344383e-02	-6.418872e-02	-5.556605e-01	1.000000e+00	-9.872592e-01	9.533921e-01	1.915081e-02	-9.761433e-02	6.222212e-02	-7.183637e-02	7.527690e-02	8.085368e-02	-8.937239e-02	
2.166253e-01	4.953049e-01	-3.051575e-01	1.872636e-01	-1.827775e-01	2.291551e-01	-2.693803e-01	-1.921419e-01	2.506416e-01	5.047977e-02	-5.857132e-02	6.609564e-02	2.022694e-02	7.459003e-02	6.243495e-01	-9.872592e-01	1.000000e+00	-9.885389e-01	-1.117615e-01	1.842818e-01	-5.574177e-02	6.500314e-02	-6.798734e-02	-8.850890e-02	1.076889e-01	
-2.625190e-01	-5.532697e-01	3.504569e-01	-2.210441e-01	2.032659e-01	-2.557823e-01	3.017571e-01	2.185297e-01	-2.859611e-01	-6.277896e-02	7.228234e-02	-8.070658e-02	-2.582598e-02	-8.318263e-02	-6.667681e-01	9.533921e-01	-9.885389e-01	1.000000e+00	1.705636e-01	-2.349432e-01	4.381242e-02	-5.260822e-02	5.576804e-02	8.859125e-02	-1.141235e-01	
-2.524020e-01	-4.015203e-01	3.343689e-01	-2.290085e-01	1.211981e-01	-1.644107e-01	2.015009e-01	2.235635e-01	-2.738973e-01	-5.460646e-02	6.268217e-02	-6.826922e-02	-6.269849e-02	-4.622993e-02	-5.367489e-01	1.915081e-02	-1.117615e-01	1.705636e-01	1.000000e+00	-9.783400e-01	2.442933e-02	-2.208396e-02	1.138062e-02	8.267388e-02	-1.986219e-01	
3.195118e-01	4.842473e-01	-3.975374e-01	2.749381e-01	-1.487781e-01	2.006118e-01	-2.459834e-01	-2.600211e-01	3.233408e-01	6.966786e-02	-7.974933e-02	8.657126e-02	7.315444e-02	5.636644e-02	5.620187e-01	-9.761433e-02	1.842818e-01	-2.349432e-01	-9.783400e-01	1.000000e+00	-2.157185e-02	1.691113e-02	-3.756174e-03	-6.104544e-02	1.938139e-01	
2.866427e-03	7.826300e-02	-1.708727e-01	1.768892e-01	-4.062860e-02	4.787572e-02	-5.407793e-02	-5.534864e-02	6.564210e-02	7.742235e-02	-9.394019e-02	1.115840e-01	7.470203e-02	-4.965957e-02	9.389156e-02	6.222212e-02	-5.574177e-02	4.381242e-02	2.442933e-02	-2.157185e-02	1.000000e+00	-9.911087e-01	9.588763e-01	-6.682735e-01	6.188449e-01	
7.531944e-03	-8.945450e-02	2.020050e-01	-2.156364e-01	4.888329e-02	-5.725271e-02	6.449444e-02	6.507965e-02	-7.658053e-02	-9.399832e-02	1.146518e-01	-1.369667e-01	-9.243585e-02	6.360693e-02	-1.195359e-01	-7.183637e-02	6.500314e-02	-5.260822e-02	-2.208396e-02	1.691113e-02	-9.911087e-01	1.000000e+00	-9.875138e-01	6.579157e-01	-6.180772e-01	
-3.064273e-02	1.024697e-01	-2.285193e-01	2.528693e-01	-5.926519e-02	6.854607e-02	-7.653401e-02	-7.351076e-02	8.556194e-02	1.103255e-01	-1.354773e-01	1.632497e-01	1.096903e-01	-7.891252e-02	1.502245e-01	7.527690e-02	-6.798734e-02	5.576804e-02	1.138062e-02	-3.756174e-03	9.588763e-01	-9.875138e-01	1.000000e+00	-6.400768e-01	6.150525e-01	
2.686085e-02	2.956001e-03	-2.024852e-01	2.622802e-01	-3.907390e-02	4.294756e-02	-4.634541e-02	-4.859326e-02	5.877963e-02	9.893285e-02	-1.213707e-01	1.436102e-01	1.270924e-01	-9.865841e-02	1.392939e-01	8.085368e-02	-8.850890e-02	8.859125e-02	8.267388e-02	-6.104544e-02	-6.682735e-01	6.579157e-01	-6.400768e-01	1.000000e+00	-9.724894e-01	
7.019463e-02	8.107596e-02	1.030046e-01	-1.921091e-01	1.683788e-02	-1.024599e-02	3.866572e-03	-5.725835e-03	1.015549e-02	-7.971939e-02	1.000402e-01	-1.218701e-01	-1.036993e-01	1.066926e-01	-5.752509e-02	-8.937239e-02	1.076889e-01	-1.141235e-01	-1.986219e-01	1.938139e-01	6.188449e-01	-6.180772e-01	6.150525e-01	-9.724894e-01	1.000000e+00	

Time taken for mcmc chain: 1.093889 hours
