Number of steps: 17059091
Number of accepted steps: 1000000
Burn-in number of steps: 320000
Accepted fraction of steps: 0.058620
Convergence Status
R[0]= 1.002078	R[1]= 1.006269	R[2]= 1.022472	R[3]= 1.027408	R[4]= 1.051287	R[5]= 1.062906	R[6]= 1.070809	R[7]= 1.015051	R[8]= 1.002993	R[9]= 1.010732	R[10]= 1.017933	R[11]= 1.027788	R[12]= 1.000287	R[13]= 1.003171	R[14]= 1.023939	R[15]= 1.011122	R[16]= 1.015626	R[17]= 1.019094	R[18]= 1.003650	R[19]= 1.000625	R[20]= 1.013025	R[21]= 1.020132	R[22]= 1.029492	R[23]= 1.002870	R[24]= 1.001178	
<R>= 1.018477

Mean parameters
A[0]= 8.729934e-01 pm 3.118699e-02
A[1]= 9.467388e-01 pm 2.350545e-02
A[2]= 6.981727e-01 pm 4.208639e-01
A[3]= 3.679605e+00 pm 1.170812e+00
A[4]= -1.327220e+03 pm 4.029552e+03
A[5]= 1.344399e+03 pm 2.820135e+03
A[6]= -2.196170e+02 pm 7.383515e+02
A[7]= 1.605631e+01 pm 1.539299e+01
A[8]= -1.296628e-01 pm 1.876239e-01
A[9]= 5.800835e+03 pm 9.175806e+03
A[10]= -2.797281e+03 pm 5.753790e+03
A[11]= 7.714524e+01 pm 1.329127e+03
A[12]= -4.088930e+01 pm 5.140095e+01
A[13]= 9.009855e-01 pm 9.788431e-01
A[14]= 6.281203e+00 pm 1.903090e+00
A[15]= -9.694133e+03 pm 5.649232e+03
A[16]= 8.634290e+03 pm 3.934117e+03
A[17]= -2.334813e+03 pm 1.029029e+03
A[18]= 3.533892e+01 pm 2.220664e+01
A[19]= -5.434743e-03 pm 2.673844e-01
A[20]= 1.464666e+04 pm 1.301248e+04
A[21]= -6.501117e+03 pm 8.302582e+03
A[22]= 1.812417e+02 pm 1.965118e+03
A[23]= -9.872882e+01 pm 7.161800e+01
A[24]= 1.765662e+00 pm 1.371198e+00

Best-fitting parameters
A[0]= 8.796397e-01
A[1]= 9.471702e-01
A[2]= 7.220264e-01
A[3]= 3.612131e+00
A[4]= -3.499293e+03
A[5]= 2.511041e+03
A[6]= -4.335321e+02
A[7]= 2.355347e+01
A[8]= -1.903639e-01
A[9]= 6.666918e+03
A[10]= -3.095091e+03
A[11]= 3.438499e+01
A[12]= -4.842432e+01
A[13]= 1.022619e+00
A[14]= 6.399426e+00
A[15]= -6.911765e+03
A[16]= 7.487543e+03
A[17]= -2.263065e+03
A[18]= 9.512642e+00
A[19]= 3.743205e-01
A[20]= 1.579838e+04
A[21]= -6.082175e+03
A[22]= -2.182635e+02
A[23]= -1.065936e+02
A[24]= 2.055844e+00
chi2_min= 9.451446e+01


Cross-Covariance parameters
1.000000e+00	-5.012524e-01	-1.524635e-01	9.549990e-02	1.356119e-02	-1.446538e-02	5.433430e-03	8.196088e-02	-8.351059e-02	-1.272045e-02	1.594890e-02	-3.882586e-02	1.539293e-01	-1.378109e-01	1.008517e-01	3.533206e-02	-2.853363e-02	9.260370e-03	6.884463e-02	-6.489285e-02	3.041558e-02	-1.355166e-02	-2.984401e-02	1.550360e-01	-1.383667e-01	
-5.012524e-01	1.000000e+00	1.367185e-01	-1.353470e-01	-5.971919e-03	1.469152e-02	-2.855871e-02	8.442924e-02	-8.843146e-02	2.120192e-02	-2.660257e-02	4.196850e-02	-1.072221e-01	6.100255e-02	-2.034179e-01	4.689431e-02	-5.358311e-02	5.193315e-02	8.661232e-02	-1.373369e-01	6.453376e-04	-2.129943e-02	5.877209e-02	-9.532295e-02	5.363319e-02	
-1.524635e-01	1.367185e-01	1.000000e+00	-6.006399e-01	-9.851725e-02	1.175994e-01	-1.269579e-01	-1.464678e-02	9.638891e-02	-4.342137e-01	5.658739e-01	-7.094791e-01	6.541146e-02	1.777033e-01	-7.445352e-01	1.681998e-02	-2.481638e-02	3.753662e-02	-7.027505e-02	5.108523e-02	-4.624894e-01	5.877402e-01	-7.181690e-01	5.549935e-02	2.000335e-01	
9.549990e-02	-1.353470e-01	-6.006399e-01	1.000000e+00	-5.500009e-01	6.075057e-01	-6.444848e-01	3.738190e-01	-2.764203e-03	1.541284e-01	-2.007510e-01	2.554393e-01	-4.078734e-02	-3.053645e-02	4.320739e-01	7.496895e-03	-6.530189e-03	2.679237e-03	2.797859e-02	-2.726932e-02	2.843871e-01	-3.597688e-01	4.369256e-01	-3.757319e-02	-1.159638e-01	
1.356119e-02	-5.971919e-03	-9.851725e-02	-5.500009e-01	1.000000e+00	-9.805847e-01	9.296196e-01	-8.014375e-01	3.367675e-01	1.570902e-01	-2.173547e-01	2.815523e-01	-4.793582e-03	-4.966025e-02	9.727555e-02	1.593177e-02	-1.527712e-02	1.313009e-02	-1.357664e-02	8.077246e-03	6.579354e-02	-8.311014e-02	1.021037e-01	-5.794626e-03	-2.959036e-02	
-1.446538e-02	1.469152e-02	1.175994e-01	6.075057e-01	-9.805847e-01	1.000000e+00	-9.833632e-01	7.649192e-01	-2.592906e-01	-1.812090e-01	2.485045e-01	-3.202186e-01	3.240061e-03	7.505058e-02	-1.166635e-01	-1.512990e-02	1.437002e-02	-1.208054e-02	1.321798e-02	-7.622253e-03	-7.649293e-02	9.668823e-02	-1.187336e-01	6.477225e-03	3.503335e-02	
5.433430e-03	-2.855871e-02	-1.269579e-01	-6.444848e-01	9.296196e-01	-9.833632e-01	1.000000e+00	-7.035480e-01	1.784479e-01	2.015883e-01	-2.721764e-01	3.470668e-01	-9.381053e-03	-8.733127e-02	1.293277e-01	1.272960e-02	-1.188765e-02	9.880661e-03	-1.525352e-02	1.032391e-02	8.139492e-02	-1.031283e-01	1.269791e-01	-7.732216e-03	-3.676190e-02	
8.196088e-02	8.442924e-02	-1.464678e-02	3.738190e-01	-8.014375e-01	7.649192e-01	-7.035480e-01	1.000000e+00	-8.049912e-01	-3.511384e-03	4.163730e-02	-9.160846e-02	8.535747e-04	-9.934822e-02	-1.811041e-02	-2.006856e-03	2.631337e-03	-6.216321e-03	4.578367e-02	-4.676669e-02	-2.172368e-03	3.095199e-03	-6.326532e-03	1.169165e-02	-1.447376e-02	
-8.351059e-02	-8.843146e-02	9.638891e-02	-2.764203e-03	3.367675e-01	-2.592906e-01	1.784479e-01	-8.049912e-01	1.000000e+00	-1.500946e-01	1.493122e-01	-1.343839e-01	1.351226e-02	2.110643e-01	-6.353814e-02	-2.139435e-03	5.979642e-04	4.730880e-03	-4.601799e-02	4.900522e-02	-4.926143e-02	6.221453e-02	-7.429641e-02	-7.018553e-03	3.970567e-02	
-1.272045e-02	2.120192e-02	-4.342137e-01	1.541284e-01	1.570902e-01	-1.812090e-01	2.015883e-01	-3.511384e-03	-1.500946e-01	1.000000e+00	-9.788611e-01	8.941158e-01	-8.226114e-01	5.856135e-01	3.328753e-01	1.438150e-02	-1.036553e-02	3.406087e-03	2.182346e-02	-2.703997e-02	2.189196e-01	-2.809279e-01	3.488553e-01	-2.839662e-02	-9.873415e-02	
1.594890e-02	-2.660257e-02	5.658739e-01	-2.007510e-01	-2.173547e-01	2.485045e-01	-2.721764e-01	4.163730e-02	1.493122e-01	-9.788611e-01	1.000000e+00	-9.658649e-01	7.730287e-01	-5.104290e-01	-4.327510e-01	-1.581884e-02	1.159680e-02	-3.647909e-03	-2.860222e-02	3.427821e-02	-2.885986e-01	3.693168e-01	-4.570895e-01	4.407786e-02	1.215959e-01	
-3.882586e-02	4.196850e-02	-7.094791e-01	2.554393e-01	2.815523e-01	-3.202186e-01	3.470668e-01	-9.160846e-02	-1.343839e-01	8.941158e-01	-9.658649e-01	1.000000e+00	-6.486738e-01	3.668146e-01	5.408994e-01	1.694265e-02	-1.313253e-02	4.921416e-03	3.439899e-02	-4.119959e-02	3.659354e-01	-4.679326e-01	5.787595e-01	-6.513638e-02	-1.438548e-01	
1.539293e-01	-1.072221e-01	6.541146e-02	-4.078734e-02	-4.793582e-03	3.240061e-03	-9.381053e-03	8.535747e-04	1.351226e-02	-8.226114e-01	7.730287e-01	-6.486738e-01	1.000000e+00	-9.215831e-01	-5.813881e-02	8.636080e-03	-1.162628e-02	1.315421e-02	-7.163152e-03	4.112067e-03	-4.273969e-02	5.649533e-02	-7.568538e-02	3.105019e-02	-1.855378e-03	
-1.378109e-01	6.100255e-02	1.777033e-01	-3.053645e-02	-4.966025e-02	7.505058e-02	-8.733127e-02	-9.934822e-02	2.110643e-01	5.856135e-01	-5.104290e-01	3.668146e-01	-9.215831e-01	1.000000e+00	-1.227163e-01	-1.813773e-02	2.009068e-02	-1.841581e-02	-7.855088e-03	1.545798e-02	-8.264412e-02	1.053552e-01	-1.259814e-01	-9.586975e-03	5.418942e-02	
1.008517e-01	-2.034179e-01	-7.445352e-01	4.320739e-01	9.727555e-02	-1.166635e-01	1.293277e-01	-1.811041e-02	-6.353814e-02	3.328753e-01	-4.327510e-01	5.408994e-01	-5.813881e-02	-1.227163e-01	1.000000e+00	-4.885164e-01	5.621217e-01	-6.147016e-01	2.884468e-01	5.259720e-02	2.339291e-01	-2.988955e-01	3.721363e-01	-3.974769e-02	-8.237643e-02	
3.533206e-02	4.689431e-02	1.681998e-02	7.496895e-03	1.593177e-02	-1.512990e-02	1.272960e-02	-2.006856e-03	-2.139435e-03	1.438150e-02	-1.581884e-02	1.694265e-02	8.636080e-03	-1.813773e-02	-4.885164e-01	1.000000e+00	-9.780386e-01	9.193452e-01	-7.860404e-01	3.608795e-01	1.912038e-01	-2.310544e-01	2.620411e-01	-4.124597e-02	-2.705680e-02	
-2.853363e-02	-5.358311e-02	-2.481638e-02	-6.530189e-03	-1.527712e-02	1.437002e-02	-1.188765e-02	2.631337e-03	5.979642e-04	-1.036553e-02	1.159680e-02	-1.313253e-02	-1.162628e-02	2.009068e-02	5.621217e-01	-9.780386e-01	1.000000e+00	-9.806349e-01	7.381808e-01	-2.676559e-01	-2.012327e-01	2.473867e-01	-2.851766e-01	3.087536e-02	5.324128e-02	
9.260370e-03	5.193315e-02	3.753662e-02	2.679237e-03	1.313009e-02	-1.208054e-02	9.880661e-03	-6.216321e-03	4.730880e-03	3.406087e-03	-3.647909e-03	4.921416e-03	1.315421e-02	-1.841581e-02	-6.147016e-01	9.193452e-01	-9.806349e-01	1.000000e+00	-6.629214e-01	1.687355e-01	2.025767e-01	-2.520222e-01	2.939728e-01	-2.472075e-02	-6.930986e-02	
6.884463e-02	8.661232e-02	-7.027505e-02	2.797859e-02	-1.357664e-02	1.321798e-02	-1.525352e-02	4.578367e-02	-4.601799e-02	2.182346e-02	-2.860222e-02	3.439899e-02	-7.163152e-03	-7.855088e-03	2.884468e-01	-7.860404e-01	7.381808e-01	-6.629214e-01	1.000000e+00	-8.342802e-01	-7.853496e-02	9.519051e-02	-1.080448e-01	7.980239e-02	-1.165535e-01	
-6.489285e-02	-1.373369e-01	5.108523e-02	-2.726932e-02	8.077246e-03	-7.622253e-03	1.032391e-02	-4.676669e-02	4.900522e-02	-2.703997e-02	3.427821e-02	-4.119959e-02	4.112067e-03	1.545798e-02	5.259720e-02	3.608795e-01	-2.676559e-01	1.687355e-01	-8.342802e-01	1.000000e+00	-2.967882e-02	4.020201e-02	-5.029660e-02	-9.020805e-02	2.105135e-01	
3.041558e-02	6.453376e-04	-4.624894e-01	2.843871e-01	6.579354e-02	-7.649293e-02	8.139492e-02	-2.172368e-03	-4.926143e-02	2.189196e-01	-2.885986e-01	3.659354e-01	-4.273969e-02	-8.264412e-02	2.339291e-01	1.912038e-01	-2.012327e-01	2.025767e-01	-7.853496e-02	-2.967882e-02	1.000000e+00	-9.784173e-01	8.937249e-01	-7.975174e-01	5.626923e-01	
-1.355166e-02	-2.129943e-02	5.877402e-01	-3.597688e-01	-8.311014e-02	9.668823e-02	-1.031283e-01	3.095199e-03	6.221453e-02	-2.809279e-01	3.693168e-01	-4.679326e-01	5.649533e-02	1.053552e-01	-2.988955e-01	-2.310544e-01	2.473867e-01	-2.520222e-01	9.519051e-02	4.020201e-02	-9.784173e-01	1.000000e+00	-9.662031e-01	7.373598e-01	-4.713465e-01	
-2.984401e-02	5.877209e-02	-7.181690e-01	4.369256e-01	1.021037e-01	-1.187336e-01	1.269791e-01	-6.326532e-03	-7.429641e-02	3.488553e-01	-4.570895e-01	5.787595e-01	-7.568538e-02	-1.259814e-01	3.721363e-01	2.620411e-01	-2.851766e-01	2.939728e-01	-1.080448e-01	-5.029660e-02	8.937249e-01	-9.662031e-01	1.000000e+00	-6.051797e-01	3.133881e-01	
1.550360e-01	-9.532295e-02	5.549935e-02	-3.757319e-02	-5.794626e-03	6.477225e-03	-7.732216e-03	1.169165e-02	-7.018553e-03	-2.839662e-02	4.407786e-02	-6.513638e-02	3.105019e-02	-9.586975e-03	-3.974769e-02	-4.124597e-02	3.087536e-02	-2.472075e-02	7.980239e-02	-9.020805e-02	-7.975174e-01	7.373598e-01	-6.051797e-01	1.000000e+00	-9.319372e-01	
-1.383667e-01	5.363319e-02	2.000335e-01	-1.159638e-01	-2.959036e-02	3.503335e-02	-3.676190e-02	-1.447376e-02	3.970567e-02	-9.873415e-02	1.215959e-01	-1.438548e-01	-1.855378e-03	5.418942e-02	-8.237643e-02	-2.705680e-02	5.324128e-02	-6.930986e-02	-1.165535e-01	2.105135e-01	5.626923e-01	-4.713465e-01	3.133881e-01	-9.319372e-01	1.000000e+00	

Time taken for mcmc chain: 1.446389 hours
