Number of steps: 1109702
Number of accepted steps: 1000000
Burn-in number of steps: 320000
Accepted fraction of steps: 0.901143
Convergence Status
R[0]= 1.157650	R[1]= 1.134191	R[2]= 1.113944	R[3]= 1.031602	R[4]= 1.104575	R[5]= 1.108430	R[6]= 1.106301	R[7]= 1.109934	R[8]= 1.068205	R[9]= 1.072959	R[10]= 1.052405	R[11]= 1.031470	R[12]= 1.159332	R[13]= 1.161798	R[14]= 1.132339	R[15]= 1.089481	R[16]= 1.080055	R[17]= 1.070016	R[18]= 1.087374	R[19]= 1.075259	R[20]= 1.033360	R[21]= 1.023318	R[22]= 1.011079	R[23]= 1.061397	R[24]= 1.054946	
<R>= 1.085257

Mean parameters
A[0]= 9.384050e-01 pm 2.630426e-02
A[1]= 1.052530e+00 pm 2.520981e-02
A[2]= 8.654285e-01 pm 3.016169e-01
A[3]= 3.367034e+00 pm 7.042162e-01
A[4]= -4.285546e+03 pm 3.608084e+03
A[5]= 2.090887e+03 pm 2.316327e+03
A[6]= -1.844299e+01 pm 5.326895e+02
A[7]= 9.295180e+00 pm 1.353602e+01
A[8]= -1.284602e-01 pm 1.787890e-01
A[9]= -5.509180e+03 pm 7.335862e+03
A[10]= 2.988106e+03 pm 4.266096e+03
A[11]= -7.995208e+02 pm 8.766764e+02
A[12]= -7.566313e-01 pm 4.472977e+01
A[13]= 1.238329e-01 pm 8.566233e-01
A[14]= 4.500366e+00 pm 1.079677e+00
A[15]= -4.721094e+03 pm 4.378651e+03
A[16]= 3.722406e+03 pm 2.756653e+03
A[17]= -6.091625e+02 pm 6.274633e+02
A[18]= -4.687281e+00 pm 1.809003e+01
A[19]= 2.022805e-01 pm 2.376353e-01
A[20]= 5.599800e+03 pm 9.802149e+03
A[21]= -2.455749e+03 pm 5.995045e+03
A[22]= -1.589563e+02 pm 1.262379e+03
A[23]= -5.903439e+01 pm 6.472571e+01
A[24]= 9.696118e-01 pm 1.254653e+00

Best-fitting parameters
A[0]= 9.358443e-01
A[1]= 1.048800e+00
A[2]= 9.051375e-01
A[3]= 3.462048e+00
A[4]= -6.575091e+03
A[5]= 3.441960e+03
A[6]= -3.057550e+02
A[7]= 1.930845e+01
A[8]= -2.705085e-01
A[9]= -1.900751e+03
A[10]= 1.261554e+03
A[11]= -5.492614e+02
A[12]= -3.137547e+01
A[13]= 6.450835e-01
A[14]= 4.445064e+00
A[15]= -5.187622e+03
A[16]= 3.973914e+03
A[17]= -6.501973e+02
A[18]= -9.193733e+00
A[19]= 2.582814e-01
A[20]= -4.898480e+03
A[21]= 3.518668e+03
A[22]= -1.282364e+03
A[23]= -2.244368e+00
A[24]= 4.294533e-02
chi2_min= 1.020309e+02


Cross-Covariance parameters
1.000000e+00	-4.049661e-01	-1.560540e-01	-3.838264e-02	3.802902e-01	-3.484263e-01	3.030103e-01	-3.057012e-01	2.471433e-01	-1.541519e-01	1.650950e-01	-1.745984e-01	3.652842e-01	-2.923411e-01	1.091710e-01	-7.538815e-02	6.825352e-02	-5.920022e-02	1.536145e-01	-1.232861e-01	-2.438078e-01	2.559167e-01	-2.721096e-01	3.902248e-01	-3.746160e-01	
-4.049661e-01	1.000000e+00	-7.594098e-02	8.415704e-02	-2.870773e-01	2.730996e-01	-2.628521e-01	3.463954e-01	-2.545923e-01	1.166578e-01	-1.402080e-01	1.697338e-01	-1.495855e-01	8.853637e-02	-3.805369e-02	4.668740e-02	-3.600454e-02	9.457519e-03	1.919487e-02	-1.910661e-03	2.185084e-01	-2.587057e-01	3.111788e-01	-2.693316e-01	2.603913e-01	
-1.560540e-01	-7.594098e-02	1.000000e+00	-5.234371e-01	-2.398803e-01	2.785963e-01	-3.071993e-01	1.385153e-01	-1.041816e-01	-2.881118e-01	4.243515e-01	-5.976476e-01	-1.227768e-01	1.769806e-01	-6.703378e-01	1.380303e-01	-1.111272e-01	9.037511e-02	-2.621420e-01	2.657680e-01	-4.094047e-01	4.933780e-01	-5.811662e-01	3.374198e-02	1.263669e-01	
-3.838264e-02	8.415704e-02	-5.234371e-01	1.000000e+00	-4.522267e-01	5.049441e-01	-5.446126e-01	1.742261e-01	5.563280e-02	1.631188e-01	-1.956511e-01	2.417340e-01	-2.097639e-01	2.193110e-01	3.567922e-01	-1.405262e-01	1.222854e-01	-9.669434e-02	1.987964e-01	-2.061042e-01	1.835691e-01	-2.314430e-01	2.812650e-01	2.022026e-02	-1.016466e-01	
3.802902e-01	-2.870773e-01	-2.398803e-01	-4.522267e-01	1.000000e+00	-9.846210e-01	9.382011e-01	-7.995993e-01	5.354309e-01	3.008630e-02	-6.683960e-02	1.180794e-01	3.725193e-01	-3.178705e-01	2.606323e-01	-3.647449e-02	5.730291e-02	-8.478565e-02	1.457196e-02	1.564819e-02	-8.452313e-03	-5.773509e-03	1.556697e-02	4.122929e-02	-5.752128e-02	
-3.484263e-01	2.730996e-01	2.785963e-01	5.049441e-01	-9.846210e-01	1.000000e+00	-9.838857e-01	7.572997e-01	-4.779123e-01	-5.662210e-02	1.076774e-01	-1.744865e-01	-3.772272e-01	3.443869e-01	-2.788488e-01	2.500539e-02	-4.193411e-02	6.726656e-02	-1.047921e-02	-1.562108e-02	-3.487609e-02	5.174036e-02	-6.525237e-02	-1.773610e-02	4.458642e-02	
3.030103e-01	-2.628521e-01	-3.071993e-01	-5.446126e-01	9.382011e-01	-9.838857e-01	1.000000e+00	-6.915518e-01	4.070120e-01	8.126921e-02	-1.453365e-01	2.260337e-01	3.672615e-01	-3.558185e-01	2.853405e-01	-1.121226e-02	2.287482e-02	-4.423586e-02	4.404900e-03	1.537380e-02	7.523130e-02	-9.386233e-02	1.100714e-01	-2.596537e-03	-3.499505e-02	
-3.057012e-01	3.463954e-01	1.385153e-01	1.742261e-01	-7.995993e-01	7.572997e-01	-6.915518e-01	1.000000e+00	-9.175867e-01	9.090336e-03	-8.307114e-03	-5.215034e-03	-2.364660e-01	8.334125e-02	-2.896499e-01	1.131943e-01	-1.484815e-01	1.855819e-01	-9.357422e-03	-4.337252e-02	1.431144e-01	-1.303527e-01	1.176528e-01	-7.612634e-02	5.903029e-02	
2.471433e-01	-2.545923e-01	-1.041816e-01	5.563280e-02	5.354309e-01	-4.779123e-01	4.070120e-01	-9.175867e-01	1.000000e+00	-2.010347e-02	4.122208e-02	-4.962175e-02	1.277162e-01	7.311759e-02	2.529778e-01	-1.061262e-01	1.409349e-01	-1.778250e-01	-6.618030e-03	5.395610e-02	-1.843431e-01	1.657716e-01	-1.452574e-01	9.556760e-02	-7.075967e-02	
-1.541519e-01	1.166578e-01	-2.881118e-01	1.631188e-01	3.008630e-02	-5.662210e-02	8.126921e-02	9.090336e-03	-2.010347e-02	1.000000e+00	-9.792705e-01	8.935851e-01	-7.476931e-01	6.137792e-01	1.230112e-01	1.676651e-01	-1.679078e-01	1.543508e-01	-1.482703e-01	9.444856e-02	2.077292e-01	-2.513485e-01	2.953813e-01	-1.353116e-01	7.588337e-02	
1.650950e-01	-1.402080e-01	4.243515e-01	-1.956511e-01	-6.683960e-02	1.076774e-01	-1.453365e-01	-8.307114e-03	4.122208e-02	-9.792705e-01	1.000000e+00	-9.649269e-01	7.151424e-01	-5.777213e-01	-2.164810e-01	-1.495991e-01	1.504941e-01	-1.368003e-01	1.015728e-01	-4.552758e-02	-2.763971e-01	3.303532e-01	-3.863694e-01	1.559401e-01	-7.507765e-02	
-1.745984e-01	1.697338e-01	-5.976476e-01	2.417340e-01	1.180794e-01	-1.744865e-01	2.260337e-01	-5.215034e-03	-4.962175e-02	8.935851e-01	-9.649269e-01	1.000000e+00	-6.134088e-01	4.825301e-01	3.450422e-01	1.028198e-01	-1.062920e-01	9.534689e-02	-2.485693e-02	-2.788239e-02	3.614245e-01	-4.279149e-01	4.981903e-01	-1.791857e-01	7.032882e-02	
3.652842e-01	-1.495855e-01	-1.227768e-01	-2.097639e-01	3.725193e-01	-3.772272e-01	3.672615e-01	-2.364660e-01	1.277162e-01	-7.476931e-01	7.151424e-01	-6.134088e-01	1.000000e+00	-9.518612e-01	1.278221e-01	-1.606493e-01	1.427422e-01	-1.198146e-01	1.697711e-01	-1.107561e-01	-3.078235e-02	4.156456e-02	-5.597768e-02	1.308957e-01	-1.417080e-01	
-2.923411e-01	8.853637e-02	1.769806e-01	2.193110e-01	-3.178705e-01	3.443869e-01	-3.558185e-01	8.334125e-02	7.311759e-02	6.137792e-01	-5.777213e-01	4.825301e-01	-9.518612e-01	1.000000e+00	-1.241558e-01	1.270439e-01	-9.760086e-02	6.478672e-02	-1.604294e-01	1.157977e-01	-4.808673e-02	4.337018e-02	-3.628890e-02	-9.546392e-02	1.264316e-01	
1.091710e-01	-3.805369e-02	-6.703378e-01	3.567922e-01	2.606323e-01	-2.788488e-01	2.853405e-01	-2.896499e-01	2.529778e-01	1.230112e-01	-2.164810e-01	3.450422e-01	1.278221e-01	-1.241558e-01	1.000000e+00	-6.008053e-01	6.612477e-01	-7.104709e-01	2.629063e-01	-6.831603e-02	2.055100e-01	-2.230296e-01	2.391588e-01	-1.440274e-01	9.318786e-02	
-7.538815e-02	4.668740e-02	1.380303e-01	-1.405262e-01	-3.647449e-02	2.500539e-02	-1.121226e-02	1.131943e-01	-1.061262e-01	1.676651e-01	-1.495991e-01	1.028198e-01	-1.606493e-01	1.270439e-01	-6.008053e-01	1.000000e+00	-9.814062e-01	9.209179e-01	-7.061899e-01	4.492104e-01	-3.188733e-02	-1.016287e-02	5.593937e-02	8.405535e-02	-7.322948e-02	
6.825352e-02	-3.600454e-02	-1.111272e-01	1.222854e-01	5.730291e-02	-4.193411e-02	2.287482e-02	-1.484815e-01	1.409349e-01	-1.679078e-01	1.504941e-01	-1.062920e-01	1.427422e-01	-9.760086e-02	6.612477e-01	-9.814062e-01	1.000000e+00	-9.779366e-01	6.370064e-01	-3.637797e-01	1.930442e-03	4.512711e-02	-9.713757e-02	-1.124228e-01	1.213123e-01	
-5.920022e-02	9.457519e-03	9.037511e-02	-9.669434e-02	-8.478565e-02	6.726656e-02	-4.423586e-02	1.855819e-01	-1.778250e-01	1.543508e-01	-1.368003e-01	9.534689e-02	-1.198146e-01	6.478672e-02	-7.104709e-01	9.209179e-01	-9.779366e-01	1.000000e+00	-5.340511e-01	2.565919e-01	2.800177e-02	-7.619994e-02	1.301625e-01	1.407855e-01	-1.689346e-01	
1.536145e-01	1.919487e-02	-2.621420e-01	1.987964e-01	1.457196e-02	-1.047921e-02	4.404900e-03	-9.357422e-03	-6.618030e-03	-1.482703e-01	1.015728e-01	-2.485693e-02	1.697711e-01	-1.604294e-01	2.629063e-01	-7.061899e-01	6.370064e-01	-5.340511e-01	1.000000e+00	-9.369814e-01	9.843333e-02	-1.036331e-01	1.109594e-01	5.442420e-02	-1.565756e-01	
-1.232861e-01	-1.910661e-03	2.657680e-01	-2.061042e-01	1.564819e-02	-1.562108e-02	1.537380e-02	-4.337252e-02	5.395610e-02	9.444856e-02	-4.552758e-02	-2.788239e-02	-1.107561e-01	1.157977e-01	-6.831603e-02	4.492104e-01	-3.637797e-01	2.565919e-01	-9.369814e-01	1.000000e+00	-9.895282e-02	1.264008e-01	-1.585925e-01	-1.130018e-01	2.436995e-01	
-2.438078e-01	2.185084e-01	-4.094047e-01	1.835691e-01	-8.452313e-03	-3.487609e-02	7.523130e-02	1.431144e-01	-1.843431e-01	2.077292e-01	-2.763971e-01	3.614245e-01	-3.078235e-02	-4.808673e-02	2.055100e-01	-3.188733e-02	1.930442e-03	2.800177e-02	9.843333e-02	-9.895282e-02	1.000000e+00	-9.873799e-01	9.408947e-01	-8.197993e-01	6.741322e-01	
2.559167e-01	-2.587057e-01	4.933780e-01	-2.314430e-01	-5.773509e-03	5.174036e-02	-9.386233e-02	-1.303527e-01	1.657716e-01	-2.513485e-01	3.303532e-01	-4.279149e-01	4.156456e-02	4.337018e-02	-2.230296e-01	-1.016287e-02	4.512711e-02	-7.619994e-02	-1.036331e-01	1.264008e-01	-9.873799e-01	1.000000e+00	-9.817890e-01	7.939842e-01	-6.357376e-01	
-2.721096e-01	3.111788e-01	-5.811662e-01	2.812650e-01	1.556697e-02	-6.525237e-02	1.100714e-01	1.176528e-01	-1.452574e-01	2.953813e-01	-3.863694e-01	4.981903e-01	-5.597768e-02	-3.628890e-02	2.391588e-01	5.593937e-02	-9.713757e-02	1.301625e-01	1.109594e-01	-1.585925e-01	9.408947e-01	-9.817890e-01	1.000000e+00	-7.357678e-01	5.715102e-01	
3.902248e-01	-2.693316e-01	3.374198e-02	2.022026e-02	4.122929e-02	-1.773610e-02	-2.596537e-03	-7.612634e-02	9.556760e-02	-1.353116e-01	1.559401e-01	-1.791857e-01	1.308957e-01	-9.546392e-02	-1.440274e-01	8.405535e-02	-1.124228e-01	1.407855e-01	5.442420e-02	-1.130018e-01	-8.197993e-01	7.939842e-01	-7.357678e-01	1.000000e+00	-9.642297e-01	
-3.746160e-01	2.603913e-01	1.263669e-01	-1.016466e-01	-5.752128e-02	4.458642e-02	-3.499505e-02	5.903029e-02	-7.075967e-02	7.588337e-02	-7.507765e-02	7.032882e-02	-1.417080e-01	1.264316e-01	9.318786e-02	-7.322948e-02	1.213123e-01	-1.689346e-01	-1.565756e-01	2.436995e-01	6.741322e-01	-6.357376e-01	5.715102e-01	-9.642297e-01	1.000000e+00	

Time taken for mcmc chain: 8.366667 minutes
