Number of steps: 1351424
Number of accepted steps: 1000000
Burn-in number of steps: 320000
Accepted fraction of steps: 0.739960
Convergence Status
R[0]= 1.071348	R[1]= 1.037095	R[2]= 1.214706	R[3]= 1.003737	R[4]= 1.075087	R[5]= 1.073855	R[6]= 1.074269	R[7]= 1.071109	R[8]= 1.042987	R[9]= 1.039663	R[10]= 1.047614	R[11]= 1.052092	R[12]= 1.030702	R[13]= 1.018478	R[14]= 1.029958	R[15]= 1.068201	R[16]= 1.057624	R[17]= 1.048072	R[18]= 1.057420	R[19]= 1.051431	R[20]= 1.091211	R[21]= 1.108813	R[22]= 1.121750	R[23]= 1.125298	R[24]= 1.090358	
<R>= 1.068115

Mean parameters
A[0]= 9.909077e-01 pm 4.163269e-02
A[1]= 1.042766e+00 pm 3.192557e-02
A[2]= 6.539336e-01 pm 2.092220e-01
A[3]= 7.288480e-01 pm 3.159324e-01
A[4]= 8.275633e+03 pm 2.290993e+03
A[5]= -6.686278e+03 pm 1.190342e+03
A[6]= 2.062877e+03 pm 2.050162e+02
A[7]= -1.264519e+00 pm 1.082226e+01
A[8]= -3.031597e-01 pm 1.533312e-01
A[9]= -2.169635e+03 pm 5.598418e+03
A[10]= 3.185180e+01 pm 3.050747e+03
A[11]= 8.325659e+00 pm 5.380950e+02
A[12]= 5.032616e+01 pm 3.565142e+01
A[13]= -1.252815e+00 pm 6.574709e-01
A[14]= 8.030910e-01 pm 4.633006e-01
A[15]= 5.542464e+03 pm 3.041578e+03
A[16]= -4.942529e+03 pm 1.624548e+03
A[17]= 1.726035e+03 pm 2.931237e+02
A[18]= 1.165040e+01 pm 1.794941e+01
A[19]= -3.783587e-01 pm 2.425566e-01
A[20]= 7.179662e+03 pm 7.640073e+03
A[21]= -5.213103e+03 pm 4.238473e+03
A[22]= 8.319704e+02 pm 7.525949e+02
A[23]= 1.262626e+01 pm 4.963913e+01
A[24]= -8.807358e-01 pm 9.541165e-01

Best-fitting parameters
A[0]= 1.044998e+00
A[1]= 1.061833e+00
A[2]= 5.266265e-01
A[3]= 5.411815e-01
A[4]= 9.268206e+03
A[5]= -7.177236e+03
A[6]= 2.132986e+03
A[7]= -1.540835e-01
A[8]= -3.363193e-01
A[9]= -1.051235e+03
A[10]= -1.171423e+03
A[11]= 3.544695e+02
A[12]= 2.431446e+01
A[13]= -7.147757e-01
A[14]= 5.475473e-01
A[15]= 7.112105e+03
A[16]= -5.895477e+03
A[17]= 1.907508e+03
A[18]= 5.890851e+00
A[19]= -2.873198e-01
A[20]= 8.519427e+03
A[21]= -5.951690e+03
A[22]= 9.569632e+02
A[23]= 6.919687e+00
A[24]= -7.502385e-01
chi2_min= 1.459515e+02


Cross-Covariance parameters
1.000000e+00	-4.060106e-03	-5.655929e-01	-7.707408e-02	1.898514e-01	-2.045157e-01	1.993708e-01	-7.424213e-02	8.511753e-02	-1.333455e-01	1.282795e-01	-1.299353e-01	1.789471e-01	-1.178302e-01	-8.629156e-02	2.873456e-02	-1.889061e-02	-2.771351e-02	1.939666e-01	-2.169510e-01	-2.160677e-02	2.045878e-02	-2.790925e-02	8.876518e-02	-1.231122e-01	
-4.060106e-03	1.000000e+00	3.450640e-01	-7.846516e-01	2.012095e-01	-2.445581e-01	2.837056e-01	-4.321189e-03	5.258088e-02	-8.049103e-02	8.321164e-02	-7.915646e-02	1.298295e-01	-1.006150e-01	-7.973654e-01	1.256421e-01	-1.471670e-01	1.367954e-01	2.229762e-01	-1.902520e-01	1.708328e-02	8.496988e-03	-3.716001e-02	1.488412e-01	-1.869428e-01	
-5.655929e-01	3.450640e-01	1.000000e+00	-2.128005e-01	-1.302598e-01	1.421757e-01	-1.460336e-01	1.039458e-01	-8.800834e-02	6.570058e-02	-5.439529e-02	4.577473e-02	-1.091576e-01	3.712690e-02	-1.786878e-01	-1.789529e-03	1.130096e-02	-1.909783e-02	-1.085142e-03	2.341422e-02	1.011312e-02	-1.145091e-02	1.656658e-02	-7.909594e-02	8.103957e-02	
-7.707408e-02	-7.846516e-01	-2.128005e-01	1.000000e+00	-3.024331e-01	3.642429e-01	-4.214983e-01	-1.119742e-02	-2.597846e-02	1.154469e-01	-1.101759e-01	9.443276e-02	-1.640306e-01	1.379673e-01	6.875559e-01	-1.864222e-01	2.191548e-01	-2.146298e-01	-1.135001e-01	1.037388e-01	8.564022e-02	-1.046408e-01	1.233866e-01	-2.118647e-01	2.433463e-01	
1.898514e-01	2.012095e-01	-1.302598e-01	-3.024331e-01	1.000000e+00	-9.898335e-01	9.443847e-01	-7.858446e-01	6.757474e-01	-1.996329e-01	1.872174e-01	-1.684437e-01	1.811534e-01	-1.143621e-02	-1.040752e-01	-1.049271e-02	8.417446e-03	-3.131687e-02	1.319506e-01	-1.643480e-01	-8.696542e-02	6.317624e-02	-3.066844e-02	2.623879e-02	-5.638619e-02	
-2.045157e-01	-2.445581e-01	1.421757e-01	3.642429e-01	-9.898335e-01	1.000000e+00	-9.797269e-01	8.119133e-01	-7.110806e-01	2.175921e-01	-2.056383e-01	1.859752e-01	-2.037746e-01	2.357685e-02	1.614765e-01	-2.744371e-02	3.331404e-02	-1.189677e-02	-1.174547e-01	1.466750e-01	7.482296e-02	-5.557076e-02	2.740605e-02	-3.344286e-02	6.027257e-02	
1.993708e-01	2.837056e-01	-1.460336e-01	-4.214983e-01	9.443847e-01	-9.797269e-01	1.000000e+00	-8.496084e-01	7.782233e-01	-2.344614e-01	2.243527e-01	-2.045152e-01	2.241517e-01	-2.555032e-02	-2.186976e-01	8.112295e-02	-9.020580e-02	7.063841e-02	8.551062e-02	-1.111264e-01	-4.568145e-02	3.092885e-02	-6.526539e-03	2.127359e-02	-4.017000e-02	
-7.424213e-02	-4.321189e-03	1.039458e-01	-1.119742e-02	-7.858446e-01	8.119133e-01	-8.496084e-01	1.000000e+00	-9.607320e-01	2.200521e-01	-2.175863e-01	2.062683e-01	-1.671958e-01	-6.185503e-02	-2.493388e-02	-5.642272e-02	4.682307e-02	-2.403590e-02	-3.147394e-03	3.003145e-02	-5.114418e-02	7.389518e-02	-1.093217e-01	1.441591e-01	-1.526162e-01	
8.511753e-02	5.258088e-02	-8.800834e-02	-2.597846e-02	6.757474e-01	-7.110806e-01	7.782233e-01	-9.607320e-01	1.000000e+00	-2.379614e-01	2.436285e-01	-2.391089e-01	2.013602e-01	4.296542e-02	-1.264598e-02	9.369198e-02	-8.426231e-02	5.956112e-02	-1.249351e-02	-1.403013e-02	7.028926e-02	-8.745561e-02	1.159325e-01	-1.410527e-01	1.559556e-01	
-1.333455e-01	-8.049103e-02	6.570058e-02	1.154469e-01	-1.996329e-01	2.175921e-01	-2.344614e-01	2.200521e-01	-2.379614e-01	1.000000e+00	-9.893761e-01	9.456424e-01	-8.508214e-01	7.147922e-01	5.272979e-02	1.473262e-01	-1.460477e-01	1.665000e-01	-2.377247e-01	2.611589e-01	4.317095e-02	-3.340000e-02	1.729143e-02	-6.658589e-03	3.050997e-02	
1.282795e-01	8.321164e-02	-5.439529e-02	-1.101759e-01	1.872174e-01	-2.056383e-01	2.243527e-01	-2.175863e-01	2.436285e-01	-9.893761e-01	1.000000e+00	-9.820569e-01	9.088465e-01	-7.848235e-01	-4.907173e-02	-1.132564e-01	1.129851e-01	-1.346126e-01	2.049120e-01	-2.291215e-01	-3.820152e-02	3.159456e-02	-1.926546e-02	1.167392e-02	-3.289028e-02	
-1.299353e-01	-7.915646e-02	4.577473e-02	9.443276e-02	-1.684437e-01	1.859752e-01	-2.045152e-01	2.062683e-01	-2.391089e-01	9.456424e-01	-9.820569e-01	1.000000e+00	-9.631560e-01	8.646041e-01	4.055160e-02	6.593127e-02	-6.671887e-02	8.869807e-02	-1.544378e-01	1.787040e-01	2.464952e-02	-2.232736e-02	1.534001e-02	-1.267287e-02	3.125662e-02	
1.789471e-01	1.298295e-01	-1.091576e-01	-1.640306e-01	1.811534e-01	-2.037746e-01	2.241517e-01	-1.671958e-01	2.013602e-01	-8.508214e-01	9.088465e-01	-9.631560e-01	1.000000e+00	-9.440924e-01	-9.346541e-02	1.376413e-02	-1.866280e-02	6.828311e-04	9.594390e-02	-1.195931e-01	-9.809095e-03	1.465442e-02	-1.722772e-02	4.088660e-02	-6.329868e-02	
-1.178302e-01	-1.006150e-01	3.712690e-02	1.379673e-01	-1.143621e-02	2.357685e-02	-2.555032e-02	-6.185503e-02	4.296542e-02	7.147922e-01	-7.848235e-01	8.646041e-01	-9.440924e-01	1.000000e+00	6.892273e-02	-5.181772e-02	5.711984e-02	-4.288797e-02	-2.915040e-02	5.292260e-02	-1.659597e-02	4.745398e-03	9.158718e-03	-4.041755e-02	6.503886e-02	
-8.629156e-02	-7.973654e-01	-1.786878e-01	6.875559e-01	-1.040752e-01	1.614765e-01	-2.186976e-01	-2.493388e-02	-1.264598e-02	5.272979e-02	-4.907173e-02	4.055160e-02	-9.346541e-02	6.892273e-02	1.000000e+00	-2.507516e-01	2.969169e-01	-3.139679e-01	-1.615555e-01	1.317710e-01	-1.924039e-02	-7.097664e-04	2.564339e-02	-1.627202e-01	1.962332e-01	
2.873456e-02	1.256421e-01	-1.789529e-03	-1.864222e-01	-1.049271e-02	-2.744371e-02	8.112295e-02	-5.642272e-02	9.369198e-02	1.473262e-01	-1.132564e-01	6.593127e-02	1.376413e-02	-5.181772e-02	-2.507516e-01	1.000000e+00	-9.881069e-01	9.381839e-01	-7.644104e-01	6.856658e-01	1.516622e-01	-1.301758e-01	1.095206e-01	-7.002913e-02	1.286985e-01	
-1.889061e-02	-1.471670e-01	1.130096e-02	2.191548e-01	8.417446e-03	3.331404e-02	-9.020580e-02	4.682307e-02	-8.426231e-02	-1.460477e-01	1.129851e-01	-6.671887e-02	-1.866280e-02	5.711984e-02	2.969169e-01	-9.881069e-01	1.000000e+00	-9.780362e-01	8.000331e-01	-7.312487e-01	-1.455264e-01	1.216895e-01	-9.834872e-02	4.909629e-02	-1.081947e-01	
-2.771351e-02	1.367954e-01	-1.909783e-02	-2.146298e-01	-3.131687e-02	-1.189677e-02	7.063841e-02	-2.403590e-02	5.956112e-02	1.665000e-01	-1.346126e-01	8.869807e-02	6.828311e-04	-4.288797e-02	-3.139679e-01	9.381839e-01	-9.780362e-01	1.000000e+00	-8.526321e-01	8.082164e-01	1.385075e-01	-1.133223e-01	8.919191e-02	-3.666572e-02	1.007930e-01	
1.939666e-01	2.229762e-01	-1.085142e-03	-1.135001e-01	1.319506e-01	-1.174547e-01	8.551062e-02	-3.147394e-03	-1.249351e-02	-2.377247e-01	2.049120e-01	-1.544378e-01	9.594390e-02	-2.915040e-02	-1.615555e-01	-7.644104e-01	8.000331e-01	-8.526321e-01	1.000000e+00	-9.772741e-01	-1.341435e-01	1.168504e-01	-1.050377e-01	1.324449e-01	-2.230417e-01	
-2.169510e-01	-1.902520e-01	2.341422e-02	1.037388e-01	-1.643480e-01	1.466750e-01	-1.111264e-01	3.003145e-02	-1.403013e-02	2.611589e-01	-2.291215e-01	1.787040e-01	-1.195931e-01	5.292260e-02	1.317710e-01	6.856658e-01	-7.312487e-01	8.082164e-01	-9.772741e-01	1.000000e+00	1.157885e-01	-9.651826e-02	8.381631e-02	-1.102343e-01	2.074699e-01	
-2.160677e-02	1.708328e-02	1.011312e-02	8.564022e-02	-8.696542e-02	7.482296e-02	-4.568145e-02	-5.114418e-02	7.028926e-02	4.317095e-02	-3.820152e-02	2.464952e-02	-9.809095e-03	-1.659597e-02	-1.924039e-02	1.516622e-01	-1.455264e-01	1.385075e-01	-1.341435e-01	1.157885e-01	1.000000e+00	-9.908501e-01	9.544990e-01	-8.564171e-01	7.728989e-01	
2.045878e-02	8.496988e-03	-1.145091e-02	-1.046408e-01	6.317624e-02	-5.557076e-02	3.092885e-02	7.389518e-02	-8.745561e-02	-3.340000e-02	3.159456e-02	-2.232736e-02	1.465442e-02	4.745398e-03	-7.097664e-04	-1.301758e-01	1.216895e-01	-1.133223e-01	1.168504e-01	-9.651826e-02	-9.908501e-01	1.000000e+00	-9.851901e-01	9.088016e-01	-8.293371e-01	
-2.790925e-02	-3.716001e-02	1.656658e-02	1.233866e-01	-3.066844e-02	2.740605e-02	-6.526539e-03	-1.093217e-01	1.159325e-01	1.729143e-02	-1.926546e-02	1.534001e-02	-1.722772e-02	9.158718e-03	2.564339e-02	1.095206e-01	-9.834872e-02	8.919191e-02	-1.050377e-01	8.381631e-02	9.544990e-01	-9.851901e-01	1.000000e+00	-9.597434e-01	8.942797e-01	
8.876518e-02	1.488412e-01	-7.909594e-02	-2.118647e-01	2.623879e-02	-3.344286e-02	2.127359e-02	1.441591e-01	-1.410527e-01	-6.658589e-03	1.167392e-02	-1.267287e-02	4.088660e-02	-4.041755e-02	-1.627202e-01	-7.002913e-02	4.909629e-02	-3.666572e-02	1.324449e-01	-1.102343e-01	-8.564171e-01	9.088016e-01	-9.597434e-01	1.000000e+00	-9.725138e-01	
-1.231122e-01	-1.869428e-01	8.103957e-02	2.433463e-01	-5.638619e-02	6.027257e-02	-4.017000e-02	-1.526162e-01	1.559556e-01	3.050997e-02	-3.289028e-02	3.125662e-02	-6.329868e-02	6.503886e-02	1.962332e-01	1.286985e-01	-1.081947e-01	1.007930e-01	-2.230417e-01	2.074699e-01	7.728989e-01	-8.293371e-01	8.942797e-01	-9.725138e-01	1.000000e+00	

Time taken for mcmc chain: 9.466667 minutes
