Number of steps: 15796000
Number of accepted steps: 1000000
Burn-in number of steps: 320000
Accepted fraction of steps: 0.063307
Convergence Status
R[0]= 1.001437	R[1]= 1.003985	R[2]= 1.037394	R[3]= 1.009989	R[4]= 1.010835	R[5]= 1.012246	R[6]= 1.013069	R[7]= 1.005393	R[8]= 1.003210	R[9]= 1.009417	R[10]= 1.015619	R[11]= 1.023768	R[12]= 1.000731	R[13]= 1.002809	R[14]= 1.022749	R[15]= 1.026784	R[16]= 1.030635	R[17]= 1.032342	R[18]= 1.007260	R[19]= 1.001358	R[20]= 1.012941	R[21]= 1.020063	R[22]= 1.029035	R[23]= 1.001374	R[24]= 1.001549	
<R>= 1.013440

Mean parameters
A[0]= 9.228168e-01 pm 3.248284e-02
A[1]= 1.008204e+00 pm 2.341324e-02
A[2]= 5.219346e-01 pm 3.382803e-01
A[3]= 4.412514e+00 pm 1.280440e+00
A[4]= -5.873600e+03 pm 4.352301e+03
A[5]= 4.083504e+03 pm 3.093091e+03
A[6]= -8.165787e+02 pm 8.092248e+02
A[7]= 2.517251e+01 pm 1.525060e+01
A[8]= -1.398736e-01 pm 1.835671e-01
A[9]= 5.575226e+02 pm 8.875738e+03
A[10]= -5.916699e+02 pm 5.569854e+03
A[11]= -1.366895e+02 pm 1.282106e+03
A[12]= -1.930553e+01 pm 4.850225e+01
A[13]= 5.339901e-01 pm 9.254654e-01
A[14]= 6.789907e+00 pm 1.923669e+00
A[15]= -1.035628e+04 pm 5.855606e+03
A[16]= 9.209291e+03 pm 4.093726e+03
A[17]= -2.482417e+03 pm 1.060647e+03
A[18]= 3.235172e+01 pm 2.168968e+01
A[19]= 5.969789e-02 pm 2.631768e-01
A[20]= 8.876761e+03 pm 1.251557e+04
A[21]= -3.769689e+03 pm 7.901544e+03
A[22]= -7.398847e+01 pm 1.832039e+03
A[23]= -4.656761e+01 pm 6.867356e+01
A[24]= 7.009811e-01 pm 1.304294e+00

Best-fitting parameters
A[0]= 9.261822e-01
A[1]= 1.011777e+00
A[2]= 6.255923e-01
A[3]= 4.427345e+00
A[4]= -6.751692e+03
A[5]= 4.974463e+03
A[6]= -1.100971e+03
A[7]= 2.499107e+01
A[8]= -6.897976e-02
A[9]= -7.261447e+03
A[10]= 4.182411e+03
A[11]= -1.160668e+03
A[12]= 4.492341e+00
A[13]= 3.682475e-01
A[14]= 6.457017e+00
A[15]= -1.328307e+04
A[16]= 1.101882e+04
A[17]= -2.871683e+03
A[18]= 3.990858e+01
A[19]= 5.829348e-02
A[20]= -7.524926e+02
A[21]= 2.280562e+03
A[22]= -1.389932e+03
A[23]= -1.985179e+01
A[24]= 6.022664e-01
chi2_min= 1.060176e+02


Cross-Covariance parameters
1.000000e+00	-4.804089e-01	-1.387780e-01	5.183302e-02	5.276238e-02	-4.429926e-02	2.655195e-02	3.716340e-02	-4.167487e-02	-3.002216e-02	4.150357e-02	-7.312059e-02	1.852476e-01	-1.524286e-01	1.973620e-02	8.522784e-02	-8.541164e-02	7.245146e-02	4.628305e-02	-8.165478e-02	1.838665e-02	-2.867872e-03	-3.933044e-02	1.715751e-01	-1.563711e-01	
-4.804089e-01	1.000000e+00	7.617861e-02	-9.379203e-02	-2.417219e-02	2.519019e-02	-3.273075e-02	1.360051e-01	-1.413490e-01	4.727374e-02	-6.332263e-02	9.131736e-02	-1.221899e-01	5.243517e-02	-1.136439e-01	-9.243173e-04	6.862788e-03	-1.875374e-02	1.366511e-01	-1.494686e-01	2.128213e-02	-3.987472e-02	7.622375e-02	-1.057409e-01	5.705661e-02	
-1.387780e-01	7.617861e-02	1.000000e+00	-6.091032e-01	-2.784513e-02	3.388027e-02	-3.171048e-02	-7.654117e-02	1.144316e-01	-4.277145e-01	5.609699e-01	-7.014231e-01	3.870011e-02	2.123899e-01	-6.831845e-01	1.850599e-02	-2.324255e-02	3.455936e-02	-8.524075e-02	6.867678e-02	-4.675819e-01	5.975381e-01	-7.350269e-01	4.979582e-02	1.990095e-01	
5.183302e-02	-9.379203e-02	-6.091032e-01	1.000000e+00	-6.246728e-01	6.807296e-01	-7.164575e-01	4.219928e-01	2.720047e-02	1.315101e-01	-1.786586e-01	2.365560e-01	-3.221430e-02	-3.503333e-02	3.986483e-01	2.138886e-02	-2.420842e-02	2.271224e-02	1.031516e-02	-2.007948e-02	3.036545e-01	-3.851809e-01	4.710048e-01	-4.134720e-02	-1.142784e-01	
5.276238e-02	-2.417219e-02	-2.784513e-02	-6.246728e-01	1.000000e+00	-9.833858e-01	9.414629e-01	-7.925027e-01	2.642302e-01	1.433058e-01	-1.968437e-01	2.465827e-01	2.922493e-02	-8.193276e-02	6.131687e-02	-3.137577e-02	3.707575e-02	-4.204437e-02	2.969377e-02	-1.083468e-02	2.167739e-04	-3.970042e-03	7.528233e-03	1.274061e-02	-1.679774e-02	
-4.429926e-02	2.519019e-02	3.388027e-02	6.807296e-01	-9.833858e-01	1.000000e+00	-9.866388e-01	7.530648e-01	-1.842911e-01	-1.646586e-01	2.230547e-01	-2.774221e-01	-2.670718e-02	1.012051e-01	-6.950487e-02	3.557669e-02	-4.131995e-02	4.604146e-02	-3.209258e-02	1.135323e-02	-1.736899e-03	6.811060e-03	-1.215009e-02	-1.251628e-02	1.849469e-02	
2.655195e-02	-3.273075e-02	-3.171048e-02	-7.164575e-01	9.414629e-01	-9.866388e-01	1.000000e+00	-6.976786e-01	1.102387e-01	1.822310e-01	-2.420545e-01	2.973447e-01	1.606961e-02	-1.059593e-01	7.268522e-02	-3.962326e-02	4.513847e-02	-4.906689e-02	2.971137e-02	-7.129788e-03	3.766557e-04	-5.641472e-03	1.163309e-02	1.066120e-02	-1.629548e-02	
3.716340e-02	1.360051e-01	-7.654117e-02	4.219928e-01	-7.925027e-01	7.530648e-01	-6.976786e-01	1.000000e+00	-7.692737e-01	3.296460e-02	7.802651e-05	-4.002392e-02	-3.884914e-02	-7.479055e-02	-4.388725e-03	4.116477e-02	-4.369305e-02	4.158959e-02	1.674690e-02	-4.085688e-02	5.708749e-02	-6.652940e-02	7.563808e-02	-9.789100e-03	-1.892864e-02	
-4.167487e-02	-1.413490e-01	1.144316e-01	2.720047e-02	2.642302e-01	-1.842911e-01	1.102387e-01	-7.692737e-01	1.000000e+00	-1.944004e-01	1.968842e-01	-1.849822e-01	4.397702e-02	2.026412e-01	-5.002509e-02	-1.846466e-02	1.743183e-02	-1.239417e-02	-3.863222e-02	4.965905e-02	-6.930254e-02	8.492596e-02	-1.012683e-01	7.959513e-03	3.081288e-02	
-3.002216e-02	4.727374e-02	-4.277145e-01	1.315101e-01	1.433058e-01	-1.646586e-01	1.822310e-01	3.296460e-02	-1.944004e-01	1.000000e+00	-9.778878e-01	8.924065e-01	-8.028401e-01	5.437950e-01	3.240674e-01	-3.057324e-02	3.400730e-02	-3.927098e-02	4.456850e-02	-2.348964e-02	2.143458e-01	-2.748037e-01	3.416210e-01	-4.326422e-02	-7.217333e-02	
4.150357e-02	-6.332263e-02	5.609699e-01	-1.786586e-01	-1.968437e-01	2.230547e-01	-2.420545e-01	7.802651e-05	1.968842e-01	-9.778878e-01	1.000000e+00	-9.661614e-01	7.484415e-01	-4.621907e-01	-4.193626e-01	3.471827e-02	-3.921250e-02	4.620407e-02	-5.791087e-02	3.462844e-02	-2.792013e-01	3.589891e-01	-4.471843e-01	5.510081e-02	9.676757e-02	
-7.312059e-02	9.131736e-02	-7.014231e-01	2.365560e-01	2.465827e-01	-2.774221e-01	2.973447e-01	-4.002392e-02	-1.849822e-01	8.924065e-01	-9.661614e-01	1.000000e+00	-6.231389e-01	3.181942e-01	5.193948e-01	-3.947942e-02	4.485412e-02	-5.326848e-02	7.169695e-02	-4.669744e-02	3.485138e-01	-4.495108e-01	5.616184e-01	-7.093549e-02	-1.206391e-01	
1.852476e-01	-1.221899e-01	3.870011e-02	-3.221430e-02	2.922493e-02	-2.670718e-02	1.606961e-02	-3.884914e-02	4.397702e-02	-8.028401e-01	7.484415e-01	-6.231389e-01	1.000000e+00	-9.136751e-01	-5.359605e-02	2.722528e-02	-2.908287e-02	2.918983e-02	1.448831e-03	-1.967521e-02	-3.344373e-02	4.464620e-02	-6.214316e-02	4.354675e-02	-2.301530e-02	
-1.524286e-01	5.243517e-02	2.123899e-01	-3.503333e-02	-8.193276e-02	1.012051e-01	-1.059593e-01	-7.479055e-02	2.026412e-01	5.437950e-01	-4.621907e-01	3.181942e-01	-9.136751e-01	1.000000e+00	-1.263632e-01	-1.556166e-02	1.518519e-02	-1.151513e-02	-3.492188e-02	4.628164e-02	-9.254170e-02	1.181701e-01	-1.418044e-01	-1.687425e-02	6.708153e-02	
1.973620e-02	-1.136439e-01	-6.831845e-01	3.986483e-01	6.131687e-02	-6.950487e-02	7.268522e-02	-4.388725e-03	-5.002509e-02	3.240674e-01	-4.193626e-01	5.193948e-01	-5.359605e-02	-1.263632e-01	1.000000e+00	-5.710877e-01	6.398450e-01	-6.874597e-01	3.178211e-01	8.936373e-02	2.182009e-01	-2.856811e-01	3.668730e-01	-5.045296e-02	-5.786500e-02	
8.522784e-02	-9.243173e-04	1.850599e-02	2.138886e-02	-3.137577e-02	3.557669e-02	-3.962326e-02	4.116477e-02	-1.846466e-02	-3.057324e-02	3.471827e-02	-3.947942e-02	2.722528e-02	-1.556166e-02	-5.710877e-01	1.000000e+00	-9.809855e-01	9.308819e-01	-7.652170e-01	2.909149e-01	1.566376e-01	-1.843596e-01	1.997663e-01	-2.256485e-02	-2.444220e-02	
-8.541164e-02	6.862788e-03	-2.324255e-02	-2.420842e-02	3.707575e-02	-4.131995e-02	4.513847e-02	-4.369305e-02	1.743183e-02	3.400730e-02	-3.921250e-02	4.485412e-02	-2.908287e-02	1.518519e-02	6.398450e-01	-9.809855e-01	1.000000e+00	-9.836357e-01	7.136187e-01	-1.960757e-01	-1.630978e-01	1.951706e-01	-2.146188e-01	1.236023e-02	4.752314e-02	
7.245146e-02	-1.875374e-02	3.455936e-02	2.271224e-02	-4.204437e-02	4.604146e-02	-4.906689e-02	4.158959e-02	-1.239417e-02	-3.927098e-02	4.620407e-02	-5.326848e-02	2.918983e-02	-1.151513e-02	-6.874597e-01	9.308819e-01	-9.836357e-01	1.000000e+00	-6.424645e-01	1.032691e-01	1.621159e-01	-1.961824e-01	2.178228e-01	-6.282575e-03	-6.120940e-02	
4.628305e-02	1.366511e-01	-8.524075e-02	1.031516e-02	2.969377e-02	-3.209258e-02	2.971137e-02	1.674690e-02	-3.863222e-02	4.456850e-02	-5.791087e-02	7.169695e-02	1.448831e-03	-3.492188e-02	3.178211e-01	-7.652170e-01	7.136187e-01	-6.424645e-01	1.000000e+00	-8.137141e-01	-4.451402e-02	5.403447e-02	-5.800809e-02	7.321648e-02	-1.322516e-01	
-8.165478e-02	-1.494686e-01	6.867678e-02	-2.007948e-02	-1.083468e-02	1.135323e-02	-7.129788e-03	-4.085688e-02	4.965905e-02	-2.348964e-02	3.462844e-02	-4.669744e-02	-1.967521e-02	4.628164e-02	8.936373e-02	2.909149e-01	-1.960757e-01	1.032691e-01	-8.137141e-01	1.000000e+00	-5.646439e-02	6.583721e-02	-7.268925e-02	-8.857773e-02	2.210407e-01	
1.838665e-02	2.128213e-02	-4.675819e-01	3.036545e-01	2.167739e-04	-1.736899e-03	3.766557e-04	5.708749e-02	-6.930254e-02	2.143458e-01	-2.792013e-01	3.485138e-01	-3.344373e-02	-9.254170e-02	2.182009e-01	1.566376e-01	-1.630978e-01	1.621159e-01	-4.451402e-02	-5.646439e-02	1.000000e+00	-9.792681e-01	8.975734e-01	-7.997185e-01	5.777493e-01	
-2.867872e-03	-3.987472e-02	5.975381e-01	-3.851809e-01	-3.970042e-03	6.811060e-03	-5.641472e-03	-6.652940e-02	8.492596e-02	-2.748037e-01	3.589891e-01	-4.495108e-01	4.464620e-02	1.181701e-01	-2.856811e-01	-1.843596e-01	1.951706e-01	-1.961824e-01	5.403447e-02	6.583721e-02	-9.792681e-01	1.000000e+00	-9.673826e-01	7.436432e-01	-4.939772e-01	
-3.933044e-02	7.622375e-02	-7.350269e-01	4.710048e-01	7.528233e-03	-1.215009e-02	1.163309e-02	7.563808e-02	-1.012683e-01	3.416210e-01	-4.471843e-01	5.616184e-01	-6.214316e-02	-1.418044e-01	3.668730e-01	1.997663e-01	-2.146188e-01	2.178228e-01	-5.800809e-02	-7.268925e-02	8.975734e-01	-9.673826e-01	1.000000e+00	-6.197397e-01	3.476106e-01	
1.715751e-01	-1.057409e-01	4.979582e-02	-4.134720e-02	1.274061e-02	-1.251628e-02	1.066120e-02	-9.789100e-03	7.959513e-03	-4.326422e-02	5.510081e-02	-7.093549e-02	4.354675e-02	-1.687425e-02	-5.045296e-02	-2.256485e-02	1.236023e-02	-6.282575e-03	7.321648e-02	-8.857773e-02	-7.997185e-01	7.436432e-01	-6.197397e-01	1.000000e+00	-9.369263e-01	
-1.563711e-01	5.705661e-02	1.990095e-01	-1.142784e-01	-1.679774e-02	1.849469e-02	-1.629548e-02	-1.892864e-02	3.081288e-02	-7.217333e-02	9.676757e-02	-1.206391e-01	-2.301530e-02	6.708153e-02	-5.786500e-02	-2.444220e-02	4.752314e-02	-6.120940e-02	-1.322516e-01	2.210407e-01	5.777493e-01	-4.939772e-01	3.476106e-01	-9.369263e-01	1.000000e+00	

Time taken for mcmc chain: 1.419167 hours
