Number of steps: 2990133
Number of accepted steps: 1000000
Burn-in number of steps: 320000
Accepted fraction of steps: 0.334433
Convergence Status
R[0]= 1.024886	R[1]= 1.045421	R[2]= 1.002650	R[3]= 1.001701	R[4]= 1.012724	R[5]= 1.010295	R[6]= 1.007919	R[7]= 1.008636	R[8]= 1.006363	R[9]= 1.003785	R[10]= 1.002676	R[11]= 1.002464	R[12]= 1.006053	R[13]= 1.004428	R[14]= 1.003036	R[15]= 1.052158	R[16]= 1.054208	R[17]= 1.052158	R[18]= 1.002973	R[19]= 1.002412	R[20]= 1.011126	R[21]= 1.012466	R[22]= 1.012460	R[23]= 1.002193	R[24]= 1.004838	
<R>= 1.014001

Mean parameters
A[0]= 9.090290e-01 pm 3.526837e-02
A[1]= 1.040180e+00 pm 3.710622e-02
A[2]= 1.025340e+00 pm 6.735650e-01
A[3]= 2.468122e+00 pm 1.185116e+00
A[4]= -2.285125e+03 pm 3.774708e+03
A[5]= 8.643524e+02 pm 2.500253e+03
A[6]= 2.345169e+02 pm 5.890359e+02
A[7]= 1.586580e+01 pm 1.270477e+01
A[8]= -3.033026e-01 pm 1.824706e-01
A[9]= -4.819445e+03 pm 8.607391e+03
A[10]= 2.536276e+03 pm 5.234192e+03
A[11]= -7.043400e+02 pm 1.112590e+03
A[12]= 1.629773e+01 pm 4.790421e+01
A[13]= -5.120268e-01 pm 9.525056e-01
A[14]= 3.934312e+00 pm 1.625995e+00
A[15]= -8.513204e+03 pm 5.403315e+03
A[16]= 5.886821e+03 pm 3.553195e+03
A[17]= -1.043144e+03 pm 8.267970e+02
A[18]= 9.979409e+00 pm 1.921685e+01
A[19]= 3.252292e-02 pm 2.693399e-01
A[20]= 1.083633e+03 pm 1.226794e+04
A[21]= -1.265460e+01 pm 7.606332e+03
A[22]= -5.693476e+02 pm 1.658583e+03
A[23]= -5.185252e+01 pm 6.783448e+01
A[24]= 8.264195e-01 pm 1.361591e+00

Best-fitting parameters
A[0]= 9.311145e-01
A[1]= 1.013758e+00
A[2]= 6.667136e-01
A[3]= 2.592829e+00
A[4]= -3.989014e+01
A[5]= -4.243602e+02
A[6]= 4.930234e+02
A[7]= 1.006249e+01
A[8]= -2.625117e-01
A[9]= -6.365531e+03
A[10]= 3.125166e+03
A[11]= -7.234860e+02
A[12]= 3.724517e+01
A[13]= -8.910591e-01
A[14]= 4.751701e+00
A[15]= -9.036604e+03
A[16]= 6.190285e+03
A[17]= -1.096821e+03
A[18]= 1.322780e+00
A[19]= 1.893800e-01
A[20]= -1.210659e+03
A[21]= 8.996138e+02
A[22]= -6.225182e+02
A[23]= -2.801512e+01
A[24]= 5.471126e-01
chi2_min= 9.508643e+01


Cross-Covariance parameters
1.000000e+00	-5.610591e-01	-2.056141e-01	2.144914e-01	-7.495119e-02	8.602445e-02	-9.996681e-02	6.324688e-02	5.706461e-03	9.067294e-03	-1.717295e-03	-2.404394e-02	1.003625e-01	-6.133108e-02	9.939199e-02	2.212245e-01	-2.217479e-01	2.103747e-01	-3.183310e-02	-3.365346e-02	1.187549e-01	-1.215571e-01	9.755281e-02	1.274548e-01	-1.138879e-01	
-5.610591e-01	1.000000e+00	2.929580e-01	-3.134267e-01	6.005159e-02	-6.887797e-02	6.806083e-02	1.148030e-01	-1.535450e-01	-9.540355e-02	9.132492e-02	-7.416348e-02	-2.052888e-02	-1.089089e-02	-2.573338e-01	-1.796574e-01	1.839119e-01	-1.908307e-01	2.300139e-01	-1.567827e-01	-1.039449e-01	1.185806e-01	-1.176697e-01	-1.305144e-01	1.078984e-01	
-2.056141e-01	2.929580e-01	1.000000e+00	-7.887465e-01	1.011082e-01	-1.162472e-01	1.332660e-01	-4.242061e-02	-4.870630e-02	-4.178806e-01	5.156307e-01	-6.248734e-01	-1.217574e-01	2.591971e-01	-7.888174e-01	-1.465078e-01	1.463362e-01	-1.330613e-01	1.004254e-01	-7.678064e-02	-4.368920e-01	5.557737e-01	-6.843441e-01	-2.697451e-01	4.143554e-01	
2.144914e-01	-3.134267e-01	-7.887465e-01	1.000000e+00	-5.198395e-01	5.737784e-01	-6.129985e-01	1.010262e-01	1.934272e-01	2.351480e-01	-2.912141e-01	3.599689e-01	6.232985e-02	-1.191978e-01	6.606725e-01	1.241447e-01	-1.260973e-01	1.187237e-01	-8.804395e-02	6.139129e-02	3.929174e-01	-4.869110e-01	5.849820e-01	1.832677e-01	-2.982566e-01	
-7.495119e-02	6.005159e-02	1.011082e-01	-5.198395e-01	1.000000e+00	-9.842796e-01	9.424998e-01	-5.756977e-01	1.650440e-01	1.177283e-01	-1.542078e-01	1.896456e-01	7.888861e-02	-8.727015e-02	-1.108247e-01	-7.172695e-03	-3.302155e-03	1.511940e-02	2.577573e-02	-2.940410e-02	-7.458337e-02	8.371834e-02	-8.802162e-02	3.610816e-02	-2.867675e-02	
8.602445e-02	-6.887797e-02	-1.162472e-01	5.737784e-01	-9.842796e-01	1.000000e+00	-9.862760e-01	5.117960e-01	-8.751770e-02	-1.285282e-01	1.687726e-01	-2.081918e-01	-9.088207e-02	1.135452e-01	1.179240e-01	1.253739e-02	-2.944571e-03	-8.202104e-03	-2.853612e-02	3.001576e-02	8.666738e-02	-9.690770e-02	1.018751e-01	-4.012736e-02	3.157871e-02	
-9.996681e-02	6.806083e-02	1.332660e-01	-6.129985e-01	9.424998e-01	-9.862760e-01	1.000000e+00	-4.424646e-01	2.001656e-02	1.388730e-01	-1.800322e-01	2.202098e-01	8.905239e-02	-1.220052e-01	-1.260714e-01	-1.721249e-02	8.570619e-03	2.091066e-03	2.793618e-02	-2.820026e-02	-9.797989e-02	1.099106e-01	-1.163464e-01	4.055008e-02	-3.003245e-02	
6.324688e-02	1.148030e-01	-4.242061e-02	1.010262e-01	-5.756977e-01	5.117960e-01	-4.424646e-01	1.000000e+00	-8.821243e-01	6.691103e-02	-5.858291e-02	4.051583e-02	-2.990499e-03	-1.537758e-01	5.568727e-02	5.642726e-03	9.131205e-03	-2.704013e-02	2.579349e-02	-1.270794e-02	1.918506e-02	-2.906232e-02	3.801113e-02	7.603901e-03	-1.999261e-02	
5.706461e-03	-1.535450e-01	-4.870630e-02	1.934272e-01	1.650440e-01	-8.751770e-02	2.001656e-02	-8.821243e-01	1.000000e+00	-1.272170e-01	1.322127e-01	-1.242082e-01	-2.058475e-02	2.201333e-01	1.943579e-02	1.364115e-02	-2.523381e-02	3.820583e-02	-3.220450e-02	1.566453e-02	4.871319e-02	-4.650657e-02	4.201548e-02	-1.794313e-02	1.799266e-02	
9.067294e-03	-9.540355e-02	-4.178806e-01	2.351480e-01	1.177283e-01	-1.285282e-01	1.388730e-01	6.691103e-02	-1.272170e-01	1.000000e+00	-9.844954e-01	9.242860e-01	-6.912794e-01	4.869890e-01	3.171878e-01	6.623247e-02	-7.717139e-02	8.187022e-02	-2.596425e-02	5.807257e-03	1.830411e-01	-2.337586e-01	2.932779e-01	1.584879e-01	-2.294572e-01	
-1.717295e-03	9.132492e-02	5.156307e-01	-2.912141e-01	-1.542078e-01	1.687726e-01	-1.800322e-01	-5.858291e-02	1.322127e-01	-9.844954e-01	1.000000e+00	-9.761836e-01	6.237594e-01	-4.100353e-01	-3.999580e-01	-7.228486e-02	8.340953e-02	-8.726257e-02	2.789247e-02	-1.001073e-02	-2.242915e-01	2.887981e-01	-3.642705e-01	-1.888581e-01	2.771009e-01	
-2.404394e-02	-7.416348e-02	-6.248734e-01	3.599689e-01	1.896456e-01	-2.081918e-01	2.202098e-01	4.051583e-02	-1.242082e-01	9.242860e-01	-9.761836e-01	1.000000e+00	-5.006669e-01	2.845352e-01	4.951688e-01	7.521876e-02	-8.593893e-02	8.840368e-02	-2.937701e-02	1.521531e-02	2.717242e-01	-3.521587e-01	4.464564e-01	2.182013e-01	-3.269008e-01	
1.003625e-01	-2.052888e-02	-1.217574e-01	6.232985e-02	7.888861e-02	-9.088207e-02	8.905239e-02	-2.990499e-03	-2.058475e-02	-6.912794e-01	6.237594e-01	-5.006669e-01	1.000000e+00	-9.479405e-01	1.190758e-01	3.318649e-02	-2.476267e-02	1.473581e-02	1.885845e-03	-5.035665e-03	7.254066e-02	-9.077013e-02	1.078952e-01	2.076072e-02	-4.561673e-02	
-6.133108e-02	-1.089089e-02	2.591971e-01	-1.191978e-01	-8.727015e-02	1.135452e-01	-1.220052e-01	-1.537758e-01	2.201333e-01	4.869890e-01	-4.100353e-01	2.845352e-01	-9.479405e-01	1.000000e+00	-2.334975e-01	-4.078771e-02	3.198829e-02	-1.961611e-02	-2.367517e-03	3.886577e-03	-1.304130e-01	1.683189e-01	-2.093568e-01	-6.458730e-02	1.177308e-01	
9.939199e-02	-2.573338e-01	-7.888174e-01	6.606725e-01	-1.108247e-01	1.179240e-01	-1.260714e-01	5.568727e-02	1.943579e-02	3.171878e-01	-3.999580e-01	4.951688e-01	1.190758e-01	-2.334975e-01	1.000000e+00	-2.994931e-01	3.477240e-01	-3.926722e-01	-6.509217e-02	2.470752e-01	2.576120e-01	-3.384073e-01	4.320400e-01	1.542431e-01	-2.380841e-01	
2.212245e-01	-1.796574e-01	-1.465078e-01	1.241447e-01	-7.172695e-03	1.253739e-02	-1.721249e-02	5.642726e-03	1.364115e-02	6.623247e-02	-7.228486e-02	7.521876e-02	3.318649e-02	-4.078771e-02	-2.994931e-01	1.000000e+00	-9.851308e-01	9.430489e-01	-5.313662e-01	1.479344e-01	2.652959e-01	-3.045509e-01	3.318640e-01	1.196864e-01	-1.696824e-01	
-2.217479e-01	1.839119e-01	1.463362e-01	-1.260973e-01	-3.302155e-03	-2.944571e-03	8.570619e-03	9.131205e-03	-2.523381e-02	-7.717139e-02	8.340953e-02	-8.593893e-02	-2.476267e-02	3.198829e-02	3.477240e-01	-9.851308e-01	1.000000e+00	-9.856850e-01	4.591806e-01	-6.311054e-02	-2.765623e-01	3.202483e-01	-3.522056e-01	-1.380429e-01	1.959923e-01	
2.103747e-01	-1.908307e-01	-1.330613e-01	1.187237e-01	1.511940e-02	-8.202104e-03	2.091066e-03	-2.704013e-02	3.820583e-02	8.187022e-02	-8.726257e-02	8.840368e-02	1.473581e-02	-1.961611e-02	-3.926722e-01	9.430489e-01	-9.856850e-01	1.000000e+00	-3.788731e-01	-1.642672e-02	2.770170e-01	-3.226601e-01	3.571035e-01	1.459647e-01	-2.072341e-01	
-3.183310e-02	2.300139e-01	1.004254e-01	-8.804395e-02	2.577573e-02	-2.853612e-02	2.793618e-02	2.579349e-02	-3.220450e-02	-2.596425e-02	2.789247e-02	-2.937701e-02	1.885845e-03	-2.367517e-03	-6.509217e-02	-5.313662e-01	4.591806e-01	-3.788731e-01	1.000000e+00	-9.019895e-01	1.589841e-02	-2.282761e-04	-1.808736e-02	-9.238503e-03	-6.727982e-02	
-3.365346e-02	-1.567827e-01	-7.678064e-02	6.139129e-02	-2.940410e-02	3.001576e-02	-2.820026e-02	-1.270794e-02	1.566453e-02	5.807257e-03	-1.001073e-02	1.521531e-02	-5.035665e-03	3.886577e-03	2.470752e-01	1.479344e-01	-6.311054e-02	-1.642672e-02	-9.019895e-01	1.000000e+00	-1.267934e-01	1.249861e-01	-1.141832e-01	-4.393898e-02	1.591466e-01	
1.187549e-01	-1.039449e-01	-4.368920e-01	3.929174e-01	-7.458337e-02	8.666738e-02	-9.797989e-02	1.918506e-02	4.871319e-02	1.830411e-01	-2.242915e-01	2.717242e-01	7.254066e-02	-1.304130e-01	2.576120e-01	2.652959e-01	-2.765623e-01	2.770170e-01	1.589841e-02	-1.267934e-01	1.000000e+00	-9.832579e-01	9.192860e-01	-5.774702e-01	3.681870e-01	
-1.215571e-01	1.185806e-01	5.557737e-01	-4.869110e-01	8.371834e-02	-9.690770e-02	1.099106e-01	-2.906232e-02	-4.650657e-02	-2.337586e-01	2.887981e-01	-3.521587e-01	-9.077013e-02	1.683189e-01	-3.384073e-01	-3.045509e-01	3.202483e-01	-3.226601e-01	-2.282761e-04	1.249861e-01	-9.832579e-01	1.000000e+00	-9.749071e-01	4.861328e-01	-2.680429e-01	
9.755281e-02	-1.176697e-01	-6.843441e-01	5.849820e-01	-8.802162e-02	1.018751e-01	-1.163464e-01	3.801113e-02	4.201548e-02	2.932779e-01	-3.642705e-01	4.464564e-01	1.078952e-01	-2.093568e-01	4.320400e-01	3.318640e-01	-3.522056e-01	3.571035e-01	-1.808736e-02	-1.141832e-01	9.192860e-01	-9.749071e-01	1.000000e+00	-3.422796e-01	1.227485e-01	
1.274548e-01	-1.305144e-01	-2.697451e-01	1.832677e-01	3.610816e-02	-4.012736e-02	4.055008e-02	7.603901e-03	-1.794313e-02	1.584879e-01	-1.888581e-01	2.182013e-01	2.076072e-02	-6.458730e-02	1.542431e-01	1.196864e-01	-1.380429e-01	1.459647e-01	-9.238503e-03	-4.393898e-02	-5.774702e-01	4.861328e-01	-3.422796e-01	1.000000e+00	-9.582853e-01	
-1.138879e-01	1.078984e-01	4.143554e-01	-2.982566e-01	-2.867675e-02	3.157871e-02	-3.003245e-02	-1.999261e-02	1.799266e-02	-2.294572e-01	2.771009e-01	-3.269008e-01	-4.561673e-02	1.177308e-01	-2.380841e-01	-1.696824e-01	1.959923e-01	-2.072341e-01	-6.727982e-02	1.591466e-01	3.681870e-01	-2.680429e-01	1.227485e-01	-9.582853e-01	1.000000e+00	

Time taken for mcmc chain: 32.733333 minutes
