Number of steps: 1055297
Number of accepted steps: 1000000
Burn-in number of steps: 320000
Accepted fraction of steps: 0.947601
Convergence Status
R[0]= 1.061456	R[1]= 1.076349	R[2]= 1.098314	R[3]= 1.094840	R[4]= 1.138418	R[5]= 1.149162	R[6]= 1.152171	R[7]= 1.056151	R[8]= 1.057886	R[9]= 1.044437	R[10]= 1.050830	R[11]= 1.061022	R[12]= 1.023394	R[13]= 1.023809	R[14]= 1.042348	R[15]= 1.030569	R[16]= 1.029177	R[17]= 1.030975	R[18]= 1.077847	R[19]= 1.071259	R[20]= 1.069634	R[21]= 1.074816	R[22]= 1.075507	R[23]= 1.062784	R[24]= 1.058388	
<R>= 1.068462

Mean parameters
A[0]= 8.662234e-01 pm 4.127054e-02
A[1]= 1.098966e+00 pm 3.589781e-02
A[2]= 5.535187e-01 pm 2.718642e-01
A[3]= 1.379428e+00 pm 3.763997e-01
A[4]= 2.281173e+03 pm 2.678801e+03
A[5]= -2.390431e+03 pm 1.650800e+03
A[6]= 1.009228e+03 pm 3.709787e+02
A[7]= 1.423887e+01 pm 1.088605e+01
A[8]= -3.616761e-01 pm 1.484808e-01
A[9]= 2.963593e+03 pm 6.145303e+03
A[10]= -2.867860e+03 pm 3.428284e+03
A[11]= 5.918524e+02 pm 6.363171e+02
A[12]= -4.815105e+00 pm 3.953683e+01
A[13]= -2.919795e-01 pm 8.068044e-01
A[14]= 1.744979e+00 pm 5.522861e-01
A[15]= -1.308193e+03 pm 3.778025e+03
A[16]= 5.260910e+01 pm 2.392240e+03
A[17]= 4.833633e+02 pm 5.475623e+02
A[18]= 1.854728e+01 pm 1.503236e+01
A[19]= -2.842332e-01 pm 2.056047e-01
A[20]= 5.186418e+03 pm 9.631925e+03
A[21]= -3.931084e+03 pm 5.470943e+03
A[22]= 6.303928e+02 pm 1.000236e+03
A[23]= 1.310935e-01 pm 6.466405e+01
A[24]= -5.978952e-01 pm 1.227929e+00

Best-fitting parameters
A[0]= 8.461698e-01
A[1]= 1.080967e+00
A[2]= 7.244305e-01
A[3]= 1.701976e+00
A[4]= 6.773222e+02
A[5]= -1.114314e+03
A[6]= 6.680212e+02
A[7]= 1.136003e+01
A[8]= -2.957969e-01
A[9]= 5.965618e+03
A[10]= -4.586450e+03
A[11]= 8.501428e+02
A[12]= -4.265919e+01
A[13]= 3.853912e-01
A[14]= 2.357265e+00
A[15]= -5.995140e+03
A[16]= 3.364891e+03
A[17]= -3.193708e+02
A[18]= 2.702029e+01
A[19]= -3.205837e-01
A[20]= 2.006972e+03
A[21]= -2.374683e+03
A[22]= 3.390317e+02
A[23]= -2.313235e+01
A[24]= -5.615705e-02
chi2_min= 1.094676e+02


Cross-Covariance parameters
1.000000e+00	-2.319224e-01	-4.412884e-01	-5.903850e-02	1.014847e-01	-1.516234e-01	1.839956e-01	7.822620e-02	-8.576259e-02	-7.054050e-02	5.434860e-02	-4.447481e-02	2.034240e-01	-1.909153e-01	-3.988600e-01	5.131489e-01	-5.266014e-01	5.176589e-01	-6.784240e-02	-9.646489e-02	3.518156e-02	-6.236752e-02	7.275000e-02	1.050389e-01	-1.387312e-01	
-2.319224e-01	1.000000e+00	5.933616e-01	-3.480753e-01	-9.490047e-02	1.173327e-01	-1.390551e-01	7.770937e-02	-4.402770e-02	-1.982950e-02	7.533103e-02	-1.430370e-01	-6.202954e-02	6.060234e-02	-1.331929e-01	-3.339363e-01	3.479997e-01	-3.646446e-01	3.645202e-01	-2.561349e-01	-1.035083e-03	5.310217e-02	-1.096267e-01	-5.735468e-02	4.039346e-02	
-4.412884e-01	5.933616e-01	1.000000e+00	-3.101380e-01	-1.798984e-01	2.398575e-01	-2.836343e-01	-2.595557e-02	8.236072e-02	-1.661272e-01	2.469083e-01	-3.480654e-01	-1.134310e-01	1.695369e-01	-1.479781e-01	-3.674651e-01	3.923008e-01	-4.151422e-01	1.585516e-01	-2.360837e-02	-1.629132e-02	9.744929e-02	-1.996978e-01	-1.583979e-01	1.866910e-01	
-5.903850e-02	-3.480753e-01	-3.101380e-01	1.000000e+00	-5.486414e-01	6.310380e-01	-6.950495e-01	2.790884e-01	-8.539511e-02	-6.056499e-02	2.744136e-02	1.927558e-02	-2.580811e-02	-6.855994e-04	1.062463e-01	5.743840e-02	-9.191045e-02	1.252513e-01	-1.194342e-01	4.985865e-02	1.869518e-02	-4.638323e-02	7.747017e-02	4.560553e-02	-7.547027e-02	
1.014847e-01	-9.490047e-02	-1.798984e-01	-5.486414e-01	1.000000e+00	-9.805110e-01	9.201331e-01	-7.779212e-01	5.382199e-01	2.067386e-02	-4.307557e-02	7.068682e-02	9.840705e-02	-2.182054e-02	1.291230e-01	1.378161e-03	2.453111e-02	-4.242553e-02	9.749764e-03	3.895351e-02	-3.004063e-02	2.215515e-02	-1.091122e-02	4.468419e-02	-3.563864e-02	
-1.516234e-01	1.173327e-01	2.398575e-01	6.310380e-01	-9.805110e-01	1.000000e+00	-9.784455e-01	7.304026e-01	-4.809266e-01	-7.235388e-02	9.745961e-02	-1.272547e-01	-8.771072e-02	2.433824e-02	-1.162766e-01	-5.040685e-02	2.464694e-02	-6.029334e-03	8.891969e-03	-4.487137e-02	2.700548e-02	-1.168891e-02	-9.657208e-03	-4.438507e-02	3.024507e-02	
1.839956e-01	-1.390551e-01	-2.836343e-01	-6.950495e-01	9.201331e-01	-9.784455e-01	1.000000e+00	-6.626162e-01	4.195151e-01	1.355407e-01	-1.619645e-01	1.928358e-01	5.341484e-02	-2.782872e-03	1.077032e-01	9.154701e-02	-6.485283e-02	4.501416e-02	-2.654456e-02	5.079814e-02	-1.732323e-02	-3.902357e-03	3.359802e-02	3.458591e-02	-1.496726e-02	
7.822620e-02	7.770937e-02	-2.595557e-02	2.790884e-01	-7.779212e-01	7.304026e-01	-6.626162e-01	1.000000e+00	-9.279988e-01	-8.137366e-02	9.831785e-02	-1.248386e-01	1.785217e-01	-3.293404e-01	-1.549681e-01	9.454982e-02	-1.230241e-01	1.392970e-01	2.480086e-02	-1.066423e-01	2.974331e-02	-3.112981e-02	3.378143e-02	2.540183e-02	-5.165101e-02	
-8.576259e-02	-4.402770e-02	8.236072e-02	-8.539511e-02	5.382199e-01	-4.809266e-01	4.195151e-01	-9.279988e-01	1.000000e+00	8.203305e-02	-9.457825e-02	1.208750e-01	-2.661878e-01	4.475363e-01	1.122684e-01	-8.516070e-02	1.114023e-01	-1.265192e-01	-4.526827e-02	1.176107e-01	-3.833645e-02	4.829142e-02	-6.212361e-02	-1.112573e-02	3.576750e-02	
-7.054050e-02	-1.982950e-02	-1.661272e-01	-6.056499e-02	2.067386e-02	-7.235388e-02	1.355407e-01	-8.137366e-02	8.203305e-02	1.000000e+00	-9.895988e-01	9.480070e-01	-8.233311e-01	6.749658e-01	2.240636e-01	-6.708375e-02	8.844832e-02	-1.014449e-01	2.623328e-02	6.361079e-03	4.260448e-02	-6.254995e-02	1.003841e-01	-9.335576e-02	1.304881e-01	
5.434860e-02	7.533103e-02	2.469083e-01	2.744136e-02	-4.307557e-02	9.745961e-02	-1.619645e-01	9.831785e-02	-9.457825e-02	-9.895988e-01	1.000000e+00	-9.828654e-01	8.382388e-01	-6.939994e-01	-2.496808e-01	4.498448e-02	-6.270352e-02	7.103046e-02	9.838448e-03	-3.978164e-02	-3.326669e-02	6.080744e-02	-1.088391e-01	7.641046e-02	-1.130719e-01	
-4.447481e-02	-1.430370e-01	-3.480654e-01	1.927558e-02	7.068682e-02	-1.272547e-01	1.928358e-01	-1.248386e-01	1.208750e-01	9.480070e-01	-9.828654e-01	1.000000e+00	-8.382262e-01	7.117691e-01	2.863616e-01	-2.430178e-02	3.751709e-02	-3.975503e-02	-4.774999e-02	7.619762e-02	1.440531e-02	-5.064326e-02	1.108932e-01	-4.535962e-02	8.006004e-02	
2.034240e-01	-6.202954e-02	-1.134310e-01	-2.580811e-02	9.840705e-02	-8.771072e-02	5.341484e-02	1.785217e-01	-2.661878e-01	-8.233311e-01	8.382388e-01	-8.382262e-01	1.000000e+00	-9.552518e-01	-2.204635e-01	1.868809e-01	-2.068136e-01	2.158943e-01	2.772498e-02	-1.246345e-01	3.903985e-02	-4.002139e-02	2.842016e-02	8.689957e-02	-1.406908e-01	
-1.909153e-01	6.060234e-02	1.695369e-01	-6.855994e-04	-2.182054e-02	2.433824e-02	-2.782872e-03	-3.293404e-01	4.475363e-01	6.749658e-01	-6.939994e-01	7.117691e-01	-9.552518e-01	1.000000e+00	2.069989e-01	-1.960231e-01	2.163276e-01	-2.258755e-01	-5.795062e-02	1.698605e-01	-9.070513e-02	1.005009e-01	-1.008339e-01	-3.927795e-02	1.002887e-01	
-3.988600e-01	-1.331929e-01	-1.479781e-01	1.062463e-01	1.291230e-01	-1.162766e-01	1.077032e-01	-1.549681e-01	1.122684e-01	2.240636e-01	-2.496808e-01	2.863616e-01	-2.204635e-01	2.069989e-01	1.000000e+00	-5.579860e-01	6.467513e-01	-7.048303e-01	-8.481315e-03	2.828176e-01	-1.691928e-01	1.535118e-01	-1.170648e-01	4.483661e-03	3.973466e-02	
5.131489e-01	-3.339363e-01	-3.674651e-01	5.743840e-02	1.378161e-03	-5.040685e-02	9.154701e-02	9.454982e-02	-8.516070e-02	-6.708375e-02	4.498448e-02	-2.430178e-02	1.868809e-01	-1.960231e-01	-5.579860e-01	1.000000e+00	-9.798803e-01	9.224251e-01	-6.081083e-01	2.954490e-01	1.175016e-01	-1.533678e-01	1.854953e-01	2.854921e-02	-2.258651e-02	
-5.266014e-01	3.479997e-01	3.923008e-01	-9.191045e-02	2.453111e-02	2.464694e-02	-6.485283e-02	-1.230241e-01	1.114023e-01	8.844832e-02	-6.270352e-02	3.751709e-02	-2.068136e-01	2.163276e-01	6.467513e-01	-9.798803e-01	1.000000e+00	-9.802864e-01	5.754666e-01	-2.413442e-01	-1.254027e-01	1.615226e-01	-1.929752e-01	-5.691558e-02	6.313777e-02	
5.176589e-01	-3.646446e-01	-4.151422e-01	1.252513e-01	-4.242553e-02	-6.029334e-03	4.501416e-02	1.392970e-01	-1.265192e-01	-1.014449e-01	7.103046e-02	-3.975503e-02	2.158943e-01	-2.258755e-01	-7.048303e-01	9.224251e-01	-9.802864e-01	1.000000e+00	-5.195179e-01	1.803992e-01	1.268760e-01	-1.634245e-01	1.953850e-01	8.308578e-02	-9.939990e-02	
-6.784240e-02	3.645202e-01	1.585516e-01	-1.194342e-01	9.749764e-03	8.891969e-03	-2.654456e-02	2.480086e-02	-4.526827e-02	2.623328e-02	9.838448e-03	-4.774999e-02	2.772498e-02	-5.795062e-02	-8.481315e-03	-6.081083e-01	5.754666e-01	-5.195179e-01	1.000000e+00	-9.173541e-01	5.770863e-02	-3.538267e-02	1.044637e-02	-4.059457e-02	-3.556580e-02	
-9.646489e-02	-2.561349e-01	-2.360837e-02	4.985865e-02	3.895351e-02	-4.487137e-02	5.079814e-02	-1.066423e-01	1.176107e-01	6.361079e-03	-3.978164e-02	7.619762e-02	-1.246345e-01	1.698605e-01	2.828176e-01	2.954490e-01	-2.413442e-01	1.803992e-01	-9.173541e-01	1.000000e+00	-1.450492e-01	1.357864e-01	-1.204802e-01	4.269418e-02	6.180019e-02	
3.518156e-02	-1.035083e-03	-1.629132e-02	1.869518e-02	-3.004063e-02	2.700548e-02	-1.732323e-02	2.974331e-02	-3.833645e-02	4.260448e-02	-3.326669e-02	1.440531e-02	3.903985e-02	-9.070513e-02	-1.691928e-01	1.175016e-01	-1.254027e-01	1.268760e-01	5.770863e-02	-1.450492e-01	1.000000e+00	-9.904452e-01	9.529214e-01	-8.813882e-01	7.903214e-01	
-6.236752e-02	5.310217e-02	9.744929e-02	-4.638323e-02	2.215515e-02	-1.168891e-02	-3.902357e-03	-3.112981e-02	4.829142e-02	-6.254995e-02	6.080744e-02	-5.064326e-02	-4.002139e-02	1.005009e-01	1.535118e-01	-1.533678e-01	1.615226e-01	-1.634245e-01	-3.538267e-02	1.357864e-01	-9.904452e-01	1.000000e+00	-9.848728e-01	8.971519e-01	-8.120019e-01	
7.275000e-02	-1.096267e-01	-1.996978e-01	7.747017e-02	-1.091122e-02	-9.657208e-03	3.359802e-02	3.378143e-02	-6.212361e-02	1.003841e-01	-1.088391e-01	1.108932e-01	2.842016e-02	-1.008339e-01	-1.170648e-01	1.854953e-01	-1.929752e-01	1.953850e-01	1.044637e-02	-1.204802e-01	9.529214e-01	-9.848728e-01	1.000000e+00	-8.957642e-01	8.233346e-01	
1.050389e-01	-5.735468e-02	-1.583979e-01	4.560553e-02	4.468419e-02	-4.438507e-02	3.458591e-02	2.540183e-02	-1.112573e-02	-9.335576e-02	7.641046e-02	-4.535962e-02	8.689957e-02	-3.927795e-02	4.483661e-03	2.854921e-02	-5.691558e-02	8.308578e-02	-4.059457e-02	4.269418e-02	-8.813882e-01	8.971519e-01	-8.957642e-01	1.000000e+00	-9.762108e-01	
-1.387312e-01	4.039346e-02	1.866910e-01	-7.547027e-02	-3.563864e-02	3.024507e-02	-1.496726e-02	-5.165101e-02	3.576750e-02	1.304881e-01	-1.130719e-01	8.006004e-02	-1.406908e-01	1.002887e-01	3.973466e-02	-2.258651e-02	6.313777e-02	-9.939990e-02	-3.556580e-02	6.180019e-02	7.903214e-01	-8.120019e-01	8.233346e-01	-9.762108e-01	1.000000e+00	

Time taken for mcmc chain: 9.266667 minutes
