Number of steps: 5065179
Number of accepted steps: 1000000
Burn-in number of steps: 320000
Accepted fraction of steps: 0.197426
Convergence Status
R[0]= 1.184346	R[1]= 1.090680	R[2]= 1.045438	R[3]= 1.263831	R[4]= 1.092992	R[5]= 1.145128	R[6]= 1.193102	R[7]= 1.066325	R[8]= 1.010977	R[9]= 1.028882	R[10]= 1.030674	R[11]= 1.037129	R[12]= 1.029851	R[13]= 1.023957	R[14]= 1.050141	R[15]= 1.057133	R[16]= 1.064741	R[17]= 1.068937	R[18]= 1.044255	R[19]= 1.013326	R[20]= 1.005177	R[21]= 1.006098	R[22]= 1.009524	R[23]= 1.004800	R[24]= 1.008103	
<R>= 1.063022

Mean parameters
A[0]= 8.787487e-01 pm 7.812369e-02
A[1]= 1.039340e+00 pm 7.273867e-02
A[2]= 5.103643e-01 pm 3.637659e-01
A[3]= 1.384445e+00 pm 8.344610e-01
A[4]= 7.413582e+03 pm 3.720047e+03
A[5]= -5.216089e+03 pm 2.645781e+03
A[6]= 1.511489e+03 pm 7.283858e+02
A[7]= 1.877377e+00 pm 1.589239e+01
A[8]= -1.993671e-01 pm 1.844255e-01
A[9]= 1.113499e+04 pm 8.520789e+03
A[10]= -7.119779e+03 pm 4.957192e+03
A[11]= 1.316699e+03 pm 1.011289e+03
A[12]= -4.145352e+01 pm 5.210957e+01
A[13]= 5.362325e-01 pm 9.753386e-01
A[14]= 3.184918e+00 pm 1.980815e+00
A[15]= 1.302485e+03 pm 6.872743e+03
A[16]= 4.170770e+02 pm 5.318421e+03
A[17]= -2.072118e+02 pm 1.551593e+03
A[18]= 2.593855e+01 pm 2.656581e+01
A[19]= -1.772271e-01 pm 2.598775e-01
A[20]= 2.230681e+04 pm 1.198287e+04
A[21]= -1.277547e+04 pm 7.243483e+03
A[22]= 1.987633e+03 pm 1.591949e+03
A[23]= -9.964200e+01 pm 7.121592e+01
A[24]= 1.262494e+00 pm 1.326670e+00

Best-fitting parameters
A[0]= 9.050631e-01
A[1]= 9.749518e-01
A[2]= 4.793903e-01
A[3]= 4.016630e+00
A[4]= 4.579931e+02
A[5]= 9.253902e+02
A[6]= -4.401917e+02
A[7]= 1.246768e+01
A[8]= 4.939068e-02
A[9]= 7.873266e+03
A[10]= -4.600491e+03
A[11]= 5.465724e+02
A[12]= -6.516416e+01
A[13]= 1.711151e+00
A[14]= 6.406271e+00
A[15]= -7.376071e+03
A[16]= 8.560159e+03
A[17]= -2.843053e+03
A[18]= 6.060219e+01
A[19]= -2.210602e-01
A[20]= 1.697647e+04
A[21]= -8.498763e+03
A[22]= 6.935090e+02
A[23]= -1.036687e+02
A[24]= 1.902702e+00
chi2_min= 1.025772e+02


Cross-Covariance parameters
1.000000e+00	-3.285055e-01	-2.024203e-01	9.033777e-02	1.116939e-02	6.911801e-03	-3.400029e-02	2.710878e-02	4.061178e-03	1.328635e-02	9.200424e-03	-6.622594e-02	7.121460e-02	-5.454022e-02	2.190716e-02	9.501839e-02	-8.065604e-02	6.220621e-02	-4.845622e-02	2.776696e-02	7.831196e-02	-5.053590e-02	-1.736280e-02	9.376302e-02	-6.482293e-02	
-3.285055e-01	1.000000e+00	3.037731e-01	-4.434563e-01	2.471262e-01	-2.818575e-01	2.904299e-01	-1.001315e-01	-8.842959e-02	2.693828e-02	-5.064606e-02	1.077925e-01	-3.525794e-02	-1.108082e-02	-6.100746e-01	4.391642e-01	-4.895947e-01	5.109099e-01	-2.752104e-01	-1.709158e-01	2.681845e-02	-8.760990e-02	1.833653e-01	-1.033417e-02	-9.915501e-02	
-2.024203e-01	3.037731e-01	1.000000e+00	-2.340756e-01	-1.313192e-01	1.504359e-01	-1.620678e-01	1.053708e-01	-2.348255e-02	-2.321052e-01	3.182777e-01	-4.414097e-01	9.631313e-02	1.205867e-02	-2.885825e-01	-1.014282e-01	8.744238e-02	-7.295108e-02	6.675493e-02	-3.642707e-02	-3.067471e-01	3.968123e-01	-5.062500e-01	8.102552e-02	6.023714e-02	
9.033777e-02	-4.434563e-01	-2.340756e-01	1.000000e+00	-6.858284e-01	7.924391e-01	-8.578373e-01	4.953139e-01	1.437779e-02	-5.984808e-02	9.830451e-02	-1.553174e-01	-2.238482e-02	7.871230e-02	4.963186e-01	-3.434736e-01	3.836123e-01	-4.031172e-01	2.777426e-01	3.892047e-02	-3.222315e-02	5.871343e-02	-9.196696e-02	4.252308e-02	1.572141e-03	
1.116939e-02	2.471262e-01	-1.313192e-01	-6.858284e-01	1.000000e+00	-9.742427e-01	9.058502e-01	-8.511290e-01	4.198286e-01	1.613586e-01	-2.265670e-01	3.185361e-01	-6.438073e-02	4.113937e-02	-2.593040e-01	2.918330e-01	-3.121504e-01	3.187083e-01	-2.290857e-01	-1.277309e-02	1.495451e-01	-1.997494e-01	2.613253e-01	-8.805373e-02	1.013007e-02	
6.911801e-03	-2.818575e-01	1.504359e-01	7.924391e-01	-9.742427e-01	1.000000e+00	-9.774367e-01	8.283561e-01	-3.410127e-01	-1.702038e-01	2.444860e-01	-3.522445e-01	5.260233e-02	-6.601029e-03	3.017264e-01	-3.299988e-01	3.566253e-01	-3.666237e-01	2.588479e-01	2.301205e-02	-1.647984e-01	2.236527e-01	-2.961224e-01	9.343202e-02	-2.935450e-04	
-3.400029e-02	2.904299e-01	-1.620678e-01	-8.578373e-01	9.058502e-01	-9.774367e-01	1.000000e+00	-7.652341e-01	2.474243e-01	1.767244e-01	-2.564685e-01	3.738707e-01	-4.712675e-02	-1.809883e-02	-3.186048e-01	3.424470e-01	-3.731339e-01	3.858241e-01	-2.716464e-01	-2.631435e-02	1.703541e-01	-2.341152e-01	3.128412e-01	-9.734535e-02	-4.084813e-03	
2.710878e-02	-1.001315e-01	1.053708e-01	4.953139e-01	-8.511290e-01	8.283561e-01	-7.652341e-01	1.000000e+00	-7.944456e-01	-7.360002e-02	1.256843e-01	-2.054415e-01	5.307127e-02	-1.322643e-01	1.719853e-01	-1.917682e-01	2.085152e-01	-2.168232e-01	1.647855e-01	1.061864e-03	-1.106743e-01	1.466388e-01	-1.896840e-01	8.607128e-02	-4.038112e-02	
4.061178e-03	-8.842959e-02	-2.348255e-02	1.437779e-02	4.198286e-01	-3.410127e-01	2.474243e-01	-7.944456e-01	1.000000e+00	-6.066757e-02	5.126373e-02	-3.033943e-02	-2.480175e-02	2.186004e-01	1.245349e-02	-2.598481e-03	3.439828e-03	-2.187096e-03	-1.303095e-02	1.566228e-02	1.238906e-02	-1.287937e-02	1.175510e-02	-3.323094e-02	5.003730e-02	
1.328635e-02	2.693828e-02	-2.321052e-01	-5.984808e-02	1.613586e-01	-1.702038e-01	1.767244e-01	-7.360002e-02	-6.066757e-02	1.000000e+00	-9.855224e-01	9.130815e-01	-8.940169e-01	7.609867e-01	-1.236295e-02	1.055803e-01	-1.121351e-01	1.148476e-01	-6.975797e-02	-2.162029e-02	1.320289e-01	-1.734803e-01	2.214821e-01	-7.261589e-02	1.117352e-02	
9.200424e-03	-5.064606e-02	3.182777e-01	9.830451e-02	-2.265670e-01	2.444860e-01	-2.564685e-01	1.256843e-01	5.126373e-02	-9.855224e-01	1.000000e+00	-9.674855e-01	9.002729e-01	-7.586323e-01	1.052839e-02	-1.356739e-01	1.434747e-01	-1.460780e-01	9.137866e-02	2.322264e-02	-1.718601e-01	2.275919e-01	-2.944793e-01	9.439891e-02	-1.057823e-02	
-6.622594e-02	1.077925e-01	-4.414097e-01	-1.553174e-01	3.185361e-01	-3.522445e-01	3.738707e-01	-2.054415e-01	-3.033943e-02	9.130815e-01	-9.674855e-01	1.000000e+00	-8.466121e-01	6.964721e-01	-1.364653e-02	1.826967e-01	-1.936473e-01	1.969143e-01	-1.239007e-01	-3.115740e-02	2.265295e-01	-3.055311e-01	4.048583e-01	-1.229295e-01	2.369147e-03	
7.121460e-02	-3.525794e-02	9.631313e-02	-2.238482e-02	-6.438073e-02	5.260233e-02	-4.712675e-02	5.307127e-02	-2.480175e-02	-8.940169e-01	9.002729e-01	-8.466121e-01	1.000000e+00	-9.497212e-01	3.092973e-03	-4.338404e-02	4.622105e-02	-4.877067e-02	3.027091e-02	7.379940e-03	-7.642157e-02	1.003046e-01	-1.277178e-01	7.814817e-02	-5.340024e-02	
-5.454022e-02	-1.108082e-02	1.205867e-02	7.871230e-02	4.113937e-02	-6.601029e-03	-1.809883e-02	-1.322643e-01	2.186004e-01	7.609867e-01	-7.586323e-01	6.964721e-01	-9.497212e-01	1.000000e+00	1.630526e-02	-1.240250e-02	1.413659e-02	-1.293809e-02	6.821672e-03	4.453972e-03	2.612637e-02	-3.042945e-02	3.195942e-02	-6.456016e-02	7.601610e-02	
2.190716e-02	-6.100746e-01	-2.885825e-01	4.963186e-01	-2.593040e-01	3.017264e-01	-3.186048e-01	1.719853e-01	1.245349e-02	-1.236295e-02	1.052839e-02	-1.364653e-02	3.092973e-03	1.630526e-02	1.000000e+00	-7.658763e-01	8.487970e-01	-8.928834e-01	6.087340e-01	9.375294e-02	-7.871407e-02	1.253203e-01	-1.772278e-01	-1.430268e-02	9.385762e-02	
9.501839e-02	4.391642e-01	-1.014282e-01	-3.434736e-01	2.918330e-01	-3.299988e-01	3.424470e-01	-1.917682e-01	-2.598481e-03	1.055803e-01	-1.356739e-01	1.826967e-01	-4.338404e-02	-1.240250e-02	-7.658763e-01	1.000000e+00	-9.800249e-01	9.357336e-01	-8.875036e-01	2.923490e-01	1.926799e-01	-2.752062e-01	3.719998e-01	-3.923462e-03	-1.075820e-01	
-8.065604e-02	-4.895947e-01	8.744238e-02	3.836123e-01	-3.121504e-01	3.566253e-01	-3.731339e-01	2.085152e-01	3.439828e-03	-1.121351e-01	1.434747e-01	-1.936473e-01	4.622105e-02	1.413659e-02	8.487970e-01	-9.800249e-01	1.000000e+00	-9.868688e-01	8.541940e-01	-1.843957e-01	-2.100482e-01	2.998309e-01	-4.049048e-01	1.088172e-02	1.184106e-01	
6.220621e-02	5.109099e-01	-7.295108e-02	-4.031172e-01	3.187083e-01	-3.666237e-01	3.858241e-01	-2.168232e-01	-2.187096e-03	1.148476e-01	-1.460780e-01	1.969143e-01	-4.877067e-02	-1.293809e-02	-8.928834e-01	9.357336e-01	-9.868688e-01	1.000000e+00	-8.012013e-01	8.962882e-02	2.187936e-01	-3.116400e-01	4.202529e-01	-1.876105e-02	-1.203992e-01	
-4.845622e-02	-2.752104e-01	6.675493e-02	2.777426e-01	-2.290857e-01	2.588479e-01	-2.716464e-01	1.647855e-01	-1.303095e-02	-6.975797e-02	9.137866e-02	-1.239007e-01	3.027091e-02	6.821672e-03	6.087340e-01	-8.875036e-01	8.541940e-01	-8.012013e-01	1.000000e+00	-6.559872e-01	-1.260644e-01	1.899183e-01	-2.654350e-01	2.844804e-02	6.768474e-03	
2.776696e-02	-1.709158e-01	-3.642707e-02	3.892047e-02	-1.277309e-02	2.301205e-02	-2.631435e-02	1.061864e-03	1.566228e-02	-2.162029e-02	2.322264e-02	-3.115740e-02	7.379940e-03	4.453972e-03	9.375294e-02	2.923490e-01	-1.843957e-01	8.962882e-02	-6.559872e-01	1.000000e+00	-5.634808e-02	6.335583e-02	-6.981331e-02	-2.861115e-02	1.517851e-01	
7.831196e-02	2.681845e-02	-3.067471e-01	-3.222315e-02	1.495451e-01	-1.647984e-01	1.703541e-01	-1.106743e-01	1.238906e-02	1.320289e-01	-1.718601e-01	2.265295e-01	-7.642157e-02	2.612637e-02	-7.871407e-02	1.926799e-01	-2.100482e-01	2.187936e-01	-1.260644e-01	-5.634808e-02	1.000000e+00	-9.803497e-01	8.887231e-01	-8.583957e-01	6.959005e-01	
-5.053590e-02	-8.760990e-02	3.968123e-01	5.871343e-02	-1.997494e-01	2.236527e-01	-2.341152e-01	1.466388e-01	-1.287937e-02	-1.734803e-01	2.275919e-01	-3.055311e-01	1.003046e-01	-3.042945e-02	1.253203e-01	-2.752062e-01	2.998309e-01	-3.116400e-01	1.899183e-01	6.335583e-02	-9.803497e-01	1.000000e+00	-9.602378e-01	8.369500e-01	-6.478025e-01	
-1.736280e-02	1.833653e-01	-5.062500e-01	-9.196696e-02	2.613253e-01	-2.961224e-01	3.128412e-01	-1.896840e-01	1.175510e-02	2.214821e-01	-2.944793e-01	4.048583e-01	-1.277178e-01	3.195942e-02	-1.772278e-01	3.719998e-01	-4.049048e-01	4.202529e-01	-2.654350e-01	-6.981331e-02	8.887231e-01	-9.602378e-01	1.000000e+00	-7.390032e-01	5.199481e-01	
9.376302e-02	-1.033417e-02	8.102552e-02	4.252308e-02	-8.805373e-02	9.343202e-02	-9.734535e-02	8.607128e-02	-3.323094e-02	-7.261589e-02	9.439891e-02	-1.229295e-01	7.814817e-02	-6.456016e-02	-1.430268e-02	-3.923462e-03	1.088172e-02	-1.876105e-02	2.844804e-02	-2.861115e-02	-8.583957e-01	8.369500e-01	-7.390032e-01	1.000000e+00	-9.452710e-01	
-6.482293e-02	-9.915501e-02	6.023714e-02	1.572141e-03	1.013007e-02	-2.935450e-04	-4.084813e-03	-4.038112e-02	5.003730e-02	1.117352e-02	-1.057823e-02	2.369147e-03	-5.340024e-02	7.601610e-02	9.385762e-02	-1.075820e-01	1.184106e-01	-1.203992e-01	6.768474e-03	1.517851e-01	6.959005e-01	-6.478025e-01	5.199481e-01	-9.452710e-01	1.000000e+00	

Time taken for mcmc chain: 1.444167 hours
