Number of steps: 1029011
Number of accepted steps: 1000000
Burn-in number of steps: 320000
Accepted fraction of steps: 0.971807
Convergence Status
R[0]= 1.028927	R[1]= 1.044932	R[2]= 1.004356	R[3]= 1.088583	R[4]= 1.081680	R[5]= 1.056851	R[6]= 1.032517	R[7]= 1.099646	R[8]= 1.083210	R[9]= 1.115200	R[10]= 1.116652	R[11]= 1.119137	R[12]= 1.116918	R[13]= 1.127895	R[14]= 1.013734	R[15]= 1.131569	R[16]= 1.132481	R[17]= 1.126657	R[18]= 1.119105	R[19]= 1.060105	R[20]= 1.009619	R[21]= 1.005816	R[22]= 1.001998	R[23]= 1.000579	R[24]= 1.009487	
<R>= 1.069106

Mean parameters
A[0]= 9.998224e-01 pm 6.681431e-02
A[1]= 1.052610e+00 pm 3.418396e-02
A[2]= 6.668792e-01 pm 3.027754e-01
A[3]= 6.516473e-01 pm 3.431429e-01
A[4]= 8.177769e+03 pm 1.984299e+03
A[5]= -6.669936e+03 pm 1.033120e+03
A[6]= 2.058704e+03 pm 1.795289e+02
A[7]= 6.043030e-01 pm 1.065819e+01
A[8]= -3.313140e-01 pm 1.437067e-01
A[9]= -4.073338e+03 pm 5.866575e+03
A[10]= 9.723148e+02 pm 3.220563e+03
A[11]= -1.312282e+02 pm 5.740647e+02
A[12]= 5.779899e+01 pm 3.725676e+01
A[13]= -1.380493e+00 pm 7.139583e-01
A[14]= 7.315691e-01 pm 4.844538e-01
A[15]= 5.038622e+03 pm 2.980786e+03
A[16]= -4.696534e+03 pm 1.603480e+03
A[17]= 1.679512e+03 pm 2.910825e+02
A[18]= 1.595509e+01 pm 1.657174e+01
A[19]= -4.353191e-01 pm 2.228745e-01
A[20]= 3.382262e+03 pm 8.200656e+03
A[21]= -3.104526e+03 pm 4.517536e+03
A[22]= 4.622262e+02 pm 8.033633e+02
A[23]= 3.634427e+01 pm 5.264402e+01
A[24]= -1.332135e+00 pm 9.799679e-01

Best-fitting parameters
A[0]= 1.115929e+00
A[1]= 1.041633e+00
A[2]= 3.334925e-01
A[3]= 5.809554e-01
A[4]= 8.433593e+03
A[5]= -6.788972e+03
A[6]= 2.062888e+03
A[7]= 4.190451e+00
A[8]= -3.626159e-01
A[9]= 4.810799e+02
A[10]= -1.197483e+03
A[11]= 1.815987e+02
A[12]= 4.556962e+01
A[13]= -1.200805e+00
A[14]= 6.080929e-01
A[15]= 8.341460e+03
A[16]= -6.495995e+03
A[17]= 1.994523e+03
A[18]= 2.130732e+00
A[19]= -3.016092e-01
A[20]= 1.274565e+04
A[21]= -8.208658e+03
A[22]= 1.368487e+03
A[23]= -1.571486e+01
A[24]= -3.338612e-01
chi2_min= 1.471526e+02


Cross-Covariance parameters
1.000000e+00	-2.391986e-01	-5.335141e-01	1.809119e-01	-1.217356e-01	1.521131e-01	-2.031773e-01	2.442783e-01	-2.002734e-01	-6.433273e-02	6.424710e-02	-7.027716e-02	8.880073e-02	-5.249417e-02	1.579395e-01	-2.071083e-01	2.242457e-01	-2.605849e-01	3.141116e-01	-3.194539e-01	1.455900e-01	-1.279159e-01	9.949052e-02	-3.385877e-02	-1.790462e-02	
-2.391986e-01	1.000000e+00	4.117827e-01	-6.486745e-01	2.002124e-01	-2.257051e-01	2.378207e-01	3.185922e-02	-2.360734e-02	-1.054147e-02	1.478039e-02	-1.302321e-02	5.446187e-02	-6.884930e-02	-5.998648e-01	1.263810e-01	-1.467844e-01	1.625507e-01	4.139435e-02	1.665444e-02	-4.570987e-02	3.532035e-02	-1.232631e-02	1.863309e-02	1.649769e-02	
-5.335141e-01	4.117827e-01	1.000000e+00	-1.844335e-01	-8.717791e-02	1.028912e-01	-1.077941e-01	-1.002470e-02	4.871818e-03	1.058947e-02	1.048098e-02	-3.626153e-02	-3.832299e-02	-1.819260e-02	-2.329186e-01	-2.829095e-02	7.248871e-03	2.263929e-02	-6.606248e-02	7.832172e-02	-8.349507e-02	5.225435e-02	-1.002288e-02	-8.667236e-02	1.028230e-01	
1.809119e-01	-6.486745e-01	-1.844335e-01	1.000000e+00	-2.054796e-01	2.639103e-01	-3.047174e-01	-2.500247e-01	2.373948e-01	-9.314820e-03	2.962920e-02	-5.360871e-02	-3.602673e-02	7.715232e-02	5.576404e-01	-2.877499e-01	2.885064e-01	-2.901138e-01	8.381571e-02	-1.332928e-01	-9.790622e-02	1.108512e-01	-1.298629e-01	1.140322e-01	-1.324092e-01	
-1.217356e-01	2.002124e-01	-8.717791e-02	-2.054796e-01	1.000000e+00	-9.889717e-01	9.425369e-01	-7.381655e-01	6.447849e-01	-9.910912e-03	7.120058e-03	7.146130e-03	5.816218e-03	1.121565e-01	-2.084659e-02	1.105639e-01	-1.269161e-01	1.417901e-01	-1.690876e-01	1.721672e-01	-1.192138e-01	8.606556e-02	-4.142506e-02	-1.160186e-03	2.735289e-02	
1.521131e-01	-2.257051e-01	1.028912e-01	2.639103e-01	-9.889717e-01	1.000000e+00	-9.796331e-01	7.550993e-01	-6.656262e-01	3.406161e-02	-2.853082e-02	9.415403e-03	-2.608092e-02	-9.727387e-02	3.932688e-02	-1.419091e-01	1.566831e-01	-1.706300e-01	1.887384e-01	-1.942280e-01	9.616763e-02	-6.458279e-02	2.125529e-02	1.851348e-02	-5.146093e-02	
-2.031773e-01	2.378207e-01	-1.077941e-01	-3.047174e-01	9.425369e-01	-9.796331e-01	1.000000e+00	-7.884628e-01	7.206260e-01	-5.426050e-02	4.815908e-02	-2.677532e-02	4.556727e-02	8.817258e-02	-3.971281e-02	1.713167e-01	-1.819179e-01	1.920182e-01	-2.074954e-01	2.157406e-01	-7.056424e-02	4.354736e-02	-5.577899e-03	-2.878200e-02	6.650647e-02	
2.442783e-01	3.185922e-02	-1.002470e-02	-2.500247e-01	-7.381655e-01	7.550993e-01	-7.884628e-01	1.000000e+00	-9.641374e-01	6.817954e-02	-8.385814e-02	8.491469e-02	-2.647135e-02	-1.388029e-01	-2.188834e-01	-1.915289e-02	3.080737e-02	-3.999741e-02	1.707562e-01	-1.557860e-01	1.560607e-01	-1.353024e-01	1.041276e-01	-4.380417e-02	4.734202e-03	
-2.002734e-01	-2.360734e-02	4.871818e-03	2.373948e-01	6.447849e-01	-6.656262e-01	7.206260e-01	-9.641374e-01	1.000000e+00	-4.294389e-02	6.580130e-02	-7.618366e-02	2.666926e-02	1.501767e-01	2.391819e-01	-2.052007e-02	1.387553e-02	-1.024454e-02	-1.272388e-01	1.207792e-01	-1.340010e-01	1.261425e-01	-1.098645e-01	6.242687e-02	-3.431472e-02	
-6.433273e-02	-1.054147e-02	1.058947e-02	-9.314820e-03	-9.910912e-03	3.406161e-02	-5.426050e-02	6.817954e-02	-4.294389e-02	1.000000e+00	-9.913252e-01	9.574241e-01	-8.975494e-01	8.269112e-01	4.574820e-02	-1.055405e-02	2.240163e-02	-2.023173e-02	-6.315329e-02	8.926413e-02	3.639856e-02	-3.140072e-02	2.381342e-02	-4.061979e-02	4.507158e-02	
6.424710e-02	1.478039e-02	1.048098e-02	2.962920e-02	7.120058e-03	-2.853082e-02	4.815908e-02	-8.385814e-02	6.580130e-02	-9.913252e-01	1.000000e+00	-9.865118e-01	9.388503e-01	-8.710702e-01	-2.769148e-02	-2.175556e-02	1.103777e-02	-1.586236e-02	9.030705e-02	-1.165361e-01	-4.724012e-02	4.167305e-02	-3.289277e-02	4.495690e-02	-5.063198e-02	
-7.027716e-02	-1.302321e-02	-3.626153e-02	-5.360871e-02	7.146130e-03	9.415403e-03	-2.677532e-02	8.491469e-02	-7.618366e-02	9.574241e-01	-9.865118e-01	1.000000e+00	-9.725063e-01	9.156677e-01	3.050136e-03	6.022974e-02	-5.160719e-02	5.962574e-02	-1.207638e-01	1.485728e-01	4.827636e-02	-4.253954e-02	3.347265e-02	-4.091730e-02	5.121056e-02	
8.880073e-02	5.446187e-02	-3.832299e-02	-3.602673e-02	5.816218e-03	-2.608092e-02	4.556727e-02	-2.647135e-02	2.666926e-02	-8.975494e-01	9.388503e-01	-9.725063e-01	1.000000e+00	-9.671360e-01	-2.701858e-02	-4.624153e-02	4.119413e-02	-5.304959e-02	1.311015e-01	-1.542246e-01	-1.638159e-02	1.508561e-02	-1.218968e-02	3.459205e-02	-5.358905e-02	
-5.249417e-02	-6.884930e-02	-1.819260e-02	7.715232e-02	1.121565e-01	-9.727387e-02	8.817258e-02	-1.388029e-01	1.501767e-01	8.269112e-01	-8.710702e-01	9.156677e-01	-9.671360e-01	1.000000e+00	8.601049e-02	8.374545e-04	3.668055e-03	8.852173e-03	-1.079592e-01	1.366271e-01	1.803199e-03	-2.151213e-03	1.642842e-03	-2.644993e-02	4.699550e-02	
1.579395e-01	-5.998648e-01	-2.329186e-01	5.576404e-01	-2.084659e-02	3.932688e-02	-3.971281e-02	-2.188834e-01	2.391819e-01	4.574820e-02	-2.769148e-02	3.050136e-03	-2.701858e-02	8.601049e-02	1.000000e+00	-3.866920e-01	4.238083e-01	-4.412780e-01	-6.010254e-02	1.459868e-02	-7.045408e-02	5.846663e-02	-4.794168e-02	-5.506143e-02	2.219098e-02	
-2.071083e-01	1.263810e-01	-2.829095e-02	-2.877499e-01	1.105639e-01	-1.419091e-01	1.713167e-01	-1.915289e-02	-2.052007e-02	-1.055405e-02	-2.175556e-02	6.022974e-02	-4.624153e-02	8.374545e-04	-3.866920e-01	1.000000e+00	-9.911076e-01	9.530574e-01	-7.525110e-01	6.945187e-01	-1.966511e-02	2.156845e-02	-2.020489e-02	5.192236e-02	2.101376e-02	
2.242457e-01	-1.467844e-01	7.248871e-03	2.885064e-01	-1.269161e-01	1.566831e-01	-1.819179e-01	3.080737e-02	1.387553e-02	2.240163e-02	1.103777e-02	-5.160719e-02	4.119413e-02	3.668055e-03	4.238083e-01	-9.911076e-01	1.000000e+00	-9.830482e-01	7.821257e-01	-7.308766e-01	3.561531e-02	-3.950001e-02	3.858712e-02	-7.083432e-02	-8.527487e-03	
-2.605849e-01	1.625507e-01	2.263929e-02	-2.901138e-01	1.417901e-01	-1.706300e-01	1.920182e-01	-3.999741e-02	-1.024454e-02	-2.023173e-02	-1.586236e-02	5.962574e-02	-5.304959e-02	8.852173e-03	-4.412780e-01	9.530574e-01	-9.830482e-01	1.000000e+00	-8.279062e-01	7.946256e-01	-4.173712e-02	4.557352e-02	-4.244634e-02	7.011807e-02	1.763223e-02	
3.141116e-01	4.139435e-02	-6.606248e-02	8.381571e-02	-1.690876e-01	1.887384e-01	-2.074954e-01	1.707562e-01	-1.272388e-01	-6.315329e-02	9.030705e-02	-1.207638e-01	1.311015e-01	-1.079592e-01	-6.010254e-02	-7.525110e-01	7.821257e-01	-8.279062e-01	1.000000e+00	-9.738025e-01	7.542140e-02	-6.197437e-02	3.567776e-02	2.724260e-02	-1.206053e-01	
-3.194539e-01	1.665444e-02	7.832172e-02	-1.332928e-01	1.721672e-01	-1.942280e-01	2.157406e-01	-1.557860e-01	1.207792e-01	8.926413e-02	-1.165361e-01	1.485728e-01	-1.542246e-01	1.366271e-01	1.459868e-02	6.945187e-01	-7.308766e-01	7.946256e-01	-9.738025e-01	1.000000e+00	-7.147069e-02	5.495638e-02	-2.362627e-02	-3.920055e-02	1.454682e-01	
1.455900e-01	-4.570987e-02	-8.349507e-02	-9.790622e-02	-1.192138e-01	9.616763e-02	-7.056424e-02	1.560607e-01	-1.340010e-01	3.639856e-02	-4.724012e-02	4.827636e-02	-1.638159e-02	1.803199e-03	-7.045408e-02	-1.966511e-02	3.561531e-02	-4.173712e-02	7.542140e-02	-7.147069e-02	1.000000e+00	-9.907090e-01	9.558964e-01	-8.687312e-01	7.889814e-01	
-1.279159e-01	3.532035e-02	5.225435e-02	1.108512e-01	8.606556e-02	-6.458279e-02	4.354736e-02	-1.353024e-01	1.261425e-01	-3.140072e-02	4.167305e-02	-4.253954e-02	1.508561e-02	-2.151213e-03	5.846663e-02	2.156845e-02	-3.950001e-02	4.557352e-02	-6.197437e-02	5.495638e-02	-9.907090e-01	1.000000e+00	-9.863687e-01	9.208892e-01	-8.493247e-01	
9.949052e-02	-1.232631e-02	-1.002288e-02	-1.298629e-01	-4.142506e-02	2.125529e-02	-5.577899e-03	1.041276e-01	-1.098645e-01	2.381342e-02	-3.289277e-02	3.347265e-02	-1.218968e-02	1.642842e-03	-4.794168e-02	-2.020489e-02	3.858712e-02	-4.244634e-02	3.567776e-02	-2.362627e-02	9.558964e-01	-9.863687e-01	1.000000e+00	-9.670300e-01	9.127677e-01	
-3.385877e-02	1.863309e-02	-8.667236e-02	1.140322e-01	-1.160186e-03	1.851348e-02	-2.878200e-02	-4.380417e-02	6.242687e-02	-4.061979e-02	4.495690e-02	-4.091730e-02	3.459205e-02	-2.644993e-02	-5.506143e-02	5.192236e-02	-7.083432e-02	7.011807e-02	2.724260e-02	-3.920055e-02	-8.687312e-01	9.208892e-01	-9.670300e-01	1.000000e+00	-9.749101e-01	
-1.790462e-02	1.649769e-02	1.028230e-01	-1.324092e-01	2.735289e-02	-5.146093e-02	6.650647e-02	4.734202e-03	-3.431472e-02	4.507158e-02	-5.063198e-02	5.121056e-02	-5.358905e-02	4.699550e-02	2.219098e-02	2.101376e-02	-8.527487e-03	1.763223e-02	-1.206053e-01	1.454682e-01	7.889814e-01	-8.493247e-01	9.127677e-01	-9.749101e-01	1.000000e+00	

Time taken for mcmc chain: 7.916667 minutes
