Number of steps: 6643780
Number of accepted steps: 1000000
Burn-in number of steps: 320000
Accepted fraction of steps: 0.150517
Convergence Status
R[0]= 1.008189	R[1]= 1.011702	R[2]= 1.150211	R[3]= 1.088890	R[4]= 1.007349	R[5]= 1.009487	R[6]= 1.011134	R[7]= 1.014228	R[8]= 1.015249	R[9]= 1.008601	R[10]= 1.012657	R[11]= 1.018073	R[12]= 1.015245	R[13]= 1.009219	R[14]= 1.084144	R[15]= 1.022155	R[16]= 1.027943	R[17]= 1.032367	R[18]= 1.012704	R[19]= 1.012062	R[20]= 1.006388	R[21]= 1.010743	R[22]= 1.016628	R[23]= 1.032305	R[24]= 1.028628	
<R>= 1.026652

Mean parameters
A[0]= 1.091567e+00 pm 4.371181e-02
A[1]= 1.260105e+00 pm 3.867334e-02
A[2]= 6.528766e-01 pm 5.681188e-01
A[3]= 3.991396e+00 pm 1.594476e+00
A[4]= 2.280169e+02 pm 3.024322e+03
A[5]= -1.475208e+03 pm 1.778273e+03
A[6]= 9.908606e+02 pm 3.422074e+02
A[7]= -1.821334e+01 pm 1.352464e+01
A[8]= -6.207907e-02 pm 1.870894e-01
A[9]= -5.350271e+03 pm 6.874079e+03
A[10]= 1.867086e+03 pm 3.882433e+03
A[11]= -2.992025e+02 pm 7.123554e+02
A[12]= 2.771525e+01 pm 4.414176e+01
A[13]= -6.988159e-01 pm 8.057375e-01
A[14]= 5.336576e+00 pm 1.910149e+00
A[15]= -5.104500e+03 pm 4.075519e+03
A[16]= 1.979128e+03 pm 2.407449e+03
A[17]= 3.097361e+02 pm 4.647210e+02
A[18]= -1.962631e+01 pm 2.022983e+01
A[19]= 3.816007e-02 pm 2.654340e-01
A[20]= 3.187300e+03 pm 9.434588e+03
A[21]= -2.627963e+03 pm 5.359229e+03
A[22]= 3.432696e+02 pm 9.879137e+02
A[23]= -1.804926e+01 pm 6.514854e+01
A[24]= -2.711214e-01 pm 1.206007e+00

Best-fitting parameters
A[0]= 1.093311e+00
A[1]= 1.259956e+00
A[2]= 3.685423e-01
A[3]= 4.741889e+00
A[4]= 6.294325e+02
A[5]= -1.678003e+03
A[6]= 1.011447e+03
A[7]= -2.609682e+01
A[8]= 5.016486e-02
A[9]= -3.629339e+03
A[10]= 8.620228e+02
A[11]= -1.065781e+02
A[12]= 3.200280e+01
A[13]= -6.992768e-01
A[14]= 6.433267e+00
A[15]= -4.125114e+03
A[16]= 1.488576e+03
A[17]= 3.877949e+02
A[18]= -3.391378e+01
A[19]= 1.998426e-01
A[20]= 1.204856e+03
A[21]= -1.834679e+03
A[22]= 2.819146e+02
A[23]= 6.586775e+00
A[24]= -6.653046e-01
chi2_min= 1.095704e+02


Cross-Covariance parameters
1.000000e+00	-4.955637e-01	-8.874108e-02	5.680198e-02	1.928086e-02	-1.280420e-02	1.704807e-03	9.105738e-03	9.596479e-03	1.177427e-02	5.106126e-03	-3.701590e-02	-4.817591e-03	4.393992e-02	4.705459e-02	3.429948e-02	-3.091866e-02	2.248932e-02	3.274435e-02	-1.145454e-02	-2.335901e-02	3.961104e-02	-7.185362e-02	4.767764e-02	-1.748162e-02	
-4.955637e-01	1.000000e+00	1.874888e-01	-2.251336e-01	-1.200809e-03	2.696102e-03	-1.561328e-02	1.611622e-01	-1.507726e-01	2.071640e-02	-2.811301e-02	4.268795e-02	-7.606000e-02	1.295375e-02	-2.201435e-01	-4.380086e-02	4.795487e-02	-6.123014e-02	1.177787e-01	-1.056247e-01	1.166478e-02	-1.967536e-02	3.789060e-02	-8.825670e-02	5.353707e-02	
-8.874108e-02	1.874888e-01	1.000000e+00	-7.515118e-01	1.379581e-01	-1.515433e-01	1.619124e-01	1.602581e-01	-1.854186e-01	-2.738966e-01	3.410184e-01	-4.109482e-01	-3.561423e-01	2.935508e-01	-6.934767e-01	-2.181205e-02	2.355413e-02	-1.859456e-02	9.481121e-04	-1.939532e-02	-2.362443e-01	2.997613e-01	-3.635788e-01	-4.479687e-01	4.183418e-01	
5.680198e-02	-2.251336e-01	-7.515118e-01	1.000000e+00	-5.090947e-01	5.632680e-01	-5.960439e-01	-4.133610e-01	4.328505e-01	1.736603e-01	-2.217050e-01	2.780385e-01	2.225837e-01	-1.341247e-01	5.772707e-01	4.185824e-02	-4.561069e-02	4.426500e-02	-3.837514e-04	1.002520e-02	2.055376e-01	-2.590096e-01	3.125345e-01	3.615053e-01	-3.348154e-01	
1.928086e-02	-1.200809e-03	1.379581e-01	-5.090947e-01	1.000000e+00	-9.885274e-01	9.554105e-01	-1.899136e-01	1.141524e-01	-4.615786e-02	4.431275e-02	-4.601238e-02	9.900591e-02	-5.810623e-02	-1.060196e-01	-1.759870e-02	1.832304e-02	-1.705274e-02	2.133183e-03	-1.289598e-03	-4.513773e-02	5.744417e-02	-7.019512e-02	-6.661019e-02	6.164711e-02	
-1.280420e-02	2.696102e-03	-1.515433e-01	5.632680e-01	-9.885274e-01	1.000000e+00	-9.881969e-01	1.260971e-01	-6.204747e-02	5.124715e-02	-4.871416e-02	4.979420e-02	-1.109460e-01	7.581572e-02	1.166907e-01	1.644659e-02	-1.704292e-02	1.543441e-02	5.299809e-04	-5.921553e-04	4.900665e-02	-6.239408e-02	7.628999e-02	7.280860e-02	-6.714869e-02	
1.704807e-03	-1.561328e-02	1.619124e-01	-5.960439e-01	9.554105e-01	-9.881969e-01	1.000000e+00	-9.068188e-02	4.458041e-02	-5.914395e-02	5.597882e-02	-5.574360e-02	1.172239e-01	-7.986139e-02	-1.220473e-01	-1.583537e-02	1.621774e-02	-1.394402e-02	-5.981048e-03	4.662614e-03	-5.222079e-02	6.652436e-02	-8.137917e-02	-7.753127e-02	7.148821e-02	
9.105738e-03	1.611622e-01	1.602581e-01	-4.133610e-01	-1.899136e-01	1.260971e-01	-9.068188e-02	1.000000e+00	-9.733936e-01	1.563681e-01	-1.452659e-01	1.173180e-01	-9.380221e-02	-1.050710e-01	-1.650335e-01	1.526815e-02	-1.438953e-02	1.113390e-02	2.761765e-02	-2.797845e-02	-4.053698e-02	5.158881e-02	-6.297499e-02	-7.327383e-02	6.357522e-02	
9.596479e-03	-1.507726e-01	-1.854186e-01	4.328505e-01	1.141524e-01	-6.204747e-02	4.458041e-02	-9.733936e-01	1.000000e+00	-1.593437e-01	1.471981e-01	-1.170234e-01	1.127610e-01	1.039778e-01	1.790138e-01	-1.273289e-02	1.157451e-02	-8.875405e-03	-2.091404e-02	2.259452e-02	5.012891e-02	-6.253888e-02	7.489256e-02	8.587332e-02	-7.564270e-02	
1.177427e-02	2.071640e-02	-2.738966e-01	1.736603e-01	-4.615786e-02	5.124715e-02	-5.914395e-02	1.563681e-01	-1.593437e-01	1.000000e+00	-9.900666e-01	9.547141e-01	-6.535603e-01	5.810771e-01	1.938291e-01	1.100303e-02	-1.083193e-02	6.910919e-03	1.800545e-02	-1.115651e-02	7.929721e-02	-9.879720e-02	1.180199e-01	1.329646e-01	-1.292086e-01	
5.106126e-03	-2.811301e-02	3.410184e-01	-2.217050e-01	4.431275e-02	-4.871416e-02	5.597882e-02	-1.452659e-01	1.471981e-01	-9.900666e-01	1.000000e+00	-9.864617e-01	6.332189e-01	-5.725288e-01	-2.423800e-01	-1.312959e-02	1.307519e-02	-8.682559e-03	-1.941288e-02	1.154607e-02	-9.892490e-02	1.234906e-01	-1.482594e-01	-1.641853e-01	1.589450e-01	
-3.701590e-02	4.268795e-02	-4.109482e-01	2.780385e-01	-4.601238e-02	4.979420e-02	-5.574360e-02	1.173180e-01	-1.170234e-01	9.547141e-01	-9.864617e-01	1.000000e+00	-5.998813e-01	5.596249e-01	2.934244e-01	1.503022e-02	-1.517768e-02	1.042636e-02	2.023290e-02	-1.170273e-02	1.198056e-01	-1.500618e-01	1.812550e-01	1.969348e-01	-1.904235e-01	
-4.817591e-03	-7.606000e-02	-3.561423e-01	2.225837e-01	9.900591e-02	-1.109460e-01	1.172239e-01	-9.380221e-02	1.127610e-01	-6.535603e-01	6.332189e-01	-5.998813e-01	1.000000e+00	-9.578396e-01	2.511348e-01	2.399213e-02	-2.728377e-02	2.819687e-02	6.908497e-03	-1.912285e-03	9.505224e-02	-1.206440e-01	1.469989e-01	1.671395e-01	-1.564522e-01	
4.393992e-02	1.295375e-02	2.935508e-01	-1.341247e-01	-5.810623e-02	7.581572e-02	-7.986139e-02	-1.050710e-01	1.039778e-01	5.810771e-01	-5.725288e-01	5.596249e-01	-9.578396e-01	1.000000e+00	-1.970083e-01	-2.227771e-02	2.513864e-02	-2.556768e-02	-1.298114e-02	8.244442e-03	-8.320249e-02	1.055413e-01	-1.292592e-01	-1.354851e-01	1.291907e-01	
4.705459e-02	-2.201435e-01	-6.934767e-01	5.772707e-01	-1.060196e-01	1.166907e-01	-1.220473e-01	-1.650335e-01	1.790138e-01	1.938291e-01	-2.423800e-01	2.934244e-01	2.511348e-01	-1.970083e-01	1.000000e+00	-4.158588e-01	4.676506e-01	-5.015541e-01	-3.455253e-01	3.554211e-01	9.008137e-02	-1.282674e-01	1.739963e-01	2.626413e-01	-2.258572e-01	
3.429948e-02	-4.380086e-02	-2.181205e-02	4.185824e-02	-1.759870e-02	1.644659e-02	-1.583537e-02	1.526815e-02	-1.273289e-02	1.100303e-02	-1.312959e-02	1.503022e-02	2.399213e-02	-2.227771e-02	-4.158588e-01	1.000000e+00	-9.882733e-01	9.545457e-01	-2.056944e-01	1.482848e-01	1.204484e-01	-1.342594e-01	1.418220e-01	6.900088e-02	-3.995648e-02	
-3.091866e-02	4.795487e-02	2.355413e-02	-4.561069e-02	1.832304e-02	-1.704292e-02	1.621774e-02	-1.438953e-02	1.157451e-02	-1.083193e-02	1.307519e-02	-1.517768e-02	-2.728377e-02	2.513864e-02	4.676506e-01	-9.882733e-01	1.000000e+00	-9.878817e-01	1.392934e-01	-9.197902e-02	-1.273720e-01	1.427333e-01	-1.512346e-01	-8.381553e-02	5.659346e-02	
2.248932e-02	-6.123014e-02	-1.859456e-02	4.426500e-02	-1.705274e-02	1.543441e-02	-1.394402e-02	1.113390e-02	-8.875405e-03	6.910919e-03	-8.682559e-03	1.042636e-02	2.819687e-02	-2.556768e-02	-5.015541e-01	9.545457e-01	-9.878817e-01	1.000000e+00	-1.053857e-01	7.348644e-02	1.257266e-01	-1.421469e-01	1.519296e-01	8.893990e-02	-5.979764e-02	
3.274435e-02	1.177787e-01	9.481121e-04	-3.837514e-04	2.133183e-03	5.299809e-04	-5.981048e-03	2.761765e-02	-2.091404e-02	1.800545e-02	-1.941288e-02	2.023290e-02	6.908497e-03	-1.298114e-02	-3.455253e-01	-2.056944e-01	1.392934e-01	-1.053857e-01	1.000000e+00	-9.800616e-01	8.509550e-02	-8.962236e-02	8.349103e-02	1.000172e-01	-1.787072e-01	
-1.145454e-02	-1.056247e-01	-1.939532e-02	1.002520e-02	-1.289598e-03	-5.921553e-04	4.662614e-03	-2.797845e-02	2.259452e-02	-1.115651e-02	1.154607e-02	-1.170273e-02	-1.912285e-03	8.244442e-03	3.554211e-01	1.482848e-01	-9.197902e-02	7.348644e-02	-9.800616e-01	1.000000e+00	-9.160069e-02	9.425326e-02	-8.501487e-02	-8.909991e-02	1.788809e-01	
-2.335901e-02	1.166478e-02	-2.362443e-01	2.055376e-01	-4.513773e-02	4.900665e-02	-5.222079e-02	-4.053698e-02	5.012891e-02	7.929721e-02	-9.892490e-02	1.198056e-01	9.505224e-02	-8.320249e-02	9.008137e-02	1.204484e-01	-1.273720e-01	1.257266e-01	8.509550e-02	-9.160069e-02	1.000000e+00	-9.903591e-01	9.560502e-01	-6.142529e-01	5.615802e-01	
3.961104e-02	-1.967536e-02	2.997613e-01	-2.590096e-01	5.744417e-02	-6.239408e-02	6.652436e-02	5.158881e-02	-6.253888e-02	-9.879720e-02	1.234906e-01	-1.500618e-01	-1.206440e-01	1.055413e-01	-1.282674e-01	-1.342594e-01	1.427333e-01	-1.421469e-01	-8.962236e-02	9.425326e-02	-9.903591e-01	1.000000e+00	-9.868576e-01	5.925535e-01	-5.492751e-01	
-7.185362e-02	3.789060e-02	-3.635788e-01	3.125345e-01	-7.019512e-02	7.628999e-02	-8.137917e-02	-6.297499e-02	7.489256e-02	1.180199e-01	-1.482594e-01	1.812550e-01	1.469989e-01	-1.292592e-01	1.739963e-01	1.418220e-01	-1.512346e-01	1.519296e-01	8.349103e-02	-8.501487e-02	9.560502e-01	-9.868576e-01	1.000000e+00	-5.611136e-01	5.332554e-01	
4.767764e-02	-8.825670e-02	-4.479687e-01	3.615053e-01	-6.661019e-02	7.280860e-02	-7.753127e-02	-7.327383e-02	8.587332e-02	1.329646e-01	-1.641853e-01	1.969348e-01	1.671395e-01	-1.354851e-01	2.626413e-01	6.900088e-02	-8.381553e-02	8.893990e-02	1.000172e-01	-8.909991e-02	-6.142529e-01	5.925535e-01	-5.611136e-01	1.000000e+00	-9.795608e-01	
-1.748162e-02	5.353707e-02	4.183418e-01	-3.348154e-01	6.164711e-02	-6.714869e-02	7.148821e-02	6.357522e-02	-7.564270e-02	-1.292086e-01	1.589450e-01	-1.904235e-01	-1.564522e-01	1.291907e-01	-2.258572e-01	-3.995648e-02	5.659346e-02	-5.979764e-02	-1.787072e-01	1.788809e-01	5.615802e-01	-5.492751e-01	5.332554e-01	-9.795608e-01	1.000000e+00	

Time taken for mcmc chain: 37.416667 minutes
