Number of steps: 6302016
Number of accepted steps: 1000000
Burn-in number of steps: 320000
Accepted fraction of steps: 0.158679
Convergence Status
R[0]= 1.004688	R[1]= 1.023254	R[2]= 1.131880	R[3]= 1.037918	R[4]= 1.003845	R[5]= 1.004742	R[6]= 1.005619	R[7]= 1.000472	R[8]= 1.000070	R[9]= 1.015286	R[10]= 1.024028	R[11]= 1.036262	R[12]= 1.004971	R[13]= 1.010923	R[14]= 1.068987	R[15]= 1.029196	R[16]= 1.034794	R[17]= 1.038671	R[18]= 1.000826	R[19]= 1.002004	R[20]= 1.018017	R[21]= 1.026901	R[22]= 1.037351	R[23]= 1.002162	R[24]= 1.007570	
<R>= 1.022818

Mean parameters
A[0]= 9.070619e-01 pm 3.307632e-02
A[1]= 1.017109e+00 pm 3.202157e-02
A[2]= 9.279056e-01 pm 7.282748e-01
A[3]= 2.444176e+00 pm 1.068120e+00
A[4]= -2.026208e+03 pm 3.671425e+03
A[5]= 7.409704e+02 pm 2.403408e+03
A[6]= 2.431504e+02 pm 5.587348e+02
A[7]= 1.221233e+01 pm 1.244410e+01
A[8]= -2.466705e-01 pm 1.752432e-01
A[9]= -5.384218e+03 pm 8.189955e+03
A[10]= 2.832704e+03 pm 5.031185e+03
A[11]= -7.466255e+02 pm 1.090548e+03
A[12]= 2.172754e+01 pm 4.594247e+01
A[13]= -5.339903e-01 pm 9.094835e-01
A[14]= 3.827381e+00 pm 1.515579e+00
A[15]= -8.426849e+03 pm 5.078014e+03
A[16]= 5.738711e+03 pm 3.345051e+03
A[17]= -1.001226e+03 pm 7.793343e+02
A[18]= 1.052687e+01 pm 1.876361e+01
A[19]= 1.043998e-02 pm 2.663929e-01
A[20]= -1.271819e+03 pm 1.170980e+04
A[21]= 9.729108e+02 pm 7.267032e+03
A[22]= -6.744688e+02 pm 1.590646e+03
A[23]= -3.010325e+01 pm 6.637304e+01
A[24]= 3.778253e-01 pm 1.341693e+00

Best-fitting parameters
A[0]= 9.033333e-01
A[1]= 1.018277e+00
A[2]= 7.759105e-01
A[3]= 2.185475e+00
A[4]= -6.794534e+02
A[5]= -5.153800e+01
A[6]= 4.065298e+02
A[7]= 1.528720e+01
A[8]= -3.510298e-01
A[9]= -4.255548e+03
A[10]= 1.870365e+03
A[11]= -4.961019e+02
A[12]= 1.540051e+01
A[13]= -5.542803e-01
A[14]= 4.055563e+00
A[15]= -1.053065e+04
A[16]= 6.971220e+03
A[17]= -1.237167e+03
A[18]= 9.732853e+00
A[19]= 9.571867e-02
A[20]= -4.955174e+03
A[21]= 3.051137e+03
A[22]= -1.056776e+03
A[23]= -7.398768e+00
A[24]= 3.286107e-03
chi2_min= 9.684937e+01


Cross-Covariance parameters
1.000000e+00	-4.994639e-01	-1.376329e-01	1.542377e-01	-4.421191e-02	5.419027e-02	-6.780079e-02	6.748459e-02	-1.646458e-02	7.238876e-03	4.895746e-03	-3.233431e-02	9.950335e-02	-6.475737e-02	7.410108e-02	1.093306e-01	-1.134708e-01	1.081615e-01	5.476951e-02	-7.285083e-02	4.883387e-02	-4.483956e-02	2.210755e-02	1.506581e-01	-1.328214e-01	
-4.994639e-01	1.000000e+00	3.024846e-01	-2.899019e-01	2.283498e-02	-2.314325e-02	1.560018e-02	1.033039e-01	-1.195495e-01	-4.826139e-02	6.126775e-02	-6.826177e-02	-1.004415e-01	6.918947e-02	-3.186413e-01	-1.161347e-02	1.133722e-02	-1.740846e-02	1.540610e-01	-1.430858e-01	-6.133096e-02	7.522469e-02	-7.985405e-02	-1.246493e-01	1.118846e-01	
-1.376329e-01	3.024846e-01	1.000000e+00	-7.406092e-01	6.013994e-03	-5.114137e-03	9.776352e-03	-2.184004e-02	-3.877669e-03	-4.438583e-01	5.627693e-01	-6.882240e-01	-1.531777e-01	2.958783e-01	-7.667076e-01	8.234840e-03	-7.961050e-04	-5.799269e-04	-1.035800e-01	1.005709e-01	-4.468347e-01	5.587458e-01	-6.798805e-01	-2.396254e-01	3.927560e-01	
1.542377e-01	-2.899019e-01	-7.406092e-01	1.000000e+00	-4.893748e-01	5.416639e-01	-5.805688e-01	9.504755e-02	1.680706e-01	2.724342e-01	-3.406058e-01	4.167122e-01	5.636638e-02	-1.157935e-01	5.907257e-01	4.896802e-02	-5.936410e-02	6.375375e-02	5.688681e-02	-7.362930e-02	3.734332e-01	-4.636428e-01	5.584131e-01	1.916689e-01	-3.131905e-01	
-4.421191e-02	2.283498e-02	6.013994e-03	-4.893748e-01	1.000000e+00	-9.842976e-01	9.414435e-01	-6.050513e-01	2.090958e-01	6.775811e-02	-1.114687e-01	1.551446e-01	1.137398e-01	-1.177955e-01	1.711808e-02	-3.752569e-02	4.019973e-02	-4.177522e-02	2.680977e-03	8.563136e-03	-2.581327e-02	2.568527e-02	-2.268569e-02	2.068321e-03	1.335620e-03	
5.419027e-02	-2.314325e-02	-5.114137e-03	5.416639e-01	-9.842976e-01	1.000000e+00	-9.857327e-01	5.435146e-01	-1.345330e-01	-7.826338e-02	1.261625e-01	-1.739851e-01	-1.281712e-01	1.464989e-01	-1.818655e-02	4.009216e-02	-4.289522e-02	4.453456e-02	-1.535194e-03	-9.843155e-03	3.009617e-02	-2.993433e-02	2.636284e-02	-5.431989e-03	1.726232e-03	
-6.780079e-02	1.560018e-02	9.776352e-03	-5.805688e-01	9.414435e-01	-9.857327e-01	1.000000e+00	-4.731211e-01	6.659690e-02	8.842844e-02	-1.378040e-01	1.867907e-01	1.289110e-01	-1.575146e-01	1.642149e-02	-4.375479e-02	4.692717e-02	-4.854410e-02	-3.354419e-03	1.523542e-02	-3.746973e-02	3.817725e-02	-3.504727e-02	6.158617e-03	-5.858128e-04	
6.748459e-02	1.033039e-01	-2.184004e-02	9.504755e-02	-6.050513e-01	5.435146e-01	-4.731211e-01	1.000000e+00	-8.865099e-01	1.073454e-01	-8.594565e-02	5.248416e-02	-5.869177e-02	-1.013595e-01	-1.482317e-02	3.153993e-02	-3.209838e-02	2.931133e-02	5.693356e-02	-6.325463e-02	2.905077e-02	-3.154866e-02	3.293055e-02	2.401732e-02	-3.702548e-02	
-1.646458e-02	-1.195495e-01	-3.877669e-03	1.680706e-01	2.090958e-01	-1.345330e-01	6.659690e-02	-8.865099e-01	1.000000e+00	-1.536593e-01	1.486583e-01	-1.286021e-01	1.595915e-02	1.920550e-01	1.963867e-02	-9.983153e-03	8.350101e-03	-4.542173e-03	-4.979445e-02	5.020905e-02	-5.408088e-03	5.730381e-03	-6.430069e-03	-1.691139e-02	2.559824e-02	
7.238876e-03	-4.826139e-02	-4.438583e-01	2.724342e-01	6.775811e-02	-7.826338e-02	8.842844e-02	1.073454e-01	-1.536593e-01	1.000000e+00	-9.812314e-01	9.120330e-01	-6.831536e-01	4.721484e-01	3.473455e-01	3.883953e-03	-6.793528e-03	7.372233e-03	6.155443e-02	-6.034630e-02	2.035154e-01	-2.585104e-01	3.197171e-01	1.284929e-01	-2.046080e-01	
4.895746e-03	6.126775e-02	5.627693e-01	-3.406058e-01	-1.114687e-01	1.261625e-01	-1.378040e-01	-8.594565e-02	1.486583e-01	-9.812314e-01	1.000000e+00	-9.733072e-01	6.077794e-01	-3.892728e-01	-4.422828e-01	-3.919928e-03	7.779634e-03	-8.302345e-03	-7.601759e-02	7.571550e-02	-2.590635e-01	3.294073e-01	-4.081760e-01	-1.573737e-01	2.539041e-01	
-3.233431e-02	-6.826177e-02	-6.882240e-01	4.167122e-01	1.551446e-01	-1.739851e-01	1.867907e-01	5.248416e-02	-1.286021e-01	9.120330e-01	-9.733072e-01	1.000000e+00	-4.755490e-01	2.593567e-01	5.435990e-01	1.830268e-03	-6.818356e-03	7.444192e-03	8.978524e-02	-9.015337e-02	3.183998e-01	-4.053530e-01	5.032916e-01	1.850827e-01	-3.039216e-01	
9.950335e-02	-1.004415e-01	-1.531777e-01	5.636638e-02	1.137398e-01	-1.281712e-01	1.289110e-01	-5.869177e-02	1.595915e-02	-6.831536e-01	6.077794e-01	-4.755490e-01	1.000000e+00	-9.449072e-01	1.279449e-01	5.319729e-03	-9.201394e-03	1.009816e-02	1.162203e-02	-1.585719e-02	8.205138e-02	-9.789033e-02	1.132058e-01	3.467752e-02	-5.890631e-02	
-6.475737e-02	6.918947e-02	2.958783e-01	-1.157935e-01	-1.177955e-01	1.464989e-01	-1.575146e-01	-1.013595e-01	1.920550e-01	4.721484e-01	-3.892728e-01	2.593567e-01	-9.449072e-01	1.000000e+00	-2.376187e-01	-5.692451e-03	1.051895e-02	-1.119123e-02	-3.704606e-02	4.162570e-02	-1.530898e-01	1.880514e-01	-2.253078e-01	-7.008045e-02	1.229727e-01	
7.410108e-02	-3.186413e-01	-7.667076e-01	5.907257e-01	1.711808e-02	-1.818655e-02	1.642149e-02	-1.482317e-02	1.963867e-02	3.473455e-01	-4.422828e-01	5.435990e-01	1.279449e-01	-2.376187e-01	1.000000e+00	-4.304476e-01	4.742555e-01	-5.078013e-01	3.260440e-02	1.634534e-01	2.548355e-01	-3.290341e-01	4.150553e-01	1.339962e-01	-2.107900e-01	
1.093306e-01	-1.161347e-02	8.234840e-03	4.896802e-02	-3.752569e-02	4.009216e-02	-4.375479e-02	3.153993e-02	-9.983153e-03	3.883953e-03	-3.919928e-03	1.830268e-03	5.319729e-03	-5.692451e-03	-4.304476e-01	1.000000e+00	-9.845981e-01	9.426607e-01	-4.795549e-01	1.169556e-01	1.793089e-01	-2.133853e-01	2.389595e-01	8.909749e-02	-1.264031e-01	
-1.134708e-01	1.133722e-02	-7.961050e-04	-5.936410e-02	4.019973e-02	-4.289522e-02	4.692717e-02	-3.209838e-02	8.350101e-03	-6.793528e-03	7.779634e-03	-6.818356e-03	-9.201394e-03	1.051895e-02	4.742555e-01	-9.845981e-01	1.000000e+00	-9.860106e-01	4.037890e-01	-3.080502e-02	-1.963803e-01	2.351721e-01	-2.652051e-01	-1.095607e-01	1.584050e-01	
1.081615e-01	-1.740846e-02	-5.799269e-04	6.375375e-02	-4.177522e-02	4.453456e-02	-4.854410e-02	2.931133e-02	-4.542173e-03	7.372233e-03	-8.302345e-03	7.444192e-03	1.009816e-02	-1.119123e-02	-5.078013e-01	9.426607e-01	-9.860106e-01	1.000000e+00	-3.238519e-01	-4.652054e-02	2.046465e-01	-2.463224e-01	2.792688e-01	1.213646e-01	-1.776969e-01	
5.476951e-02	1.540610e-01	-1.035800e-01	5.688681e-02	2.680977e-03	-1.535194e-03	-3.354419e-03	5.693356e-02	-4.979445e-02	6.155443e-02	-7.601759e-02	8.978524e-02	1.162203e-02	-3.704606e-02	3.260440e-02	-4.795549e-01	4.037890e-01	-3.238519e-01	1.000000e+00	-9.129164e-01	7.720615e-02	-8.145609e-02	8.481333e-02	7.638842e-02	-1.726960e-01	
-7.285083e-02	-1.430858e-01	1.005709e-01	-7.362930e-02	8.563136e-03	-9.843155e-03	1.523542e-02	-6.325463e-02	5.020905e-02	-6.034630e-02	7.571550e-02	-9.015337e-02	-1.585719e-02	4.162570e-02	1.634534e-01	1.169556e-01	-3.080502e-02	-4.652054e-02	-9.129164e-01	1.000000e+00	-1.518598e-01	1.700717e-01	-1.836606e-01	-1.260782e-01	2.562870e-01	
4.883387e-02	-6.133096e-02	-4.468347e-01	3.734332e-01	-2.581327e-02	3.009617e-02	-3.746973e-02	2.905077e-02	-5.408088e-03	2.035154e-01	-2.590635e-01	3.183998e-01	8.205138e-02	-1.530898e-01	2.548355e-01	1.793089e-01	-1.963803e-01	2.046465e-01	7.720615e-02	-1.518598e-01	1.000000e+00	-9.825950e-01	9.175810e-01	-5.901120e-01	3.808445e-01	
-4.483956e-02	7.522469e-02	5.587458e-01	-4.636428e-01	2.568527e-02	-2.993433e-02	3.817725e-02	-3.154866e-02	5.730381e-03	-2.585104e-01	3.294073e-01	-4.053530e-01	-9.789033e-02	1.880514e-01	-3.290341e-01	-2.133853e-01	2.351721e-01	-2.463224e-01	-8.145609e-02	1.700717e-01	-9.825950e-01	1.000000e+00	-9.747653e-01	5.020604e-01	-2.836136e-01	
2.210755e-02	-7.985405e-02	-6.798805e-01	5.584131e-01	-2.268569e-02	2.636284e-02	-3.504727e-02	3.293055e-02	-6.430069e-03	3.197171e-01	-4.081760e-01	5.032916e-01	1.132058e-01	-2.253078e-01	4.150553e-01	2.389595e-01	-2.652051e-01	2.792688e-01	8.481333e-02	-1.836606e-01	9.175810e-01	-9.747653e-01	1.000000e+00	-3.597293e-01	1.398058e-01	
1.506581e-01	-1.246493e-01	-2.396254e-01	1.916689e-01	2.068321e-03	-5.431989e-03	6.158617e-03	2.401732e-02	-1.691139e-02	1.284929e-01	-1.573737e-01	1.850827e-01	3.467752e-02	-7.008045e-02	1.339962e-01	8.909749e-02	-1.095607e-01	1.213646e-01	7.638842e-02	-1.260782e-01	-5.901120e-01	5.020604e-01	-3.597293e-01	1.000000e+00	-9.597020e-01	
-1.328214e-01	1.118846e-01	3.927560e-01	-3.131905e-01	1.335620e-03	1.726232e-03	-5.858128e-04	-3.702548e-02	2.559824e-02	-2.046080e-01	2.539041e-01	-3.039216e-01	-5.890631e-02	1.229727e-01	-2.107900e-01	-1.264031e-01	1.584050e-01	-1.776969e-01	-1.726960e-01	2.562870e-01	3.808445e-01	-2.836136e-01	1.398058e-01	-9.597020e-01	1.000000e+00	

Time taken for mcmc chain: 1.147778 hours
