Number of steps: 1034580
Number of accepted steps: 1000000
Burn-in number of steps: 320000
Accepted fraction of steps: 0.966576
Convergence Status
R[0]= 1.047423	R[1]= 1.003944	R[2]= 1.013574	R[3]= 1.016097	R[4]= 1.221294	R[5]= 1.205472	R[6]= 1.150397	R[7]= 1.140867	R[8]= 1.127651	R[9]= 1.009933	R[10]= 1.018203	R[11]= 1.025203	R[12]= 1.047319	R[13]= 1.074630	R[14]= 1.244016	R[15]= 1.111526	R[16]= 1.149828	R[17]= 1.215097	R[18]= 1.183023	R[19]= 1.188001	R[20]= 1.254903	R[21]= 1.230660	R[22]= 1.204885	R[23]= 1.143196	R[24]= 1.122084	
<R>= 1.125969

Mean parameters
A[0]= 8.634755e-01 pm 5.912775e-02
A[1]= 1.017836e+00 pm 2.992927e-02
A[2]= 5.083289e-01 pm 2.119495e-01
A[3]= 5.306209e-01 pm 2.412832e-01
A[4]= 1.324659e+04 pm 2.510459e+03
A[5]= -9.316880e+03 pm 1.392259e+03
A[6]= 2.613848e+03 pm 3.007376e+02
A[7]= -2.327204e+01 pm 1.295243e+01
A[8]= -1.844087e-02 pm 1.666132e-01
A[9]= 1.790717e+04 pm 6.813706e+03
A[10]= -1.187539e+04 pm 3.922160e+03
A[11]= 2.448844e+03 pm 7.457413e+02
A[12]= -9.610065e+01 pm 4.874239e+01
A[13]= 1.552503e+00 pm 9.402950e-01
A[14]= 6.628057e-01 pm 3.208056e-01
A[15]= 1.213855e+04 pm 4.082186e+03
A[16]= -7.925716e+03 pm 2.274996e+03
A[17]= 2.185516e+03 pm 4.784970e+02
A[18]= -4.629783e+00 pm 2.338369e+01
A[19]= -2.038300e-01 pm 3.028321e-01
A[20]= 1.963810e+04 pm 9.988524e+03
A[21]= -1.205375e+04 pm 5.500022e+03
A[22]= 2.139845e+03 pm 9.775910e+02
A[23]= -3.942393e+01 pm 6.069376e+01
A[24]= -2.571278e-01 pm 1.137386e+00

Best-fitting parameters
A[0]= 7.862233e-01
A[1]= 9.834682e-01
A[2]= 1.770817e-01
A[3]= 8.744137e-01
A[4]= 1.396406e+04
A[5]= -9.461053e+03
A[6]= 2.568947e+03
A[7]= -2.378080e+01
A[8]= 4.341844e-03
A[9]= 1.396944e+04
A[10]= -1.007009e+04
A[11]= 2.251305e+03
A[12]= -7.653503e+01
A[13]= 1.207313e+00
A[14]= 9.514631e-01
A[15]= 1.226145e+04
A[16]= -8.077968e+03
A[17]= 2.234631e+03
A[18]= -1.206568e+01
A[19]= -1.352280e-01
A[20]= 3.145648e+04
A[21]= -1.906312e+04
A[22]= 3.480792e+03
A[23]= -1.109042e+02
A[24]= 8.502119e-01
chi2_min= 1.291084e+02


Cross-Covariance parameters
1.000000e+00	3.746552e-02	-2.463075e-01	-2.480434e-01	-2.042761e-01	1.517713e-01	-4.516947e-02	2.602389e-01	-2.387222e-01	1.482636e-01	-1.114998e-01	5.908455e-02	2.394050e-02	-4.787636e-02	-1.011718e-01	-1.388374e-01	1.169922e-01	-7.371416e-02	1.917213e-01	-1.888740e-01	-1.409740e-01	1.464622e-01	-1.635786e-01	2.205829e-01	-2.494016e-01	
3.746552e-02	1.000000e+00	1.890210e-01	2.089087e-01	-1.120747e-01	1.487085e-01	-2.272930e-01	6.698634e-02	1.809810e-02	-1.195839e-01	1.278075e-01	-1.344191e-01	9.642528e-02	-7.768762e-02	-3.911225e-02	-1.245179e-01	1.066557e-01	-9.317095e-02	4.624175e-02	-2.349174e-02	5.351462e-02	-4.485780e-02	2.487281e-02	-2.096933e-02	-3.569925e-03	
-2.463075e-01	1.890210e-01	1.000000e+00	-7.299267e-02	1.444613e-02	2.544334e-02	-7.868272e-02	-1.035376e-01	1.592970e-01	-2.135469e-01	2.391771e-01	-2.849047e-01	1.529477e-01	-1.001198e-01	-2.286831e-01	2.646135e-01	-2.419123e-01	1.823752e-01	-2.358188e-01	2.225687e-01	1.429237e-01	-1.021859e-01	3.159081e-02	-1.026306e-01	1.104212e-01	
-2.480434e-01	2.089087e-01	-7.299267e-02	1.000000e+00	-2.223157e-01	4.004531e-01	-6.750794e-01	2.463632e-01	-6.596465e-02	-8.565834e-02	8.244629e-02	-9.414373e-02	2.063330e-03	-1.315517e-02	2.113962e-01	3.421995e-02	1.434238e-02	-9.084511e-02	2.209843e-02	-4.512553e-02	9.913910e-02	-9.796192e-02	1.078615e-01	-1.501029e-01	1.435492e-01	
-2.042761e-01	-1.120747e-01	1.444613e-02	-2.223157e-01	1.000000e+00	-9.692582e-01	8.069362e-01	-8.412322e-01	6.934230e-01	-1.164364e-01	1.191486e-01	-9.948643e-02	9.442120e-02	6.629024e-03	-8.258658e-02	2.236079e-02	-2.802785e-02	5.276672e-02	-2.078596e-02	2.705761e-02	-4.864904e-02	3.103097e-02	7.824139e-04	-2.558376e-02	6.566748e-02	
1.517713e-01	1.487085e-01	2.544334e-02	4.004531e-01	-9.692582e-01	1.000000e+00	-9.240601e-01	8.920102e-01	-7.257034e-01	1.016364e-01	-1.035782e-01	7.798317e-02	-9.904249e-02	-3.197651e-03	1.036944e-01	2.839884e-02	-8.932850e-03	-3.796946e-02	-1.003557e-02	-3.888758e-03	6.140562e-02	-3.979377e-02	5.811170e-03	4.110832e-03	-4.232943e-02	
-4.516947e-02	-2.272930e-01	-7.868272e-02	-6.750794e-01	8.069362e-01	-9.240601e-01	1.000000e+00	-8.347033e-01	6.526401e-01	-4.309948e-02	4.137385e-02	-7.902632e-03	6.817060e-02	2.158678e-02	-1.361402e-01	-7.717685e-02	3.916027e-02	3.502667e-02	3.460852e-02	-1.494646e-02	-8.728270e-02	6.377842e-02	-3.211240e-02	4.780848e-02	-1.604173e-02	
2.602389e-01	6.698634e-02	-1.035376e-01	2.463632e-01	-8.412322e-01	8.920102e-01	-8.347033e-01	1.000000e+00	-9.413559e-01	1.771477e-01	-1.824328e-01	1.583301e-01	-1.351195e-01	-8.744680e-03	8.615353e-02	2.942742e-02	-1.885870e-02	-9.632747e-03	-2.107648e-02	1.157417e-02	2.428223e-02	-6.440109e-03	-1.968060e-02	3.971826e-02	-7.802776e-02	
-2.387222e-01	1.809810e-02	1.592970e-01	-6.596465e-02	6.934230e-01	-7.257034e-01	6.526401e-01	-9.413559e-01	1.000000e+00	-1.983483e-01	2.073822e-01	-1.926332e-01	1.407588e-01	2.260481e-02	-6.899355e-02	-6.643571e-03	4.715205e-03	2.384428e-03	1.984361e-02	-2.148922e-02	-4.292002e-02	2.922960e-02	-9.302038e-03	-1.541808e-02	4.906918e-02	
1.482636e-01	-1.195839e-01	-2.135469e-01	-8.565834e-02	-1.164364e-01	1.016364e-01	-4.309948e-02	1.771477e-01	-1.983483e-01	1.000000e+00	-9.876663e-01	9.435260e-01	-8.757860e-01	7.884742e-01	-3.102264e-02	-8.820899e-02	7.476897e-02	-3.861078e-02	8.891954e-02	-8.547684e-02	-1.911938e-02	2.916528e-02	-2.325042e-02	3.756193e-02	-4.361386e-02	
-1.114998e-01	1.278075e-01	2.391771e-01	8.244629e-02	1.191486e-01	-1.035782e-01	4.137385e-02	-1.824328e-01	2.073822e-01	-9.876663e-01	1.000000e+00	-9.826881e-01	9.302749e-01	-8.504662e-01	2.967461e-02	9.445222e-02	-7.604549e-02	3.422632e-02	-8.595698e-02	8.682174e-02	2.352763e-03	-1.008185e-02	9.877563e-04	-1.937354e-02	2.621604e-02	
5.908455e-02	-1.344191e-01	-2.849047e-01	-9.414373e-02	-9.948643e-02	7.798317e-02	-7.902632e-03	1.583301e-01	-1.926332e-01	9.435260e-01	-9.826881e-01	1.000000e+00	-9.659436e-01	9.009274e-01	-2.602105e-02	-1.101720e-01	8.326559e-02	-3.014584e-02	8.045564e-02	-8.303875e-02	1.047716e-02	-6.797999e-03	2.165991e-02	2.828522e-03	-7.600310e-03	
2.394050e-02	9.642528e-02	1.529477e-01	2.063330e-03	9.442120e-02	-9.904249e-02	6.817060e-02	-1.351195e-01	1.407588e-01	-8.757860e-01	9.302749e-01	-9.659436e-01	1.000000e+00	-9.710750e-01	4.301075e-02	6.616233e-02	-4.195353e-02	-1.437764e-03	-2.834914e-02	3.692093e-02	-4.702764e-02	3.417667e-02	-3.711501e-02	2.295116e-02	-2.203933e-02	
-4.787636e-02	-7.768762e-02	-1.001198e-01	-1.315517e-02	6.629024e-03	-3.197651e-03	2.158678e-02	-8.744680e-03	2.260481e-02	7.884742e-01	-8.504662e-01	9.009274e-01	-9.710750e-01	1.000000e+00	-8.929869e-02	-3.630909e-02	5.089540e-03	4.598430e-02	-1.569999e-02	3.260066e-03	5.650385e-02	-4.066142e-02	4.096706e-02	-2.566716e-02	3.196579e-02	
-1.011718e-01	-3.911225e-02	-2.286831e-01	2.113962e-01	-8.258658e-02	1.036944e-01	-1.361402e-01	8.615353e-02	-6.899355e-02	-3.102264e-02	2.967461e-02	-2.602105e-02	4.301075e-02	-8.929869e-02	1.000000e+00	-2.970775e-01	4.480505e-01	-6.677982e-01	3.304460e-01	-2.057642e-01	-1.732275e-01	1.934825e-01	-2.182114e-01	1.175222e-01	-9.054308e-02	
-1.388374e-01	-1.245179e-01	2.646135e-01	3.421995e-02	2.236079e-02	2.839884e-02	-7.717685e-02	2.942742e-02	-6.643571e-03	-8.820899e-02	9.445222e-02	-1.101720e-01	6.616233e-02	-3.630909e-02	-2.970775e-01	1.000000e+00	-9.777927e-01	8.597406e-01	-8.701895e-01	7.669485e-01	1.833349e-01	-1.629627e-01	1.371708e-01	-1.106083e-01	1.417361e-01	
1.169922e-01	1.066557e-01	-2.419123e-01	1.434238e-02	-2.802785e-02	-8.932850e-03	3.916027e-02	-1.885870e-02	4.715205e-03	7.476897e-02	-7.604549e-02	8.326559e-02	-4.195353e-02	5.089540e-03	4.480505e-01	-9.777927e-01	1.000000e+00	-9.459765e-01	9.161791e-01	-8.070112e-01	-1.996236e-01	1.896040e-01	-1.777021e-01	1.363929e-01	-1.706776e-01	
-7.371416e-02	-9.317095e-02	1.823752e-01	-9.084511e-02	5.276672e-02	-3.796946e-02	3.502667e-02	-9.632747e-03	2.384428e-03	-3.861078e-02	3.422632e-02	-3.014584e-02	-1.437764e-03	4.598430e-02	-6.677982e-01	8.597406e-01	-9.459765e-01	1.000000e+00	-8.953934e-01	7.850526e-01	2.071670e-01	-2.133785e-01	2.250746e-01	-1.629107e-01	1.988576e-01	
1.917213e-01	4.624175e-02	-2.358188e-01	2.209843e-02	-2.078596e-02	-1.003557e-02	3.460852e-02	-2.107648e-02	1.984361e-02	8.891954e-02	-8.595698e-02	8.045564e-02	-2.834914e-02	-1.569999e-02	3.304460e-01	-8.701895e-01	9.161791e-01	-8.953934e-01	1.000000e+00	-9.673787e-01	-1.561366e-01	1.525317e-01	-1.535797e-01	1.600433e-01	-2.466234e-01	
-1.888740e-01	-2.349174e-02	2.225687e-01	-4.512553e-02	2.705761e-02	-3.888758e-03	-1.494646e-02	1.157417e-02	-2.148922e-02	-8.547684e-02	8.682174e-02	-8.303875e-02	3.692093e-02	3.260066e-03	-2.057642e-01	7.669485e-01	-8.070112e-01	7.850526e-01	-9.673787e-01	1.000000e+00	9.950625e-02	-9.667645e-02	9.995579e-02	-1.366260e-01	2.524247e-01	
-1.409740e-01	5.351462e-02	1.429237e-01	9.913910e-02	-4.864904e-02	6.140562e-02	-8.728270e-02	2.428223e-02	-4.292002e-02	-1.911938e-02	2.352763e-03	1.047716e-02	-4.702764e-02	5.650385e-02	-1.732275e-01	1.833349e-01	-1.996236e-01	2.071670e-01	-1.561366e-01	9.950625e-02	1.000000e+00	-9.904153e-01	9.501884e-01	-8.757223e-01	7.591338e-01	
1.464622e-01	-4.485780e-02	-1.021859e-01	-9.796192e-02	3.103097e-02	-3.979377e-02	6.377842e-02	-6.440109e-03	2.922960e-02	2.916528e-02	-1.008185e-02	-6.797999e-03	3.417667e-02	-4.066142e-02	1.934825e-01	-1.629627e-01	1.896040e-01	-2.133785e-01	1.525317e-01	-9.667645e-02	-9.904153e-01	1.000000e+00	-9.831521e-01	9.220564e-01	-8.153331e-01	
-1.635786e-01	2.487281e-02	3.159081e-02	1.078615e-01	7.824139e-04	5.811170e-03	-3.211240e-02	-1.968060e-02	-9.302038e-03	-2.325042e-02	9.877563e-04	2.165991e-02	-3.711501e-02	4.096706e-02	-2.182114e-01	1.371708e-01	-1.777021e-01	2.250746e-01	-1.535797e-01	9.995579e-02	9.501884e-01	-9.831521e-01	1.000000e+00	-9.616206e-01	8.767568e-01	
2.205829e-01	-2.096933e-02	-1.026306e-01	-1.501029e-01	-2.558376e-02	4.110832e-03	4.780848e-02	3.971826e-02	-1.541808e-02	3.756193e-02	-1.937354e-02	2.828522e-03	2.295116e-02	-2.566716e-02	1.175222e-01	-1.106083e-01	1.363929e-01	-1.629107e-01	1.600433e-01	-1.366260e-01	-8.757223e-01	9.220564e-01	-9.616206e-01	1.000000e+00	-9.643412e-01	
-2.494016e-01	-3.569925e-03	1.104212e-01	1.435492e-01	6.566748e-02	-4.232943e-02	-1.604173e-02	-7.802776e-02	4.906918e-02	-4.361386e-02	2.621604e-02	-7.600310e-03	-2.203933e-02	3.196579e-02	-9.054308e-02	1.417361e-01	-1.706776e-01	1.988576e-01	-2.466234e-01	2.524247e-01	7.591338e-01	-8.153331e-01	8.767568e-01	-9.643412e-01	1.000000e+00	

Time taken for mcmc chain: 9.116667 minutes
