Number of steps: 1363606
Number of accepted steps: 1000000
Burn-in number of steps: 320000
Accepted fraction of steps: 0.733350
Convergence Status
R[0]= 1.025601	R[1]= 1.048421	R[2]= 1.142843	R[3]= 1.043715	R[4]= 1.026904	R[5]= 1.024195	R[6]= 1.023456	R[7]= 1.087126	R[8]= 1.111624	R[9]= 1.084680	R[10]= 1.065627	R[11]= 1.050670	R[12]= 1.111811	R[13]= 1.127532	R[14]= 1.020497	R[15]= 1.123023	R[16]= 1.129884	R[17]= 1.122806	R[18]= 1.128652	R[19]= 1.095495	R[20]= 1.032293	R[21]= 1.023777	R[22]= 1.027682	R[23]= 1.061940	R[24]= 1.057330	
<R>= 1.071903

Mean parameters
A[0]= 9.412839e-01 pm 3.956621e-02
A[1]= 1.044072e+00 pm 3.369443e-02
A[2]= 1.527444e+00 pm 3.835772e-01
A[3]= 2.228875e+00 pm 4.112807e-01
A[4]= -1.661803e+03 pm 3.491018e+03
A[5]= 3.876184e+02 pm 2.355753e+03
A[6]= 3.842171e+02 pm 5.648150e+02
A[7]= 8.921377e-01 pm 1.243193e+01
A[8]= -6.744523e-02 pm 1.746740e-01
A[9]= -5.089698e+03 pm 9.096789e+03
A[10]= 3.551056e+03 pm 5.529685e+03
A[11]= -1.154800e+03 pm 1.138509e+03
A[12]= -1.948055e+01 pm 4.596919e+01
A[13]= 6.100541e-01 pm 8.516411e-01
A[14]= 2.546654e+00 pm 6.587205e-01
A[15]= -1.417432e+03 pm 4.116771e+03
A[16]= 1.134358e+03 pm 2.595942e+03
A[17]= 8.553284e+01 pm 5.937000e+02
A[18]= -6.453422e-01 pm 1.958716e+01
A[19]= 3.787957e-02 pm 2.853431e-01
A[20]= 2.775712e+01 pm 1.270323e+04
A[21]= 1.148969e+03 pm 7.414168e+03
A[22]= -9.435747e+02 pm 1.462547e+03
A[23]= -3.344782e+01 pm 7.563753e+01
A[24]= 5.064312e-01 pm 1.435934e+00

Best-fitting parameters
A[0]= 9.300556e-01
A[1]= 1.072145e+00
A[2]= 1.466947e+00
A[3]= 2.628486e+00
A[4]= -5.177869e+03
A[5]= 2.517661e+03
A[6]= -7.453386e+01
A[7]= 7.473465e+00
A[8]= -1.191197e-01
A[9]= -4.554114e+03
A[10]= 3.820193e+03
A[11]= -1.326364e+03
A[12]= -2.352181e+01
A[13]= 6.737816e-01
A[14]= 3.409770e+00
A[15]= -5.119164e+03
A[16]= 3.972839e+03
A[17]= -6.578821e+02
A[18]= -5.564733e+00
A[19]= 2.035720e-01
A[20]= -1.429470e+04
A[21]= 1.040089e+04
A[22]= -2.865789e+03
A[23]= 3.801969e+01
A[24]= -7.537195e-01
chi2_min= 1.172800e+02


Cross-Covariance parameters
1.000000e+00	-6.806399e-01	-3.098916e-01	-1.168430e-01	3.805681e-01	-3.995005e-01	4.042982e-01	-2.254981e-02	-1.053976e-01	1.027881e-01	-1.055781e-01	8.581390e-02	2.899624e-01	-2.776036e-01	-7.235413e-02	2.715039e-01	-3.185493e-01	3.525797e-01	5.283422e-02	-8.277172e-02	4.928687e-02	-6.845170e-02	7.336403e-02	1.243941e-01	-9.440273e-02	
-6.806399e-01	1.000000e+00	5.007571e-01	1.274232e-01	-5.659819e-01	6.003418e-01	-6.278009e-01	2.246371e-01	-3.745971e-02	-3.027913e-01	3.278910e-01	-3.379842e-01	-1.404762e-01	1.622336e-01	-1.566354e-01	-3.313193e-01	3.875394e-01	-4.336333e-01	8.314348e-02	1.541491e-02	-1.856124e-01	2.198647e-01	-2.451024e-01	-1.528781e-02	6.169895e-03	
-3.098916e-01	5.007571e-01	1.000000e+00	-2.664582e-01	-5.156926e-01	5.720676e-01	-6.182122e-01	1.052973e-01	9.389903e-02	-5.706446e-01	6.391455e-01	-7.158316e-01	5.810128e-02	7.217466e-02	-4.894322e-01	-3.074281e-01	3.412813e-01	-3.633739e-01	-6.660803e-02	1.412003e-01	-2.796816e-01	3.452042e-01	-4.272671e-01	-4.984631e-02	9.826593e-02	
-1.168430e-01	1.274232e-01	-2.664582e-01	1.000000e+00	-4.696773e-01	4.946679e-01	-4.996853e-01	1.437383e-01	7.897681e-02	-4.584308e-02	5.213265e-02	-5.292547e-02	-1.549310e-01	1.955569e-01	2.178469e-01	1.445646e-01	-9.085391e-02	3.706346e-02	-6.665668e-02	5.933702e-02	1.370068e-01	-1.417821e-01	1.532765e-01	-7.678645e-02	5.785795e-02	
3.805681e-01	-5.659819e-01	-5.156926e-01	-4.696773e-01	1.000000e+00	-9.872010e-01	9.539661e-01	-6.246216e-01	2.752090e-01	4.521329e-01	-5.008679e-01	5.456723e-01	4.434702e-02	-9.854695e-02	1.910303e-01	1.772126e-01	-2.309571e-01	2.751118e-01	5.332959e-02	-1.222664e-01	1.243215e-01	-1.662096e-01	2.083056e-01	7.015193e-02	-9.813809e-02	
-3.995005e-01	6.003418e-01	5.720676e-01	4.946679e-01	-9.872010e-01	1.000000e+00	-9.891127e-01	5.715566e-01	-2.136251e-01	-4.862139e-01	5.411433e-01	-5.935177e-01	-5.100212e-02	1.200667e-01	-2.134415e-01	-1.895590e-01	2.497558e-01	-2.996217e-01	-6.262054e-02	1.349663e-01	-1.389207e-01	1.856039e-01	-2.341588e-01	-7.423251e-02	1.026687e-01	
4.042982e-01	-6.278009e-01	-6.182122e-01	-4.996853e-01	9.539661e-01	-9.891127e-01	1.000000e+00	-5.127002e-01	1.598644e-01	5.155444e-01	-5.749282e-01	6.330812e-01	4.574298e-02	-1.262423e-01	2.361853e-01	2.012345e-01	-2.650161e-01	3.182702e-01	6.405270e-02	-1.386589e-01	1.567469e-01	-2.067561e-01	2.600230e-01	6.917717e-02	-9.693044e-02	
-2.254981e-02	2.246371e-01	1.052973e-01	1.437383e-01	-6.246216e-01	5.715566e-01	-5.127002e-01	1.000000e+00	-8.998775e-01	-1.162727e-01	1.378458e-01	-1.613282e-01	8.681014e-02	-2.221702e-01	-8.807372e-02	-9.040721e-02	8.783966e-02	-8.082993e-02	6.327198e-02	-1.745297e-02	-7.932603e-02	8.462552e-02	-8.491567e-02	4.925995e-02	-2.962001e-02	
-1.053976e-01	-3.745971e-02	9.389903e-02	7.897681e-02	2.752090e-01	-2.136251e-01	1.598644e-01	-8.998775e-01	1.000000e+00	-8.153821e-02	8.150283e-02	-7.746075e-02	-9.614177e-02	3.025499e-01	-3.966518e-03	5.013357e-02	-2.647126e-02	3.538977e-03	-9.515074e-02	7.348243e-02	6.236751e-02	-5.198708e-02	3.524024e-02	-1.039083e-01	9.747039e-02	
1.027881e-01	-3.027913e-01	-5.706446e-01	-4.584308e-02	4.521329e-01	-4.862139e-01	5.155444e-01	-1.162727e-01	-8.153821e-02	1.000000e+00	-9.915314e-01	9.572561e-01	-7.107932e-01	5.411333e-01	3.773887e-01	1.082720e-02	-2.275007e-02	3.989645e-02	1.279238e-01	-1.318577e-01	7.192913e-02	-1.146766e-01	1.621433e-01	5.499594e-02	-8.400263e-02	
-1.055781e-01	3.278910e-01	6.391455e-01	5.213265e-02	-5.008679e-01	5.411433e-01	-5.749282e-01	1.378458e-01	8.150283e-02	-9.915314e-01	1.000000e+00	-9.861719e-01	6.817268e-01	-5.097808e-01	-4.069705e-01	-4.410853e-02	5.952944e-02	-7.805499e-02	-1.234998e-01	1.392475e-01	-1.015003e-01	1.495061e-01	-2.041932e-01	-5.120481e-02	8.580119e-02	
8.581390e-02	-3.379842e-01	-7.158316e-01	-5.292547e-02	5.456723e-01	-5.935177e-01	6.330812e-01	-1.613282e-01	-7.746075e-02	9.572561e-01	-9.861719e-01	1.000000e+00	-6.271064e-01	4.558035e-01	4.440687e-01	8.181698e-02	-1.000533e-01	1.187104e-01	1.118081e-01	-1.410683e-01	1.363638e-01	-1.902013e-01	2.537468e-01	4.332855e-02	-8.417695e-02	
2.899624e-01	-1.404762e-01	5.810128e-02	-1.549310e-01	4.434702e-02	-5.100212e-02	4.574298e-02	8.681014e-02	-9.614177e-02	-7.107932e-01	6.817268e-01	-6.271064e-01	1.000000e+00	-9.496997e-01	-2.303764e-01	1.451134e-01	-1.909042e-01	2.244842e-01	-3.551492e-02	-3.106700e-03	4.343127e-02	-3.666678e-02	3.121871e-02	4.255219e-02	-2.865937e-02	
-2.776036e-01	1.622336e-01	7.217466e-02	1.955569e-01	-9.854695e-02	1.200667e-01	-1.262423e-01	-2.221702e-01	3.025499e-01	5.411333e-01	-5.097808e-01	4.558035e-01	-9.496997e-01	1.000000e+00	1.474207e-01	-1.382040e-01	1.918820e-01	-2.338082e-01	1.498145e-02	2.662157e-02	-3.945026e-02	4.234956e-02	-5.131699e-02	-8.301148e-02	7.517542e-02	
-7.235413e-02	-1.566354e-01	-4.894322e-01	2.178469e-01	1.910303e-01	-2.134415e-01	2.361853e-01	-8.807372e-02	-3.966518e-03	3.773887e-01	-4.069705e-01	4.440687e-01	-2.303764e-01	1.474207e-01	1.000000e+00	-3.190038e-01	3.948244e-01	-4.563367e-01	-1.550589e-01	2.713036e-01	-8.878947e-02	8.994825e-02	-9.371124e-02	-6.143783e-03	3.879211e-02	
2.715039e-01	-3.313193e-01	-3.074281e-01	1.445646e-01	1.772126e-01	-1.895590e-01	2.012345e-01	-9.040721e-02	5.013357e-02	1.082720e-02	-4.410853e-02	8.181698e-02	1.451134e-01	-1.382040e-01	-3.190038e-01	1.000000e+00	-9.781800e-01	9.139454e-01	-5.163746e-01	2.878950e-01	3.872929e-01	-4.314426e-01	4.815167e-01	-1.685669e-01	1.510269e-01	
-3.185493e-01	3.875394e-01	3.412813e-01	-9.085391e-02	-2.309571e-01	2.497558e-01	-2.650161e-01	8.783966e-02	-2.647126e-02	-2.275007e-02	5.952944e-02	-1.000533e-01	-1.909042e-01	1.918820e-01	3.948244e-01	-9.781800e-01	1.000000e+00	-9.774451e-01	4.266282e-01	-1.878461e-01	-4.214472e-01	4.726512e-01	-5.311099e-01	1.413108e-01	-1.092686e-01	
3.525797e-01	-4.336333e-01	-3.633739e-01	3.706346e-02	2.751118e-01	-2.996217e-01	3.182702e-01	-8.082993e-02	3.538977e-03	3.989645e-02	-7.805499e-02	1.187104e-01	2.244842e-01	-2.338082e-01	-4.563367e-01	9.139454e-01	-9.774451e-01	1.000000e+00	-3.153563e-01	8.012969e-02	4.413850e-01	-4.994544e-01	5.659546e-01	-1.167662e-01	7.270530e-02	
5.283422e-02	8.314348e-02	-6.660803e-02	-6.665668e-02	5.332959e-02	-6.262054e-02	6.405270e-02	6.327198e-02	-9.515074e-02	1.279238e-01	-1.234998e-01	1.118081e-01	-3.551492e-02	1.498145e-02	-1.550589e-01	-5.163746e-01	4.266282e-01	-3.153563e-01	1.000000e+00	-9.538668e-01	-8.573171e-02	8.093893e-02	-6.591554e-02	2.609088e-01	-3.440601e-01	
-8.277172e-02	1.541491e-02	1.412003e-01	5.933702e-02	-1.222664e-01	1.349663e-01	-1.386589e-01	-1.745297e-02	7.348243e-02	-1.318577e-01	1.392475e-01	-1.410683e-01	-3.106700e-03	2.662157e-02	2.713036e-01	2.878950e-01	-1.878461e-01	8.012969e-02	-9.538668e-01	1.000000e+00	-3.226153e-02	4.713756e-02	-7.584009e-02	-2.284296e-01	3.331635e-01	
4.928687e-02	-1.856124e-01	-2.796816e-01	1.370068e-01	1.243215e-01	-1.389207e-01	1.567469e-01	-7.932603e-02	6.236751e-02	7.192913e-02	-1.015003e-01	1.363638e-01	4.343127e-02	-3.945026e-02	-8.878947e-02	3.872929e-01	-4.214472e-01	4.413850e-01	-8.573171e-02	-3.226153e-02	1.000000e+00	-9.905638e-01	9.543260e-01	-8.240104e-01	7.309979e-01	
-6.845170e-02	2.198647e-01	3.452042e-01	-1.417821e-01	-1.662096e-01	1.856039e-01	-2.067561e-01	8.462552e-02	-5.198708e-02	-1.146766e-01	1.495061e-01	-1.902013e-01	-3.666678e-02	4.234956e-02	8.994825e-02	-4.314426e-01	4.726512e-01	-4.994544e-01	8.093893e-02	4.713756e-02	-9.905638e-01	1.000000e+00	-9.855561e-01	8.115091e-01	-7.180574e-01	
7.336403e-02	-2.451024e-01	-4.272671e-01	1.532765e-01	2.083056e-01	-2.341588e-01	2.600230e-01	-8.491567e-02	3.524024e-02	1.621433e-01	-2.041932e-01	2.537468e-01	3.121871e-02	-5.131699e-02	-9.371124e-02	4.815167e-01	-5.311099e-01	5.659546e-01	-6.591554e-02	-7.584009e-02	9.543260e-01	-9.855561e-01	1.000000e+00	-7.642071e-01	6.714056e-01	
1.243941e-01	-1.528781e-02	-4.984631e-02	-7.678645e-02	7.015193e-02	-7.423251e-02	6.917717e-02	4.925995e-02	-1.039083e-01	5.499594e-02	-5.120481e-02	4.332855e-02	4.255219e-02	-8.301148e-02	-6.143783e-03	-1.685669e-01	1.413108e-01	-1.167662e-01	2.609088e-01	-2.284296e-01	-8.240104e-01	8.115091e-01	-7.642071e-01	1.000000e+00	-9.795419e-01	
-9.440273e-02	6.169895e-03	9.826593e-02	5.785795e-02	-9.813809e-02	1.026687e-01	-9.693044e-02	-2.962001e-02	9.747039e-02	-8.400263e-02	8.580119e-02	-8.417695e-02	-2.865937e-02	7.517542e-02	3.879211e-02	1.510269e-01	-1.092686e-01	7.270530e-02	-3.440601e-01	3.331635e-01	7.309979e-01	-7.180574e-01	6.714056e-01	-9.795419e-01	1.000000e+00	

Time taken for mcmc chain: 10.316667 minutes
