Number of steps: 8305695
Number of accepted steps: 1000000
Burn-in number of steps: 320000
Accepted fraction of steps: 0.120399
Convergence Status
R[0]= 1.005173	R[1]= 1.009083	R[2]= 1.026550	R[3]= 1.011785	R[4]= 1.007389	R[5]= 1.008653	R[6]= 1.009202	R[7]= 1.000482	R[8]= 1.003226	R[9]= 1.003752	R[10]= 1.006650	R[11]= 1.011483	R[12]= 1.002337	R[13]= 1.005501	R[14]= 1.015662	R[15]= 1.020468	R[16]= 1.024771	R[17]= 1.027339	R[18]= 1.000360	R[19]= 1.002178	R[20]= 1.007317	R[21]= 1.013134	R[22]= 1.022183	R[23]= 1.003847	R[24]= 1.008767	
<R>= 1.010292

Mean parameters
A[0]= 9.066907e-01 pm 3.456154e-02
A[1]= 1.017118e+00 pm 3.108555e-02
A[2]= 6.890378e-01 pm 4.289166e-01
A[3]= 2.655642e+00 pm 9.098250e-01
A[4]= -2.082672e+03 pm 3.708267e+03
A[5]= 7.709327e+02 pm 2.415861e+03
A[6]= 2.368350e+02 pm 5.586449e+02
A[7]= 1.246659e+01 pm 1.255679e+01
A[8]= -2.477833e-01 pm 1.770686e-01
A[9]= -3.999880e+03 pm 7.862960e+03
A[10]= 1.805376e+03 pm 4.668605e+03
A[11]= -4.853867e+02 pm 9.613733e+02
A[12]= 2.120392e+01 pm 4.695754e+01
A[13]= -5.718243e-01 pm 9.228701e-01
A[14]= 4.106774e+00 pm 1.360984e+00
A[15]= -8.289954e+03 pm 5.115249e+03
A[16]= 5.613425e+03 pm 3.363541e+03
A[17]= -9.675604e+02 pm 7.839113e+02
A[18]= 1.215125e+01 pm 1.870738e+01
A[19]= -1.639931e-02 pm 2.618845e-01
A[20]= 6.931565e+02 pm 1.107561e+04
A[21]= -5.181181e+02 pm 6.668149e+03
A[22]= -2.820276e+02 pm 1.399000e+03
A[23]= -2.584919e+01 pm 6.578944e+01
A[24]= 2.121068e-01 pm 1.293397e+00

Best-fitting parameters
A[0]= 9.089620e-01
A[1]= 1.014088e+00
A[2]= 8.560182e-01
A[3]= 2.241739e+00
A[4]= -1.192905e+02
A[5]= -1.853256e+02
A[6]= 3.799442e+02
A[7]= 1.034105e+01
A[8]= -2.632950e-01
A[9]= -4.558584e+03
A[10]= 2.936670e+03
A[11]= -8.849872e+02
A[12]= 3.281618e+01
A[13]= -8.204393e-01
A[14]= 3.198648e+00
A[15]= -5.515931e+03
A[16]= 3.926790e+03
A[17]= -5.944248e+02
A[18]= 8.303565e+00
A[19]= 1.744070e-02
A[20]= 8.845226e+02
A[21]= -1.286893e+02
A[22]= -4.714476e+02
A[23]= -3.320226e+01
A[24]= 4.600549e-01
chi2_min= 9.798418e+01


Cross-Covariance parameters
1.000000e+00	-5.162073e-01	-1.679427e-01	9.158028e-02	3.421437e-02	-3.339707e-02	2.498358e-02	5.767302e-02	-4.809285e-02	-5.117970e-03	1.319933e-02	-4.039906e-02	1.205644e-01	-8.945630e-02	7.038374e-02	7.784272e-02	-7.999822e-02	7.361374e-02	4.392725e-02	-4.815718e-02	1.072195e-02	-1.608136e-03	-2.906634e-02	1.453281e-01	-1.199499e-01	
-5.162073e-01	1.000000e+00	1.908516e-01	-1.727514e-01	-5.148247e-02	5.479981e-02	-6.513050e-02	1.458969e-01	-1.273888e-01	1.712086e-02	-1.867408e-02	2.976806e-02	-1.027333e-01	4.995021e-02	-2.278560e-01	-3.662674e-02	3.694925e-02	-4.372893e-02	1.764871e-01	-1.614641e-01	-1.416432e-02	1.120251e-02	6.766991e-03	-8.592099e-02	5.176309e-02	
-1.679427e-01	1.908516e-01	1.000000e+00	-6.512226e-01	-6.368845e-02	6.922086e-02	-6.503036e-02	-3.367257e-02	5.152346e-02	-3.463353e-01	4.603073e-01	-5.967134e-01	-1.758365e-01	2.979476e-01	-6.527206e-01	-9.582919e-02	1.018662e-01	-9.983232e-02	-1.480041e-02	3.359758e-02	-3.754158e-01	4.906349e-01	-6.254460e-01	-2.057778e-01	3.346156e-01	
9.158028e-02	-1.727514e-01	-6.512226e-01	1.000000e+00	-5.302428e-01	5.872527e-01	-6.308808e-01	1.152676e-01	1.605759e-01	1.462904e-01	-1.934605e-01	2.547765e-01	2.315358e-02	-4.640145e-02	4.383472e-01	7.287236e-02	-7.527813e-02	7.284215e-02	-1.082700e-02	-6.276907e-03	2.575961e-01	-3.325165e-01	4.199319e-01	1.243265e-01	-2.090242e-01	
3.421437e-02	-5.148247e-02	-6.368845e-02	-5.302428e-01	1.000000e+00	-9.850655e-01	9.433879e-01	-6.036786e-01	2.069816e-01	8.825289e-02	-1.341255e-01	1.865180e-01	1.378221e-01	-1.466515e-01	5.196509e-02	-1.037943e-03	-1.866807e-03	4.719412e-03	1.120942e-03	-2.783631e-03	1.946309e-02	-2.721144e-02	3.537743e-02	2.079353e-02	-2.758184e-02	
-3.339707e-02	5.479981e-02	6.922086e-02	5.872527e-01	-9.850655e-01	1.000000e+00	-9.859435e-01	5.423068e-01	-1.317350e-01	-9.836277e-02	1.487484e-01	-2.063704e-01	-1.540705e-01	1.765558e-01	-5.547384e-02	2.384320e-04	3.443579e-03	-7.133287e-03	-1.083282e-03	3.063846e-03	-2.135106e-02	3.015869e-02	-3.967334e-02	-2.314711e-02	3.076195e-02	
2.498358e-02	-6.513050e-02	-6.503036e-02	-6.308808e-01	9.433879e-01	-9.859435e-01	1.000000e+00	-4.729121e-01	6.374769e-02	1.082636e-01	-1.605572e-01	2.201658e-01	1.562473e-01	-1.884999e-01	5.518224e-02	-1.561940e-03	-2.704460e-03	7.371758e-03	-2.953254e-03	9.934641e-04	1.922197e-02	-2.786940e-02	3.735925e-02	2.226434e-02	-2.897639e-02	
5.767302e-02	1.458969e-01	-3.367257e-02	1.152676e-01	-6.036786e-01	5.423068e-01	-4.729121e-01	1.000000e+00	-8.864671e-01	1.084817e-01	-9.424387e-02	6.695974e-02	-5.091679e-02	-1.080264e-01	-1.633707e-02	1.926998e-02	-2.039137e-02	1.762247e-02	5.335579e-02	-5.403216e-02	2.332197e-02	-2.820310e-02	3.373936e-02	1.793614e-02	-3.054386e-02	
-4.809285e-02	-1.273888e-01	5.152346e-02	1.605759e-01	2.069816e-01	-1.317350e-01	6.374769e-02	-8.864671e-01	1.000000e+00	-1.730277e-01	1.791209e-01	-1.724981e-01	-3.642848e-03	2.131616e-01	-2.291718e-03	-1.735182e-02	1.981446e-02	-1.880407e-02	-5.060318e-02	5.222829e-02	-2.877582e-02	3.684112e-02	-4.621141e-02	-2.372184e-02	3.885849e-02	
-5.117970e-03	1.712086e-02	-3.463353e-01	1.462904e-01	8.825289e-02	-9.836277e-02	1.082636e-01	1.084817e-01	-1.730277e-01	1.000000e+00	-9.839904e-01	9.190151e-01	-7.347046e-01	5.497372e-01	2.349136e-01	1.944340e-02	-2.078597e-02	1.935584e-02	2.289220e-02	-2.291336e-02	1.370184e-01	-1.802843e-01	2.325661e-01	6.214816e-02	-1.126038e-01	
1.319933e-02	-1.867408e-02	4.603073e-01	-1.934605e-01	-1.341255e-01	1.487484e-01	-1.605572e-01	-9.424387e-02	1.791209e-01	-9.839904e-01	1.000000e+00	-9.737611e-01	6.816765e-01	-4.891540e-01	-3.086910e-01	-3.014920e-02	3.264759e-02	-3.137383e-02	-2.742705e-02	3.056188e-02	-1.833953e-01	2.411216e-01	-3.108723e-01	-8.305630e-02	1.508097e-01	
-4.039906e-02	2.976806e-02	-5.967134e-01	2.547765e-01	1.865180e-01	-2.063704e-01	2.201658e-01	6.695974e-02	-1.724981e-01	9.190151e-01	-9.737611e-01	1.000000e+00	-5.698042e-01	3.767527e-01	3.973312e-01	4.253122e-02	-4.654237e-02	4.568158e-02	3.132679e-02	-3.848482e-02	2.403116e-01	-3.158449e-01	4.075117e-01	1.063508e-01	-1.957781e-01	
1.205644e-01	-1.027333e-01	-1.758365e-01	2.315358e-02	1.378221e-01	-1.540705e-01	1.562473e-01	-5.091679e-02	-3.642848e-03	-7.347046e-01	6.816765e-01	-5.698042e-01	1.000000e+00	-9.505657e-01	1.036254e-01	3.616916e-02	-4.150424e-02	4.479001e-02	-4.400960e-03	-7.231287e-03	6.651849e-02	-8.535349e-02	1.050977e-01	5.217571e-02	-7.175977e-02	
-8.945630e-02	4.995021e-02	2.979476e-01	-4.640145e-02	-1.466515e-01	1.765558e-01	-1.884999e-01	-1.080264e-01	2.131616e-01	5.497372e-01	-4.891540e-01	3.767527e-01	-9.505657e-01	1.000000e+00	-1.792166e-01	-4.563227e-02	5.229168e-02	-5.551529e-02	-1.017148e-02	2.309428e-02	-1.206903e-01	1.566347e-01	-1.975831e-01	-7.060830e-02	1.118826e-01	
7.038374e-02	-2.278560e-01	-6.527206e-01	4.383472e-01	5.196509e-02	-5.547384e-02	5.518224e-02	-1.633707e-02	-2.291718e-03	2.349136e-01	-3.086910e-01	3.973312e-01	1.036254e-01	-1.792166e-01	1.000000e+00	-4.846482e-01	5.441411e-01	-5.886460e-01	-1.127615e-02	2.515989e-01	1.477385e-01	-2.004399e-01	2.682358e-01	5.736033e-02	-9.384205e-02	
7.784272e-02	-3.662674e-02	-9.582919e-02	7.287236e-02	-1.037943e-03	2.384320e-04	-1.561940e-03	1.926998e-02	-1.735182e-02	1.944340e-02	-3.014920e-02	4.253122e-02	3.616916e-02	-4.563227e-02	-4.846482e-01	1.000000e+00	-9.843178e-01	9.411211e-01	-5.257720e-01	1.608491e-01	1.818160e-01	-2.220826e-01	2.601319e-01	7.848619e-02	-1.148542e-01	
-7.999822e-02	3.694925e-02	1.018662e-01	-7.527813e-02	-1.866807e-03	3.443579e-03	-2.704460e-03	-2.039137e-02	1.981446e-02	-2.078597e-02	3.264759e-02	-4.654237e-02	-4.150424e-02	5.229168e-02	5.441411e-01	-9.843178e-01	1.000000e+00	-9.855299e-01	4.512865e-01	-7.436915e-02	-1.916639e-01	2.369675e-01	-2.804570e-01	-9.699803e-02	1.432326e-01	
7.361374e-02	-4.372893e-02	-9.983232e-02	7.284215e-02	4.719412e-03	-7.133287e-03	7.371758e-03	1.762247e-02	-1.880407e-02	1.935584e-02	-3.137383e-02	4.568158e-02	4.479001e-02	-5.551529e-02	-5.886460e-01	9.411211e-01	-9.855299e-01	1.000000e+00	-3.702071e-01	-5.183825e-03	1.937990e-01	-2.423281e-01	2.895685e-01	1.085865e-01	-1.609411e-01	
4.392725e-02	1.764871e-01	-1.480041e-02	-1.082700e-02	1.120942e-03	-1.083282e-03	-2.953254e-03	5.335579e-02	-5.060318e-02	2.289220e-02	-2.742705e-02	3.132679e-02	-4.400960e-03	-1.017148e-02	-1.127615e-02	-5.257720e-01	4.512865e-01	-3.702071e-01	1.000000e+00	-9.092921e-01	-3.135604e-04	4.271371e-03	-8.454609e-03	6.969033e-02	-1.496545e-01	
-4.815718e-02	-1.614641e-01	3.359758e-02	-6.276907e-03	-2.783631e-03	3.063846e-03	9.934641e-04	-5.403216e-02	5.222829e-02	-2.291336e-02	3.056188e-02	-3.848482e-02	-7.231287e-03	2.309428e-02	2.515989e-01	1.608491e-01	-7.436915e-02	-5.183825e-03	-9.092921e-01	1.000000e+00	-7.522113e-02	8.641105e-02	-9.552922e-02	-1.101161e-01	2.250902e-01	
1.072195e-02	-1.416432e-02	-3.754158e-01	2.575961e-01	1.946309e-02	-2.135106e-02	1.922197e-02	2.332197e-02	-2.877582e-02	1.370184e-01	-1.833953e-01	2.403116e-01	6.651849e-02	-1.206903e-01	1.477385e-01	1.818160e-01	-1.916639e-01	1.937990e-01	-3.135604e-04	-7.522113e-02	1.000000e+00	-9.837128e-01	9.182123e-01	-7.021146e-01	5.355813e-01	
-1.608136e-03	1.120251e-02	4.906349e-01	-3.325165e-01	-2.721144e-02	3.015869e-02	-2.786940e-02	-2.820310e-02	3.684112e-02	-1.802843e-01	2.411216e-01	-3.158449e-01	-8.535349e-02	1.566347e-01	-2.004399e-01	-2.220826e-01	2.369675e-01	-2.423281e-01	4.271371e-03	8.641105e-02	-9.837128e-01	1.000000e+00	-9.736507e-01	6.398570e-01	-4.646718e-01	
-2.906634e-02	6.766991e-03	-6.254460e-01	4.199319e-01	3.537743e-02	-3.967334e-02	3.735925e-02	3.373936e-02	-4.621141e-02	2.325661e-01	-3.108723e-01	4.075117e-01	1.050977e-01	-1.975831e-01	2.682358e-01	2.601319e-01	-2.804570e-01	2.895685e-01	-8.454609e-03	-9.552922e-02	9.182123e-01	-9.736507e-01	1.000000e+00	-5.183771e-01	3.396701e-01	
1.453281e-01	-8.592099e-02	-2.057778e-01	1.243265e-01	2.079353e-02	-2.314711e-02	2.226434e-02	1.793614e-02	-2.372184e-02	6.214816e-02	-8.305630e-02	1.063508e-01	5.217571e-02	-7.060830e-02	5.736033e-02	7.848619e-02	-9.699803e-02	1.085865e-01	6.969033e-02	-1.101161e-01	-7.021146e-01	6.398570e-01	-5.183771e-01	1.000000e+00	-9.652827e-01	
-1.199499e-01	5.176309e-02	3.346156e-01	-2.090242e-01	-2.758184e-02	3.076195e-02	-2.897639e-02	-3.054386e-02	3.885849e-02	-1.126038e-01	1.508097e-01	-1.957781e-01	-7.175977e-02	1.118826e-01	-9.384205e-02	-1.148542e-01	1.432326e-01	-1.609411e-01	-1.496545e-01	2.250902e-01	5.355813e-01	-4.646718e-01	3.396701e-01	-9.652827e-01	1.000000e+00	

Time taken for mcmc chain: 52.100000 minutes
