Number of steps: 15345071
Number of accepted steps: 1000000
Burn-in number of steps: 320000
Accepted fraction of steps: 0.065168
Convergence Status
R[0]= 1.003434	R[1]= 1.013755	R[2]= 1.008884	R[3]= 1.001372	R[4]= 1.001928	R[5]= 1.002493	R[6]= 1.002926	R[7]= 1.000870	R[8]= 1.000446	R[9]= 1.002318	R[10]= 1.003455	R[11]= 1.004885	R[12]= 1.000201	R[13]= 1.000677	R[14]= 1.032246	R[15]= 1.011212	R[16]= 1.013474	R[17]= 1.015307	R[18]= 1.001733	R[19]= 1.000855	R[20]= 1.001932	R[21]= 1.002551	R[22]= 1.003306	R[23]= 1.000143	R[24]= 1.000028	
<R>= 1.005217

Mean parameters
A[0]= 9.023935e-01 pm 3.129999e-02
A[1]= 9.899603e-01 pm 2.446857e-02
A[2]= 5.891972e-01 pm 3.858333e-01
A[3]= 4.077276e+00 pm 1.170223e+00
A[4]= -4.687105e+03 pm 3.964073e+03
A[5]= 2.831754e+03 pm 2.693912e+03
A[6]= -3.582981e+02 pm 6.682653e+02
A[7]= 1.532672e+01 pm 1.414937e+01
A[8]= -1.094738e-01 pm 1.845375e-01
A[9]= 9.715843e+02 pm 8.826916e+03
A[10]= -9.553658e+02 pm 5.470619e+03
A[11]= -2.105114e+01 pm 1.224465e+03
A[12]= -2.578947e+01 pm 4.836873e+01
A[13]= 6.164565e-01 pm 9.296893e-01
A[14]= 6.109173e+00 pm 1.858753e+00
A[15]= -7.634804e+03 pm 5.491237e+03
A[16]= 6.652981e+03 pm 3.702388e+03
A[17]= -1.621424e+03 pm 9.164212e+02
A[18]= 1.504376e+01 pm 2.048710e+01
A[19]= 1.130586e-01 pm 2.644251e-01
A[20]= 9.821158e+03 pm 1.207971e+04
A[21]= -4.603126e+03 pm 7.452349e+03
A[22]= 1.847111e+02 pm 1.656053e+03
A[23]= -5.621106e+01 pm 6.799677e+01
A[24]= 8.063144e-01 pm 1.320538e+00

Best-fitting parameters
A[0]= 8.892856e-01
A[1]= 9.900940e-01
A[2]= 6.806809e-01
A[3]= 3.471662e+00
A[4]= -2.681156e+03
A[5]= 1.565638e+03
A[6]= -6.003717e+01
A[7]= 8.546440e+00
A[8]= -5.962833e-02
A[9]= -4.983360e+03
A[10]= 2.295428e+03
A[11]= -5.882411e+02
A[12]= -2.506142e+00
A[13]= 4.152065e-01
A[14]= 5.323591e+00
A[15]= -5.409560e+03
A[16]= 5.420129e+03
A[17]= -1.369687e+03
A[18]= 1.329995e+01
A[19]= 7.543788e-02
A[20]= 8.912408e+03
A[21]= -3.449530e+03
A[22]= -1.885131e+02
A[23]= -4.590647e+01
A[24]= 5.074206e-01
chi2_min= 1.050220e+02


Cross-Covariance parameters
1.000000e+00	-4.992163e-01	-1.656119e-01	1.109900e-01	4.224241e-02	-3.599007e-02	1.958855e-02	4.697399e-02	-4.752603e-02	-2.091898e-02	2.386179e-02	-4.471501e-02	1.725709e-01	-1.509972e-01	9.598914e-02	3.467583e-02	-3.427059e-02	2.330391e-02	6.682676e-02	-6.584151e-02	1.946111e-02	-1.167205e-02	-2.018032e-02	1.518306e-01	-1.354705e-01	
-4.992163e-01	1.000000e+00	1.293791e-01	-1.847157e-01	-1.195129e-02	9.517746e-03	-1.335493e-02	1.295072e-01	-1.346420e-01	3.245551e-02	-4.034767e-02	5.922945e-02	-1.213545e-01	6.738386e-02	-2.181371e-01	5.650862e-02	-5.686202e-02	4.898687e-02	1.181198e-01	-1.581411e-01	9.608391e-03	-2.164005e-02	5.003424e-02	-8.741782e-02	4.370419e-02	
-1.656119e-01	1.293791e-01	1.000000e+00	-6.293723e-01	-1.201658e-01	1.374289e-01	-1.432850e-01	5.684479e-03	5.690088e-02	-4.372833e-01	5.667648e-01	-7.072081e-01	-3.434656e-02	2.462089e-01	-6.966717e-01	2.638631e-02	-3.037547e-02	3.906061e-02	-8.780254e-02	6.293009e-02	-4.383824e-01	5.608720e-01	-6.996170e-01	-3.876893e-02	2.400729e-01	
1.109900e-01	-1.847157e-01	-6.293723e-01	1.000000e+00	-5.161832e-01	5.686536e-01	-6.058038e-01	2.547061e-01	7.468144e-02	1.538906e-01	-2.097902e-01	2.757157e-01	2.583402e-02	-8.998820e-02	4.909200e-01	-5.305521e-02	5.444016e-02	-5.624070e-02	5.374197e-02	-2.203822e-02	2.795328e-01	-3.562921e-01	4.421321e-01	3.031935e-02	-1.565921e-01	
4.224241e-02	-1.195129e-02	-1.201658e-01	-5.161832e-01	1.000000e+00	-9.831195e-01	9.378246e-01	-7.342646e-01	2.891350e-01	1.606539e-01	-2.142141e-01	2.686348e-01	2.893722e-02	-6.818364e-02	6.843626e-02	2.864898e-02	-2.656294e-02	2.254674e-02	1.156909e-03	-1.322674e-02	5.179318e-02	-6.912913e-02	8.865204e-02	7.699126e-03	-3.167477e-02	
-3.599007e-02	9.517746e-03	1.374289e-01	5.686536e-01	-9.831195e-01	1.000000e+00	-9.850436e-01	6.875132e-01	-2.135825e-01	-1.852313e-01	2.445901e-01	-3.050379e-01	-2.818302e-02	8.811797e-02	-7.943027e-02	-3.038658e-02	2.843917e-02	-2.442298e-02	-3.667859e-04	1.328402e-02	-6.006449e-02	7.991261e-02	-1.026827e-01	-8.212533e-03	3.628533e-02	
1.958855e-02	-1.335493e-02	-1.432850e-01	-6.058038e-01	9.378246e-01	-9.850436e-01	1.000000e+00	-6.236832e-01	1.394366e-01	2.067517e-01	-2.685334e-01	3.311503e-01	1.782614e-02	-9.357312e-02	8.486189e-02	3.021996e-02	-2.853350e-02	2.503380e-02	-4.202697e-03	-8.895449e-03	6.345303e-02	-8.432471e-02	1.087540e-01	6.705242e-03	-3.629449e-02	
4.697399e-02	1.295072e-01	5.684479e-03	2.547061e-01	-7.342646e-01	6.875132e-01	-6.236832e-01	1.000000e+00	-8.394854e-01	3.171372e-02	-9.224627e-04	-4.042457e-02	-3.228225e-02	-9.858499e-02	-2.890699e-02	1.378915e-02	-1.431986e-02	1.130250e-02	2.589273e-02	-2.928992e-02	9.215605e-03	-9.285907e-03	8.308940e-03	-9.114008e-04	-4.055586e-03	
-4.752603e-02	-1.346420e-01	5.690088e-02	7.468144e-02	2.891350e-01	-2.135825e-01	1.394366e-01	-8.394854e-01	1.000000e+00	-1.639810e-01	1.610396e-01	-1.438248e-01	3.407539e-02	1.918140e-01	-4.118644e-03	-3.565463e-02	3.555821e-02	-3.069367e-02	-1.866973e-02	3.124356e-02	-3.903811e-02	4.955801e-02	-6.089188e-02	-3.663436e-04	1.923545e-02	
-2.091898e-02	3.245551e-02	-4.372833e-01	1.538906e-01	1.606539e-01	-1.852313e-01	2.067517e-01	3.171372e-02	-1.639810e-01	1.000000e+00	-9.801231e-01	9.025581e-01	-7.738395e-01	5.374216e-01	3.065600e-01	-3.499617e-03	5.016319e-03	-8.223315e-03	3.485319e-02	-2.735097e-02	2.111209e-01	-2.714543e-01	3.416924e-01	-7.274764e-03	-8.937530e-02	
2.386179e-02	-4.034767e-02	5.667648e-01	-2.097902e-01	-2.142141e-01	2.445901e-01	-2.685334e-01	-9.224627e-04	1.610396e-01	-9.801231e-01	1.000000e+00	-9.691869e-01	7.164913e-01	-4.626411e-01	-3.966076e-01	4.182143e-03	-6.125578e-03	1.053955e-02	-4.695258e-02	3.882604e-02	-2.722290e-01	3.500164e-01	-4.406153e-01	5.578144e-03	1.204379e-01	
-4.471501e-02	5.922945e-02	-7.072081e-01	2.757157e-01	2.686348e-01	-3.050379e-01	3.311503e-01	-4.042457e-02	-1.438248e-01	9.025581e-01	-9.691869e-01	1.000000e+00	-5.914782e-01	3.283527e-01	4.945579e-01	-5.710857e-03	8.184548e-03	-1.387123e-02	5.964644e-02	-5.084782e-02	3.385664e-01	-4.357326e-01	5.495133e-01	-4.897274e-03	-1.540739e-01	
1.725709e-01	-1.213545e-01	-3.434656e-02	2.583402e-02	2.893722e-02	-2.818302e-02	1.782614e-02	-3.228225e-02	3.407539e-02	-7.738395e-01	7.164913e-01	-5.914782e-01	1.000000e+00	-9.286703e-01	2.806550e-02	-2.622963e-05	1.362182e-03	-4.212701e-03	9.695820e-03	-7.474318e-03	-7.952673e-03	1.016419e-02	-1.567199e-02	4.202043e-02	-3.873316e-02	
-1.509972e-01	6.738386e-02	2.462089e-01	-8.998820e-02	-6.818364e-02	8.811797e-02	-9.357312e-02	-9.858499e-02	1.918140e-01	5.374216e-01	-4.626411e-01	3.283527e-01	-9.286703e-01	1.000000e+00	-1.701909e-01	-3.783029e-03	1.323702e-03	4.169193e-03	-3.009380e-02	2.676788e-02	-9.590203e-02	1.238522e-01	-1.539447e-01	-3.835017e-02	8.479283e-02	
9.598914e-02	-2.181371e-01	-6.966717e-01	4.909200e-01	6.843626e-02	-7.943027e-02	8.486189e-02	-2.890699e-02	-4.118644e-03	3.065600e-01	-3.966076e-01	4.945579e-01	2.806550e-02	-1.701909e-01	1.000000e+00	-5.406565e-01	6.103076e-01	-6.606513e-01	2.166777e-01	1.189662e-01	2.154823e-01	-2.789702e-01	3.584252e-01	-4.321760e-03	-8.039808e-02	
3.467583e-02	5.650862e-02	2.638631e-02	-5.305521e-02	2.864898e-02	-3.038658e-02	3.021996e-02	1.378915e-02	-3.565463e-02	-3.499617e-03	4.182143e-03	-5.710857e-03	-2.622963e-05	-3.783029e-03	-5.406565e-01	1.000000e+00	-9.808433e-01	9.278813e-01	-7.001771e-01	2.826490e-01	1.336838e-01	-1.625883e-01	1.840763e-01	5.040716e-03	-4.009105e-02	
-3.427059e-02	-5.686202e-02	-3.037547e-02	5.444016e-02	-2.656294e-02	2.843917e-02	-2.853350e-02	-1.431986e-02	3.555821e-02	5.016319e-03	-6.125578e-03	8.184548e-03	1.362182e-03	1.323702e-03	6.103076e-01	-9.808433e-01	1.000000e+00	-9.822370e-01	6.398351e-01	-1.908625e-01	-1.392954e-01	1.731316e-01	-1.996618e-01	-2.088272e-02	6.811203e-02	
2.330391e-02	4.898687e-02	3.906061e-02	-5.624070e-02	2.254674e-02	-2.442298e-02	2.503380e-02	1.130250e-02	-3.069367e-02	-8.223315e-03	1.053955e-02	-1.387123e-02	-4.212701e-03	4.169193e-03	-6.606513e-01	9.278813e-01	-9.822370e-01	1.000000e+00	-5.591188e-01	9.742955e-02	1.392250e-01	-1.758523e-01	2.055453e-01	3.075915e-02	-8.621839e-02	
6.682676e-02	1.181198e-01	-8.780254e-02	5.374197e-02	1.156909e-03	-3.667859e-04	-4.202697e-03	2.589273e-02	-1.866973e-02	3.485319e-02	-4.695258e-02	5.964644e-02	9.695820e-03	-3.009380e-02	2.166777e-01	-7.001771e-01	6.398351e-01	-5.591188e-01	1.000000e+00	-8.633237e-01	-1.081171e-02	1.544909e-02	-1.769864e-02	6.965167e-02	-1.451159e-01	
-6.584151e-02	-1.581411e-01	6.293009e-02	-2.203822e-02	-1.322674e-02	1.328402e-02	-8.895449e-03	-2.928992e-02	3.124356e-02	-2.735097e-02	3.882604e-02	-5.084782e-02	-7.474318e-03	2.676788e-02	1.189662e-01	2.826490e-01	-1.908625e-01	9.742955e-02	-8.633237e-01	1.000000e+00	-6.028423e-02	7.254171e-02	-8.276207e-02	-9.875531e-02	2.271019e-01	
1.946111e-02	9.608391e-03	-4.383824e-01	2.795328e-01	5.179318e-02	-6.006449e-02	6.345303e-02	9.215605e-03	-3.903811e-02	2.111209e-01	-2.722290e-01	3.385664e-01	-7.952673e-03	-9.590203e-02	2.154823e-01	1.336838e-01	-1.392954e-01	1.392250e-01	-1.081171e-02	-6.028423e-02	1.000000e+00	-9.812720e-01	9.049173e-01	-7.663607e-01	5.619286e-01	
-1.167205e-02	-2.164005e-02	5.608720e-01	-3.562921e-01	-6.912913e-02	7.991261e-02	-8.432471e-02	-9.285907e-03	4.955801e-02	-2.714543e-01	3.500164e-01	-4.357326e-01	1.016419e-02	1.238522e-01	-2.789702e-01	-1.625883e-01	1.731316e-01	-1.758523e-01	1.544909e-02	7.254171e-02	-9.812720e-01	1.000000e+00	-9.690424e-01	7.076141e-01	-4.837833e-01	
-2.018032e-02	5.003424e-02	-6.996170e-01	4.421321e-01	8.865204e-02	-1.026827e-01	1.087540e-01	8.308940e-03	-6.089188e-02	3.416924e-01	-4.406153e-01	5.495133e-01	-1.567199e-02	-1.539447e-01	3.584252e-01	1.840763e-01	-1.996618e-01	2.055453e-01	-1.769864e-02	-8.276207e-02	9.049173e-01	-9.690424e-01	1.000000e+00	-5.810595e-01	3.428453e-01	
1.518306e-01	-8.741782e-02	-3.876893e-02	3.031935e-02	7.699126e-03	-8.212533e-03	6.705242e-03	-9.114008e-04	-3.663436e-04	-7.274764e-03	5.578144e-03	-4.897274e-03	4.202043e-02	-3.835017e-02	-4.321760e-03	5.040716e-03	-2.088272e-02	3.075915e-02	6.965167e-02	-9.875531e-02	-7.663607e-01	7.076141e-01	-5.810595e-01	1.000000e+00	-9.489552e-01	
-1.354705e-01	4.370419e-02	2.400729e-01	-1.565921e-01	-3.167477e-02	3.628533e-02	-3.629449e-02	-4.055586e-03	1.923545e-02	-8.937530e-02	1.204379e-01	-1.540739e-01	-3.873316e-02	8.479283e-02	-8.039808e-02	-4.009105e-02	6.811203e-02	-8.621839e-02	-1.451159e-01	2.271019e-01	5.619286e-01	-4.837833e-01	3.428453e-01	-9.489552e-01	1.000000e+00	

Time taken for mcmc chain: 1.292778 hours
