Number of steps: 5107731
Number of accepted steps: 1000000
Burn-in number of steps: 320000
Accepted fraction of steps: 0.195782
Convergence Status
R[0]= 1.001034	R[1]= 1.004332	R[2]= 1.021270	R[3]= 1.019518	R[4]= 1.003354	R[5]= 1.004281	R[6]= 1.005473	R[7]= 1.000735	R[8]= 1.000150	R[9]= 1.003711	R[10]= 1.006356	R[11]= 1.010442	R[12]= 1.000818	R[13]= 1.003089	R[14]= 1.045258	R[15]= 1.032031	R[16]= 1.038332	R[17]= 1.042589	R[18]= 1.001584	R[19]= 1.004471	R[20]= 1.004353	R[21]= 1.005230	R[22]= 1.007216	R[23]= 1.006098	R[24]= 1.006339	
<R>= 1.011122

Mean parameters
A[0]= 9.248159e-01 pm 3.537156e-02
A[1]= 1.046849e+00 pm 2.994990e-02
A[2]= 6.068926e-01 pm 3.813682e-01
A[3]= 3.007867e+00 pm 9.120415e-01
A[4]= -4.024225e+03 pm 3.741448e+03
A[5]= 2.021551e+03 pm 2.448195e+03
A[6]= -2.907958e+01 pm 5.705473e+02
A[7]= 1.677823e+01 pm 1.306658e+01
A[8]= -2.663448e-01 pm 1.803653e-01
A[9]= -3.715332e+03 pm 8.223824e+03
A[10]= 1.542757e+03 pm 4.936674e+03
A[11]= -4.014020e+02 pm 1.037559e+03
A[12]= 1.815154e+01 pm 4.833767e+01
A[13]= -5.420463e-01 pm 9.377779e-01
A[14]= 4.246053e+00 pm 1.327902e+00
A[15]= -6.690881e+03 pm 5.387438e+03
A[16]= 4.833085e+03 pm 3.560709e+03
A[17]= -8.347723e+02 pm 8.386821e+02
A[18]= 2.031517e+00 pm 1.937699e+01
A[19]= 1.427027e-01 pm 2.659205e-01
A[20]= 6.613460e+03 pm 1.148860e+04
A[21]= -3.789721e+03 pm 6.911917e+03
A[22]= 3.282770e+02 pm 1.453330e+03
A[23]= -5.090835e+01 pm 6.772410e+01
A[24]= 7.149334e-01 pm 1.334344e+00

Best-fitting parameters
A[0]= 9.397758e-01
A[1]= 1.039665e+00
A[2]= 6.788173e-01
A[3]= 3.142869e+00
A[4]= -6.987655e+03
A[5]= 3.796139e+03
A[6]= -3.829127e+02
A[7]= 1.727526e+01
A[8]= -1.740635e-01
A[9]= -7.083016e+03
A[10]= 4.153720e+03
A[11]= -1.061942e+03
A[12]= 3.338338e+01
A[13]= -5.517646e-01
A[14]= 3.614329e+00
A[15]= -7.435573e+03
A[16]= 4.971792e+03
A[17]= -7.787876e+02
A[18]= 1.527670e+01
A[19]= -5.435279e-02
A[20]= 8.699616e+03
A[21]= -4.715509e+03
A[22]= 4.066121e+02
A[23]= -6.372147e+01
A[24]= 7.824820e-01
chi2_min= 8.943541e+01


Cross-Covariance parameters
1.000000e+00	-5.103296e-01	-1.139585e-01	2.189935e-02	5.651151e-02	-6.217866e-02	5.838125e-02	5.861699e-02	-6.615649e-02	-3.315889e-02	4.880151e-02	-8.559098e-02	1.436482e-01	-1.086962e-01	1.661634e-02	8.573223e-02	-8.520662e-02	7.685456e-02	3.050112e-02	-4.697147e-02	-4.894812e-03	1.961907e-02	-5.840174e-02	1.230461e-01	-9.438778e-02	
-5.103296e-01	1.000000e+00	8.191613e-02	-8.555900e-02	-5.908413e-02	7.246582e-02	-9.114340e-02	1.441931e-01	-1.120117e-01	5.786178e-02	-7.252591e-02	9.931920e-02	-1.205673e-01	6.068610e-02	-1.670698e-01	-1.854848e-02	1.531943e-02	-1.984516e-02	1.726143e-01	-1.709611e-01	2.968310e-02	-4.435416e-02	7.599380e-02	-7.201038e-02	2.155374e-02	
-1.139585e-01	8.191613e-02	1.000000e+00	-6.491362e-01	-8.850637e-02	1.061801e-01	-1.104570e-01	-3.980803e-02	7.991392e-02	-3.771263e-01	5.002845e-01	-6.439882e-01	-1.407568e-01	2.871962e-01	-5.801862e-01	-1.729171e-01	1.801004e-01	-1.746373e-01	2.901105e-03	6.391889e-02	-3.877691e-01	5.044594e-01	-6.425760e-01	-1.694864e-01	3.182266e-01	
2.189935e-02	-8.555900e-02	-6.491362e-01	1.000000e+00	-5.128073e-01	5.618887e-01	-6.002638e-01	1.590158e-01	1.041964e-01	1.839414e-01	-2.443766e-01	3.201776e-01	-2.050736e-04	-5.099448e-02	3.741804e-01	1.248916e-01	-1.329960e-01	1.330925e-01	-3.286779e-02	-1.786777e-02	2.521265e-01	-3.280903e-01	4.195607e-01	1.117660e-01	-2.048213e-01	
5.651151e-02	-5.908413e-02	-8.850637e-02	-5.128073e-01	1.000000e+00	-9.847748e-01	9.422696e-01	-6.453224e-01	2.594416e-01	7.669820e-02	-1.188480e-01	1.644322e-01	1.363487e-01	-1.334575e-01	6.703772e-02	5.666498e-03	-5.693711e-03	5.066126e-03	1.893653e-02	-2.195571e-02	3.312126e-02	-4.396040e-02	5.515513e-02	1.835444e-02	-3.245117e-02	
-6.217866e-02	7.246582e-02	1.061801e-01	5.618887e-01	-9.847748e-01	1.000000e+00	-9.856280e-01	5.901560e-01	-1.882717e-01	-8.993225e-02	1.367726e-01	-1.877285e-01	-1.525907e-01	1.640050e-01	-8.141044e-02	-8.062425e-03	7.353926e-03	-6.003704e-03	-1.601606e-02	1.968131e-02	-4.270036e-02	5.521332e-02	-6.796168e-02	-1.753625e-02	3.412325e-02	
5.838125e-02	-9.114340e-02	-1.104570e-01	-6.002638e-01	9.422696e-01	-9.856280e-01	1.000000e+00	-5.243903e-01	1.222421e-01	1.019135e-01	-1.505184e-01	2.033919e-01	1.556818e-01	-1.773978e-01	8.995215e-02	7.292873e-03	-5.759187e-03	4.019208e-03	1.000131e-02	-1.323755e-02	4.638765e-02	-5.903662e-02	7.170439e-02	1.423885e-02	-3.090993e-02	
5.861699e-02	1.441931e-01	-3.980803e-02	1.590158e-01	-6.453224e-01	5.901560e-01	-5.243903e-01	1.000000e+00	-8.847952e-01	1.047136e-01	-8.903081e-02	6.136876e-02	-6.095897e-02	-9.799357e-02	-2.462333e-02	2.964140e-02	-3.075402e-02	2.842811e-02	3.882219e-02	-4.882020e-02	2.790095e-02	-3.290301e-02	3.776255e-02	9.481638e-03	-2.438531e-02	
-6.615649e-02	-1.120117e-01	7.991392e-02	1.041964e-01	2.594416e-01	-1.882717e-01	1.222421e-01	-8.847952e-01	1.000000e+00	-1.708574e-01	1.740698e-01	-1.634979e-01	1.175195e-02	1.988282e-01	-9.037584e-03	-3.122240e-02	3.177773e-02	-2.918088e-02	-4.249936e-02	5.388035e-02	-4.125736e-02	5.166218e-02	-6.255380e-02	-1.735517e-02	3.941612e-02	
-3.315889e-02	5.786178e-02	-3.771263e-01	1.839414e-01	7.669820e-02	-8.993225e-02	1.019135e-01	1.047136e-01	-1.708574e-01	1.000000e+00	-9.826614e-01	9.128972e-01	-7.463635e-01	5.566359e-01	2.077935e-01	6.994089e-02	-7.277828e-02	7.066623e-02	1.636401e-02	-4.547804e-02	1.408583e-01	-1.872784e-01	2.462115e-01	7.646530e-02	-1.383987e-01	
4.880151e-02	-7.252591e-02	5.002845e-01	-2.443766e-01	-1.188480e-01	1.367726e-01	-1.505184e-01	-8.903081e-02	1.740698e-01	-9.826614e-01	1.000000e+00	-9.719095e-01	6.932477e-01	-4.942123e-01	-2.774880e-01	-9.225212e-02	9.614379e-02	-9.348771e-02	-1.710963e-02	5.576531e-02	-1.949668e-01	2.568902e-01	-3.345402e-01	-8.982855e-02	1.728300e-01	
-8.559098e-02	9.931920e-02	-6.439882e-01	3.201776e-01	1.644322e-01	-1.877285e-01	2.033919e-01	6.136876e-02	-1.634979e-01	9.128972e-01	-9.719095e-01	1.000000e+00	-5.783813e-01	3.772739e-01	3.603996e-01	1.163450e-01	-1.214814e-01	1.183116e-01	1.718191e-02	-6.641269e-02	2.595623e-01	-3.401520e-01	4.406371e-01	1.026010e-01	-2.110584e-01	
1.436482e-01	-1.205673e-01	-1.407568e-01	-2.050736e-04	1.363487e-01	-1.525907e-01	1.556818e-01	-6.095897e-02	1.175195e-02	-7.463635e-01	6.932477e-01	-5.783813e-01	1.000000e+00	-9.476348e-01	9.248803e-02	2.117678e-02	-2.330110e-02	2.337810e-02	-3.095580e-03	-3.686723e-03	6.416124e-02	-7.824944e-02	8.894771e-02	1.506079e-02	-3.130965e-02	
-1.086962e-01	6.068610e-02	2.871962e-01	-5.099448e-02	-1.334575e-01	1.640050e-01	-1.773978e-01	-9.799357e-02	1.988282e-01	5.566359e-01	-4.942123e-01	3.772739e-01	-9.476348e-01	1.000000e+00	-1.679762e-01	-4.777278e-02	5.221135e-02	-5.242849e-02	-8.490095e-03	2.722300e-02	-1.249842e-01	1.592140e-01	-1.950905e-01	-3.694309e-02	8.071336e-02	
1.661634e-02	-1.670698e-01	-5.801862e-01	3.741804e-01	6.703772e-02	-8.141044e-02	8.995215e-02	-2.462333e-02	-9.037584e-03	2.077935e-01	-2.774880e-01	3.603996e-01	9.248803e-02	-1.679762e-01	1.000000e+00	-4.919186e-01	5.575303e-01	-6.099027e-01	3.029665e-02	2.291545e-01	1.131334e-01	-1.599888e-01	2.262475e-01	3.268132e-02	-6.689759e-02	
8.573223e-02	-1.854848e-02	-1.729171e-01	1.248916e-01	5.666498e-03	-8.062425e-03	7.292873e-03	2.964140e-02	-3.122240e-02	6.994089e-02	-9.225212e-02	1.163450e-01	2.117678e-02	-4.777278e-02	-4.919186e-01	1.000000e+00	-9.842111e-01	9.399873e-01	-5.716869e-01	1.855301e-01	2.165760e-01	-2.601797e-01	2.986125e-01	5.539690e-02	-1.022434e-01	
-8.520662e-02	1.531943e-02	1.801004e-01	-1.329960e-01	-5.693711e-03	7.353926e-03	-5.759187e-03	-3.075402e-02	3.177773e-02	-7.277828e-02	9.614379e-02	-1.214814e-01	-2.330110e-02	5.221135e-02	5.575303e-01	-9.842111e-01	1.000000e+00	-9.850821e-01	5.001496e-01	-9.903029e-02	-2.248296e-01	2.733054e-01	-3.168741e-01	-7.337081e-02	1.301248e-01	
7.685456e-02	-1.984516e-02	-1.746373e-01	1.330925e-01	5.066126e-03	-6.003704e-03	4.019208e-03	2.842811e-02	-2.918088e-02	7.066623e-02	-9.348771e-02	1.183116e-01	2.337810e-02	-5.242849e-02	-6.099027e-01	9.399873e-01	-9.850821e-01	1.000000e+00	-4.187961e-01	1.729704e-02	2.244011e-01	-2.753185e-01	3.216968e-01	8.506709e-02	-1.476919e-01	
3.050112e-02	1.726143e-01	2.901105e-03	-3.286779e-02	1.893653e-02	-1.601606e-02	1.000131e-02	3.882219e-02	-4.249936e-02	1.636401e-02	-1.710963e-02	1.718191e-02	-3.095580e-03	-8.490095e-03	3.029665e-02	-5.716869e-01	5.001496e-01	-4.187961e-01	1.000000e+00	-8.978100e-01	-3.095543e-02	3.947377e-02	-4.743667e-02	8.354120e-02	-1.586992e-01	
-4.697147e-02	-1.709611e-01	6.391889e-02	-1.786777e-02	-2.195571e-02	1.968131e-02	-1.323755e-02	-4.882020e-02	5.388035e-02	-4.547804e-02	5.576531e-02	-6.641269e-02	-3.686723e-03	2.722300e-02	2.291545e-01	1.855301e-01	-9.903029e-02	1.729704e-02	-8.978100e-01	1.000000e+00	-6.470857e-02	7.592922e-02	-8.449543e-02	-1.249779e-01	2.431618e-01	
-4.894812e-03	2.968310e-02	-3.877691e-01	2.521265e-01	3.312126e-02	-4.270036e-02	4.638765e-02	2.790095e-02	-4.125736e-02	1.408583e-01	-1.949668e-01	2.595623e-01	6.416124e-02	-1.249842e-01	1.131334e-01	2.165760e-01	-2.248296e-01	2.244011e-01	-3.095543e-02	-6.470857e-02	1.000000e+00	-9.838801e-01	9.184651e-01	-7.242973e-01	5.529786e-01	
1.961907e-02	-4.435416e-02	5.044594e-01	-3.280903e-01	-4.396040e-02	5.521332e-02	-5.903662e-02	-3.290301e-02	5.166218e-02	-1.872784e-01	2.568902e-01	-3.401520e-01	-7.824944e-02	1.592140e-01	-1.599888e-01	-2.601797e-01	2.733054e-01	-2.753185e-01	3.947377e-02	7.592922e-02	-9.838801e-01	1.000000e+00	-9.735518e-01	6.683624e-01	-4.863285e-01	
-5.840174e-02	7.599380e-02	-6.425760e-01	4.195607e-01	5.515513e-02	-6.796168e-02	7.170439e-02	3.776255e-02	-6.255380e-02	2.462115e-01	-3.345402e-01	4.406371e-01	8.894771e-02	-1.950905e-01	2.262475e-01	2.986125e-01	-3.168741e-01	3.216968e-01	-4.743667e-02	-8.449543e-02	9.184651e-01	-9.735518e-01	1.000000e+00	-5.533777e-01	3.654729e-01	
1.230461e-01	-7.201038e-02	-1.694864e-01	1.117660e-01	1.835444e-02	-1.753625e-02	1.423885e-02	9.481638e-03	-1.735517e-02	7.646530e-02	-8.982855e-02	1.026010e-01	1.506079e-02	-3.694309e-02	3.268132e-02	5.539690e-02	-7.337081e-02	8.506709e-02	8.354120e-02	-1.249779e-01	-7.242973e-01	6.683624e-01	-5.533777e-01	1.000000e+00	-9.629907e-01	
-9.438778e-02	2.155374e-02	3.182266e-01	-2.048213e-01	-3.245117e-02	3.412325e-02	-3.090993e-02	-2.438531e-02	3.941612e-02	-1.383987e-01	1.728300e-01	-2.110584e-01	-3.130965e-02	8.071336e-02	-6.689759e-02	-1.022434e-01	1.301248e-01	-1.476919e-01	-1.586992e-01	2.431618e-01	5.529786e-01	-4.863285e-01	3.654729e-01	-9.629907e-01	1.000000e+00	

Time taken for mcmc chain: 25.916667 minutes
