Number of steps: 11934151
Number of accepted steps: 1000000
Burn-in number of steps: 320000
Accepted fraction of steps: 0.083793
Convergence Status
R[0]= 1.002072	R[1]= 1.003490	R[2]= 1.026692	R[3]= 1.010764	R[4]= 1.000678	R[5]= 1.000588	R[6]= 1.000597	R[7]= 1.000778	R[8]= 1.001037	R[9]= 1.002009	R[10]= 1.003015	R[11]= 1.004622	R[12]= 1.001881	R[13]= 1.002426	R[14]= 1.009241	R[15]= 1.002699	R[16]= 1.002466	R[17]= 1.002077	R[18]= 1.001390	R[19]= 1.000678	R[20]= 1.005747	R[21]= 1.007948	R[22]= 1.010753	R[23]= 1.000626	R[24]= 1.001095	
<R>= 1.004215

Mean parameters
A[0]= 9.246461e-01 pm 3.577136e-02
A[1]= 1.046417e+00 pm 3.032926e-02
A[2]= 6.350308e-01 pm 4.284187e-01
A[3]= 2.953878e+00 pm 9.791558e-01
A[4]= -3.876583e+03 pm 3.811986e+03
A[5]= 1.903899e+03 pm 2.501665e+03
A[6]= 2.722930e+00 pm 5.856429e+02
A[7]= 1.632676e+01 pm 1.329995e+01
A[8]= -2.642986e-01 pm 1.820654e-01
A[9]= -3.855412e+03 pm 8.336075e+03
A[10]= 1.623675e+03 pm 4.994934e+03
A[11]= -4.193265e+02 pm 1.046826e+03
A[12]= 1.867398e+01 pm 4.886182e+01
A[13]= -5.465220e-01 pm 9.478616e-01
A[14]= 4.276701e+00 pm 1.348312e+00
A[15]= -6.917113e+03 pm 5.220040e+03
A[16]= 5.012750e+03 pm 3.428177e+03
A[17]= -8.822418e+02 pm 8.037724e+02
A[18]= 1.856150e+00 pm 1.933980e+01
A[19]= 1.501215e-01 pm 2.660966e-01
A[20]= 5.850879e+03 pm 1.191810e+04
A[21]= -3.303949e+03 pm 7.240654e+03
A[22]= 2.212160e+02 pm 1.543255e+03
A[23]= -4.924690e+01 pm 6.876936e+01
A[24]= 7.001165e-01 pm 1.340888e+00

Best-fitting parameters
A[0]= 9.322549e-01
A[1]= 1.042278e+00
A[2]= 7.756800e-01
A[3]= 2.592074e+00
A[4]= -5.388692e+03
A[5]= 2.744171e+03
A[6]= -1.469791e+02
A[7]= 2.577841e+01
A[8]= -4.060098e-01
A[9]= -1.242436e+02
A[10]= 4.059364e+01
A[11]= -3.071855e+02
A[12]= -5.761452e+00
A[13]= -1.991406e-01
A[14]= 3.527479e+00
A[15]= -5.448693e+03
A[16]= 4.010632e+03
A[17]= -6.538696e+02
A[18]= 2.977355e+00
A[19]= 1.020385e-01
A[20]= 3.674656e+03
A[21]= -1.695674e+03
A[22]= -2.340457e+02
A[23]= -3.604099e+01
A[24]= 3.737852e-01
chi2_min= 8.820574e+01


Cross-Covariance parameters
1.000000e+00	-5.300314e-01	-1.295876e-01	6.369089e-02	3.032236e-02	-3.335720e-02	2.801756e-02	7.130420e-02	-6.557181e-02	-1.904522e-02	3.297016e-02	-6.656220e-02	1.415189e-01	-1.130233e-01	3.636502e-02	6.474007e-02	-6.784153e-02	6.176859e-02	6.806404e-02	-7.652976e-02	-1.244648e-02	2.750236e-02	-6.418216e-02	1.438865e-01	-1.125901e-01	
-5.300314e-01	1.000000e+00	1.677710e-01	-1.509958e-01	-5.785762e-02	6.488818e-02	-7.753811e-02	1.435182e-01	-1.228654e-01	2.235118e-02	-2.758169e-02	4.143582e-02	-1.208835e-01	6.792224e-02	-2.147806e-01	-6.227554e-03	7.693684e-03	-1.540731e-02	1.504470e-01	-1.489168e-01	3.312895e-03	-1.127030e-02	3.358584e-02	-8.227045e-02	3.966123e-02	
-1.295876e-01	1.677710e-01	1.000000e+00	-6.875997e-01	-3.194894e-02	3.592604e-02	-3.127511e-02	-3.974342e-02	4.203155e-02	-3.653411e-01	4.832093e-01	-6.236228e-01	-1.512620e-01	2.862659e-01	-6.495301e-01	-1.309562e-01	1.459732e-01	-1.495271e-01	-2.167972e-02	6.346538e-02	-4.120927e-01	5.266450e-01	-6.600081e-01	-1.640508e-01	3.126909e-01	
6.369089e-02	-1.509958e-01	-6.875997e-01	1.000000e+00	-5.249572e-01	5.780342e-01	-6.190731e-01	1.641515e-01	1.113217e-01	1.806596e-01	-2.423277e-01	3.219730e-01	3.606405e-02	-8.452953e-02	4.759393e-01	7.976816e-02	-8.843427e-02	9.076258e-02	9.023257e-03	-3.556585e-02	2.813440e-01	-3.619071e-01	4.565358e-01	1.163232e-01	-2.188050e-01	
3.032236e-02	-5.785762e-02	-3.194894e-02	-5.249572e-01	1.000000e+00	-9.853695e-01	9.442950e-01	-6.520697e-01	2.644679e-01	6.946733e-02	-1.070816e-01	1.480065e-01	1.199159e-01	-1.145992e-01	1.825779e-02	1.687104e-02	-1.941404e-02	2.140737e-02	-1.278204e-02	4.386779e-03	3.414085e-02	-3.637524e-02	3.617136e-02	-1.442785e-02	9.613185e-03	
-3.335720e-02	6.488818e-02	3.592604e-02	5.780342e-01	-9.853695e-01	1.000000e+00	-9.860844e-01	5.981317e-01	-1.948917e-01	-8.106789e-02	1.223196e-01	-1.671024e-01	-1.301732e-01	1.376346e-01	-2.084640e-02	-1.867302e-02	2.169757e-02	-2.407123e-02	1.441914e-02	-5.300227e-03	-3.451531e-02	3.718275e-02	-3.745529e-02	1.099264e-02	-5.934543e-03	
2.801756e-02	-7.753811e-02	-3.127511e-02	-6.190731e-01	9.442950e-01	-9.860844e-01	1.000000e+00	-5.334275e-01	1.296385e-01	9.281318e-02	-1.353240e-01	1.810998e-01	1.274341e-01	-1.441145e-01	2.064262e-02	1.743553e-02	-2.069663e-02	2.358787e-02	-1.943251e-02	1.048734e-02	3.044881e-02	-3.262600e-02	3.243496e-02	-9.642193e-03	5.981625e-03	
7.130420e-02	1.435182e-01	-3.974342e-02	1.641515e-01	-6.520697e-01	5.981317e-01	-5.334275e-01	1.000000e+00	-8.843754e-01	1.169681e-01	-1.004467e-01	6.971272e-02	-7.458780e-02	-8.433457e-02	-1.261329e-03	1.012829e-02	-9.759434e-03	5.486844e-03	5.350211e-02	-5.055238e-02	3.463307e-03	-8.330734e-03	1.537705e-02	3.733131e-02	-4.780380e-02	
-6.557181e-02	-1.228654e-01	4.203155e-02	1.113217e-01	2.644679e-01	-1.948917e-01	1.296385e-01	-8.843754e-01	1.000000e+00	-1.760673e-01	1.755340e-01	-1.587565e-01	3.274230e-02	1.758533e-01	-2.541651e-03	-1.576173e-02	1.614061e-02	-1.277127e-02	-4.148150e-02	4.109730e-02	-1.570049e-02	2.047437e-02	-2.655401e-02	-2.621886e-02	3.779258e-02	
-1.904522e-02	2.235118e-02	-3.653411e-01	1.806596e-01	6.946733e-02	-8.106789e-02	9.281318e-02	1.169681e-01	-1.760673e-01	1.000000e+00	-9.832666e-01	9.153367e-01	-7.456138e-01	5.590506e-01	2.351968e-01	5.721426e-02	-6.294550e-02	6.366532e-02	1.911777e-02	-4.221669e-02	1.628441e-01	-2.094354e-01	2.652373e-01	5.347048e-02	-1.166218e-01	
3.297016e-02	-2.758169e-02	4.832093e-01	-2.423277e-01	-1.070816e-01	1.223196e-01	-1.353240e-01	-1.004467e-01	1.755340e-01	-9.832666e-01	1.000000e+00	-9.725576e-01	6.931861e-01	-4.986868e-01	-3.131206e-01	-7.239851e-02	8.013687e-02	-8.157836e-02	-2.233287e-02	5.045960e-02	-2.159790e-01	2.774341e-01	-3.510317e-01	-6.889776e-02	1.521456e-01	
-6.656220e-02	4.143582e-02	-6.236228e-01	3.219730e-01	1.480065e-01	-1.671024e-01	1.810998e-01	6.971272e-02	-1.587565e-01	9.153367e-01	-9.725576e-01	1.000000e+00	-5.791931e-01	3.839534e-01	4.073604e-01	8.874517e-02	-9.887089e-02	1.013349e-01	2.495082e-02	-5.866128e-02	2.807295e-01	-3.603178e-01	4.559050e-01	8.465983e-02	-1.927760e-01	
1.415189e-01	-1.208835e-01	-1.512620e-01	3.606405e-02	1.199159e-01	-1.301732e-01	1.274341e-01	-7.458780e-02	3.274230e-02	-7.456138e-01	6.931861e-01	-5.791931e-01	1.000000e+00	-9.488643e-01	9.887579e-02	2.001221e-02	-2.305142e-02	2.416322e-02	6.702208e-04	-3.564550e-03	5.910579e-02	-7.081394e-02	8.105477e-02	3.473954e-02	-5.017884e-02	
-1.130233e-01	6.792224e-02	2.862659e-01	-8.452953e-02	-1.145992e-01	1.376346e-01	-1.441145e-01	-8.433457e-02	1.758533e-01	5.590506e-01	-4.986868e-01	3.839534e-01	-9.488643e-01	1.000000e+00	-1.806316e-01	-4.109407e-02	4.632309e-02	-4.752812e-02	-1.295358e-02	2.299339e-02	-1.245387e-01	1.539905e-01	-1.859573e-01	-5.023053e-02	9.210438e-02	
3.636502e-02	-2.147806e-01	-6.495301e-01	4.759393e-01	1.825779e-02	-2.084640e-02	2.064262e-02	-1.261329e-03	-2.541651e-03	2.351968e-01	-3.131206e-01	4.073604e-01	9.887579e-02	-1.806316e-01	1.000000e+00	-4.559318e-01	5.127153e-01	-5.570818e-01	3.425720e-02	1.987878e-01	1.694590e-01	-2.254404e-01	2.996209e-01	5.345211e-02	-1.032991e-01	
6.474007e-02	-6.227554e-03	-1.309562e-01	7.976816e-02	1.687104e-02	-1.867302e-02	1.743553e-02	1.012829e-02	-1.576173e-02	5.721426e-02	-7.239851e-02	8.874517e-02	2.001221e-02	-4.109407e-02	-4.559318e-01	1.000000e+00	-9.835060e-01	9.370580e-01	-5.702852e-01	2.047129e-01	2.084932e-01	-2.468296e-01	2.789534e-01	3.796254e-02	-8.382774e-02	
-6.784153e-02	7.693684e-03	1.459732e-01	-8.843427e-02	-1.941404e-02	2.169757e-02	-2.069663e-02	-9.759434e-03	1.614061e-02	-6.294550e-02	8.013687e-02	-9.887089e-02	-2.305142e-02	4.632309e-02	5.127153e-01	-9.835060e-01	1.000000e+00	-9.842690e-01	4.985873e-01	-1.183876e-01	-2.211891e-01	2.653515e-01	-3.035452e-01	-5.570097e-02	1.126273e-01	
6.176859e-02	-1.540731e-02	-1.495271e-01	9.076258e-02	2.140737e-02	-2.407123e-02	2.358787e-02	5.486844e-03	-1.277127e-02	6.366532e-02	-8.157836e-02	1.013349e-01	2.416322e-02	-4.752812e-02	-5.570818e-01	9.370580e-01	-9.842690e-01	1.000000e+00	-4.164460e-01	3.625768e-02	2.246033e-01	-2.725096e-01	3.149374e-01	6.754594e-02	-1.312606e-01	
6.806404e-02	1.504470e-01	-2.167972e-02	9.023257e-03	-1.278204e-02	1.441914e-02	-1.943251e-02	5.350211e-02	-4.148150e-02	1.911777e-02	-2.233287e-02	2.495082e-02	6.702208e-04	-1.295358e-02	3.425720e-02	-5.702852e-01	4.985873e-01	-4.164460e-01	1.000000e+00	-9.054132e-01	-1.951541e-02	2.322310e-02	-2.656180e-02	8.323839e-02	-1.589060e-01	
-7.652976e-02	-1.489168e-01	6.346538e-02	-3.556585e-02	4.386779e-03	-5.300227e-03	1.048734e-02	-5.055238e-02	4.109730e-02	-4.221669e-02	5.045960e-02	-5.866128e-02	-3.564550e-03	2.299339e-02	1.987878e-01	2.047129e-01	-1.183876e-01	3.625768e-02	-9.054132e-01	1.000000e+00	-6.913780e-02	8.145728e-02	-9.038685e-02	-1.127383e-01	2.304250e-01	
-1.244648e-02	3.312895e-03	-4.120927e-01	2.813440e-01	3.414085e-02	-3.451531e-02	3.044881e-02	3.463307e-03	-1.570049e-02	1.628441e-01	-2.159790e-01	2.807295e-01	5.910579e-02	-1.245387e-01	1.694590e-01	2.084932e-01	-2.211891e-01	2.246033e-01	-1.951541e-02	-6.913780e-02	1.000000e+00	-9.839239e-01	9.193512e-01	-7.157237e-01	5.389022e-01	
2.750236e-02	-1.127030e-02	5.266450e-01	-3.619071e-01	-3.637524e-02	3.718275e-02	-3.262600e-02	-8.330734e-03	2.047437e-02	-2.094354e-01	2.774341e-01	-3.603178e-01	-7.081394e-02	1.539905e-01	-2.254404e-01	-2.468296e-01	2.653515e-01	-2.725096e-01	2.322310e-02	8.145728e-02	-9.839239e-01	1.000000e+00	-9.740552e-01	6.551950e-01	-4.677201e-01	
-6.418216e-02	3.358584e-02	-6.600081e-01	4.565358e-01	3.617136e-02	-3.745529e-02	3.243496e-02	1.537705e-02	-2.655401e-02	2.652373e-01	-3.510317e-01	4.559050e-01	8.105477e-02	-1.859573e-01	2.996209e-01	2.789534e-01	-3.035452e-01	3.149374e-01	-2.656180e-02	-9.038685e-02	9.193512e-01	-9.740552e-01	1.000000e+00	-5.359316e-01	3.428714e-01	
1.438865e-01	-8.227045e-02	-1.640508e-01	1.163232e-01	-1.442785e-02	1.099264e-02	-9.642193e-03	3.733131e-02	-2.621886e-02	5.347048e-02	-6.889776e-02	8.465983e-02	3.473954e-02	-5.023053e-02	5.345211e-02	3.796254e-02	-5.570097e-02	6.754594e-02	8.323839e-02	-1.127383e-01	-7.157237e-01	6.551950e-01	-5.359316e-01	1.000000e+00	-9.619225e-01	
-1.125901e-01	3.966123e-02	3.126909e-01	-2.188050e-01	9.613185e-03	-5.934543e-03	5.981625e-03	-4.780380e-02	3.779258e-02	-1.166218e-01	1.521456e-01	-1.927760e-01	-5.017884e-02	9.210438e-02	-1.032991e-01	-8.382774e-02	1.126273e-01	-1.312606e-01	-1.589060e-01	2.304250e-01	5.389022e-01	-4.677201e-01	3.428714e-01	-9.619225e-01	1.000000e+00	

Time taken for mcmc chain: 60.000000 minutes
