Number of steps: 4210501
Number of accepted steps: 1000000
Burn-in number of steps: 320000
Accepted fraction of steps: 0.237501
Convergence Status
R[0]= 1.008061	R[1]= 1.018837	R[2]= 1.095600	R[3]= 1.027291	R[4]= 1.000400	R[5]= 1.000296	R[6]= 1.000300	R[7]= 1.000706	R[8]= 1.000300	R[9]= 1.012468	R[10]= 1.017656	R[11]= 1.024102	R[12]= 1.000937	R[13]= 1.001328	R[14]= 1.047098	R[15]= 1.003884	R[16]= 1.004278	R[17]= 1.004506	R[18]= 1.001839	R[19]= 1.002328	R[20]= 1.011572	R[21]= 1.018399	R[22]= 1.027294	R[23]= 1.002957	R[24]= 1.007562	
<R>= 1.013600

Mean parameters
A[0]= 9.235477e-01 pm 3.434282e-02
A[1]= 1.049155e+00 pm 2.951695e-02
A[2]= 6.997074e-01 pm 5.124838e-01
A[3]= 3.779042e+00 pm 1.316202e+00
A[4]= -4.015081e+03 pm 3.680148e+03
A[5]= 2.012117e+03 pm 2.417975e+03
A[6]= -2.584923e+01 pm 5.673836e+02
A[7]= 1.639603e+01 pm 1.325925e+01
A[8]= -2.612872e-01 pm 1.832569e-01
A[9]= -4.691347e+03 pm 8.783532e+03
A[10]= 2.188635e+03 pm 5.327771e+03
A[11]= -5.487305e+02 pm 1.132690e+03
A[12]= 2.079535e+01 pm 4.882373e+01
A[13]= -5.666011e-01 pm 9.356299e-01
A[14]= 5.372883e+00 pm 1.754846e+00
A[15]= -6.869086e+03 pm 5.113569e+03
A[16]= 4.989407e+03 pm 3.352908e+03
A[17]= -8.770600e+02 pm 7.845000e+02
A[18]= 1.839726e+00 pm 1.893427e+01
A[19]= 1.520610e-01 pm 2.592432e-01
A[20]= 5.472950e+03 pm 1.198804e+04
A[21]= -2.936319e+03 pm 7.394827e+03
A[22]= 1.127045e+02 pm 1.606365e+03
A[23]= -5.009928e+01 pm 6.849850e+01
A[24]= 7.379651e-01 pm 1.348455e+00

Best-fitting parameters
A[0]= 9.275373e-01
A[1]= 1.043509e+00
A[2]= 2.249650e-01
A[3]= 4.689211e+00
A[4]= -3.318433e+03
A[5]= 1.517407e+03
A[6]= 8.785063e+01
A[7]= 1.537596e+01
A[8]= -2.654370e-01
A[9]= -2.700536e+03
A[10]= 2.500215e+02
A[11]= 7.443985e+01
A[12]= 3.843568e+01
A[13]= -9.570950e-01
A[14]= 7.459549e+00
A[15]= -9.982290e+03
A[16]= 6.970740e+03
A[17]= -1.287397e+03
A[18]= 1.319513e+01
A[19]= 6.793720e-02
A[20]= 1.558871e+04
A[21]= -9.885590e+03
A[22]= 1.765277e+03
A[23]= -7.647407e+01
A[24]= 9.242124e-01
chi2_min= 8.905943e+01


Cross-Covariance parameters
1.000000e+00	-5.024483e-01	-1.477706e-01	1.186692e-01	-5.298832e-03	9.965936e-03	-2.145683e-02	8.184234e-02	-5.233654e-02	2.095716e-03	1.039823e-02	-4.005199e-02	1.255283e-01	-1.008721e-01	5.803889e-02	8.978543e-02	-9.205543e-02	8.397017e-02	5.546927e-02	-7.063573e-02	1.755630e-02	-1.132629e-02	-1.502732e-02	1.414560e-01	-1.260976e-01	
-5.024483e-01	1.000000e+00	2.190469e-01	-2.048522e-01	-3.491245e-02	4.035020e-02	-5.145052e-02	1.215860e-01	-1.074082e-01	-6.178648e-03	1.148557e-02	-1.032989e-02	-1.074442e-01	6.809289e-02	-2.582408e-01	-7.093676e-03	4.587735e-03	-7.991717e-03	1.377916e-01	-1.355286e-01	-3.995795e-02	3.827434e-02	-2.309924e-02	-7.778478e-02	5.805670e-02	
-1.477706e-01	2.190469e-01	1.000000e+00	-7.339640e-01	-6.878167e-05	-2.415905e-04	8.825116e-03	-6.934318e-02	5.758439e-02	-4.484824e-01	5.607916e-01	-6.858229e-01	-4.231775e-02	1.896798e-01	-6.965755e-01	-1.671301e-01	1.780841e-01	-1.740752e-01	-2.088561e-02	8.590294e-02	-4.529668e-01	5.748709e-01	-7.051371e-01	-1.648845e-01	3.331270e-01	
1.186692e-01	-2.048522e-01	-7.339640e-01	1.000000e+00	-4.871114e-01	5.427526e-01	-5.867013e-01	1.577093e-01	9.503508e-02	2.648224e-01	-3.329666e-01	4.134507e-01	-1.417123e-02	-5.341391e-02	5.413242e-01	1.146709e-01	-1.232751e-01	1.218763e-01	1.607691e-02	-6.093889e-02	3.465154e-01	-4.369039e-01	5.331596e-01	1.166029e-01	-2.419222e-01	
-5.298832e-03	-3.491245e-02	-6.878167e-05	-4.871114e-01	1.000000e+00	-9.838328e-01	9.389912e-01	-6.538474e-01	2.793883e-01	5.895246e-02	-9.133401e-02	1.261401e-01	1.134177e-01	-1.052445e-01	1.000791e-02	6.215486e-03	-7.712047e-03	8.859043e-03	-1.159726e-02	9.370772e-03	-2.057553e-03	1.428693e-03	-2.233089e-05	1.104197e-02	-1.309312e-02	
9.965936e-03	4.035020e-02	-2.415905e-04	5.427526e-01	-9.838328e-01	1.000000e+00	-9.848959e-01	5.953498e-01	-2.041507e-01	-6.758658e-02	1.035897e-01	-1.423930e-01	-1.269141e-01	1.328426e-01	-1.198819e-02	-4.762036e-03	6.268106e-03	-7.819546e-03	1.392015e-02	-1.257483e-02	4.599640e-03	-3.642013e-03	1.872571e-03	-1.301596e-02	1.528458e-02	
-2.145683e-02	-5.145052e-02	8.825116e-03	-5.867013e-01	9.389912e-01	-9.848959e-01	1.000000e+00	-5.256533e-01	1.338887e-01	7.480473e-02	-1.120382e-01	1.520274e-01	1.272684e-01	-1.428920e-01	1.009518e-02	6.493380e-04	-1.862485e-03	3.857293e-03	-1.950685e-02	1.968751e-02	-1.107637e-02	1.094600e-02	-1.001883e-02	1.204871e-02	-1.253046e-02	
8.184234e-02	1.215860e-01	-6.934318e-02	1.577093e-01	-6.538474e-01	5.953498e-01	-5.256533e-01	1.000000e+00	-8.893447e-01	1.261677e-01	-1.121425e-01	8.567106e-02	-7.634480e-02	-8.785671e-02	7.043173e-03	1.490457e-02	-1.817376e-02	1.738465e-02	6.798834e-02	-7.402338e-02	3.172727e-02	-4.198735e-02	5.114502e-02	1.722000e-02	-3.365704e-02	
-5.233654e-02	-1.074082e-01	5.758439e-02	9.503508e-02	2.793883e-01	-2.041507e-01	1.338887e-01	-8.893447e-01	1.000000e+00	-1.755907e-01	1.744250e-01	-1.588764e-01	3.570796e-02	1.776736e-01	-5.095666e-03	-1.042464e-02	1.481774e-02	-1.577701e-02	-5.948773e-02	6.452539e-02	-2.604465e-02	3.560163e-02	-4.455288e-02	-1.486830e-02	3.071440e-02	
2.095716e-03	-6.178648e-03	-4.484824e-01	2.648224e-01	5.895246e-02	-6.758658e-02	7.480473e-02	1.261677e-01	-1.755907e-01	1.000000e+00	-9.837975e-01	9.200632e-01	-7.525489e-01	5.585503e-01	3.162049e-01	5.536686e-02	-6.239597e-02	6.208892e-02	3.975689e-02	-5.993300e-02	2.085620e-01	-2.659608e-01	3.282879e-01	7.420318e-02	-1.575845e-01	
1.039823e-02	1.148557e-02	5.607916e-01	-3.329666e-01	-9.133401e-02	1.035897e-01	-1.120382e-01	-1.121425e-01	1.744250e-01	-9.837975e-01	1.000000e+00	-9.747082e-01	6.995229e-01	-4.977827e-01	-3.984252e-01	-7.183508e-02	8.059355e-02	-8.055100e-02	-4.334576e-02	7.108666e-02	-2.603397e-01	3.330567e-01	-4.126318e-01	-9.245814e-02	1.974232e-01	
-4.005199e-02	-1.032989e-02	-6.858229e-01	4.134507e-01	1.261401e-01	-1.423930e-01	1.520274e-01	8.567106e-02	-1.588764e-01	9.200632e-01	-9.747082e-01	1.000000e+00	-5.897245e-01	3.873843e-01	4.913013e-01	9.074653e-02	-1.013069e-01	1.015967e-01	4.481097e-02	-8.121609e-02	3.209946e-01	-4.111204e-01	5.105672e-01	1.092943e-01	-2.391928e-01	
1.255283e-01	-1.074442e-01	-4.231775e-02	-1.417123e-02	1.134177e-01	-1.269141e-01	1.272684e-01	-7.634480e-02	3.570796e-02	-7.525489e-01	6.995229e-01	-5.897245e-01	1.000000e+00	-9.458101e-01	3.392149e-02	3.413573e-02	-3.465754e-02	3.430017e-02	-1.261689e-02	1.147063e-03	1.705777e-02	-2.203086e-02	2.568440e-02	2.145216e-02	-2.404392e-02	
-1.008721e-01	6.809289e-02	1.896798e-01	-5.341391e-02	-1.052445e-01	1.328426e-01	-1.428920e-01	-8.785671e-02	1.776736e-01	5.585503e-01	-4.977827e-01	3.873843e-01	-9.458101e-01	1.000000e+00	-1.337296e-01	-5.325722e-02	5.713735e-02	-5.759380e-02	-7.559137e-03	2.669034e-02	-8.520645e-02	1.116778e-01	-1.395633e-01	-4.580780e-02	7.838365e-02	
5.803889e-02	-2.582408e-01	-6.965755e-01	5.413242e-01	1.000791e-02	-1.198819e-02	1.009518e-02	7.043173e-03	-5.095666e-03	3.162049e-01	-3.984252e-01	4.913013e-01	3.392149e-02	-1.337296e-01	1.000000e+00	-3.889580e-01	4.417964e-01	-4.876519e-01	4.958478e-02	1.488937e-01	2.364932e-01	-3.037477e-01	3.823639e-01	6.240064e-02	-1.424826e-01	
8.978543e-02	-7.093676e-03	-1.671301e-01	1.146709e-01	6.215486e-03	-4.762036e-03	6.493380e-04	1.490457e-02	-1.042464e-02	5.536686e-02	-7.183508e-02	9.074653e-02	3.413573e-02	-5.325722e-02	-3.889580e-01	1.000000e+00	-9.837476e-01	9.377581e-01	-5.770634e-01	2.130370e-01	2.080122e-01	-2.527828e-01	2.915777e-01	5.752779e-02	-1.021128e-01	
-9.205543e-02	4.587735e-03	1.780841e-01	-1.232751e-01	-7.712047e-03	6.268106e-03	-1.862485e-03	-1.817376e-02	1.481774e-02	-6.239597e-02	8.059355e-02	-1.013069e-01	-3.465754e-02	5.713735e-02	4.417964e-01	-9.837476e-01	1.000000e+00	-9.843622e-01	5.084706e-01	-1.300462e-01	-2.204010e-01	2.707473e-01	-3.150129e-01	-7.487984e-02	1.298641e-01	
8.397017e-02	-7.991717e-03	-1.740752e-01	1.218763e-01	8.859043e-03	-7.819546e-03	3.857293e-03	1.738465e-02	-1.577701e-02	6.208892e-02	-8.055100e-02	1.015967e-01	3.430017e-02	-5.759380e-02	-4.876519e-01	9.377581e-01	-9.843622e-01	1.000000e+00	-4.288352e-01	5.054348e-02	2.219946e-01	-2.753000e-01	3.227115e-01	8.590207e-02	-1.467234e-01	
5.546927e-02	1.377916e-01	-2.088561e-02	1.607691e-02	-1.159726e-02	1.392015e-02	-1.950685e-02	6.798834e-02	-5.948773e-02	3.975689e-02	-4.334576e-02	4.481097e-02	-1.261689e-02	-7.559137e-03	4.958478e-02	-5.770634e-01	5.084706e-01	-4.288352e-01	1.000000e+00	-9.051758e-01	-1.221436e-02	1.589456e-02	-2.025951e-02	7.784490e-02	-1.558471e-01	
-7.063573e-02	-1.355286e-01	8.590294e-02	-6.093889e-02	9.370772e-03	-1.257483e-02	1.968751e-02	-7.402338e-02	6.452539e-02	-5.993300e-02	7.108666e-02	-8.121609e-02	1.147063e-03	2.669034e-02	1.488937e-01	2.130370e-01	-1.300462e-01	5.054348e-02	-9.051758e-01	1.000000e+00	-7.955344e-02	9.515764e-02	-1.064588e-01	-1.134398e-01	2.328334e-01	
1.755630e-02	-3.995795e-02	-4.529668e-01	3.465154e-01	-2.057553e-03	4.599640e-03	-1.107637e-02	3.172727e-02	-2.604465e-02	2.085620e-01	-2.603397e-01	3.209946e-01	1.705777e-02	-8.520645e-02	2.364932e-01	2.080122e-01	-2.204010e-01	2.219946e-01	-1.221436e-02	-7.955344e-02	1.000000e+00	-9.824767e-01	9.160405e-01	-6.909460e-01	5.022357e-01	
-1.132629e-02	3.827434e-02	5.748709e-01	-4.369039e-01	1.428693e-03	-3.642013e-03	1.094600e-02	-4.198735e-02	3.560163e-02	-2.659608e-01	3.330567e-01	-4.111204e-01	-2.203086e-02	1.116778e-01	-3.037477e-01	-2.527828e-01	2.707473e-01	-2.753000e-01	1.589456e-02	9.515764e-02	-9.824767e-01	1.000000e+00	-9.740595e-01	6.157439e-01	-4.146353e-01	
-1.502732e-02	-2.309924e-02	-7.051371e-01	5.331596e-01	-2.233089e-05	1.872571e-03	-1.001883e-02	5.114502e-02	-4.455288e-02	3.282879e-01	-4.126318e-01	5.105672e-01	2.568440e-02	-1.395633e-01	3.823639e-01	2.915777e-01	-3.150129e-01	3.227115e-01	-2.025951e-02	-1.064588e-01	9.160405e-01	-9.740595e-01	1.000000e+00	-4.851065e-01	2.782626e-01	
1.414560e-01	-7.778478e-02	-1.648845e-01	1.166029e-01	1.104197e-02	-1.301596e-02	1.204871e-02	1.722000e-02	-1.486830e-02	7.420318e-02	-9.245814e-02	1.092943e-01	2.145216e-02	-4.580780e-02	6.240064e-02	5.752779e-02	-7.487984e-02	8.590207e-02	7.784490e-02	-1.134398e-01	-6.909460e-01	6.157439e-01	-4.851065e-01	1.000000e+00	-9.604959e-01	
-1.260976e-01	5.805670e-02	3.331270e-01	-2.419222e-01	-1.309312e-02	1.528458e-02	-1.253046e-02	-3.365704e-02	3.071440e-02	-1.575845e-01	1.974232e-01	-2.391928e-01	-2.404392e-02	7.838365e-02	-1.424826e-01	-1.021128e-01	1.298641e-01	-1.467234e-01	-1.558471e-01	2.328334e-01	5.022357e-01	-4.146353e-01	2.782626e-01	-9.604959e-01	1.000000e+00	

Time taken for mcmc chain: 27.950000 minutes
