Number of steps: 3890678
Number of accepted steps: 1000000
Burn-in number of steps: 320000
Accepted fraction of steps: 0.257025
Convergence Status
R[0]= 1.003320	R[1]= 1.003344	R[2]= 1.011313	R[3]= 1.010371	R[4]= 1.000899	R[5]= 1.001302	R[6]= 1.001760	R[7]= 1.001546	R[8]= 1.001448	R[9]= 1.004058	R[10]= 1.005754	R[11]= 1.007819	R[12]= 1.004269	R[13]= 1.004915	R[14]= 1.011497	R[15]= 1.003136	R[16]= 1.003625	R[17]= 1.003890	R[18]= 1.000753	R[19]= 1.000993	R[20]= 1.006218	R[21]= 1.005897	R[22]= 1.005622	R[23]= 1.002210	R[24]= 1.001709	
<R>= 1.004307

Mean parameters
A[0]= 9.413217e-01 pm 3.212398e-02
A[1]= 1.052430e+00 pm 2.604946e-02
A[2]= 5.730349e-01 pm 3.760913e-01
A[3]= 4.262194e+00 pm 1.247798e+00
A[4]= -4.594640e+03 pm 3.732854e+03
A[5]= 2.397257e+03 pm 2.445081e+03
A[6]= -1.103013e+02 pm 5.721878e+02
A[7]= 1.120110e+01 pm 1.315297e+01
A[8]= -1.558158e-01 pm 1.792825e-01
A[9]= -1.950639e+03 pm 8.424824e+03
A[10]= 3.953907e+02 pm 5.070240e+03
A[11]= -1.548201e+02 pm 1.070792e+03
A[12]= -3.699894e+00 pm 4.823243e+01
A[13]= 2.986701e-02 pm 9.310229e-01
A[14]= 5.890416e+00 pm 1.747363e+00
A[15]= -6.248418e+03 pm 5.146797e+03
A[16]= 4.823206e+03 pm 3.383725e+03
A[17]= -8.971324e+02 pm 7.973220e+02
A[18]= -1.383314e+00 pm 1.918364e+01
A[19]= 2.018094e-01 pm 2.615067e-01
A[20]= 6.956713e+03 pm 1.160308e+04
A[21]= -3.790073e+03 pm 7.018255e+03
A[22]= 2.889731e+02 pm 1.485866e+03
A[23]= -4.526002e+01 pm 6.687433e+01
A[24]= 5.847783e-01 pm 1.296711e+00

Best-fitting parameters
A[0]= 9.447709e-01
A[1]= 1.045501e+00
A[2]= 7.267426e-01
A[3]= 4.282834e+00
A[4]= -6.800159e+03
A[5]= 3.933933e+03
A[6]= -4.579990e+02
A[7]= 9.876814e+00
A[8]= -5.996327e-02
A[9]= -7.061832e+03
A[10]= 3.783423e+03
A[11]= -9.314944e+02
A[12]= -1.595979e+00
A[13]= 2.889190e-01
A[14]= 4.821181e+00
A[15]= -3.769651e+03
A[16]= 3.219889e+03
A[17]= -5.524031e+02
A[18]= -5.667879e+00
A[19]= 2.189923e-01
A[20]= 1.049888e+04
A[21]= -5.395873e+03
A[22]= 4.666133e+02
A[23]= -8.466580e+01
A[24]= 1.371992e+00
chi2_min= 9.963369e+01


Cross-Covariance parameters
1.000000e+00	-4.813843e-01	-1.318697e-01	6.175239e-02	3.053072e-02	-2.899284e-02	1.763172e-02	7.803509e-02	-7.713615e-02	-2.242615e-02	3.683216e-02	-6.883185e-02	1.431854e-01	-1.178285e-01	2.439580e-02	7.246429e-02	-7.597521e-02	6.994521e-02	7.598545e-02	-8.724648e-02	2.964219e-04	1.004157e-02	-4.141455e-02	1.375466e-01	-1.132126e-01	
-4.813843e-01	1.000000e+00	1.608430e-01	-1.738317e-01	-2.390834e-02	2.638356e-02	-3.574885e-02	1.190895e-01	-1.029669e-01	2.604103e-02	-3.537777e-02	5.107154e-02	-1.252634e-01	8.062570e-02	-2.141359e-01	2.778031e-03	-2.918634e-03	-4.034276e-03	1.444672e-01	-1.507923e-01	-2.468548e-02	1.575713e-02	7.725917e-03	-6.000926e-02	2.575296e-02	
-1.318697e-01	1.608430e-01	1.000000e+00	-6.800661e-01	-7.893978e-02	8.147212e-02	-7.374017e-02	-8.943482e-04	2.613741e-02	-3.943159e-01	5.146945e-01	-6.550633e-01	-1.088877e-01	2.618827e-01	-6.497772e-01	-6.839217e-02	7.800710e-02	-7.782600e-02	-6.321917e-02	9.483858e-02	-4.104267e-01	5.221830e-01	-6.545674e-01	-1.196151e-01	2.701302e-01	
6.175239e-02	-1.738317e-01	-6.800661e-01	1.000000e+00	-4.974579e-01	5.552392e-01	-6.011263e-01	1.510807e-01	1.190798e-01	1.954689e-01	-2.583018e-01	3.372854e-01	2.918418e-02	-8.729217e-02	4.726643e-01	4.013901e-02	-4.383554e-02	4.290068e-02	2.277472e-02	-4.076302e-02	2.864209e-01	-3.632339e-01	4.536286e-01	7.148494e-02	-1.736145e-01	
3.053072e-02	-2.390834e-02	-7.893978e-02	-4.974579e-01	1.000000e+00	-9.848672e-01	9.420549e-01	-6.701408e-01	2.797031e-01	9.318644e-02	-1.334983e-01	1.764464e-01	8.140042e-02	-8.203843e-02	5.207338e-02	-1.812672e-03	-3.127982e-03	6.093569e-03	1.154526e-02	-1.356931e-02	3.581929e-02	-4.397945e-02	5.330656e-02	8.260688e-03	-2.008358e-02	
-2.899284e-02	2.638356e-02	8.147212e-02	5.552392e-01	-9.848672e-01	1.000000e+00	-9.854278e-01	6.188658e-01	-2.111507e-01	-1.036508e-01	1.470057e-01	-1.933207e-01	-8.881651e-02	1.021312e-01	-5.141925e-02	-4.370304e-03	9.305349e-03	-1.230860e-02	-6.342350e-03	1.002736e-02	-3.738261e-02	4.614525e-02	-5.624264e-02	-9.832192e-03	2.175133e-02	
1.763172e-02	-3.574885e-02	-7.374017e-02	-6.011263e-01	9.420549e-01	-9.854278e-01	1.000000e+00	-5.550304e-01	1.458139e-01	1.144618e-01	-1.583172e-01	2.049075e-01	8.386595e-02	-1.063231e-01	4.699797e-02	8.104601e-03	-1.288954e-02	1.620120e-02	-2.960889e-03	-1.747055e-03	3.409984e-02	-4.231978e-02	5.198791e-02	9.581702e-03	-1.976682e-02	
7.803509e-02	1.190895e-01	-8.943482e-04	1.510807e-01	-6.701408e-01	6.188658e-01	-5.550304e-01	1.000000e+00	-8.802323e-01	6.825834e-02	-4.616857e-02	1.178995e-02	-4.279083e-02	-1.051169e-01	-3.858234e-02	3.638234e-02	-3.555629e-02	3.111253e-02	3.343408e-02	-4.243820e-02	1.066370e-02	-1.210036e-02	1.232821e-02	1.438252e-02	-2.135827e-02	
-7.713615e-02	-1.029669e-01	2.613741e-02	1.190798e-01	2.797031e-01	-2.111507e-01	1.458139e-01	-8.802323e-01	1.000000e+00	-1.384133e-01	1.321489e-01	-1.113515e-01	1.428478e-02	1.882649e-01	1.786836e-02	-3.594570e-02	3.648592e-02	-3.291364e-02	-3.127065e-02	4.048099e-02	-2.189207e-02	2.623718e-02	-2.976636e-02	-1.753430e-02	2.838656e-02	
-2.242615e-02	2.604103e-02	-3.943159e-01	1.954689e-01	9.318644e-02	-1.036508e-01	1.144618e-01	6.825834e-02	-1.384133e-01	1.000000e+00	-9.831478e-01	9.157531e-01	-7.650190e-01	5.758483e-01	2.568544e-01	3.817348e-02	-4.122287e-02	3.968971e-02	2.540277e-02	-4.293822e-02	1.506547e-01	-2.018309e-01	2.657383e-01	6.189459e-02	-1.238576e-01	
3.683216e-02	-3.537777e-02	5.146945e-01	-2.583018e-01	-1.334983e-01	1.470057e-01	-1.583172e-01	-4.616857e-02	1.321489e-01	-9.831478e-01	1.000000e+00	-9.729820e-01	7.151172e-01	-5.169920e-01	-3.336653e-01	-4.785428e-02	5.270841e-02	-5.162192e-02	-3.258894e-02	5.530819e-02	-2.064977e-01	2.723525e-01	-3.540849e-01	-7.048029e-02	1.539549e-01	
-6.883185e-02	5.107154e-02	-6.550633e-01	3.372854e-01	1.764464e-01	-1.933207e-01	2.049075e-01	1.178995e-02	-1.113515e-01	9.157531e-01	-9.729820e-01	1.000000e+00	-6.045468e-01	4.043249e-01	4.253290e-01	5.596539e-02	-6.277880e-02	6.233331e-02	4.059052e-02	-6.839539e-02	2.726298e-01	-3.556244e-01	4.584603e-01	7.781542e-02	-1.870197e-01	
1.431854e-01	-1.252634e-01	-1.088877e-01	2.918418e-02	8.140042e-02	-8.881651e-02	8.386595e-02	-4.279083e-02	1.428478e-02	-7.650190e-01	7.151172e-01	-6.045468e-01	1.000000e+00	-9.467724e-01	6.970221e-02	9.323300e-03	-1.099307e-02	1.167051e-02	7.133988e-03	-5.399816e-03	6.646654e-02	-7.133332e-02	7.186999e-02	-2.334832e-03	-1.013252e-02	
-1.178285e-01	8.062570e-02	2.618827e-01	-8.729217e-02	-8.203843e-02	1.021312e-01	-1.063231e-01	-1.051169e-01	1.882649e-01	5.758483e-01	-5.169920e-01	4.043249e-01	-9.467724e-01	1.000000e+00	-1.651500e-01	-2.637485e-02	2.889055e-02	-2.828867e-02	-1.979526e-02	2.410746e-02	-1.369300e-01	1.614251e-01	-1.861714e-01	-1.103516e-02	5.141316e-02	
2.439580e-02	-2.141359e-01	-6.497772e-01	4.726643e-01	5.207338e-02	-5.141925e-02	4.699797e-02	-3.858234e-02	1.786836e-02	2.568544e-01	-3.336653e-01	4.253290e-01	6.970221e-02	-1.651500e-01	1.000000e+00	-5.014336e-01	5.639074e-01	-6.118779e-01	8.317351e-02	1.661134e-01	1.706011e-01	-2.235475e-01	2.947483e-01	3.257992e-02	-8.191763e-02	
7.246429e-02	2.778031e-03	-6.839217e-02	4.013901e-02	-1.812672e-03	-4.370304e-03	8.104601e-03	3.638234e-02	-3.594570e-02	3.817348e-02	-4.785428e-02	5.596539e-02	9.323300e-03	-2.637485e-02	-5.014336e-01	1.000000e+00	-9.832594e-01	9.362010e-01	-5.976302e-01	2.356133e-01	1.762126e-01	-2.087362e-01	2.365203e-01	2.127702e-02	-5.445476e-02	
-7.597521e-02	-2.918634e-03	7.800710e-02	-4.383554e-02	-3.127982e-03	9.305349e-03	-1.288954e-02	-3.555629e-02	3.648592e-02	-4.122287e-02	5.270841e-02	-6.277880e-02	-1.099307e-02	2.889055e-02	5.639074e-01	-9.832594e-01	1.000000e+00	-9.840773e-01	5.283043e-01	-1.497243e-01	-1.872339e-01	2.250247e-01	-2.582103e-01	-3.558841e-02	7.979704e-02	
6.994521e-02	-4.034276e-03	-7.782600e-02	4.290068e-02	6.093569e-03	-1.230860e-02	1.620120e-02	3.111253e-02	-3.291364e-02	3.968971e-02	-5.162192e-02	6.233331e-02	1.167051e-02	-2.828867e-02	-6.118779e-01	9.362010e-01	-9.840773e-01	1.000000e+00	-4.466914e-01	6.629815e-02	1.912521e-01	-2.322841e-01	2.689594e-01	4.366794e-02	-9.513765e-02	
7.598545e-02	1.444672e-01	-6.321917e-02	2.277472e-02	1.154526e-02	-6.342350e-03	-2.960889e-03	3.343408e-02	-3.127065e-02	2.540277e-02	-3.258894e-02	4.059052e-02	7.133988e-03	-1.979526e-02	8.317351e-02	-5.976302e-01	5.283043e-01	-4.466914e-01	1.000000e+00	-9.046988e-01	-9.739684e-03	1.128642e-02	-1.269224e-02	8.296873e-02	-1.624555e-01	
-8.724648e-02	-1.507923e-01	9.483858e-02	-4.076302e-02	-1.356931e-02	1.002736e-02	-1.747055e-03	-4.243820e-02	4.048099e-02	-4.293822e-02	5.530819e-02	-6.839539e-02	-5.399816e-03	2.410746e-02	1.661134e-01	2.356133e-01	-1.497243e-01	6.629815e-02	-9.046988e-01	1.000000e+00	-6.874801e-02	8.216424e-02	-9.309896e-02	-1.090375e-01	2.284916e-01	
2.964219e-04	-2.468548e-02	-4.104267e-01	2.864209e-01	3.581929e-02	-3.738261e-02	3.409984e-02	1.066370e-02	-2.189207e-02	1.506547e-01	-2.064977e-01	2.726298e-01	6.646654e-02	-1.369300e-01	1.706011e-01	1.762126e-01	-1.872339e-01	1.912521e-01	-9.739684e-03	-6.874801e-02	1.000000e+00	-9.843320e-01	9.209195e-01	-7.417876e-01	5.731774e-01	
1.004157e-02	1.575713e-02	5.221830e-01	-3.632339e-01	-4.397945e-02	4.614525e-02	-4.231978e-02	-1.210036e-02	2.623718e-02	-2.018309e-01	2.723525e-01	-3.556244e-01	-7.133332e-02	1.614251e-01	-2.235475e-01	-2.087362e-01	2.250247e-01	-2.322841e-01	1.128642e-02	8.216424e-02	-9.843320e-01	1.000000e+00	-9.744058e-01	6.909306e-01	-5.122368e-01	
-4.141455e-02	7.725917e-03	-6.545674e-01	4.536286e-01	5.330656e-02	-5.624264e-02	5.198791e-02	1.232821e-02	-2.976636e-02	2.657383e-01	-3.540849e-01	4.584603e-01	7.186999e-02	-1.861714e-01	2.947483e-01	2.365203e-01	-2.582103e-01	2.689594e-01	-1.269224e-02	-9.309896e-02	9.209195e-01	-9.744058e-01	1.000000e+00	-5.820645e-01	3.978843e-01	
1.375466e-01	-6.000926e-02	-1.196151e-01	7.148494e-02	8.260688e-03	-9.832192e-03	9.581702e-03	1.438252e-02	-1.753430e-02	6.189459e-02	-7.048029e-02	7.781542e-02	-2.334832e-03	-1.103516e-02	3.257992e-02	2.127702e-02	-3.558841e-02	4.366794e-02	8.296873e-02	-1.090375e-01	-7.417876e-01	6.909306e-01	-5.820645e-01	1.000000e+00	-9.624848e-01	
-1.132126e-01	2.575296e-02	2.701302e-01	-1.736145e-01	-2.008358e-02	2.175133e-02	-1.976682e-02	-2.135827e-02	2.838656e-02	-1.238576e-01	1.539549e-01	-1.870197e-01	-1.013252e-02	5.141316e-02	-8.191763e-02	-5.445476e-02	7.979704e-02	-9.513765e-02	-1.624555e-01	2.284916e-01	5.731774e-01	-5.122368e-01	3.978843e-01	-9.624848e-01	1.000000e+00	

Time taken for mcmc chain: 19.033333 minutes
