Number of steps: 9434091
Number of accepted steps: 1000000
Burn-in number of steps: 320000
Accepted fraction of steps: 0.105999
Convergence Status
R[0]= 1.000160	R[1]= 1.000488	R[2]= 1.001000	R[3]= 1.002437	R[4]= 1.000599	R[5]= 1.000771	R[6]= 1.000999	R[7]= 1.000423	R[8]= 1.000165	R[9]= 1.000303	R[10]= 1.000409	R[11]= 1.000539	R[12]= 1.000553	R[13]= 1.001082	R[14]= 1.001624	R[15]= 1.000894	R[16]= 1.001071	R[17]= 1.001152	R[18]= 1.000133	R[19]= 1.000294	R[20]= 1.000385	R[21]= 1.000476	R[22]= 1.000542	R[23]= 1.000700	R[24]= 1.000645	
<R>= 1.000714

Mean parameters
A[0]= 9.726565e-01 pm 2.905860e-02
A[1]= 1.061613e+00 pm 2.374882e-02
A[2]= 5.851339e-01 pm 3.555292e-01
A[3]= 4.231021e+00 pm 1.135831e+00
A[4]= -3.802496e+03 pm 3.735754e+03
A[5]= 2.306701e+03 pm 2.449579e+03
A[6]= -1.670229e+02 pm 5.769207e+02
A[7]= 2.569654e+00 pm 1.337601e+01
A[8]= -1.958396e-03 pm 1.775701e-01
A[9]= 1.487849e+03 pm 8.530337e+03
A[10]= -1.351801e+03 pm 5.179312e+03
A[11]= 1.113498e+02 pm 1.111289e+03
A[12]= -3.678567e+01 pm 4.837345e+01
A[13]= 8.898074e-01 pm 9.349752e-01
A[14]= 5.430266e+00 pm 1.570629e+00
A[15]= -5.581715e+03 pm 5.189207e+03
A[16]= 4.693104e+03 pm 3.397106e+03
A[17]= -9.326568e+02 pm 8.001893e+02
A[18]= 1.517867e+00 pm 1.961639e+01
A[19]= 1.398994e-01 pm 2.595207e-01
A[20]= 8.985321e+03 pm 1.152098e+04
A[21]= -4.376406e+03 pm 6.951218e+03
A[22]= 2.574905e+02 pm 1.472232e+03
A[23]= -4.443849e+01 pm 6.693282e+01
A[24]= 4.590895e-01 pm 1.295158e+00

Best-fitting parameters
A[0]= 9.626915e-01
A[1]= 1.055906e+00
A[2]= 6.317308e-01
A[3]= 4.097686e+00
A[4]= -4.482125e+03
A[5]= 2.770638e+03
A[6]= -2.648628e+02
A[7]= 5.674730e+00
A[8]= -5.077533e-02
A[9]= -5.443358e+03
A[10]= 2.399195e+03
A[11]= -5.403018e+02
A[12]= -1.249536e+01
A[13]= 4.879038e-01
A[14]= 5.045615e+00
A[15]= -4.190261e+03
A[16]= 3.917437e+03
A[17]= -7.703489e+02
A[18]= -3.252168e+00
A[19]= 1.427251e-01
A[20]= 1.347127e+04
A[21]= -6.434769e+03
A[22]= 5.397096e+02
A[23]= -7.557632e+01
A[24]= 1.019291e+00
chi2_min= 1.058468e+02


Cross-Covariance parameters
1.000000e+00	-4.750180e-01	-1.680801e-01	8.945382e-02	3.775318e-02	-4.222758e-02	3.678732e-02	5.886980e-02	-6.116241e-02	-6.245651e-03	8.623210e-03	-2.599354e-02	1.471843e-01	-1.257607e-01	6.044806e-02	5.553475e-02	-5.826498e-02	5.246687e-02	7.152977e-02	-8.560423e-02	1.236502e-02	-9.197527e-03	-1.163753e-02	1.300132e-01	-1.186331e-01	
-4.750180e-01	1.000000e+00	1.405221e-01	-1.562260e-01	-2.127592e-02	3.235161e-02	-5.072905e-02	1.273187e-01	-1.175410e-01	1.034642e-02	-1.547344e-02	2.861503e-02	-9.605737e-02	5.011432e-02	-1.879612e-01	1.909849e-02	-1.717306e-02	7.513431e-03	1.110664e-01	-1.238864e-01	-5.948871e-03	-1.958077e-03	2.210163e-02	-5.849066e-02	2.235174e-02	
-1.680801e-01	1.405221e-01	1.000000e+00	-7.118263e-01	-4.844386e-02	5.782178e-02	-5.701981e-02	-3.304417e-02	5.450269e-02	-4.195458e-01	5.423655e-01	-6.820760e-01	-9.203245e-02	2.611079e-01	-6.757514e-01	-4.146960e-02	4.145637e-02	-3.533161e-02	-3.483644e-02	3.950383e-02	-3.964613e-01	5.113854e-01	-6.496215e-01	-1.004888e-01	2.476298e-01	
8.945382e-02	-1.562260e-01	-7.118263e-01	1.000000e+00	-4.911096e-01	5.410688e-01	-5.806814e-01	2.003871e-01	5.340864e-02	2.242989e-01	-2.912970e-01	3.703865e-01	2.644181e-02	-1.054121e-01	5.012155e-01	2.930033e-02	-2.876716e-02	2.504116e-02	2.059173e-03	-4.482209e-03	2.789495e-01	-3.620276e-01	4.628710e-01	7.457709e-02	-1.764007e-01	
3.775318e-02	-2.127592e-02	-4.844386e-02	-4.911096e-01	1.000000e+00	-9.848031e-01	9.415979e-01	-7.049077e-01	3.334137e-01	9.013160e-02	-1.302201e-01	1.757845e-01	7.668524e-02	-7.267313e-02	3.597872e-02	3.813312e-03	-5.540672e-03	6.347639e-03	9.639312e-03	-1.233953e-02	3.390169e-02	-3.952981e-02	4.461308e-02	-3.347153e-04	-1.137877e-02	
-4.222758e-02	3.235161e-02	5.782178e-02	5.410688e-01	-9.848031e-01	1.000000e+00	-9.852498e-01	6.585675e-01	-2.684741e-01	-1.010984e-01	1.455104e-01	-1.960952e-01	-8.706943e-02	9.596219e-02	-4.316321e-02	-3.715659e-03	5.615191e-03	-6.623240e-03	-9.133762e-03	1.182237e-02	-3.768890e-02	4.412930e-02	-5.014603e-02	-2.225512e-04	1.293418e-02	
3.678732e-02	-5.072905e-02	-5.701981e-02	-5.806814e-01	9.415979e-01	-9.852498e-01	1.000000e+00	-5.971465e-01	2.038299e-01	1.124548e-01	-1.584587e-01	2.106349e-01	8.447810e-02	-1.028805e-01	4.598560e-02	1.987073e-03	-3.907209e-03	5.312047e-03	4.895651e-03	-6.965274e-03	3.732221e-02	-4.330593e-02	4.884148e-02	-1.302034e-03	-1.047680e-02	
5.886980e-02	1.273187e-01	-3.304417e-02	2.003871e-01	-7.049077e-01	6.585675e-01	-5.971465e-01	1.000000e+00	-8.842027e-01	7.900034e-02	-5.783017e-02	2.361391e-02	-5.699050e-02	-9.081317e-02	-2.274080e-03	-1.118595e-03	1.386744e-03	-3.691539e-03	4.061369e-02	-3.807863e-02	-4.118641e-03	-3.335498e-04	6.932958e-03	2.363700e-02	-2.868329e-02	
-6.116241e-02	-1.175410e-01	5.450269e-02	5.340864e-02	3.334137e-01	-2.684741e-01	2.038299e-01	-8.842027e-01	1.000000e+00	-1.515112e-01	1.473264e-01	-1.293034e-01	3.189349e-02	1.724773e-01	-1.580416e-02	4.753211e-03	-3.933992e-03	5.058542e-03	-4.460585e-02	4.103504e-02	-8.855315e-03	1.579725e-02	-2.520042e-02	-2.237493e-02	3.148677e-02	
-6.245651e-03	1.034642e-02	-4.195458e-01	2.242989e-01	9.013160e-02	-1.010984e-01	1.124548e-01	7.900034e-02	-1.515112e-01	1.000000e+00	-9.826064e-01	9.131794e-01	-7.584755e-01	5.589643e-01	2.895724e-01	1.561150e-02	-1.644586e-02	1.500423e-02	1.030630e-02	-1.158446e-02	1.770224e-01	-2.287453e-01	2.925145e-01	3.304184e-02	-1.012315e-01	
8.623210e-03	-1.547344e-02	5.423655e-01	-2.912970e-01	-1.302201e-01	1.455104e-01	-1.584587e-01	-5.783017e-02	1.473264e-01	-9.826064e-01	1.000000e+00	-9.722069e-01	7.029856e-01	-4.930108e-01	-3.728044e-01	-2.099680e-02	2.212558e-02	-2.012712e-02	-1.557619e-02	1.804246e-02	-2.282009e-01	2.951667e-01	-3.777075e-01	-4.337745e-02	1.316927e-01	
-2.599354e-02	2.861503e-02	-6.820760e-01	3.703865e-01	1.757845e-01	-1.960952e-01	2.106349e-01	2.361391e-02	-1.293034e-01	9.131794e-01	-9.722069e-01	1.000000e+00	-5.838121e-01	3.701290e-01	4.682121e-01	2.648622e-02	-2.783948e-02	2.519470e-02	2.111086e-02	-2.479713e-02	2.878227e-01	-3.723853e-01	4.768181e-01	5.301511e-02	-1.649104e-01	
1.471843e-01	-9.605737e-02	-9.203245e-02	2.644181e-02	7.668524e-02	-8.706943e-02	8.447810e-02	-5.699050e-02	3.189349e-02	-7.584755e-01	7.029856e-01	-5.838121e-01	1.000000e+00	-9.443199e-01	6.220603e-02	3.789466e-03	-3.018105e-03	7.162341e-04	1.941868e-02	-1.981634e-02	2.822097e-02	-3.487475e-02	4.051858e-02	2.229695e-02	-2.949560e-02	
-1.257607e-01	5.011432e-02	2.611079e-01	-1.054121e-01	-7.267313e-02	9.596219e-02	-1.028805e-01	-9.081317e-02	1.724773e-01	5.589643e-01	-4.930108e-01	3.701290e-01	-9.443199e-01	1.000000e+00	-1.757657e-01	-7.193755e-03	6.473120e-03	-3.009034e-03	-3.290808e-02	3.312802e-02	-9.836983e-02	1.267525e-01	-1.598275e-01	-3.446379e-02	7.044551e-02	
6.044806e-02	-1.879612e-01	-6.757514e-01	5.012155e-01	3.597872e-02	-4.316321e-02	4.598560e-02	-2.274080e-03	-1.580416e-02	2.895724e-01	-3.728044e-01	4.682121e-01	6.220603e-02	-1.757657e-01	1.000000e+00	-5.045670e-01	5.725531e-01	-6.250544e-01	1.238672e-01	1.406323e-01	1.610417e-01	-2.165059e-01	2.905813e-01	4.265274e-02	-9.436934e-02	
5.553475e-02	1.909849e-02	-4.146960e-02	2.930033e-02	3.813312e-03	-3.715659e-03	1.987073e-03	-1.118595e-03	4.753211e-03	1.561150e-02	-2.099680e-02	2.648622e-02	3.789466e-03	-7.193755e-03	-5.045670e-01	1.000000e+00	-9.829934e-01	9.341167e-01	-6.593317e-01	3.051140e-01	1.682544e-01	-2.007852e-01	2.309630e-01	-8.638953e-05	-3.016281e-02	
-5.826498e-02	-1.717306e-02	4.145637e-02	-2.876716e-02	-5.540672e-03	5.615191e-03	-3.907209e-03	1.386744e-03	-3.933992e-03	-1.644586e-02	2.212558e-02	-2.783948e-02	-3.018105e-03	6.473120e-03	5.725531e-01	-9.829934e-01	1.000000e+00	-9.832889e-01	5.986143e-01	-2.252655e-01	-1.776165e-01	2.146094e-01	-2.495983e-01	-1.064695e-02	5.046103e-02	
5.246687e-02	7.513431e-03	-3.533161e-02	2.504116e-02	6.347639e-03	-6.623240e-03	5.312047e-03	-3.691539e-03	5.058542e-03	1.500423e-02	-2.012712e-02	2.519470e-02	7.162341e-04	-3.009034e-03	-6.250544e-01	9.341167e-01	-9.832889e-01	1.000000e+00	-5.203015e-01	1.428130e-01	1.804621e-01	-2.201270e-01	2.582524e-01	1.732394e-02	-6.346013e-02	
7.152977e-02	1.110664e-01	-3.483644e-02	2.059173e-03	9.639312e-03	-9.133762e-03	4.895651e-03	4.061369e-02	-4.460585e-02	1.030630e-02	-1.557619e-02	2.111086e-02	1.941868e-02	-3.290808e-02	1.238672e-01	-6.593317e-01	5.986143e-01	-5.203015e-01	1.000000e+00	-9.023353e-01	-3.410489e-02	4.229299e-02	-5.114800e-02	8.149579e-02	-1.543413e-01	
-8.560423e-02	-1.238864e-01	3.950383e-02	-4.482209e-03	-1.233953e-02	1.182237e-02	-6.965274e-03	-3.807863e-02	4.103504e-02	-1.158446e-02	1.804246e-02	-2.479713e-02	-1.981634e-02	3.312802e-02	1.406323e-01	3.051140e-01	-2.252655e-01	1.428130e-01	-9.023353e-01	1.000000e+00	-3.992219e-02	4.535034e-02	-4.780227e-02	-9.933215e-02	2.125986e-01	
1.236502e-02	-5.948871e-03	-3.964613e-01	2.789495e-01	3.390169e-02	-3.768890e-02	3.732221e-02	-4.118641e-03	-8.855315e-03	1.770224e-01	-2.282009e-01	2.878227e-01	2.822097e-02	-9.836983e-02	1.610417e-01	1.682544e-01	-1.776165e-01	1.804621e-01	-3.410489e-02	-3.992219e-02	1.000000e+00	-9.840556e-01	9.185056e-01	-7.622128e-01	5.975314e-01	
-9.197527e-03	-1.958077e-03	5.113854e-01	-3.620276e-01	-3.952981e-02	4.412930e-02	-4.330593e-02	-3.335498e-04	1.579725e-02	-2.287453e-01	2.951667e-01	-3.723853e-01	-3.487475e-02	1.267525e-01	-2.165059e-01	-2.007852e-01	2.146094e-01	-2.201270e-01	4.229299e-02	4.535034e-02	-9.840556e-01	1.000000e+00	-9.733577e-01	7.139166e-01	-5.387786e-01	
-1.163753e-02	2.210163e-02	-6.496215e-01	4.628710e-01	4.461308e-02	-5.014603e-02	4.884148e-02	6.932958e-03	-2.520042e-02	2.925145e-01	-3.777075e-01	4.768181e-01	4.051858e-02	-1.598275e-01	2.905813e-01	2.309630e-01	-2.495983e-01	2.582524e-01	-5.114800e-02	-4.780227e-02	9.185056e-01	-9.733577e-01	1.000000e+00	-6.036188e-01	4.224207e-01	
1.300132e-01	-5.849066e-02	-1.004888e-01	7.457709e-02	-3.347153e-04	-2.225512e-04	-1.302034e-03	2.363700e-02	-2.237493e-02	3.304184e-02	-4.337745e-02	5.301511e-02	2.229695e-02	-3.446379e-02	4.265274e-02	-8.638953e-05	-1.064695e-02	1.732394e-02	8.149579e-02	-9.933215e-02	-7.622128e-01	7.139166e-01	-6.036188e-01	1.000000e+00	-9.624869e-01	
-1.186331e-01	2.235174e-02	2.476298e-01	-1.764007e-01	-1.137877e-02	1.293418e-02	-1.047680e-02	-2.868329e-02	3.148677e-02	-1.012315e-01	1.316927e-01	-1.649104e-01	-2.949560e-02	7.044551e-02	-9.436934e-02	-3.016281e-02	5.046103e-02	-6.346013e-02	-1.543413e-01	2.125986e-01	5.975314e-01	-5.387786e-01	4.224207e-01	-9.624869e-01	1.000000e+00	

Time taken for mcmc chain: 44.566667 minutes
