Number of steps: 10908993
Number of accepted steps: 1000000
Burn-in number of steps: 320000
Accepted fraction of steps: 0.091667
Convergence Status
R[0]= 1.000422	R[1]= 1.002835	R[2]= 1.008111	R[3]= 1.003323	R[4]= 1.000774	R[5]= 1.000570	R[6]= 1.000486	R[7]= 1.000644	R[8]= 1.000319	R[9]= 1.002053	R[10]= 1.002696	R[11]= 1.003492	R[12]= 1.000219	R[13]= 1.000865	R[14]= 1.004787	R[15]= 1.000803	R[16]= 1.001198	R[17]= 1.001545	R[18]= 1.000190	R[19]= 1.000192	R[20]= 1.000860	R[21]= 1.001217	R[22]= 1.001787	R[23]= 1.000550	R[24]= 1.000532	
<R>= 1.001619

Mean parameters
A[0]= 9.729123e-01 pm 2.922640e-02
A[1]= 1.061463e+00 pm 2.409688e-02
A[2]= 6.035651e-01 pm 3.871545e-01
A[3]= 4.214677e+00 pm 1.147722e+00
A[4]= -3.911202e+03 pm 3.699371e+03
A[5]= 2.377436e+03 pm 2.424413e+03
A[6]= -1.826172e+02 pm 5.703029e+02
A[7]= 2.872743e+00 pm 1.322471e+01
A[8]= -4.041636e-03 pm 1.773905e-01
A[9]= 1.443040e+03 pm 8.703750e+03
A[10]= -1.278815e+03 pm 5.323060e+03
A[11]= 8.392120e+01 pm 1.150420e+03
A[12]= -3.759709e+01 pm 4.836951e+01
A[13]= 9.138756e-01 pm 9.325991e-01
A[14]= 5.356254e+00 pm 1.602633e+00
A[15]= -5.459597e+03 pm 5.165483e+03
A[16]= 4.603675e+03 pm 3.395409e+03
A[17]= -9.086015e+02 pm 8.028077e+02
A[18]= 1.497237e+00 pm 1.938747e+01
A[19]= 1.361921e-01 pm 2.574850e-01
A[20]= 8.824780e+03 pm 1.164015e+04
A[21]= -4.259338e+03 pm 7.034260e+03
A[22]= 2.278131e+02 pm 1.492663e+03
A[23]= -4.412558e+01 pm 6.747945e+01
A[24]= 4.608361e-01 pm 1.306507e+00

Best-fitting parameters
A[0]= 9.727661e-01
A[1]= 1.086450e+00
A[2]= 8.523463e-01
A[3]= 3.099910e+00
A[4]= -2.211909e+03
A[5]= 1.305506e+03
A[6]= 5.021080e+01
A[7]= 4.735844e+00
A[8]= -6.920443e-02
A[9]= -1.117131e+02
A[10]= -3.461495e+01
A[11]= -2.758895e+02
A[12]= -3.880047e+01
A[13]= 9.929800e-01
A[14]= 4.580130e+00
A[15]= -7.434875e+03
A[16]= 5.852712e+03
A[17]= -1.197452e+03
A[18]= 8.327382e+00
A[19]= 9.281130e-02
A[20]= 9.394454e+03
A[21]= -3.957383e+03
A[22]= -6.943805e+01
A[23]= -8.173867e+01
A[24]= 1.183078e+00
chi2_min= 1.060060e+02


Cross-Covariance parameters
1.000000e+00	-4.920205e-01	-1.858119e-01	1.093210e-01	3.480178e-02	-3.939308e-02	3.376396e-02	7.333864e-02	-7.878636e-02	5.486257e-03	-7.957263e-03	-5.874225e-03	1.455181e-01	-1.321855e-01	8.741747e-02	4.873897e-02	-5.025217e-02	4.333794e-02	6.905776e-02	-7.729948e-02	1.652012e-02	-1.576205e-02	-2.025739e-03	1.411238e-01	-1.333339e-01	
-4.920205e-01	1.000000e+00	1.844333e-01	-1.939487e-01	-1.155807e-02	2.015510e-02	-3.588056e-02	1.222035e-01	-1.156074e-01	-1.315793e-02	1.126292e-02	-4.917473e-04	-8.748249e-02	4.877368e-02	-2.202159e-01	1.797455e-02	-1.880298e-02	1.311293e-02	1.199240e-01	-1.340332e-01	-1.412306e-02	1.040693e-02	4.898714e-03	-7.512604e-02	4.960693e-02	
-1.858119e-01	1.844333e-01	1.000000e+00	-7.285126e-01	-6.237295e-02	6.875380e-02	-6.571412e-02	-2.788024e-02	4.761865e-02	-4.499230e-01	5.699063e-01	-7.018452e-01	-7.301415e-02	2.538165e-01	-6.929668e-01	-1.500631e-02	1.786515e-02	-1.239570e-02	-3.304810e-02	2.888619e-02	-3.886459e-01	5.022141e-01	-6.382867e-01	-1.147079e-01	2.666306e-01	
1.093210e-01	-1.939487e-01	-7.285126e-01	1.000000e+00	-4.616272e-01	5.124790e-01	-5.530846e-01	1.885405e-01	5.707826e-02	2.648893e-01	-3.335528e-01	4.106731e-01	8.082544e-03	-1.007826e-01	5.262116e-01	4.140004e-03	-7.474431e-03	6.380502e-03	1.509458e-02	-1.055734e-02	2.860384e-01	-3.704596e-01	4.721089e-01	8.505621e-02	-1.965629e-01	
3.480178e-02	-1.155807e-02	-6.237295e-02	-4.616272e-01	1.000000e+00	-9.844455e-01	9.403763e-01	-6.909615e-01	3.128410e-01	8.361487e-02	-1.260890e-01	1.744300e-01	9.622233e-02	-9.591029e-02	5.242577e-02	1.016781e-02	-9.579841e-03	8.124212e-03	-4.064319e-03	2.284374e-03	3.447314e-02	-4.274331e-02	5.200060e-02	4.699315e-03	-1.583081e-02	
-3.939308e-02	2.015510e-02	6.875380e-02	5.124790e-01	-9.844455e-01	1.000000e+00	-9.849874e-01	6.465087e-01	-2.507881e-01	-9.543021e-02	1.415128e-01	-1.940065e-01	-1.046770e-01	1.169304e-01	-5.764274e-02	-1.215887e-02	1.128756e-02	-9.449481e-03	6.336631e-03	-3.849219e-03	-3.798220e-02	4.682199e-02	-5.653329e-02	-4.555715e-03	1.647660e-02	
3.376396e-02	-3.588056e-02	-6.571412e-02	-5.530846e-01	9.403763e-01	-9.849874e-01	1.000000e+00	-5.872583e-01	1.896355e-01	1.075235e-01	-1.543842e-01	2.076065e-01	1.000107e-01	-1.212687e-01	5.843707e-02	1.248819e-02	-1.132215e-02	9.425716e-03	-1.216627e-02	9.482480e-03	3.684180e-02	-4.513536e-02	5.412960e-02	2.958969e-03	-1.370782e-02	
7.333864e-02	1.222035e-01	-2.788024e-02	1.885405e-01	-6.909615e-01	6.465087e-01	-5.872583e-01	1.000000e+00	-8.827782e-01	9.134800e-02	-7.034884e-02	3.546495e-02	-7.232782e-02	-7.819281e-02	-1.605329e-02	7.746553e-03	-9.881453e-03	8.646354e-03	5.040655e-02	-5.574885e-02	1.157246e-02	-1.487599e-02	1.801695e-02	1.437317e-02	-2.400216e-02	
-7.878636e-02	-1.156074e-01	4.761865e-02	5.707826e-02	3.128410e-01	-2.507881e-01	1.896355e-01	-8.827782e-01	1.000000e+00	-1.594420e-01	1.557433e-01	-1.372959e-01	4.179552e-02	1.646839e-01	-2.876460e-03	-1.156999e-02	1.352771e-02	-1.187880e-02	-4.962679e-02	5.694047e-02	-2.750066e-02	3.346154e-02	-3.941455e-02	-1.185618e-02	2.584691e-02	
5.486257e-03	-1.315793e-02	-4.499230e-01	2.648893e-01	8.361487e-02	-9.543021e-02	1.075235e-01	9.134800e-02	-1.594420e-01	1.000000e+00	-9.829115e-01	9.162720e-01	-7.516067e-01	5.422926e-01	3.100997e-01	8.645862e-03	-1.304639e-02	1.341166e-02	2.024958e-02	-2.100984e-02	1.841182e-01	-2.390459e-01	3.067588e-01	5.042157e-02	-1.258313e-01	
-7.957263e-03	1.126292e-02	5.699063e-01	-3.335528e-01	-1.260890e-01	1.415128e-01	-1.543842e-01	-7.034884e-02	1.557433e-01	-9.829115e-01	1.000000e+00	-9.736074e-01	6.922495e-01	-4.714619e-01	-3.955761e-01	-1.101123e-02	1.550063e-02	-1.488654e-02	-2.557001e-02	2.639671e-02	-2.354848e-01	3.052224e-01	-3.909522e-01	-5.997231e-02	1.559213e-01	
-5.874225e-03	-4.917473e-04	-7.018452e-01	4.106731e-01	1.744300e-01	-1.940065e-01	2.076065e-01	3.546495e-02	-1.372959e-01	9.162720e-01	-9.736074e-01	1.000000e+00	-5.726885e-01	3.475792e-01	4.907107e-01	1.304793e-02	-1.752910e-02	1.588726e-02	2.994430e-02	-3.061839e-02	2.932664e-01	-3.797639e-01	4.861821e-01	6.811629e-02	-1.873070e-01	
1.455181e-01	-8.748249e-02	-7.301415e-02	8.082544e-03	9.622233e-02	-1.046770e-01	1.000107e-01	-7.232782e-02	4.179552e-02	-7.516067e-01	6.922495e-01	-5.726885e-01	1.000000e+00	-9.418037e-01	5.789676e-02	7.630640e-03	-4.564009e-03	6.743660e-04	1.460874e-03	-1.290320e-03	2.487128e-02	-3.049578e-02	3.429961e-02	1.544432e-02	-2.081488e-02	
-1.321855e-01	4.877368e-02	2.538165e-01	-1.007826e-01	-9.591029e-02	1.169304e-01	-1.212687e-01	-7.819281e-02	1.646839e-01	5.422926e-01	-4.714619e-01	3.475792e-01	-9.418037e-01	1.000000e+00	-1.785877e-01	-1.326804e-02	1.123253e-02	-6.346904e-03	-1.603600e-02	1.791214e-02	-1.032464e-01	1.319320e-01	-1.642693e-01	-3.044620e-02	6.869805e-02	
8.741747e-02	-2.202159e-01	-6.929668e-01	5.262116e-01	5.242577e-02	-5.764274e-02	5.843707e-02	-1.605329e-02	-2.876460e-03	3.100997e-01	-3.955761e-01	4.907107e-01	5.789676e-02	-1.785877e-01	1.000000e+00	-5.084851e-01	5.713248e-01	-6.206257e-01	1.168907e-01	1.483716e-01	1.712554e-01	-2.274612e-01	3.009781e-01	5.269422e-02	-1.132716e-01	
4.873897e-02	1.797455e-02	-1.500631e-02	4.140004e-03	1.016781e-02	-1.215887e-02	1.248819e-02	7.746553e-03	-1.156999e-02	8.645862e-03	-1.101123e-02	1.304793e-02	7.630640e-03	-1.326804e-02	-5.084851e-01	1.000000e+00	-9.832097e-01	9.353573e-01	-6.499396e-01	2.878556e-01	1.641230e-01	-1.963964e-01	2.267223e-01	-1.997066e-03	-2.678927e-02	
-5.025217e-02	-1.880298e-02	1.786515e-02	-7.474431e-03	-9.579841e-03	1.128756e-02	-1.132215e-02	-9.881453e-03	1.352771e-02	-1.304639e-02	1.550063e-02	-1.752910e-02	-4.564009e-03	1.123253e-02	5.713248e-01	-9.832097e-01	1.000000e+00	-9.836957e-01	5.872977e-01	-2.063346e-01	-1.743392e-01	2.117278e-01	-2.477772e-01	-1.019811e-02	4.905134e-02	
4.333794e-02	1.311293e-02	-1.239570e-02	6.380502e-03	8.124212e-03	-9.449481e-03	9.425716e-03	8.646354e-03	-1.187880e-02	1.341166e-02	-1.488654e-02	1.588726e-02	6.743660e-04	-6.346904e-03	-6.206257e-01	9.353573e-01	-9.836957e-01	1.000000e+00	-5.080529e-01	1.232444e-01	1.772950e-01	-2.177190e-01	2.574249e-01	1.780790e-02	-6.312196e-02	
6.905776e-02	1.199240e-01	-3.304810e-02	1.509458e-02	-4.064319e-03	6.336631e-03	-1.216627e-02	5.040655e-02	-4.962679e-02	2.024958e-02	-2.557001e-02	2.994430e-02	1.460874e-03	-1.603600e-02	1.168907e-01	-6.499396e-01	5.872977e-01	-5.080529e-01	1.000000e+00	-8.996675e-01	-3.623083e-02	4.242111e-02	-4.915416e-02	8.299523e-02	-1.539538e-01	
-7.729948e-02	-1.340332e-01	2.888619e-02	-1.055734e-02	2.284374e-03	-3.849219e-03	9.482480e-03	-5.574885e-02	5.694047e-02	-2.100984e-02	2.639671e-02	-3.061839e-02	-1.290320e-03	1.791214e-02	1.483716e-01	2.878556e-01	-2.063346e-01	1.232444e-01	-8.996675e-01	1.000000e+00	-3.820415e-02	4.647972e-02	-5.223239e-02	-9.892881e-02	2.093255e-01	
1.652012e-02	-1.412306e-02	-3.886459e-01	2.860384e-01	3.447314e-02	-3.798220e-02	3.684180e-02	1.157246e-02	-2.750066e-02	1.841182e-01	-2.354848e-01	2.932664e-01	2.487128e-02	-1.032464e-01	1.712554e-01	1.641230e-01	-1.743392e-01	1.772950e-01	-3.623083e-02	-3.820415e-02	1.000000e+00	-9.840780e-01	9.184076e-01	-7.579908e-01	5.885597e-01	
-1.576205e-02	1.040693e-02	5.022141e-01	-3.704596e-01	-4.274331e-02	4.682199e-02	-4.513536e-02	-1.487599e-02	3.346154e-02	-2.390459e-01	3.052224e-01	-3.797639e-01	-3.049578e-02	1.319320e-01	-2.274612e-01	-1.963964e-01	2.117278e-01	-2.177190e-01	4.242111e-02	4.647972e-02	-9.840780e-01	1.000000e+00	-9.733104e-01	7.054168e-01	-5.248186e-01	
-2.025739e-03	4.898714e-03	-6.382867e-01	4.721089e-01	5.200060e-02	-5.653329e-02	5.412960e-02	1.801695e-02	-3.941455e-02	3.067588e-01	-3.909522e-01	4.861821e-01	3.429961e-02	-1.642693e-01	3.009781e-01	2.267223e-01	-2.477772e-01	2.574249e-01	-4.915416e-02	-5.223239e-02	9.184076e-01	-9.733104e-01	1.000000e+00	-5.905574e-01	4.032413e-01	
1.411238e-01	-7.512604e-02	-1.147079e-01	8.505621e-02	4.699315e-03	-4.555715e-03	2.958969e-03	1.437317e-02	-1.185618e-02	5.042157e-02	-5.997231e-02	6.811629e-02	1.544432e-02	-3.044620e-02	5.269422e-02	-1.997066e-03	-1.019811e-02	1.780790e-02	8.299523e-02	-9.892881e-02	-7.579908e-01	7.054168e-01	-5.905574e-01	1.000000e+00	-9.619009e-01	
-1.333339e-01	4.960693e-02	2.666306e-01	-1.965629e-01	-1.583081e-02	1.647660e-02	-1.370782e-02	-2.400216e-02	2.584691e-02	-1.258313e-01	1.559213e-01	-1.873070e-01	-2.081488e-02	6.869805e-02	-1.132716e-01	-2.678927e-02	4.905134e-02	-6.312196e-02	-1.539538e-01	2.093255e-01	5.885597e-01	-5.248186e-01	4.032413e-01	-9.619009e-01	1.000000e+00	

Time taken for mcmc chain: 55.016667 minutes
