Number of steps: 2924805
Number of accepted steps: 500000
Burn-in number of steps: 320000
Accepted fraction of steps: 0.170952
Convergence Status
R[0]= -nan	R[1]= -nan	R[2]= -nan	R[3]= -nan	R[4]= -nan	R[5]= -nan	R[6]= -nan	R[7]= -nan	R[8]= -nan	R[9]= -nan	R[10]= -nan	R[11]= -nan	R[12]= -nan	R[13]= -nan	R[14]= -nan	R[15]= -nan	R[16]= -nan	R[17]= -nan	R[18]= -nan	R[19]= -nan	R[20]= -nan	R[21]= -nan	R[22]= -nan	R[23]= -nan	R[24]= -nan	
<R>= -nan

Mean parameters
A[0]= 9.376589e-01 pm 3.743520e-02
A[1]= 1.053059e+00 pm 3.387716e-02
A[2]= 5.079503e-01 pm 4.137818e-01
A[3]= 2.848637e+00 pm 8.967747e-01
A[4]= -3.877266e+03 pm 3.780613e+03
A[5]= 1.916741e+03 pm 2.486265e+03
A[6]= -1.080741e+01 pm 5.832717e+02
A[7]= 1.839131e+01 pm 1.308560e+01
A[8]= -2.907959e-01 pm 1.797912e-01
A[9]= -2.541204e+03 pm 8.435816e+03
A[10]= 6.905572e+02 pm 5.064321e+03
A[11]= -1.988258e+02 pm 1.065906e+03
A[12]= 2.076680e+01 pm 4.837988e+01
A[13]= -6.484149e-01 pm 9.395461e-01
A[14]= 1.228858e+00 pm 5.162530e-01
A[15]= -1.615120e+03 pm 2.329509e+03
A[16]= 7.259933e+02 pm 1.524808e+03
A[17]= 3.335489e+01 pm 3.583019e+02
A[18]= 1.103109e+01 pm 8.541779e+00
A[19]= -1.787436e-01 pm 1.147888e-01
A[20]= -5.836967e+02 pm 4.922728e+03
A[21]= -9.364774e+01 pm 2.844527e+03
A[22]= 6.013334e+00 pm 5.575156e+02
A[23]= 4.021013e+00 pm 3.036885e+01
A[24]= -1.422262e-01 pm 5.780128e-01

Best-fitting parameters
A[0]= 9.575401e-01
A[1]= 1.048190e+00
A[2]= 8.302537e-01
A[3]= 2.423116e+00
A[4]= -4.979190e+03
A[5]= 2.733612e+03
A[6]= -2.189539e+02
A[7]= 2.231104e+01
A[8]= -3.154009e-01
A[9]= -4.403086e+03
A[10]= 2.956414e+03
A[11]= -9.712296e+02
A[12]= 2.172437e+01
A[13]= -5.362677e-01
A[14]= 9.360173e-01
A[15]= -4.257157e+01
A[16]= -1.566574e+02
A[17]= 2.000433e+02
A[18]= 2.310566e+00
A[19]= -7.853209e-02
A[20]= -9.744339e+02
A[21]= 4.862639e+02
A[22]= -2.167155e+02
A[23]= -1.703625e+00
A[24]= 5.776995e-02
chi2_min= 6.945357e+01


Cross-Covariance parameters
1.000000e+00	-5.201592e-01	-9.478835e-02	4.461313e-02	1.311202e-02	-1.484018e-02	1.045983e-02	7.253800e-02	-6.185116e-02	-3.733106e-02	5.737641e-02	-9.995434e-02	1.357483e-01	-9.908446e-02	6.124049e-02	-2.948570e-02	2.705752e-02	-2.631965e-02	8.399050e-02	-6.363119e-02	-5.465732e-02	6.948955e-02	-1.038249e-01	1.298343e-01	-9.870310e-02	
-5.201592e-01	1.000000e+00	1.643462e-01	-2.036329e-01	2.384700e-02	-1.798906e-02	1.074600e-03	1.255215e-01	-1.416560e-01	1.202543e-02	-2.647359e-02	5.376052e-02	-8.850523e-02	2.848006e-02	-1.739480e-01	9.605387e-03	-2.340434e-03	-1.085403e-02	7.870952e-02	-7.294078e-02	-2.261132e-03	7.984998e-04	1.156111e-02	-7.468748e-02	4.363338e-02	
-9.478835e-02	1.643462e-01	1.000000e+00	-6.360342e-01	-6.724200e-02	8.582048e-02	-9.765975e-02	-3.620239e-03	2.603385e-02	-4.105941e-01	5.289220e-01	-6.671842e-01	-1.268348e-01	2.809613e-01	-5.372529e-01	3.832103e-02	-4.561940e-02	5.178086e-02	-5.779364e-03	-1.613714e-02	-2.596821e-01	3.416793e-01	-4.610344e-01	-5.835645e-02	1.418080e-01	
4.461313e-02	-2.036329e-01	-6.360342e-01	1.000000e+00	-5.505231e-01	5.973028e-01	-6.282316e-01	1.743370e-01	1.179326e-01	1.940895e-01	-2.544262e-01	3.284341e-01	3.859598e-02	-9.636074e-02	3.394678e-01	7.825053e-03	-5.100660e-03	3.390244e-03	-2.255033e-02	1.755546e-02	1.673449e-01	-2.222408e-01	3.015861e-01	5.311343e-02	-1.066692e-01	
1.311202e-02	2.384700e-02	-6.724200e-02	-5.505231e-01	1.000000e+00	-9.852173e-01	9.445164e-01	-6.539400e-01	2.532663e-01	7.503074e-02	-1.071482e-01	1.444608e-01	9.489194e-02	-9.083296e-02	4.889899e-02	-2.331261e-02	2.175517e-02	-2.067837e-02	2.041650e-02	-9.250205e-03	4.144720e-02	-4.814514e-02	5.657317e-02	-2.305276e-02	1.521786e-02	
-1.484018e-02	-1.798906e-02	8.582048e-02	5.973028e-01	-9.852173e-01	1.000000e+00	-9.863285e-01	6.057972e-01	-1.890297e-01	-8.775945e-02	1.241597e-01	-1.663491e-01	-1.055138e-01	1.152626e-01	-6.461533e-02	2.785584e-02	-2.680317e-02	2.604922e-02	-1.763384e-02	3.104100e-03	-4.234420e-02	5.021132e-02	-6.080582e-02	1.882634e-02	-1.040202e-02	
1.045983e-02	1.074600e-03	-9.765975e-02	-6.282316e-01	9.445164e-01	-9.863285e-01	1.000000e+00	-5.484816e-01	1.318541e-01	1.008418e-01	-1.395327e-01	1.841047e-01	1.041764e-01	-1.235839e-01	7.810264e-02	-3.198229e-02	3.146338e-02	-3.094728e-02	1.209335e-02	4.986552e-03	4.073199e-02	-4.916268e-02	6.109149e-02	-1.498115e-02	6.770346e-03	
7.253800e-02	1.255215e-01	-3.620239e-03	1.743370e-01	-6.539400e-01	6.057972e-01	-5.484816e-01	1.000000e+00	-8.768146e-01	8.581351e-02	-7.249649e-02	4.447129e-02	-6.528119e-02	-8.839867e-02	-5.294392e-02	2.252775e-02	-2.607797e-02	2.733243e-02	4.162971e-02	-5.316275e-02	-8.726694e-03	6.986348e-03	-5.200258e-03	2.186825e-02	-2.843473e-02	
-6.185116e-02	-1.416560e-01	2.603385e-02	1.179326e-01	2.532663e-01	-1.890297e-01	1.318541e-01	-8.768146e-01	1.000000e+00	-1.448840e-01	1.456328e-01	-1.307622e-01	2.885593e-02	1.773000e-01	3.295211e-02	-8.513087e-03	1.410472e-02	-1.752479e-02	-4.894141e-02	5.476648e-02	-9.309693e-03	1.409696e-02	-2.000287e-02	-7.427087e-03	1.610272e-02	
-3.733106e-02	1.202543e-02	-4.105941e-01	1.940895e-01	7.503074e-02	-8.775945e-02	1.008418e-01	8.581351e-02	-1.448840e-01	1.000000e+00	-9.835359e-01	9.164426e-01	-7.477463e-01	5.532217e-01	2.335246e-01	-1.557846e-02	2.361867e-02	-3.143231e-02	2.010489e-03	4.504359e-03	1.564202e-01	-1.887787e-01	2.355269e-01	-1.582176e-02	-2.846459e-02	
5.737641e-02	-2.647359e-02	5.289220e-01	-2.544262e-01	-1.071482e-01	1.241597e-01	-1.395327e-01	-7.249649e-02	1.456328e-01	-9.835359e-01	1.000000e+00	-9.728393e-01	6.944926e-01	-4.896843e-01	-2.970813e-01	1.832174e-02	-2.731734e-02	3.619261e-02	5.671553e-04	-1.024522e-02	-1.869513e-01	2.306501e-01	-2.944203e-01	9.609604e-03	4.626470e-02	
-9.995434e-02	5.376052e-02	-6.671842e-01	3.284341e-01	1.444608e-01	-1.663491e-01	1.841047e-01	4.447129e-02	-1.307622e-01	9.164426e-01	-9.728393e-01	1.000000e+00	-5.795097e-01	3.713473e-01	3.689013e-01	-1.991298e-02	2.966037e-02	-3.936792e-02	-4.985788e-03	1.779598e-02	2.214044e-01	-2.788727e-01	3.638344e-01	-1.817294e-03	-6.806938e-02	
1.357483e-01	-8.850523e-02	-1.268348e-01	3.859598e-02	9.489194e-02	-1.055138e-01	1.041764e-01	-6.528119e-02	2.885593e-02	-7.477463e-01	6.944926e-01	-5.795097e-01	1.000000e+00	-9.454560e-01	4.540155e-02	-7.523891e-03	-1.938655e-03	1.126215e-02	3.142347e-02	-2.965389e-02	-5.868199e-03	-7.239677e-03	2.558135e-02	4.740363e-02	-4.990217e-02	
-9.908446e-02	2.848006e-02	2.809613e-01	-9.636074e-02	-9.083296e-02	1.152626e-01	-1.235839e-01	-8.839867e-02	1.773000e-01	5.532217e-01	-4.896843e-01	3.713473e-01	-9.454560e-01	1.000000e+00	-1.142793e-01	4.538301e-03	4.958351e-03	-1.370309e-02	-3.919456e-02	3.892550e-02	-4.912474e-02	7.693169e-02	-1.171594e-01	-4.644907e-02	6.769734e-02	
6.124049e-02	-1.739480e-01	-5.372529e-01	3.394678e-01	4.889899e-02	-6.461533e-02	7.810264e-02	-5.294392e-02	3.295211e-02	2.335246e-01	-2.970813e-01	3.689013e-01	4.540155e-02	-1.142793e-01	1.000000e+00	-6.268678e-01	7.076471e-01	-7.659610e-01	8.844108e-02	2.243520e-01	4.674722e-02	-6.842898e-02	1.102054e-01	-5.747762e-03	7.012452e-03	
-2.948570e-02	9.605387e-03	3.832103e-02	7.825053e-03	-2.331261e-02	2.785584e-02	-3.198229e-02	2.252775e-02	-8.513087e-03	-1.557846e-02	1.832174e-02	-1.991298e-02	-7.523891e-03	4.538301e-03	-6.268678e-01	1.000000e+00	-9.828775e-01	9.344695e-01	-6.280383e-01	2.626218e-01	1.317413e-01	-1.587143e-01	1.866171e-01	3.484636e-03	-2.062776e-02	
2.705752e-02	-2.340434e-03	-4.561940e-02	-5.100660e-03	2.175517e-02	-2.680317e-02	3.146338e-02	-2.607797e-02	1.410472e-02	2.361867e-02	-2.731734e-02	2.966037e-02	-1.938655e-03	4.958351e-03	7.076471e-01	-9.828775e-01	1.000000e+00	-9.836004e-01	5.611306e-01	-1.778171e-01	-1.336731e-01	1.643761e-01	-1.964245e-01	-1.799265e-02	4.323601e-02	
-2.631965e-02	-1.085403e-02	5.178086e-02	3.390244e-03	-2.067837e-02	2.604922e-02	-3.094728e-02	2.733243e-02	-1.752479e-02	-3.143231e-02	3.619261e-02	-3.936792e-02	1.126215e-02	-1.370309e-02	-7.659610e-01	9.344695e-01	-9.836004e-01	1.000000e+00	-4.771021e-01	9.104739e-02	1.317825e-01	-1.651955e-01	2.003728e-01	2.845214e-02	-5.953595e-02	
8.399050e-02	7.870952e-02	-5.779364e-03	-2.255033e-02	2.041650e-02	-1.763384e-02	1.209335e-02	4.162971e-02	-4.894141e-02	2.010489e-03	5.671553e-04	-4.985788e-03	3.142347e-02	-3.919456e-02	8.844108e-02	-6.280383e-01	5.611306e-01	-4.771021e-01	1.000000e+00	-9.012944e-01	-4.815954e-02	6.110372e-02	-7.704088e-02	9.297705e-02	-1.629479e-01	
-6.363119e-02	-7.294078e-02	-1.613714e-02	1.755546e-02	-9.250205e-03	3.104100e-03	4.986552e-03	-5.316275e-02	5.476648e-02	4.504359e-03	-1.024522e-02	1.779598e-02	-2.965389e-02	3.892550e-02	2.243520e-01	2.626218e-01	-1.778171e-01	9.104739e-02	-9.012944e-01	1.000000e+00	-9.072289e-03	8.534995e-03	-4.405822e-03	-1.181831e-01	2.216654e-01	
-5.465732e-02	-2.261132e-03	-2.596821e-01	1.673449e-01	4.144720e-02	-4.234420e-02	4.073199e-02	-8.726694e-03	-9.309693e-03	1.564202e-01	-1.869513e-01	2.214044e-01	-5.868199e-03	-4.912474e-02	4.674722e-02	1.317413e-01	-1.336731e-01	1.317825e-01	-4.815954e-02	-9.072289e-03	1.000000e+00	-9.880032e-01	9.355326e-01	-8.309902e-01	7.189983e-01	
6.948955e-02	7.984998e-04	3.416793e-01	-2.222408e-01	-4.814514e-02	5.021132e-02	-4.916268e-02	6.986348e-03	1.409696e-02	-1.887787e-01	2.306501e-01	-2.788727e-01	-7.239677e-03	7.693169e-02	-6.842898e-02	-1.587143e-01	1.643761e-01	-1.651955e-01	6.110372e-02	8.534995e-03	-9.880032e-01	1.000000e+00	-9.779041e-01	8.205269e-01	-7.044216e-01	
-1.038249e-01	1.156111e-02	-4.610344e-01	3.015861e-01	5.657317e-02	-6.080582e-02	6.109149e-02	-5.200258e-03	-2.000287e-02	2.355269e-01	-2.944203e-01	3.638344e-01	2.558135e-02	-1.171594e-01	1.102054e-01	1.866171e-01	-1.964245e-01	2.003728e-01	-7.704088e-02	-4.405822e-03	9.355326e-01	-9.779041e-01	1.000000e+00	-7.620612e-01	6.446238e-01	
1.298343e-01	-7.468748e-02	-5.835645e-02	5.311343e-02	-2.305276e-02	1.882634e-02	-1.498115e-02	2.186825e-02	-7.427087e-03	-1.582176e-02	9.609604e-03	-1.817294e-03	4.740363e-02	-4.644907e-02	-5.747762e-03	3.484636e-03	-1.799265e-02	2.845214e-02	9.297705e-02	-1.181831e-01	-8.309902e-01	8.205269e-01	-7.620612e-01	1.000000e+00	-9.723014e-01	
-9.870310e-02	4.363338e-02	1.418080e-01	-1.066692e-01	1.521786e-02	-1.040202e-02	6.770346e-03	-2.843473e-02	1.610272e-02	-2.846459e-02	4.626470e-02	-6.806938e-02	-4.990217e-02	6.769734e-02	7.012452e-03	-2.062776e-02	4.323601e-02	-5.953595e-02	-1.629479e-01	2.216654e-01	7.189983e-01	-7.044216e-01	6.446238e-01	-9.723014e-01	1.000000e+00	

Time taken for mcmc chain: 14.933333 minutes
