Number of steps: 4051936
Number of accepted steps: 1000000
Burn-in number of steps: 320000
Accepted fraction of steps: 0.246796
Convergence Status
R[0]= 1.000794	R[1]= 1.005556	R[2]= 1.033816	R[3]= 1.014820	R[4]= 1.002876	R[5]= 1.003467	R[6]= 1.004001	R[7]= 1.002283	R[8]= 1.001827	R[9]= 1.005500	R[10]= 1.005618	R[11]= 1.005902	R[12]= 1.002375	R[13]= 1.003056	R[14]= 1.011935	R[15]= 1.004333	R[16]= 1.006220	R[17]= 1.008061	R[18]= 1.000160	R[19]= 1.000937	R[20]= 1.005840	R[21]= 1.009745	R[22]= 1.015095	R[23]= 1.005782	R[24]= 1.009732	
<R>= 1.006789

Mean parameters
A[0]= 9.229596e-01 pm 3.403077e-02
A[1]= 1.050624e+00 pm 3.270836e-02
A[2]= 7.800591e-01 pm 5.485030e-01
A[3]= 3.815480e+00 pm 1.464279e+00
A[4]= -3.632704e+03 pm 3.770158e+03
A[5]= 1.726367e+03 pm 2.472481e+03
A[6]= 4.786102e+01 pm 5.787872e+02
A[7]= 1.602260e+01 pm 1.305049e+01
A[8]= -2.665676e-01 pm 1.801197e-01
A[9]= -4.332332e+03 pm 8.498519e+03
A[10]= 2.051680e+03 pm 5.102693e+03
A[11]= -5.464745e+02 pm 1.073774e+03
A[12]= 1.619013e+01 pm 4.976625e+01
A[13]= -4.697628e-01 pm 9.774634e-01
A[14]= 5.620906e+00 pm 1.937332e+00
A[15]= -7.103384e+03 pm 5.129703e+03
A[16]= 5.142646e+03 pm 3.377504e+03
A[17]= -9.129751e+02 pm 7.930436e+02
A[18]= 2.140573e+00 pm 1.940113e+01
A[19]= 1.490041e-01 pm 2.675291e-01
A[20]= 4.162834e+03 pm 1.243355e+04
A[21]= -2.049441e+03 pm 7.734072e+03
A[22]= -9.750461e+01 pm 1.694668e+03
A[23]= -5.075913e+01 pm 6.828236e+01
A[24]= 7.904177e-01 pm 1.352797e+00

Best-fitting parameters
A[0]= 9.211317e-01
A[1]= 1.041283e+00
A[2]= 5.881115e-01
A[3]= 3.588622e+00
A[4]= -1.954575e+03
A[5]= 5.191527e+02
A[6]= 3.391184e+02
A[7]= 1.361043e+01
A[8]= -2.906765e-01
A[9]= -1.444557e+03
A[10]= 1.459313e+02
A[11]= -1.466157e+02
A[12]= 1.538917e+01
A[13]= -6.101870e-01
A[14]= 7.796031e+00
A[15]= -1.095765e+04
A[16]= 8.108910e+03
A[17]= -1.707229e+03
A[18]= -4.867561e+00
A[19]= 3.614916e-01
A[20]= 7.059237e+03
A[21]= -3.712578e+03
A[22]= 1.853797e+02
A[23]= -7.901713e+01
A[24]= 1.301396e+00
chi2_min= 8.833567e+01


Cross-Covariance parameters
1.000000e+00	-5.281653e-01	-2.251888e-01	1.568185e-01	-4.550361e-04	-1.330057e-03	-4.221050e-03	9.280294e-02	-7.207601e-02	6.977706e-03	-7.106457e-03	-7.407751e-03	1.612433e-01	-1.496392e-01	1.185986e-01	1.300129e-01	-1.311405e-01	1.214111e-01	3.943914e-02	-6.924866e-02	8.216030e-02	-8.009553e-02	5.874393e-02	1.451230e-01	-1.414794e-01	
-5.281653e-01	1.000000e+00	3.625354e-01	-2.956549e-01	-1.530127e-04	5.745634e-03	-1.709728e-02	8.313184e-02	-8.757430e-02	-6.089356e-02	7.055122e-02	-7.609851e-02	-1.401250e-01	1.311424e-01	-3.413760e-01	-7.491470e-02	7.736074e-02	-8.469040e-02	1.797968e-01	-1.598998e-01	-1.115661e-01	1.294238e-01	-1.353600e-01	-9.181939e-02	8.682505e-02	
-2.251888e-01	3.625354e-01	1.000000e+00	-7.629786e-01	2.062931e-02	-3.327013e-02	5.261692e-02	-5.966536e-02	2.949457e-02	-3.600881e-01	4.740245e-01	-6.101120e-01	-1.859747e-01	3.282803e-01	-7.330329e-01	-2.123716e-01	2.254669e-01	-2.272441e-01	3.782160e-02	2.221053e-02	-5.016847e-01	6.159907e-01	-7.340623e-01	-1.551505e-01	3.233059e-01	
1.568185e-01	-2.956549e-01	-7.629786e-01	1.000000e+00	-4.908518e-01	5.482373e-01	-5.947962e-01	1.661293e-01	9.988941e-02	2.005975e-01	-2.715243e-01	3.619173e-01	9.817725e-02	-1.679854e-01	5.866630e-01	1.526816e-01	-1.632292e-01	1.658241e-01	-4.323361e-02	3.210349e-03	4.146428e-01	-5.011257e-01	5.886950e-01	8.557414e-02	-2.165765e-01	
-4.550361e-04	-1.530127e-04	2.062931e-02	-4.908518e-01	1.000000e+00	-9.848048e-01	9.422338e-01	-6.496780e-01	2.530471e-01	7.242448e-02	-1.108743e-01	1.519853e-01	1.010390e-01	-9.732089e-02	-5.100068e-03	-3.258003e-03	7.213456e-03	-1.053688e-02	4.169054e-03	-7.595768e-03	-2.139429e-02	2.568587e-02	-2.770788e-02	1.940990e-02	-1.557104e-02	
-1.330057e-03	5.745634e-03	-3.327013e-02	5.482373e-01	-9.848048e-01	1.000000e+00	-9.855975e-01	5.950710e-01	-1.812382e-01	-8.428759e-02	1.245053e-01	-1.670920e-01	-1.056151e-01	1.132956e-01	1.049014e-02	9.936837e-03	-1.447485e-02	1.808211e-02	-5.168242e-03	7.325608e-03	3.329888e-02	-3.902691e-02	4.237146e-02	-2.195563e-02	1.518833e-02	
-4.221050e-03	-1.709728e-02	5.261692e-02	-5.947962e-01	9.422338e-01	-9.855975e-01	1.000000e+00	-5.294228e-01	1.143635e-01	9.707452e-02	-1.362262e-01	1.768560e-01	9.642051e-02	-1.120042e-01	-2.052207e-02	-1.810449e-02	2.294679e-02	-2.624280e-02	3.068532e-03	-3.722829e-03	-4.854486e-02	5.636461e-02	-6.173992e-02	2.186234e-02	-1.070312e-02	
9.280294e-02	8.313184e-02	-5.966536e-02	1.661293e-01	-6.496780e-01	5.950710e-01	-5.294228e-01	1.000000e+00	-8.797745e-01	1.034511e-01	-8.892756e-02	6.159218e-02	-5.120747e-02	-1.003356e-01	2.189539e-02	9.271533e-03	-1.316340e-02	1.322574e-02	4.832849e-02	-4.576728e-02	3.142184e-02	-4.011132e-02	4.798285e-02	1.509907e-02	-2.724027e-02	
-7.207601e-02	-8.757430e-02	2.949457e-02	9.988941e-02	2.530471e-01	-1.812382e-01	1.143635e-01	-8.797745e-01	1.000000e+00	-1.648538e-01	1.665424e-01	-1.529885e-01	1.881601e-02	1.805761e-01	-1.286205e-02	9.520826e-03	-7.785689e-03	8.613517e-03	-4.902504e-02	4.250084e-02	-6.389154e-03	1.120827e-02	-1.696898e-02	-1.815580e-02	2.359310e-02	
6.977706e-03	-6.089356e-02	-3.600881e-01	2.005975e-01	7.242448e-02	-8.428759e-02	9.707452e-02	1.034511e-01	-1.648538e-01	1.000000e+00	-9.831099e-01	9.146776e-01	-7.257253e-01	5.306937e-01	2.521440e-01	8.109248e-02	-9.389618e-02	1.019808e-01	9.812444e-03	-4.617372e-02	1.843527e-01	-2.326567e-01	2.857052e-01	6.063330e-02	-1.295243e-01	
-7.106457e-03	7.055122e-02	4.740245e-01	-2.715243e-01	-1.108743e-01	1.245053e-01	-1.362262e-01	-8.892756e-02	1.665424e-01	-9.831099e-01	1.000000e+00	-9.724029e-01	6.647202e-01	-4.601765e-01	-3.436800e-01	-9.754191e-02	1.104039e-01	-1.173290e-01	-1.070403e-02	5.100013e-02	-2.455704e-01	3.073015e-01	-3.749940e-01	-7.373043e-02	1.645089e-01	
-7.407751e-03	-7.609851e-02	-6.101120e-01	3.619173e-01	1.519853e-01	-1.670920e-01	1.768560e-01	6.159218e-02	-1.529885e-01	9.146776e-01	-9.724029e-01	1.000000e+00	-5.407371e-01	3.340099e-01	4.544832e-01	1.158631e-01	-1.285053e-01	1.339389e-01	9.318986e-03	-5.342439e-02	3.202135e-01	-3.981570e-01	4.836925e-01	8.644404e-02	-2.040897e-01	
1.612433e-01	-1.401250e-01	-1.859747e-01	9.817725e-02	1.010390e-01	-1.056151e-01	9.642051e-02	-5.120747e-02	1.881601e-02	-7.257253e-01	6.647202e-01	-5.407371e-01	1.000000e+00	-9.493443e-01	1.602589e-01	3.248464e-02	-2.630126e-02	1.798914e-02	-1.886141e-02	2.217607e-02	9.152501e-02	-1.042666e-01	1.144571e-01	3.540588e-02	-5.838975e-02	
-1.496392e-01	1.311424e-01	3.282803e-01	-1.679854e-01	-9.732089e-02	1.132956e-01	-1.120042e-01	-1.003356e-01	1.805761e-01	5.306937e-01	-4.601765e-01	3.340099e-01	-9.493443e-01	1.000000e+00	-2.654921e-01	-5.325797e-02	5.011809e-02	-4.310866e-02	1.165574e-02	-8.371004e-03	-1.640632e-01	1.954937e-01	-2.266980e-01	-5.497900e-02	1.053429e-01	
1.185986e-01	-3.413760e-01	-7.330329e-01	5.866630e-01	-5.100068e-03	1.049014e-02	-2.052207e-02	2.189539e-02	-1.286205e-02	2.521440e-01	-3.436800e-01	4.544832e-01	1.602589e-01	-2.654921e-01	1.000000e+00	-3.083668e-01	3.580807e-01	-3.985645e-01	-1.044514e-02	1.862158e-01	2.961180e-01	-3.626231e-01	4.365812e-01	4.646830e-02	-1.310338e-01	
1.300129e-01	-7.491470e-02	-2.123716e-01	1.526816e-01	-3.258003e-03	9.936837e-03	-1.810449e-02	9.271533e-03	9.520826e-03	8.109248e-02	-9.754191e-02	1.158631e-01	3.248464e-02	-5.325797e-02	-3.083668e-01	1.000000e+00	-9.832281e-01	9.361353e-01	-5.729222e-01	2.261919e-01	2.293206e-01	-2.789979e-01	3.226802e-01	8.245757e-02	-1.345638e-01	
-1.311405e-01	7.736074e-02	2.254669e-01	-1.632292e-01	7.213456e-03	-1.447485e-02	2.294679e-02	-1.316340e-02	-7.785689e-03	-9.389618e-02	1.104039e-01	-1.285053e-01	-2.630126e-02	5.011809e-02	3.580807e-01	-9.832281e-01	1.000000e+00	-9.840744e-01	5.026818e-01	-1.414135e-01	-2.423249e-01	2.981374e-01	-3.478339e-01	-1.032176e-01	1.673195e-01	
1.214111e-01	-8.469040e-02	-2.272441e-01	1.658241e-01	-1.053688e-02	1.808211e-02	-2.624280e-02	1.322574e-02	8.613517e-03	1.019808e-01	-1.173290e-01	1.339389e-01	1.798914e-02	-4.310866e-02	-3.985645e-01	9.361353e-01	-9.840744e-01	1.000000e+00	-4.222689e-01	6.072148e-02	2.461706e-01	-3.058920e-01	3.596482e-01	1.160977e-01	-1.880064e-01	
3.943914e-02	1.797968e-01	3.782160e-02	-4.323361e-02	4.169054e-03	-5.168242e-03	3.068532e-03	4.832849e-02	-4.902504e-02	9.812444e-03	-1.070403e-02	9.318986e-03	-1.886141e-02	1.165574e-02	-1.044514e-02	-5.729222e-01	5.026818e-01	-4.222689e-01	1.000000e+00	-9.128484e-01	-2.419708e-02	3.617899e-02	-4.889400e-02	7.192898e-02	-1.477038e-01	
-6.924866e-02	-1.598998e-01	2.221053e-02	3.210349e-03	-7.595768e-03	7.325608e-03	-3.722829e-03	-4.576728e-02	4.250084e-02	-4.617372e-02	5.100013e-02	-5.342439e-02	2.217607e-02	-8.371004e-03	1.862158e-01	2.261919e-01	-1.414135e-01	6.072148e-02	-9.128484e-01	1.000000e+00	-6.370482e-02	6.982771e-02	-7.174889e-02	-1.157093e-01	2.324079e-01	
8.216030e-02	-1.115661e-01	-5.016847e-01	4.146428e-01	-2.139429e-02	3.329888e-02	-4.854486e-02	3.142184e-02	-6.389154e-03	1.843527e-01	-2.455704e-01	3.202135e-01	9.152501e-02	-1.640632e-01	2.961180e-01	2.293206e-01	-2.423249e-01	2.461706e-01	-2.419708e-02	-6.370482e-02	1.000000e+00	-9.830440e-01	9.201938e-01	-6.551779e-01	4.552804e-01	
-8.009553e-02	1.294238e-01	6.159907e-01	-5.011257e-01	2.568587e-02	-3.902691e-02	5.636461e-02	-4.011132e-02	1.120827e-02	-2.326567e-01	3.073015e-01	-3.981570e-01	-1.042666e-01	1.954937e-01	-3.626231e-01	-2.789979e-01	2.981374e-01	-3.058920e-01	3.617899e-02	6.982771e-02	-9.830440e-01	1.000000e+00	-9.757412e-01	5.776672e-01	-3.671188e-01	
5.874393e-02	-1.353600e-01	-7.340623e-01	5.886950e-01	-2.770788e-02	4.237146e-02	-6.173992e-02	4.798285e-02	-1.696898e-02	2.857052e-01	-3.749940e-01	4.836925e-01	1.144571e-01	-2.266980e-01	4.365812e-01	3.226802e-01	-3.478339e-01	3.596482e-01	-4.889400e-02	-7.174889e-02	9.201938e-01	-9.757412e-01	1.000000e+00	-4.487094e-01	2.344545e-01	
1.451230e-01	-9.181939e-02	-1.551505e-01	8.557414e-02	1.940990e-02	-2.195563e-02	2.186234e-02	1.509907e-02	-1.815580e-02	6.063330e-02	-7.373043e-02	8.644404e-02	3.540588e-02	-5.497900e-02	4.646830e-02	8.245757e-02	-1.032176e-01	1.160977e-01	7.192898e-02	-1.157093e-01	-6.551779e-01	5.776672e-01	-4.487094e-01	1.000000e+00	-9.589966e-01	
-1.414794e-01	8.682505e-02	3.233059e-01	-2.165765e-01	-1.557104e-02	1.518833e-02	-1.070312e-02	-2.724027e-02	2.359310e-02	-1.295243e-01	1.645089e-01	-2.040897e-01	-5.838975e-02	1.053429e-01	-1.310338e-01	-1.345638e-01	1.673195e-01	-1.880064e-01	-1.477038e-01	2.324079e-01	4.552804e-01	-3.671188e-01	2.344545e-01	-9.589966e-01	1.000000e+00	

Time taken for mcmc chain: 27.950000 minutes
