Number of steps: 4133028
Number of accepted steps: 1000000
Burn-in number of steps: 320000
Accepted fraction of steps: 0.241953
Convergence Status
R[0]= 1.017834	R[1]= 1.025914	R[2]= 1.014642	R[3]= 1.006113	R[4]= 1.001714	R[5]= 1.002046	R[6]= 1.002310	R[7]= 1.001230	R[8]= 1.001269	R[9]= 1.002754	R[10]= 1.003436	R[11]= 1.004711	R[12]= 1.003774	R[13]= 1.004746	R[14]= 1.010408	R[15]= 1.001087	R[16]= 1.001550	R[17]= 1.002239	R[18]= 1.000858	R[19]= 1.001309	R[20]= 1.001697	R[21]= 1.002450	R[22]= 1.003429	R[23]= 1.000763	R[24]= 1.001514	
<R>= 1.004792

Mean parameters
A[0]= 9.003936e-01 pm 3.852951e-02
A[1]= 1.015707e+00 pm 3.194775e-02
A[2]= 6.445638e-01 pm 4.213594e-01
A[3]= 3.392090e+00 pm 1.195437e+00
A[4]= -2.955874e+03 pm 3.806665e+03
A[5]= 1.282751e+03 pm 2.501783e+03
A[6]= 1.378621e+02 pm 5.814971e+02
A[7]= 1.397683e+01 pm 1.274987e+01
A[8]= -2.594519e-01 pm 1.827626e-01
A[9]= -5.212173e+03 pm 8.225754e+03
A[10]= 2.377154e+03 pm 4.890391e+03
A[11]= -5.587431e+02 pm 1.008883e+03
A[12]= 2.860256e+01 pm 4.840701e+01
A[13]= -7.357971e-01 pm 9.409118e-01
A[14]= 5.128213e+00 pm 1.685186e+00
A[15]= -8.918443e+03 pm 5.345518e+03
A[16]= 5.926589e+03 pm 3.487721e+03
A[17]= -1.009037e+03 pm 8.067326e+02
A[18]= 1.074840e+01 pm 1.937365e+01
A[19]= 1.946831e-02 pm 2.761304e-01
A[20]= 7.544541e+01 pm 1.160322e+04
A[21]= -2.470787e+02 pm 6.982714e+03
A[22]= -2.957206e+02 pm 1.463412e+03
A[23]= -1.916701e+01 pm 6.853222e+01
A[24]= 1.349487e-01 pm 1.347585e+00

Best-fitting parameters
A[0]= 9.052288e-01
A[1]= 1.010742e+00
A[2]= 1.927217e-01
A[3]= 4.899221e+00
A[4]= -4.858084e+03
A[5]= 2.513054e+03
A[6]= -1.396311e+02
A[7]= 1.584357e+01
A[8]= -2.259332e-01
A[9]= 2.748783e+03
A[10]= -2.858136e+03
A[11]= 6.113245e+02
A[12]= 6.821871e+00
A[13]= -5.524018e-01
A[14]= 7.320974e+00
A[15]= -1.177094e+04
A[16]= 7.880772e+03
A[17]= -1.494168e+03
A[18]= 2.583557e+01
A[19]= -1.475179e-01
A[20]= 4.381215e+03
A[21]= -3.714539e+03
A[22]= 6.451039e+02
A[23]= 8.445723e+00
A[24]= -7.480129e-01
chi2_min= 8.711177e+01


Cross-Covariance parameters
1.000000e+00	-5.475271e-01	-1.722758e-01	1.220420e-01	1.142079e-03	6.248012e-03	-1.927081e-02	5.354419e-02	-2.107799e-02	-1.678166e-02	3.084350e-02	-6.667955e-02	1.253130e-01	-8.549783e-02	9.869800e-02	5.659575e-02	-5.244566e-02	3.948396e-02	3.162056e-02	-2.410804e-02	3.682525e-02	-1.674968e-02	-2.853427e-02	1.193758e-01	-9.363526e-02	
-5.475271e-01	1.000000e+00	2.070298e-01	-2.199006e-01	-1.668297e-03	9.905821e-04	-7.022176e-03	1.331179e-01	-1.312153e-01	4.889760e-02	-5.359167e-02	6.788276e-02	-1.398396e-01	8.517581e-02	-2.830479e-01	1.244696e-02	-1.922769e-02	1.996408e-02	1.800711e-01	-1.866453e-01	-6.667045e-04	-1.187771e-02	3.818378e-02	-1.027833e-01	5.931886e-02	
-1.722758e-01	2.070298e-01	1.000000e+00	-6.540704e-01	-4.540663e-02	5.098599e-02	-4.606998e-02	-2.902161e-02	3.356573e-02	-3.369843e-01	4.505865e-01	-5.875745e-01	-1.771153e-01	2.953565e-01	-6.363960e-01	-1.556963e-01	1.608933e-01	-1.543081e-01	1.874054e-02	2.830193e-02	-3.923426e-01	5.051739e-01	-6.340912e-01	-2.081830e-01	3.379045e-01	
1.220420e-01	-2.199006e-01	-6.540704e-01	1.000000e+00	-5.478896e-01	6.010245e-01	-6.418282e-01	9.332484e-02	1.963029e-01	1.114705e-01	-1.621372e-01	2.321850e-01	6.674545e-02	-7.943250e-02	4.530884e-01	9.356772e-02	-9.603136e-02	9.156792e-02	-3.817096e-02	7.875715e-03	2.596604e-01	-3.315563e-01	4.141892e-01	1.373180e-01	-2.199404e-01	
1.142079e-03	-1.668297e-03	-4.540663e-02	-5.478896e-01	1.000000e+00	-9.856975e-01	9.463473e-01	-5.797994e-01	1.662175e-01	1.078123e-01	-1.487101e-01	1.911061e-01	1.065863e-01	-1.217015e-01	2.158303e-02	1.170932e-02	-1.307998e-02	1.490162e-02	2.458501e-03	-4.086456e-03	1.636720e-02	-2.344356e-02	3.077663e-02	1.129983e-02	-1.581732e-02	
6.248012e-03	9.905821e-04	5.098599e-02	6.010245e-01	-9.856975e-01	1.000000e+00	-9.867940e-01	5.188357e-01	-9.218792e-02	-1.219575e-01	1.668364e-01	-2.136635e-01	-1.156956e-01	1.455954e-01	-2.582217e-02	-1.064362e-02	1.232212e-02	-1.457308e-02	-2.452636e-03	4.243400e-03	-1.989606e-02	2.787002e-02	-3.622927e-02	-1.060445e-02	1.683383e-02	
-1.927081e-02	-7.022176e-03	-4.606998e-02	-6.418282e-01	9.463473e-01	-9.867940e-01	1.000000e+00	-4.521967e-01	2.790315e-02	1.345169e-01	-1.808359e-01	2.290654e-01	1.120379e-01	-1.520252e-01	2.624799e-02	7.978322e-03	-9.635999e-03	1.230811e-02	-2.034833e-03	3.618736e-04	1.888333e-02	-2.654536e-02	3.465306e-02	7.246547e-03	-1.313511e-02	
5.354419e-02	1.331179e-01	-2.902161e-02	9.332484e-02	-5.797994e-01	5.188357e-01	-4.521967e-01	1.000000e+00	-8.793279e-01	1.187819e-01	-1.039439e-01	7.541187e-02	-6.923081e-02	-9.312505e-02	-3.457342e-02	3.995577e-02	-4.137745e-02	3.811352e-02	5.556973e-02	-6.772070e-02	3.226898e-02	-3.734798e-02	4.196342e-02	7.587839e-03	-2.133477e-02	
-2.107799e-02	-1.312153e-01	3.356573e-02	1.963029e-01	1.662175e-01	-9.218792e-02	2.790315e-02	-8.793279e-01	1.000000e+00	-1.874712e-01	1.911699e-01	-1.795400e-01	2.803785e-02	1.874760e-01	2.842639e-02	-3.601656e-02	3.822232e-02	-3.688404e-02	-5.446297e-02	6.558104e-02	-3.233269e-02	3.932921e-02	-4.655872e-02	-8.062903e-03	2.233406e-02	
-1.678166e-02	4.889760e-02	-3.369843e-01	1.114705e-01	1.078123e-01	-1.219575e-01	1.345169e-01	1.187819e-01	-1.874712e-01	1.000000e+00	-9.839545e-01	9.184159e-01	-7.414768e-01	5.577816e-01	2.015960e-01	7.058006e-02	-7.164288e-02	6.733362e-02	-3.809117e-03	-1.559767e-02	1.544651e-01	-1.975075e-01	2.466220e-01	5.665671e-02	-1.103602e-01	
3.084350e-02	-5.359167e-02	4.505865e-01	-1.621372e-01	-1.487101e-01	1.668364e-01	-1.808359e-01	-1.039439e-01	1.911699e-01	-9.839545e-01	1.000000e+00	-9.734359e-01	6.919735e-01	-5.010751e-01	-2.739441e-01	-8.746139e-02	8.942196e-02	-8.487835e-02	4.448864e-03	2.098659e-02	-2.042883e-01	2.618265e-01	-3.281535e-01	-7.463245e-02	1.458854e-01	
-6.667955e-02	6.788276e-02	-5.875745e-01	2.321850e-01	1.911061e-01	-2.136635e-01	2.290654e-01	7.541187e-02	-1.795400e-01	9.184159e-01	-9.734359e-01	1.000000e+00	-5.835535e-01	3.925642e-01	3.620336e-01	1.063969e-01	-1.095037e-01	1.049666e-01	-5.002867e-03	-2.781313e-02	2.636433e-01	-3.395509e-01	4.282956e-01	9.545995e-02	-1.886056e-01	
1.253130e-01	-1.398396e-01	-1.771153e-01	6.674545e-02	1.065863e-01	-1.156956e-01	1.120379e-01	-6.923081e-02	2.803785e-02	-7.414768e-01	6.919735e-01	-5.835535e-01	1.000000e+00	-9.489182e-01	1.159589e-01	2.070440e-02	-2.444418e-02	2.704202e-02	1.143456e-02	-1.960693e-02	5.390382e-02	-7.054226e-02	8.879861e-02	5.729607e-02	-7.398410e-02	
-8.549783e-02	8.517581e-02	2.953565e-01	-7.943250e-02	-1.217015e-01	1.455954e-01	-1.520252e-01	-9.312505e-02	1.874760e-01	5.577816e-01	-5.010751e-01	3.925642e-01	-9.489182e-01	1.000000e+00	-1.762239e-01	-4.832435e-02	5.378197e-02	-5.606953e-02	-2.155143e-02	4.009522e-02	-1.084600e-01	1.424381e-01	-1.814913e-01	-7.804172e-02	1.176046e-01	
9.869800e-02	-2.830479e-01	-6.363960e-01	4.530884e-01	2.158303e-02	-2.582217e-02	2.624799e-02	-3.457342e-02	2.842639e-02	2.015960e-01	-2.739441e-01	3.620336e-01	1.159589e-01	-1.762239e-01	1.000000e+00	-4.456453e-01	5.093146e-01	-5.611897e-01	-7.580136e-02	3.012193e-01	1.547439e-01	-1.997097e-01	2.585565e-01	5.582992e-02	-7.820896e-02	
5.659575e-02	1.244696e-02	-1.556963e-01	9.356772e-02	1.170932e-02	-1.064362e-02	7.978322e-03	3.995577e-02	-3.601656e-02	7.058006e-02	-8.746139e-02	1.063969e-01	2.070440e-02	-4.832435e-02	-4.456453e-01	1.000000e+00	-9.843830e-01	9.402844e-01	-4.995669e-01	1.286341e-01	1.963178e-01	-2.445517e-01	2.909398e-01	9.987501e-02	-1.514650e-01	
-5.244566e-02	-1.922769e-02	1.608933e-01	-9.603136e-02	-1.307998e-02	1.232212e-02	-9.635999e-03	-4.137745e-02	3.822232e-02	-7.164288e-02	8.942196e-02	-1.095037e-01	-2.444418e-02	5.378197e-02	5.093146e-01	-9.843830e-01	1.000000e+00	-9.850571e-01	4.208695e-01	-3.849251e-02	-2.055807e-01	2.592660e-01	-3.112524e-01	-1.165229e-01	1.791198e-01	
3.948396e-02	1.996408e-02	-1.543081e-01	9.156792e-02	1.490162e-02	-1.457308e-02	1.230811e-02	3.811352e-02	-3.688404e-02	6.733362e-02	-8.487835e-02	1.049666e-01	2.704202e-02	-5.606953e-02	-5.611897e-01	9.402844e-01	-9.850571e-01	1.000000e+00	-3.350504e-01	-4.502066e-02	2.058783e-01	-2.628102e-01	3.184315e-01	1.260192e-01	-1.954281e-01	
3.162056e-02	1.800711e-01	1.874054e-02	-3.817096e-02	2.458501e-03	-2.452636e-03	-2.034833e-03	5.556973e-02	-5.446297e-02	-3.809117e-03	4.448864e-03	-5.002867e-03	1.143456e-02	-2.155143e-02	-7.580136e-02	-4.995669e-01	4.208695e-01	-3.350504e-01	1.000000e+00	-9.089779e-01	-8.535459e-03	1.254754e-02	-1.917135e-02	5.599974e-02	-1.374494e-01	
-2.410804e-02	-1.866453e-01	2.830193e-02	7.875715e-03	-4.086456e-03	4.243400e-03	3.618736e-04	-6.772070e-02	6.558104e-02	-1.559767e-02	2.098659e-02	-2.781313e-02	-1.960693e-02	4.009522e-02	3.012193e-01	1.286341e-01	-3.849251e-02	-4.502066e-02	-9.089779e-01	1.000000e+00	-7.109446e-02	8.682646e-02	-9.824459e-02	-1.040928e-01	2.258064e-01	
3.682525e-02	-6.667045e-04	-3.923426e-01	2.596604e-01	1.636720e-02	-1.989606e-02	1.888333e-02	3.226898e-02	-3.233269e-02	1.544651e-01	-2.042883e-01	2.636433e-01	5.390382e-02	-1.084600e-01	1.547439e-01	1.963178e-01	-2.055807e-01	2.058783e-01	-8.535459e-03	-7.109446e-02	1.000000e+00	-9.835907e-01	9.181556e-01	-6.924849e-01	5.243608e-01	
-1.674968e-02	-1.187771e-02	5.051739e-01	-3.315563e-01	-2.344356e-02	2.787002e-02	-2.654536e-02	-3.734798e-02	3.932921e-02	-1.975075e-01	2.618265e-01	-3.395509e-01	-7.054226e-02	1.424381e-01	-1.997097e-01	-2.445517e-01	2.592660e-01	-2.628102e-01	1.254754e-02	8.682646e-02	-9.835907e-01	1.000000e+00	-9.738068e-01	6.288455e-01	-4.506571e-01	
-2.853427e-02	3.818378e-02	-6.340912e-01	4.141892e-01	3.077663e-02	-3.622927e-02	3.465306e-02	4.196342e-02	-4.655872e-02	2.466220e-01	-3.281535e-01	4.282956e-01	8.879861e-02	-1.814913e-01	2.585565e-01	2.909398e-01	-3.112524e-01	3.184315e-01	-1.917135e-02	-9.824459e-02	9.181556e-01	-9.738068e-01	1.000000e+00	-5.092421e-01	3.269185e-01	
1.193758e-01	-1.027833e-01	-2.081830e-01	1.373180e-01	1.129983e-02	-1.060445e-02	7.246547e-03	7.587839e-03	-8.062903e-03	5.665671e-02	-7.463245e-02	9.545995e-02	5.729607e-02	-7.804172e-02	5.582992e-02	9.987501e-02	-1.165229e-01	1.260192e-01	5.599974e-02	-1.040928e-01	-6.924849e-01	6.288455e-01	-5.092421e-01	1.000000e+00	-9.647269e-01	
-9.363526e-02	5.931886e-02	3.379045e-01	-2.199404e-01	-1.581732e-02	1.683383e-02	-1.313511e-02	-2.133477e-02	2.233406e-02	-1.103602e-01	1.458854e-01	-1.886056e-01	-7.398410e-02	1.176046e-01	-7.820896e-02	-1.514650e-01	1.791198e-01	-1.954281e-01	-1.374494e-01	2.258064e-01	5.243608e-01	-4.506571e-01	3.269185e-01	-9.647269e-01	1.000000e+00	

Time taken for mcmc chain: 22.166667 minutes
