Number of steps: 12029220
Number of accepted steps: 1000000
Burn-in number of steps: 320000
Accepted fraction of steps: 0.083131
Convergence Status
R[0]= 1.000908	R[1]= 1.000952	R[2]= 1.000623	R[3]= 1.001976	R[4]= 1.000667	R[5]= 1.000727	R[6]= 1.000787	R[7]= 1.000240	R[8]= 1.000181	R[9]= 1.000718	R[10]= 1.000892	R[11]= 1.000975	R[12]= 1.000759	R[13]= 1.000713	R[14]= 1.000819	R[15]= 1.001099	R[16]= 1.001118	R[17]= 1.001026	R[18]= 1.000207	R[19]= 1.000123	R[20]= 1.000667	R[21]= 1.000787	R[22]= 1.000795	R[23]= 1.000415	R[24]= 1.000267	
<R>= 1.000738

Mean parameters
A[0]= 9.411219e-01 pm 3.255790e-02
A[1]= 1.052161e+00 pm 2.677236e-02
A[2]= 5.732941e-01 pm 3.810109e-01
A[3]= 3.911926e+00 pm 1.155925e+00
A[4]= -4.485160e+03 pm 3.798029e+03
A[5]= 2.332504e+03 pm 2.491558e+03
A[6]= -9.643433e+01 pm 5.839407e+02
A[7]= 1.081629e+01 pm 1.326415e+01
A[8]= -1.509814e-01 pm 1.805053e-01
A[9]= -1.876212e+03 pm 8.495774e+03
A[10]= 3.441649e+02 pm 5.122300e+03
A[11]= -1.427766e+02 pm 1.082437e+03
A[12]= -4.324946e+00 pm 4.840632e+01
A[13]= 4.690262e-02 pm 9.364583e-01
A[14]= 5.324813e+00 pm 1.601483e+00
A[15]= -5.804750e+03 pm 5.145132e+03
A[16]= 4.514826e+03 pm 3.374887e+03
A[17]= -8.218804e+02 pm 7.930789e+02
A[18]= -2.135691e+00 pm 1.915487e+01
A[19]= 2.014878e-01 pm 2.593916e-01
A[20]= 7.579098e+03 pm 1.148374e+04
A[21]= -4.179922e+03 pm 6.882755e+03
A[22]= 3.713120e+02 pm 1.442109e+03
A[23]= -4.830087e+01 pm 6.784019e+01
A[24]= 6.368418e-01 pm 1.323560e+00

Best-fitting parameters
A[0]= 9.322755e-01
A[1]= 1.068455e+00
A[2]= 7.653532e-01
A[3]= 3.076786e+00
A[4]= -4.449413e+03
A[5]= 2.064821e+03
A[6]= 2.727812e+01
A[7]= 1.243738e+01
A[8]= -1.916287e-01
A[9]= -1.088484e+03
A[10]= -1.435461e+02
A[11]= -5.221755e+01
A[12]= -3.698060e+01
A[13]= 7.983257e-01
A[14]= 4.509111e+00
A[15]= -5.100365e+03
A[16]= 4.258700e+03
A[17]= -8.058225e+02
A[18]= -1.677214e+00
A[19]= 1.962590e-01
A[20]= 1.401929e+04
A[21]= -7.162279e+03
A[22]= 6.953162e+02
A[23]= -9.964130e+01
A[24]= 1.618969e+00
chi2_min= 1.004091e+02


Cross-Covariance parameters
1.000000e+00	-4.920564e-01	-1.644225e-01	8.391516e-02	3.662622e-02	-3.713278e-02	2.832445e-02	6.908836e-02	-6.759946e-02	-5.608725e-04	7.278583e-03	-3.262144e-02	1.314651e-01	-1.095047e-01	5.797455e-02	6.621769e-02	-6.792161e-02	6.058771e-02	6.585782e-02	-7.650332e-02	5.704909e-03	1.032772e-03	-2.781643e-02	1.410645e-01	-1.240761e-01	
-4.920564e-01	1.000000e+00	1.533731e-01	-1.704277e-01	-2.096921e-02	2.643901e-02	-3.891230e-02	1.172418e-01	-1.096566e-01	7.613024e-03	-1.448182e-02	3.093345e-02	-9.739176e-02	4.989255e-02	-2.253705e-01	2.741462e-02	-2.951618e-02	2.333082e-02	1.384760e-01	-1.557306e-01	1.517859e-02	-2.223492e-02	4.254995e-02	-8.121830e-02	4.201879e-02	
-1.644225e-01	1.533731e-01	1.000000e+00	-6.754872e-01	-5.255433e-02	6.081775e-02	-5.972832e-02	-5.054705e-02	6.865195e-02	-4.183535e-01	5.332949e-01	-6.662225e-01	-9.069707e-02	2.446789e-01	-6.527256e-01	-5.835482e-02	6.460700e-02	-6.190982e-02	-5.026038e-02	6.648905e-02	-3.633185e-01	4.804140e-01	-6.223586e-01	-1.628706e-01	3.043660e-01	
8.391516e-02	-1.704277e-01	-6.754872e-01	1.000000e+00	-5.182699e-01	5.710047e-01	-6.114289e-01	1.865476e-01	8.487604e-02	2.181387e-01	-2.752528e-01	3.461085e-01	1.306036e-03	-6.310232e-02	4.641673e-01	4.168763e-02	-4.597049e-02	4.570875e-02	9.407711e-03	-1.963706e-02	2.490137e-01	-3.293978e-01	4.272450e-01	1.126980e-01	-2.058876e-01	
3.662622e-02	-2.096921e-02	-5.255433e-02	-5.182699e-01	1.000000e+00	-9.850542e-01	9.428877e-01	-6.680107e-01	2.824852e-01	6.870486e-02	-1.093393e-01	1.543618e-01	1.094987e-01	-1.027925e-01	3.763817e-02	-7.300553e-04	-1.705006e-03	2.963700e-03	1.287714e-02	-1.598996e-02	2.316985e-02	-3.039828e-02	3.796883e-02	4.822858e-03	-1.387739e-02	
-3.713278e-02	2.643901e-02	6.081775e-02	5.710047e-01	-9.850542e-01	1.000000e+00	-9.856882e-01	6.167367e-01	-2.149622e-01	-8.074240e-02	1.253625e-01	-1.748095e-01	-1.189867e-01	1.251496e-01	-4.461126e-02	6.102394e-04	1.664640e-03	-2.761557e-03	-1.057963e-02	1.382859e-02	-2.653524e-02	3.466359e-02	-4.331183e-02	-4.287692e-03	1.424642e-02	
2.832445e-02	-3.891230e-02	-5.972832e-02	-6.114289e-01	9.428877e-01	-9.856882e-01	1.000000e+00	-5.538027e-01	1.513587e-01	9.301915e-02	-1.391054e-01	1.899448e-01	1.157422e-01	-1.312043e-01	4.802591e-02	-2.328210e-03	4.178407e-04	7.197754e-04	4.172160e-03	-6.911004e-03	2.649244e-02	-3.430553e-02	4.266370e-02	1.057636e-03	-1.020397e-02	
6.908836e-02	1.172418e-01	-5.054705e-02	1.865476e-01	-6.680107e-01	6.167367e-01	-5.538027e-01	1.000000e+00	-8.828847e-01	1.084774e-01	-9.022306e-02	5.853911e-02	-6.889284e-02	-8.897778e-02	-6.622958e-03	2.243456e-02	-2.246595e-02	1.899699e-02	4.241090e-02	-4.800159e-02	2.199154e-02	-2.665499e-02	3.229556e-02	1.973653e-02	-3.237672e-02	
-6.759946e-02	-1.096566e-01	6.865195e-02	8.487604e-02	2.824852e-01	-2.149622e-01	1.513587e-01	-8.828847e-01	1.000000e+00	-1.664938e-01	1.654826e-01	-1.496626e-01	2.792323e-02	1.811836e-01	-8.510477e-03	-1.992725e-02	2.099241e-02	-1.830854e-02	-4.587731e-02	5.242991e-02	-2.783618e-02	3.524427e-02	-4.433359e-02	-2.316541e-02	3.931441e-02	
-5.608725e-04	7.613024e-03	-4.183535e-01	2.181387e-01	6.870486e-02	-8.074240e-02	9.301915e-02	1.084774e-01	-1.664938e-01	1.000000e+00	-9.837670e-01	9.185710e-01	-7.575505e-01	5.675581e-01	2.700611e-01	2.497578e-02	-2.857527e-02	2.787857e-02	2.280413e-02	-3.124106e-02	1.699445e-01	-2.221131e-01	2.860329e-01	4.605938e-02	-1.114158e-01	
7.278583e-03	-1.448182e-02	5.332949e-01	-2.752528e-01	-1.093393e-01	1.253625e-01	-1.391054e-01	-9.022306e-02	1.654826e-01	-9.837670e-01	1.000000e+00	-9.738101e-01	7.066800e-01	-5.083954e-01	-3.460092e-01	-3.067318e-02	3.534178e-02	-3.466566e-02	-3.101923e-02	4.151344e-02	-2.149909e-01	2.820231e-01	-3.644936e-01	-6.126681e-02	1.449812e-01	
-3.262144e-02	3.093345e-02	-6.662225e-01	3.461085e-01	1.543618e-01	-1.748095e-01	1.899448e-01	5.853911e-02	-1.496626e-01	9.185710e-01	-9.738101e-01	1.000000e+00	-5.965287e-01	3.967202e-01	4.354268e-01	3.617208e-02	-4.194068e-02	4.133850e-02	3.917095e-02	-5.178368e-02	2.682432e-01	-3.529029e-01	4.577440e-01	7.687068e-02	-1.825205e-01	
1.314651e-01	-9.739176e-02	-9.069707e-02	1.306036e-03	1.094987e-01	-1.189867e-01	1.157422e-01	-6.889284e-02	2.792323e-02	-7.575505e-01	7.066800e-01	-5.965287e-01	1.000000e+00	-9.469983e-01	6.090774e-02	1.710997e-02	-1.731482e-02	1.613460e-02	5.391460e-03	-1.118089e-02	2.053351e-02	-2.804628e-02	3.539010e-02	4.272598e-02	-5.102516e-02	
-1.095047e-01	4.989255e-02	2.446789e-01	-6.310232e-02	-1.027925e-01	1.251496e-01	-1.312043e-01	-8.897778e-02	1.811836e-01	5.675581e-01	-5.083954e-01	3.967202e-01	-9.469983e-01	1.000000e+00	-1.538074e-01	-2.912830e-02	3.091162e-02	-2.919945e-02	-2.274239e-02	3.374992e-02	-8.433242e-02	1.119839e-01	-1.448748e-01	-6.208509e-02	9.783207e-02	
5.797455e-02	-2.253705e-01	-6.527256e-01	4.641673e-01	3.763817e-02	-4.461126e-02	4.802591e-02	-6.622958e-03	-8.510477e-03	2.700611e-01	-3.460092e-01	4.354268e-01	6.090774e-02	-1.538074e-01	1.000000e+00	-5.067382e-01	5.717935e-01	-6.220162e-01	8.375777e-02	1.737783e-01	1.360788e-01	-1.923786e-01	2.694753e-01	6.492248e-02	-1.115651e-01	
6.621769e-02	2.741462e-02	-5.835482e-02	4.168763e-02	-7.300553e-04	6.102394e-04	-2.328210e-03	2.243456e-02	-1.992725e-02	2.497578e-02	-3.067318e-02	3.617208e-02	1.710997e-02	-2.912830e-02	-5.067382e-01	1.000000e+00	-9.829590e-01	9.346699e-01	-6.031874e-01	2.391565e-01	1.733446e-01	-2.052746e-01	2.328099e-01	2.028918e-02	-5.127757e-02	
-6.792161e-02	-2.951618e-02	6.460700e-02	-4.597049e-02	-1.705006e-03	1.664640e-03	4.178407e-04	-2.246595e-02	2.099241e-02	-2.857527e-02	3.534178e-02	-4.194068e-02	-1.731482e-02	3.091162e-02	5.717935e-01	-9.829590e-01	1.000000e+00	-9.835982e-01	5.356855e-01	-1.553131e-01	-1.834366e-01	2.204426e-01	-2.533806e-01	-3.402499e-02	7.458183e-02	
6.058771e-02	2.333082e-02	-6.190982e-02	4.570875e-02	2.963700e-03	-2.761557e-03	7.197754e-04	1.899699e-02	-1.830854e-02	2.787857e-02	-3.466566e-02	4.133850e-02	1.613460e-02	-2.919945e-02	-6.220162e-01	9.346699e-01	-9.835982e-01	1.000000e+00	-4.544944e-01	7.285967e-02	1.859730e-01	-2.260539e-01	2.624977e-01	4.238916e-02	-8.898639e-02	
6.585782e-02	1.384760e-01	-5.026038e-02	9.407711e-03	1.287714e-02	-1.057963e-02	4.172160e-03	4.241090e-02	-4.587731e-02	2.280413e-02	-3.101923e-02	3.917095e-02	5.391460e-03	-2.274239e-02	8.375777e-02	-6.031874e-01	5.356855e-01	-4.544944e-01	1.000000e+00	-9.036194e-01	-1.664300e-02	1.882370e-02	-2.042414e-02	8.372341e-02	-1.596514e-01	
-7.650332e-02	-1.557306e-01	6.648905e-02	-1.963706e-02	-1.598996e-02	1.382859e-02	-6.911004e-03	-4.800159e-02	5.242991e-02	-3.124106e-02	4.151344e-02	-5.178368e-02	-1.118089e-02	3.374992e-02	1.737783e-01	2.391565e-01	-1.553131e-01	7.285967e-02	-9.036194e-01	1.000000e+00	-5.901914e-02	7.084758e-02	-8.037095e-02	-1.084945e-01	2.211317e-01	
5.704909e-03	1.517859e-02	-3.633185e-01	2.490137e-01	2.316985e-02	-2.653524e-02	2.649244e-02	2.199154e-02	-2.783618e-02	1.699445e-01	-2.149909e-01	2.682432e-01	2.053351e-02	-8.433242e-02	1.360788e-01	1.733446e-01	-1.834366e-01	1.859730e-01	-1.664300e-02	-5.901914e-02	1.000000e+00	-9.839067e-01	9.173932e-01	-7.450411e-01	5.827107e-01	
1.032772e-03	-2.223492e-02	4.804140e-01	-3.293978e-01	-3.039828e-02	3.466359e-02	-3.430553e-02	-2.665499e-02	3.524427e-02	-2.221131e-01	2.820231e-01	-3.529029e-01	-2.804628e-02	1.119839e-01	-1.923786e-01	-2.052746e-01	2.204426e-01	-2.260539e-01	1.882370e-02	7.084758e-02	-9.839067e-01	1.000000e+00	-9.729106e-01	6.928709e-01	-5.202326e-01	
-2.781643e-02	4.254995e-02	-6.223586e-01	4.272450e-01	3.796883e-02	-4.331183e-02	4.266370e-02	3.229556e-02	-4.433359e-02	2.860329e-01	-3.644936e-01	4.577440e-01	3.539010e-02	-1.448748e-01	2.694753e-01	2.328099e-01	-2.533806e-01	2.624977e-01	-2.042414e-02	-8.037095e-02	9.173932e-01	-9.729106e-01	1.000000e+00	-5.794534e-01	4.011562e-01	
1.410645e-01	-8.121830e-02	-1.628706e-01	1.126980e-01	4.822858e-03	-4.287692e-03	1.057636e-03	1.973653e-02	-2.316541e-02	4.605938e-02	-6.126681e-02	7.687068e-02	4.272598e-02	-6.208509e-02	6.492248e-02	2.028918e-02	-3.402499e-02	4.238916e-02	8.372341e-02	-1.084945e-01	-7.450411e-01	6.928709e-01	-5.794534e-01	1.000000e+00	-9.647495e-01	
-1.240761e-01	4.201879e-02	3.043660e-01	-2.058876e-01	-1.387739e-02	1.424642e-02	-1.020397e-02	-3.237672e-02	3.931441e-02	-1.114158e-01	1.449812e-01	-1.825205e-01	-5.102516e-02	9.783207e-02	-1.115651e-01	-5.127757e-02	7.458183e-02	-8.898639e-02	-1.596514e-01	2.211317e-01	5.827107e-01	-5.202326e-01	4.011562e-01	-9.647495e-01	1.000000e+00	

Time taken for mcmc chain: 56.683333 minutes
