Number of steps: 5511149
Number of accepted steps: 1000000
Burn-in number of steps: 320000
Accepted fraction of steps: 0.181450
Convergence Status
R[0]= 1.001877	R[1]= 1.008734	R[2]= 1.006266	R[3]= 1.002120	R[4]= 1.000066	R[5]= 1.000093	R[6]= 1.000175	R[7]= 1.000105	R[8]= 1.000083	R[9]= 1.000291	R[10]= 1.000337	R[11]= 1.000720	R[12]= 1.000544	R[13]= 1.001075	R[14]= 1.009148	R[15]= 1.008055	R[16]= 1.008908	R[17]= 1.009554	R[18]= 1.000482	R[19]= 1.001412	R[20]= 1.003219	R[21]= 1.004284	R[22]= 1.005815	R[23]= 1.006242	R[24]= 1.005530	
<R>= 1.003405

Mean parameters
A[0]= 9.252232e-01 pm 3.569404e-02
A[1]= 1.046665e+00 pm 2.969414e-02
A[2]= 6.359479e-01 pm 4.270864e-01
A[3]= 3.570010e+00 pm 1.199508e+00
A[4]= -3.928983e+03 pm 3.712679e+03
A[5]= 1.962350e+03 pm 2.441007e+03
A[6]= -1.546436e+01 pm 5.728520e+02
A[7]= 1.642341e+01 pm 1.291970e+01
A[8]= -2.619941e-01 pm 1.795441e-01
A[9]= -3.428220e+03 pm 8.381442e+03
A[10]= 1.415786e+03 pm 5.028081e+03
A[11]= -3.886706e+02 pm 1.054627e+03
A[12]= 1.690297e+01 pm 4.852774e+01
A[13]= -5.099076e-01 pm 9.306574e-01
A[14]= 5.026499e+00 pm 1.600160e+00
A[15]= -6.580934e+03 pm 5.334647e+03
A[16]= 4.784511e+03 pm 3.522054e+03
A[17]= -8.289983e+02 pm 8.279468e+02
A[18]= 1.495863e+00 pm 1.925651e+01
A[19]= 1.484204e-01 pm 2.682896e-01
A[20]= 5.968110e+03 pm 1.159642e+04
A[21]= -3.354702e+03 pm 7.045279e+03
A[22]= 2.267960e+02 pm 1.500813e+03
A[23]= -4.828497e+01 pm 6.716188e+01
A[24]= 6.762263e-01 pm 1.321833e+00

Best-fitting parameters
A[0]= 9.141189e-01
A[1]= 1.038571e+00
A[2]= 5.722747e-01
A[3]= 4.315579e+00
A[4]= -6.014432e+03
A[5]= 3.572548e+03
A[6]= -4.274470e+02
A[7]= 1.455781e+01
A[8]= -1.800978e-01
A[9]= -3.443912e+03
A[10]= 1.319023e+03
A[11]= -3.718196e+02
A[12]= 2.225981e+00
A[13]= -1.497865e-01
A[14]= 4.383315e+00
A[15]= -5.894356e+03
A[16]= 3.856672e+03
A[17]= -4.956361e+02
A[18]= 6.591957e+00
A[19]= 5.077479e-02
A[20]= 2.593939e+03
A[21]= -2.239180e+03
A[22]= 1.945992e+02
A[23]= -2.984510e+01
A[24]= 4.160128e-01
chi2_min= 8.939835e+01


Cross-Covariance parameters
1.000000e+00	-5.090298e-01	-1.198244e-01	7.107531e-02	1.073895e-02	-1.172669e-02	4.342374e-03	6.373632e-02	-4.247298e-02	-4.136863e-02	5.848665e-02	-9.379125e-02	1.514235e-01	-1.144065e-01	6.458618e-02	5.739849e-02	-5.400456e-02	4.282795e-02	3.036684e-02	-3.005873e-02	3.952917e-03	1.066894e-02	-4.823697e-02	1.244843e-01	-9.666890e-02	
-5.090298e-01	1.000000e+00	1.675416e-01	-1.710416e-01	-2.200188e-02	2.765472e-02	-3.900609e-02	1.343169e-01	-1.220508e-01	2.732096e-02	-3.699430e-02	5.526809e-02	-1.219550e-01	7.242690e-02	-2.411624e-01	2.963463e-02	-3.114563e-02	2.581977e-02	1.492496e-01	-1.630770e-01	1.229954e-02	-2.298027e-02	4.768681e-02	-8.452514e-02	3.917498e-02	
-1.198244e-01	1.675416e-01	1.000000e+00	-7.188763e-01	3.304961e-02	-3.556813e-02	4.417867e-02	-7.301386e-02	4.416268e-02	-3.508824e-01	4.695269e-01	-6.105065e-01	-1.237874e-01	2.594124e-01	-6.275973e-01	-1.295213e-01	1.416470e-01	-1.434846e-01	-2.888724e-02	7.165071e-02	-4.102619e-01	5.248382e-01	-6.568206e-01	-1.611546e-01	3.014806e-01	
7.107531e-02	-1.710416e-01	-7.188763e-01	1.000000e+00	-5.406967e-01	5.969961e-01	-6.393594e-01	1.653018e-01	1.213761e-01	1.788449e-01	-2.454344e-01	3.303003e-01	3.508564e-02	-8.293652e-02	4.589053e-01	9.497992e-02	-1.069888e-01	1.117991e-01	1.886477e-02	-5.547661e-02	2.931180e-01	-3.764908e-01	4.736182e-01	1.272479e-01	-2.295389e-01	
1.073895e-02	-2.200188e-02	3.304961e-02	-5.406967e-01	1.000000e+00	-9.846309e-01	9.419261e-01	-6.350159e-01	2.363516e-01	6.450196e-02	-9.531089e-02	1.277325e-01	9.876382e-02	-1.005629e-01	-4.996020e-03	1.152091e-02	-6.701910e-03	2.365628e-03	-3.469939e-02	3.317270e-02	6.973480e-03	-1.075636e-03	-7.514190e-03	-2.468878e-02	2.894066e-02	
-1.172669e-02	2.765472e-02	-3.556813e-02	5.969961e-01	-9.846309e-01	1.000000e+00	-9.856068e-01	5.812317e-01	-1.668929e-01	-7.548365e-02	1.088388e-01	-1.438949e-01	-1.071375e-01	1.212678e-01	5.921650e-03	-1.351978e-02	8.650612e-03	-4.308092e-03	3.694581e-02	-3.455325e-02	-9.014858e-03	3.088069e-03	6.044656e-03	2.786126e-02	-3.199243e-02	
4.342374e-03	-3.900609e-02	4.417867e-02	-6.393594e-01	9.419261e-01	-9.856068e-01	1.000000e+00	-5.168303e-01	1.028305e-01	8.719831e-02	-1.209773e-01	1.560881e-01	1.025094e-01	-1.252422e-01	-8.659932e-03	1.212047e-02	-7.204822e-03	3.184296e-03	-4.108054e-02	3.869196e-02	6.493307e-03	2.291801e-04	-1.050709e-02	-3.175578e-02	3.737991e-02	
6.373632e-02	1.343169e-01	-7.301386e-02	1.653018e-01	-6.350159e-01	5.812317e-01	-5.168303e-01	1.000000e+00	-8.798295e-01	1.285600e-01	-1.157927e-01	9.016842e-02	-7.562737e-02	-8.419984e-02	-8.833787e-04	3.538892e-02	-3.960775e-02	3.979478e-02	5.331192e-02	-6.252111e-02	4.638566e-02	-5.842385e-02	7.115837e-02	1.825130e-02	-3.870251e-02	
-4.247298e-02	-1.220508e-01	4.416268e-02	1.213761e-01	2.363516e-01	-1.668929e-01	1.028305e-01	-8.798295e-01	1.000000e+00	-1.881269e-01	1.874667e-01	-1.712865e-01	4.573319e-02	1.659733e-01	1.041201e-02	-3.869148e-02	4.122245e-02	-4.054219e-02	-3.111113e-02	4.067511e-02	-4.591955e-02	5.442027e-02	-6.253903e-02	-1.181192e-03	1.814982e-02	
-4.136863e-02	2.732096e-02	-3.508824e-01	1.788449e-01	6.450196e-02	-7.548365e-02	8.719831e-02	1.285600e-01	-1.881269e-01	1.000000e+00	-9.833552e-01	9.159182e-01	-7.648561e-01	5.758824e-01	2.320489e-01	3.303284e-02	-3.947116e-02	4.243166e-02	2.147129e-02	-3.341796e-02	1.678033e-01	-2.116985e-01	2.635944e-01	3.399489e-02	-9.376264e-02	
5.848665e-02	-3.699430e-02	4.695269e-01	-2.454344e-01	-9.531089e-02	1.088388e-01	-1.209773e-01	-1.157927e-01	1.874667e-01	-9.833552e-01	1.000000e+00	-9.728093e-01	7.152949e-01	-5.175998e-01	-3.021229e-01	-5.591692e-02	6.386826e-02	-6.686734e-02	-2.475027e-02	4.585987e-02	-2.220952e-01	2.815118e-01	-3.517639e-01	-4.860554e-02	1.282427e-01	
-9.379125e-02	5.526809e-02	-6.105065e-01	3.303003e-01	1.277325e-01	-1.438949e-01	1.560881e-01	9.016842e-02	-1.712865e-01	9.159182e-01	-9.728093e-01	1.000000e+00	-6.051625e-01	4.056009e-01	3.853219e-01	8.350929e-02	-9.313427e-02	9.611606e-02	2.685625e-02	-5.913385e-02	2.865891e-01	-3.647771e-01	4.576416e-01	6.550068e-02	-1.693441e-01	
1.514235e-01	-1.219550e-01	-1.237874e-01	3.508564e-02	9.876382e-02	-1.071375e-01	1.025094e-01	-7.562737e-02	4.573319e-02	-7.648561e-01	7.152949e-01	-6.051625e-01	1.000000e+00	-9.467639e-01	7.166398e-02	4.789611e-02	-4.632570e-02	4.240946e-02	-1.754371e-02	5.046347e-03	5.826166e-02	-6.666217e-02	7.220913e-02	2.989608e-02	-4.254105e-02	
-1.144065e-01	7.242690e-02	2.594124e-01	-8.293652e-02	-1.005629e-01	1.212678e-01	-1.252422e-01	-8.419984e-02	1.659733e-01	5.758824e-01	-5.175998e-01	4.056009e-01	-9.467639e-01	1.000000e+00	-1.522098e-01	-7.022482e-02	7.038173e-02	-6.636493e-02	8.663123e-03	1.082845e-02	-1.285018e-01	1.547745e-01	-1.816974e-01	-4.003227e-02	7.838369e-02	
6.458618e-02	-2.411624e-01	-6.275973e-01	4.589053e-01	-4.996020e-03	5.921650e-03	-8.659932e-03	-8.833787e-04	1.041201e-02	2.320489e-01	-3.021229e-01	3.853219e-01	7.166398e-02	-1.522098e-01	1.000000e+00	-4.853157e-01	5.421848e-01	-5.861504e-01	4.676558e-02	2.068373e-01	1.638038e-01	-2.106336e-01	2.724015e-01	3.149582e-02	-6.755588e-02	
5.739849e-02	2.963463e-02	-1.295213e-01	9.497992e-02	1.152091e-02	-1.351978e-02	1.212047e-02	3.538892e-02	-3.869148e-02	3.303284e-02	-5.591692e-02	8.350929e-02	4.789611e-02	-7.022482e-02	-4.853157e-01	1.000000e+00	-9.844888e-01	9.411425e-01	-5.524796e-01	1.674940e-01	2.100293e-01	-2.530619e-01	2.913249e-01	5.829652e-02	-1.110636e-01	
-5.400456e-02	-3.114563e-02	1.416470e-01	-1.069888e-01	-6.701910e-03	8.650612e-03	-7.204822e-03	-3.960775e-02	4.122245e-02	-3.947116e-02	6.386826e-02	-9.313427e-02	-4.632570e-02	7.038173e-02	5.421848e-01	-9.844888e-01	1.000000e+00	-9.853925e-01	4.824010e-01	-8.319433e-02	-2.182352e-01	2.674764e-01	-3.124791e-01	-7.851313e-02	1.416931e-01	
4.282795e-02	2.581977e-02	-1.434846e-01	1.117991e-01	2.365628e-03	-4.308092e-03	3.184296e-03	3.979478e-02	-4.054219e-02	4.243166e-02	-6.686734e-02	9.611606e-02	4.240946e-02	-6.636493e-02	-5.861504e-01	9.411425e-01	-9.853925e-01	1.000000e+00	-4.026303e-01	3.334116e-03	2.178483e-01	-2.712158e-01	3.210921e-01	9.268063e-02	-1.621922e-01	
3.036684e-02	1.492496e-01	-2.888724e-02	1.886477e-02	-3.469939e-02	3.694581e-02	-4.108054e-02	5.331192e-02	-3.111113e-02	2.147129e-02	-2.475027e-02	2.685625e-02	-1.754371e-02	8.663123e-03	4.676558e-02	-5.524796e-01	4.824010e-01	-4.026303e-01	1.000000e+00	-8.997087e-01	-1.234859e-02	1.138941e-02	-9.853097e-03	7.965293e-02	-1.625015e-01	
-3.005873e-02	-1.630770e-01	7.165071e-02	-5.547661e-02	3.317270e-02	-3.455325e-02	3.869196e-02	-6.252111e-02	4.067511e-02	-3.341796e-02	4.585987e-02	-5.913385e-02	5.046347e-03	1.082845e-02	2.068373e-01	1.674940e-01	-8.319433e-02	3.334116e-03	-8.997087e-01	1.000000e+00	-7.832742e-02	9.846647e-02	-1.162071e-01	-1.202749e-01	2.480703e-01	
3.952917e-03	1.229954e-02	-4.102619e-01	2.931180e-01	6.973480e-03	-9.014858e-03	6.493307e-03	4.638566e-02	-4.591955e-02	1.678033e-01	-2.220952e-01	2.865891e-01	5.826166e-02	-1.285018e-01	1.638038e-01	2.100293e-01	-2.182352e-01	2.178483e-01	-1.234859e-02	-7.832742e-02	1.000000e+00	-9.835501e-01	9.179158e-01	-7.071551e-01	5.286589e-01	
1.066894e-02	-2.298027e-02	5.248382e-01	-3.764908e-01	-1.075636e-03	3.088069e-03	2.291801e-04	-5.842385e-02	5.442027e-02	-2.116985e-01	2.815118e-01	-3.647771e-01	-6.666217e-02	1.547745e-01	-2.106336e-01	-2.530619e-01	2.674764e-01	-2.712158e-01	1.138941e-02	9.846647e-02	-9.835501e-01	1.000000e+00	-9.736920e-01	6.440875e-01	-4.549377e-01	
-4.823697e-02	4.768681e-02	-6.568206e-01	4.736182e-01	-7.514190e-03	6.044656e-03	-1.050709e-02	7.115837e-02	-6.253903e-02	2.635944e-01	-3.517639e-01	4.576416e-01	7.220913e-02	-1.816974e-01	2.724015e-01	2.913249e-01	-3.124791e-01	3.210921e-01	-9.853097e-03	-1.162071e-01	9.179158e-01	-9.736920e-01	1.000000e+00	-5.225242e-01	3.284505e-01	
1.244843e-01	-8.452514e-02	-1.611546e-01	1.272479e-01	-2.468878e-02	2.786126e-02	-3.175578e-02	1.825130e-02	-1.181192e-03	3.399489e-02	-4.860554e-02	6.550068e-02	2.989608e-02	-4.003227e-02	3.149582e-02	5.829652e-02	-7.851313e-02	9.268063e-02	7.965293e-02	-1.202749e-01	-7.071551e-01	6.440875e-01	-5.225242e-01	1.000000e+00	-9.614554e-01	
-9.666890e-02	3.917498e-02	3.014806e-01	-2.295389e-01	2.894066e-02	-3.199243e-02	3.737991e-02	-3.870251e-02	1.814982e-02	-9.376264e-02	1.282427e-01	-1.693441e-01	-4.254105e-02	7.838369e-02	-6.755588e-02	-1.110636e-01	1.416931e-01	-1.621922e-01	-1.625015e-01	2.480703e-01	5.286589e-01	-4.549377e-01	3.284505e-01	-9.614554e-01	1.000000e+00	

Time taken for mcmc chain: 26.933333 minutes
