Number of steps: 5301706
Number of accepted steps: 1000000
Burn-in number of steps: 320000
Accepted fraction of steps: 0.188619
Convergence Status
R[0]= 1.005787	R[1]= 1.004919	R[2]= 1.114863	R[3]= 1.050435	R[4]= 1.009409	R[5]= 1.010358	R[6]= 1.011949	R[7]= 1.003039	R[8]= 1.000709	R[9]= 1.001865	R[10]= 1.004720	R[11]= 1.010402	R[12]= 1.008000	R[13]= 1.015741	R[14]= 1.073986	R[15]= 1.001987	R[16]= 1.002953	R[17]= 1.004162	R[18]= 1.002758	R[19]= 1.006195	R[20]= 1.006374	R[21]= 1.012652	R[22]= 1.024135	R[23]= 1.004724	R[24]= 1.008801	
<R>= 1.016037

Mean parameters
A[0]= 9.105051e-01 pm 3.773378e-02
A[1]= 1.033765e+00 pm 3.452920e-02
A[2]= 8.065363e-01 pm 5.528396e-01
A[3]= 2.778443e+00 pm 1.155687e+00
A[4]= -2.796668e+03 pm 3.862745e+03
A[5]= 1.169119e+03 pm 2.551283e+03
A[6]= 1.728928e+02 pm 6.001798e+02
A[7]= 1.760627e+01 pm 1.305630e+01
A[8]= -3.201630e-01 pm 1.833299e-01
A[9]= -5.731710e+03 pm 8.266938e+03
A[10]= 2.786760e+03 pm 4.956027e+03
A[11]= -6.744659e+02 pm 1.035805e+03
A[12]= 2.948628e+01 pm 4.841114e+01
A[13]= -7.943727e-01 pm 9.510406e-01
A[14]= 4.247819e+00 pm 1.575957e+00
A[15]= -8.017464e+03 pm 5.330740e+03
A[16]= 5.479627e+03 pm 3.488921e+03
A[17]= -9.306686e+02 pm 8.123400e+02
A[18]= 9.178148e+00 pm 1.999588e+01
A[19]= 3.827691e-02 pm 2.809497e-01
A[20]= 2.964803e+03 pm 1.178118e+04
A[21]= -1.539722e+03 pm 7.219500e+03
A[22]= -1.605063e+02 pm 1.557368e+03
A[23]= -4.607278e+01 pm 6.802265e+01
A[24]= 6.809122e-01 pm 1.343641e+00

Best-fitting parameters
A[0]= 9.210722e-01
A[1]= 1.043175e+00
A[2]= 4.556575e-01
A[3]= 3.570543e+00
A[4]= -5.651746e+03
A[5]= 2.857514e+03
A[6]= -1.917679e+02
A[7]= 2.470630e+01
A[8]= -3.526658e-01
A[9]= -4.647219e+03
A[10]= 1.737046e+03
A[11]= -3.435627e+02
A[12]= 2.710209e+01
A[13]= -6.740124e-01
A[14]= 5.050829e+00
A[15]= -7.946999e+03
A[16]= 5.487676e+03
A[17]= -9.585893e+02
A[18]= 5.688293e+00
A[19]= 1.120839e-01
A[20]= 3.666724e+02
A[21]= -8.277284e+02
A[22]= -5.266656e+01
A[23]= -9.240345e+00
A[24]= 8.800162e-02
chi2_min= 9.133836e+01


Cross-Covariance parameters
1.000000e+00	-5.587473e-01	-7.963755e-02	8.593560e-02	1.864316e-02	-9.023557e-03	-5.586800e-03	4.040450e-02	-1.852880e-02	-2.810828e-02	4.771182e-02	-8.751992e-02	1.148846e-01	-6.905410e-02	3.411422e-02	7.592159e-02	-7.825242e-02	7.237578e-02	5.832864e-02	-6.725221e-02	-9.789724e-03	2.944814e-02	-7.229541e-02	1.467613e-01	-1.160962e-01	
-5.587473e-01	1.000000e+00	1.139707e-01	-1.581245e-01	-4.647916e-02	4.243991e-02	-4.450299e-02	1.564240e-01	-1.391854e-01	2.058906e-02	-3.464506e-02	6.055131e-02	-9.265607e-02	2.812373e-02	-2.030589e-01	-1.416313e-02	1.266660e-02	-1.819537e-02	1.466353e-01	-1.379935e-01	2.120492e-02	-3.393562e-02	6.153964e-02	-9.764267e-02	5.444055e-02	
-7.963755e-02	1.139707e-01	1.000000e+00	-7.413569e-01	1.310741e-01	-1.493557e-01	1.711861e-01	-1.246940e-01	5.111128e-02	-3.319545e-01	4.294665e-01	-5.482319e-01	-1.594978e-01	2.989910e-01	-7.071464e-01	-1.261327e-01	1.205771e-01	-1.066989e-01	8.179184e-02	-6.089748e-02	-3.701448e-01	4.929736e-01	-6.336881e-01	-2.291302e-01	3.661849e-01	
8.593560e-02	-1.581245e-01	-7.413569e-01	1.000000e+00	-5.732114e-01	6.331180e-01	-6.779763e-01	1.604452e-01	1.428567e-01	1.688440e-01	-2.218796e-01	2.930806e-01	5.792141e-02	-1.081096e-01	5.610140e-01	7.193292e-02	-7.132573e-02	6.484615e-02	-4.881556e-02	3.503299e-02	2.933749e-01	-3.843194e-01	4.868052e-01	1.597064e-01	-2.612162e-01	
1.864316e-02	-4.647916e-02	1.310741e-01	-5.732114e-01	1.000000e+00	-9.853949e-01	9.450277e-01	-6.115608e-01	2.000902e-01	4.741844e-02	-8.341320e-02	1.194133e-01	1.036705e-01	-8.878093e-02	-9.969359e-02	3.574032e-02	-4.088916e-02	4.642539e-02	1.784665e-03	-1.730452e-02	-2.783796e-02	3.989094e-02	-5.533640e-02	-8.431320e-03	2.171999e-02	
-9.023557e-03	4.243991e-02	-1.493557e-01	6.331180e-01	-9.853949e-01	1.000000e+00	-9.864299e-01	5.527314e-01	-1.265957e-01	-6.328392e-02	1.013780e-01	-1.391394e-01	-1.042166e-01	1.027564e-01	1.099867e-01	-3.352735e-02	3.862990e-02	-4.450829e-02	-3.343579e-03	1.829876e-02	3.135507e-02	-4.559836e-02	6.336359e-02	1.255609e-02	-2.698432e-02	
-5.586800e-03	-4.450299e-02	1.711861e-01	-6.779763e-01	9.450277e-01	-9.864299e-01	1.000000e+00	-4.864297e-01	6.165183e-02	7.983452e-02	-1.178675e-01	1.548338e-01	9.243745e-02	-1.008569e-01	-1.200707e-01	2.702680e-02	-3.225713e-02	3.888166e-02	4.817537e-03	-1.855080e-02	-3.634554e-02	5.327527e-02	-7.390745e-02	-1.950879e-02	3.592218e-02	
4.040450e-02	1.564240e-01	-1.246940e-01	1.604452e-01	-6.115608e-01	5.527314e-01	-4.864297e-01	1.000000e+00	-8.778924e-01	1.497309e-01	-1.362412e-01	1.109137e-01	-6.114097e-02	-1.162690e-01	4.963916e-02	1.619304e-02	-1.462757e-02	8.768172e-03	3.236914e-02	-2.940243e-02	6.036617e-02	-7.318186e-02	8.699830e-02	1.802568e-02	-4.376687e-02	
-1.852880e-02	-1.391854e-01	5.111128e-02	1.428567e-01	2.000902e-01	-1.265957e-01	6.165183e-02	-8.778924e-01	1.000000e+00	-1.978805e-01	1.997254e-01	-1.867695e-01	2.247589e-02	1.974345e-01	4.857960e-03	-3.363339e-02	3.347895e-02	-2.990058e-02	-2.243482e-02	2.759813e-02	-4.064675e-02	4.649218e-02	-5.238580e-02	-1.133604e-02	3.000096e-02	
-2.810828e-02	2.058906e-02	-3.319545e-01	1.688440e-01	4.741844e-02	-6.328392e-02	7.983452e-02	1.497309e-01	-1.978805e-01	1.000000e+00	-9.837926e-01	9.189737e-01	-7.376451e-01	5.394184e-01	2.160091e-01	8.243132e-02	-9.164375e-02	9.498748e-02	2.335062e-03	-3.600786e-02	1.864337e-01	-2.344369e-01	2.874629e-01	5.568361e-02	-1.207151e-01	
4.771182e-02	-3.464506e-02	4.294665e-01	-2.218796e-01	-8.341320e-02	1.013780e-01	-1.178675e-01	-1.362412e-01	1.997254e-01	-9.837926e-01	1.000000e+00	-9.739633e-01	6.877786e-01	-4.812696e-01	-2.898124e-01	-9.357804e-02	1.030083e-01	-1.058215e-01	-2.608004e-03	3.806385e-02	-2.312602e-01	2.930159e-01	-3.623077e-01	-7.766996e-02	1.597639e-01	
-8.751992e-02	6.055131e-02	-5.482319e-01	2.930806e-01	1.194133e-01	-1.391394e-01	1.548338e-01	1.109137e-01	-1.867695e-01	9.189737e-01	-9.739633e-01	1.000000e+00	-5.797478e-01	3.720560e-01	3.817267e-01	1.045588e-01	-1.135681e-01	1.152873e-01	-3.781464e-04	-3.588545e-02	2.852073e-01	-3.639568e-01	4.537664e-01	1.015378e-01	-2.044983e-01	
1.148846e-01	-9.265607e-02	-1.594978e-01	5.792141e-02	1.036705e-01	-1.042166e-01	9.243745e-02	-6.114097e-02	2.247589e-02	-7.376451e-01	6.877786e-01	-5.797478e-01	1.000000e+00	-9.457180e-01	1.255855e-01	1.429275e-02	-8.018725e-03	1.785392e-03	-2.499161e-02	3.491123e-02	3.594234e-02	-5.030962e-02	6.571454e-02	5.838124e-02	-7.055225e-02	
-6.905410e-02	2.812373e-02	2.989910e-01	-1.081096e-01	-8.878093e-02	1.027564e-01	-1.008569e-01	-1.162690e-01	1.974345e-01	5.394184e-01	-4.812696e-01	3.720560e-01	-9.457180e-01	1.000000e+00	-2.098848e-01	-4.461885e-02	3.943645e-02	-3.217775e-02	2.768128e-02	-2.881976e-02	-1.048669e-01	1.396265e-01	-1.788670e-01	-8.300698e-02	1.236567e-01	
3.411422e-02	-2.030589e-01	-7.071464e-01	5.610140e-01	-9.969359e-02	1.099867e-01	-1.200707e-01	4.963916e-02	4.857960e-03	2.160091e-01	-2.898124e-01	3.817267e-01	1.255855e-01	-2.098848e-01	1.000000e+00	-4.007686e-01	4.652744e-01	-5.175592e-01	-6.818309e-02	2.787462e-01	1.697801e-01	-2.365890e-01	3.222300e-01	9.542001e-02	-1.431690e-01	
7.592159e-02	-1.416313e-02	-1.261327e-01	7.193292e-02	3.574032e-02	-3.352735e-02	2.702680e-02	1.619304e-02	-3.363339e-02	8.243132e-02	-9.357804e-02	1.045588e-01	1.429275e-02	-4.461885e-02	-4.007686e-01	1.000000e+00	-9.835138e-01	9.373804e-01	-5.367158e-01	1.768225e-01	2.070417e-01	-2.530885e-01	2.914200e-01	8.070998e-02	-1.306146e-01	
-7.825242e-02	1.266660e-02	1.205771e-01	-7.132573e-02	-4.088916e-02	3.862990e-02	-3.225713e-02	-1.462757e-02	3.347895e-02	-9.164375e-02	1.030083e-01	-1.135681e-01	-8.018725e-03	3.943645e-02	4.652744e-01	-9.835138e-01	1.000000e+00	-9.844283e-01	4.544476e-01	-8.101206e-02	-2.237892e-01	2.735891e-01	-3.146211e-01	-9.303791e-02	1.550215e-01	
7.237578e-02	-1.819537e-02	-1.066989e-01	6.484615e-02	4.642539e-02	-4.450829e-02	3.888166e-02	8.768172e-03	-2.990058e-02	9.498748e-02	-1.058215e-01	1.152873e-01	1.785392e-03	-3.217775e-02	-5.175592e-01	9.373804e-01	-9.844283e-01	1.000000e+00	-3.647838e-01	-7.826198e-03	2.300710e-01	-2.814856e-01	3.235865e-01	9.967147e-02	-1.691886e-01	
5.832864e-02	1.466353e-01	8.179184e-02	-4.881556e-02	1.784665e-03	-3.343579e-03	4.817537e-03	3.236914e-02	-2.243482e-02	2.335062e-03	-2.608004e-03	-3.781464e-04	-2.499161e-02	2.768128e-02	-6.818309e-02	-5.367158e-01	4.544476e-01	-3.647838e-01	1.000000e+00	-9.114889e-01	1.189072e-02	4.497188e-03	-2.609986e-02	3.686606e-02	-1.131821e-01	
-6.725221e-02	-1.379935e-01	-6.089748e-02	3.503299e-02	-1.730452e-02	1.829876e-02	-1.855080e-02	-2.940243e-02	2.759813e-02	-3.600786e-02	3.806385e-02	-3.588545e-02	3.491123e-02	-2.881976e-02	2.787462e-01	1.768225e-01	-8.101206e-02	-7.826198e-03	-9.114889e-01	1.000000e+00	-9.894572e-02	9.983032e-02	-9.053954e-02	-7.175202e-02	1.874967e-01	
-9.789724e-03	2.120492e-02	-3.701448e-01	2.933749e-01	-2.783796e-02	3.135507e-02	-3.634554e-02	6.036617e-02	-4.064675e-02	1.864337e-01	-2.312602e-01	2.852073e-01	3.594234e-02	-1.048669e-01	1.697801e-01	2.070417e-01	-2.237892e-01	2.300710e-01	1.189072e-02	-9.894572e-02	1.000000e+00	-9.821539e-01	9.122660e-01	-6.707975e-01	4.814235e-01	
2.944814e-02	-3.393562e-02	4.929736e-01	-3.843194e-01	3.989094e-02	-4.559836e-02	5.327527e-02	-7.318186e-02	4.649218e-02	-2.344369e-01	2.930159e-01	-3.639568e-01	-5.030962e-02	1.396265e-01	-2.365890e-01	-2.530885e-01	2.735891e-01	-2.814856e-01	4.497188e-03	9.983032e-02	-9.821539e-01	1.000000e+00	-9.722595e-01	5.962642e-01	-3.962827e-01	
-7.229541e-02	6.153964e-02	-6.336881e-01	4.868052e-01	-5.533640e-02	6.336359e-02	-7.390745e-02	8.699830e-02	-5.238580e-02	2.874629e-01	-3.623077e-01	4.537664e-01	6.571454e-02	-1.788670e-01	3.222300e-01	2.914200e-01	-3.146211e-01	3.235865e-01	-2.609986e-02	-9.053954e-02	9.122660e-01	-9.722595e-01	1.000000e+00	-4.631973e-01	2.597711e-01	
1.467613e-01	-9.764267e-02	-2.291302e-01	1.597064e-01	-8.431320e-03	1.255609e-02	-1.950879e-02	1.802568e-02	-1.133604e-02	5.568361e-02	-7.766996e-02	1.015378e-01	5.838124e-02	-8.300698e-02	9.542001e-02	8.070998e-02	-9.303791e-02	9.967147e-02	3.686606e-02	-7.175202e-02	-6.707975e-01	5.962642e-01	-4.631973e-01	1.000000e+00	-9.611422e-01	
-1.160962e-01	5.444055e-02	3.661849e-01	-2.612162e-01	2.171999e-02	-2.698432e-02	3.592218e-02	-4.376687e-02	3.000096e-02	-1.207151e-01	1.597639e-01	-2.044983e-01	-7.055225e-02	1.236567e-01	-1.431690e-01	-1.306146e-01	1.550215e-01	-1.691886e-01	-1.131821e-01	1.874967e-01	4.814235e-01	-3.962827e-01	2.597711e-01	-9.611422e-01	1.000000e+00	

Time taken for mcmc chain: 37.500000 minutes
