Number of steps: 1172661
Number of accepted steps: 1000000
Burn-in number of steps: 320000
Accepted fraction of steps: 0.852761
Convergence Status
R[0]= 1.029684	R[1]= 1.087168	R[2]= 1.278908	R[3]= 1.202342	R[4]= 1.067523	R[5]= 1.057517	R[6]= 1.049834	R[7]= 1.060194	R[8]= 1.070782	R[9]= 1.029491	R[10]= 1.035673	R[11]= 1.065853	R[12]= 1.017393	R[13]= 1.015434	R[14]= 1.132169	R[15]= 1.031827	R[16]= 1.018669	R[17]= 1.022983	R[18]= 1.003861	R[19]= 1.009218	R[20]= 1.111289	R[21]= 1.149136	R[22]= 1.200433	R[23]= 1.089877	R[24]= 1.092836	
<R>= 1.077204

Mean parameters
A[0]= 9.226375e-01 pm 3.294902e-02
A[1]= 1.021226e+00 pm 2.565523e-02
A[2]= 4.913768e-01 pm 3.019913e-01
A[3]= 3.694918e+00 pm 1.055335e+00
A[4]= -2.470624e+03 pm 3.368682e+03
A[5]= 1.119703e+03 pm 2.233993e+03
A[6]= 1.342449e+02 pm 5.252786e+02
A[7]= 1.198434e+01 pm 1.266181e+01
A[8]= -2.265646e-01 pm 1.820472e-01
A[9]= -2.719028e+03 pm 7.288079e+03
A[10]= 8.973703e+02 pm 4.344624e+03
A[11]= -2.610190e+02 pm 8.983967e+02
A[12]= 2.248191e+01 pm 3.933581e+01
A[13]= -6.354769e-01 pm 7.652023e-01
A[14]= 5.208967e+00 pm 1.313150e+00
A[15]= -8.614045e+03 pm 4.789510e+03
A[16]= 5.656665e+03 pm 3.025022e+03
A[17]= -9.432248e+02 pm 6.793991e+02
A[18]= 1.676889e+01 pm 2.100795e+01
A[19]= -7.117821e-02 pm 2.766483e-01
A[20]= 1.918058e+03 pm 9.321029e+03
A[21]= -1.646630e+03 pm 5.584160e+03
A[22]= 4.945611e+01 pm 1.176770e+03
A[23]= -1.303650e+01 pm 5.885356e+01
A[24]= -1.251875e-01 pm 1.195484e+00

Best-fitting parameters
A[0]= 9.234140e-01
A[1]= 1.007246e+00
A[2]= 8.150473e-01
A[3]= 3.745809e+00
A[4]= -6.237228e+03
A[5]= 3.681732e+03
A[6]= -4.724651e+02
A[7]= 1.825746e+01
A[8]= -2.607540e-01
A[9]= -1.345953e+03
A[10]= 1.559173e+03
A[11]= -7.846697e+02
A[12]= -1.198445e+01
A[13]= 1.919710e-01
A[14]= 5.014345e+00
A[15]= -1.038483e+04
A[16]= 7.298748e+03
A[17]= -1.446279e+03
A[18]= 1.752174e+01
A[19]= -3.652610e-02
A[20]= 1.496859e+02
A[21]= 4.544819e+02
A[22]= -6.657995e+02
A[23]= -6.666797e+01
A[24]= 1.261848e+00
chi2_min= 1.016717e+02


Cross-Covariance parameters
1.000000e+00	-5.609043e-01	-6.522901e-02	-4.484741e-02	4.399697e-02	-6.788172e-02	7.769806e-02	8.786011e-02	-9.328525e-02	2.484233e-02	-1.008426e-03	-5.218504e-02	1.153055e-01	-1.090523e-01	5.362055e-02	-5.483234e-02	6.427489e-02	-7.866002e-02	2.000668e-01	-2.041712e-01	2.889292e-03	3.010983e-02	-1.016470e-01	1.148848e-01	-1.285356e-01	
-5.609043e-01	1.000000e+00	1.436736e-01	-2.858644e-01	1.087629e-01	-1.153419e-01	1.181747e-01	1.688064e-02	-3.846958e-02	2.888297e-02	-4.973254e-02	8.044356e-02	-1.452487e-01	1.103775e-01	-2.899817e-01	2.315925e-01	-2.239581e-01	2.027650e-01	-1.549791e-01	1.201770e-01	1.082297e-01	-9.598214e-02	1.059492e-01	-1.226150e-01	1.032849e-01	
-6.522901e-02	1.436736e-01	1.000000e+00	-5.856239e-01	-9.902540e-02	1.031345e-01	-1.067437e-01	8.783460e-02	-6.418968e-02	-4.611031e-01	5.765141e-01	-7.016437e-01	3.360194e-02	9.708632e-02	-6.590752e-01	-4.286285e-02	5.240161e-02	-6.411015e-02	1.438133e-03	2.509693e-03	-4.172988e-01	5.264702e-01	-6.435386e-01	-1.159809e-01	2.412840e-01	
-4.484741e-02	-2.858644e-01	-5.856239e-01	1.000000e+00	-5.418810e-01	6.061886e-01	-6.511312e-01	2.356989e-02	2.185561e-01	1.830708e-01	-2.231004e-01	2.758655e-01	-9.687122e-02	1.010766e-01	4.682345e-01	-1.201562e-01	9.739312e-02	-6.448584e-02	6.442904e-02	-5.270670e-02	6.247326e-02	-1.480456e-01	2.460198e-01	2.116364e-01	-2.860942e-01	
4.399697e-02	1.087629e-01	-9.902540e-02	-5.418810e-01	1.000000e+00	-9.867648e-01	9.521568e-01	-6.602310e-01	3.428297e-01	2.786080e-03	-7.243237e-02	1.509690e-01	1.521585e-01	-1.082837e-01	-8.226249e-03	1.455837e-01	-1.451368e-01	1.364941e-01	-7.894635e-02	5.401107e-02	6.843118e-02	-7.916732e-02	9.483767e-02	2.099269e-02	-1.877278e-02	
-6.788172e-02	-1.153419e-01	1.031345e-01	6.061886e-01	-9.867648e-01	1.000000e+00	-9.885817e-01	5.868486e-01	-2.538819e-01	-2.310174e-02	9.171029e-02	-1.670458e-01	-1.671851e-01	1.506107e-01	1.536599e-02	-1.575619e-01	1.546512e-01	-1.429614e-01	8.001923e-02	-5.194666e-02	-1.053981e-01	1.127971e-01	-1.216918e-01	1.305159e-02	-1.224194e-02	
7.769806e-02	1.181747e-01	-1.067437e-01	-6.511312e-01	9.521568e-01	-9.885817e-01	1.000000e+00	-5.093518e-01	1.741121e-01	4.721288e-02	-1.136371e-01	1.847321e-01	1.677220e-01	-1.749488e-01	-1.751760e-02	1.607810e-01	-1.560517e-01	1.425413e-01	-8.020405e-02	5.261933e-02	1.374380e-01	-1.420014e-01	1.455866e-01	-4.625354e-02	4.341904e-02	
8.786011e-02	1.688064e-02	8.783460e-02	2.356989e-02	-6.602310e-01	5.868486e-01	-5.093518e-01	1.000000e+00	-9.153401e-01	2.082176e-01	-1.393339e-01	4.292101e-02	-1.616181e-01	-6.629841e-02	-6.579421e-03	-2.596226e-03	3.391775e-02	-6.577076e-02	-1.892159e-02	3.658665e-02	1.159547e-01	-8.316572e-02	3.477773e-02	-1.705175e-01	1.761892e-01	
-9.328525e-02	-3.846958e-02	-6.418968e-02	2.185561e-01	3.428297e-01	-2.538819e-01	1.741121e-01	-9.153401e-01	1.000000e+00	-2.322413e-01	1.836214e-01	-1.071147e-01	9.727554e-02	1.763741e-01	3.684708e-03	-6.296696e-02	2.489964e-02	1.722237e-02	7.846988e-02	-8.642660e-02	-1.520706e-01	1.197960e-01	-7.186206e-02	1.893144e-01	-1.998209e-01	
2.484233e-02	2.888297e-02	-4.611031e-01	1.830708e-01	2.786080e-03	-2.310174e-02	4.721288e-02	2.082176e-01	-2.322413e-01	1.000000e+00	-9.833797e-01	9.169638e-01	-7.671102e-01	5.428888e-01	4.121280e-01	3.487244e-02	-3.870262e-03	-2.904446e-02	-1.046039e-01	1.330570e-01	2.234836e-01	-2.698668e-01	3.189019e-01	1.756113e-02	-5.664066e-02	
-1.008426e-03	-4.973254e-02	5.765141e-01	-2.231004e-01	-7.243237e-02	9.171029e-02	-1.136371e-01	-1.393339e-01	1.836214e-01	-9.833797e-01	1.000000e+00	-9.735132e-01	7.332309e-01	-5.136194e-01	-4.786724e-01	-4.781387e-02	2.046639e-02	9.061084e-03	1.153657e-01	-1.422447e-01	-2.751766e-01	3.337860e-01	-3.983490e-01	-3.129792e-02	8.480903e-02	
-5.218504e-02	8.044356e-02	-7.016437e-01	2.758655e-01	1.509690e-01	-1.670458e-01	1.847321e-01	4.292101e-02	-1.071147e-01	9.169638e-01	-9.735132e-01	1.000000e+00	-6.531858e-01	4.526689e-01	5.461249e-01	5.667661e-02	-3.594706e-02	1.324879e-02	-1.195623e-01	1.429048e-01	3.247831e-01	-3.989894e-01	4.839085e-01	4.918977e-02	-1.207156e-01	
1.153055e-01	-1.452487e-01	3.360194e-02	-9.687122e-02	1.521585e-01	-1.671851e-01	1.677220e-01	-1.616181e-01	9.727554e-02	-7.671102e-01	7.332309e-01	-6.531858e-01	1.000000e+00	-9.267313e-01	-2.117105e-01	1.047763e-01	-1.388220e-01	1.718819e-01	6.232995e-02	-1.331241e-01	-1.391838e-02	7.270714e-03	-8.690669e-03	-1.213828e-03	-9.917882e-03	
-1.090523e-01	1.103775e-01	9.708632e-02	1.010766e-01	-1.082837e-01	1.506107e-01	-1.749488e-01	-6.629841e-02	1.763741e-01	5.428888e-01	-5.136194e-01	4.526689e-01	-9.267313e-01	1.000000e+00	1.432032e-01	-1.846467e-01	2.114095e-01	-2.343287e-01	1.972433e-02	5.575324e-02	-8.804898e-02	1.068524e-01	-1.167539e-01	3.184157e-02	-1.255304e-02	
5.362055e-02	-2.899817e-01	-6.590752e-01	4.682345e-01	-8.226249e-03	1.536599e-02	-1.751760e-02	-6.579421e-03	3.684708e-03	4.121280e-01	-4.786724e-01	5.461249e-01	-2.117105e-01	1.432032e-01	1.000000e+00	-5.105451e-01	5.665011e-01	-6.069917e-01	1.334179e-01	5.850546e-02	1.597303e-01	-2.089345e-01	2.651802e-01	7.645801e-02	-1.236979e-01	
-5.483234e-02	2.315925e-01	-4.286285e-02	-1.201562e-01	1.455837e-01	-1.575619e-01	1.607810e-01	-2.596226e-03	-6.296696e-02	3.487244e-02	-4.781387e-02	5.667661e-02	1.047763e-01	-1.846467e-01	-5.105451e-01	1.000000e+00	-9.857813e-01	9.400470e-01	-6.993490e-01	4.666502e-01	1.237124e-01	-1.429528e-01	1.724882e-01	3.701856e-02	-1.312756e-02	
6.427489e-02	-2.239581e-01	5.240161e-02	9.739312e-02	-1.451368e-01	1.546512e-01	-1.560517e-01	3.391775e-02	2.489964e-02	-3.870262e-03	2.046639e-02	-3.594706e-02	-1.388220e-01	2.114095e-01	5.665011e-01	-9.857813e-01	1.000000e+00	-9.835272e-01	6.634962e-01	-4.182819e-01	-1.234674e-01	1.515353e-01	-1.899920e-01	-4.875469e-02	3.425834e-02	
-7.866002e-02	2.027650e-01	-6.411015e-02	-6.448584e-02	1.364941e-01	-1.429614e-01	1.425413e-01	-6.577076e-02	1.722237e-02	-2.904446e-02	9.061084e-03	1.324879e-02	1.718819e-01	-2.343287e-01	-6.069917e-01	9.400470e-01	-9.835272e-01	1.000000e+00	-6.049534e-01	3.557845e-01	1.247412e-01	-1.616480e-01	2.084767e-01	5.620784e-02	-5.235268e-02	
2.000668e-01	-1.549791e-01	1.438133e-03	6.442904e-02	-7.894635e-02	8.001923e-02	-8.020405e-02	-1.892159e-02	7.846988e-02	-1.046039e-01	1.153657e-01	-1.195623e-01	6.232995e-02	1.972433e-02	1.334179e-01	-6.993490e-01	6.634962e-01	-6.049534e-01	1.000000e+00	-9.469312e-01	3.212364e-02	-3.163099e-02	7.652130e-03	-4.694445e-02	-5.824970e-02	
-2.041712e-01	1.201770e-01	2.509693e-03	-5.270670e-02	5.401107e-02	-5.194666e-02	5.261933e-02	3.658665e-02	-8.642660e-02	1.330570e-01	-1.422447e-01	1.429048e-01	-1.331241e-01	5.575324e-02	5.850546e-02	4.666502e-01	-4.182819e-01	3.557845e-01	-9.469312e-01	1.000000e+00	-5.719874e-02	6.779836e-02	-5.381502e-02	1.918040e-02	1.046867e-01	
2.889292e-03	1.082297e-01	-4.172988e-01	6.247326e-02	6.843118e-02	-1.053981e-01	1.374380e-01	1.159547e-01	-1.520706e-01	2.234836e-01	-2.751766e-01	3.247831e-01	-1.391838e-02	-8.804898e-02	1.597303e-01	1.237124e-01	-1.234674e-01	1.247412e-01	3.212364e-02	-5.719874e-02	1.000000e+00	-9.832231e-01	9.190948e-01	-7.398970e-01	6.086293e-01	
3.010983e-02	-9.598214e-02	5.264702e-01	-1.480456e-01	-7.916732e-02	1.127971e-01	-1.420014e-01	-8.316572e-02	1.197960e-01	-2.698668e-01	3.337860e-01	-3.989894e-01	7.270714e-03	1.068524e-01	-2.089345e-01	-1.429528e-01	1.515353e-01	-1.616480e-01	-3.163099e-02	6.779836e-02	-9.832231e-01	1.000000e+00	-9.745307e-01	7.039771e-01	-5.641314e-01	
-1.016470e-01	1.059492e-01	-6.435386e-01	2.460198e-01	9.483767e-02	-1.216918e-01	1.455866e-01	3.477773e-02	-7.186206e-02	3.189019e-01	-3.983490e-01	4.839085e-01	-8.690669e-03	-1.167539e-01	2.651802e-01	1.724882e-01	-1.899920e-01	2.084767e-01	7.652130e-03	-5.381502e-02	9.190948e-01	-9.745307e-01	1.000000e+00	-6.188687e-01	4.775174e-01	
1.148848e-01	-1.226150e-01	-1.159809e-01	2.116364e-01	2.099269e-02	1.305159e-02	-4.625354e-02	-1.705175e-01	1.893144e-01	1.756113e-02	-3.129792e-02	4.918977e-02	-1.213828e-03	3.184157e-02	7.645801e-02	3.701856e-02	-4.875469e-02	5.620784e-02	-4.694445e-02	1.918040e-02	-7.398970e-01	7.039771e-01	-6.188687e-01	1.000000e+00	-9.711017e-01	
-1.285356e-01	1.032849e-01	2.412840e-01	-2.860942e-01	-1.877278e-02	-1.224194e-02	4.341904e-02	1.761892e-01	-1.998209e-01	-5.664066e-02	8.480903e-02	-1.207156e-01	-9.917882e-03	-1.255304e-02	-1.236979e-01	-1.312756e-02	3.425834e-02	-5.235268e-02	-5.824970e-02	1.046867e-01	6.086293e-01	-5.641314e-01	4.775174e-01	-9.711017e-01	1.000000e+00	

Time taken for mcmc chain: 8.050000 minutes
