Number of steps: 1186641
Number of accepted steps: 1000000
Burn-in number of steps: 320000
Accepted fraction of steps: 0.842715
Convergence Status
R[0]= 1.145722	R[1]= 1.046504	R[2]= 1.130216	R[3]= 1.066145	R[4]= 1.123030	R[5]= 1.109202	R[6]= 1.103827	R[7]= 1.187736	R[8]= 1.145748	R[9]= 1.102035	R[10]= 1.130428	R[11]= 1.175506	R[12]= 1.061435	R[13]= 1.072577	R[14]= 1.101682	R[15]= 1.054449	R[16]= 1.064406	R[17]= 1.074119	R[18]= 1.020204	R[19]= 1.015361	R[20]= 1.033139	R[21]= 1.056419	R[22]= 1.100237	R[23]= 1.009131	R[24]= 1.016448	
<R>= 1.085828

Mean parameters
A[0]= 9.653237e-01 pm 2.869917e-02
A[1]= 1.061597e+00 pm 2.383246e-02
A[2]= 5.174931e-01 pm 2.633064e-01
A[3]= 4.473043e+00 pm 9.866939e-01
A[4]= -4.918846e+03 pm 3.612945e+03
A[5]= 2.912198e+03 pm 2.348290e+03
A[6]= -2.914807e+02 pm 5.510152e+02
A[7]= 6.314047e+00 pm 1.409763e+01
A[8]= -3.831888e-02 pm 1.904547e-01
A[9]= 5.152239e+02 pm 7.554635e+03
A[10]= -8.480611e+02 pm 4.534500e+03
A[11]= 3.012527e+01 pm 9.579243e+02
A[12]= -2.005056e+01 pm 4.346635e+01
A[13]= 4.562509e-01 pm 8.822915e-01
A[14]= 5.850068e+00 pm 1.544133e+00
A[15]= -7.265919e+03 pm 5.075984e+03
A[16]= 5.694510e+03 pm 3.377784e+03
A[17]= -1.146520e+03 pm 8.161013e+02
A[18]= 4.867997e+00 pm 1.853105e+01
A[19]= 1.242374e-01 pm 2.420717e-01
A[20]= 6.833137e+03 pm 1.111086e+04
A[21]= -3.547264e+03 pm 6.691560e+03
A[22]= 1.848127e+02 pm 1.395550e+03
A[23]= -3.178751e+01 pm 6.112246e+01
A[24]= 1.977295e-01 pm 1.177778e+00

Best-fitting parameters
A[0]= 9.593891e-01
A[1]= 1.065216e+00
A[2]= 9.563668e-01
A[3]= 3.227834e+00
A[4]= -4.414832e+03
A[5]= 2.519815e+03
A[6]= -1.903111e+02
A[7]= 7.036462e+00
A[8]= -1.013282e-01
A[9]= -6.014878e+03
A[10]= 3.546754e+03
A[11]= -1.015325e+03
A[12]= -1.647167e+01
A[13]= 6.027049e-01
A[14]= 4.518040e+00
A[15]= -6.805749e+03
A[16]= 5.361719e+03
A[17]= -1.091052e+03
A[18]= -5.270206e+00
A[19]= 2.658147e-01
A[20]= 2.137642e+03
A[21]= 5.560452e+02
A[22]= -9.768009e+02
A[23]= -5.613309e+01
A[24]= 9.659158e-01
chi2_min= 1.001555e+02


Cross-Covariance parameters
1.000000e+00	-5.938077e-01	-2.029816e-01	3.465172e-02	-7.540416e-03	-2.216552e-02	4.302428e-02	2.165835e-01	-2.759245e-01	5.696021e-02	-2.784967e-02	-3.033654e-02	2.113931e-01	-2.339550e-01	7.423933e-02	-1.028220e-01	6.259733e-02	-3.191475e-02	1.951360e-01	-1.545413e-01	9.139291e-02	-6.231112e-02	7.690426e-03	7.575249e-02	-5.103791e-02	
-5.938077e-01	1.000000e+00	1.595716e-01	-2.712205e-02	-1.048717e-01	1.446364e-01	-1.906328e-01	9.125656e-02	-2.233583e-02	-1.443858e-01	1.262210e-01	-8.000451e-02	1.415014e-03	-3.489233e-02	-2.062056e-01	9.272154e-02	-7.730762e-02	5.885579e-02	2.157387e-02	-6.592644e-02	4.884393e-03	-1.647110e-02	4.393003e-02	-6.371994e-02	1.364247e-02	
-2.029816e-01	1.595716e-01	1.000000e+00	-6.568661e-01	-1.139186e-01	1.019549e-01	-8.024134e-02	-8.255611e-02	1.318993e-01	-3.753757e-01	4.927171e-01	-6.289364e-01	-1.076162e-01	2.329863e-01	-5.530040e-01	-1.760543e-01	1.611215e-01	-1.284023e-01	1.283593e-01	-7.261026e-02	-4.830076e-01	5.804551e-01	-6.832836e-01	6.933693e-02	4.727391e-02	
3.465172e-02	-2.712205e-02	-6.568661e-01	1.000000e+00	-5.000542e-01	5.679109e-01	-6.239665e-01	2.748332e-01	-3.172669e-02	7.457237e-03	-7.784465e-02	1.778513e-01	1.774991e-01	-1.789167e-01	4.600374e-01	6.482068e-02	-3.116681e-02	-5.940756e-03	-8.909505e-02	1.023957e-01	2.492905e-01	-3.134328e-01	3.919312e-01	3.541913e-02	-9.996281e-02	
-7.540416e-03	-1.048717e-01	-1.139186e-01	-5.000542e-01	1.000000e+00	-9.851626e-01	9.395100e-01	-7.007286e-01	3.414775e-01	2.643130e-01	-3.006418e-01	3.301334e-01	-1.356746e-01	1.153712e-01	-3.188680e-02	1.182747e-01	-1.375593e-01	1.460719e-01	-8.326243e-02	7.757976e-03	1.061087e-01	-1.322536e-01	1.484008e-01	-8.432321e-02	3.366530e-02	
-2.216552e-02	1.446364e-01	1.019549e-01	5.679109e-01	-9.851626e-01	1.000000e+00	-9.837303e-01	6.712084e-01	-3.027894e-01	-3.035952e-01	3.353129e-01	-3.564596e-01	1.512622e-01	-1.159710e-01	3.790308e-02	-1.021999e-01	1.260773e-01	-1.392911e-01	6.705654e-02	5.144396e-03	-9.491101e-02	1.182191e-01	-1.312766e-01	7.831824e-02	-3.702097e-02	
4.302428e-02	-1.906328e-01	-8.024134e-02	-6.239665e-01	9.395100e-01	-9.837303e-01	1.000000e+00	-6.260781e-01	2.633176e-01	3.376892e-01	-3.635732e-01	3.751956e-01	-1.751266e-01	1.299024e-01	-3.792738e-02	8.373091e-02	-1.093187e-01	1.247928e-01	-6.045822e-02	-5.630648e-03	7.984814e-02	-9.909711e-02	1.076394e-01	-7.533530e-02	4.565210e-02	
2.165835e-01	9.125656e-02	-8.255611e-02	2.748332e-01	-7.007286e-01	6.712084e-01	-6.260781e-01	1.000000e+00	-8.972520e-01	-3.257144e-02	4.908275e-02	-7.212322e-02	1.728709e-01	-3.316362e-01	3.272424e-02	2.623628e-03	8.326618e-03	-2.091969e-02	1.083251e-01	-1.064227e-01	1.198892e-01	-1.003683e-01	7.986442e-02	-1.432028e-02	1.773792e-02	
-2.759245e-01	-2.233583e-02	1.318993e-01	-3.172669e-02	3.414775e-01	-3.027894e-01	2.633176e-01	-8.972520e-01	1.000000e+00	-1.074399e-01	1.012972e-01	-7.952065e-02	-1.364805e-01	3.659840e-01	-1.866889e-02	-4.389713e-02	4.245576e-02	-3.402846e-02	-9.751635e-02	1.250654e-01	-1.749105e-01	1.592429e-01	-1.371464e-01	4.062577e-02	-2.599652e-02	
5.696021e-02	-1.443858e-01	-3.753757e-01	7.457237e-03	2.643130e-01	-3.035952e-01	3.376892e-01	-3.257144e-02	-1.074399e-01	1.000000e+00	-9.833143e-01	9.165139e-01	-7.424079e-01	5.294818e-01	1.936261e-01	1.652262e-02	-3.644770e-02	5.345217e-02	-1.964937e-02	-1.058916e-02	1.240703e-01	-1.691820e-01	2.213102e-01	3.546198e-02	-8.422961e-02	
-2.784967e-02	1.262210e-01	4.927171e-01	-7.784465e-02	-3.006418e-01	3.353129e-01	-3.635732e-01	4.908275e-02	1.012972e-01	-9.833143e-01	1.000000e+00	-9.730491e-01	7.147176e-01	-5.010634e-01	-2.470030e-01	-6.327558e-02	8.062298e-02	-9.227525e-02	5.786787e-02	-1.064135e-02	-1.900112e-01	2.512428e-01	-3.209040e-01	-1.199586e-02	7.655852e-02	
-3.033654e-02	-8.000451e-02	-6.289364e-01	1.778513e-01	3.301334e-01	-3.564596e-01	3.751956e-01	-7.212322e-02	-7.952065e-02	9.165139e-01	-9.730491e-01	1.000000e+00	-6.348891e-01	4.319967e-01	3.114691e-01	1.289030e-01	-1.389591e-01	1.395198e-01	-1.123919e-01	4.305114e-02	2.726911e-01	-3.524340e-01	4.425985e-01	-2.006015e-02	-6.495278e-02	
2.113931e-01	1.415014e-03	-1.076162e-01	1.774991e-01	-1.356746e-01	1.512622e-01	-1.751266e-01	1.728709e-01	-1.364805e-01	-7.424079e-01	7.147176e-01	-6.348891e-01	1.000000e+00	-9.355167e-01	1.002354e-01	1.698240e-02	1.298159e-02	-5.035460e-02	4.328303e-02	-2.396383e-02	1.525350e-01	-1.355581e-01	1.058615e-01	-8.462829e-02	7.055128e-02	
-2.339550e-01	-3.489233e-02	2.329863e-01	-1.789167e-01	1.153712e-01	-1.159710e-01	1.299024e-01	-3.316362e-01	3.659840e-01	5.294818e-01	-5.010634e-01	4.319967e-01	-9.355167e-01	1.000000e+00	-1.517102e-01	-4.489805e-02	1.256161e-02	2.871162e-02	-5.750177e-02	5.784448e-02	-2.547725e-01	2.436983e-01	-2.197388e-01	1.195403e-01	-8.263175e-02	
7.423933e-02	-2.062056e-01	-5.530040e-01	4.600374e-01	-3.188680e-02	3.790308e-02	-3.792738e-02	3.272424e-02	-1.866889e-02	1.936261e-01	-2.470030e-01	3.114691e-01	1.002354e-01	-1.517102e-01	1.000000e+00	-5.051339e-01	6.001943e-01	-6.800345e-01	3.503107e-03	2.593420e-01	5.574670e-02	-8.691317e-02	1.299477e-01	3.223747e-02	-4.896180e-02	
-1.028220e-01	9.272154e-02	-1.760543e-01	6.482068e-02	1.182747e-01	-1.021999e-01	8.373091e-02	2.623628e-03	-4.389713e-02	1.652262e-02	-6.327558e-02	1.289030e-01	1.698240e-02	-4.489805e-02	-5.051339e-01	1.000000e+00	-9.809461e-01	9.279423e-01	-6.432489e-01	2.833905e-01	3.967409e-01	-4.383189e-01	4.727429e-01	-2.469706e-01	2.105883e-01	
6.259733e-02	-7.730762e-02	1.611215e-01	-3.116681e-02	-1.375593e-01	1.260773e-01	-1.093187e-01	8.326618e-03	4.245576e-02	-3.644770e-02	8.062298e-02	-1.389591e-01	1.298159e-02	1.256161e-02	6.001943e-01	-9.809461e-01	1.000000e+00	-9.822004e-01	5.603655e-01	-1.863524e-01	-3.694106e-01	4.156312e-01	-4.546640e-01	1.952223e-01	-1.538663e-01	
-3.191475e-02	5.885579e-02	-1.284023e-01	-5.940756e-03	1.460719e-01	-1.392911e-01	1.247928e-01	-2.091969e-02	-3.402846e-02	5.345217e-02	-9.227525e-02	1.395198e-01	-5.035460e-02	2.871162e-02	-6.800345e-01	9.279423e-01	-9.822004e-01	1.000000e+00	-4.591323e-01	8.527801e-02	3.212429e-01	-3.702132e-01	4.127997e-01	-1.401906e-01	9.883109e-02	
1.951360e-01	2.157387e-02	1.283593e-01	-8.909505e-02	-8.326243e-02	6.705654e-02	-6.045822e-02	1.083251e-01	-9.751635e-02	-1.964937e-02	5.786787e-02	-1.123919e-01	4.328303e-02	-5.750177e-02	3.503107e-03	-6.432489e-01	5.603655e-01	-4.591323e-01	1.000000e+00	-9.033755e-01	-1.221792e-01	1.548789e-01	-1.950720e-01	1.751072e-01	-2.482107e-01	
-1.545413e-01	-6.592644e-02	-7.261026e-02	1.023957e-01	7.757976e-03	5.144396e-03	-5.630648e-03	-1.064227e-01	1.250654e-01	-1.058916e-02	-1.064135e-02	4.305114e-02	-2.396383e-02	5.784448e-02	2.593420e-01	2.833905e-01	-1.863524e-01	8.527801e-02	-9.033755e-01	1.000000e+00	-4.135014e-02	2.594149e-02	3.368081e-03	-1.019774e-01	2.205953e-01	
9.139291e-02	4.884393e-03	-4.830076e-01	2.492905e-01	1.061087e-01	-9.491101e-02	7.984814e-02	1.198892e-01	-1.749105e-01	1.240703e-01	-1.900112e-01	2.726911e-01	1.525350e-01	-2.547725e-01	5.574670e-02	3.967409e-01	-3.694106e-01	3.212429e-01	-1.221792e-01	-4.135014e-02	1.000000e+00	-9.837056e-01	9.231692e-01	-7.947332e-01	6.579591e-01	
-6.231112e-02	-1.647110e-02	5.804551e-01	-3.134328e-01	-1.322536e-01	1.182191e-01	-9.909711e-02	-1.003683e-01	1.592429e-01	-1.691820e-01	2.512428e-01	-3.524340e-01	-1.355581e-01	2.436983e-01	-8.691317e-02	-4.383189e-01	4.156312e-01	-3.702132e-01	1.548789e-01	2.594149e-02	-9.837056e-01	1.000000e+00	-9.765111e-01	7.688529e-01	-6.268632e-01	
7.690426e-03	4.393003e-02	-6.832836e-01	3.919312e-01	1.484008e-01	-1.312766e-01	1.076394e-01	7.986442e-02	-1.371464e-01	2.213102e-01	-3.209040e-01	4.425985e-01	1.058615e-01	-2.197388e-01	1.299477e-01	4.727429e-01	-4.546640e-01	4.127997e-01	-1.950720e-01	3.368081e-03	9.231692e-01	-9.765111e-01	1.000000e+00	-6.962423e-01	5.544992e-01	
7.575249e-02	-6.371994e-02	6.933693e-02	3.541913e-02	-8.432321e-02	7.831824e-02	-7.533530e-02	-1.432028e-02	4.062577e-02	3.546198e-02	-1.199586e-02	-2.006015e-02	-8.462829e-02	1.195403e-01	3.223747e-02	-2.469706e-01	1.952223e-01	-1.401906e-01	1.751072e-01	-1.019774e-01	-7.947332e-01	7.688529e-01	-6.962423e-01	1.000000e+00	-9.651445e-01	
-5.103791e-02	1.364247e-02	4.727391e-02	-9.996281e-02	3.366530e-02	-3.702097e-02	4.565210e-02	1.773792e-02	-2.599652e-02	-8.422961e-02	7.655852e-02	-6.495278e-02	7.055128e-02	-8.263175e-02	-4.896180e-02	2.105883e-01	-1.538663e-01	9.883109e-02	-2.482107e-01	2.205953e-01	6.579591e-01	-6.268632e-01	5.544992e-01	-9.651445e-01	1.000000e+00	

Time taken for mcmc chain: 7.400000 minutes
