Number of steps: 1179695
Number of accepted steps: 1000000
Burn-in number of steps: 320000
Accepted fraction of steps: 0.847677
Convergence Status
R[0]= 1.150909	R[1]= 1.118510	R[2]= 1.033487	R[3]= 1.033762	R[4]= 1.043325	R[5]= 1.067494	R[6]= 1.084815	R[7]= 1.052337	R[8]= 1.032805	R[9]= 1.137401	R[10]= 1.130976	R[11]= 1.115218	R[12]= 1.044240	R[13]= 1.031053	R[14]= 1.018563	R[15]= 1.049494	R[16]= 1.044250	R[17]= 1.039228	R[18]= 1.073950	R[19]= 1.126415	R[20]= 1.146954	R[21]= 1.149901	R[22]= 1.131711	R[23]= 1.104200	R[24]= 1.097920	
<R>= 1.082357

Mean parameters
A[0]= 9.774752e-01 pm 3.212973e-02
A[1]= 1.071935e+00 pm 2.314224e-02
A[2]= 5.058858e-01 pm 2.822219e-01
A[3]= 4.197138e+00 pm 1.207526e+00
A[4]= -2.759751e+03 pm 3.666488e+03
A[5]= 1.678722e+03 pm 2.521837e+03
A[6]= -3.810322e+01 pm 6.226011e+02
A[7]= 6.574720e+00 pm 1.332367e+01
A[8]= -1.026821e-01 pm 1.783286e-01
A[9]= 6.291412e+03 pm 7.258003e+03
A[10]= -4.173698e+03 pm 4.378543e+03
A[11]= 6.658136e+02 pm 9.212385e+02
A[12]= -4.820340e+01 pm 4.992083e+01
A[13]= 8.219130e-01 pm 9.726787e-01
A[14]= 5.555639e+00 pm 1.474705e+00
A[15]= -6.259639e+03 pm 5.184820e+03
A[16]= 4.935472e+03 pm 3.294224e+03
A[17]= -9.513690e+02 pm 7.599477e+02
A[18]= 6.641436e+00 pm 2.215520e+01
A[19]= 9.213001e-02 pm 2.798812e-01
A[20]= 1.446601e+04 pm 1.048393e+04
A[21]= -8.008465e+03 pm 6.092598e+03
A[22]= 1.070324e+03 pm 1.216183e+03
A[23]= -8.146144e+01 pm 6.830146e+01
A[24]= 1.186458e+00 pm 1.286283e+00

Best-fitting parameters
A[0]= 9.931411e-01
A[1]= 1.079139e+00
A[2]= 6.213354e-01
A[3]= 2.959181e+00
A[4]= 2.032431e+03
A[5]= -1.639399e+03
A[6]= 7.586672e+02
A[7]= -1.184628e+01
A[8]= 7.679478e-02
A[9]= 7.266678e+03
A[10]= -4.700870e+03
A[11]= 7.283613e+02
A[12]= -5.813874e+01
A[13]= 1.146253e+00
A[14]= 5.563913e+00
A[15]= -7.030859e+03
A[16]= 5.983182e+03
A[17]= -1.308502e+03
A[18]= 4.631520e+00
A[19]= 2.004923e-01
A[20]= 7.014840e+03
A[21]= -2.791626e+03
A[22]= -1.220930e+02
A[23]= -5.727655e+01
A[24]= 1.079297e+00
chi2_min= 9.658636e+01


Cross-Covariance parameters
1.000000e+00	-4.089929e-01	-8.756914e-02	-3.425717e-02	1.114904e-01	-1.347371e-01	1.362335e-01	-9.711063e-02	4.186337e-02	7.520925e-03	-1.309899e-02	-1.179243e-02	3.870334e-02	-1.134642e-02	8.645775e-02	-6.440603e-02	7.627244e-02	-1.004795e-01	1.757499e-01	-1.751324e-01	6.386952e-02	-1.683350e-02	-6.814444e-02	9.468704e-02	-1.080101e-01	
-4.089929e-01	1.000000e+00	-1.271520e-01	1.215727e-01	-1.895852e-01	2.156219e-01	-2.359062e-01	2.032558e-01	-7.776208e-02	1.005750e-01	-1.191721e-01	1.443816e-01	-8.830969e-02	5.188305e-02	6.041873e-02	-9.448010e-02	1.023656e-01	-1.131073e-01	1.081191e-01	-8.449316e-02	5.435073e-02	-1.003754e-01	1.774298e-01	-7.218421e-02	3.139997e-02	
-8.756914e-02	-1.271520e-01	1.000000e+00	-7.266483e-01	2.028927e-01	-2.265713e-01	2.491033e-01	-2.873704e-02	-1.264069e-01	-2.359685e-01	3.618945e-01	-5.157745e-01	-2.706876e-02	7.517783e-02	-7.540488e-01	1.325842e-02	-7.999442e-02	1.490622e-01	1.036883e-01	-1.876590e-01	-2.726935e-01	3.581529e-01	-4.930085e-01	-1.402712e-01	2.230883e-01	
-3.425717e-02	1.215727e-01	-7.266483e-01	1.000000e+00	-6.741106e-01	7.377899e-01	-7.803150e-01	2.580741e-01	1.034723e-01	4.001078e-02	-1.193663e-01	2.156088e-01	2.955713e-02	-5.784763e-02	6.528873e-01	-1.897162e-01	2.337998e-01	-2.698454e-01	-2.517653e-03	1.264428e-01	2.376460e-01	-2.965960e-01	3.941081e-01	2.148878e-02	-7.528848e-02	
1.114904e-01	-1.895852e-01	2.028927e-01	-6.741106e-01	1.000000e+00	-9.830607e-01	9.413765e-01	-7.533219e-01	4.046831e-01	-3.326060e-02	1.506627e-02	1.306412e-02	6.189430e-02	2.548315e-02	-2.279451e-01	2.135697e-01	-2.196912e-01	2.135929e-01	-9.811381e-02	1.892177e-02	-5.687307e-02	6.667217e-02	-9.636000e-02	2.566952e-02	-1.868855e-02	
-1.347371e-01	2.156219e-01	-2.265713e-01	7.377899e-01	-9.830607e-01	1.000000e+00	-9.867789e-01	6.950909e-01	-3.131048e-01	1.564745e-03	1.520182e-02	-4.135226e-02	-5.704674e-02	-1.090585e-02	2.637431e-01	-2.396154e-01	2.498376e-01	-2.464130e-01	9.432794e-02	-1.088001e-03	9.284790e-02	-1.041562e-01	1.335191e-01	-6.508368e-02	5.647495e-02	
1.362335e-01	-2.359062e-01	2.491033e-01	-7.803150e-01	9.413765e-01	-9.867789e-01	1.000000e+00	-6.225613e-01	2.236044e-01	2.911381e-02	-4.241512e-02	6.436550e-02	4.514425e-02	4.719672e-03	-2.933033e-01	2.584362e-01	-2.715387e-01	2.708697e-01	-9.213680e-02	-1.165928e-02	-1.246229e-01	1.371981e-01	-1.654527e-01	9.413742e-02	-8.300543e-02	
-9.711063e-02	2.032558e-01	-2.873704e-02	2.580741e-01	-7.533219e-01	6.950909e-01	-6.225613e-01	1.000000e+00	-8.842339e-01	1.712468e-01	-1.319449e-01	7.233789e-02	-8.465274e-02	-1.062068e-01	1.697823e-02	-1.084998e-01	9.676214e-02	-7.649735e-02	1.124051e-01	-9.682318e-02	1.313031e-02	-1.515053e-02	2.496788e-02	3.268334e-03	-2.184028e-02	
4.186337e-02	-7.776208e-02	-1.264069e-01	1.034723e-01	4.046831e-01	-3.131048e-01	2.236044e-01	-8.842339e-01	1.000000e+00	-2.425390e-01	2.022805e-01	-1.385357e-01	1.231599e-01	9.177876e-02	1.521468e-01	-7.943276e-03	3.205918e-02	-5.849611e-02	-9.141311e-02	1.283131e-01	3.614423e-02	-4.499328e-02	5.526921e-02	-3.549476e-02	4.830367e-02	
7.520925e-03	1.005750e-01	-2.359685e-01	4.001078e-02	-3.326060e-02	1.564745e-03	2.911381e-02	1.712468e-01	-2.425390e-01	1.000000e+00	-9.796734e-01	8.998331e-01	-8.405303e-01	7.032140e-01	3.773059e-02	1.000944e-01	-9.548656e-02	8.675923e-02	7.665254e-02	-1.156093e-01	3.853404e-02	-7.013479e-02	1.206188e-01	1.011591e-01	-1.454235e-01	
-1.309899e-02	-1.191721e-01	3.618945e-01	-1.193663e-01	1.506627e-02	1.520182e-02	-4.241512e-02	-1.319449e-01	2.022805e-01	-9.796734e-01	1.000000e+00	-9.677356e-01	8.261766e-01	-6.948400e-01	-1.518691e-01	-8.758839e-02	7.427762e-02	-5.563617e-02	-7.355109e-02	9.959458e-02	-7.285004e-02	1.158735e-01	-1.850720e-01	-1.300042e-01	1.887283e-01	
-1.179243e-02	1.443816e-01	-5.157745e-01	2.156088e-01	1.306412e-02	-4.135226e-02	6.436550e-02	7.233789e-02	-1.385357e-01	8.998331e-01	-9.677356e-01	1.000000e+00	-7.434857e-01	6.250963e-01	2.947983e-01	8.004980e-02	-5.455984e-02	2.332447e-02	4.660360e-02	-5.419575e-02	1.131631e-01	-1.719419e-01	2.670960e-01	1.578131e-01	-2.306145e-01	
3.870334e-02	-8.830969e-02	-2.706876e-02	2.955713e-02	6.189430e-02	-5.704674e-02	4.514425e-02	-8.465274e-02	1.231599e-01	-8.405303e-01	8.261766e-01	-7.434857e-01	1.000000e+00	-9.583242e-01	7.734370e-02	-2.265891e-03	2.946027e-03	-4.255245e-03	-1.298609e-01	1.447891e-01	-3.213346e-02	2.734087e-02	-2.332341e-02	1.463373e-02	8.068354e-04	
-1.134642e-02	5.188305e-02	7.517783e-02	-5.784763e-02	2.548315e-02	-1.090585e-02	4.719672e-03	-1.062068e-01	9.177876e-02	7.032140e-01	-6.948400e-01	6.250963e-01	-9.583242e-01	1.000000e+00	-7.472879e-02	-3.715184e-02	4.015216e-02	-4.117188e-02	1.337496e-01	-1.311749e-01	4.034660e-02	-2.565771e-02	4.448318e-03	-5.889524e-02	5.365353e-02	
8.645775e-02	6.041873e-02	-7.540488e-01	6.528873e-01	-2.279451e-01	2.637431e-01	-2.933033e-01	1.697823e-02	1.521468e-01	3.773059e-02	-1.518691e-01	2.947983e-01	7.734370e-02	-7.472879e-02	1.000000e+00	-4.676177e-01	5.798680e-01	-6.764008e-01	1.243305e-01	1.213658e-01	2.476935e-01	-2.774770e-01	3.304081e-01	2.584130e-02	-8.650977e-02	
-6.440603e-02	-9.448010e-02	1.325842e-02	-1.897162e-01	2.135697e-01	-2.396154e-01	2.584362e-01	-1.084998e-01	-7.943276e-03	1.000944e-01	-8.758839e-02	8.004980e-02	-2.265891e-03	-3.715184e-02	-4.676177e-01	1.000000e+00	-9.820830e-01	9.275504e-01	-8.021376e-01	5.690507e-01	-1.552386e-02	-2.453035e-02	8.070826e-02	3.296091e-02	3.508808e-03	
7.627244e-02	1.023656e-01	-7.999442e-02	2.337998e-01	-2.196912e-01	2.498376e-01	-2.715387e-01	9.676214e-02	3.205918e-02	-9.548656e-02	7.427762e-02	-5.455984e-02	2.946027e-03	4.015216e-02	5.798680e-01	-9.820830e-01	1.000000e+00	-9.807587e-01	7.455598e-01	-4.873294e-01	4.072902e-02	4.753813e-04	-5.709484e-02	-4.194382e-02	7.279006e-03	
-1.004795e-01	-1.131073e-01	1.490622e-01	-2.698454e-01	2.135929e-01	-2.464130e-01	2.708697e-01	-7.649735e-02	-5.849611e-02	8.675923e-02	-5.563617e-02	2.332447e-02	-4.255245e-03	-4.117188e-02	-6.764008e-01	9.275504e-01	-9.807587e-01	1.000000e+00	-6.628493e-01	3.915079e-01	-6.860817e-02	2.683073e-02	2.987825e-02	4.556587e-02	-1.138900e-02	
1.757499e-01	1.081191e-01	1.036883e-01	-2.517653e-03	-9.811381e-02	9.432794e-02	-9.213680e-02	1.124051e-01	-9.141311e-02	7.665254e-02	-7.355109e-02	4.660360e-02	-1.298609e-01	1.337496e-01	1.243305e-01	-8.021376e-01	7.455598e-01	-6.628493e-01	1.000000e+00	-9.368274e-01	-1.945990e-02	5.226723e-02	-1.061594e-01	5.470264e-02	-1.310997e-01	
-1.751324e-01	-8.449316e-02	-1.876590e-01	1.264428e-01	1.892177e-02	-1.088001e-03	-1.165928e-02	-9.682318e-02	1.283131e-01	-1.156093e-01	9.959458e-02	-5.419575e-02	1.447891e-01	-1.311749e-01	1.213658e-01	5.690507e-01	-4.873294e-01	3.915079e-01	-9.368274e-01	1.000000e+00	2.718982e-02	-5.335401e-02	1.034295e-01	-7.108620e-02	1.608362e-01	
6.386952e-02	5.435073e-02	-2.726935e-01	2.376460e-01	-5.687307e-02	9.284790e-02	-1.246229e-01	1.313031e-02	3.614423e-02	3.853404e-02	-7.285004e-02	1.131631e-01	-3.213346e-02	4.034660e-02	2.476935e-01	-1.552386e-02	4.072902e-02	-6.860817e-02	-1.945990e-02	2.718982e-02	1.000000e+00	-9.872638e-01	9.232576e-01	-8.355061e-01	7.330376e-01	
-1.683350e-02	-1.003754e-01	3.581529e-01	-2.965960e-01	6.667217e-02	-1.041562e-01	1.371981e-01	-1.515053e-02	-4.499328e-02	-7.013479e-02	1.158735e-01	-1.719419e-01	2.734087e-02	-2.565771e-02	-2.774770e-01	-2.453035e-02	4.753813e-04	2.683073e-02	5.226723e-02	-5.335401e-02	-9.872638e-01	1.000000e+00	-9.714633e-01	8.149437e-01	-7.064145e-01	
-6.814444e-02	1.774298e-01	-4.930085e-01	3.941081e-01	-9.636000e-02	1.335191e-01	-1.654527e-01	2.496788e-02	5.526921e-02	1.206188e-01	-1.850720e-01	2.670960e-01	-2.332341e-02	4.448318e-03	3.304081e-01	8.070826e-02	-5.709484e-02	2.987825e-02	-1.061594e-01	1.034295e-01	9.232576e-01	-9.714633e-01	1.000000e+00	-7.343912e-01	6.243624e-01	
9.468704e-02	-7.218421e-02	-1.402712e-01	2.148878e-02	2.566952e-02	-6.508368e-02	9.413742e-02	3.268334e-03	-3.549476e-02	1.011591e-01	-1.300042e-01	1.578131e-01	1.463373e-02	-5.889524e-02	2.584130e-02	3.296091e-02	-4.194382e-02	4.556587e-02	5.470264e-02	-7.108620e-02	-8.355061e-01	8.149437e-01	-7.343912e-01	1.000000e+00	-9.749878e-01	
-1.080101e-01	3.139997e-02	2.230883e-01	-7.528848e-02	-1.868855e-02	5.647495e-02	-8.300543e-02	-2.184028e-02	4.830367e-02	-1.454235e-01	1.887283e-01	-2.306145e-01	8.068354e-04	5.365353e-02	-8.650977e-02	3.508808e-03	7.279006e-03	-1.138900e-02	-1.310997e-01	1.608362e-01	7.330376e-01	-7.064145e-01	6.243624e-01	-9.749878e-01	1.000000e+00	

Time taken for mcmc chain: 7.200000 minutes
