Number of steps: 2694867
Number of accepted steps: 1000000
Burn-in number of steps: 320000
Accepted fraction of steps: 0.371076
Convergence Status
R[0]= 1.010412	R[1]= 1.035568	R[2]= 1.013164	R[3]= 1.004635	R[4]= 1.006591	R[5]= 1.007979	R[6]= 1.009142	R[7]= 1.009913	R[8]= 1.017838	R[9]= 1.003826	R[10]= 1.007215	R[11]= 1.011813	R[12]= 1.004371	R[13]= 1.009094	R[14]= 1.026862	R[15]= 1.019117	R[16]= 1.024313	R[17]= 1.027475	R[18]= 1.014567	R[19]= 1.031236	R[20]= 1.006904	R[21]= 1.007993	R[22]= 1.010634	R[23]= 1.009248	R[24]= 1.019338	
<R>= 1.013970

Mean parameters
A[0]= 9.011151e-01 pm 3.444840e-02
A[1]= 1.029907e+00 pm 3.341137e-02
A[2]= 7.595482e-01 pm 4.732132e-01
A[3]= 3.178969e+00 pm 1.232147e+00
A[4]= -2.832533e+03 pm 3.779645e+03
A[5]= 1.275509e+03 pm 2.494041e+03
A[6]= 1.225843e+02 pm 5.831038e+02
A[7]= 1.507475e+01 pm 1.284308e+01
A[8]= -2.719424e-01 pm 1.811193e-01
A[9]= -2.588011e+03 pm 8.057732e+03
A[10]= 1.190622e+03 pm 4.876827e+03
A[11]= -4.173255e+02 pm 1.033763e+03
A[12]= 9.279644e+00 pm 4.570536e+01
A[13]= -3.604634e-01 pm 8.858053e-01
A[14]= 4.462260e+00 pm 1.524723e+00
A[15]= -8.087648e+03 pm 5.095165e+03
A[16]= 5.294596e+03 pm 3.387321e+03
A[17]= -8.599538e+02 pm 7.964565e+02
A[18]= 1.321086e+01 pm 1.843372e+01
A[19]= -4.263428e-02 pm 2.646147e-01
A[20]= -1.230857e+03 pm 1.104164e+04
A[21]= 6.266754e+02 pm 6.703088e+03
A[22]= -5.182522e+02 pm 1.427877e+03
A[23]= -1.403109e+01 pm 6.585282e+01
A[24]= -2.933552e-02 pm 1.337891e+00

Best-fitting parameters
A[0]= 9.005933e-01
A[1]= 1.023856e+00
A[2]= 6.361719e-01
A[3]= 3.297113e+00
A[4]= -2.206358e+03
A[5]= 1.046257e+03
A[6]= 1.397622e+02
A[7]= 1.363014e+01
A[8]= -2.417065e-01
A[9]= -6.221607e+03
A[10]= 2.793138e+03
A[11]= -5.788548e+02
A[12]= 1.441337e+01
A[13]= -2.763394e-01
A[14]= 5.252435e+00
A[15]= -9.004166e+03
A[16]= 6.273638e+03
A[17]= -1.167449e+03
A[18]= 1.015951e+01
A[19]= 5.436115e-02
A[20]= 5.382372e+03
A[21]= -3.164802e+03
A[22]= 1.607550e+02
A[23]= -6.033777e+01
A[24]= 8.926293e-01
chi2_min= 8.912302e+01


Cross-Covariance parameters
1.000000e+00	-5.272637e-01	-9.381427e-02	5.807308e-02	3.974193e-02	-3.106205e-02	1.628736e-02	1.780797e-02	-9.475800e-03	-2.372283e-02	4.591889e-02	-8.872564e-02	1.177737e-01	-7.662171e-02	5.897490e-02	2.693821e-02	-2.630910e-02	1.835057e-02	3.788135e-02	-2.601234e-02	-2.387434e-03	2.899280e-02	-7.924487e-02	1.016948e-01	-6.307754e-02	
-5.272637e-01	1.000000e+00	1.426879e-01	-1.979615e-01	1.586695e-02	-1.756175e-02	1.051619e-02	1.361317e-01	-1.463705e-01	1.849102e-02	-3.342956e-02	5.905541e-02	-9.127525e-02	2.669021e-02	-2.178122e-01	-4.788399e-03	6.268915e-03	-1.338873e-02	1.802443e-01	-1.693946e-01	-1.048601e-02	-7.306166e-03	4.159107e-02	-5.133104e-02	5.646129e-03	
-9.381427e-02	1.426879e-01	1.000000e+00	-7.026259e-01	-1.273708e-03	1.201729e-04	8.837245e-03	-3.154086e-02	8.455650e-03	-3.846973e-01	4.930902e-01	-6.203233e-01	-1.790126e-01	3.050348e-01	-6.362267e-01	-1.625105e-01	1.807904e-01	-1.851586e-01	-1.830996e-02	8.194534e-02	-3.923894e-01	5.129771e-01	-6.499218e-01	-2.516133e-01	3.872345e-01	
5.807308e-02	-1.979615e-01	-7.026259e-01	1.000000e+00	-5.340201e-01	5.882657e-01	-6.290370e-01	9.451128e-02	1.914859e-01	1.643429e-01	-2.195799e-01	2.936852e-01	7.861012e-02	-1.123395e-01	4.936144e-01	1.197050e-01	-1.245803e-01	1.207590e-01	-5.952374e-02	1.630748e-02	3.118774e-01	-3.895538e-01	4.740724e-01	1.279135e-01	-2.184020e-01	
3.974193e-02	1.586695e-02	-1.273708e-03	-5.340201e-01	1.000000e+00	-9.853688e-01	9.452969e-01	-5.932217e-01	1.950038e-01	1.199816e-01	-1.617360e-01	2.003448e-01	6.414757e-02	-5.759083e-02	-4.435365e-02	2.996304e-02	-4.288000e-02	5.422237e-02	4.702516e-02	-6.413616e-02	-4.242297e-02	3.106310e-02	-1.476111e-02	8.703136e-02	-8.808855e-02	
-3.106205e-02	-1.756175e-02	1.201729e-04	5.882657e-01	-9.853688e-01	1.000000e+00	-9.866395e-01	5.280986e-01	-1.164949e-01	-1.365704e-01	1.812805e-01	-2.226332e-01	-7.426635e-02	8.415023e-02	5.160137e-02	-3.390669e-02	4.843709e-02	-6.122049e-02	-5.491330e-02	7.620094e-02	4.151796e-02	-2.928144e-02	1.165327e-02	-8.945475e-02	9.312050e-02	
1.628736e-02	1.051619e-02	8.837245e-03	-6.290370e-01	9.452969e-01	-9.866395e-01	1.000000e+00	-4.553209e-01	4.487242e-02	1.498958e-01	-1.951117e-01	2.365921e-01	7.444230e-02	-9.675342e-02	-5.942498e-02	3.451838e-02	-4.987136e-02	6.373649e-02	5.721955e-02	-8.134571e-02	-4.321726e-02	3.133140e-02	-1.391277e-02	8.592695e-02	-9.041813e-02	
1.780797e-02	1.361317e-01	-3.154086e-02	9.451128e-02	-5.932217e-01	5.280986e-01	-4.553209e-01	1.000000e+00	-8.876923e-01	1.109477e-01	-9.226744e-02	6.235063e-02	-4.174126e-02	-1.371350e-01	4.204043e-03	-1.331984e-02	1.685184e-02	-2.317081e-02	7.035861e-02	-6.419183e-02	4.982047e-02	-4.809130e-02	4.473676e-02	-3.018006e-02	7.557598e-03	
-9.475800e-03	-1.463705e-01	8.455650e-03	1.914859e-01	1.950038e-01	-1.164949e-01	4.487242e-02	-8.876923e-01	1.000000e+00	-1.901726e-01	1.869182e-01	-1.671763e-01	3.242808e-02	1.901722e-01	3.227340e-02	-2.327534e-04	1.231742e-03	6.681251e-04	-8.785028e-02	9.210993e-02	-2.631461e-02	2.671450e-02	-2.768274e-02	3.977314e-03	1.885819e-02	
-2.372283e-02	1.849102e-02	-3.846973e-01	1.643429e-01	1.199816e-01	-1.365704e-01	1.498958e-01	1.109477e-01	-1.901726e-01	1.000000e+00	-9.836076e-01	9.186039e-01	-7.117036e-01	5.137636e-01	2.250103e-01	6.182260e-02	-7.567698e-02	8.343757e-02	7.055880e-02	-1.049690e-01	1.489325e-01	-2.034671e-01	2.674845e-01	1.142123e-01	-1.790363e-01	
4.591889e-02	-3.342956e-02	4.930902e-01	-2.195799e-01	-1.617360e-01	1.812805e-01	-1.951117e-01	-9.226744e-02	1.869182e-01	-9.836076e-01	1.000000e+00	-9.739990e-01	6.516840e-01	-4.482053e-01	-2.893926e-01	-8.760043e-02	1.045328e-01	-1.133720e-01	-7.598160e-02	1.218274e-01	-1.958073e-01	2.663982e-01	-3.495147e-01	-1.444955e-01	2.288288e-01	
-8.872564e-02	5.905541e-02	-6.203233e-01	2.936852e-01	2.003448e-01	-2.226332e-01	2.365921e-01	6.235063e-02	-1.671763e-01	9.186039e-01	-9.739990e-01	1.000000e+00	-5.328116e-01	3.321300e-01	3.653715e-01	1.187336e-01	-1.388435e-01	1.487047e-01	7.706215e-02	-1.363392e-01	2.523949e-01	-3.420901e-01	4.482317e-01	1.772432e-01	-2.845753e-01	
1.177737e-01	-9.127525e-02	-1.790126e-01	7.861012e-02	6.414757e-02	-7.426635e-02	7.444230e-02	-4.174126e-02	3.242808e-02	-7.117036e-01	6.516840e-01	-5.328116e-01	1.000000e+00	-9.449859e-01	9.233428e-02	6.551756e-02	-6.848502e-02	6.772129e-02	-2.380777e-02	3.594617e-03	7.299917e-02	-8.845195e-02	1.032921e-01	6.312152e-02	-8.115927e-02	
-7.662171e-02	2.669021e-02	3.050348e-01	-1.123395e-01	-5.759083e-02	8.415023e-02	-9.675342e-02	-1.371350e-01	1.901722e-01	5.137636e-01	-4.482053e-01	3.321300e-01	-9.449859e-01	1.000000e+00	-1.529633e-01	-9.333423e-02	9.954219e-02	-9.956086e-02	-5.175478e-03	3.863226e-02	-1.247884e-01	1.584333e-01	-1.956590e-01	-1.004498e-01	1.441293e-01	
5.897490e-02	-2.178122e-01	-6.362267e-01	4.936144e-01	-4.435365e-02	5.160137e-02	-5.942498e-02	4.204043e-03	3.227340e-02	2.250103e-01	-2.893926e-01	3.653715e-01	9.233428e-02	-1.529633e-01	1.000000e+00	-4.640956e-01	5.104423e-01	-5.472970e-01	-2.571733e-02	2.442921e-01	1.335962e-01	-1.885889e-01	2.562675e-01	3.952858e-02	-6.423311e-02	
2.693821e-02	-4.788399e-03	-1.625105e-01	1.197050e-01	2.996304e-02	-3.390669e-02	3.451838e-02	-1.331984e-02	-2.327534e-04	6.182260e-02	-8.760043e-02	1.187336e-01	6.551756e-02	-9.333423e-02	-4.640956e-01	1.000000e+00	-9.848254e-01	9.439473e-01	-4.740633e-01	9.265988e-02	2.462375e-01	-2.924457e-01	3.358568e-01	1.116220e-01	-1.799319e-01	
-2.630910e-02	6.268915e-03	1.807904e-01	-1.245803e-01	-4.288000e-02	4.843709e-02	-4.987136e-02	1.685184e-02	1.231742e-03	-7.567698e-02	1.045328e-01	-1.388435e-01	-6.848502e-02	9.954219e-02	5.104423e-01	-9.848254e-01	1.000000e+00	-9.864375e-01	3.975659e-01	-4.962142e-03	-2.620544e-01	3.138816e-01	-3.634886e-01	-1.426851e-01	2.236837e-01	
1.835057e-02	-1.338873e-02	-1.851586e-01	1.207590e-01	5.422237e-02	-6.122049e-02	6.373649e-02	-2.317081e-02	6.681251e-04	8.343757e-02	-1.133720e-01	1.487047e-01	6.772129e-02	-9.956086e-02	-5.472970e-01	9.439473e-01	-9.864375e-01	1.000000e+00	-3.173104e-01	-7.321809e-02	2.672800e-01	-3.222115e-01	3.755039e-01	1.633641e-01	-2.520346e-01	
3.788135e-02	1.802443e-01	-1.830996e-02	-5.952374e-02	4.702516e-02	-5.491330e-02	5.721955e-02	7.035861e-02	-8.785028e-02	7.055880e-02	-7.598160e-02	7.706215e-02	-2.380777e-02	-5.175478e-03	-2.571733e-02	-4.740633e-01	3.975659e-01	-3.173104e-01	1.000000e+00	-9.063898e-01	-2.139884e-02	1.981168e-02	-1.590082e-02	1.361978e-01	-2.142892e-01	
-2.601234e-02	-1.693946e-01	8.194534e-02	1.630748e-02	-6.413616e-02	7.620094e-02	-8.134571e-02	-6.419183e-02	9.210993e-02	-1.049690e-01	1.218274e-01	-1.363392e-01	3.594617e-03	3.863226e-02	2.442921e-01	9.265988e-02	-4.962142e-03	-7.321809e-02	-9.063898e-01	1.000000e+00	-8.748290e-02	1.087625e-01	-1.308513e-01	-2.002383e-01	3.256297e-01	
-2.387434e-03	-1.048601e-02	-3.923894e-01	3.118774e-01	-4.242297e-02	4.151796e-02	-4.321726e-02	4.982047e-02	-2.631461e-02	1.489325e-01	-1.958073e-01	2.523949e-01	7.299917e-02	-1.247884e-01	1.335962e-01	2.462375e-01	-2.620544e-01	2.672800e-01	-2.139884e-02	-8.748290e-02	1.000000e+00	-9.827919e-01	9.141152e-01	-6.347982e-01	4.386989e-01	
2.899280e-02	-7.306166e-03	5.129771e-01	-3.895538e-01	3.106310e-02	-2.928144e-02	3.133140e-02	-4.809130e-02	2.671450e-02	-2.034671e-01	2.663982e-01	-3.420901e-01	-8.845195e-02	1.584333e-01	-1.885889e-01	-2.924457e-01	3.138816e-01	-3.222115e-01	1.981168e-02	1.087625e-01	-9.827919e-01	1.000000e+00	-9.725025e-01	5.566835e-01	-3.503333e-01	
-7.924487e-02	4.159107e-02	-6.499218e-01	4.740724e-01	-1.476111e-02	1.165327e-02	-1.391277e-02	4.473676e-02	-2.768274e-02	2.674845e-01	-3.495147e-01	4.482317e-01	1.032921e-01	-1.956590e-01	2.562675e-01	3.358568e-01	-3.634886e-01	3.755039e-01	-1.590082e-02	-1.308513e-01	9.141152e-01	-9.725025e-01	1.000000e+00	-4.183121e-01	2.088413e-01	
1.016948e-01	-5.133104e-02	-2.516133e-01	1.279135e-01	8.703136e-02	-8.945475e-02	8.592695e-02	-3.018006e-02	3.977314e-03	1.142123e-01	-1.444955e-01	1.772432e-01	6.312152e-02	-1.004498e-01	3.952858e-02	1.116220e-01	-1.426851e-01	1.633641e-01	1.361978e-01	-2.002383e-01	-6.347982e-01	5.566835e-01	-4.183121e-01	1.000000e+00	-9.616302e-01	
-6.307754e-02	5.646129e-03	3.872345e-01	-2.184020e-01	-8.808855e-02	9.312050e-02	-9.041813e-02	7.557598e-03	1.885819e-02	-1.790363e-01	2.288288e-01	-2.845753e-01	-8.115927e-02	1.441293e-01	-6.423311e-02	-1.799319e-01	2.236837e-01	-2.520346e-01	-2.142892e-01	3.256297e-01	4.386989e-01	-3.503333e-01	2.088413e-01	-9.616302e-01	1.000000e+00	

Time taken for mcmc chain: 23.600000 minutes
