Number of steps: 1170191
Number of accepted steps: 1000000
Burn-in number of steps: 320000
Accepted fraction of steps: 0.854561
Convergence Status
R[0]= 1.073221	R[1]= 1.024193	R[2]= 1.090056	R[3]= 1.111435	R[4]= 1.134567	R[5]= 1.112151	R[6]= 1.091851	R[7]= 1.072217	R[8]= 1.015955	R[9]= 1.032781	R[10]= 1.031584	R[11]= 1.028833	R[12]= 1.178718	R[13]= 1.193631	R[14]= 1.093812	R[15]= 1.012118	R[16]= 1.004757	R[17]= 1.006045	R[18]= 1.071588	R[19]= 1.116128	R[20]= 1.053104	R[21]= 1.056169	R[22]= 1.063033	R[23]= 1.054423	R[24]= 1.045642	
<R>= 1.070721

Mean parameters
A[0]= 9.505032e-01 pm 2.863942e-02
A[1]= 1.045591e+00 pm 2.527470e-02
A[2]= 5.449799e-01 pm 2.883779e-01
A[3]= 4.055762e+00 pm 9.732918e-01
A[4]= -4.863051e+03 pm 3.240165e+03
A[5]= 2.624344e+03 pm 2.096147e+03
A[6]= -1.821963e+02 pm 4.864049e+02
A[7]= 1.258476e+01 pm 1.284194e+01
A[8]= -1.634204e-01 pm 1.726374e-01
A[9]= -2.983143e+03 pm 7.624898e+03
A[10]= 1.065995e+03 pm 4.519030e+03
A[11]= -3.070801e+02 pm 9.391812e+02
A[12]= 5.034233e+00 pm 4.418720e+01
A[13]= -1.249575e-01 pm 8.744497e-01
A[14]= 5.251711e+00 pm 1.339748e+00
A[15]= -6.080185e+03 pm 4.914536e+03
A[16]= 4.585047e+03 pm 3.096946e+03
A[17]= -8.154754e+02 pm 7.014629e+02
A[18]= 1.798492e+00 pm 2.119748e+01
A[19]= 1.373846e-01 pm 2.867144e-01
A[20]= 5.350625e+03 pm 1.095463e+04
A[21]= -3.104002e+03 pm 6.618538e+03
A[22]= 1.924706e+02 pm 1.379591e+03
A[23]= -3.389934e+01 pm 6.243690e+01
A[24]= 3.756379e-01 pm 1.171504e+00

Best-fitting parameters
A[0]= 9.627459e-01
A[1]= 1.024026e+00
A[2]= 3.724852e-01
A[3]= 3.954081e+00
A[4]= -3.895638e+03
A[5]= 1.579294e+03
A[6]= 1.440885e+02
A[7]= 8.175354e+00
A[8]= -1.555312e-01
A[9]= -5.226082e+03
A[10]= 1.931589e+03
A[11]= -3.481558e+02
A[12]= 3.463602e+01
A[13]= -7.196185e-01
A[14]= 5.565971e+00
A[15]= -6.854219e+03
A[16]= 4.629765e+03
A[17]= -7.077822e+02
A[18]= -5.032770e-01
A[19]= 1.673396e-01
A[20]= 1.101768e+04
A[21]= -6.857592e+03
A[22]= 1.067805e+03
A[23]= -7.188234e+01
A[24]= 1.137232e+00
chi2_min= 1.018095e+02


Cross-Covariance parameters
1.000000e+00	-3.706966e-01	-1.653106e-01	4.501982e-02	4.589384e-02	-6.448257e-02	6.882672e-02	4.280146e-02	-5.046911e-02	4.701138e-02	-4.927003e-02	3.045642e-02	1.397834e-02	4.612640e-03	4.441486e-02	3.574996e-02	-3.804736e-02	3.097729e-02	1.121513e-01	-1.332939e-01	4.425008e-02	-3.920786e-02	1.225549e-02	6.278966e-02	-6.327188e-02	
-3.706966e-01	1.000000e+00	3.361823e-02	-3.122367e-02	-1.093586e-01	1.314302e-01	-1.656076e-01	2.379629e-01	-2.168260e-01	-9.253586e-02	4.627403e-02	2.316179e-02	-3.975896e-02	-1.852863e-03	-2.180798e-01	2.385612e-02	-3.522408e-02	3.519507e-02	2.533603e-01	-3.024273e-01	7.696622e-02	-9.117934e-02	1.132574e-01	-8.810369e-03	-1.007220e-01	
-1.653106e-01	3.361823e-02	1.000000e+00	-6.868786e-01	-2.086750e-02	4.060575e-02	-4.574788e-02	-5.124698e-02	6.050244e-02	-3.990265e-01	5.277864e-01	-6.776752e-01	-6.127608e-02	2.256187e-01	-6.403953e-01	-1.990305e-01	1.521438e-01	-1.004337e-01	9.129257e-02	-6.069550e-02	-4.477762e-01	5.498167e-01	-6.662644e-01	8.999863e-02	3.425180e-02	
4.501982e-02	-3.122367e-02	-6.868786e-01	1.000000e+00	-5.184581e-01	5.754780e-01	-6.174391e-01	1.992590e-01	4.271120e-02	3.783828e-01	-4.210886e-01	4.660512e-01	-8.220167e-02	-2.399759e-02	4.483679e-01	2.057835e-01	-1.684182e-01	1.196701e-01	-1.372178e-01	9.134956e-02	2.796638e-01	-3.583505e-01	4.478128e-01	-3.863242e-02	-4.072812e-02	
4.589384e-02	-1.093586e-01	-2.086750e-02	-5.184581e-01	1.000000e+00	-9.811447e-01	9.297806e-01	-7.296503e-01	4.211046e-01	-1.287727e-01	7.266032e-02	-4.041588e-04	1.189124e-01	-3.226238e-02	-3.933882e-02	-2.633874e-02	9.377405e-03	1.440111e-02	5.443833e-02	-6.291432e-02	1.312746e-01	-1.176550e-01	9.759361e-02	-1.189416e-01	1.024684e-01	
-6.448257e-02	1.314302e-01	4.060575e-02	5.754780e-01	-9.811447e-01	1.000000e+00	-9.826860e-01	6.709578e-01	-3.398933e-01	1.251150e-01	-6.309687e-02	-1.672978e-02	-1.448063e-01	7.759133e-02	4.806305e-03	3.662991e-02	-2.416495e-02	2.589856e-03	-4.686634e-02	4.440367e-02	-1.232483e-01	1.121833e-01	-9.615710e-02	1.096226e-01	-9.780420e-02	
6.882672e-02	-1.656076e-01	-4.574788e-02	-6.174391e-01	9.297806e-01	-9.826860e-01	1.000000e+00	-5.960781e-01	2.593018e-01	-1.170147e-01	5.379983e-02	2.776855e-02	1.589249e-01	-1.078174e-01	2.344895e-02	-4.042492e-02	3.281115e-02	-1.410465e-02	2.270814e-02	-9.344951e-03	1.045179e-01	-9.550173e-02	8.293059e-02	-9.843246e-02	9.593760e-02	
4.280146e-02	2.379629e-01	-5.124698e-02	1.992590e-01	-7.296503e-01	6.709578e-01	-5.960781e-01	1.000000e+00	-9.079954e-01	2.009759e-01	-1.779756e-01	1.353538e-01	-7.122029e-02	-1.375236e-01	5.578531e-02	-1.086884e-02	2.737246e-02	-4.852648e-02	4.529159e-02	-2.938783e-02	-1.308685e-01	1.132620e-01	-8.645202e-02	1.849317e-01	-2.038486e-01	
-5.046911e-02	-2.168260e-01	6.050244e-02	4.271120e-02	4.211046e-01	-3.398933e-01	2.593018e-01	-9.079954e-01	1.000000e+00	-1.893956e-01	1.877944e-01	-1.687453e-01	2.389646e-02	2.191444e-01	-3.688993e-02	2.738303e-02	-3.356332e-02	4.070353e-02	-7.844954e-02	6.070947e-02	8.802939e-02	-7.283543e-02	4.867969e-02	-1.535996e-01	1.801836e-01	
4.701138e-02	-9.253586e-02	-3.990265e-01	3.783828e-01	-1.287727e-01	1.251150e-01	-1.170147e-01	2.009759e-01	-1.893956e-01	1.000000e+00	-9.805388e-01	8.999434e-01	-7.468943e-01	5.236909e-01	2.855126e-01	1.316875e-01	-1.168591e-01	9.315729e-02	-1.783840e-01	1.595233e-01	1.078480e-01	-1.550676e-01	2.079154e-01	4.613143e-02	-9.577767e-02	
-4.927003e-02	4.627403e-02	5.277864e-01	-4.210886e-01	7.266032e-02	-6.309687e-02	5.379983e-02	-1.779756e-01	1.877944e-01	-9.805388e-01	1.000000e+00	-9.673255e-01	7.225208e-01	-4.948419e-01	-3.644714e-01	-1.428880e-01	1.206924e-01	-9.041796e-02	1.561521e-01	-1.363479e-01	-1.677942e-01	2.303861e-01	-3.018075e-01	-2.666440e-02	9.595971e-02	
3.045642e-02	2.316179e-02	-6.776752e-01	4.660512e-01	-4.041588e-04	-1.672978e-02	2.776855e-02	1.353538e-01	-1.687453e-01	8.999434e-01	-9.673255e-01	1.000000e+00	-6.333491e-01	4.118495e-01	4.539866e-01	1.570313e-01	-1.254852e-01	8.698610e-02	-1.280744e-01	1.064033e-01	2.472402e-01	-3.277663e-01	4.208215e-01	-8.705827e-03	-8.450791e-02	
1.397834e-02	-3.975896e-02	-6.127608e-02	-8.220167e-02	1.189124e-01	-1.448063e-01	1.589249e-01	-7.122029e-02	2.389646e-02	-7.468943e-01	7.225208e-01	-6.333491e-01	1.000000e+00	-9.352808e-01	1.026301e-02	1.436870e-02	-1.071876e-02	1.417254e-02	3.332740e-02	-4.438542e-02	1.192239e-01	-1.110485e-01	1.025962e-01	-7.637220e-02	7.296502e-02	
4.612640e-03	-1.852863e-03	2.256187e-01	-2.399759e-02	-3.226238e-02	7.759133e-02	-1.078174e-01	-1.375236e-01	2.191444e-01	5.236909e-01	-4.948419e-01	4.118495e-01	-9.352808e-01	1.000000e+00	-1.250753e-01	-3.799867e-02	2.821536e-02	-2.489039e-02	-9.784230e-03	2.056632e-02	-1.614132e-01	1.734765e-01	-1.910735e-01	4.667362e-02	-1.801513e-02	
4.441486e-02	-2.180798e-01	-6.403953e-01	4.483679e-01	-3.933882e-02	4.806305e-03	2.344895e-02	5.578531e-02	-3.688993e-02	2.855126e-01	-3.644714e-01	4.539866e-01	1.026301e-02	-1.250753e-01	1.000000e+00	-3.559208e-01	4.717016e-01	-5.731048e-01	-9.480623e-02	3.084109e-01	6.905885e-02	-1.311506e-01	2.118972e-01	-5.200617e-02	6.568672e-02	
3.574996e-02	2.385612e-02	-1.990305e-01	2.057835e-01	-2.633874e-02	3.662991e-02	-4.042492e-02	-1.086884e-02	2.738303e-02	1.316875e-01	-1.428880e-01	1.570313e-01	1.436870e-02	-3.799867e-02	-3.559208e-01	1.000000e+00	-9.823960e-01	9.276689e-01	-6.512851e-01	3.691179e-01	2.754511e-01	-3.087250e-01	3.420924e-01	-7.274811e-02	3.126015e-02	
-3.804736e-02	-3.522408e-02	1.521438e-01	-1.684182e-01	9.377405e-03	-2.416495e-02	3.281115e-02	2.737246e-02	-3.356332e-02	-1.168591e-01	1.206924e-01	-1.254852e-01	-1.071876e-02	2.821536e-02	4.717016e-01	-9.823960e-01	1.000000e+00	-9.805207e-01	5.809301e-01	-2.778374e-01	-2.843203e-01	3.125538e-01	-3.383054e-01	5.675344e-02	-1.798556e-03	
3.097729e-02	3.519507e-02	-1.004337e-01	1.196701e-01	1.440111e-02	2.589856e-03	-1.410465e-02	-4.852648e-02	4.070353e-02	9.315729e-02	-9.041796e-02	8.698610e-02	1.417254e-02	-2.489039e-02	-5.731048e-01	9.276689e-01	-9.805207e-01	1.000000e+00	-4.857513e-01	1.735169e-01	2.834260e-01	-3.065876e-01	3.251982e-01	-4.064405e-02	-2.410094e-02	
1.121513e-01	2.533603e-01	9.129257e-02	-1.372178e-01	5.443833e-02	-4.686634e-02	2.270814e-02	4.529159e-02	-7.844954e-02	-1.783840e-01	1.561521e-01	-1.280744e-01	3.332740e-02	-9.784230e-03	-9.480623e-02	-6.512851e-01	5.809301e-01	-4.857513e-01	1.000000e+00	-9.354703e-01	-1.626733e-02	3.998631e-02	-7.263790e-02	7.468699e-02	-1.685361e-01	
-1.332939e-01	-3.024273e-01	-6.069550e-02	9.134956e-02	-6.291432e-02	4.440367e-02	-9.344951e-03	-2.938783e-02	6.070947e-02	1.595233e-01	-1.363479e-01	1.064033e-01	-4.438542e-02	2.056632e-02	3.084109e-01	3.691179e-01	-2.778374e-01	1.735169e-01	-9.354703e-01	1.000000e+00	-1.024242e-01	8.309948e-02	-5.087295e-02	-5.478958e-02	1.916430e-01	
4.425008e-02	7.696622e-02	-4.477762e-01	2.796638e-01	1.312746e-01	-1.232483e-01	1.045179e-01	-1.308685e-01	8.802939e-02	1.078480e-01	-1.677942e-01	2.472402e-01	1.192239e-01	-1.614132e-01	6.905885e-02	2.754511e-01	-2.843203e-01	2.834260e-01	-1.626733e-02	-1.024242e-01	1.000000e+00	-9.870350e-01	9.352413e-01	-7.934999e-01	6.309285e-01	
-3.920786e-02	-9.117934e-02	5.498167e-01	-3.583505e-01	-1.176550e-01	1.121833e-01	-9.550173e-02	1.132620e-01	-7.283543e-02	-1.550676e-01	2.303861e-01	-3.277663e-01	-1.110485e-01	1.734765e-01	-1.311506e-01	-3.087250e-01	3.125538e-01	-3.065876e-01	3.998631e-02	8.309948e-02	-9.870350e-01	1.000000e+00	-9.793346e-01	7.750667e-01	-6.090593e-01	
1.225549e-02	1.132574e-01	-6.662644e-01	4.478128e-01	9.759361e-02	-9.615710e-02	8.293059e-02	-8.645202e-02	4.867969e-02	2.079154e-01	-3.018075e-01	4.208215e-01	1.025962e-01	-1.910735e-01	2.118972e-01	3.420924e-01	-3.383054e-01	3.251982e-01	-7.263790e-02	-5.087295e-02	9.352413e-01	-9.793346e-01	1.000000e+00	-7.160275e-01	5.527752e-01	
6.278966e-02	-8.810369e-03	8.999863e-02	-3.863242e-02	-1.189416e-01	1.096226e-01	-9.843246e-02	1.849317e-01	-1.535996e-01	4.613143e-02	-2.666440e-02	-8.705827e-03	-7.637220e-02	4.667362e-02	-5.200617e-02	-7.274811e-02	5.675344e-02	-4.064405e-02	7.468699e-02	-5.478958e-02	-7.934999e-01	7.750667e-01	-7.160275e-01	1.000000e+00	-9.608864e-01	
-6.327188e-02	-1.007220e-01	3.425180e-02	-4.072812e-02	1.024684e-01	-9.780420e-02	9.593760e-02	-2.038486e-01	1.801836e-01	-9.577767e-02	9.595971e-02	-8.450791e-02	7.296502e-02	-1.801513e-02	6.568672e-02	3.126015e-02	-1.798556e-03	-2.410094e-02	-1.685361e-01	1.916430e-01	6.309285e-01	-6.090593e-01	5.527752e-01	-9.608864e-01	1.000000e+00	

Time taken for mcmc chain: 7.233333 minutes
