Number of steps: 11489490
Number of accepted steps: 1000000
Burn-in number of steps: 320000
Accepted fraction of steps: 0.087036
Convergence Status
R[0]= 1.000836	R[1]= 1.000572	R[2]= 1.017977	R[3]= 1.008215	R[4]= 1.001076	R[5]= 1.001370	R[6]= 1.001769	R[7]= 1.000978	R[8]= 1.000848	R[9]= 1.001533	R[10]= 1.002092	R[11]= 1.002884	R[12]= 1.000405	R[13]= 1.000475	R[14]= 1.003925	R[15]= 1.001069	R[16]= 1.001021	R[17]= 1.000949	R[18]= 1.000352	R[19]= 1.000189	R[20]= 1.001358	R[21]= 1.002344	R[22]= 1.004108	R[23]= 1.001060	R[24]= 1.001951	
<R>= 1.002374

Mean parameters
A[0]= 9.862070e-01 pm 3.367480e-02
A[1]= 1.063330e+00 pm 2.665641e-02
A[2]= 6.179491e-01 pm 4.211705e-01
A[3]= 3.745003e+00 pm 1.159659e+00
A[4]= -1.711989e+03 pm 3.873881e+03
A[5]= 9.557531e+02 pm 2.556581e+03
A[6]= 1.492562e+02 pm 6.071588e+02
A[7]= 2.111994e+00 pm 1.395922e+01
A[8]= -6.152588e-02 pm 1.890689e-01
A[9]= 7.277273e+03 pm 9.091127e+03
A[10]= -4.206766e+03 pm 5.492965e+03
A[11]= 5.701642e+02 pm 1.165388e+03
A[12]= -5.236817e+01 pm 5.166816e+01
A[13]= 9.813196e-01 pm 9.907149e-01
A[14]= 5.761019e+00 pm 1.735306e+00
A[15]= -7.887678e+03 pm 5.518643e+03
A[16]= 6.251677e+03 pm 3.621198e+03
A[17]= -1.288016e+03 pm 8.574168e+02
A[18]= 7.413221e+00 pm 2.063111e+01
A[19]= 1.116185e-01 pm 2.708614e-01
A[20]= 1.731068e+04 pm 1.254040e+04
A[21]= -9.107744e+03 pm 7.670403e+03
A[22]= 1.088828e+03 pm 1.658826e+03
A[23]= -1.125155e+02 pm 7.192109e+01
A[24]= 1.735201e+00 pm 1.399533e+00

Best-fitting parameters
A[0]= 9.690813e-01
A[1]= 1.065491e+00
A[2]= 8.765908e-01
A[3]= 3.162169e+00
A[4]= -2.091916e+03
A[5]= 1.132172e+03
A[6]= 1.309368e+02
A[7]= -2.666199e+00
A[8]= 3.839154e-02
A[9]= 3.694948e+03
A[10]= -1.653349e+03
A[11]= -5.010875e+01
A[12]= -5.528382e+01
A[13]= 1.210016e+00
A[14]= 4.771216e+00
A[15]= -6.367460e+03
A[16]= 5.646139e+03
A[17]= -1.228496e+03
A[18]= 6.314580e+00
A[19]= 6.622034e-02
A[20]= 1.964020e+04
A[21]= -9.045678e+03
A[22]= 7.195748e+02
A[23]= -1.387073e+02
A[24]= 2.215043e+00
chi2_min= 9.245107e+01


Cross-Covariance parameters
1.000000e+00	-5.128487e-01	-1.882394e-01	1.462361e-01	-4.682000e-03	1.533793e-02	-3.260205e-02	7.370715e-02	-4.726416e-02	-1.663158e-02	2.047768e-02	-4.137040e-02	1.414778e-01	-1.208584e-01	9.821301e-02	7.944240e-02	-7.621998e-02	6.348176e-02	4.030896e-02	-5.297498e-02	4.097784e-02	-3.506731e-02	8.727867e-03	1.438027e-01	-1.373229e-01	
-5.128487e-01	1.000000e+00	2.347105e-01	-2.489533e-01	3.193676e-02	-3.852750e-02	3.650089e-02	1.006857e-01	-1.285421e-01	1.616687e-02	-1.580588e-02	2.341292e-02	-9.843456e-02	5.347915e-02	-2.342390e-01	-4.274776e-02	3.907060e-02	-4.077934e-02	1.456039e-01	-1.387973e-01	-5.124422e-02	5.040714e-02	-3.705563e-02	-9.321433e-02	8.047002e-02	
-1.882394e-01	2.347105e-01	1.000000e+00	-6.846388e-01	-1.808898e-02	1.869449e-02	-1.440119e-02	-2.131799e-02	1.682428e-02	-3.901385e-01	4.993014e-01	-6.280186e-01	-4.644201e-02	1.931796e-01	-7.053060e-01	-6.157585e-02	5.960843e-02	-4.998091e-02	-1.560100e-03	1.382686e-02	-4.168236e-01	5.327518e-01	-6.668812e-01	-1.036205e-01	2.615522e-01	
1.462361e-01	-2.489533e-01	-6.846388e-01	1.000000e+00	-5.278400e-01	5.866168e-01	-6.293962e-01	1.971449e-01	8.891730e-02	1.884690e-01	-2.401915e-01	3.027116e-01	4.980896e-03	-5.548656e-02	5.074332e-01	4.393588e-02	-4.289123e-02	3.742864e-02	-1.776428e-02	9.637787e-03	2.927942e-01	-3.715722e-01	4.617929e-01	7.565264e-02	-1.842907e-01	
-4.682000e-03	3.193676e-02	-1.808898e-02	-5.278400e-01	1.000000e+00	-9.837457e-01	9.379917e-01	-6.864348e-01	2.957120e-01	9.543955e-02	-1.372277e-01	1.868838e-01	4.750363e-02	-5.450670e-02	1.813481e-02	2.100927e-03	-4.200443e-03	5.984213e-03	7.927243e-03	-1.048275e-02	2.305715e-02	-2.897941e-02	3.535035e-02	-8.227184e-03	-1.305221e-03	
1.533793e-02	-3.852750e-02	1.869449e-02	5.866168e-01	-9.837457e-01	1.000000e+00	-9.844992e-01	6.402361e-01	-2.310702e-01	-1.099753e-01	1.557579e-01	-2.103448e-01	-5.296561e-02	7.427086e-02	-2.113047e-02	1.428117e-03	1.479289e-03	-4.187703e-03	-9.573278e-03	1.173875e-02	-2.426884e-02	3.099500e-02	-3.861740e-02	9.221374e-03	9.971008e-04	
-3.260205e-02	3.650089e-02	-1.440119e-02	-6.293962e-01	9.379917e-01	-9.844992e-01	1.000000e+00	-5.773775e-01	1.661981e-01	1.247802e-01	-1.723734e-01	2.290780e-01	4.823982e-02	-8.064273e-02	2.201048e-02	-5.308448e-03	1.808867e-03	1.888894e-03	7.620314e-03	-9.251878e-03	2.235540e-02	-2.918088e-02	3.735239e-02	-1.086880e-02	1.267509e-03	
7.370715e-02	1.006857e-01	-2.131799e-02	1.971449e-01	-6.864348e-01	6.402361e-01	-5.773775e-01	1.000000e+00	-8.771577e-01	6.339209e-02	-4.228000e-02	6.865813e-03	-2.470667e-02	-1.233655e-01	-4.781290e-03	3.110544e-03	-4.029007e-03	2.269003e-03	3.745346e-02	-3.757808e-02	1.599530e-02	-1.750922e-02	1.839032e-02	6.759191e-03	-1.272887e-02	
-4.726416e-02	-1.285421e-01	1.682428e-02	8.891730e-02	2.957120e-01	-2.310702e-01	1.661981e-01	-8.771577e-01	1.000000e+00	-1.358999e-01	1.333451e-01	-1.170855e-01	9.639697e-03	2.001650e-01	1.397777e-03	4.253969e-03	-7.618589e-04	-4.185409e-04	-4.288672e-02	4.262070e-02	-2.511711e-02	2.840078e-02	-3.158523e-02	2.523110e-03	6.810321e-03	
-1.663158e-02	1.616687e-02	-3.901385e-01	1.884690e-01	9.543955e-02	-1.099753e-01	1.247802e-01	6.339209e-02	-1.358999e-01	1.000000e+00	-9.841355e-01	9.195694e-01	-7.891333e-01	5.992090e-01	2.921510e-01	1.333744e-02	-1.441421e-02	1.249270e-02	1.348041e-02	-1.698373e-02	1.911409e-01	-2.420359e-01	3.025594e-01	1.463717e-02	-8.710807e-02	
2.047768e-02	-1.580588e-02	4.993014e-01	-2.401915e-01	-1.372277e-01	1.557579e-01	-1.723734e-01	-4.228000e-02	1.333451e-01	-9.841355e-01	1.000000e+00	-9.738759e-01	7.457181e-01	-5.462643e-01	-3.725011e-01	-1.771272e-02	1.943065e-02	-1.736875e-02	-1.556740e-02	2.010326e-02	-2.409726e-01	3.063661e-01	-3.841043e-01	-2.282180e-02	1.153418e-01	
-4.137040e-02	2.341292e-02	-6.280186e-01	3.027116e-01	1.868838e-01	-2.103448e-01	2.290780e-01	6.865813e-03	-1.170855e-01	9.195694e-01	-9.738759e-01	1.000000e+00	-6.419594e-01	4.390191e-01	4.671688e-01	2.177867e-02	-2.431339e-02	2.229363e-02	1.740231e-02	-2.307984e-02	2.999939e-01	-3.828616e-01	4.817263e-01	3.056616e-02	-1.473221e-01	
1.414778e-01	-9.843456e-02	-4.644201e-02	4.980896e-03	4.750363e-02	-5.296561e-02	4.823982e-02	-2.470667e-02	9.639697e-03	-7.891333e-01	7.457181e-01	-6.419594e-01	1.000000e+00	-9.444818e-01	2.701878e-02	1.219479e-02	-1.257819e-02	1.173714e-02	3.467310e-03	-6.134232e-03	5.410995e-03	-7.622257e-03	7.390195e-03	3.063826e-02	-3.281598e-02	
-1.208584e-01	5.347915e-02	1.931796e-01	-5.548656e-02	-5.450670e-02	7.427086e-02	-8.064273e-02	-1.233655e-01	2.001650e-01	5.992090e-01	-5.462643e-01	4.390191e-01	-9.444818e-01	1.000000e+00	-1.333408e-01	-1.602194e-02	1.749612e-02	-1.628444e-02	-1.551983e-02	1.942392e-02	-8.018755e-02	1.026942e-01	-1.268610e-01	-3.393964e-02	6.593968e-02	
9.821301e-02	-2.342390e-01	-7.053060e-01	5.074332e-01	1.813481e-02	-2.113047e-02	2.201048e-02	-4.781290e-03	1.397777e-03	2.921510e-01	-3.725011e-01	4.671688e-01	2.701878e-02	-1.333408e-01	1.000000e+00	-4.550639e-01	5.232848e-01	-5.773690e-01	1.051372e-01	1.433146e-01	2.045500e-01	-2.648865e-01	3.407128e-01	5.240591e-02	-1.214166e-01	
7.944240e-02	-4.274776e-02	-6.157585e-02	4.393588e-02	2.100927e-03	1.428117e-03	-5.308448e-03	3.110544e-03	4.253969e-03	1.333744e-02	-1.771272e-02	2.177867e-02	1.219479e-02	-1.602194e-02	-4.550639e-01	1.000000e+00	-9.820022e-01	9.303487e-01	-6.710391e-01	3.156675e-01	1.841182e-01	-2.185955e-01	2.476880e-01	-1.240570e-03	-3.573899e-02	
-7.621998e-02	3.907060e-02	5.960843e-02	-4.289123e-02	-4.200443e-03	1.479289e-03	1.808867e-03	-4.029007e-03	-7.618589e-04	-1.441421e-02	1.943065e-02	-2.431339e-02	-1.257819e-02	1.749612e-02	5.232848e-01	-9.820022e-01	1.000000e+00	-9.823441e-01	6.092770e-01	-2.322923e-01	-1.926069e-01	2.323177e-01	-2.672429e-01	-9.849705e-03	5.744197e-02	
6.348176e-02	-4.077934e-02	-4.998091e-02	3.742864e-02	5.984213e-03	-4.187703e-03	1.888894e-03	2.269003e-03	-4.185409e-04	1.249270e-02	-1.736875e-02	2.229363e-02	1.173714e-02	-1.628444e-02	-5.773690e-01	9.303487e-01	-9.823441e-01	1.000000e+00	-5.279321e-01	1.451724e-01	1.950946e-01	-2.378528e-01	2.765092e-01	1.457761e-02	-6.916973e-02	
4.030896e-02	1.456039e-01	-1.560100e-03	-1.776428e-02	7.927243e-03	-9.573278e-03	7.620314e-03	3.745346e-02	-4.288672e-02	1.348041e-02	-1.556740e-02	1.740231e-02	3.467310e-03	-1.551983e-02	1.051372e-01	-6.710391e-01	6.092770e-01	-5.279321e-01	1.000000e+00	-8.989805e-01	-6.223686e-02	7.092363e-02	-7.732345e-02	8.384216e-02	-1.447577e-01	
-5.297498e-02	-1.387973e-01	1.382686e-02	9.637787e-03	-1.048275e-02	1.173875e-02	-9.251878e-03	-3.757808e-02	4.262070e-02	-1.698373e-02	2.010326e-02	-2.307984e-02	-6.134232e-03	1.942392e-02	1.433146e-01	3.156675e-01	-2.322923e-01	1.451724e-01	-8.989805e-01	1.000000e+00	-1.348572e-02	2.073488e-02	-2.773346e-02	-1.053120e-01	2.095028e-01	
4.097784e-02	-5.124422e-02	-4.168236e-01	2.927942e-01	2.305715e-02	-2.426884e-02	2.235540e-02	1.599530e-02	-2.511711e-02	1.911409e-01	-2.409726e-01	2.999939e-01	5.410995e-03	-8.018755e-02	2.045500e-01	1.841182e-01	-1.926069e-01	1.950946e-01	-6.223686e-02	-1.348572e-02	1.000000e+00	-9.831852e-01	9.154069e-01	-7.474205e-01	5.721159e-01	
-3.506731e-02	5.040714e-02	5.327518e-01	-3.715722e-01	-2.897941e-02	3.099500e-02	-2.918088e-02	-1.750922e-02	2.840078e-02	-2.420359e-01	3.063661e-01	-3.828616e-01	-7.622257e-03	1.026942e-01	-2.648865e-01	-2.185955e-01	2.323177e-01	-2.378528e-01	7.092363e-02	2.073488e-02	-9.831852e-01	1.000000e+00	-9.727076e-01	6.901561e-01	-5.021194e-01	
8.727867e-03	-3.705563e-02	-6.668812e-01	4.617929e-01	3.535035e-02	-3.861740e-02	3.735239e-02	1.839032e-02	-3.158523e-02	3.025594e-01	-3.841043e-01	4.817263e-01	7.390195e-03	-1.268610e-01	3.407128e-01	2.476880e-01	-2.672429e-01	2.765092e-01	-7.732345e-02	-2.773346e-02	9.154069e-01	-9.727076e-01	1.000000e+00	-5.710411e-01	3.750807e-01	
1.438027e-01	-9.321433e-02	-1.036205e-01	7.565264e-02	-8.227184e-03	9.221374e-03	-1.086880e-02	6.759191e-03	2.523110e-03	1.463717e-02	-2.282180e-02	3.056616e-02	3.063826e-02	-3.393964e-02	5.240591e-02	-1.240570e-03	-9.849705e-03	1.457761e-02	8.384216e-02	-1.053120e-01	-7.474205e-01	6.901561e-01	-5.710411e-01	1.000000e+00	-9.605474e-01	
-1.373229e-01	8.047002e-02	2.615522e-01	-1.842907e-01	-1.305221e-03	9.971008e-04	1.267509e-03	-1.272887e-02	6.810321e-03	-8.710807e-02	1.153418e-01	-1.473221e-01	-3.281598e-02	6.593968e-02	-1.214166e-01	-3.573899e-02	5.744197e-02	-6.916973e-02	-1.447577e-01	2.095028e-01	5.721159e-01	-5.021194e-01	3.750807e-01	-9.605474e-01	1.000000e+00	

Time taken for mcmc chain: 1.947222 hours
