Number of steps: 2368696
Number of accepted steps: 960000
Burn-in number of steps: 200000
Accepted fraction of steps: 0.405286
Convergence Status
R[0]= 1.015288	R[1]= 1.032522	R[2]= 1.106899	R[3]= 1.032932	R[4]= 1.016716	R[5]= 1.016927	R[6]= 1.016956	R[7]= 1.008289	R[8]= 1.003432	R[9]= 1.021864	R[10]= 1.028058	R[11]= 1.035646	R[12]= 1.003700	R[13]= 1.004046	R[14]= 1.092963	R[15]= 1.011914	R[16]= 1.013391	R[17]= 1.013845	R[18]= 1.004985	R[19]= 1.014351	R[20]= 1.013001	R[21]= 1.020841	R[22]= 1.032023	R[23]= 1.004357	R[24]= 1.013417	
<R>= 1.023134

Mean parameters
A[0]= 9.037009e-01 pm 3.360679e-02
A[1]= 1.026284e+00 pm 3.109762e-02
A[2]= 7.076752e-01 pm 4.808323e-01
A[3]= 3.332006e+00 pm 1.296353e+00
A[4]= -2.939106e+03 pm 3.789853e+03
A[5]= 1.333107e+03 pm 2.507218e+03
A[6]= 1.109011e+02 pm 5.893827e+02
A[7]= 1.496516e+01 pm 1.257412e+01
A[8]= -2.680956e-01 pm 1.835046e-01
A[9]= -2.594742e+03 pm 8.115372e+03
A[10]= 1.134330e+03 pm 4.837748e+03
A[11]= -3.869894e+02 pm 1.004632e+03
A[12]= 1.421280e+01 pm 4.819073e+01
A[13]= -4.660364e-01 pm 9.370542e-01
A[14]= 4.721837e+00 pm 1.587106e+00
A[15]= -8.684042e+03 pm 5.065552e+03
A[16]= 5.685731e+03 pm 3.334151e+03
A[17]= -9.499626e+02 pm 7.788673e+02
A[18]= 1.521370e+01 pm 1.838537e+01
A[19]= -6.058012e-02 pm 2.641858e-01
A[20]= -1.959364e+03 pm 1.127367e+04
A[21]= 8.982777e+02 pm 6.860331e+03
A[22]= -5.268946e+02 pm 1.464214e+03
A[23]= -9.548126e+00 pm 6.459375e+01
A[24]= -9.791261e-02 pm 1.282648e+00

Best-fitting parameters
A[0]= 9.046268e-01
A[1]= 1.013340e+00
A[2]= 9.118763e-01
A[3]= 3.108333e+00
A[4]= -3.239803e+03
A[5]= 1.764448e+03
A[6]= -3.447373e+01
A[7]= 9.722981e+00
A[8]= -1.488645e-01
A[9]= -9.053391e+03
A[10]= 5.085364e+03
A[11]= -1.221924e+03
A[12]= 1.740342e+01
A[13]= -1.880741e-01
A[14]= 3.920493e+00
A[15]= -4.096858e+03
A[16]= 3.068379e+03
A[17]= -4.320743e+02
A[18]= -1.175547e+01
A[19]= 2.606131e-01
A[20]= -6.956310e+03
A[21]= 4.109470e+03
A[22]= -1.217567e+03
A[23]= -1.298207e+01
A[24]= 3.288994e-01
chi2_min= 9.021777e+01


Cross-Covariance parameters
1.000000e+00	-5.299021e-01	-1.219997e-01	5.990556e-02	5.134114e-02	-4.687491e-02	3.590237e-02	2.399428e-02	-2.117666e-02	1.516126e-02	2.247093e-03	-4.187032e-02	8.975908e-02	-5.429908e-02	8.644076e-02	7.016295e-02	-6.226618e-02	4.663165e-02	2.459620e-02	-2.957878e-02	8.582134e-03	1.039235e-02	-4.970512e-02	1.461759e-01	-1.190051e-01	
-5.299021e-01	1.000000e+00	1.204198e-01	-1.311660e-01	-6.587655e-02	6.639142e-02	-7.417264e-02	1.647845e-01	-1.326554e-01	9.080816e-03	-1.828297e-02	3.865343e-02	-9.604790e-02	4.288594e-02	-1.812083e-01	-5.677134e-02	5.383214e-02	-5.608947e-02	1.724255e-01	-1.368656e-01	9.320729e-03	-1.765216e-02	4.194664e-02	-8.323968e-02	4.672001e-02	
-1.219997e-01	1.204198e-01	1.000000e+00	-7.272993e-01	9.365279e-02	-1.159081e-01	1.391805e-01	-5.634750e-02	-1.668326e-02	-3.143075e-01	4.235278e-01	-5.592838e-01	-1.457568e-01	2.550190e-01	-6.448568e-01	-1.560305e-01	1.580321e-01	-1.504984e-01	-8.019836e-02	1.285078e-01	-4.548380e-01	5.666726e-01	-6.922823e-01	-1.727315e-01	3.235914e-01	
5.990556e-02	-1.311660e-01	-7.272993e-01	1.000000e+00	-5.481595e-01	6.187304e-01	-6.708171e-01	5.037006e-02	2.605639e-01	1.230867e-01	-1.832309e-01	2.689053e-01	7.731952e-02	-9.143457e-02	4.792808e-01	1.231151e-01	-1.265831e-01	1.237280e-01	6.616543e-02	-1.071186e-01	3.243676e-01	-4.116937e-01	5.102915e-01	1.365655e-01	-2.463063e-01	
5.134114e-02	-6.587655e-02	9.365279e-02	-5.481595e-01	1.000000e+00	-9.842073e-01	9.412738e-01	-5.572001e-01	1.251217e-01	1.064565e-01	-1.437616e-01	1.767661e-01	7.295138e-02	-9.210594e-02	-5.197429e-02	8.076651e-03	-9.916118e-03	1.102355e-02	-3.121111e-02	2.632477e-02	-4.617209e-02	5.379833e-02	-6.385517e-02	-5.315642e-03	2.312404e-02	
-4.687491e-02	6.639142e-02	-1.159081e-01	6.187304e-01	-9.842073e-01	1.000000e+00	-9.857653e-01	4.851795e-01	-3.969004e-02	-1.151034e-01	1.532331e-01	-1.864127e-01	-7.972841e-02	1.119055e-01	6.223046e-02	-5.329139e-03	7.140310e-03	-8.344092e-03	4.018030e-02	-3.516950e-02	5.111592e-02	-6.256101e-02	7.684628e-02	7.774260e-03	-2.699222e-02	
3.590237e-02	-7.417264e-02	1.391805e-01	-6.708171e-01	9.412738e-01	-9.857653e-01	1.000000e+00	-4.081216e-01	-3.415252e-02	1.209332e-01	-1.580587e-01	1.895705e-01	7.733007e-02	-1.176972e-01	-7.216801e-02	1.771812e-03	-3.560714e-03	5.224467e-03	-5.241531e-02	4.748637e-02	-5.712074e-02	7.223200e-02	-9.059651e-02	-1.261805e-02	3.407342e-02	
2.399428e-02	1.647845e-01	-5.634750e-02	5.037006e-02	-5.572001e-01	4.851795e-01	-4.081216e-01	1.000000e+00	-8.747015e-01	1.000056e-01	-8.216278e-02	5.429842e-02	-2.949029e-02	-1.274854e-01	6.729620e-04	-6.250012e-03	3.705917e-03	-4.532750e-03	5.766456e-02	-5.086939e-02	2.770019e-02	-3.024319e-02	3.413912e-02	2.408604e-02	-4.133638e-02	
-2.117666e-02	-1.326554e-01	-1.668326e-02	2.605639e-01	1.251217e-01	-3.969004e-02	-3.415252e-02	-8.747015e-01	1.000000e+00	-1.680564e-01	1.638064e-01	-1.440834e-01	5.453586e-03	2.014637e-01	4.520427e-02	1.047352e-02	-4.451016e-03	1.667671e-03	-3.811301e-02	3.431058e-02	7.780883e-03	-1.279477e-02	1.731460e-02	-2.238694e-02	2.912835e-02	
1.516126e-02	9.080816e-03	-3.143075e-01	1.230867e-01	1.064565e-01	-1.151034e-01	1.209332e-01	1.000056e-01	-1.680564e-01	1.000000e+00	-9.834071e-01	9.148237e-01	-7.497894e-01	5.682588e-01	1.805671e-01	6.175158e-02	-7.369093e-02	8.189271e-02	4.542386e-02	-6.816305e-02	1.453651e-01	-1.918398e-01	2.440360e-01	5.876227e-02	-1.130492e-01	
2.247093e-03	-1.828297e-02	4.235278e-01	-1.832309e-01	-1.437616e-01	1.532331e-01	-1.580587e-01	-8.216278e-02	1.638064e-01	-9.834071e-01	1.000000e+00	-9.720917e-01	6.957614e-01	-5.068867e-01	-2.534142e-01	-7.877260e-02	9.159035e-02	-9.930706e-02	-5.386311e-02	8.282232e-02	-2.006931e-01	2.603031e-01	-3.278446e-01	-7.534173e-02	1.493700e-01	
-4.187032e-02	3.865343e-02	-5.592838e-01	2.689053e-01	1.767661e-01	-1.864127e-01	1.895705e-01	5.429842e-02	-1.440834e-01	9.148237e-01	-9.720917e-01	1.000000e+00	-5.790474e-01	3.899871e-01	3.453897e-01	1.004683e-01	-1.133866e-01	1.197414e-01	6.087064e-02	-9.708399e-02	2.698914e-01	-3.460532e-01	4.334397e-01	9.387030e-02	-1.925815e-01	
8.975908e-02	-9.604790e-02	-1.457568e-01	7.731952e-02	7.295138e-02	-7.972841e-02	7.733007e-02	-2.949029e-02	5.453586e-03	-7.497894e-01	6.957614e-01	-5.790474e-01	1.000000e+00	-9.504673e-01	1.205977e-01	4.238095e-02	-3.591715e-02	2.582991e-02	-1.122331e-02	-2.074594e-03	5.674627e-02	-6.851354e-02	8.130706e-02	5.792068e-02	-7.538671e-02	
-5.429908e-02	4.288594e-02	2.550190e-01	-9.143457e-02	-9.210594e-02	1.119055e-01	-1.176972e-01	-1.274854e-01	2.014637e-01	5.682588e-01	-5.068867e-01	3.899871e-01	-9.504673e-01	1.000000e+00	-1.802088e-01	-5.613514e-02	5.490483e-02	-4.792748e-02	-1.521524e-02	3.522853e-02	-1.072125e-01	1.350452e-01	-1.673208e-01	-8.197444e-02	1.221588e-01	
8.644076e-02	-1.812083e-01	-6.448568e-01	4.792808e-01	-5.197429e-02	6.223046e-02	-7.216801e-02	6.729620e-04	4.520427e-02	1.805671e-01	-2.534142e-01	3.453897e-01	1.205977e-01	-1.802088e-01	1.000000e+00	-4.469143e-01	5.102419e-01	-5.595555e-01	1.999121e-02	1.989963e-01	2.020574e-01	-2.548974e-01	3.198248e-01	2.550364e-02	-7.629762e-02	
7.016295e-02	-5.677134e-02	-1.560305e-01	1.231151e-01	8.076651e-03	-5.329139e-03	1.771812e-03	-6.250012e-03	1.047352e-02	6.175158e-02	-7.877260e-02	1.004683e-01	4.238095e-02	-5.613514e-02	-4.469143e-01	1.000000e+00	-9.837623e-01	9.394884e-01	-4.771979e-01	1.066640e-01	2.236414e-01	-2.603126e-01	2.923217e-01	9.426363e-02	-1.469332e-01	
-6.226618e-02	5.383214e-02	1.580321e-01	-1.265831e-01	-9.916118e-03	7.140310e-03	-3.560714e-03	3.705917e-03	-4.451016e-03	-7.369093e-02	9.159035e-02	-1.133866e-01	-3.591715e-02	5.490483e-02	5.102419e-01	-9.837623e-01	1.000000e+00	-9.852376e-01	4.031837e-01	-2.130851e-02	-2.222514e-01	2.651496e-01	-3.042798e-01	-1.200200e-01	1.805565e-01	
4.663165e-02	-5.608947e-02	-1.504984e-01	1.237280e-01	1.102355e-02	-8.344092e-03	5.224467e-03	-4.532750e-03	1.667671e-03	8.189271e-02	-9.930706e-02	1.197414e-01	2.582991e-02	-4.792748e-02	-5.595555e-01	9.394884e-01	-9.852376e-01	1.000000e+00	-3.230535e-01	-5.586062e-02	2.143115e-01	-2.614159e-01	3.057057e-01	1.353261e-01	-1.998705e-01	
2.459620e-02	1.724255e-01	-8.019836e-02	6.616543e-02	-3.121111e-02	4.018030e-02	-5.241531e-02	5.766456e-02	-3.811301e-02	4.542386e-02	-5.386311e-02	6.087064e-02	-1.122331e-02	-1.521524e-02	1.999121e-02	-4.771979e-01	4.031837e-01	-3.230535e-01	1.000000e+00	-9.088080e-01	1.612538e-02	-2.645930e-02	3.842213e-02	1.099814e-01	-2.023423e-01	
-2.957878e-02	-1.368656e-01	1.285078e-01	-1.071186e-01	2.632477e-02	-3.516950e-02	4.748637e-02	-5.086939e-02	3.431058e-02	-6.816305e-02	8.282232e-02	-9.708399e-02	-2.074594e-03	3.522853e-02	1.989963e-01	1.066640e-01	-2.130851e-02	-5.586062e-02	-9.088080e-01	1.000000e+00	-1.000391e-01	1.254142e-01	-1.495229e-01	-1.645593e-01	2.963208e-01	
8.582134e-03	9.320729e-03	-4.548380e-01	3.243676e-01	-4.617209e-02	5.111592e-02	-5.712074e-02	2.770019e-02	7.780883e-03	1.453651e-01	-2.006931e-01	2.698914e-01	5.674627e-02	-1.072125e-01	2.020574e-01	2.236414e-01	-2.222514e-01	2.143115e-01	1.612538e-02	-1.000391e-01	1.000000e+00	-9.839977e-01	9.203911e-01	-6.639685e-01	4.721705e-01	
1.039235e-02	-1.765216e-02	5.666726e-01	-4.116937e-01	5.379833e-02	-6.256101e-02	7.223200e-02	-3.024319e-02	-1.279477e-02	-1.918398e-01	2.603031e-01	-3.460532e-01	-6.851354e-02	1.350452e-01	-2.548974e-01	-2.603126e-01	2.651496e-01	-2.614159e-01	-2.645930e-02	1.254142e-01	-9.839977e-01	1.000000e+00	-9.745929e-01	5.962677e-01	-3.952049e-01	
-4.970512e-02	4.194664e-02	-6.922823e-01	5.102915e-01	-6.385517e-02	7.684628e-02	-9.059651e-02	3.413912e-02	1.731460e-02	2.440360e-01	-3.278446e-01	4.334397e-01	8.130706e-02	-1.673208e-01	3.198248e-01	2.923217e-01	-3.042798e-01	3.057057e-01	3.842213e-02	-1.495229e-01	9.203911e-01	-9.745929e-01	1.000000e+00	-4.726639e-01	2.690203e-01	
1.461759e-01	-8.323968e-02	-1.727315e-01	1.365655e-01	-5.315642e-03	7.774260e-03	-1.261805e-02	2.408604e-02	-2.238694e-02	5.876227e-02	-7.534173e-02	9.387030e-02	5.792068e-02	-8.197444e-02	2.550364e-02	9.426363e-02	-1.200200e-01	1.353261e-01	1.099814e-01	-1.645593e-01	-6.639685e-01	5.962677e-01	-4.726639e-01	1.000000e+00	-9.602091e-01	
-1.190051e-01	4.672001e-02	3.235914e-01	-2.463063e-01	2.312404e-02	-2.699222e-02	3.407342e-02	-4.133638e-02	2.912835e-02	-1.130492e-01	1.493700e-01	-1.925815e-01	-7.538671e-02	1.221588e-01	-7.629762e-02	-1.469332e-01	1.805565e-01	-1.998705e-01	-2.023423e-01	2.963208e-01	4.721705e-01	-3.952049e-01	2.690203e-01	-9.602091e-01	1.000000e+00	

Time taken for mcmc chain: 18.116667 minutes
