Number of steps: 5554914
Number of accepted steps: 1000000
Burn-in number of steps: 320000
Accepted fraction of steps: 0.180021
Convergence Status
R[0]= 1.005350	R[1]= 1.015406	R[2]= 1.043326	R[3]= 1.016330	R[4]= 1.000301	R[5]= 1.000323	R[6]= 1.000401	R[7]= 1.000066	R[8]= 1.000065	R[9]= 1.005570	R[10]= 1.007957	R[11]= 1.010876	R[12]= 1.000338	R[13]= 1.001104	R[14]= 1.022541	R[15]= 1.004005	R[16]= 1.004968	R[17]= 1.005950	R[18]= 1.000199	R[19]= 1.000861	R[20]= 1.005573	R[21]= 1.008062	R[22]= 1.011446	R[23]= 1.001584	R[24]= 1.002745	
<R>= 1.007014

Mean parameters
A[0]= 9.436391e-01 pm 3.269592e-02
A[1]= 1.048508e+00 pm 2.733541e-02
A[2]= 6.166378e-01 pm 4.143196e-01
A[3]= 3.886523e+00 pm 1.207102e+00
A[4]= -4.784862e+03 pm 3.876663e+03
A[5]= 2.480440e+03 pm 2.549288e+03
A[6]= -1.236457e+02 pm 5.983835e+02
A[7]= 1.078244e+01 pm 1.342243e+01
A[8]= -1.450776e-01 pm 1.825431e-01
A[9]= -2.875517e+03 pm 8.655685e+03
A[10]= 1.060518e+03 pm 5.221787e+03
A[11]= -3.160018e+02 pm 1.104873e+03
A[12]= 8.485987e-01 pm 4.854878e+01
A[13]= -2.027881e-02 pm 9.348635e-01
A[14]= 5.532393e+00 pm 1.702126e+00
A[15]= -6.619359e+03 pm 5.233052e+03
A[16]= 5.165087e+03 pm 3.435977e+03
A[17]= -9.961920e+02 pm 8.083726e+02
A[18]= -3.091038e+00 pm 1.930846e+01
A[19]= 2.336789e-01 pm 2.635481e-01
A[20]= 5.870291e+03 pm 1.194910e+04
A[21]= -3.034160e+03 pm 7.280700e+03
A[22]= 1.055221e+02 pm 1.559434e+03
A[23]= -4.793918e+01 pm 6.848352e+01
A[24]= 7.052034e-01 pm 1.338387e+00

Best-fitting parameters
A[0]= 9.638281e-01
A[1]= 1.030542e+00
A[2]= 5.448590e-01
A[3]= 4.236261e+00
A[4]= -5.393737e+03
A[5]= 2.958924e+03
A[6]= -2.638711e+02
A[7]= 9.426669e+00
A[8]= -1.250549e-01
A[9]= -3.159896e+03
A[10]= 1.320472e+03
A[11]= -3.977080e+02
A[12]= -2.916831e+00
A[13]= 4.835087e-03
A[14]= 5.592954e+00
A[15]= -5.651149e+03
A[16]= 4.642432e+03
A[17]= -9.161643e+02
A[18]= -4.403279e+00
A[19]= 2.077143e-01
A[20]= -3.491687e+03
A[21]= 2.169978e+03
A[22]= -8.402201e+02
A[23]= 1.010168e+01
A[24]= -2.846711e-01
chi2_min= 9.969000e+01


Cross-Covariance parameters
1.000000e+00	-5.201319e-01	-2.022616e-01	1.323727e-01	5.992458e-03	-2.805690e-03	-8.056099e-03	7.709138e-02	-5.695074e-02	-4.558608e-03	1.240460e-02	-3.597386e-02	1.566197e-01	-1.346566e-01	1.048250e-01	7.408494e-02	-7.306988e-02	6.183196e-02	4.978979e-02	-5.858715e-02	3.641010e-02	-3.263739e-02	7.376197e-03	1.475305e-01	-1.354849e-01	
-5.201319e-01	1.000000e+00	2.283149e-01	-2.132372e-01	-4.333965e-03	1.220101e-02	-2.666430e-02	1.127724e-01	-1.161516e-01	3.028206e-03	-3.691784e-03	1.022955e-02	-1.250865e-01	8.250239e-02	-2.719236e-01	6.594042e-03	-9.253274e-03	5.601248e-03	1.438080e-01	-1.508457e-01	-2.419534e-02	2.518517e-02	-1.300448e-02	-1.042370e-01	7.781695e-02	
-2.022616e-01	2.283149e-01	1.000000e+00	-7.140517e-01	-3.540923e-03	3.748326e-03	2.771058e-03	-5.476672e-02	3.956425e-02	-4.088210e-01	5.204866e-01	-6.482970e-01	-9.280609e-02	2.444379e-01	-6.882327e-01	-9.491784e-02	1.001274e-01	-9.546117e-02	-1.551298e-02	3.845687e-02	-4.352765e-01	5.502408e-01	-6.793989e-01	-1.415052e-01	2.975155e-01	
1.323727e-01	-2.132372e-01	-7.140517e-01	1.000000e+00	-5.254932e-01	5.782622e-01	-6.183847e-01	1.906063e-01	9.610508e-02	2.145350e-01	-2.731066e-01	3.450682e-01	1.865088e-02	-7.829634e-02	5.050124e-01	6.500444e-02	-6.856844e-02	6.620367e-02	5.205003e-03	-2.285182e-02	3.214315e-01	-4.027935e-01	4.936145e-01	9.384968e-02	-2.057863e-01	
5.992458e-03	-4.333965e-03	-3.540923e-03	-5.254932e-01	1.000000e+00	-9.852978e-01	9.440818e-01	-6.692123e-01	2.714571e-01	7.840844e-02	-1.180796e-01	1.609737e-01	9.099384e-02	-9.253459e-02	2.172599e-02	-1.210878e-02	1.083461e-02	-9.552336e-03	-2.595686e-03	8.504983e-03	-3.101895e-03	4.248094e-04	2.943765e-03	4.743854e-03	-4.903501e-03	
-2.805690e-03	1.220101e-02	3.748326e-03	5.782622e-01	-9.852978e-01	1.000000e+00	-9.860641e-01	6.189385e-01	-2.033106e-01	-9.014498e-02	1.333635e-01	-1.800569e-01	-9.866997e-02	1.139202e-01	-2.469115e-02	1.016910e-02	-9.053785e-03	7.766682e-03	8.016822e-03	-1.312436e-02	4.200729e-03	-8.617853e-04	-3.449366e-03	-5.886322e-03	5.828969e-03	
-8.056099e-03	-2.666430e-02	2.771058e-03	-6.183847e-01	9.440818e-01	-9.860641e-01	1.000000e+00	-5.569229e-01	1.391153e-01	1.020595e-01	-1.465299e-01	1.942295e-01	9.386908e-02	-1.190812e-01	2.476045e-02	-9.660775e-03	8.859788e-03	-7.404718e-03	-1.679833e-02	2.152304e-02	-7.694620e-03	4.655668e-03	-4.497107e-04	4.354327e-03	-2.683034e-03	
7.709138e-02	1.127724e-01	-5.476672e-02	1.906063e-01	-6.692123e-01	6.189385e-01	-5.569229e-01	1.000000e+00	-8.766261e-01	9.652106e-02	-7.752153e-02	4.636463e-02	-5.560500e-02	-1.013915e-01	-3.084665e-03	4.116529e-02	-4.045269e-02	3.563445e-02	3.469974e-02	-4.682445e-02	3.475479e-02	-4.212582e-02	4.980127e-02	1.499147e-02	-2.862369e-02	
-5.695074e-02	-1.161516e-01	3.956425e-02	9.610508e-02	2.714571e-01	-2.033106e-01	1.391153e-01	-8.766261e-01	1.000000e+00	-1.586536e-01	1.567359e-01	-1.410002e-01	2.221512e-02	1.917933e-01	1.598602e-03	-3.534068e-02	3.520553e-02	-3.139973e-02	-2.888678e-02	3.964457e-02	-2.752806e-02	3.535437e-02	-4.412089e-02	-1.332869e-02	2.517341e-02	
-4.558608e-03	3.028206e-03	-4.088210e-01	2.145350e-01	7.840844e-02	-9.014498e-02	1.020595e-01	9.652106e-02	-1.586536e-01	1.000000e+00	-9.833812e-01	9.172327e-01	-7.523119e-01	5.511932e-01	2.932062e-01	2.980774e-02	-2.863955e-02	2.429544e-02	1.411992e-02	-1.998238e-02	1.978583e-01	-2.479682e-01	3.062941e-01	2.850649e-02	-9.941704e-02	
1.240460e-02	-3.691784e-03	5.204866e-01	-2.731066e-01	-1.180796e-01	1.333635e-01	-1.465299e-01	-7.752153e-02	1.567359e-01	-9.833812e-01	1.000000e+00	-9.735819e-01	7.012783e-01	-4.908643e-01	-3.710921e-01	-4.148909e-02	4.157504e-02	-3.732326e-02	-1.642052e-02	2.596727e-02	-2.490411e-01	3.140124e-01	-3.899032e-01	-4.321103e-02	1.341318e-01	
-3.597386e-02	1.022955e-02	-6.482970e-01	3.450682e-01	1.609737e-01	-1.800569e-01	1.942295e-01	4.636463e-02	-1.410002e-01	9.172327e-01	-9.735819e-01	1.000000e+00	-5.913017e-01	3.789462e-01	4.608656e-01	5.394289e-02	-5.563782e-02	5.176161e-02	1.792177e-02	-3.161394e-02	3.079465e-01	-3.903997e-01	4.872395e-01	5.878520e-02	-1.732748e-01	
1.566197e-01	-1.250865e-01	-9.280609e-02	1.865088e-02	9.099384e-02	-9.866997e-02	9.386908e-02	-5.560500e-02	2.221512e-02	-7.523119e-01	7.012783e-01	-5.913017e-01	1.000000e+00	-9.429127e-01	6.202618e-02	2.261229e-02	-2.622340e-02	2.743226e-02	-8.341305e-03	3.618230e-03	2.818596e-02	-3.670424e-02	4.318984e-02	4.094637e-02	-4.845704e-02	
-1.346566e-01	8.250239e-02	2.444379e-01	-7.829634e-02	-9.253459e-02	1.139202e-01	-1.190812e-01	-1.013915e-01	1.917933e-01	5.511932e-01	-4.908643e-01	3.789462e-01	-9.429127e-01	1.000000e+00	-1.636122e-01	-3.894109e-02	4.326934e-02	-4.327461e-02	-1.731884e-03	1.131052e-02	-1.050617e-01	1.339346e-01	-1.646714e-01	-5.070593e-02	8.774600e-02	
1.048250e-01	-2.719236e-01	-6.882327e-01	5.050124e-01	2.172599e-02	-2.469115e-02	2.476045e-02	-3.084665e-03	1.598602e-03	2.932062e-01	-3.710921e-01	4.608656e-01	6.202618e-02	-1.636122e-01	1.000000e+00	-4.521485e-01	5.153555e-01	-5.648083e-01	5.098012e-02	1.923894e-01	2.138024e-01	-2.740155e-01	3.486575e-01	4.013806e-02	-1.001400e-01	
7.408494e-02	6.594042e-03	-9.491784e-02	6.500444e-02	-1.210878e-02	1.016910e-02	-9.660775e-03	4.116529e-02	-3.534068e-02	2.980774e-02	-4.148909e-02	5.394289e-02	2.261229e-02	-3.894109e-02	-4.521485e-01	1.000000e+00	-9.825601e-01	9.334033e-01	-5.949496e-01	2.242213e-01	1.798609e-01	-2.160354e-01	2.463810e-01	4.317096e-02	-8.374956e-02	
-7.306988e-02	-9.253274e-03	1.001274e-01	-6.856844e-02	1.083461e-02	-9.053785e-03	8.859788e-03	-4.045269e-02	3.520553e-02	-2.863955e-02	4.157504e-02	-5.563782e-02	-2.622340e-02	4.326934e-02	5.153555e-01	-9.825601e-01	1.000000e+00	-9.833508e-01	5.254272e-01	-1.378052e-01	-1.884227e-01	2.297601e-01	-2.655361e-01	-6.027739e-02	1.114642e-01	
6.183196e-02	5.601248e-03	-9.546117e-02	6.620367e-02	-9.552336e-03	7.766682e-03	-7.404718e-03	3.563445e-02	-3.139973e-02	2.429544e-02	-3.732326e-02	5.176161e-02	2.743226e-02	-4.327461e-02	-5.648083e-01	9.334033e-01	-9.833508e-01	1.000000e+00	-4.429119e-01	5.390626e-02	1.889333e-01	-2.333489e-01	2.727567e-01	7.109554e-02	-1.289292e-01	
4.978979e-02	1.438080e-01	-1.551298e-02	5.205003e-03	-2.595686e-03	8.016822e-03	-1.679833e-02	3.469974e-02	-2.888678e-02	1.411992e-02	-1.642052e-02	1.792177e-02	-8.341305e-03	-1.731884e-03	5.098012e-02	-5.949496e-01	5.254272e-01	-4.429119e-01	1.000000e+00	-9.008760e-01	-2.502807e-02	3.054909e-02	-3.581790e-02	8.029927e-02	-1.562541e-01	
-5.858715e-02	-1.508457e-01	3.845687e-02	-2.285182e-02	8.504983e-03	-1.312436e-02	2.152304e-02	-4.682445e-02	3.964457e-02	-1.998238e-02	2.596727e-02	-3.161394e-02	3.618230e-03	1.131052e-02	1.923894e-01	2.242213e-01	-1.378052e-01	5.390626e-02	-9.008760e-01	1.000000e+00	-4.995539e-02	5.970498e-02	-6.624163e-02	-1.141048e-01	2.309156e-01	
3.641010e-02	-2.419534e-02	-4.352765e-01	3.214315e-01	-3.101895e-03	4.200729e-03	-7.694620e-03	3.475479e-02	-2.752806e-02	1.978583e-01	-2.490411e-01	3.079465e-01	2.818596e-02	-1.050617e-01	2.138024e-01	1.798609e-01	-1.884227e-01	1.889333e-01	-2.502807e-02	-4.995539e-02	1.000000e+00	-9.834971e-01	9.184064e-01	-7.128305e-01	5.326542e-01	
-3.263739e-02	2.518517e-02	5.502408e-01	-4.027935e-01	4.248094e-04	-8.617853e-04	4.655668e-03	-4.212582e-02	3.535437e-02	-2.479682e-01	3.140124e-01	-3.903997e-01	-3.670424e-02	1.339346e-01	-2.740155e-01	-2.160354e-01	2.297601e-01	-2.333489e-01	3.054909e-02	5.970498e-02	-9.834971e-01	1.000000e+00	-9.740722e-01	6.519374e-01	-4.605082e-01	
7.376197e-03	-1.300448e-02	-6.793989e-01	4.936145e-01	2.943765e-03	-3.449366e-03	-4.497107e-04	4.980127e-02	-4.412089e-02	3.062941e-01	-3.899032e-01	4.872395e-01	4.318984e-02	-1.646714e-01	3.486575e-01	2.463810e-01	-2.655361e-01	2.727567e-01	-3.581790e-02	-6.624163e-02	9.184064e-01	-9.740722e-01	1.000000e+00	-5.344139e-01	3.373805e-01	
1.475305e-01	-1.042370e-01	-1.415052e-01	9.384968e-02	4.743854e-03	-5.886322e-03	4.354327e-03	1.499147e-02	-1.332869e-02	2.850649e-02	-4.321103e-02	5.878520e-02	4.094637e-02	-5.070593e-02	4.013806e-02	4.317096e-02	-6.027739e-02	7.109554e-02	8.029927e-02	-1.141048e-01	-7.128305e-01	6.519374e-01	-5.344139e-01	1.000000e+00	-9.608806e-01	
-1.354849e-01	7.781695e-02	2.975155e-01	-2.057863e-01	-4.903501e-03	5.828969e-03	-2.683034e-03	-2.862369e-02	2.517341e-02	-9.941704e-02	1.341318e-01	-1.732748e-01	-4.845704e-02	8.774600e-02	-1.001400e-01	-8.374956e-02	1.114642e-01	-1.289292e-01	-1.562541e-01	2.309156e-01	5.326542e-01	-4.605082e-01	3.373805e-01	-9.608806e-01	1.000000e+00	

Time taken for mcmc chain: 39.916667 minutes
