Number of steps: 13511796
Number of accepted steps: 1000000
Burn-in number of steps: 320000
Accepted fraction of steps: 0.074009
Convergence Status
R[0]= 1.001015	R[1]= 1.000209	R[2]= 1.001873	R[3]= 1.001909	R[4]= 1.001090	R[5]= 1.000993	R[6]= 1.000892	R[7]= 1.000589	R[8]= 1.000394	R[9]= 1.000682	R[10]= 1.000581	R[11]= 1.000534	R[12]= 1.001204	R[13]= 1.001132	R[14]= 1.000181	R[15]= 1.000881	R[16]= 1.001148	R[17]= 1.001341	R[18]= 1.000099	R[19]= 1.000461	R[20]= 1.001427	R[21]= 1.001859	R[22]= 1.002313	R[23]= 1.000472	R[24]= 1.000598	
<R>= 1.000955

Mean parameters
A[0]= 8.902367e-01 pm 3.202847e-02
A[1]= 9.945465e-01 pm 2.473458e-02
A[2]= 4.840932e-01 pm 3.485293e-01
A[3]= 4.060027e+00 pm 1.216518e+00
A[4]= -3.107470e+03 pm 3.485979e+03
A[5]= 1.664072e+03 pm 2.274806e+03
A[6]= -1.873333e+01 pm 5.247140e+02
A[7]= 1.173217e+01 pm 1.224477e+01
A[8]= -1.881870e-01 pm 1.807509e-01
A[9]= -2.862101e+03 pm 7.637599e+03
A[10]= 1.015184e+03 pm 4.533121e+03
A[11]= -2.842465e+02 pm 9.314449e+02
A[12]= 2.036983e+01 pm 4.357753e+01
A[13]= -4.889451e-01 pm 8.493614e-01
A[14]= 5.689291e+00 pm 1.674291e+00
A[15]= -9.217073e+03 pm 4.864944e+03
A[16]= 6.127160e+03 pm 3.194844e+03
A[17]= -1.075446e+03 pm 7.413325e+02
A[18]= 1.492297e+01 pm 1.781912e+01
A[19]= -4.545824e-02 pm 2.534530e-01
A[20]= -1.029063e+03 pm 1.024810e+04
A[21]= 3.352990e+02 pm 6.124456e+03
A[22]= -3.754084e+02 pm 1.271527e+03
A[23]= 1.662954e+01 pm 6.137071e+01
A[24]= -6.681037e-01 pm 1.208125e+00

Best-fitting parameters
A[0]= 8.987156e-01
A[1]= 9.884082e-01
A[2]= 6.498852e-01
A[3]= 3.675218e+00
A[4]= -4.756938e+03
A[5]= 2.660731e+03
A[6]= -2.347119e+02
A[7]= 2.166974e+01
A[8]= -3.241880e-01
A[9]= -2.891680e+03
A[10]= 1.425369e+03
A[11]= -5.153322e+02
A[12]= 4.841809e+00
A[13]= -2.475361e-01
A[14]= 5.391750e+00
A[15]= -1.098510e+04
A[16]= 7.188063e+03
A[17]= -1.304837e+03
A[18]= 1.366622e+01
A[19]= -9.308073e-03
A[20]= -1.277475e+04
A[21]= 7.517471e+03
A[22]= -1.830526e+03
A[23]= 5.557671e+01
A[24]= -1.092168e+00
chi2_min= 1.079670e+02


Cross-Covariance parameters
1.000000e+00	-5.091574e-01	-1.172892e-01	5.740107e-02	3.984810e-02	-3.357392e-02	2.008885e-02	3.620926e-03	1.431990e-02	1.014340e-02	1.029163e-02	-5.263920e-02	7.736912e-02	-2.990216e-02	3.606842e-02	5.755863e-02	-5.368767e-02	4.273554e-02	3.708814e-02	-3.074344e-02	1.461424e-03	1.948826e-02	-6.366964e-02	1.169762e-01	-8.437052e-02	
-5.091574e-01	1.000000e+00	1.524613e-01	-1.923479e-01	1.270328e-03	-3.941440e-03	-1.713250e-03	1.577932e-01	-1.591607e-01	3.827597e-02	-4.752216e-02	6.602052e-02	-1.076783e-01	3.867212e-02	-1.980756e-01	5.378096e-03	-5.592943e-03	-1.415486e-03	1.321197e-01	-1.286620e-01	1.407339e-02	-2.412446e-02	4.815162e-02	-1.026359e-01	6.359904e-02	
-1.172892e-01	1.524613e-01	1.000000e+00	-6.474361e-01	-2.672147e-02	3.014032e-02	-2.618403e-02	-1.971302e-02	1.092813e-02	-3.851749e-01	4.975603e-01	-6.311802e-01	-1.521976e-01	2.737523e-01	-6.012098e-01	-1.082431e-01	1.150301e-01	-1.125025e-01	-3.938854e-02	7.044877e-02	-3.709310e-01	4.878023e-01	-6.278135e-01	-2.397333e-01	3.639172e-01	
5.740107e-02	-1.923479e-01	-6.474361e-01	1.000000e+00	-5.491582e-01	6.128134e-01	-6.597715e-01	1.220473e-02	2.609451e-01	1.672001e-01	-2.227742e-01	2.970793e-01	4.216546e-02	-5.158692e-02	4.152464e-01	7.089852e-02	-7.380576e-02	7.232919e-02	-8.657735e-03	-1.233112e-02	2.318792e-01	-3.089558e-01	4.013291e-01	1.603139e-01	-2.357757e-01	
3.984810e-02	1.270328e-03	-2.672147e-02	-5.491582e-01	1.000000e+00	-9.842479e-01	9.407810e-01	-5.330537e-01	1.465271e-01	5.446405e-02	-8.612356e-02	1.188637e-01	1.102178e-01	-1.105704e-01	2.236491e-02	-8.762021e-03	8.241891e-03	-8.451126e-03	1.473317e-02	-1.228205e-02	1.481831e-02	-1.502023e-02	1.473317e-02	8.137338e-03	-1.405015e-02	
-3.357392e-02	-3.941440e-03	3.014032e-02	6.128134e-01	-9.842479e-01	1.000000e+00	-9.854401e-01	4.582589e-01	-6.093976e-02	-6.849780e-02	1.030872e-01	-1.385381e-01	-1.180881e-01	1.360461e-01	-2.301764e-02	8.209207e-03	-7.123099e-03	6.740997e-03	-1.660295e-02	1.465884e-02	-1.718980e-02	1.813934e-02	-1.888216e-02	-8.022955e-03	1.481728e-02	
2.008885e-02	-1.713250e-03	-2.618403e-02	-6.597715e-01	9.407810e-01	-9.854401e-01	1.000000e+00	-3.779166e-01	-1.526991e-02	8.133603e-02	-1.168233e-01	1.526827e-01	1.155211e-01	-1.471141e-01	2.124164e-02	-9.206454e-03	7.545661e-03	-6.273073e-03	1.514481e-02	-1.369049e-02	1.617379e-02	-1.709905e-02	1.801491e-02	5.818129e-03	-1.214846e-02	
3.620926e-03	1.577932e-01	-1.971302e-02	1.220473e-02	-5.330537e-01	4.582589e-01	-3.779166e-01	1.000000e+00	-8.977997e-01	1.517976e-01	-1.398176e-01	1.134826e-01	-6.827929e-02	-1.229270e-01	-3.357820e-02	2.656793e-02	-2.930558e-02	2.890637e-02	3.189886e-02	-3.381369e-02	1.984558e-02	-2.611086e-02	3.398931e-02	-3.212930e-03	-3.691712e-03	
1.431990e-02	-1.591607e-01	1.092813e-02	2.609451e-01	1.465271e-01	-6.093976e-02	-1.526991e-02	-8.977997e-01	1.000000e+00	-1.954190e-01	1.949283e-01	-1.778499e-01	3.475519e-02	1.990239e-01	3.320142e-02	-1.986239e-02	2.301805e-02	-2.345237e-02	-3.068110e-02	3.115532e-02	-2.031336e-02	2.549906e-02	-3.239731e-02	9.058128e-03	-2.050862e-03	
1.014340e-02	3.827597e-02	-3.851749e-01	1.672001e-01	5.446405e-02	-6.849780e-02	8.133603e-02	1.517976e-01	-1.954190e-01	1.000000e+00	-9.843716e-01	9.211921e-01	-7.338381e-01	5.391479e-01	2.181058e-01	5.392822e-02	-5.636841e-02	5.410960e-02	2.080747e-02	-3.446252e-02	1.491383e-01	-1.970072e-01	2.555476e-01	8.988432e-02	-1.408464e-01	
1.029163e-02	-4.752216e-02	4.975603e-01	-2.227742e-01	-8.612356e-02	1.030872e-01	-1.168233e-01	-1.398176e-01	1.949283e-01	-9.843716e-01	1.000000e+00	-9.745583e-01	6.863894e-01	-4.858951e-01	-2.870836e-01	-6.318501e-02	6.696179e-02	-6.502382e-02	-2.730548e-02	4.426216e-02	-1.944480e-01	2.568965e-01	-3.335844e-01	-1.123227e-01	1.797699e-01	
-5.263920e-02	6.602052e-02	-6.311802e-01	2.970793e-01	1.188637e-01	-1.385381e-01	1.526827e-01	1.134826e-01	-1.778499e-01	9.211921e-01	-9.745583e-01	1.000000e+00	-5.825793e-01	3.843773e-01	3.702190e-01	7.316102e-02	-7.851971e-02	7.708468e-02	3.432542e-02	-5.527483e-02	2.483415e-01	-3.287704e-01	4.281972e-01	1.380666e-01	-2.259558e-01	
7.736912e-02	-1.076783e-01	-1.521976e-01	4.216546e-02	1.102178e-01	-1.180881e-01	1.155211e-01	-6.827929e-02	3.475519e-02	-7.338381e-01	6.863894e-01	-5.825793e-01	1.000000e+00	-9.438751e-01	1.059722e-01	7.198637e-03	-8.424926e-03	8.906732e-03	6.973779e-03	-8.563348e-03	5.340247e-02	-6.875649e-02	8.553122e-02	4.289951e-02	-5.960037e-02	
-2.990216e-02	3.867212e-02	2.737523e-01	-5.158692e-02	-1.105704e-01	1.360461e-01	-1.471141e-01	-1.229270e-01	1.990239e-01	5.391479e-01	-4.858951e-01	3.843773e-01	-9.438751e-01	1.000000e+00	-1.695919e-01	-2.390720e-02	2.673040e-02	-2.724081e-02	-2.106052e-02	2.719628e-02	-1.066968e-01	1.400306e-01	-1.795858e-01	-6.321977e-02	1.000930e-01	
3.606842e-02	-1.980756e-01	-6.012098e-01	4.152464e-01	2.236491e-02	-2.301764e-02	2.124164e-02	-3.357820e-02	3.320142e-02	2.181058e-01	-2.870836e-01	3.702190e-01	1.059722e-01	-1.695919e-01	1.000000e+00	-5.250085e-01	5.891439e-01	-6.372551e-01	-3.093754e-02	2.698680e-01	1.094208e-01	-1.660124e-01	2.431989e-01	9.402326e-02	-1.211021e-01	
5.755863e-02	5.378096e-03	-1.082431e-01	7.089852e-02	-8.762021e-03	8.209207e-03	-9.206454e-03	2.656793e-02	-1.986239e-02	5.392822e-02	-6.318501e-02	7.316102e-02	7.198637e-03	-2.390720e-02	-5.250085e-01	1.000000e+00	-9.843707e-01	9.412505e-01	-4.871935e-01	1.322901e-01	1.929299e-01	-2.231643e-01	2.477438e-01	4.104602e-02	-7.333497e-02	
-5.368767e-02	-5.592943e-03	1.150301e-01	-7.380576e-02	8.241891e-03	-7.123099e-03	7.545661e-03	-2.930558e-02	2.301805e-02	-5.636841e-02	6.696179e-02	-7.851971e-02	-8.424926e-03	2.673040e-02	5.891439e-01	-9.843707e-01	1.000000e+00	-9.855382e-01	4.069786e-01	-4.204624e-02	-2.007872e-01	2.346295e-01	-2.631116e-01	-5.982457e-02	1.015762e-01	
4.273554e-02	-1.415486e-03	-1.125025e-01	7.232919e-02	-8.451126e-03	6.740997e-03	-6.273073e-03	2.890637e-02	-2.345237e-02	5.410960e-02	-6.502382e-02	7.708468e-02	8.906732e-03	-2.724081e-02	-6.372551e-01	9.412505e-01	-9.855382e-01	1.000000e+00	-3.222296e-01	-3.929149e-02	2.000613e-01	-2.360832e-01	2.672537e-01	7.301109e-02	-1.205424e-01	
3.708814e-02	1.321197e-01	-3.938854e-02	-8.657735e-03	1.473317e-02	-1.660295e-02	1.514481e-02	3.189886e-02	-3.068110e-02	2.080747e-02	-2.730548e-02	3.432542e-02	6.973779e-03	-2.106052e-02	-3.093754e-02	-4.871935e-01	4.069786e-01	-3.222296e-01	1.000000e+00	-9.158256e-01	8.899086e-03	-1.007085e-02	1.042116e-02	8.403339e-02	-1.708568e-01	
-3.074344e-02	-1.286620e-01	7.044877e-02	-1.233112e-02	-1.228205e-02	1.465884e-02	-1.369049e-02	-3.381369e-02	3.115532e-02	-3.446252e-02	4.426216e-02	-5.527483e-02	-8.563348e-03	2.719628e-02	2.698680e-01	1.322901e-01	-4.204624e-02	-3.929149e-02	-9.158256e-01	1.000000e+00	-8.727480e-02	9.933576e-02	-1.072724e-01	-1.066255e-01	2.248831e-01	
1.461424e-03	1.407339e-02	-3.709310e-01	2.318792e-01	1.481831e-02	-1.718980e-02	1.617379e-02	1.984558e-02	-2.031336e-02	1.491383e-01	-1.944480e-01	2.483415e-01	5.340247e-02	-1.066968e-01	1.094208e-01	1.929299e-01	-2.007872e-01	2.000613e-01	8.899086e-03	-8.727480e-02	1.000000e+00	-9.837593e-01	9.174868e-01	-6.921121e-01	5.287775e-01	
1.948826e-02	-2.412446e-02	4.878023e-01	-3.089558e-01	-1.502023e-02	1.813934e-02	-1.709905e-02	-2.611086e-02	2.549906e-02	-1.970072e-01	2.568965e-01	-3.287704e-01	-6.875649e-02	1.400306e-01	-1.660124e-01	-2.231643e-01	2.346295e-01	-2.360832e-01	-1.007085e-02	9.933576e-02	-9.837593e-01	1.000000e+00	-9.731552e-01	6.353701e-01	-4.646205e-01	
-6.366964e-02	4.815162e-02	-6.278135e-01	4.013291e-01	1.473317e-02	-1.888216e-02	1.801491e-02	3.398931e-02	-3.239731e-02	2.555476e-01	-3.335844e-01	4.281972e-01	8.553122e-02	-1.795858e-01	2.431989e-01	2.477438e-01	-2.631116e-01	2.672537e-01	1.042116e-02	-1.072724e-01	9.174868e-01	-9.731552e-01	1.000000e+00	-5.188976e-01	3.465428e-01	
1.169762e-01	-1.026359e-01	-2.397333e-01	1.603139e-01	8.137338e-03	-8.022955e-03	5.818129e-03	-3.212930e-03	9.058128e-03	8.988432e-02	-1.123227e-01	1.380666e-01	4.289951e-02	-6.321977e-02	9.402326e-02	4.104602e-02	-5.982457e-02	7.301109e-02	8.403339e-02	-1.066255e-01	-6.921121e-01	6.353701e-01	-5.188976e-01	1.000000e+00	-9.660187e-01	
-8.437052e-02	6.359904e-02	3.639172e-01	-2.357757e-01	-1.405015e-02	1.481728e-02	-1.214846e-02	-3.691712e-03	-2.050862e-03	-1.408464e-01	1.797699e-01	-2.259558e-01	-5.960037e-02	1.000930e-01	-1.211021e-01	-7.333497e-02	1.015762e-01	-1.205424e-01	-1.708568e-01	2.248831e-01	5.287775e-01	-4.646205e-01	3.465428e-01	-9.660187e-01	1.000000e+00	

Time taken for mcmc chain: 2.128611 hours
