Number of steps: 27015712
Number of accepted steps: 1000000
Burn-in number of steps: 320000
Accepted fraction of steps: 0.037015
Convergence Status
R[0]= 1.000639	R[1]= 1.000424	R[2]= 1.002538	R[3]= 1.000357	R[4]= 1.000606	R[5]= 1.000526	R[6]= 1.000434	R[7]= 1.000931	R[8]= 1.000743	R[9]= 1.000798	R[10]= 1.000844	R[11]= 1.000809	R[12]= 1.002122	R[13]= 1.002303	R[14]= 1.001246	R[15]= 1.000735	R[16]= 1.000581	R[17]= 1.000531	R[18]= 1.000584	R[19]= 1.000514	R[20]= 1.000375	R[21]= 1.000211	R[22]= 1.000112	R[23]= 1.001347	R[24]= 1.001437	
<R>= 1.000870

Mean parameters
A[0]= 8.895345e-01 pm 3.410922e-02
A[1]= 1.000354e+00 pm 2.794517e-02
A[2]= 6.127248e-01 pm 4.686828e-01
A[3]= 3.639446e+00 pm 1.268764e+00
A[4]= -1.808647e+03 pm 3.576545e+03
A[5]= 8.000598e+02 pm 2.338226e+03
A[6]= 1.745506e+02 pm 5.392503e+02
A[7]= 6.644067e+00 pm 1.218060e+01
A[8]= -1.461294e-01 pm 1.800843e-01
A[9]= -5.188104e+03 pm 7.616510e+03
A[10]= 2.366485e+03 pm 4.590106e+03
A[11]= -5.664570e+02 pm 9.634876e+02
A[12]= 2.564981e+01 pm 4.466213e+01
A[13]= -5.222769e-01 pm 8.810341e-01
A[14]= 4.766016e+00 pm 1.632420e+00
A[15]= -8.120773e+03 pm 4.888048e+03
A[16]= 5.258026e+03 pm 3.216429e+03
A[17]= -8.407110e+02 pm 7.490857e+02
A[18]= 2.090205e+01 pm 1.796647e+01
A[19]= -1.707569e-01 pm 2.557610e-01
A[20]= -1.985646e+03 pm 1.064355e+04
A[21]= 9.979211e+02 pm 6.402041e+03
A[22]= -5.568353e+02 pm 1.338992e+03
A[23]= 1.796301e+01 pm 6.288322e+01
A[24]= -7.034764e-01 pm 1.243897e+00

Best-fitting parameters
A[0]= 8.767260e-01
A[1]= 1.007649e+00
A[2]= 4.983290e-01
A[3]= 3.985037e+00
A[4]= -4.219124e+03
A[5]= 2.127280e+03
A[6]= -8.590211e+01
A[7]= 1.311805e+01
A[8]= -1.889474e-01
A[9]= -7.140915e+03
A[10]= 3.463476e+03
A[11]= -7.517659e+02
A[12]= 4.486800e+01
A[13]= -9.202477e-01
A[14]= 6.223758e+00
A[15]= -1.229647e+04
A[16]= 8.314242e+03
A[17]= -1.606775e+03
A[18]= 2.299631e+01
A[19]= -9.835902e-02
A[20]= 9.187086e+02
A[21]= -5.550327e+02
A[22]= -2.988229e+02
A[23]= -4.086327e+00
A[24]= -3.806756e-01
chi2_min= 1.135884e+02


Cross-Covariance parameters
1.000000e+00	-5.114193e-01	-1.348952e-01	5.836107e-02	7.155482e-02	-6.799467e-02	5.625075e-02	1.671777e-02	-1.271294e-02	3.005821e-02	-1.507472e-02	-1.989140e-02	9.294440e-02	-5.413381e-02	8.401635e-02	4.372095e-02	-3.585170e-02	2.135140e-02	1.971057e-02	-5.683569e-03	-9.250861e-03	2.271798e-02	-5.500805e-02	1.273827e-01	-9.628782e-02	
-5.114193e-01	1.000000e+00	1.867127e-01	-2.220793e-01	5.652908e-03	-8.584338e-03	3.357173e-03	1.454937e-01	-1.522863e-01	1.612553e-02	-1.999121e-02	3.182477e-02	-1.129113e-01	5.138241e-02	-1.964084e-01	-3.357335e-02	3.301673e-02	-3.844345e-02	1.350255e-01	-1.153439e-01	-5.539652e-03	9.075227e-04	1.516873e-02	-1.100618e-01	8.342522e-02	
-1.348952e-01	1.867127e-01	1.000000e+00	-6.906473e-01	-1.242196e-02	1.113484e-02	-2.554371e-03	-2.366444e-02	1.324902e-03	-3.887334e-01	5.040380e-01	-6.375828e-01	-2.102059e-01	3.255659e-01	-6.375267e-01	-8.313992e-02	8.945382e-02	-8.694843e-02	-5.211787e-02	7.319214e-02	-3.598481e-01	4.739999e-01	-6.075276e-01	-2.502963e-01	3.762987e-01	
5.836107e-02	-2.220793e-01	-6.906473e-01	1.000000e+00	-5.251946e-01	5.826112e-01	-6.261953e-01	2.127449e-02	2.503883e-01	1.979692e-01	-2.624154e-01	3.450586e-01	7.279526e-02	-9.140862e-02	4.827705e-01	5.342516e-02	-5.815356e-02	5.872482e-02	6.477534e-03	-2.224962e-02	2.615238e-01	-3.424292e-01	4.374696e-01	1.720662e-01	-2.600830e-01	
7.155482e-02	5.652908e-03	-1.242196e-02	-5.251946e-01	1.000000e+00	-9.851854e-01	9.445828e-01	-5.225684e-01	1.236667e-01	6.542852e-02	-9.975295e-02	1.328831e-01	1.363282e-01	-1.428314e-01	-8.596901e-03	1.866802e-02	-1.875479e-02	1.769819e-02	1.453085e-02	-1.892486e-02	-3.525588e-03	1.699455e-03	-6.837216e-04	1.930061e-02	-1.952378e-02	
-6.799467e-02	-8.584338e-03	1.113484e-02	5.826112e-01	-9.851854e-01	1.000000e+00	-9.864344e-01	4.506051e-01	-4.145625e-02	-7.822420e-02	1.149320e-01	-1.501589e-01	-1.468833e-01	1.692473e-01	1.181722e-02	-2.126665e-02	2.188905e-02	-2.121896e-02	-1.642322e-02	2.220255e-02	8.135918e-04	1.081471e-03	-2.094156e-03	-1.756546e-02	1.846969e-02	
5.625075e-02	3.357173e-03	-2.554371e-03	-6.261953e-01	9.445828e-01	-9.864344e-01	1.000000e+00	-3.745618e-01	-3.040145e-02	8.873365e-02	-1.256838e-01	1.606891e-01	1.461629e-01	-1.803005e-01	-1.781416e-02	2.212744e-02	-2.331786e-02	2.338570e-02	1.463564e-02	-2.182004e-02	-9.628322e-04	-6.860858e-05	5.974452e-05	1.319223e-02	-1.372462e-02	
1.671777e-02	1.454937e-01	-2.366444e-02	2.127449e-02	-5.225684e-01	4.506051e-01	-3.745618e-01	1.000000e+00	-8.925832e-01	1.527296e-01	-1.382765e-01	1.102162e-01	-6.981254e-02	-1.120854e-01	-4.067121e-03	5.742183e-03	-7.304819e-03	5.408441e-03	3.331024e-02	-3.009810e-02	2.555571e-02	-3.043964e-02	3.622363e-02	-3.432531e-03	-6.142380e-03	
-1.271294e-02	-1.522863e-01	1.324902e-03	2.503883e-01	1.236667e-01	-4.145625e-02	-3.040145e-02	-8.925832e-01	1.000000e+00	-1.947775e-01	1.926478e-01	-1.738152e-01	2.429699e-02	1.990071e-01	2.476635e-02	-1.356058e-02	1.560484e-02	-1.423953e-02	-3.460571e-02	3.549716e-02	-1.790449e-02	2.140885e-02	-2.539356e-02	5.296840e-03	2.572978e-03	
3.005821e-02	1.612553e-02	-3.887334e-01	1.979692e-01	6.542852e-02	-7.822420e-02	8.873365e-02	1.527296e-01	-1.947775e-01	1.000000e+00	-9.833344e-01	9.175323e-01	-6.795143e-01	4.801869e-01	2.565236e-01	3.495458e-02	-3.762025e-02	3.581967e-02	2.690290e-02	-3.126007e-02	1.596759e-01	-2.078606e-01	2.650662e-01	8.743554e-02	-1.419979e-01	
-1.507472e-02	-1.999121e-02	5.040380e-01	-2.624154e-01	-9.975295e-02	1.149320e-01	-1.256838e-01	-1.382765e-01	1.926478e-01	-9.833344e-01	1.000000e+00	-9.737823e-01	6.176541e-01	-4.130587e-01	-3.292127e-01	-4.763707e-02	5.175909e-02	-5.036238e-02	-3.582005e-02	4.443784e-02	-2.071800e-01	2.703224e-01	-3.454422e-01	-1.142476e-01	1.863785e-01	
-1.989140e-02	3.182477e-02	-6.375828e-01	3.450586e-01	1.328831e-01	-1.501589e-01	1.606891e-01	1.102162e-01	-1.738152e-01	9.175323e-01	-9.737823e-01	1.000000e+00	-4.977513e-01	2.967612e-01	4.135820e-01	6.145283e-02	-6.730948e-02	6.656132e-02	4.585923e-02	-5.981042e-02	2.624662e-01	-3.433953e-01	4.401337e-01	1.439953e-01	-2.372184e-01	
9.294440e-02	-1.129113e-01	-2.102059e-01	7.279526e-02	1.363282e-01	-1.468833e-01	1.461629e-01	-6.981254e-02	2.429699e-02	-6.795143e-01	6.176541e-01	-4.977513e-01	1.000000e+00	-9.466875e-01	1.330071e-01	2.659762e-02	-2.890174e-02	2.903977e-02	1.453301e-02	-2.579345e-02	6.795156e-02	-9.108927e-02	1.164831e-01	6.860674e-02	-9.322094e-02	
-5.413381e-02	5.138241e-02	3.255659e-01	-9.140862e-02	-1.428314e-01	1.692473e-01	-1.803005e-01	-1.120854e-01	1.990071e-01	4.801869e-01	-4.130587e-01	2.967612e-01	-9.466875e-01	1.000000e+00	-2.032290e-01	-3.965831e-02	4.361948e-02	-4.363519e-02	-3.081512e-02	4.556240e-02	-1.212748e-01	1.612789e-01	-2.074577e-01	-9.091374e-02	1.364876e-01	
8.401635e-02	-1.964084e-01	-6.375267e-01	4.827705e-01	-8.596901e-03	1.181722e-02	-1.781416e-02	-4.067121e-03	2.476635e-02	2.565236e-01	-3.292127e-01	4.135820e-01	1.330071e-01	-2.032290e-01	1.000000e+00	-4.954505e-01	5.579532e-01	-6.048420e-01	-1.801975e-02	2.476916e-01	1.248812e-01	-1.806267e-01	2.536815e-01	9.784401e-02	-1.307191e-01	
4.372095e-02	-3.357335e-02	-8.313992e-02	5.342516e-02	1.866802e-02	-2.126665e-02	2.212744e-02	5.742183e-03	-1.356058e-02	3.495458e-02	-4.763707e-02	6.145283e-02	2.659762e-02	-3.965831e-02	-4.954505e-01	1.000000e+00	-9.837754e-01	9.394171e-01	-4.966487e-01	1.420167e-01	2.098270e-01	-2.433689e-01	2.721505e-01	4.861924e-02	-8.580226e-02	
-3.585170e-02	3.301673e-02	8.945382e-02	-5.815356e-02	-1.875479e-02	2.188905e-02	-2.331786e-02	-7.304819e-03	1.560484e-02	-3.762025e-02	5.175909e-02	-6.730948e-02	-2.890174e-02	4.361948e-02	5.579532e-01	-9.837754e-01	1.000000e+00	-9.852059e-01	4.137605e-01	-4.833218e-02	-2.226139e-01	2.607441e-01	-2.943453e-01	-6.660241e-02	1.150709e-01	
2.135140e-02	-3.844345e-02	-8.694843e-02	5.872482e-02	1.769819e-02	-2.121896e-02	2.338570e-02	5.408441e-03	-1.423953e-02	3.581967e-02	-5.036238e-02	6.656132e-02	2.903977e-02	-4.363519e-02	-6.048420e-01	9.394171e-01	-9.852059e-01	1.000000e+00	-3.263349e-01	-3.616255e-02	2.249555e-01	-2.660792e-01	3.031681e-01	7.923811e-02	-1.348821e-01	
1.971057e-02	1.350255e-01	-5.211787e-02	6.477534e-03	1.453085e-02	-1.642322e-02	1.463564e-02	3.331024e-02	-3.460571e-02	2.690290e-02	-3.582005e-02	4.585923e-02	1.453301e-02	-3.081512e-02	-1.801975e-02	-4.966487e-01	4.137605e-01	-3.263349e-01	1.000000e+00	-9.152224e-01	4.711680e-04	-4.666280e-03	8.961228e-03	9.817372e-02	-1.841588e-01	
-5.683569e-03	-1.153439e-01	7.319214e-02	-2.224962e-02	-1.892486e-02	2.220255e-02	-2.182004e-02	-3.009810e-02	3.549716e-02	-3.126007e-02	4.443784e-02	-5.981042e-02	-2.579345e-02	4.556240e-02	2.476916e-01	1.420167e-01	-4.833218e-02	-3.616255e-02	-9.152224e-01	1.000000e+00	-8.897624e-02	1.052828e-01	-1.185198e-01	-1.224170e-01	2.428980e-01	
-9.250861e-03	-5.539652e-03	-3.598481e-01	2.615238e-01	-3.525588e-03	8.135918e-04	-9.628322e-04	2.555571e-02	-1.790449e-02	1.596759e-01	-2.071800e-01	2.624662e-01	6.795156e-02	-1.212748e-01	1.248812e-01	2.098270e-01	-2.226139e-01	2.249555e-01	4.711680e-04	-8.897624e-02	1.000000e+00	-9.837932e-01	9.193449e-01	-6.748793e-01	5.025631e-01	
2.271798e-02	9.075227e-04	4.739999e-01	-3.424292e-01	1.699455e-03	1.081471e-03	-6.860858e-05	-3.043964e-02	2.140885e-02	-2.078606e-01	2.703224e-01	-3.433953e-01	-9.108927e-02	1.612789e-01	-1.806267e-01	-2.433689e-01	2.607441e-01	-2.660792e-01	-4.666280e-03	1.052828e-01	-9.837932e-01	1.000000e+00	-9.742379e-01	6.116977e-01	-4.313123e-01	
-5.500805e-02	1.516873e-02	-6.075276e-01	4.374696e-01	-6.837216e-04	-2.094156e-03	5.974452e-05	3.622363e-02	-2.539356e-02	2.650662e-01	-3.454422e-01	4.401337e-01	1.164831e-01	-2.074577e-01	2.536815e-01	2.721505e-01	-2.943453e-01	3.031681e-01	8.961228e-03	-1.185198e-01	9.193449e-01	-9.742379e-01	1.000000e+00	-4.909363e-01	3.086900e-01	
1.273827e-01	-1.100618e-01	-2.502963e-01	1.720662e-01	1.930061e-02	-1.756546e-02	1.319223e-02	-3.432531e-03	5.296840e-03	8.743554e-02	-1.142476e-01	1.439953e-01	6.860674e-02	-9.091374e-02	9.784401e-02	4.861924e-02	-6.660241e-02	7.923811e-02	9.817372e-02	-1.224170e-01	-6.748793e-01	6.116977e-01	-4.909363e-01	1.000000e+00	-9.649877e-01	
-9.628782e-02	8.342522e-02	3.762987e-01	-2.600830e-01	-1.952378e-02	1.846969e-02	-1.372462e-02	-6.142380e-03	2.572978e-03	-1.419979e-01	1.863785e-01	-2.372184e-01	-9.322094e-02	1.364876e-01	-1.307191e-01	-8.580226e-02	1.150709e-01	-1.348821e-01	-1.841588e-01	2.428980e-01	5.025631e-01	-4.313123e-01	3.086900e-01	-9.649877e-01	1.000000e+00	

Time taken for mcmc chain: 2.606944 hours
