Number of steps: 1094575
Number of accepted steps: 1000000
Burn-in number of steps: 320000
Accepted fraction of steps: 0.913597
Convergence Status
R[0]= 1.044207	R[1]= 1.072058	R[2]= 1.150889	R[3]= 1.261878	R[4]= 1.078566	R[5]= 1.096814	R[6]= 1.121144	R[7]= 1.251778	R[8]= 1.225641	R[9]= 1.068423	R[10]= 1.056207	R[11]= 1.059857	R[12]= 1.036437	R[13]= 1.061325	R[14]= 1.071613	R[15]= 1.105952	R[16]= 1.099714	R[17]= 1.088827	R[18]= 1.059368	R[19]= 1.055031	R[20]= 1.145330	R[21]= 1.141355	R[22]= 1.142014	R[23]= 1.230703	R[24]= 1.251494	
<R>= 1.119065

Mean parameters
A[0]= 8.950646e-01 pm 2.979939e-02
A[1]= 9.988338e-01 pm 2.114146e-02
A[2]= 4.063694e-01 pm 2.388631e-01
A[3]= 4.086770e+00 pm 9.068076e-01
A[4]= -2.126403e+03 pm 2.761656e+03
A[5]= 1.012167e+03 pm 1.806437e+03
A[6]= 1.229456e+02 pm 4.192842e+02
A[7]= 7.346586e+00 pm 9.772612e+00
A[8]= -1.481144e-01 pm 1.476866e-01
A[9]= -4.998236e+03 pm 5.556869e+03
A[10]= 2.105268e+03 pm 3.306907e+03
A[11]= -4.568942e+02 pm 6.860967e+02
A[12]= 3.789160e+01 pm 3.564538e+01
A[13]= -7.827960e-01 pm 7.243844e-01
A[14]= 5.471056e+00 pm 1.236510e+00
A[15]= -8.863687e+03 pm 4.227717e+03
A[16]= 5.772367e+03 pm 2.843128e+03
A[17]= -9.771364e+02 pm 6.736792e+02
A[18]= 2.263531e+01 pm 1.615447e+01
A[19]= -1.903351e-01 pm 2.264109e-01
A[20]= -1.270758e+03 pm 1.016060e+04
A[21]= 4.143199e+02 pm 5.974442e+03
A[22]= -3.796560e+02 pm 1.177262e+03
A[23]= 3.087329e+01 pm 5.358818e+01
A[24]= -1.011772e+00 pm 1.054102e+00

Best-fitting parameters
A[0]= 8.907497e-01
A[1]= 9.909222e-01
A[2]= 9.077529e-01
A[3]= 3.613613e+00
A[4]= -4.260954e+03
A[5]= 2.505263e+03
A[6]= -2.427126e+02
A[7]= 7.513774e-01
A[8]= -2.743618e-02
A[9]= -5.844908e+03
A[10]= 3.936244e+03
A[11]= -1.187871e+03
A[12]= -2.573379e+00
A[13]= 1.284712e-01
A[14]= 4.283894e+00
A[15]= -9.169722e+03
A[16]= 6.280698e+03
A[17]= -1.117061e+03
A[18]= 1.866322e+01
A[19]= -1.100831e-01
A[20]= -4.542075e+03
A[21]= 3.411666e+03
A[22]= -1.279293e+03
A[23]= -9.860784e+00
A[24]= 6.831589e-02
chi2_min= 1.143723e+02


Cross-Covariance parameters
1.000000e+00	-4.641220e-01	-1.256351e-01	8.401971e-02	1.475110e-01	-1.023022e-01	4.354931e-02	-1.207134e-01	1.264838e-01	-1.188581e-01	1.221187e-01	-1.490724e-01	1.606282e-01	-8.516512e-02	1.859265e-01	-1.829979e-02	4.351025e-02	-6.999583e-02	-4.433251e-02	1.134557e-01	1.443690e-01	-1.221330e-01	7.635843e-02	-1.165970e-01	1.717994e-01	
-4.641220e-01	1.000000e+00	1.473137e-01	-3.256766e-01	1.075113e-01	-1.253104e-01	1.272663e-01	2.258621e-01	-2.896801e-01	1.544479e-01	-1.545731e-01	1.595444e-01	-1.559315e-01	5.382431e-02	-2.338877e-01	1.002097e-01	-7.662974e-02	4.197345e-02	1.392229e-01	-1.876762e-01	-2.718620e-01	2.555872e-01	-2.137731e-01	2.966572e-01	-3.300681e-01	
-1.256351e-01	1.473137e-01	1.000000e+00	-5.895758e-01	-1.243353e-01	1.334663e-01	-1.306849e-01	-4.010804e-02	7.526635e-02	-4.073799e-01	5.180511e-01	-6.411215e-01	-2.412793e-01	3.795024e-01	-3.392440e-01	-1.330601e-01	2.039928e-01	-2.554987e-01	-1.717725e-01	2.339599e-01	-4.808565e-01	5.542359e-01	-6.527647e-01	-4.570742e-02	1.908909e-01	
8.401971e-02	-3.256766e-01	-5.895758e-01	1.000000e+00	-5.520025e-01	6.132028e-01	-6.576246e-01	8.056979e-03	2.356635e-01	1.843900e-01	-2.377450e-01	2.923575e-01	-4.665437e-02	1.415432e-02	3.768326e-01	-1.790005e-01	1.233542e-01	-6.502501e-02	2.581983e-01	-1.934850e-01	2.579581e-01	-3.075593e-01	3.675126e-01	-2.006949e-02	-5.422004e-02	
1.475110e-01	1.075113e-01	-1.243353e-01	-5.520025e-01	1.000000e+00	-9.823651e-01	9.332649e-01	-4.638983e-01	9.647379e-02	1.369673e-02	-4.488937e-02	8.388734e-02	2.862412e-01	-2.875162e-01	-3.089566e-02	2.163255e-01	-2.061723e-01	1.875210e-01	-2.117866e-01	1.563435e-01	8.568116e-02	-8.118211e-02	8.164139e-02	5.026288e-02	-4.975964e-02	
-1.023022e-01	-1.253104e-01	1.334663e-01	6.132028e-01	-9.823651e-01	1.000000e+00	-9.831667e-01	3.929456e-01	-1.951200e-02	-3.670245e-02	7.075609e-02	-1.147264e-01	-3.030960e-01	3.195431e-01	5.850053e-02	-2.513001e-01	2.438023e-01	-2.244309e-01	2.205951e-01	-1.397032e-01	-9.195373e-02	9.029977e-02	-9.530643e-02	-5.236224e-02	6.057325e-02	
4.354931e-02	1.272663e-01	-1.306849e-01	-6.576246e-01	9.332649e-01	-9.831667e-01	1.000000e+00	-3.203707e-01	-4.358998e-02	5.574177e-02	-9.147911e-02	1.391252e-01	3.004125e-01	-3.262711e-01	-8.096635e-02	2.687094e-01	-2.638969e-01	2.452213e-01	-2.230278e-01	1.233726e-01	9.713651e-02	-9.751134e-02	1.053384e-01	4.293489e-02	-5.904558e-02	
-1.207134e-01	2.258621e-01	-4.010804e-02	8.056979e-03	-4.638983e-01	3.929456e-01	-3.203707e-01	1.000000e+00	-9.091832e-01	1.801411e-01	-1.706692e-01	1.550393e-01	-5.537471e-02	-1.097207e-01	-1.825188e-01	1.173490e-01	-1.271580e-01	1.239175e-01	1.615048e-01	-2.347956e-01	-3.812616e-02	2.592961e-02	-5.015243e-03	9.851469e-02	-1.275466e-01	
1.264838e-01	-2.896801e-01	7.526635e-02	2.356635e-01	9.647379e-02	-1.951200e-02	-4.358998e-02	-9.091832e-01	1.000000e+00	-2.314538e-01	2.313679e-01	-2.254483e-01	-2.498295e-02	2.261496e-01	2.137726e-01	-2.182900e-01	2.219596e-01	-2.089927e-01	-9.181705e-02	2.022357e-01	-8.961285e-03	1.651465e-02	-3.486723e-02	-1.139581e-01	1.520652e-01	
-1.188581e-01	1.544479e-01	-4.073799e-01	1.843900e-01	1.369673e-02	-3.670245e-02	5.574177e-02	1.801411e-01	-2.314538e-01	1.000000e+00	-9.837361e-01	9.226080e-01	-6.431110e-01	4.340469e-01	1.385397e-01	2.955716e-02	-5.398651e-02	6.457365e-02	1.451576e-01	-1.700488e-01	2.577654e-02	-6.807549e-02	1.297556e-01	2.099170e-01	-2.819632e-01	
1.221187e-01	-1.545731e-01	5.180511e-01	-2.377450e-01	-4.488937e-02	7.075609e-02	-9.147911e-02	-1.706692e-01	2.313679e-01	-9.837361e-01	1.000000e+00	-9.759512e-01	5.964232e-01	-3.832640e-01	-1.786520e-01	-4.409517e-02	7.657822e-02	-9.334325e-02	-1.613960e-01	1.962598e-01	-9.743977e-02	1.466081e-01	-2.175806e-01	-2.047831e-01	2.990361e-01	
-1.490724e-01	1.595444e-01	-6.411215e-01	2.923575e-01	8.388734e-02	-1.147264e-01	1.391252e-01	1.550393e-01	-2.254483e-01	9.226080e-01	-9.759512e-01	1.000000e+00	-4.958009e-01	2.847751e-01	2.197466e-01	6.596064e-02	-1.079610e-01	1.322256e-01	1.687086e-01	-2.176832e-01	1.764530e-01	-2.347203e-01	3.183175e-01	1.958663e-01	-3.147039e-01	
1.606282e-01	-1.559315e-01	-2.412793e-01	-4.665437e-02	2.862412e-01	-3.030960e-01	3.004125e-01	-5.537471e-02	-2.498295e-02	-6.431110e-01	5.964232e-01	-4.958009e-01	1.000000e+00	-9.504757e-01	-4.508243e-02	1.847652e-01	-2.112270e-01	2.316272e-01	-6.551331e-02	-1.244347e-03	2.331411e-01	-2.440907e-01	2.604760e-01	-1.060215e-01	9.718547e-02	
-8.516512e-02	5.382431e-02	3.795024e-01	1.415432e-02	-2.875162e-01	3.195431e-01	-3.262711e-01	-1.097207e-01	2.261496e-01	4.340469e-01	-3.832640e-01	2.847751e-01	-9.504757e-01	1.000000e+00	5.183562e-02	-2.314231e-01	2.691111e-01	-2.956994e-01	-7.804196e-03	1.017355e-01	-2.448696e-01	2.683184e-01	-3.060289e-01	9.534224e-03	2.822477e-02	
1.859265e-01	-2.338877e-01	-3.392440e-01	3.768326e-01	-3.089566e-02	5.850053e-02	-8.096635e-02	-1.825188e-01	2.137726e-01	1.385397e-01	-1.786520e-01	2.197466e-01	-4.508243e-02	5.183562e-02	1.000000e+00	-6.638629e-01	7.099051e-01	-7.338792e-01	3.182531e-02	2.933288e-01	-5.351104e-02	4.083896e-02	-1.599186e-02	7.319426e-02	-2.824989e-02	
-1.829979e-02	1.002097e-01	-1.330601e-01	-1.790005e-01	2.163255e-01	-2.513001e-01	2.687094e-01	1.173490e-01	-2.182900e-01	2.955716e-02	-4.409517e-02	6.596064e-02	1.847652e-01	-2.314231e-01	-6.638629e-01	1.000000e+00	-9.820299e-01	9.346773e-01	-4.963372e-01	1.094596e-01	3.416371e-01	-3.530536e-01	3.606684e-01	-1.268504e-01	4.685609e-02	
4.351025e-02	-7.662974e-02	2.039928e-01	1.233542e-01	-2.061723e-01	2.438023e-01	-2.638969e-01	-1.271580e-01	2.219596e-01	-5.398651e-02	7.657822e-02	-1.079610e-01	-2.112270e-01	2.691111e-01	7.099051e-01	-9.820299e-01	1.000000e+00	-9.845412e-01	4.064501e-01	-6.417292e-03	-3.882157e-01	4.093875e-01	-4.287354e-01	1.356000e-01	-3.731344e-02	
-6.999583e-02	4.197345e-02	-2.554987e-01	-6.502501e-02	1.875210e-01	-2.244309e-01	2.452213e-01	1.239175e-01	-2.089927e-01	6.457365e-02	-9.334325e-02	1.322256e-01	2.316272e-01	-2.956994e-01	-7.338792e-01	9.346773e-01	-9.845412e-01	1.000000e+00	-3.152706e-01	-8.256278e-02	4.168109e-01	-4.449159e-01	4.729321e-01	-1.384096e-01	2.763545e-02	
-4.433251e-02	1.392229e-01	-1.717725e-01	2.581983e-01	-2.117866e-01	2.205951e-01	-2.230278e-01	1.615048e-01	-9.181705e-02	1.451576e-01	-1.613960e-01	1.687086e-01	-6.551331e-02	-7.804196e-03	3.182531e-02	-4.963372e-01	4.064501e-01	-3.152706e-01	1.000000e+00	-9.063686e-01	-8.761812e-02	7.055689e-02	-4.138900e-02	2.259081e-01	-2.964642e-01	
1.134557e-01	-1.876762e-01	2.339599e-01	-1.934850e-01	1.563435e-01	-1.397032e-01	1.233726e-01	-2.347956e-01	2.022357e-01	-1.700488e-01	1.962598e-01	-2.176832e-01	-1.244347e-03	1.017355e-01	2.933288e-01	1.094596e-01	-6.417292e-03	-8.256278e-02	-9.063686e-01	1.000000e+00	-7.261203e-02	9.974104e-02	-1.375759e-01	-1.550320e-01	2.776163e-01	
1.443690e-01	-2.718620e-01	-4.808565e-01	2.579581e-01	8.568116e-02	-9.195373e-02	9.713651e-02	-3.812616e-02	-8.961285e-03	2.577654e-02	-9.743977e-02	1.764530e-01	2.331411e-01	-2.448696e-01	-5.351104e-02	3.416371e-01	-3.882157e-01	4.168109e-01	-8.761812e-02	-7.261203e-02	1.000000e+00	-9.903464e-01	9.501100e-01	-7.512464e-01	5.817862e-01	
-1.221330e-01	2.555872e-01	5.542359e-01	-3.075593e-01	-8.118211e-02	9.029977e-02	-9.751134e-02	2.592961e-02	1.651465e-02	-6.807549e-02	1.466081e-01	-2.347203e-01	-2.440907e-01	2.683184e-01	4.083896e-02	-3.530536e-01	4.093875e-01	-4.449159e-01	7.055689e-02	9.974104e-02	-9.903464e-01	1.000000e+00	-9.834604e-01	7.334678e-01	-5.585227e-01	
7.635843e-02	-2.137731e-01	-6.527647e-01	3.675126e-01	8.164139e-02	-9.530643e-02	1.053384e-01	-5.015243e-03	-3.486723e-02	1.297556e-01	-2.175806e-01	3.183175e-01	2.604760e-01	-3.060289e-01	-1.599186e-02	3.606684e-01	-4.287354e-01	4.729321e-01	-4.138900e-02	-1.375759e-01	9.501100e-01	-9.834604e-01	1.000000e+00	-6.692435e-01	4.917255e-01	
-1.165970e-01	2.966572e-01	-4.570742e-02	-2.006949e-02	5.026288e-02	-5.236224e-02	4.293489e-02	9.851469e-02	-1.139581e-01	2.099170e-01	-2.047831e-01	1.958663e-01	-1.060215e-01	9.534224e-03	7.319426e-02	-1.268504e-01	1.356000e-01	-1.384096e-01	2.259081e-01	-1.550320e-01	-7.512464e-01	7.334678e-01	-6.692435e-01	1.000000e+00	-9.589858e-01	
1.717994e-01	-3.300681e-01	1.908909e-01	-5.422004e-02	-4.975964e-02	6.057325e-02	-5.904558e-02	-1.275466e-01	1.520652e-01	-2.819632e-01	2.990361e-01	-3.147039e-01	9.718547e-02	2.822477e-02	-2.824989e-02	4.685609e-02	-3.731344e-02	2.763545e-02	-2.964642e-01	2.776163e-01	5.817862e-01	-5.585227e-01	4.917255e-01	-9.589858e-01	1.000000e+00	

Time taken for mcmc chain: 8.483333 minutes
