Number of steps: 1083458
Number of accepted steps: 1000000
Burn-in number of steps: 320000
Accepted fraction of steps: 0.922971
Convergence Status
R[0]= 1.026004	R[1]= 1.205311	R[2]= 1.044276	R[3]= 1.287373	R[4]= 1.048683	R[5]= 1.086642	R[6]= 1.141692	R[7]= 1.070729	R[8]= 1.149004	R[9]= 1.011835	R[10]= 1.018115	R[11]= 1.029133	R[12]= 1.036277	R[13]= 1.033418	R[14]= 1.001550	R[15]= 1.049754	R[16]= 1.046295	R[17]= 1.041222	R[18]= 1.073385	R[19]= 1.050746	R[20]= 1.124666	R[21]= 1.139272	R[22]= 1.148880	R[23]= 1.162071	R[24]= 1.151633	
<R>= 1.087119

Mean parameters
A[0]= 9.192412e-01 pm 2.836131e-02
A[1]= 1.017038e+00 pm 2.141862e-02
A[2]= 3.977307e-01 pm 2.297934e-01
A[3]= 3.867853e+00 pm 9.644778e-01
A[4]= -2.888121e+03 pm 3.253149e+03
A[5]= 1.294053e+03 pm 2.069795e+03
A[6]= 1.124443e+02 pm 4.731743e+02
A[7]= 1.461999e+01 pm 1.129116e+01
A[8]= -2.683252e-01 pm 1.610230e-01
A[9]= -1.406945e+03 pm 7.453578e+03
A[10]= 2.097012e+01 pm 4.362315e+03
A[11]= -5.731273e+01 pm 8.580510e+02
A[12]= 2.188732e+01 pm 4.633710e+01
A[13]= -6.889565e-01 pm 9.127274e-01
A[14]= 5.364211e+00 pm 1.099299e+00
A[15]= -6.855748e+03 pm 4.034006e+03
A[16]= 4.677109e+03 pm 2.537634e+03
A[17]= -7.636503e+02 pm 5.699929e+02
A[18]= 1.191856e+01 pm 1.839524e+01
A[19]= -3.214264e-02 pm 2.437479e-01
A[20]= 3.383906e+03 pm 8.806543e+03
A[21]= -2.766159e+03 pm 5.096407e+03
A[22]= 3.363009e+02 pm 1.002012e+03
A[23]= -1.267183e+01 pm 5.926979e+01
A[24]= -1.687434e-01 pm 1.162546e+00

Best-fitting parameters
A[0]= 9.161758e-01
A[1]= 1.011273e+00
A[2]= 5.661144e-01
A[3]= 3.286733e+00
A[4]= -9.957155e+02
A[5]= 2.831870e+02
A[6]= 3.154817e+02
A[7]= 7.332815e+00
A[8]= -1.505068e-01
A[9]= -2.825747e+03
A[10]= 1.185021e+03
A[11]= -3.985198e+02
A[12]= 2.508808e+01
A[13]= -6.091485e-01
A[14]= 5.425449e+00
A[15]= -8.905077e+03
A[16]= 6.266500e+03
A[17]= -1.187489e+03
A[18]= 1.854388e+01
A[19]= -1.100023e-01
A[20]= -3.082361e+03
A[21]= 8.455729e+02
A[22]= -3.847929e+02
A[23]= -2.245088e+01
A[24]= 2.187839e-01
chi2_min= 9.893485e+01


Cross-Covariance parameters
1.000000e+00	-4.057801e-01	-2.513871e-01	-2.762864e-02	1.290182e-01	-1.481918e-01	1.576282e-01	1.218306e-01	-1.789368e-01	1.700017e-01	-1.751938e-01	1.595505e-01	-3.281011e-02	-1.396458e-02	-1.650781e-02	1.086970e-01	-1.345238e-01	1.434389e-01	1.168240e-01	-2.015026e-01	2.445699e-01	-2.477305e-01	2.214742e-01	-1.006119e-01	7.905699e-02	
-4.057801e-01	1.000000e+00	1.288088e-01	-2.360292e-01	-1.224416e-01	7.165367e-02	-2.601158e-02	3.396692e-01	-3.176236e-01	7.357512e-03	-1.418564e-02	3.874570e-02	-3.002130e-02	3.328271e-03	-5.523808e-02	-4.980560e-02	7.746374e-02	-1.106197e-01	4.035491e-03	5.138054e-02	9.263764e-02	-1.050123e-01	1.326676e-01	-2.266624e-01	1.979239e-01	
-2.513871e-01	1.288088e-01	1.000000e+00	-4.654746e-01	-1.204734e-01	1.296405e-01	-1.291193e-01	-6.662768e-02	1.031641e-01	-4.024105e-01	4.834368e-01	-5.843488e-01	-6.626867e-02	2.173072e-01	-5.870313e-01	4.524669e-02	-2.733929e-02	5.886722e-03	-2.116152e-01	2.142821e-01	-2.241781e-01	3.281562e-01	-4.719623e-01	-2.078109e-01	3.063894e-01	
-2.762864e-02	-2.360292e-01	-4.654746e-01	1.000000e+00	-5.920327e-01	6.676461e-01	-7.285917e-01	4.334146e-02	2.266815e-01	1.350192e-01	-1.388553e-01	1.503428e-01	3.211512e-02	-7.143560e-02	2.664594e-01	-3.536811e-03	-1.328946e-02	4.102044e-02	3.236243e-02	-4.108226e-02	-1.730297e-01	1.327859e-01	-5.585408e-02	4.230689e-01	-4.507765e-01	
1.290182e-01	-1.224416e-01	-1.204734e-01	-5.920327e-01	1.000000e+00	-9.858365e-01	9.447195e-01	-5.583922e-01	2.016105e-01	1.286819e-01	-1.763951e-01	2.276996e-01	-7.536623e-02	8.742562e-02	-4.695989e-02	1.393695e-01	-1.450343e-01	1.463034e-01	2.440606e-02	-7.487227e-02	2.690425e-01	-2.935533e-01	3.024655e-01	-2.247103e-01	1.898193e-01	
-1.481918e-01	7.165367e-02	1.296405e-01	6.676461e-01	-9.858365e-01	1.000000e+00	-9.858121e-01	4.846204e-01	-1.180819e-01	-1.255160e-01	1.764505e-01	-2.312387e-01	5.381429e-02	-5.486429e-02	1.870303e-02	-1.040515e-01	1.075449e-01	-1.059226e-01	-5.187711e-02	9.036744e-02	-2.974137e-01	3.216921e-01	-3.298291e-01	2.559899e-01	-2.221919e-01	
1.576282e-01	-2.601158e-02	-1.291193e-01	-7.285917e-01	9.447195e-01	-9.858121e-01	1.000000e+00	-4.003678e-01	3.967495e-02	1.111012e-01	-1.636325e-01	2.207732e-01	-2.711117e-02	2.097271e-02	8.997034e-03	5.918446e-02	-6.105875e-02	5.767199e-02	7.954820e-02	-1.035526e-01	3.151401e-01	-3.379667e-01	3.441752e-01	-2.821492e-01	2.508325e-01	
1.218306e-01	3.396692e-01	-6.662768e-02	4.334146e-02	-5.583922e-01	4.846204e-01	-4.003678e-01	1.000000e+00	-9.052529e-01	4.487199e-02	-3.004025e-02	1.082534e-02	1.152720e-01	-2.610038e-01	1.720267e-01	-1.432583e-01	1.591234e-01	-1.808104e-01	4.672976e-02	-4.661330e-05	-4.591750e-02	3.777883e-02	-1.951875e-02	2.388844e-02	-3.212490e-02	
-1.789368e-01	-3.176236e-01	1.031641e-01	2.266815e-01	2.016105e-01	-1.180819e-01	3.967495e-02	-9.052529e-01	1.000000e+00	-1.405632e-01	1.440958e-01	-1.388788e-01	-4.617735e-02	2.239519e-01	-1.543755e-01	8.255706e-02	-9.674715e-02	1.208454e-01	-4.431928e-02	2.096784e-02	-7.103088e-02	8.653709e-02	-1.062347e-01	7.559970e-02	-5.148925e-02	
1.700017e-01	7.357512e-03	-4.024105e-01	1.350192e-01	1.286819e-01	-1.255160e-01	1.111012e-01	4.487199e-02	-1.405632e-01	1.000000e+00	-9.888145e-01	9.435850e-01	-7.830305e-01	6.220409e-01	2.702758e-01	-2.358431e-02	3.077218e-02	-4.123503e-02	9.581024e-02	-1.009854e-01	1.507652e-01	-1.996702e-01	2.660069e-01	-3.779001e-02	1.515954e-02	
-1.751938e-01	-1.418564e-02	4.834368e-01	-1.388553e-01	-1.763951e-01	1.764505e-01	-1.636325e-01	-3.004025e-02	1.440958e-01	-9.888145e-01	1.000000e+00	-9.817416e-01	7.741087e-01	-6.101824e-01	-3.211821e-01	3.153740e-02	-3.735477e-02	4.592808e-02	-1.106446e-01	1.104219e-01	-1.848141e-01	2.410645e-01	-3.183654e-01	3.732041e-02	-7.717180e-03	
1.595505e-01	3.874570e-02	-5.843488e-01	1.503428e-01	2.276996e-01	-2.312387e-01	2.207732e-01	1.082534e-02	-1.388788e-01	9.435850e-01	-9.817416e-01	1.000000e+00	-7.276081e-01	5.664549e-01	3.864961e-01	-4.279694e-02	4.729717e-02	-5.341635e-02	1.236879e-01	-1.145521e-01	2.223094e-01	-2.893892e-01	3.822647e-01	-3.468596e-02	-4.988580e-03	
-3.281011e-02	-3.002130e-02	-6.626867e-02	3.211512e-02	-7.536623e-02	5.381429e-02	-2.711117e-02	1.152720e-01	-4.617735e-02	-7.830305e-01	7.741087e-01	-7.276081e-01	1.000000e+00	-9.608301e-01	-2.110989e-02	1.752255e-02	-3.120064e-02	5.002944e-02	4.985826e-02	-6.523503e-02	-7.444296e-02	6.730167e-02	-6.065930e-02	1.721346e-01	-2.129449e-01	
-1.396458e-02	3.328271e-03	2.173072e-01	-7.143560e-02	8.742562e-02	-5.486429e-02	2.097271e-02	-2.610038e-01	2.239519e-01	6.220409e-01	-6.101824e-01	5.664549e-01	-9.608301e-01	1.000000e+00	-6.856222e-02	-1.792538e-02	3.263028e-02	-5.076558e-02	-8.036869e-02	1.028458e-01	6.267822e-02	-3.646291e-02	2.475374e-03	-2.205031e-01	2.786133e-01	
-1.650781e-02	-5.523808e-02	-5.870313e-01	2.664594e-01	-4.695989e-02	1.870303e-02	8.997034e-03	1.720267e-01	-1.543755e-01	2.702758e-01	-3.211821e-01	3.864961e-01	-2.110989e-02	-6.856222e-02	1.000000e+00	-5.519380e-01	6.326397e-01	-6.932784e-01	1.613198e-01	4.326367e-02	-4.907616e-03	-4.966602e-02	1.320069e-01	1.064290e-01	-1.097474e-01	
1.086970e-01	-4.980560e-02	4.524669e-02	-3.536811e-03	1.393695e-01	-1.040515e-01	5.918446e-02	-1.432583e-01	8.255706e-02	-2.358431e-02	3.153740e-02	-4.279694e-02	1.752255e-02	-1.792538e-02	-5.519380e-01	1.000000e+00	-9.818809e-01	9.253771e-01	-6.972824e-01	4.700091e-01	1.008649e-01	-1.115933e-01	1.070719e-01	4.802482e-03	-1.644536e-02	
-1.345238e-01	7.746374e-02	-2.733929e-02	-1.328946e-02	-1.450343e-01	1.075449e-01	-6.105875e-02	1.591234e-01	-9.674715e-02	3.077218e-02	-3.735477e-02	4.729717e-02	-3.120064e-02	3.263028e-02	6.326397e-01	-9.818809e-01	1.000000e+00	-9.798665e-01	6.281961e-01	-3.820779e-01	-1.038553e-01	1.173281e-01	-1.181015e-01	-2.903229e-02	5.044155e-02	
1.434389e-01	-1.106197e-01	5.886722e-03	4.102044e-02	1.463034e-01	-1.059226e-01	5.767199e-02	-1.808104e-01	1.208454e-01	-4.123503e-02	4.592808e-02	-5.341635e-02	5.002944e-02	-5.076558e-02	-6.932784e-01	9.253771e-01	-9.798665e-01	1.000000e+00	-5.289392e-01	2.747016e-01	1.058069e-01	-1.215285e-01	1.280209e-01	5.411213e-02	-8.505701e-02	
1.168240e-01	4.035491e-03	-2.116152e-01	3.236243e-02	2.440606e-02	-5.187711e-02	7.954820e-02	4.672976e-02	-4.431928e-02	9.581024e-02	-1.106446e-01	1.236879e-01	4.985826e-02	-8.036869e-02	1.613198e-01	-6.972824e-01	6.281961e-01	-5.289392e-01	1.000000e+00	-9.461088e-01	1.110754e-01	-1.101957e-01	1.242286e-01	9.256336e-03	-8.225197e-02	
-2.015026e-01	5.138054e-02	2.142821e-01	-4.108226e-02	-7.487227e-02	9.036744e-02	-1.035526e-01	-4.661330e-05	2.096784e-02	-1.009854e-01	1.104219e-01	-1.145521e-01	-6.523503e-02	1.028458e-01	4.326367e-02	4.700091e-01	-3.820779e-01	2.747016e-01	-9.461088e-01	1.000000e+00	-1.392859e-01	1.411207e-01	-1.534865e-01	-3.958331e-02	1.368148e-01	
2.445699e-01	9.263764e-02	-2.241781e-01	-1.730297e-01	2.690425e-01	-2.974137e-01	3.151401e-01	-4.591750e-02	-7.103088e-02	1.507652e-01	-1.848141e-01	2.223094e-01	-7.444296e-02	6.267822e-02	-4.907616e-03	1.008649e-01	-1.038553e-01	1.058069e-01	1.110754e-01	-1.392859e-01	1.000000e+00	-9.869889e-01	9.313269e-01	-8.046420e-01	6.834964e-01	
-2.477305e-01	-1.050123e-01	3.281562e-01	1.327859e-01	-2.935533e-01	3.216921e-01	-3.379667e-01	3.777883e-02	8.653709e-02	-1.996702e-01	2.410645e-01	-2.893892e-01	6.730167e-02	-3.646291e-02	-4.966602e-02	-1.115933e-01	1.173281e-01	-1.215285e-01	-1.101957e-01	1.411207e-01	-9.869889e-01	1.000000e+00	-9.767863e-01	7.875189e-01	-6.629012e-01	
2.214742e-01	1.326676e-01	-4.719623e-01	-5.585408e-02	3.024655e-01	-3.298291e-01	3.441752e-01	-1.951875e-02	-1.062347e-01	2.660069e-01	-3.183654e-01	3.822647e-01	-6.065930e-02	2.475374e-03	1.320069e-01	1.070719e-01	-1.181015e-01	1.280209e-01	1.242286e-01	-1.534865e-01	9.313269e-01	-9.767863e-01	1.000000e+00	-7.187885e-01	5.932253e-01	
-1.006119e-01	-2.266624e-01	-2.078109e-01	4.230689e-01	-2.247103e-01	2.559899e-01	-2.821492e-01	2.388844e-02	7.559970e-02	-3.779001e-02	3.732041e-02	-3.468596e-02	1.721346e-01	-2.205031e-01	1.064290e-01	4.802482e-03	-2.903229e-02	5.411213e-02	9.256336e-03	-3.958331e-02	-8.046420e-01	7.875189e-01	-7.187885e-01	1.000000e+00	-9.720167e-01	
7.905699e-02	1.979239e-01	3.063894e-01	-4.507765e-01	1.898193e-01	-2.221919e-01	2.508325e-01	-3.212490e-02	-5.148925e-02	1.515954e-02	-7.717180e-03	-4.988580e-03	-2.129449e-01	2.786133e-01	-1.097474e-01	-1.644536e-02	5.044155e-02	-8.505701e-02	-8.225197e-02	1.368148e-01	6.834964e-01	-6.629012e-01	5.932253e-01	-9.720167e-01	1.000000e+00	

Time taken for mcmc chain: 7.000000 minutes
