Number of steps: 5037212
Number of accepted steps: 1000000
Burn-in number of steps: 320000
Accepted fraction of steps: 0.198523
Convergence Status
R[0]= 1.012331	R[1]= 1.001734	R[2]= 1.087299	R[3]= 1.047596	R[4]= 1.005446	R[5]= 1.007631	R[6]= 1.009726	R[7]= 1.000352	R[8]= 1.002279	R[9]= 1.003974	R[10]= 1.009168	R[11]= 1.018607	R[12]= 1.004290	R[13]= 1.006961	R[14]= 1.031549	R[15]= 1.001081	R[16]= 1.000968	R[17]= 1.000776	R[18]= 1.000612	R[19]= 1.000657	R[20]= 1.008710	R[21]= 1.014300	R[22]= 1.024407	R[23]= 1.006091	R[24]= 1.012019	
<R>= 1.012743

Mean parameters
A[0]= 8.521471e-01 pm 4.306419e-02
A[1]= 9.956782e-01 pm 2.748762e-02
A[2]= 5.135023e-01 pm 3.625070e-01
A[3]= 3.780674e+00 pm 1.243331e+00
A[4]= -2.340372e+03 pm 3.460826e+03
A[5]= 9.989913e+02 pm 2.256457e+03
A[6]= 1.474549e+02 pm 5.188111e+02
A[7]= 7.118015e+00 pm 1.205860e+01
A[8]= -1.422115e-01 pm 1.797903e-01
A[9]= -7.170503e+03 pm 7.125601e+03
A[10]= 3.194372e+03 pm 4.203638e+03
A[11]= -6.397776e+02 pm 8.583497e+02
A[12]= 4.123954e+01 pm 4.123414e+01
A[13]= -8.060461e-01 pm 7.938236e-01
A[14]= 5.419795e+00 pm 1.640800e+00
A[15]= -9.467474e+03 pm 4.635350e+03
A[16]= 5.976217e+03 pm 3.023564e+03
A[17]= -9.935005e+02 pm 6.950581e+02
A[18]= 1.493747e+01 pm 1.747507e+01
A[19]= -5.522357e-02 pm 2.497155e-01
A[20]= 6.063749e+02 pm 9.916558e+03
A[21]= -7.340297e+02 pm 5.900413e+03
A[22]= -1.427319e+02 pm 1.214520e+03
A[23]= -1.019802e-01 pm 5.917965e+01
A[24]= -3.754525e-01 pm 1.164604e+00

Best-fitting parameters
A[0]= 8.574193e-01
A[1]= 9.829895e-01
A[2]= 4.469633e-01
A[3]= 3.719338e+00
A[4]= -2.648552e+03
A[5]= 1.061083e+03
A[6]= 1.485416e+02
A[7]= 1.135046e+01
A[8]= -2.039487e-01
A[9]= -8.099051e+03
A[10]= 3.821692e+03
A[11]= -7.799059e+02
A[12]= 5.507975e+01
A[13]= -1.083453e+00
A[14]= 6.367051e+00
A[15]= -1.172279e+04
A[16]= 7.623050e+03
A[17]= -1.387281e+03
A[18]= 1.116703e+01
A[19]= 6.230169e-02
A[20]= 1.488694e+03
A[21]= -5.419873e+02
A[22]= -2.953942e+02
A[23]= 3.862689e+00
A[24]= -3.152764e-01
chi2_min= 1.084004e+02


Cross-Covariance parameters
1.000000e+00	-5.164652e-01	-4.031635e-02	6.556624e-02	8.223271e-04	2.390258e-02	-5.304488e-02	-2.784663e-02	9.107037e-02	-1.719063e-02	5.215675e-02	-1.138245e-01	1.987489e-02	6.572486e-02	-6.112485e-02	1.098179e-01	-9.353029e-02	6.603416e-02	8.157874e-04	1.830058e-02	-1.829050e-02	6.036896e-02	-1.348214e-01	4.570734e-02	2.365672e-02	
-5.164652e-01	1.000000e+00	1.438429e-01	-1.793976e-01	-1.079463e-02	8.530263e-03	-1.351224e-02	1.722440e-01	-1.775706e-01	4.922493e-02	-6.094434e-02	8.479230e-02	-1.101672e-01	2.321096e-02	-1.518586e-01	-5.991332e-02	5.588781e-02	-5.751394e-02	1.609011e-01	-1.449105e-01	-9.180316e-03	-1.327769e-02	5.531131e-02	-8.386425e-02	3.224202e-02	
-4.031635e-02	1.438429e-01	1.000000e+00	-6.478916e-01	-3.439569e-02	3.041861e-02	-1.959069e-02	3.257165e-02	-4.843765e-02	-3.342583e-01	4.574118e-01	-6.039652e-01	-2.029776e-01	2.983874e-01	-6.323956e-01	-7.649804e-02	8.310567e-02	-8.195642e-02	-2.321760e-02	3.098178e-02	-3.663062e-01	4.749233e-01	-6.084967e-01	-2.457344e-01	3.610629e-01	
6.556624e-02	-1.793976e-01	-6.478916e-01	1.000000e+00	-5.534349e-01	6.187594e-01	-6.668283e-01	-4.135467e-02	3.156287e-01	1.233503e-01	-1.948237e-01	2.896988e-01	6.746791e-02	-5.910329e-02	4.267907e-01	4.809077e-02	-5.121011e-02	4.974285e-02	-2.746867e-04	-3.429697e-03	2.283860e-01	-2.983635e-01	3.837142e-01	1.616861e-01	-2.285905e-01	
8.223271e-04	-1.079463e-02	-3.439569e-02	-5.534349e-01	1.000000e+00	-9.843498e-01	9.414569e-01	-5.101689e-01	1.306070e-01	6.410936e-02	-8.595343e-02	1.047936e-01	1.218463e-01	-1.152803e-01	-4.752041e-03	2.855142e-02	-3.333802e-02	3.738257e-02	8.835604e-03	-2.113994e-02	2.596663e-02	-2.914924e-02	3.173614e-02	1.431243e-02	-2.269520e-02	
2.390258e-02	8.530263e-03	3.041861e-02	6.187594e-01	-9.843498e-01	1.000000e+00	-9.856950e-01	4.314064e-01	-4.062841e-02	-7.731433e-02	1.003945e-01	-1.201066e-01	-1.317541e-01	1.442118e-01	2.308624e-03	-2.672401e-02	3.180142e-02	-3.662024e-02	-5.358595e-03	1.887959e-02	-2.763356e-02	3.120137e-02	-3.460911e-02	-1.225943e-02	2.241765e-02	
-5.304488e-02	-1.351224e-02	-1.959069e-02	-6.668283e-01	9.414569e-01	-9.856950e-01	1.000000e+00	-3.483902e-01	-3.923619e-02	8.735269e-02	-1.100826e-01	1.290324e-01	1.332215e-01	-1.607469e-01	-1.282297e-03	2.224381e-02	-2.754725e-02	3.339145e-02	-4.672415e-04	-1.415933e-02	2.597893e-02	-2.917301e-02	3.257406e-02	8.333717e-03	-1.917788e-02	
-2.784663e-02	1.722440e-01	3.257165e-02	-4.135467e-02	-5.101689e-01	4.314064e-01	-3.483902e-01	1.000000e+00	-9.010713e-01	1.839748e-01	-1.676945e-01	1.339763e-01	-1.311444e-01	-7.096764e-02	-2.321743e-02	-1.237618e-02	1.500567e-02	-1.902729e-02	2.791353e-02	-1.775573e-02	1.304398e-03	-6.985849e-04	1.375910e-03	-1.909447e-02	1.394035e-02	
9.107037e-02	-1.775706e-01	-4.843765e-02	3.156287e-01	1.306070e-01	-4.062841e-02	-3.923619e-02	-9.010713e-01	1.000000e+00	-2.303859e-01	2.214564e-01	-1.914625e-01	1.039576e-01	1.369763e-01	3.327783e-02	9.643371e-03	-9.694747e-03	9.985763e-03	-2.155102e-02	1.776432e-02	-8.213860e-04	6.517022e-04	-2.794115e-03	2.087105e-02	-1.250043e-02	
-1.719063e-02	4.922493e-02	-3.342583e-01	1.233503e-01	6.410936e-02	-7.731433e-02	8.735269e-02	1.839748e-01	-2.303859e-01	1.000000e+00	-9.829898e-01	9.139587e-01	-7.258064e-01	5.400904e-01	2.096767e-01	2.979129e-02	-3.244914e-02	3.073087e-02	4.149819e-02	-4.748296e-02	1.533606e-01	-1.957631e-01	2.464323e-01	5.780890e-02	-1.094044e-01	
5.215675e-02	-6.094434e-02	4.574118e-01	-1.948237e-01	-8.595343e-02	1.003945e-01	-1.100826e-01	-1.676945e-01	2.214564e-01	-9.829898e-01	1.000000e+00	-9.720846e-01	6.757540e-01	-4.849511e-01	-2.872992e-01	-3.956500e-02	4.397978e-02	-4.323544e-02	-4.410848e-02	5.312404e-02	-2.000478e-01	2.578781e-01	-3.285537e-01	-8.949852e-02	1.588009e-01	
-1.138245e-01	8.479230e-02	-6.039652e-01	2.896988e-01	1.047936e-01	-1.201066e-01	1.290324e-01	1.339763e-01	-1.914625e-01	9.139587e-01	-9.720846e-01	1.000000e+00	-5.659308e-01	3.785240e-01	3.806967e-01	4.920871e-02	-5.608800e-02	5.712602e-02	4.693382e-02	-5.986963e-02	2.554113e-01	-3.325862e-01	4.288125e-01	1.268424e-01	-2.184833e-01	
1.987489e-02	-1.101672e-01	-2.029776e-01	6.746791e-02	1.218463e-01	-1.317541e-01	1.332215e-01	-1.311444e-01	1.039576e-01	-7.258064e-01	6.757540e-01	-5.659308e-01	1.000000e+00	-9.432763e-01	1.293804e-01	1.593807e-02	-1.894405e-02	2.207974e-02	-2.031401e-02	1.950747e-02	5.782546e-02	-7.568965e-02	9.887240e-02	6.818055e-02	-8.308289e-02	
6.572486e-02	2.321096e-02	2.983874e-01	-5.910329e-02	-1.152803e-01	1.442118e-01	-1.607469e-01	-7.096764e-02	1.369763e-01	5.400904e-01	-4.849511e-01	3.785240e-01	-9.432763e-01	1.000000e+00	-1.895126e-01	-1.785371e-02	2.329366e-02	-2.802770e-02	5.097810e-03	-2.411294e-03	-1.025215e-01	1.364093e-01	-1.814518e-01	-8.457774e-02	1.201491e-01	
-6.112485e-02	-1.518586e-01	-6.323956e-01	4.267907e-01	-4.752041e-03	2.308624e-03	-1.282297e-03	-2.321743e-02	3.327783e-02	2.096767e-01	-2.872992e-01	3.806967e-01	1.293804e-01	-1.895126e-01	1.000000e+00	-5.135246e-01	5.774650e-01	-6.238859e-01	-7.148077e-02	2.933444e-01	1.393001e-01	-1.970226e-01	2.821555e-01	9.826721e-02	-1.382329e-01	
1.098179e-01	-5.991332e-02	-7.649804e-02	4.809077e-02	2.855142e-02	-2.672401e-02	2.224381e-02	-1.237618e-02	9.643371e-03	2.979129e-02	-3.956500e-02	4.920871e-02	1.593807e-02	-1.785371e-02	-5.135246e-01	1.000000e+00	-9.837265e-01	9.382347e-01	-4.681568e-01	1.347030e-01	1.562998e-01	-1.784685e-01	1.893363e-01	5.344917e-02	-6.318235e-02	
-9.353029e-02	5.588781e-02	8.310567e-02	-5.121011e-02	-3.333802e-02	3.180142e-02	-2.754725e-02	1.500567e-02	-9.694747e-03	-3.244914e-02	4.397978e-02	-5.608800e-02	-1.894405e-02	2.329366e-02	5.774650e-01	-9.837265e-01	1.000000e+00	-9.846231e-01	3.837595e-01	-4.030314e-02	-1.665670e-01	1.929142e-01	-2.079432e-01	-7.052223e-02	9.053695e-02	
6.603416e-02	-5.751394e-02	-8.195642e-02	4.974285e-02	3.738257e-02	-3.662024e-02	3.339145e-02	-1.902729e-02	9.985763e-03	3.073087e-02	-4.323544e-02	5.712602e-02	2.207974e-02	-2.802770e-02	-6.238859e-01	9.382347e-01	-9.846231e-01	1.000000e+00	-2.960708e-01	-4.458676e-02	1.686083e-01	-1.981444e-01	2.168639e-01	8.300082e-02	-1.105907e-01	
8.157874e-04	1.609011e-01	-2.321760e-02	-2.746867e-04	8.835604e-03	-5.358595e-03	-4.672415e-04	2.791353e-02	-2.155102e-02	4.149819e-02	-4.410848e-02	4.693382e-02	-2.031401e-02	5.097810e-03	-7.148077e-02	-4.681568e-01	3.837595e-01	-2.960708e-01	1.000000e+00	-9.228534e-01	4.724098e-02	-4.848813e-02	4.630957e-02	4.342946e-02	-1.379154e-01	
1.830058e-02	-1.449105e-01	3.098178e-02	-3.429697e-03	-2.113994e-02	1.887959e-02	-1.415933e-02	-1.775573e-02	1.776432e-02	-4.748296e-02	5.312404e-02	-5.986963e-02	1.950747e-02	-2.411294e-03	2.933444e-01	1.347030e-01	-4.030314e-02	-4.458676e-02	-9.228534e-01	1.000000e+00	-1.130391e-01	1.219273e-01	-1.225157e-01	-6.202670e-02	1.811328e-01	
-1.829050e-02	-9.180316e-03	-3.663062e-01	2.283860e-01	2.596663e-02	-2.763356e-02	2.597893e-02	1.304398e-03	-8.213860e-04	1.533606e-01	-2.000478e-01	2.554113e-01	5.782546e-02	-1.025215e-01	1.393001e-01	1.562998e-01	-1.665670e-01	1.686083e-01	4.724098e-02	-1.130391e-01	1.000000e+00	-9.844834e-01	9.193432e-01	-6.895605e-01	5.269980e-01	
6.036896e-02	-1.327769e-02	4.749233e-01	-2.983635e-01	-2.914924e-02	3.120137e-02	-2.917301e-02	-6.985849e-04	6.517022e-04	-1.957631e-01	2.578781e-01	-3.325862e-01	-7.568965e-02	1.364093e-01	-1.970226e-01	-1.784685e-01	1.929142e-01	-1.981444e-01	-4.848813e-02	1.219273e-01	-9.844834e-01	1.000000e+00	-9.732312e-01	6.380259e-01	-4.689141e-01	
-1.348214e-01	5.531131e-02	-6.084967e-01	3.837142e-01	3.173614e-02	-3.460911e-02	3.257406e-02	1.375910e-03	-2.794115e-03	2.464323e-01	-3.285537e-01	4.288125e-01	9.887240e-02	-1.814518e-01	2.821555e-01	1.893363e-01	-2.079432e-01	2.168639e-01	4.630957e-02	-1.225157e-01	9.193432e-01	-9.732312e-01	1.000000e+00	-5.276358e-01	3.569969e-01	
4.570734e-02	-8.386425e-02	-2.457344e-01	1.616861e-01	1.431243e-02	-1.225943e-02	8.333717e-03	-1.909447e-02	2.087105e-02	5.780890e-02	-8.949852e-02	1.268424e-01	6.818055e-02	-8.457774e-02	9.826721e-02	5.344917e-02	-7.052223e-02	8.300082e-02	4.342946e-02	-6.202670e-02	-6.895605e-01	6.380259e-01	-5.276358e-01	1.000000e+00	-9.649191e-01	
2.365672e-02	3.224202e-02	3.610629e-01	-2.285905e-01	-2.269520e-02	2.241765e-02	-1.917788e-02	1.394035e-02	-1.250043e-02	-1.094044e-01	1.588009e-01	-2.184833e-01	-8.308289e-02	1.201491e-01	-1.382329e-01	-6.318235e-02	9.053695e-02	-1.105907e-01	-1.379154e-01	1.811328e-01	5.269980e-01	-4.689141e-01	3.569969e-01	-9.649191e-01	1.000000e+00	

Time taken for mcmc chain: 35.916667 minutes
