Number of steps: 3993382
Number of accepted steps: 1000000
Burn-in number of steps: 320000
Accepted fraction of steps: 0.250414
Convergence Status
R[0]= 1.006578	R[1]= 1.006738	R[2]= 1.015117	R[3]= 1.005820	R[4]= 1.000754	R[5]= 1.000730	R[6]= 1.000786	R[7]= 1.000744	R[8]= 1.001181	R[9]= 1.002643	R[10]= 1.004144	R[11]= 1.005993	R[12]= 1.000996	R[13]= 1.001058	R[14]= 1.006896	R[15]= 1.001052	R[16]= 1.001101	R[17]= 1.001284	R[18]= 1.000942	R[19]= 1.000498	R[20]= 1.001061	R[21]= 1.001621	R[22]= 1.002588	R[23]= 1.000899	R[24]= 1.001565	
<R>= 1.002912

Mean parameters
A[0]= 1.014127e+00 pm 3.937837e-02
A[1]= 1.078999e+00 pm 2.615594e-02
A[2]= 4.410601e-01 pm 3.258884e-01
A[3]= 3.952738e+00 pm 1.099781e+00
A[4]= 2.607134e+02 pm 3.977392e+03
A[5]= -4.972141e+01 pm 2.620173e+03
A[6]= 3.364749e+02 pm 6.256390e+02
A[7]= -2.523772e+00 pm 1.456986e+01
A[8]= -2.149639e-02 pm 1.918255e-01
A[9]= 1.137172e+04 pm 9.133833e+03
A[10]= -7.077706e+03 pm 5.431282e+03
A[11]= 1.251139e+03 pm 1.131146e+03
A[12]= -7.188999e+01 pm 5.262195e+01
A[13]= 1.266585e+00 pm 9.928269e-01
A[14]= 5.644629e+00 pm 1.647035e+00
A[15]= -4.337909e+03 pm 5.593890e+03
A[16]= 4.133673e+03 pm 3.650955e+03
A[17]= -8.515994e+02 pm 8.679972e+02
A[18]= 8.828838e+00 pm 2.169349e+01
A[19]= 1.010324e-02 pm 2.756773e-01
A[20]= 1.540954e+04 pm 1.284449e+04
A[21]= -8.360886e+03 pm 7.619050e+03
A[22]= 1.083754e+03 pm 1.576251e+03
A[23]= -5.358133e+01 pm 7.483587e+01
A[24]= 3.621895e-01 pm 1.423557e+00

Best-fitting parameters
A[0]= 1.038630e+00
A[1]= 1.061281e+00
A[2]= 2.877158e-01
A[3]= 4.364273e+00
A[4]= -3.844081e+02
A[5]= 2.961791e+02
A[6]= 2.731065e+02
A[7]= -1.596648e-01
A[8]= -6.315138e-02
A[9]= 8.367114e+03
A[10]= -5.399469e+03
A[11]= 9.535279e+02
A[12]= -3.528394e+01
A[13]= 5.729519e-01
A[14]= 6.110786e+00
A[15]= -5.832247e+03
A[16]= 4.877380e+03
A[17]= -9.507816e+02
A[18]= 1.351659e+01
A[19]= 1.589325e-02
A[20]= 1.564650e+04
A[21]= -8.695149e+03
A[22]= 1.207659e+03
A[23]= -3.913112e+01
A[24]= 1.385502e-01
chi2_min= 9.023982e+01


Cross-Covariance parameters
1.000000e+00	-4.912529e-01	-1.236896e-01	2.995231e-02	5.171361e-02	-4.966065e-02	3.841038e-02	4.576222e-02	-5.094290e-02	-2.320373e-02	3.688927e-02	-7.112031e-02	1.266028e-01	-9.722588e-02	7.631842e-02	3.847613e-03	4.332817e-03	-1.952307e-02	8.588402e-02	-6.890878e-02	3.833539e-02	-1.469554e-02	-3.701524e-02	8.954855e-02	-7.463332e-02	
-4.912529e-01	1.000000e+00	8.616477e-02	-1.379751e-01	2.779579e-03	-2.202318e-03	-5.814502e-03	1.040842e-01	-1.120950e-01	3.293651e-02	-5.109222e-02	8.309636e-02	-8.419986e-02	2.608467e-02	-1.323923e-01	-7.118672e-03	7.335316e-03	-1.467787e-02	9.861218e-02	-1.025501e-01	-3.382390e-02	1.379608e-02	2.707910e-02	-3.104477e-02	5.156027e-04	
-1.236896e-01	8.616477e-02	1.000000e+00	-5.759024e-01	-8.989114e-02	1.005213e-01	-1.026106e-01	1.534354e-03	4.908059e-02	-3.785372e-01	4.924154e-01	-6.345349e-01	-1.101976e-02	1.624773e-01	-6.248945e-01	-1.760781e-02	1.504544e-02	-8.317788e-03	-3.080420e-02	2.451896e-02	-3.764636e-01	4.829412e-01	-6.215649e-01	-2.344041e-02	1.698756e-01	
2.995231e-02	-1.379751e-01	-5.759024e-01	1.000000e+00	-5.565538e-01	6.247599e-01	-6.744350e-01	2.390860e-01	5.415163e-02	1.405806e-01	-1.838741e-01	2.389237e-01	-1.918242e-02	-1.984456e-02	3.823048e-01	1.988400e-03	-9.280992e-04	-8.993234e-04	-4.918783e-03	1.192433e-02	2.074877e-01	-2.684649e-01	3.487510e-01	2.294023e-02	-1.032498e-01	
5.171361e-02	2.779579e-03	-8.989114e-02	-5.565538e-01	1.000000e+00	-9.822259e-01	9.321233e-01	-7.293553e-01	3.557937e-01	9.429839e-02	-1.342835e-01	1.859538e-01	2.709457e-02	-2.173139e-02	4.668867e-02	1.882040e-02	-1.813955e-02	1.600782e-02	6.690833e-03	-1.616941e-02	4.568149e-02	-5.664104e-02	6.943221e-02	-6.862897e-03	-9.988171e-03	
-4.966065e-02	-2.202318e-03	1.005213e-01	6.247599e-01	-9.822259e-01	1.000000e+00	-9.830108e-01	6.875077e-01	-2.932158e-01	-1.033358e-01	1.479053e-01	-2.056492e-01	-3.906388e-02	4.798165e-02	-5.458148e-02	-2.069013e-02	1.995262e-02	-1.774959e-02	-4.844847e-03	1.407183e-02	-5.101705e-02	6.364260e-02	-7.862802e-02	7.917605e-03	1.072844e-02	
3.841038e-02	-5.814502e-03	-1.026106e-01	-6.744350e-01	9.321233e-01	-9.830108e-01	1.000000e+00	-6.243640e-01	2.261707e-01	1.124116e-01	-1.594369e-01	2.203268e-01	4.081553e-02	-6.104340e-02	5.878024e-02	2.106686e-02	-2.050143e-02	1.876849e-02	4.521829e-04	-9.148224e-03	5.261511e-02	-6.596693e-02	8.207276e-02	-9.320553e-03	-9.621280e-03	
4.576222e-02	1.040842e-01	1.534354e-03	2.390860e-01	-7.293553e-01	6.875077e-01	-6.243640e-01	1.000000e+00	-8.778363e-01	5.981365e-02	-3.537316e-02	-6.395642e-03	-3.360749e-02	-1.113109e-01	-1.590944e-02	-1.247717e-02	1.189107e-02	-1.291565e-02	3.129861e-02	-2.177967e-02	1.965540e-03	6.966756e-04	-4.562310e-03	1.844128e-03	-1.625786e-03	
-5.094290e-02	-1.120950e-01	4.908059e-02	5.415163e-02	3.557937e-01	-2.932158e-01	2.261707e-01	-8.778363e-01	1.000000e+00	-1.424500e-01	1.363903e-01	-1.148928e-01	2.917291e-02	1.813547e-01	-7.935245e-03	2.214173e-03	-6.840738e-04	1.405543e-03	-3.088890e-02	2.627902e-02	-3.384317e-02	3.755214e-02	-4.136264e-02	1.083840e-02	-1.803177e-03	
-2.320373e-02	3.293651e-02	-3.785372e-01	1.405806e-01	9.429839e-02	-1.033358e-01	1.124116e-01	5.981365e-02	-1.424500e-01	1.000000e+00	-9.841558e-01	9.161867e-01	-8.226712e-01	6.478791e-01	2.169300e-01	1.939639e-02	-2.199501e-02	2.260569e-02	1.286065e-02	-1.907471e-02	1.522528e-01	-1.972507e-01	2.567969e-01	-6.349469e-03	-5.417830e-02	
3.688927e-02	-5.109222e-02	4.924154e-01	-1.838741e-01	-1.342835e-01	1.479053e-01	-1.594369e-01	-3.537316e-02	1.363903e-01	-9.841558e-01	1.000000e+00	-9.718051e-01	7.947808e-01	-6.116154e-01	-2.907523e-01	-2.123622e-02	2.295677e-02	-2.223982e-02	-1.543170e-02	2.071834e-02	-1.958234e-01	2.544354e-01	-3.323787e-01	5.388604e-03	7.385124e-02	
-7.112031e-02	8.309636e-02	-6.345349e-01	2.389237e-01	1.859538e-01	-2.056492e-01	2.203268e-01	-6.395642e-03	-1.148928e-01	9.161867e-01	-9.718051e-01	1.000000e+00	-7.040173e-01	5.177053e-01	3.839401e-01	2.257605e-02	-2.321413e-02	2.097317e-02	1.726206e-02	-2.127059e-02	2.501348e-01	-3.263423e-01	4.284541e-01	-5.760725e-03	-9.728462e-02	
1.266028e-01	-8.419986e-02	-1.101976e-02	-1.918242e-02	2.709457e-02	-3.906388e-02	4.081553e-02	-3.360749e-02	2.917291e-02	-8.226712e-01	7.947808e-01	-7.040173e-01	1.000000e+00	-9.450686e-01	2.164484e-02	-3.428810e-03	5.583003e-03	-8.284128e-03	-8.920645e-04	6.918948e-03	-4.973426e-04	4.057796e-03	-1.105132e-02	1.556085e-02	-1.037926e-02	
-9.722588e-02	2.608467e-02	1.624773e-01	-1.984456e-02	-2.173139e-02	4.798165e-02	-6.104340e-02	-1.113109e-01	1.813547e-01	6.478791e-01	-6.116154e-01	5.177053e-01	-9.450686e-01	1.000000e+00	-1.062583e-01	-2.809983e-03	1.833215e-03	7.654817e-04	-7.168819e-03	2.388879e-03	-6.411798e-02	7.940833e-02	-9.789249e-02	-8.257856e-03	2.873736e-02	
7.631842e-02	-1.323923e-01	-6.248945e-01	3.823048e-01	4.668867e-02	-5.458148e-02	5.878024e-02	-1.590944e-02	-7.935245e-03	2.169300e-01	-2.907523e-01	3.839401e-01	2.164484e-02	-1.062583e-01	1.000000e+00	-5.425942e-01	6.239602e-01	-6.860675e-01	1.871308e-01	9.601945e-02	1.253401e-01	-1.701466e-01	2.365663e-01	3.699737e-02	-8.766460e-02	
3.847613e-03	-7.118672e-03	-1.760781e-02	1.988400e-03	1.882040e-02	-2.069013e-02	2.106686e-02	-1.247717e-02	2.214173e-03	1.939639e-02	-2.123622e-02	2.257605e-02	-3.428810e-03	-2.809983e-03	-5.425942e-01	1.000000e+00	-9.812684e-01	9.262402e-01	-7.270617e-01	4.039440e-01	1.494352e-01	-1.760860e-01	2.009157e-01	-5.540970e-02	4.351390e-02	
4.332817e-03	7.335316e-03	1.504544e-02	-9.280992e-04	-1.813955e-02	1.995262e-02	-2.050143e-02	1.189107e-02	-6.840738e-04	-2.199501e-02	2.295677e-02	-2.321413e-02	5.583003e-03	1.833215e-03	6.239602e-01	-9.812684e-01	1.000000e+00	-9.809526e-01	6.729007e-01	-3.255273e-01	-1.573252e-01	1.881858e-01	-2.179209e-01	5.027692e-02	-2.938511e-02	
-1.952307e-02	-1.467787e-02	-8.317788e-03	-8.993234e-04	1.600782e-02	-1.774959e-02	1.876849e-02	-1.291565e-02	1.405543e-03	2.260569e-02	-2.223982e-02	2.097317e-02	-8.284128e-03	7.654817e-04	-6.860675e-01	9.262402e-01	-9.809526e-01	1.000000e+00	-5.928746e-01	2.363005e-01	1.622338e-01	-1.959580e-01	2.292084e-01	-5.000803e-02	2.220627e-02	
8.588402e-02	9.861218e-02	-3.080420e-02	-4.918783e-03	6.690833e-03	-4.844847e-03	4.521829e-04	3.129861e-02	-3.088890e-02	1.286065e-02	-1.543170e-02	1.726206e-02	-8.920645e-04	-7.168819e-03	1.871308e-01	-7.270617e-01	6.729007e-01	-5.928746e-01	1.000000e+00	-9.050226e-01	-5.414011e-02	6.550895e-02	-7.754673e-02	9.611822e-02	-1.638736e-01	
-6.890878e-02	-1.025501e-01	2.451896e-02	1.192433e-02	-1.616941e-02	1.407183e-02	-9.148224e-03	-2.177967e-02	2.627902e-02	-1.907471e-02	2.071834e-02	-2.127059e-02	6.918948e-03	2.388879e-03	9.601945e-02	4.039440e-01	-3.255273e-01	2.363005e-01	-9.050226e-01	1.000000e+00	-4.377441e-03	4.517675e-03	-2.528070e-03	-9.474908e-02	1.972899e-01	
3.833539e-02	-3.382390e-02	-3.764636e-01	2.074877e-01	4.568149e-02	-5.101705e-02	5.261511e-02	1.965540e-03	-3.384317e-02	1.522528e-01	-1.958234e-01	2.501348e-01	-4.973426e-04	-6.411798e-02	1.253401e-01	1.494352e-01	-1.573252e-01	1.622338e-01	-5.414011e-02	-4.377441e-03	1.000000e+00	-9.855076e-01	9.211332e-01	-8.215356e-01	6.802253e-01	
-1.469554e-02	1.379608e-02	4.829412e-01	-2.684649e-01	-5.664104e-02	6.364260e-02	-6.596693e-02	6.966756e-04	3.755214e-02	-1.972507e-01	2.544354e-01	-3.263423e-01	4.057796e-03	7.940833e-02	-1.701466e-01	-1.760860e-01	1.881858e-01	-1.959580e-01	6.550895e-02	4.517675e-03	-9.855076e-01	1.000000e+00	-9.728904e-01	7.944449e-01	-6.432776e-01	
-3.701524e-02	2.707910e-02	-6.215649e-01	3.487510e-01	6.943221e-02	-7.862802e-02	8.207276e-02	-4.562310e-03	-4.136264e-02	2.567969e-01	-3.323787e-01	4.284541e-01	-1.105132e-02	-9.789249e-02	2.365663e-01	2.009157e-01	-2.179209e-01	2.292084e-01	-7.754673e-02	-2.528070e-03	9.211332e-01	-9.728904e-01	1.000000e+00	-7.069627e-01	5.479744e-01	
8.954855e-02	-3.104477e-02	-2.344041e-02	2.294023e-02	-6.862897e-03	7.917605e-03	-9.320553e-03	1.844128e-03	1.083840e-02	-6.349469e-03	5.388604e-03	-5.760725e-03	1.556085e-02	-8.257856e-03	3.699737e-02	-5.540970e-02	5.027692e-02	-5.000803e-02	9.611822e-02	-9.474908e-02	-8.215356e-01	7.944449e-01	-7.069627e-01	1.000000e+00	-9.649614e-01	
-7.463332e-02	5.156027e-04	1.698756e-01	-1.032498e-01	-9.988171e-03	1.072844e-02	-9.621280e-03	-1.625786e-03	-1.803177e-03	-5.417830e-02	7.385124e-02	-9.728462e-02	-1.037926e-02	2.873736e-02	-8.766460e-02	4.351390e-02	-2.938511e-02	2.220627e-02	-1.638736e-01	1.972899e-01	6.802253e-01	-6.432776e-01	5.479744e-01	-9.649614e-01	1.000000e+00	

Time taken for mcmc chain: 26.366667 minutes
