Number of steps: 1103750
Number of accepted steps: 1000000
Burn-in number of steps: 320000
Accepted fraction of steps: 0.906002
Convergence Status
R[0]= 1.040188	R[1]= 1.019456	R[2]= 1.074097	R[3]= 1.158905	R[4]= 1.151608	R[5]= 1.109751	R[6]= 1.080756	R[7]= 1.298384	R[8]= 1.334913	R[9]= 1.285314	R[10]= 1.277870	R[11]= 1.239818	R[12]= 1.295287	R[13]= 1.187588	R[14]= 1.049663	R[15]= 1.015974	R[16]= 1.007644	R[17]= 1.012967	R[18]= 1.204787	R[19]= 1.262235	R[20]= 1.055000	R[21]= 1.042543	R[22]= 1.026088	R[23]= 1.143850	R[24]= 1.185362	
<R>= 1.142402

Mean parameters
A[0]= 8.428068e-01 pm 3.054061e-02
A[1]= 9.832449e-01 pm 2.445504e-02
A[2]= 3.021405e-01 pm 1.678027e-01
A[3]= 4.043445e+00 pm 9.518554e-01
A[4]= -1.264736e+03 pm 2.988522e+03
A[5]= 2.958052e+02 pm 1.914215e+03
A[6]= 2.855961e+02 pm 4.354648e+02
A[7]= 1.955232e+00 pm 1.040604e+01
A[8]= -5.297670e-02 pm 1.489691e-01
A[9]= -5.678352e+03 pm 6.066530e+03
A[10]= 1.912685e+03 pm 3.376614e+03
A[11]= -3.183044e+02 pm 6.274273e+02
A[12]= 4.226200e+01 pm 3.639862e+01
A[13]= -7.706439e-01 pm 7.091197e-01
A[14]= 5.894808e+00 pm 1.110664e+00
A[15]= -8.366464e+03 pm 3.046051e+03
A[16]= 5.217833e+03 pm 1.968025e+03
A[17]= -8.381499e+02 pm 4.586960e+02
A[18]= 1.062216e+01 pm 1.497732e+01
A[19]= -4.258928e-03 pm 2.166092e-01
A[20]= -3.589860e+03 pm 7.885122e+03
A[21]= 9.567406e+02 pm 4.479711e+03
A[22]= -2.997989e+02 pm 8.538753e+02
A[23]= 4.461944e+01 pm 5.380451e+01
A[24]= -1.255163e+00 pm 1.040965e+00

Best-fitting parameters
A[0]= 8.462693e-01
A[1]= 9.837943e-01
A[2]= 3.026894e-01
A[3]= 4.577106e+00
A[4]= -3.208394e+03
A[5]= 1.730879e+03
A[6]= -7.616778e+01
A[7]= 8.728508e+00
A[8]= -1.246232e-01
A[9]= -7.602836e+03
A[10]= 3.223433e+03
A[11]= -5.746467e+02
A[12]= 5.043550e+01
A[13]= -8.980275e-01
A[14]= 6.391135e+00
A[15]= -8.204451e+03
A[16]= 5.547171e+03
A[17]= -1.028002e+03
A[18]= 1.068226e+01
A[19]= 2.017724e-04
A[20]= -1.072041e+03
A[21]= 5.516822e+02
A[22]= -4.398575e+02
A[23]= 5.658513e+01
A[24]= -1.518941e+00
chi2_min= 1.147852e+02


Cross-Covariance parameters
1.000000e+00	-4.880128e-01	-4.445892e-02	-1.540645e-01	1.547670e-01	-1.641560e-01	1.634757e-01	2.673753e-02	-5.484264e-02	3.726149e-02	-2.981077e-02	-1.453499e-02	-8.762051e-02	1.544619e-01	-2.573811e-02	1.532015e-01	-1.346131e-01	1.030715e-01	-1.162223e-01	1.038531e-01	1.314400e-01	-1.035927e-01	1.428324e-02	-9.634224e-02	1.001108e-01	
-4.880128e-01	1.000000e+00	1.844865e-01	-1.501783e-01	-3.494559e-02	3.164752e-02	-3.661569e-02	1.407929e-01	-1.213888e-01	1.878938e-03	-6.864735e-03	3.784008e-02	3.209040e-03	-7.912884e-02	-1.610084e-01	-1.436036e-01	1.393995e-01	-1.401937e-01	2.806655e-01	-2.319250e-01	-7.434059e-02	4.979342e-02	1.232950e-02	-1.009370e-02	-2.234697e-02	
-4.445892e-02	1.844865e-01	1.000000e+00	-4.122098e-01	-1.107798e-01	9.246881e-02	-7.024591e-02	1.890336e-02	2.470718e-02	-1.843722e-01	2.613760e-01	-3.870804e-01	-1.541647e-01	2.272678e-01	-5.384452e-01	-8.657955e-02	7.598856e-02	-4.966601e-02	6.765004e-03	1.363952e-02	-1.407501e-01	2.191158e-01	-3.474885e-01	-1.985250e-01	2.131291e-01	
-1.540645e-01	-1.501783e-01	-4.122098e-01	1.000000e+00	-6.248552e-01	7.279424e-01	-7.995404e-01	-1.965580e-03	2.854218e-01	-1.595371e-01	1.300366e-01	-5.566467e-02	1.317248e-01	-8.878392e-02	3.729127e-01	-2.151956e-01	2.054859e-01	-1.806898e-01	7.181784e-02	-2.587918e-02	2.568728e-04	6.340546e-03	1.861436e-02	2.476608e-01	-2.680028e-01	
1.547670e-01	-3.494559e-02	-1.107798e-01	-6.248552e-01	1.000000e+00	-9.798741e-01	9.245929e-01	-5.310529e-01	1.490161e-01	3.140572e-02	-5.541752e-02	6.924234e-02	1.013107e-01	-9.427968e-02	6.525699e-02	2.103356e-01	-1.668154e-01	1.096322e-01	-2.202123e-01	1.940722e-01	1.654155e-01	-1.808299e-01	1.883108e-01	-1.723391e-01	1.870158e-01	
-1.641560e-01	3.164752e-02	9.246881e-02	7.279424e-01	-9.798741e-01	1.000000e+00	-9.816162e-01	4.634584e-01	-7.839125e-02	-7.699105e-02	9.789331e-02	-1.050140e-01	-7.350802e-02	7.742313e-02	-1.380066e-02	-2.448955e-01	2.042442e-01	-1.477099e-01	1.988122e-01	-1.611742e-01	-1.303127e-01	1.563860e-01	-1.738145e-01	1.734400e-01	-1.925816e-01	
1.634757e-01	-3.661569e-02	-7.024591e-02	-7.995404e-01	9.245929e-01	-9.816162e-01	1.000000e+00	-3.861932e-01	1.523747e-02	1.247041e-01	-1.411161e-01	1.402114e-01	3.663387e-02	-4.884697e-02	-3.734575e-02	2.679710e-01	-2.321576e-01	1.793526e-01	-1.688574e-01	1.204855e-01	9.019305e-02	-1.253329e-01	1.515763e-01	-1.671163e-01	1.897113e-01	
2.673753e-02	1.407929e-01	1.890336e-02	-1.965580e-03	-5.310529e-01	4.634584e-01	-3.861932e-01	1.000000e+00	-9.018433e-01	2.900849e-01	-2.763217e-01	2.482822e-01	-2.090221e-01	1.638792e-02	-1.479211e-01	-9.589946e-03	-3.914819e-02	7.268557e-02	1.318108e-01	-1.571071e-01	-2.749137e-03	-2.868771e-03	7.140447e-03	1.249181e-02	-3.320923e-02	
-5.484264e-02	-1.213888e-01	2.470718e-02	2.854218e-01	1.490161e-01	-7.839125e-02	1.523747e-02	-9.018433e-01	1.000000e+00	-3.305796e-01	3.278865e-01	-3.037052e-01	1.710836e-01	6.541173e-02	1.247180e-01	-1.005097e-01	1.343048e-01	-1.443719e-01	-5.931842e-04	4.530596e-02	-6.779822e-02	7.619276e-02	-8.151662e-02	5.167742e-02	-3.796244e-02	
3.726149e-02	1.878938e-03	-1.843722e-01	-1.595371e-01	3.140572e-02	-7.699105e-02	1.247041e-01	2.900849e-01	-3.305796e-01	1.000000e+00	-9.897733e-01	9.434565e-01	-8.461962e-01	6.993048e-01	-3.180102e-02	1.155249e-01	-1.410490e-01	1.521598e-01	-5.942162e-02	2.988870e-02	8.868365e-02	-1.075238e-01	1.325116e-01	-3.691466e-02	4.973162e-02	
-2.981077e-02	-6.864735e-03	2.613760e-01	1.300366e-01	-5.541752e-02	9.789331e-02	-1.411161e-01	-2.763217e-01	3.278865e-01	-9.897733e-01	1.000000e+00	-9.798057e-01	8.451676e-01	-6.974597e-01	-1.095218e-02	-1.274346e-01	1.518510e-01	-1.597899e-01	6.932749e-02	-3.758590e-02	-1.116472e-01	1.362400e-01	-1.722074e-01	3.210055e-02	-4.275755e-02	
-1.453499e-02	3.784008e-02	-3.870804e-01	-5.566467e-02	6.924234e-02	-1.050140e-01	1.402114e-01	2.482822e-01	-3.037052e-01	9.434565e-01	-9.798057e-01	1.000000e+00	-8.012903e-01	6.568988e-01	8.703079e-02	1.318583e-01	-1.530754e-01	1.560143e-01	-6.522790e-02	3.316912e-02	1.340861e-01	-1.699298e-01	2.275539e-01	-9.927634e-03	1.648130e-02	
-8.762051e-02	3.209040e-03	-1.541647e-01	1.317248e-01	1.013107e-01	-7.350802e-02	3.663387e-02	-2.090221e-01	1.710836e-01	-8.461962e-01	8.451676e-01	-8.012903e-01	1.000000e+00	-9.516014e-01	1.974252e-01	-8.365445e-02	1.136920e-01	-1.370391e-01	9.492459e-02	-7.647042e-02	-7.950661e-02	5.963887e-02	-2.583133e-02	1.182422e-01	-1.400134e-01	
1.544619e-01	-7.912884e-02	2.272678e-01	-8.878392e-02	-9.427968e-02	7.742313e-02	-4.884697e-02	1.638792e-02	6.541173e-02	6.993048e-01	-6.974597e-01	6.568988e-01	-9.516014e-01	1.000000e+00	-2.245287e-01	8.526920e-02	-1.076607e-01	1.284689e-01	-9.311318e-02	7.638721e-02	5.583564e-02	-2.829112e-02	-2.059933e-02	-1.257492e-01	1.546785e-01	
-2.573811e-02	-1.610084e-01	-5.384452e-01	3.729127e-01	6.525699e-02	-1.380066e-02	-3.734575e-02	-1.479211e-01	1.247180e-01	-3.180102e-02	-1.095218e-02	8.703079e-02	1.974252e-01	-2.245287e-01	1.000000e+00	-4.474816e-01	5.802374e-01	-6.816719e-01	-1.398514e-01	3.199720e-01	1.001386e-01	-1.185825e-01	1.717191e-01	2.750693e-02	-5.376926e-03	
1.532015e-01	-1.436036e-01	-8.657955e-02	-2.151956e-01	2.103356e-01	-2.448955e-01	2.679710e-01	-9.589946e-03	-1.005097e-01	1.155249e-01	-1.274346e-01	1.318583e-01	-8.365445e-02	8.526920e-02	-4.474816e-01	1.000000e+00	-9.701253e-01	8.890696e-01	-5.421186e-01	2.854975e-01	9.926010e-02	-1.214987e-01	1.289776e-01	-3.517551e-02	4.600059e-02	
-1.346131e-01	1.393995e-01	7.598856e-02	2.054859e-01	-1.668154e-01	2.042442e-01	-2.321576e-01	-3.914819e-02	1.343048e-01	-1.410490e-01	1.518510e-01	-1.530754e-01	1.136920e-01	-1.076607e-01	5.802374e-01	-9.701253e-01	1.000000e+00	-9.727922e-01	4.617964e-01	-1.935773e-01	-8.077836e-02	1.020187e-01	-1.091383e-01	3.459175e-04	-7.868054e-03	
1.030715e-01	-1.401937e-01	-4.966601e-02	-1.806898e-01	1.096322e-01	-1.477099e-01	1.793526e-01	7.268557e-02	-1.443719e-01	1.521598e-01	-1.597899e-01	1.560143e-01	-1.370391e-01	1.284689e-01	-6.816719e-01	8.890696e-01	-9.727922e-01	1.000000e+00	-3.628386e-01	1.001098e-01	5.571109e-02	-7.478563e-02	8.083511e-02	2.681148e-02	-2.044544e-02	
-1.162223e-01	2.806655e-01	6.765004e-03	7.181784e-02	-2.202123e-01	1.988122e-01	-1.688574e-01	1.318108e-01	-5.931842e-04	-5.942162e-02	6.932749e-02	-6.522790e-02	9.492459e-02	-9.311318e-02	-1.398514e-01	-5.421186e-01	4.617964e-01	-3.628386e-01	1.000000e+00	-9.481223e-01	-9.966982e-02	7.649504e-02	-4.518443e-02	1.140683e-01	-2.126889e-01	
1.038531e-01	-2.319250e-01	1.363952e-02	-2.587918e-02	1.940722e-01	-1.611742e-01	1.204855e-01	-1.571071e-01	4.530596e-02	2.988870e-02	-3.758590e-02	3.316912e-02	-7.647042e-02	7.638721e-02	3.199720e-01	2.854975e-01	-1.935773e-01	1.001098e-01	-9.481223e-01	1.000000e+00	8.314903e-02	-5.613663e-02	2.627912e-02	-1.387578e-01	2.535406e-01	
1.314400e-01	-7.434059e-02	-1.407501e-01	2.568728e-04	1.654155e-01	-1.303127e-01	9.019305e-02	-2.749137e-03	-6.779822e-02	8.868365e-02	-1.116472e-01	1.340861e-01	-7.950661e-02	5.583564e-02	1.001386e-01	9.926010e-02	-8.077836e-02	5.571109e-02	-9.966982e-02	8.314903e-02	1.000000e+00	-9.872045e-01	9.296924e-01	-8.465855e-01	7.675342e-01	
-1.035927e-01	4.979342e-02	2.191158e-01	6.340546e-03	-1.808299e-01	1.563860e-01	-1.253329e-01	-2.868771e-03	7.619276e-02	-1.075238e-01	1.362400e-01	-1.699298e-01	5.963887e-02	-2.829112e-02	-1.185825e-01	-1.214987e-01	1.020187e-01	-7.478563e-02	7.649504e-02	-5.613663e-02	-9.872045e-01	1.000000e+00	-9.748783e-01	8.558395e-01	-7.810760e-01	
1.428324e-02	1.232950e-02	-3.474885e-01	1.861436e-02	1.883108e-01	-1.738145e-01	1.515763e-01	7.140447e-03	-8.151662e-02	1.325116e-01	-1.722074e-01	2.275539e-01	-2.583133e-02	-2.059933e-02	1.717191e-01	1.289776e-01	-1.091383e-01	8.083511e-02	-4.518443e-02	2.627912e-02	9.296924e-01	-9.748783e-01	1.000000e+00	-8.157319e-01	7.513476e-01	
-9.634224e-02	-1.009370e-02	-1.985250e-01	2.476608e-01	-1.723391e-01	1.734400e-01	-1.671163e-01	1.249181e-02	5.167742e-02	-3.691466e-02	3.210055e-02	-9.927634e-03	1.182422e-01	-1.257492e-01	2.750693e-02	-3.517551e-02	3.459175e-04	2.681148e-02	1.140683e-01	-1.387578e-01	-8.465855e-01	8.558395e-01	-8.157319e-01	1.000000e+00	-9.770753e-01	
1.001108e-01	-2.234697e-02	2.131291e-01	-2.680028e-01	1.870158e-01	-1.925816e-01	1.897113e-01	-3.320923e-02	-3.796244e-02	4.973162e-02	-4.275755e-02	1.648130e-02	-1.400134e-01	1.546785e-01	-5.376926e-03	4.600059e-02	-7.868054e-03	-2.044544e-02	-2.126889e-01	2.535406e-01	7.675342e-01	-7.810760e-01	7.513476e-01	-9.770753e-01	1.000000e+00	

Time taken for mcmc chain: 7.700000 minutes
