Number of steps: 4987602
Number of accepted steps: 1000000
Burn-in number of steps: 320000
Accepted fraction of steps: 0.200497
Convergence Status
R[0]= 1.001419	R[1]= 1.001820	R[2]= 1.007434	R[3]= 1.002051	R[4]= 1.001063	R[5]= 1.001657	R[6]= 1.002405	R[7]= 1.000714	R[8]= 1.001386	R[9]= 1.002587	R[10]= 1.003643	R[11]= 1.005296	R[12]= 1.000398	R[13]= 1.000135	R[14]= 1.002549	R[15]= 1.000458	R[16]= 1.000635	R[17]= 1.000878	R[18]= 1.000673	R[19]= 1.000649	R[20]= 1.001554	R[21]= 1.001651	R[22]= 1.002167	R[23]= 1.001884	R[24]= 1.003320	
<R>= 1.001937

Mean parameters
A[0]= 9.743394e-01 pm 3.263216e-02
A[1]= 1.059805e+00 pm 2.493876e-02
A[2]= 5.035147e-01 pm 3.139064e-01
A[3]= 4.165567e+00 pm 1.080777e+00
A[4]= -3.499163e+03 pm 3.843780e+03
A[5]= 1.935527e+03 pm 2.533662e+03
A[6]= -4.663603e+01 pm 5.996021e+02
A[7]= 4.478117e+00 pm 1.376229e+01
A[8]= -4.706482e-02 pm 1.872736e-01
A[9]= 3.203588e+03 pm 8.813802e+03
A[10]= -2.404253e+03 pm 5.299151e+03
A[11]= 3.328616e+02 pm 1.116561e+03
A[12]= -3.389021e+01 pm 5.014869e+01
A[13]= 7.037306e-01 pm 9.612403e-01
A[14]= 5.941985e+00 pm 1.655194e+00
A[15]= -6.589987e+03 pm 5.468224e+03
A[16]= 5.403544e+03 pm 3.591719e+03
A[17]= -1.105702e+03 pm 8.505527e+02
A[18]= 3.333727e+00 pm 2.065290e+01
A[19]= 1.448082e-01 pm 2.713522e-01
A[20]= 1.073726e+04 pm 1.196668e+04
A[21]= -5.608898e+03 pm 7.145913e+03
A[22]= 5.494864e+02 pm 1.490671e+03
A[23]= -5.366173e+01 pm 6.994225e+01
A[24]= 6.266379e-01 pm 1.347416e+00

Best-fitting parameters
A[0]= 9.878272e-01
A[1]= 1.056697e+00
A[2]= 2.357122e-01
A[3]= 5.005566e+00
A[4]= -4.617387e+03
A[5]= 2.625274e+03
A[6]= -1.875368e+02
A[7]= 8.563192e+00
A[8]= -6.303804e-02
A[9]= 4.349986e+03
A[10]= -3.811675e+03
A[11]= 8.078733e+02
A[12]= -2.716789e+01
A[13]= 5.751760e-01
A[14]= 6.613548e+00
A[15]= -4.773555e+03
A[16]= 4.340211e+03
A[17]= -8.961331e+02
A[18]= 8.353407e-01
A[19]= 1.474392e-01
A[20]= 1.435951e+04
A[21]= -8.621021e+03
A[22]= 1.358100e+03
A[23]= -4.393876e+01
A[24]= 1.055960e-01
chi2_min= 9.740927e+01


Cross-Covariance parameters
1.000000e+00	-4.849216e-01	-1.446391e-01	8.450527e-02	2.265417e-02	-1.820847e-02	5.868336e-03	6.467025e-02	-5.778208e-02	-4.115514e-02	5.005192e-02	-7.559609e-02	1.557089e-01	-1.289120e-01	6.152083e-02	3.981016e-02	-3.698604e-02	2.471229e-02	5.808917e-02	-5.991936e-02	-4.637116e-03	1.986175e-02	-5.775873e-02	1.413481e-01	-1.227508e-01	
-4.849216e-01	1.000000e+00	1.307273e-01	-1.769919e-01	9.012130e-03	-3.294284e-03	-1.004670e-02	1.106450e-01	-1.133042e-01	3.919647e-02	-4.887476e-02	6.695820e-02	-1.058742e-01	5.254700e-02	-1.812798e-01	4.649028e-03	-5.919209e-03	-1.282883e-04	1.320074e-01	-1.385405e-01	1.368311e-02	-2.797278e-02	5.703558e-02	-9.033102e-02	5.299804e-02	
-1.446391e-01	1.307273e-01	1.000000e+00	-5.856784e-01	-1.558325e-01	1.740924e-01	-1.811831e-01	8.232041e-03	6.669089e-02	-3.982692e-01	5.169574e-01	-6.579720e-01	-7.232908e-02	2.340531e-01	-6.396002e-01	-2.497885e-02	2.574113e-02	-2.066072e-02	-3.274866e-02	3.491606e-02	-3.885456e-01	4.963248e-01	-6.300998e-01	-7.611267e-02	2.202297e-01	
8.450527e-02	-1.769919e-01	-5.856784e-01	1.000000e+00	-5.229007e-01	5.770454e-01	-6.168558e-01	1.839769e-01	9.099911e-02	1.271425e-01	-1.734773e-01	2.342884e-01	3.523305e-02	-7.500703e-02	4.005963e-01	1.071604e-02	-1.178328e-02	1.045016e-02	-4.928504e-03	5.116620e-03	2.301451e-01	-2.928795e-01	3.698810e-01	4.660143e-02	-1.285839e-01	
2.265417e-02	9.012130e-03	-1.558325e-01	-5.229007e-01	1.000000e+00	-9.840699e-01	9.392976e-01	-6.712503e-01	2.812816e-01	1.295120e-01	-1.791077e-01	2.353734e-01	4.339653e-02	-5.779299e-02	8.807436e-02	8.402315e-03	-8.461961e-03	6.868694e-03	9.900773e-03	-1.339375e-02	6.190127e-02	-7.861678e-02	9.962540e-02	4.699406e-03	-2.748283e-02	
-1.820847e-02	-3.294284e-03	1.740924e-01	5.770454e-01	-9.840699e-01	1.000000e+00	-9.848283e-01	6.264143e-01	-2.193878e-01	-1.491160e-01	2.034256e-01	-2.651815e-01	-4.617719e-02	7.497699e-02	-9.899048e-02	-9.849671e-03	9.926167e-03	-8.542935e-03	-8.843731e-03	1.276588e-02	-6.880900e-02	8.756104e-02	-1.112568e-01	-5.796580e-03	3.115845e-02	
5.868336e-03	-1.004670e-02	-1.811831e-01	-6.168558e-01	9.392976e-01	-9.848283e-01	1.000000e+00	-5.658497e-01	1.578747e-01	1.682101e-01	-2.245612e-01	2.884469e-01	3.865364e-02	-7.844914e-02	1.050025e-01	1.032800e-02	-1.054015e-02	9.780247e-03	4.361883e-03	-8.472087e-03	7.119214e-02	-9.082562e-02	1.158893e-01	5.866073e-03	-3.187076e-02	
6.467025e-02	1.106450e-01	8.232041e-03	1.839769e-01	-6.712503e-01	6.264143e-01	-5.658497e-01	1.000000e+00	-8.798209e-01	6.760304e-02	-4.236883e-02	2.853406e-03	-3.137709e-02	-1.199005e-01	-1.896350e-02	5.943974e-03	-3.892201e-03	-4.759824e-04	2.252357e-02	-1.955473e-02	-9.089975e-03	9.401380e-03	-9.914151e-03	1.401542e-02	-1.393728e-02	
-5.778208e-02	-1.133042e-01	6.669089e-02	9.099911e-02	2.812816e-01	-2.193878e-01	1.578747e-01	-8.798209e-01	1.000000e+00	-1.609295e-01	1.579649e-01	-1.406260e-01	2.115116e-02	1.944776e-01	-2.355734e-02	-1.198635e-02	1.004432e-02	-5.269683e-03	-2.196261e-02	2.180905e-02	-2.011011e-02	2.846048e-02	-3.916941e-02	-1.548663e-02	2.592665e-02	
-4.115514e-02	3.919647e-02	-3.982692e-01	1.271425e-01	1.295120e-01	-1.491160e-01	1.682101e-01	6.760304e-02	-1.609295e-01	1.000000e+00	-9.838144e-01	9.175209e-01	-7.862595e-01	5.926468e-01	2.457069e-01	8.615155e-03	-1.080695e-02	1.069497e-02	1.949631e-02	-2.322355e-02	1.558889e-01	-2.027444e-01	2.640541e-01	2.384654e-02	-8.602154e-02	
5.005192e-02	-4.887476e-02	5.169574e-01	-1.734773e-01	-1.791077e-01	2.034256e-01	-2.245612e-01	-4.236883e-02	1.579649e-01	-9.838144e-01	1.000000e+00	-9.731292e-01	7.442045e-01	-5.419322e-01	-3.206561e-01	-1.182968e-02	1.406470e-02	-1.327806e-02	-2.333432e-02	2.766399e-02	-2.044948e-01	2.652276e-01	-3.443278e-01	-2.821482e-02	1.090675e-01	
-7.559609e-02	6.695820e-02	-6.579720e-01	2.342884e-01	2.353734e-01	-2.651815e-01	2.884469e-01	2.853406e-03	-1.406260e-01	9.175209e-01	-9.731292e-01	1.000000e+00	-6.412459e-01	4.367583e-01	4.105086e-01	1.564263e-02	-1.793638e-02	1.647289e-02	2.624150e-02	-3.132088e-02	2.643259e-01	-3.420064e-01	4.430244e-01	3.072546e-02	-1.345949e-01	
1.557089e-01	-1.058742e-01	-7.232908e-02	3.523305e-02	4.339653e-02	-4.617719e-02	3.865364e-02	-3.137709e-02	2.115116e-02	-7.862595e-01	7.442045e-01	-6.412459e-01	1.000000e+00	-9.434809e-01	5.541104e-02	6.842932e-03	-4.325301e-03	6.392399e-04	-3.356106e-03	7.068165e-03	2.538421e-02	-2.882875e-02	2.904045e-02	1.727079e-02	-2.156512e-02	
-1.289120e-01	5.254700e-02	2.340531e-01	-7.500703e-02	-5.779299e-02	7.497699e-02	-7.844914e-02	-1.199005e-01	1.944776e-01	5.926468e-01	-5.419322e-01	4.367583e-01	-9.434809e-01	1.000000e+00	-1.537661e-01	-1.118952e-02	8.693041e-03	-3.683444e-03	-7.630741e-03	4.555691e-03	-9.131496e-02	1.149349e-01	-1.415377e-01	-2.293971e-02	5.396142e-02	
6.152083e-02	-1.812798e-01	-6.396002e-01	4.005963e-01	8.807436e-02	-9.899048e-02	1.050025e-01	-1.896350e-02	-2.355734e-02	2.457069e-01	-3.206561e-01	4.105086e-01	5.541104e-02	-1.537661e-01	1.000000e+00	-5.394726e-01	6.130995e-01	-6.682918e-01	1.303163e-01	1.508702e-01	1.540948e-01	-1.979617e-01	2.594992e-01	1.260267e-02	-5.734696e-02	
3.981016e-02	4.649028e-03	-2.497885e-02	1.071604e-02	8.402315e-03	-9.849671e-03	1.032800e-02	5.943974e-03	-1.198635e-02	8.615155e-03	-1.182968e-02	1.564263e-02	6.842932e-03	-1.118952e-02	-5.394726e-01	1.000000e+00	-9.820598e-01	9.309345e-01	-6.682503e-01	3.164511e-01	1.370860e-01	-1.689220e-01	1.993095e-01	9.226978e-03	-3.157872e-02	
-3.698604e-02	-5.919209e-03	2.574113e-02	-1.178328e-02	-8.461961e-03	9.926167e-03	-1.054015e-02	-3.892201e-03	1.004432e-02	-1.080695e-02	1.406470e-02	-1.793638e-02	-4.325301e-03	8.693041e-03	6.130995e-01	-9.820598e-01	1.000000e+00	-9.825846e-01	6.050725e-01	-2.320464e-01	-1.422151e-01	1.791784e-01	-2.156231e-01	-2.497175e-02	5.720779e-02	
2.471229e-02	-1.282883e-04	-2.066072e-02	1.045016e-02	6.868694e-03	-8.542935e-03	9.780247e-03	-4.759824e-04	-5.269683e-03	1.069497e-02	-1.327806e-02	1.647289e-02	6.392399e-04	-3.683444e-03	-6.682918e-01	9.309345e-01	-9.825846e-01	1.000000e+00	-5.234930e-01	1.448550e-01	1.436421e-01	-1.839273e-01	2.245730e-01	3.340164e-02	-7.240983e-02	
5.808917e-02	1.320074e-01	-3.274866e-02	-4.928504e-03	9.900773e-03	-8.843731e-03	4.361883e-03	2.252357e-02	-2.196261e-02	1.949631e-02	-2.333432e-02	2.624150e-02	-3.356106e-03	-7.630741e-03	1.303163e-01	-6.682503e-01	6.050725e-01	-5.234930e-01	1.000000e+00	-9.016583e-01	-2.540041e-02	3.378768e-02	-4.307710e-02	7.161326e-02	-1.464308e-01	
-5.991936e-02	-1.385405e-01	3.491606e-02	5.116620e-03	-1.339375e-02	1.276588e-02	-8.472087e-03	-1.955473e-02	2.180905e-02	-2.322355e-02	2.766399e-02	-3.132088e-02	7.068165e-03	4.555691e-03	1.508702e-01	3.164511e-01	-2.320464e-01	1.448550e-01	-9.016583e-01	1.000000e+00	-3.228646e-02	3.874823e-02	-4.290701e-02	-9.844515e-02	2.112982e-01	
-4.637116e-03	1.368311e-02	-3.885456e-01	2.301451e-01	6.190127e-02	-6.880900e-02	7.119214e-02	-9.089975e-03	-2.011011e-02	1.558889e-01	-2.044948e-01	2.643259e-01	2.538421e-02	-9.131496e-02	1.540948e-01	1.370860e-01	-1.422151e-01	1.436421e-01	-2.540041e-02	-3.228646e-02	1.000000e+00	-9.848417e-01	9.204736e-01	-7.825410e-01	6.257523e-01	
1.986175e-02	-2.797278e-02	4.963248e-01	-2.928795e-01	-7.861678e-02	8.756104e-02	-9.082562e-02	9.401380e-03	2.846048e-02	-2.027444e-01	2.652276e-01	-3.420064e-01	-2.882875e-02	1.149349e-01	-1.979617e-01	-1.689220e-01	1.791784e-01	-1.839273e-01	3.378768e-02	3.874823e-02	-9.848417e-01	1.000000e+00	-9.734275e-01	7.425878e-01	-5.754924e-01	
-5.775873e-02	5.703558e-02	-6.300998e-01	3.698810e-01	9.962540e-02	-1.112568e-01	1.158893e-01	-9.914151e-03	-3.916941e-02	2.640541e-01	-3.443278e-01	4.430244e-01	2.904045e-02	-1.415377e-01	2.594992e-01	1.993095e-01	-2.156231e-01	2.245730e-01	-4.307710e-02	-4.290701e-02	9.204736e-01	-9.734275e-01	1.000000e+00	-6.428983e-01	4.692974e-01	
1.413481e-01	-9.033102e-02	-7.611267e-02	4.660143e-02	4.699406e-03	-5.796580e-03	5.866073e-03	1.401542e-02	-1.548663e-02	2.384654e-02	-2.821482e-02	3.072546e-02	1.727079e-02	-2.293971e-02	1.260267e-02	9.226978e-03	-2.497175e-02	3.340164e-02	7.161326e-02	-9.844515e-02	-7.825410e-01	7.425878e-01	-6.428983e-01	1.000000e+00	-9.629410e-01	
-1.227508e-01	5.299804e-02	2.202297e-01	-1.285839e-01	-2.748283e-02	3.115845e-02	-3.187076e-02	-1.393728e-02	2.592665e-02	-8.602154e-02	1.090675e-01	-1.345949e-01	-2.156512e-02	5.396142e-02	-5.734696e-02	-3.157872e-02	5.720779e-02	-7.240983e-02	-1.464308e-01	2.112982e-01	6.257523e-01	-5.754924e-01	4.692974e-01	-9.629410e-01	1.000000e+00	

Time taken for mcmc chain: 39.483333 minutes
