Number of steps: 2260959
Number of accepted steps: 960000
Burn-in number of steps: 200000
Accepted fraction of steps: 0.424599
Convergence Status
R[0]= 1.034764	R[1]= 1.018027	R[2]= 1.023428	R[3]= 1.015960	R[4]= 1.002344	R[5]= 1.002072	R[6]= 1.002323	R[7]= 1.005526	R[8]= 1.003162	R[9]= 1.004712	R[10]= 1.003503	R[11]= 1.003296	R[12]= 1.013971	R[13]= 1.022026	R[14]= 1.012288	R[15]= 1.028712	R[16]= 1.027894	R[17]= 1.024875	R[18]= 1.002155	R[19]= 1.002667	R[20]= 1.002149	R[21]= 1.004803	R[22]= 1.010791	R[23]= 1.009424	R[24]= 1.013818	
<R>= 1.011787

Mean parameters
A[0]= 9.159626e-01 pm 3.508461e-02
A[1]= 1.032161e+00 pm 3.083456e-02
A[2]= 6.483528e-01 pm 3.863038e-01
A[3]= 3.326642e+00 pm 1.074042e+00
A[4]= -2.928192e+03 pm 3.671553e+03
A[5]= 1.337980e+03 pm 2.395599e+03
A[6]= 1.119597e+02 pm 5.567032e+02
A[7]= 1.683949e+01 pm 1.269221e+01
A[8]= -2.968480e-01 pm 1.772983e-01
A[9]= -3.962491e+03 pm 8.287435e+03
A[10]= 1.729899e+03 pm 4.904535e+03
A[11]= -4.621191e+02 pm 1.008156e+03
A[12]= 2.323720e+01 pm 4.735404e+01
A[13]= -6.943172e-01 pm 9.115852e-01
A[14]= 4.934932e+00 pm 1.485012e+00
A[15]= -7.642341e+03 pm 5.175114e+03
A[16]= 5.294148e+03 pm 3.390996e+03
A[17]= -9.076286e+02 pm 7.878868e+02
A[18]= 8.982954e+00 pm 1.878168e+01
A[19]= 3.154658e-02 pm 2.606535e-01
A[20]= 4.326422e+03 pm 1.087126e+04
A[21]= -2.451332e+03 pm 6.541417e+03
A[22]= 6.251028e+01 pm 1.373371e+03
A[23]= -4.033354e+01 pm 6.441109e+01
A[24]= 4.922430e-01 pm 1.265963e+00

Best-fitting parameters
A[0]= 9.274499e-01
A[1]= 1.029778e+00
A[2]= 5.463068e-01
A[3]= 3.666811e+00
A[4]= -3.786160e+03
A[5]= 1.956668e+03
A[6]= -5.169080e+01
A[7]= 1.893236e+01
A[8]= -2.992459e-01
A[9]= -3.957117e+03
A[10]= 1.951960e+03
A[11]= -5.556168e+02
A[12]= 3.395389e+01
A[13]= -9.365251e-01
A[14]= 5.310477e+00
A[15]= -9.998647e+03
A[16]= 6.700844e+03
A[17]= -1.213984e+03
A[18]= 2.303276e+01
A[19]= -1.461705e-01
A[20]= -3.962542e+03
A[21]= 1.763103e+03
A[22]= -5.908180e+02
A[23]= -1.457971e-01
A[24]= -1.751441e-01
chi2_min= 9.471017e+01


Cross-Covariance parameters
1.000000e+00	-5.463636e-01	-1.287125e-01	7.426468e-02	5.667362e-02	-4.967298e-02	3.625683e-02	2.249931e-02	-1.745616e-02	-4.139540e-02	5.688969e-02	-9.073336e-02	1.484475e-01	-1.060638e-01	4.950797e-02	7.485875e-02	-7.928927e-02	7.608494e-02	8.192807e-02	-1.036922e-01	4.068973e-03	6.574960e-03	-4.102997e-02	1.481883e-01	-1.266370e-01	
-5.463636e-01	1.000000e+00	1.393753e-01	-1.256484e-01	-8.062681e-02	8.412618e-02	-9.370461e-02	1.307522e-01	-1.044855e-01	3.931907e-02	-4.885968e-02	6.977069e-02	-1.361251e-01	8.325122e-02	-2.154901e-01	1.184464e-02	-8.360558e-03	-3.544475e-03	1.185268e-01	-1.116791e-01	2.365740e-02	-3.968950e-02	7.010676e-02	-1.136784e-01	7.907961e-02	
-1.287125e-01	1.393753e-01	1.000000e+00	-6.508328e-01	-6.236510e-02	7.008223e-02	-7.143434e-02	-1.908171e-02	3.083552e-02	-3.808300e-01	4.884766e-01	-6.198855e-01	-1.099160e-01	2.286098e-01	-6.287957e-01	-1.420182e-01	1.472274e-01	-1.416777e-01	-1.454263e-02	6.098796e-02	-3.846368e-01	5.013890e-01	-6.382816e-01	-1.604759e-01	2.964942e-01	
7.426468e-02	-1.256484e-01	-6.508328e-01	1.000000e+00	-5.287236e-01	5.853444e-01	-6.272951e-01	1.324717e-01	1.491435e-01	1.410919e-01	-1.904227e-01	2.559526e-01	2.923332e-02	-5.587129e-02	4.426327e-01	5.999415e-02	-6.658037e-02	6.713569e-02	2.286165e-02	-4.021270e-02	2.639520e-01	-3.425140e-01	4.329117e-01	8.623874e-02	-1.757149e-01	
5.667362e-02	-8.062681e-02	-6.236510e-02	-5.287236e-01	1.000000e+00	-9.848723e-01	9.419093e-01	-6.272986e-01	2.282972e-01	7.811296e-02	-1.230559e-01	1.730438e-01	1.040175e-01	-9.977000e-02	2.614272e-02	4.113996e-02	-4.188403e-02	4.280539e-02	-2.841037e-02	1.406694e-02	9.934104e-03	-1.219716e-02	1.664775e-02	4.448676e-02	-4.760057e-02	
-4.967298e-02	8.412618e-02	7.008223e-02	5.853444e-01	-9.848723e-01	1.000000e+00	-9.853762e-01	5.741692e-01	-1.629133e-01	-9.680865e-02	1.446116e-01	-1.980524e-01	-1.108787e-01	1.199226e-01	-3.125460e-02	-4.425827e-02	4.473151e-02	-4.530348e-02	3.350777e-02	-1.684466e-02	-1.228886e-02	1.546254e-02	-2.126922e-02	-4.527389e-02	4.965531e-02	
3.625683e-02	-9.370461e-02	-7.143434e-02	-6.272951e-01	9.419093e-01	-9.853762e-01	1.000000e+00	-5.087951e-01	1.012156e-01	1.168951e-01	-1.653413e-01	2.195081e-01	1.053296e-01	-1.247231e-01	3.426013e-02	4.456948e-02	-4.490288e-02	4.550243e-02	-3.935376e-02	2.096805e-02	1.250566e-02	-1.577004e-02	2.192075e-02	4.421158e-02	-4.927250e-02	
2.249931e-02	1.307522e-01	-1.908171e-02	1.324717e-01	-6.272986e-01	5.741692e-01	-5.087951e-01	1.000000e+00	-8.823895e-01	9.998785e-02	-7.922964e-02	4.594504e-02	-4.569275e-02	-1.173611e-01	-2.777843e-02	2.823815e-02	-2.905638e-02	2.589585e-02	3.289327e-02	-4.894964e-02	3.473373e-02	-3.895772e-02	4.227669e-02	-8.187031e-03	-5.519316e-03	
-1.745616e-02	-1.044855e-01	3.083552e-02	1.491435e-01	2.282972e-01	-1.629133e-01	1.012156e-01	-8.823895e-01	1.000000e+00	-1.559859e-01	1.538835e-01	-1.387288e-01	2.207086e-03	2.083552e-01	2.113842e-02	-4.004188e-02	3.994723e-02	-3.647023e-02	-1.203495e-02	3.328748e-02	-3.636475e-02	3.883415e-02	-4.159434e-02	-1.575118e-03	1.490935e-02	
-4.139540e-02	3.931907e-02	-3.808300e-01	1.410919e-01	7.811296e-02	-9.680865e-02	1.168951e-01	9.998785e-02	-1.559859e-01	1.000000e+00	-9.850045e-01	9.223131e-01	-7.656181e-01	5.885221e-01	2.055678e-01	5.681527e-02	-6.253132e-02	6.368999e-02	3.050959e-02	-5.661641e-02	1.191778e-01	-1.705658e-01	2.332376e-01	8.240113e-02	-1.398144e-01	
5.688969e-02	-4.885968e-02	4.884766e-01	-1.904227e-01	-1.230559e-01	1.446116e-01	-1.653413e-01	-7.922964e-02	1.538835e-01	-9.850045e-01	1.000000e+00	-9.743867e-01	7.215569e-01	-5.389823e-01	-2.760262e-01	-7.105763e-02	7.751161e-02	-7.806295e-02	-3.144454e-02	6.291754e-02	-1.673717e-01	2.319743e-01	-3.108603e-01	-9.462190e-02	1.694484e-01	
-9.073336e-02	6.977069e-02	-6.198855e-01	2.559526e-01	1.730438e-01	-1.980524e-01	2.195081e-01	4.594504e-02	-1.387288e-01	9.223131e-01	-9.743867e-01	1.000000e+00	-6.208134e-01	4.399247e-01	3.639060e-01	8.632873e-02	-9.357847e-02	9.348316e-02	3.164733e-02	-6.827383e-02	2.296261e-01	-3.106492e-01	4.099921e-01	1.046443e-01	-2.012927e-01	
1.484475e-01	-1.361251e-01	-1.099160e-01	2.923332e-02	1.040175e-01	-1.108787e-01	1.053296e-01	-4.569275e-02	2.207086e-03	-7.656181e-01	7.215569e-01	-6.208134e-01	1.000000e+00	-9.489594e-01	8.616423e-02	4.503286e-02	-4.260546e-02	3.953599e-02	-4.540698e-02	3.846396e-02	7.128376e-02	-7.578849e-02	7.856232e-02	9.183588e-03	-1.631696e-02	
-1.060638e-01	8.325122e-02	2.286098e-01	-5.587129e-02	-9.977000e-02	1.199226e-01	-1.247231e-01	-1.173611e-01	2.083552e-01	5.885221e-01	-5.389823e-01	4.399247e-01	-9.489594e-01	1.000000e+00	-1.494619e-01	-6.745254e-02	6.547790e-02	-6.120321e-02	4.326370e-02	-2.798271e-02	-1.156745e-01	1.362467e-01	-1.597921e-01	-2.896702e-02	5.584576e-02	
4.950797e-02	-2.154901e-01	-6.287957e-01	4.426327e-01	2.614272e-02	-3.125460e-02	3.426013e-02	-2.777843e-02	2.113842e-02	2.055678e-01	-2.760262e-01	3.639060e-01	8.616423e-02	-1.494619e-01	1.000000e+00	-4.791467e-01	5.392553e-01	-5.866795e-01	1.852289e-02	2.250629e-01	1.170814e-01	-1.646653e-01	2.294598e-01	3.143949e-02	-6.032823e-02	
7.485875e-02	1.184464e-02	-1.420182e-01	5.999415e-02	4.113996e-02	-4.425827e-02	4.456948e-02	2.823815e-02	-4.004188e-02	5.681527e-02	-7.105763e-02	8.632873e-02	4.503286e-02	-6.745254e-02	-4.791467e-01	1.000000e+00	-9.845141e-01	9.412422e-01	-5.461062e-01	1.690362e-01	2.025495e-01	-2.473321e-01	2.896427e-01	1.009613e-01	-1.525124e-01	
-7.928927e-02	-8.360558e-03	1.472274e-01	-6.658037e-02	-4.188403e-02	4.473151e-02	-4.490288e-02	-2.905638e-02	3.994723e-02	-6.253132e-02	7.751161e-02	-9.357847e-02	-4.260546e-02	6.547790e-02	5.392553e-01	-9.845141e-01	1.000000e+00	-9.853748e-01	4.754271e-01	-8.490728e-02	-2.121116e-01	2.622081e-01	-3.101492e-01	-1.206618e-01	1.828421e-01	
7.608494e-02	-3.544475e-03	-1.416777e-01	6.713569e-02	4.280539e-02	-4.530348e-02	4.550243e-02	2.589585e-02	-3.647023e-02	6.368999e-02	-7.806295e-02	9.348316e-02	3.953599e-02	-6.120321e-02	-5.866795e-01	9.412422e-01	-9.853748e-01	1.000000e+00	-3.966177e-01	6.546004e-03	2.139191e-01	-2.668338e-01	3.180029e-01	1.325384e-01	-2.012515e-01	
8.192807e-02	1.185268e-01	-1.454263e-02	2.286165e-02	-2.841037e-02	3.350777e-02	-3.935376e-02	3.289327e-02	-1.203495e-02	3.050959e-02	-3.144454e-02	3.164733e-02	-4.540698e-02	4.326370e-02	1.852289e-02	-5.461062e-01	4.754271e-01	-3.966177e-01	1.000000e+00	-9.034163e-01	4.669291e-03	-1.948598e-03	-2.239551e-03	3.545459e-02	-1.077349e-01	
-1.036922e-01	-1.116791e-01	6.098796e-02	-4.021270e-02	1.406694e-02	-1.684466e-02	2.096805e-02	-4.894964e-02	3.328748e-02	-5.661641e-02	6.291754e-02	-6.827383e-02	3.846396e-02	-2.798271e-02	2.250629e-01	1.690362e-01	-8.490728e-02	6.546004e-03	-9.034163e-01	1.000000e+00	-9.223833e-02	1.082565e-01	-1.206603e-01	-9.349164e-02	2.093887e-01	
4.068973e-03	2.365740e-02	-3.846368e-01	2.639520e-01	9.934104e-03	-1.228886e-02	1.250566e-02	3.473373e-02	-3.636475e-02	1.191778e-01	-1.673717e-01	2.296261e-01	7.128376e-02	-1.156745e-01	1.170814e-01	2.025495e-01	-2.121116e-01	2.139191e-01	4.669291e-03	-9.223833e-02	1.000000e+00	-9.832178e-01	9.155693e-01	-7.106827e-01	5.382699e-01	
6.574960e-03	-3.968950e-02	5.013890e-01	-3.425140e-01	-1.219716e-02	1.546254e-02	-1.577004e-02	-3.895772e-02	3.883415e-02	-1.705658e-01	2.319743e-01	-3.106492e-01	-7.578849e-02	1.362467e-01	-1.646653e-01	-2.473321e-01	2.622081e-01	-2.668338e-01	-1.948598e-03	1.082565e-01	-9.832178e-01	1.000000e+00	-9.726905e-01	6.526382e-01	-4.703458e-01	
-4.102997e-02	7.010676e-02	-6.382816e-01	4.329117e-01	1.664775e-02	-2.126922e-02	2.192075e-02	4.227669e-02	-4.159434e-02	2.332376e-01	-3.108603e-01	4.099921e-01	7.856232e-02	-1.597921e-01	2.294598e-01	2.896427e-01	-3.101492e-01	3.180029e-01	-2.239551e-03	-1.206603e-01	9.155693e-01	-9.726905e-01	1.000000e+00	-5.352221e-01	3.487217e-01	
1.481883e-01	-1.136784e-01	-1.604759e-01	8.623874e-02	4.448676e-02	-4.527389e-02	4.421158e-02	-8.187031e-03	-1.575118e-03	8.240113e-02	-9.462190e-02	1.046443e-01	9.183588e-03	-2.896702e-02	3.143949e-02	1.009613e-01	-1.206618e-01	1.325384e-01	3.545459e-02	-9.349164e-02	-7.106827e-01	6.526382e-01	-5.352221e-01	1.000000e+00	-9.632860e-01	
-1.266370e-01	7.907961e-02	2.964942e-01	-1.757149e-01	-4.760057e-02	4.965531e-02	-4.927250e-02	-5.519316e-03	1.490935e-02	-1.398144e-01	1.694484e-01	-2.012927e-01	-1.631696e-02	5.584576e-02	-6.032823e-02	-1.525124e-01	1.828421e-01	-2.012515e-01	-1.077349e-01	2.093887e-01	5.382699e-01	-4.703458e-01	3.487217e-01	-9.632860e-01	1.000000e+00	

Time taken for mcmc chain: 19.000000 minutes
