Number of steps: 1169922
Number of accepted steps: 1000000
Burn-in number of steps: 320000
Accepted fraction of steps: 0.854758
Convergence Status
R[0]= 1.082735	R[1]= 1.060443	R[2]= 1.156264	R[3]= 1.282730	R[4]= 1.179549	R[5]= 1.205049	R[6]= 1.232287	R[7]= 1.128482	R[8]= 1.083513	R[9]= 1.018210	R[10]= 1.011458	R[11]= 1.015101	R[12]= 1.065475	R[13]= 1.061998	R[14]= 1.117014	R[15]= 1.108475	R[16]= 1.130834	R[17]= 1.135809	R[18]= 1.019249	R[19]= 1.064567	R[20]= 1.017690	R[21]= 1.020667	R[22]= 1.036626	R[23]= 1.034149	R[24]= 1.045687	
<R>= 1.092562

Mean parameters
A[0]= 9.334113e-01 pm 3.220321e-02
A[1]= 1.045483e+00 pm 2.644756e-02
A[2]= 5.666626e-01 pm 3.261110e-01
A[3]= 3.706987e+00 pm 1.042003e+00
A[4]= -4.424337e+03 pm 3.178428e+03
A[5]= 2.260647e+03 pm 2.055149e+03
A[6]= -8.253093e+01 pm 4.795925e+02
A[7]= 1.886331e+01 pm 1.254277e+01
A[8]= -2.923150e-01 pm 1.731041e-01
A[9]= -1.536067e+03 pm 6.971955e+03
A[10]= 3.212283e+02 pm 4.050158e+03
A[11]= -1.928085e+02 pm 8.210136e+02
A[12]= 1.024881e+01 pm 4.304432e+01
A[13]= -4.375648e-01 pm 8.242183e-01
A[14]= 5.032929e+00 pm 1.422792e+00
A[15]= -6.492948e+03 pm 4.782765e+03
A[16]= 4.655599e+03 pm 3.102141e+03
A[17]= -7.894842e+02 pm 7.157616e+02
A[18]= 4.942618e+00 pm 1.758005e+01
A[19]= 8.911477e-02 pm 2.360917e-01
A[20]= 2.881021e+03 pm 1.107803e+04
A[21]= -1.624652e+03 pm 6.452684e+03
A[22]= -6.347672e+01 pm 1.294372e+03
A[23]= -1.482897e+01 pm 6.730554e+01
A[24]= -1.404055e-02 pm 1.290479e+00

Best-fitting parameters
A[0]= 9.352868e-01
A[1]= 1.054010e+00
A[2]= 3.134705e-01
A[3]= 4.503301e+00
A[4]= -6.160286e+03
A[5]= 3.407362e+03
A[6]= -3.526351e+02
A[7]= 2.651732e+01
A[8]= -3.403974e-01
A[9]= -1.494039e+03
A[10]= -6.536060e+02
A[11]= 2.179825e+02
A[12]= 1.110387e+01
A[13]= -5.011205e-01
A[14]= 5.681492e+00
A[15]= -7.034651e+03
A[16]= 4.961601e+03
A[17]= -8.432789e+02
A[18]= 1.100787e+01
A[19]= 9.521460e-03
A[20]= 4.883954e+03
A[21]= -4.373659e+03
A[22]= 8.335554e+02
A[23]= -3.716890e+01
A[24]= 3.941972e-01
chi2_min= 8.984105e+01


Cross-Covariance parameters
1.000000e+00	-4.647239e-01	-2.608135e-01	1.052610e-01	7.307785e-02	-9.015042e-02	9.854374e-02	2.587979e-02	-2.306716e-02	5.429201e-02	-6.487357e-02	5.458244e-02	1.223686e-01	-9.777469e-02	7.894944e-02	1.684049e-01	-1.520606e-01	1.258957e-01	7.488535e-03	-5.506858e-02	-9.749218e-04	1.130817e-03	-1.734414e-02	1.904067e-01	-1.900799e-01	
-4.647239e-01	1.000000e+00	2.091671e-01	-2.077700e-01	-9.766373e-02	1.021751e-01	-1.174589e-01	2.082253e-01	-1.852279e-01	-6.046500e-02	4.739826e-02	-2.133883e-02	-1.333042e-01	1.029907e-01	-2.052772e-01	-6.579130e-02	5.920068e-02	-6.861231e-02	1.891123e-01	-1.729819e-01	-4.417928e-02	5.207861e-02	-4.063932e-02	-5.633668e-02	6.341908e-02	
-2.608135e-01	2.091671e-01	1.000000e+00	-7.248351e-01	-4.449489e-02	2.967129e-02	-1.081781e-02	7.164159e-02	-1.079714e-01	-2.031690e-01	3.381956e-01	-5.155140e-01	-3.221244e-01	3.979653e-01	-6.563418e-01	-8.588708e-02	8.158788e-02	-7.836194e-02	6.378656e-02	-4.981399e-02	-3.472202e-01	4.490229e-01	-5.863670e-01	-1.479307e-01	2.610047e-01	
1.052610e-01	-2.077700e-01	-7.248351e-01	1.000000e+00	-4.371147e-01	5.193812e-01	-5.828644e-01	5.762334e-02	1.849739e-01	-4.439412e-03	-8.427106e-02	2.102434e-01	2.631384e-01	-2.792585e-01	4.689012e-01	4.958065e-02	-6.268240e-02	8.068746e-02	-9.639827e-02	9.511041e-02	3.023231e-01	-3.673065e-01	4.565730e-01	9.236182e-02	-1.802933e-01	
7.307785e-02	-9.766373e-02	-4.449489e-02	-4.371147e-01	1.000000e+00	-9.815329e-01	9.289823e-01	-6.782041e-01	3.487512e-01	2.139489e-01	-2.428947e-01	2.676328e-01	-7.128987e-02	9.324289e-02	1.331228e-01	-1.376741e-02	3.612372e-02	-6.136251e-02	-4.255930e-02	5.297174e-02	9.832623e-02	-1.096541e-01	1.109358e-01	-1.224571e-01	1.188386e-01	
-9.015042e-02	1.021751e-01	2.967129e-02	5.193812e-01	-9.815329e-01	1.000000e+00	-9.821134e-01	6.314702e-01	-2.870220e-01	-2.233120e-01	2.486954e-01	-2.701120e-01	6.122804e-02	-7.395044e-02	-1.029403e-01	4.495642e-03	-2.561652e-02	4.971121e-02	1.806694e-02	-2.010000e-02	-5.985346e-02	7.053032e-02	-7.244587e-02	8.885112e-02	-8.751016e-02	
9.854374e-02	-1.174589e-01	-1.081781e-02	-5.828644e-01	9.289823e-01	-9.821134e-01	1.000000e+00	-5.660690e-01	2.228896e-01	2.275806e-01	-2.480843e-01	2.644303e-01	-5.410717e-02	5.836997e-02	6.934212e-02	9.523649e-03	1.031105e-02	-3.280529e-02	-7.646261e-04	-7.242548e-03	1.754266e-02	-2.819668e-02	3.135754e-02	-5.351210e-02	5.509757e-02	
2.587979e-02	2.082253e-01	7.164159e-02	5.762334e-02	-6.782041e-01	6.314702e-01	-5.660690e-01	1.000000e+00	-9.034797e-01	1.671936e-02	1.662313e-03	-3.553247e-02	-2.277415e-02	-1.364075e-01	-1.114906e-01	1.273815e-02	-2.504736e-02	3.273622e-02	4.029824e-02	-4.672801e-02	-1.021350e-01	9.954767e-02	-8.816604e-02	6.052505e-02	-4.311067e-02	
-2.306716e-02	-1.852279e-01	-1.079714e-01	1.849739e-01	3.487512e-01	-2.870220e-01	2.228896e-01	-9.034797e-01	1.000000e+00	-1.290490e-01	1.109610e-01	-7.193754e-02	7.499659e-02	1.236481e-01	8.726723e-02	2.119978e-02	-1.272461e-02	8.809366e-03	-3.309390e-02	2.926933e-02	1.172062e-01	-1.163738e-01	1.084605e-01	-4.315377e-02	2.189648e-02	
5.429201e-02	-6.046500e-02	-2.031690e-01	-4.439412e-03	2.139489e-01	-2.233120e-01	2.275806e-01	1.671936e-02	-1.290490e-01	1.000000e+00	-9.823156e-01	9.041001e-01	-7.527932e-01	5.947420e-01	1.333572e-01	1.248599e-01	-9.630209e-02	6.546756e-02	-8.815000e-02	3.260818e-02	6.716424e-02	-9.101745e-02	1.242507e-01	1.766235e-02	-3.304233e-02	
-6.487357e-02	4.739826e-02	3.381956e-01	-8.427106e-02	-2.428947e-01	2.486954e-01	-2.480843e-01	1.662313e-03	1.109610e-01	-9.823156e-01	1.000000e+00	-9.670816e-01	7.006269e-01	-5.403051e-01	-2.212018e-01	-1.304470e-01	1.042753e-01	-7.540903e-02	9.600522e-02	-4.463784e-02	-1.297788e-01	1.687298e-01	-2.220420e-01	-2.261887e-02	5.475004e-02	
5.458244e-02	-2.133883e-02	-5.155140e-01	2.102434e-01	2.676328e-01	-2.701120e-01	2.644303e-01	-3.553247e-02	-7.193754e-02	9.041001e-01	-9.670816e-01	1.000000e+00	-5.767003e-01	4.227925e-01	3.363931e-01	1.316362e-01	-1.103308e-01	8.593653e-02	-9.781874e-02	5.356593e-02	2.050987e-01	-2.648301e-01	3.467450e-01	3.768089e-02	-9.319415e-02	
1.223686e-01	-1.333042e-01	-3.221244e-01	2.631384e-01	-7.128987e-02	6.122804e-02	-5.410717e-02	-2.277415e-02	7.499659e-02	-7.527932e-01	7.006269e-01	-5.767003e-01	1.000000e+00	-9.543073e-01	2.299622e-01	-6.780896e-02	4.631016e-02	-2.197718e-02	4.065382e-02	-1.249034e-02	1.114495e-01	-1.479763e-01	1.917186e-01	3.494372e-02	-7.407945e-02	
-9.777469e-02	1.029907e-01	3.979653e-01	-2.792585e-01	9.324289e-02	-7.395044e-02	5.836997e-02	-1.364075e-01	1.236481e-01	5.947420e-01	-5.403051e-01	4.227925e-01	-9.543073e-01	1.000000e+00	-2.835291e-01	6.347679e-02	-4.137676e-02	1.580448e-02	-1.908161e-02	-6.167798e-03	-1.450840e-01	1.952972e-01	-2.575714e-01	-1.846164e-02	6.458855e-02	
7.894944e-02	-2.052772e-01	-6.563418e-01	4.689012e-01	1.331228e-01	-1.029403e-01	6.934212e-02	-1.114906e-01	8.726723e-02	1.333572e-01	-2.212018e-01	3.363931e-01	2.299622e-01	-2.835291e-01	1.000000e+00	-5.137088e-01	5.743764e-01	-6.172707e-01	2.074687e-02	2.294934e-01	1.810590e-01	-2.376164e-01	3.150276e-01	-2.870724e-02	-8.359490e-03	
1.684049e-01	-6.579130e-02	-8.588708e-02	4.958065e-02	-1.376741e-02	4.495642e-03	9.523649e-03	1.273815e-02	2.119978e-02	1.248599e-01	-1.304470e-01	1.316362e-01	-6.780896e-02	6.347679e-02	-5.137088e-01	1.000000e+00	-9.859134e-01	9.428927e-01	-5.968001e-01	2.454831e-01	1.268786e-01	-1.513573e-01	1.759909e-01	8.538352e-02	-9.967300e-02	
-1.520606e-01	5.920068e-02	8.158788e-02	-6.268240e-02	3.612372e-02	-2.561652e-02	1.031105e-02	-2.504736e-02	-1.272461e-02	-9.630209e-02	1.042753e-01	-1.103308e-01	4.631016e-02	-4.137676e-02	5.743764e-01	-9.859134e-01	1.000000e+00	-9.847069e-01	5.411191e-01	-1.774060e-01	-1.185775e-01	1.473958e-01	-1.780248e-01	-1.106119e-01	1.337122e-01	
1.258957e-01	-6.861231e-02	-7.836194e-02	8.068746e-02	-6.136251e-02	4.971121e-02	-3.280529e-02	3.273622e-02	8.809366e-03	6.546756e-02	-7.540903e-02	8.593653e-02	-2.197718e-02	1.580448e-02	-6.172707e-01	9.428927e-01	-9.847069e-01	1.000000e+00	-4.724448e-01	1.096038e-01	1.174492e-01	-1.496643e-01	1.848137e-01	1.249677e-01	-1.578455e-01	
7.488535e-03	1.891123e-01	6.378656e-02	-9.639827e-02	-4.255930e-02	1.806694e-02	-7.646261e-04	4.029824e-02	-3.309390e-02	-8.815000e-02	9.600522e-02	-9.781874e-02	4.065382e-02	-1.908161e-02	2.074687e-02	-5.968001e-01	5.411191e-01	-4.724448e-01	1.000000e+00	-9.107337e-01	-1.537878e-01	1.624434e-01	-1.649091e-01	1.531465e-01	-2.045665e-01	
-5.506858e-02	-1.729819e-01	-4.981399e-02	9.511041e-02	5.297174e-02	-2.010000e-02	-7.242548e-03	-4.672801e-02	2.926933e-02	3.260818e-02	-4.463784e-02	5.356593e-02	-1.249034e-02	-6.167798e-03	2.294934e-01	2.454831e-01	-1.774060e-01	1.096038e-01	-9.107337e-01	1.000000e+00	1.355600e-01	-1.323381e-01	1.226842e-01	-2.287712e-01	3.023998e-01	
-9.749218e-04	-4.417928e-02	-3.472202e-01	3.023231e-01	9.832623e-02	-5.985346e-02	1.754266e-02	-1.021350e-01	1.172062e-01	6.716424e-02	-1.297788e-01	2.050987e-01	1.114495e-01	-1.450840e-01	1.810590e-01	1.268786e-01	-1.185775e-01	1.174492e-01	-1.537878e-01	1.355600e-01	1.000000e+00	-9.856159e-01	9.235712e-01	-7.746194e-01	6.503806e-01	
1.130817e-03	5.207861e-02	4.490229e-01	-3.673065e-01	-1.096541e-01	7.053032e-02	-2.819668e-02	9.954767e-02	-1.163738e-01	-9.101745e-02	1.687298e-01	-2.648301e-01	-1.479763e-01	1.952972e-01	-2.376164e-01	-1.513573e-01	1.473958e-01	-1.496643e-01	1.624434e-01	-1.323381e-01	-9.856159e-01	1.000000e+00	-9.740726e-01	7.404381e-01	-6.103182e-01	
-1.734414e-02	-4.063932e-02	-5.863670e-01	4.565730e-01	1.109358e-01	-7.244587e-02	3.135754e-02	-8.816604e-02	1.084605e-01	1.242507e-01	-2.220420e-01	3.467450e-01	1.917186e-01	-2.575714e-01	3.150276e-01	1.759909e-01	-1.780248e-01	1.848137e-01	-1.649091e-01	1.226842e-01	9.235712e-01	-9.740726e-01	1.000000e+00	-6.438797e-01	5.103433e-01	
1.904067e-01	-5.633668e-02	-1.479307e-01	9.236182e-02	-1.224571e-01	8.885112e-02	-5.351210e-02	6.052505e-02	-4.315377e-02	1.766235e-02	-2.261887e-02	3.768089e-02	3.494372e-02	-1.846164e-02	-2.870724e-02	8.538352e-02	-1.106119e-01	1.249677e-01	1.531465e-01	-2.287712e-01	-7.746194e-01	7.404381e-01	-6.438797e-01	1.000000e+00	-9.754179e-01	
-1.900799e-01	6.341908e-02	2.610047e-01	-1.802933e-01	1.188386e-01	-8.751016e-02	5.509757e-02	-4.311067e-02	2.189648e-02	-3.304233e-02	5.475004e-02	-9.319415e-02	-7.407945e-02	6.458855e-02	-8.359490e-03	-9.967300e-02	1.337122e-01	-1.578455e-01	-2.045665e-01	3.023998e-01	6.503806e-01	-6.103182e-01	5.103433e-01	-9.754179e-01	1.000000e+00	

Time taken for mcmc chain: 7.266667 minutes
