Number of steps: 6596562
Number of accepted steps: 1000000
Burn-in number of steps: 320000
Accepted fraction of steps: 0.151594
Convergence Status
R[0]= 1.048876	R[1]= 1.035459	R[2]= 1.297714	R[3]= 1.117669	R[4]= 1.009588	R[5]= 1.009431	R[6]= 1.008984	R[7]= 1.000639	R[8]= 1.002861	R[9]= 1.022514	R[10]= 1.038385	R[11]= 1.062687	R[12]= 1.006256	R[13]= 1.014297	R[14]= 1.149874	R[15]= 1.004172	R[16]= 1.005313	R[17]= 1.006993	R[18]= 1.003664	R[19]= 1.009468	R[20]= 1.022503	R[21]= 1.040989	R[22]= 1.067962	R[23]= 1.019299	R[24]= 1.028037	
<R>= 1.041345

Mean parameters
A[0]= 8.107523e-01 pm 7.888508e-02
A[1]= 9.938156e-01 pm 3.535398e-02
A[2]= 4.986196e-01 pm 4.389226e-01
A[3]= 3.370768e+00 pm 1.358752e+00
A[4]= -8.255546e+02 pm 3.496730e+03
A[5]= -1.610682e+02 pm 2.244186e+03
A[6]= 4.261192e+02 pm 5.044344e+02
A[7]= 6.651988e+00 pm 1.141334e+01
A[8]= -1.590133e-01 pm 1.712931e-01
A[9]= -6.351660e+03 pm 6.758104e+03
A[10]= 2.401286e+03 pm 4.033948e+03
A[11]= -4.304625e+02 pm 8.425683e+02
A[12]= 4.361856e+01 pm 4.016335e+01
A[13]= -8.868973e-01 pm 7.957137e-01
A[14]= 5.558786e+00 pm 1.901505e+00
A[15]= -8.489826e+03 pm 4.512054e+03
A[16]= 5.346898e+03 pm 2.947415e+03
A[17]= -8.668873e+02 pm 6.742901e+02
A[18]= 8.963503e+00 pm 1.678842e+01
A[19]= 2.082544e-03 pm 2.469909e-01
A[20]= -6.396330e+03 pm 9.516443e+03
A[21]= 2.942715e+03 pm 5.789939e+03
A[22]= -7.379210e+02 pm 1.250259e+03
A[23]= 5.312990e+01 pm 5.673833e+01
A[24]= -1.406758e+00 pm 1.150194e+00

Best-fitting parameters
A[0]= 8.470855e-01
A[1]= 9.511908e-01
A[2]= 2.765166e-01
A[3]= 3.366691e+00
A[4]= -1.971788e+02
A[5]= -6.423383e+02
A[6]= 5.673606e+02
A[7]= 6.488026e+00
A[8]= -1.480350e-01
A[9]= -5.677311e+03
A[10]= 1.928709e+03
A[11]= -3.446800e+02
A[12]= 4.946048e+01
A[13]= -9.766535e-01
A[14]= 6.668651e+00
A[15]= -9.706492e+03
A[16]= 6.194322e+03
A[17]= -1.066376e+03
A[18]= 1.037318e+01
A[19]= 5.258107e-03
A[20]= -4.575909e+03
A[21]= 2.005753e+03
A[22]= -5.934209e+02
A[23]= 5.946053e+01
A[24]= -1.497295e+00
chi2_min= 1.120389e+02


Cross-Covariance parameters
1.000000e+00	-5.954396e-01	1.366626e-01	-3.090210e-01	2.747253e-01	-2.381800e-01	1.830585e-01	-1.438656e-01	1.890975e-01	-1.525925e-01	2.372914e-01	-3.633562e-01	-3.407532e-02	2.328239e-01	-2.362489e-01	1.479733e-01	-1.076708e-01	4.914879e-02	-5.761618e-02	1.435306e-01	-1.137158e-01	2.086314e-01	-3.432213e-01	-9.477194e-02	2.612931e-01	
-5.954396e-01	1.000000e+00	1.485473e-01	-4.159921e-02	-1.120625e-01	9.886831e-02	-8.414291e-02	1.976412e-01	-2.184682e-01	8.987834e-02	-1.259792e-01	1.853912e-01	-9.290857e-02	-4.865941e-02	-9.195644e-02	-1.032035e-01	8.672953e-02	-6.952337e-02	1.818082e-01	-1.987100e-01	3.263325e-02	-7.549314e-02	1.453813e-01	-7.949407e-02	-2.792137e-02	
1.366626e-01	1.485473e-01	1.000000e+00	-6.668681e-01	1.011859e-01	-1.085869e-01	1.160603e-01	7.476430e-03	-5.311834e-02	-3.260388e-01	4.373395e-01	-5.680583e-01	-2.044957e-01	3.052848e-01	-6.892216e-01	-5.036791e-02	4.943031e-02	-4.522339e-02	3.954058e-02	-2.997523e-02	-3.955128e-01	5.195614e-01	-6.514057e-01	-3.047444e-01	4.231236e-01	
-3.090210e-01	-4.159921e-02	-6.668681e-01	1.000000e+00	-6.334416e-01	6.850305e-01	-7.174576e-01	1.689912e-03	2.390719e-01	1.786508e-01	-2.691053e-01	3.928286e-01	9.827346e-02	-1.670377e-01	5.332257e-01	-8.684881e-03	1.964770e-03	8.068801e-03	-3.129298e-02	9.239440e-03	2.704921e-01	-3.717413e-01	4.860483e-01	2.268876e-01	-3.325387e-01	
2.747253e-01	-1.120625e-01	1.011859e-01	-6.334416e-01	1.000000e+00	-9.860591e-01	9.451956e-01	-4.999461e-01	1.576374e-01	-1.550972e-02	3.232413e-02	-6.900985e-02	7.911729e-02	4.911417e-03	-1.404957e-01	7.840886e-02	-7.288358e-02	6.038958e-02	1.097260e-03	7.827833e-03	-1.437178e-02	4.833622e-02	-9.647117e-02	-6.058803e-02	1.042393e-01	
-2.381800e-01	9.886831e-02	-1.085869e-01	6.850305e-01	-9.860591e-01	1.000000e+00	-9.858971e-01	4.283562e-01	-7.221642e-02	2.567615e-03	-1.686900e-02	5.109127e-02	-8.779143e-02	2.346961e-02	1.398715e-01	-7.341653e-02	7.013530e-02	-6.068125e-02	-3.627740e-03	4.757635e-04	1.304477e-02	-4.582224e-02	9.168589e-02	5.811028e-02	-9.584346e-02	
1.830585e-01	-8.414291e-02	1.160603e-01	-7.174576e-01	9.451956e-01	-9.858971e-01	1.000000e+00	-3.499913e-01	-9.089639e-03	1.243420e-02	-1.376783e-03	-2.890634e-02	9.020704e-02	-4.673235e-02	-1.350939e-01	6.482556e-02	-6.461011e-02	5.962445e-02	4.092388e-03	-8.637985e-03	-1.325326e-02	4.338043e-02	-8.469844e-02	-5.307215e-02	8.301280e-02	
-1.438656e-01	1.976412e-01	7.476430e-03	1.689912e-03	-4.999461e-01	4.283562e-01	-3.499913e-01	1.000000e+00	-9.063991e-01	1.699393e-01	-1.695405e-01	1.575479e-01	-9.668271e-02	-1.179104e-01	1.309088e-02	-2.880747e-02	2.634767e-02	-2.261088e-02	3.529035e-02	-3.957210e-02	9.182378e-03	-2.413094e-02	4.531262e-02	-8.527114e-04	-2.683413e-02	
1.890975e-01	-2.184682e-01	-5.311834e-02	2.390719e-01	1.576374e-01	-7.221642e-02	-9.089639e-03	-9.063991e-01	1.000000e+00	-2.004067e-01	2.039101e-01	-1.908732e-01	7.170294e-02	1.718660e-01	1.870690e-02	2.304759e-02	-1.540022e-02	5.567839e-03	-4.033036e-02	5.726153e-02	-9.037237e-03	2.150155e-02	-4.013784e-02	1.155149e-02	2.148176e-02	
-1.525925e-01	8.987834e-02	-3.260388e-01	1.786508e-01	-1.550972e-02	2.567615e-03	1.243420e-02	1.699393e-01	-2.004067e-01	1.000000e+00	-9.822242e-01	9.076325e-01	-7.276436e-01	5.246922e-01	2.396082e-01	1.417237e-02	-1.621101e-02	1.743157e-02	-3.281437e-03	-5.882175e-03	1.746550e-01	-2.245949e-01	2.782700e-01	7.028014e-02	-1.300724e-01	
2.372914e-01	-1.259792e-01	4.373395e-01	-2.691053e-01	3.232413e-02	-1.686900e-02	-1.376783e-03	-1.695405e-01	2.039101e-01	-9.822242e-01	1.000000e+00	-9.692360e-01	6.720652e-01	-4.546588e-01	-3.251582e-01	-1.423809e-02	1.933077e-02	-2.408244e-02	-3.081538e-04	1.866187e-02	-2.255420e-01	2.956393e-01	-3.730402e-01	-1.104112e-01	1.954056e-01	
-3.633562e-01	1.853912e-01	-5.680583e-01	3.928286e-01	-6.900985e-02	5.109127e-02	-2.890634e-02	1.575479e-01	-1.908732e-01	9.076325e-01	-9.692360e-01	1.000000e+00	-5.493683e-01	3.226091e-01	4.298410e-01	7.961730e-03	-1.773989e-02	2.830970e-02	7.869683e-03	-3.869473e-02	2.860014e-01	-3.817472e-01	4.902324e-01	1.602434e-01	-2.792211e-01	
-3.407532e-02	-9.290857e-02	-2.044957e-01	9.827346e-02	7.911729e-02	-8.779143e-02	9.020704e-02	-9.668271e-02	7.170294e-02	-7.276436e-01	6.720652e-01	-5.493683e-01	1.000000e+00	-9.338914e-01	1.509269e-01	1.130268e-02	-1.633413e-02	2.156989e-02	1.836592e-03	-1.348837e-02	8.358024e-02	-1.091350e-01	1.359998e-01	8.640633e-02	-1.147080e-01	
2.328239e-01	-4.865941e-02	3.052848e-01	-1.670377e-01	4.911417e-03	2.346961e-02	-4.673235e-02	-1.179104e-01	1.718660e-01	5.246922e-01	-4.546588e-01	3.226091e-01	-9.338914e-01	1.000000e+00	-2.461218e-01	1.091223e-02	1.149214e-03	-1.599114e-02	-1.950349e-02	4.607361e-02	-1.458074e-01	2.005632e-01	-2.642378e-01	-1.180016e-01	1.898260e-01	
-2.362489e-01	-9.195644e-02	-6.892216e-01	5.332257e-01	-1.404957e-01	1.398715e-01	-1.350939e-01	1.309088e-02	1.870690e-02	2.396082e-01	-3.251582e-01	4.298410e-01	1.509269e-01	-2.461218e-01	1.000000e+00	-4.992036e-01	5.537210e-01	-5.878611e-01	-1.246777e-01	2.989513e-01	1.934064e-01	-2.896513e-01	4.120357e-01	2.025018e-01	-2.830340e-01	
1.479733e-01	-1.032035e-01	-5.036791e-02	-8.684881e-03	7.840886e-02	-7.341653e-02	6.482556e-02	-2.880747e-02	2.304759e-02	1.417237e-02	-1.423809e-02	7.961730e-03	1.130268e-02	1.091223e-02	-4.992036e-01	1.000000e+00	-9.840414e-01	9.384140e-01	-4.145691e-01	1.019914e-01	1.430897e-01	-1.415911e-01	1.159619e-01	2.173156e-02	3.439028e-04	
-1.076708e-01	8.672953e-02	4.943031e-02	1.964770e-03	-7.288358e-02	7.013530e-02	-6.461011e-02	2.634767e-02	-1.540022e-02	-1.621101e-02	1.933077e-02	-1.773989e-02	-1.633413e-02	1.149214e-03	5.537210e-01	-9.840414e-01	1.000000e+00	-9.843646e-01	3.299599e-01	-6.113317e-03	-1.515402e-01	1.547362e-01	-1.337599e-01	-3.964165e-02	3.007579e-02	
4.914879e-02	-6.952337e-02	-4.522339e-02	8.068801e-03	6.038958e-02	-6.068125e-02	5.962445e-02	-2.261088e-02	5.567839e-03	1.743157e-02	-2.408244e-02	2.830970e-02	2.156989e-02	-1.599114e-02	-5.878611e-01	9.384140e-01	-9.843646e-01	1.000000e+00	-2.437121e-01	-8.138479e-02	1.541146e-01	-1.630533e-01	1.491766e-01	5.589827e-02	-5.942116e-02	
-5.761618e-02	1.818082e-01	3.954058e-02	-3.129298e-02	1.097260e-03	-3.627740e-03	4.092388e-03	3.529035e-02	-4.033036e-02	-3.281437e-03	-3.081538e-04	7.869683e-03	1.836592e-03	-1.950349e-02	-1.246777e-01	-4.145691e-01	3.299599e-01	-2.437121e-01	1.000000e+00	-9.246261e-01	5.633430e-02	-5.657333e-02	5.007551e-02	8.281931e-03	-1.054912e-01	
1.435306e-01	-1.987100e-01	-2.997523e-02	9.239440e-03	7.827833e-03	4.757635e-04	-8.637985e-03	-3.957210e-02	5.726153e-02	-5.882175e-03	1.866187e-02	-3.869473e-02	-1.348837e-02	4.607361e-02	2.989513e-01	1.019914e-01	-6.113317e-03	-8.138479e-02	-9.246261e-01	1.000000e+00	-1.193981e-01	1.279187e-01	-1.248799e-01	-2.949715e-02	1.537286e-01	
-1.137158e-01	3.263325e-02	-3.955128e-01	2.704921e-01	-1.437178e-02	1.304477e-02	-1.325326e-02	9.182378e-03	-9.037237e-03	1.746550e-01	-2.255420e-01	2.860014e-01	8.358024e-02	-1.458074e-01	1.934064e-01	1.430897e-01	-1.515402e-01	1.541146e-01	5.633430e-02	-1.193981e-01	1.000000e+00	-9.794449e-01	8.961622e-01	-6.246454e-01	4.328695e-01	
2.086314e-01	-7.549314e-02	5.195614e-01	-3.717413e-01	4.833622e-02	-4.582224e-02	4.338043e-02	-2.413094e-02	2.150155e-02	-2.245949e-01	2.956393e-01	-3.817472e-01	-1.091350e-01	2.005632e-01	-2.896513e-01	-1.415911e-01	1.547362e-01	-1.630533e-01	-5.657333e-02	1.279187e-01	-9.794449e-01	1.000000e+00	-9.662804e-01	5.386536e-01	-3.321378e-01	
-3.432213e-01	1.453813e-01	-6.514057e-01	4.860483e-01	-9.647117e-02	9.168589e-02	-8.469844e-02	4.531262e-02	-4.013784e-02	2.782700e-01	-3.730402e-01	4.902324e-01	1.359998e-01	-2.642378e-01	4.120357e-01	1.159619e-01	-1.337599e-01	1.491766e-01	5.007551e-02	-1.248799e-01	8.961622e-01	-9.662804e-01	1.000000e+00	-3.858693e-01	1.702723e-01	
-9.477194e-02	-7.949407e-02	-3.047444e-01	2.268876e-01	-6.058803e-02	5.811028e-02	-5.307215e-02	-8.527114e-04	1.155149e-02	7.028014e-02	-1.104112e-01	1.602434e-01	8.640633e-02	-1.180016e-01	2.025018e-01	2.173156e-02	-3.964165e-02	5.589827e-02	8.281931e-03	-2.949715e-02	-6.246454e-01	5.386536e-01	-3.858693e-01	1.000000e+00	-9.552481e-01	
2.612931e-01	-2.792137e-02	4.231236e-01	-3.325387e-01	1.042393e-01	-9.584346e-02	8.301280e-02	-2.683413e-02	2.148176e-02	-1.300724e-01	1.954056e-01	-2.792211e-01	-1.147080e-01	1.898260e-01	-2.830340e-01	3.439028e-04	3.007579e-02	-5.942116e-02	-1.054912e-01	1.537286e-01	4.328695e-01	-3.321378e-01	1.702723e-01	-9.552481e-01	1.000000e+00	

Time taken for mcmc chain: 1.125000 hours
