Number of steps: 4566274
Number of accepted steps: 1000000
Burn-in number of steps: 320000
Accepted fraction of steps: 0.218997
Convergence Status
R[0]= 1.008987	R[1]= 1.008527	R[2]= 1.106154	R[3]= 1.032556	R[4]= 1.001621	R[5]= 1.001370	R[6]= 1.001184	R[7]= 1.000630	R[8]= 1.000188	R[9]= 1.022045	R[10]= 1.028874	R[11]= 1.036606	R[12]= 1.003198	R[13]= 1.000709	R[14]= 1.045779	R[15]= 1.001370	R[16]= 1.001961	R[17]= 1.002553	R[18]= 1.000338	R[19]= 1.001444	R[20]= 1.008535	R[21]= 1.014831	R[22]= 1.024924	R[23]= 1.004285	R[24]= 1.009104	
<R>= 1.014711

Mean parameters
A[0]= 9.746718e-01 pm 3.296814e-02
A[1]= 1.061070e+00 pm 2.598725e-02
A[2]= 5.709527e-01 pm 4.056784e-01
A[3]= 4.033213e+00 pm 1.242044e+00
A[4]= -3.391285e+03 pm 3.895362e+03
A[5]= 1.864537e+03 pm 2.577094e+03
A[6]= -3.076670e+01 pm 6.124906e+02
A[7]= 4.314968e+00 pm 1.383708e+01
A[8]= -4.392130e-02 pm 1.855877e-01
A[9]= 2.770704e+03 pm 8.876807e+03
A[10]= -2.068733e+03 pm 5.368626e+03
A[11]= 2.429023e+02 pm 1.140927e+03
A[12]= -3.346907e+01 pm 4.947672e+01
A[13]= 7.174043e-01 pm 9.492687e-01
A[14]= 5.824901e+00 pm 1.748369e+00
A[15]= -6.834816e+03 pm 5.418836e+03
A[16]= 5.595000e+03 pm 3.553307e+03
A[17]= -1.158054e+03 pm 8.410693e+02
A[18]= 3.512676e+00 pm 2.037088e+01
A[19]= 1.509665e-01 pm 2.698268e-01
A[20]= 1.025626e+04 pm 1.206844e+04
A[21]= -5.129092e+03 pm 7.294908e+03
A[22]= 3.965723e+02 pm 1.558864e+03
A[23]= -5.631429e+01 pm 7.117550e+01
A[24]= 7.122110e-01 pm 1.388357e+00

Best-fitting parameters
A[0]= 9.558073e-01
A[1]= 1.078760e+00
A[2]= 4.618212e-01
A[3]= 3.973894e+00
A[4]= -2.933778e+03
A[5]= 1.720437e+03
A[6]= -3.140803e+01
A[7]= 1.269088e+01
A[8]= -1.747096e-01
A[9]= 6.814972e+03
A[10]= -4.674014e+03
A[11]= 8.129272e+02
A[12]= -5.274214e+01
A[13]= 9.133251e-01
A[14]= 5.363635e+00
A[15]= -5.079920e+03
A[16]= 4.175488e+03
A[17]= -7.807033e+02
A[18]= 1.673074e+00
A[19]= 1.293261e-01
A[20]= 1.970770e+04
A[21]= -1.052184e+04
A[22]= 1.454567e+03
A[23]= -8.869669e+01
A[24]= 1.174718e+00
chi2_min= 9.866993e+01


Cross-Covariance parameters
1.000000e+00	-5.231225e-01	-2.399726e-01	1.385833e-01	1.777018e-02	-1.396820e-02	2.608055e-03	6.412193e-02	-5.104041e-02	2.490212e-02	-2.530151e-02	7.927023e-03	1.276164e-01	-1.137824e-01	1.353052e-01	4.049159e-02	-3.910158e-02	2.822454e-02	6.223562e-02	-6.092136e-02	1.359344e-02	-1.326314e-02	-3.953934e-03	1.821655e-01	-1.734272e-01	
-5.231225e-01	1.000000e+00	2.440353e-01	-2.348502e-01	1.271516e-02	-1.468508e-02	9.269592e-03	1.067152e-01	-1.211568e-01	-6.812882e-03	1.033974e-02	-4.887833e-03	-9.120402e-02	4.618716e-02	-2.539940e-01	4.773709e-03	-4.170306e-03	-2.139459e-03	1.163201e-01	-1.251329e-01	5.181457e-03	-2.698482e-03	7.560872e-03	-1.518624e-01	1.275704e-01	
-2.399726e-01	2.440353e-01	1.000000e+00	-6.985982e-01	4.499137e-03	-7.838493e-03	1.604278e-02	-4.350684e-02	2.747839e-02	-4.290678e-01	5.409511e-01	-6.683933e-01	-3.421243e-02	1.853173e-01	-7.057204e-01	-3.996497e-02	3.836833e-02	-2.872077e-02	-2.658277e-02	2.093788e-02	-3.551705e-01	4.782936e-01	-6.258037e-01	-1.914761e-01	3.331709e-01	
1.385833e-01	-2.348502e-01	-6.985982e-01	1.000000e+00	-5.357781e-01	5.959133e-01	-6.406171e-01	2.022551e-01	9.166246e-02	2.200585e-01	-2.796544e-01	3.516714e-01	2.335898e-03	-6.099545e-02	5.045380e-01	3.145797e-02	-3.141870e-02	2.716114e-02	-8.622298e-03	1.154172e-02	2.484196e-01	-3.357247e-01	4.406262e-01	1.281751e-01	-2.252125e-01	
1.777018e-02	1.271516e-02	4.499137e-03	-5.357781e-01	1.000000e+00	-9.841335e-01	9.399761e-01	-6.871176e-01	2.947808e-01	6.995062e-02	-1.082919e-01	1.512840e-01	5.854965e-02	-5.363933e-02	1.027227e-02	-5.603622e-03	3.881117e-03	-2.424254e-03	1.663307e-02	-1.955016e-02	2.301309e-02	-2.243891e-02	2.098111e-02	-5.106890e-03	-2.733518e-03	
-1.396820e-02	-1.468508e-02	-7.838493e-03	5.959133e-01	-9.841335e-01	1.000000e+00	-9.851135e-01	6.418482e-01	-2.310349e-01	-8.047799e-02	1.215092e-01	-1.675369e-01	-6.378719e-02	7.186762e-02	-9.599426e-03	2.068428e-03	-1.212119e-04	-1.177831e-03	-1.359565e-02	1.874557e-02	-2.691782e-02	2.654944e-02	-2.507990e-02	8.365123e-03	4.753780e-04	
2.608055e-03	9.269592e-03	1.604278e-02	-6.406171e-01	9.399761e-01	-9.851135e-01	1.000000e+00	-5.806234e-01	1.675480e-01	9.166687e-02	-1.330763e-01	1.793288e-01	5.927736e-02	-7.736720e-02	6.667902e-03	3.710271e-04	-2.486984e-03	3.878902e-03	7.800770e-03	-1.490303e-02	2.720129e-02	-2.646217e-02	2.441484e-02	-1.250205e-02	4.117020e-03	
6.412193e-02	1.067152e-01	-4.350684e-02	2.022551e-01	-6.871176e-01	6.418482e-01	-5.806234e-01	1.000000e+00	-8.759663e-01	7.652607e-02	-5.390146e-02	1.884103e-02	-2.908443e-02	-1.277448e-01	-3.757388e-03	2.753150e-02	-2.743036e-02	2.333392e-02	3.067423e-02	-3.926168e-02	2.156824e-02	-2.988431e-02	3.816457e-02	8.057098e-03	-1.850456e-02	
-5.104041e-02	-1.211568e-01	2.747839e-02	9.166246e-02	2.947808e-01	-2.310349e-01	1.675480e-01	-8.759663e-01	1.000000e+00	-1.345385e-01	1.276276e-01	-1.069631e-01	1.073455e-02	2.032614e-01	9.236124e-03	-2.961268e-02	3.102344e-02	-2.831245e-02	-3.369087e-02	4.711611e-02	-3.207906e-02	3.966468e-02	-4.689142e-02	-7.395897e-04	1.494396e-02	
2.490212e-02	-6.812882e-03	-4.290678e-01	2.200585e-01	6.995062e-02	-8.047799e-02	9.166687e-02	7.652607e-02	-1.345385e-01	1.000000e+00	-9.834565e-01	9.168474e-01	-7.757582e-01	5.806013e-01	2.962483e-01	3.876313e-02	-3.892093e-02	3.391451e-02	8.863680e-03	-1.933922e-02	1.720048e-01	-2.301337e-01	3.014086e-01	7.318833e-02	-1.434632e-01	
-2.530151e-02	1.033974e-02	5.409511e-01	-2.796544e-01	-1.082919e-01	1.215092e-01	-1.330763e-01	-5.390146e-02	1.276276e-01	-9.834565e-01	1.000000e+00	-9.731997e-01	7.293751e-01	-5.257270e-01	-3.762334e-01	-4.607905e-02	4.664516e-02	-4.094969e-02	-1.141236e-02	2.357486e-02	-2.221772e-01	2.959424e-01	-3.858890e-01	-8.536758e-02	1.753820e-01	
7.927023e-03	-4.887833e-03	-6.683933e-01	3.516714e-01	1.512840e-01	-1.675369e-01	1.793288e-01	1.884103e-02	-1.069631e-01	9.168474e-01	-9.731997e-01	1.000000e+00	-6.221483e-01	4.169407e-01	4.693930e-01	5.176925e-02	-5.289277e-02	4.672912e-02	1.443707e-02	-2.771859e-02	2.811355e-01	-3.733345e-01	4.856280e-01	9.585436e-02	-2.094026e-01	
1.276164e-01	-9.120402e-02	-3.421243e-02	2.335898e-03	5.854965e-02	-6.378719e-02	5.927736e-02	-2.908443e-02	1.073455e-02	-7.757582e-01	7.293751e-01	-6.221483e-01	1.000000e+00	-9.422139e-01	4.015749e-02	-1.495658e-02	1.376047e-02	-1.250404e-02	1.566507e-02	-8.588008e-03	1.996905e-02	-1.998099e-02	1.678944e-02	8.479851e-03	-1.221216e-02	
-1.137824e-01	4.618716e-02	1.853173e-01	-6.099545e-02	-5.363933e-02	7.186762e-02	-7.736720e-02	-1.277448e-01	2.032614e-01	5.806013e-01	-5.257270e-01	4.169407e-01	-9.422139e-01	1.000000e+00	-1.414719e-01	-2.240780e-04	2.385928e-03	-2.379823e-03	-2.737842e-02	2.605533e-02	-9.536813e-02	1.176681e-01	-1.414986e-01	-2.159527e-02	5.581905e-02	
1.353052e-01	-2.539940e-01	-7.057204e-01	5.045380e-01	1.027227e-02	-9.599426e-03	6.667902e-03	-3.757388e-03	9.236124e-03	2.962483e-01	-3.762334e-01	4.693930e-01	4.015749e-02	-1.414719e-01	1.000000e+00	-4.778905e-01	5.452178e-01	-5.981028e-01	1.064094e-01	1.538899e-01	1.693034e-01	-2.349005e-01	3.200063e-01	9.386103e-02	-1.524298e-01	
4.049159e-02	4.773709e-03	-3.996497e-02	3.145797e-02	-5.603622e-03	2.068428e-03	3.710271e-04	2.753150e-02	-2.961268e-02	3.876313e-02	-4.607905e-02	5.176925e-02	-1.495658e-02	-2.240780e-04	-4.778905e-01	1.000000e+00	-9.820310e-01	9.307701e-01	-6.547339e-01	2.979450e-01	1.672974e-01	-2.006830e-01	2.296583e-01	-1.617889e-04	-2.994929e-02	
-3.910158e-02	-4.170306e-03	3.836833e-02	-3.141870e-02	3.881117e-03	-1.212119e-04	-2.486984e-03	-2.743036e-02	3.102344e-02	-3.892093e-02	4.664516e-02	-5.289277e-02	1.376047e-02	2.385928e-03	5.452178e-01	-9.820310e-01	1.000000e+00	-9.825207e-01	5.911871e-01	-2.134682e-01	-1.741077e-01	2.123401e-01	-2.467799e-01	-1.463697e-02	5.484426e-02	
2.822454e-02	-2.139459e-03	-2.872077e-02	2.716114e-02	-2.424254e-03	-1.177831e-03	3.878902e-03	2.333392e-02	-2.831245e-02	3.391451e-02	-4.094969e-02	4.672912e-02	-1.250404e-02	-2.379823e-03	-5.981028e-01	9.307701e-01	-9.825207e-01	1.000000e+00	-5.098173e-01	1.269080e-01	1.754112e-01	-2.162322e-01	2.539202e-01	2.231466e-02	-6.909228e-02	
6.223562e-02	1.163201e-01	-2.658277e-02	-8.622298e-03	1.663307e-02	-1.359565e-02	7.800770e-03	3.067423e-02	-3.369087e-02	8.863680e-03	-1.141236e-02	1.443707e-02	1.566507e-02	-2.737842e-02	1.064094e-01	-6.547339e-01	5.911871e-01	-5.098173e-01	1.000000e+00	-9.005442e-01	-4.483319e-02	5.216160e-02	-5.849508e-02	8.940422e-02	-1.571067e-01	
-6.092136e-02	-1.251329e-01	2.093788e-02	1.154172e-02	-1.955016e-02	1.874557e-02	-1.490303e-02	-3.926168e-02	4.711611e-02	-1.933922e-02	2.357486e-02	-2.771859e-02	-8.588008e-03	2.605533e-02	1.538899e-01	2.979450e-01	-2.134682e-01	1.269080e-01	-9.005442e-01	1.000000e+00	-2.681975e-02	3.323044e-02	-3.750077e-02	-1.044752e-01	2.108467e-01	
1.359344e-02	5.181457e-03	-3.551705e-01	2.484196e-01	2.301309e-02	-2.691782e-02	2.720129e-02	2.156824e-02	-3.207906e-02	1.720048e-01	-2.221772e-01	2.811355e-01	1.996905e-02	-9.536813e-02	1.693034e-01	1.672974e-01	-1.741077e-01	1.754112e-01	-4.483319e-02	-2.681975e-02	1.000000e+00	-9.825431e-01	9.104604e-01	-7.401329e-01	5.720707e-01	
-1.326314e-02	-2.698482e-03	4.782936e-01	-3.357247e-01	-2.243891e-02	2.654944e-02	-2.646217e-02	-2.988431e-02	3.966468e-02	-2.301337e-01	2.959424e-01	-3.733345e-01	-1.998099e-02	1.176681e-01	-2.349005e-01	-2.006830e-01	2.123401e-01	-2.162322e-01	5.216160e-02	3.323044e-02	-9.825431e-01	1.000000e+00	-9.706647e-01	6.796415e-01	-4.997193e-01	
-3.953934e-03	7.560872e-03	-6.258037e-01	4.406262e-01	2.098111e-02	-2.507990e-02	2.441484e-02	3.816457e-02	-4.689142e-02	3.014086e-01	-3.858890e-01	4.856280e-01	1.678944e-02	-1.414986e-01	3.200063e-01	2.296583e-01	-2.467799e-01	2.539202e-01	-5.849508e-02	-3.750077e-02	9.104604e-01	-9.706647e-01	1.000000e+00	-5.531279e-01	3.665245e-01	
1.821655e-01	-1.518624e-01	-1.914761e-01	1.281751e-01	-5.106890e-03	8.365123e-03	-1.250205e-02	8.057098e-03	-7.395897e-04	7.318833e-02	-8.536758e-02	9.585436e-02	8.479851e-03	-2.159527e-02	9.386103e-02	-1.617889e-04	-1.463697e-02	2.231466e-02	8.940422e-02	-1.044752e-01	-7.401329e-01	6.796415e-01	-5.531279e-01	1.000000e+00	-9.630859e-01	
-1.734272e-01	1.275704e-01	3.331709e-01	-2.252125e-01	-2.733518e-03	4.753780e-04	4.117020e-03	-1.850456e-02	1.494396e-02	-1.434632e-01	1.753820e-01	-2.094026e-01	-1.221216e-02	5.581905e-02	-1.524298e-01	-2.994929e-02	5.484426e-02	-6.909228e-02	-1.571067e-01	2.108467e-01	5.720707e-01	-4.997193e-01	3.665245e-01	-9.630859e-01	1.000000e+00	

Time taken for mcmc chain: 32.800000 minutes
