Number of steps: 1234205
Number of accepted steps: 1000000
Burn-in number of steps: 320000
Accepted fraction of steps: 0.810238
Convergence Status
R[0]= 1.062604	R[1]= 1.322680	R[2]= 1.496644	R[3]= 1.255858	R[4]= 1.021444	R[5]= 1.037216	R[6]= 1.055187	R[7]= 1.168070	R[8]= 1.270745	R[9]= 1.082091	R[10]= 1.081005	R[11]= 1.090327	R[12]= 1.077338	R[13]= 1.068820	R[14]= 1.223625	R[15]= 1.026902	R[16]= 1.034940	R[17]= 1.047099	R[18]= 1.024521	R[19]= 1.034585	R[20]= 1.032565	R[21]= 1.051273	R[22]= 1.084082	R[23]= 1.030693	R[24]= 1.052597	
<R>= 1.109316

Mean parameters
A[0]= 8.705569e-01 pm 4.825305e-02
A[1]= 1.001184e+00 pm 4.423009e-02
A[2]= 2.937084e-01 pm 2.873010e-01
A[3]= 4.556441e+00 pm 1.380436e+00
A[4]= -2.611158e+03 pm 3.262944e+03
A[5]= 1.299446e+03 pm 2.105634e+03
A[6]= 2.916377e+01 pm 4.776239e+02
A[7]= 4.163997e+00 pm 1.217336e+01
A[8]= -5.436656e-02 pm 1.799595e-01
A[9]= -6.023684e+03 pm 5.755917e+03
A[10]= 2.185733e+03 pm 3.283723e+03
A[11]= -3.700148e+02 pm 6.322313e+02
A[12]= 4.602636e+01 pm 3.899286e+01
A[13]= -8.525096e-01 pm 7.557599e-01
A[14]= 5.592164e+00 pm 1.487548e+00
A[15]= -6.838820e+03 pm 3.975878e+03
A[16]= 4.335721e+03 pm 2.556685e+03
A[17]= -6.649488e+02 pm 5.821935e+02
A[18]= 6.772511e+00 pm 1.622032e+01
A[19]= 3.558126e-02 pm 2.314269e-01
A[20]= -4.935742e+03 pm 1.018513e+04
A[21]= 1.842575e+03 pm 5.700060e+03
A[22]= -4.751875e+02 pm 1.054555e+03
A[23]= 5.921564e+01 pm 6.122663e+01
A[24]= -1.483723e+00 pm 1.141761e+00

Best-fitting parameters
A[0]= 8.840515e-01
A[1]= 9.498468e-01
A[2]= 1.554319e-01
A[3]= 4.793297e+00
A[4]= -1.065378e+03
A[5]= 3.662784e+02
A[6]= 2.159875e+02
A[7]= -7.307088e-01
A[8]= -8.131840e-03
A[9]= -1.156876e+04
A[10]= 5.046655e+03
A[11]= -8.644987e+02
A[12]= 8.799960e+01
A[13]= -1.500878e+00
A[14]= 5.604346e+00
A[15]= -5.957852e+03
A[16]= 3.578777e+03
A[17]= -4.622456e+02
A[18]= 1.325109e+01
A[19]= -1.003265e-01
A[20]= -6.610596e+03
A[21]= 2.642626e+03
A[22]= -5.987549e+02
A[23]= 8.455778e+01
A[24]= -2.042647e+00
chi2_min= 1.156252e+02


Cross-Covariance parameters
1.000000e+00	-4.768369e-01	-5.164673e-01	1.940961e-01	4.030991e-02	-3.235659e-02	1.997952e-02	3.518980e-02	7.248106e-03	7.503367e-02	-9.952253e-02	9.202164e-02	1.149972e-01	-5.740109e-02	1.357123e-01	1.850187e-01	-1.833302e-01	1.653838e-01	7.374166e-02	-1.109239e-01	2.097902e-01	-2.190688e-01	1.990718e-01	2.823837e-02	-5.069042e-02	
-4.768369e-01	1.000000e+00	6.663053e-01	-6.746479e-01	2.873333e-01	-3.320790e-01	3.569420e-01	2.316487e-01	-3.773826e-01	1.027038e-01	-7.124120e-02	4.390911e-02	-3.037378e-01	1.934668e-01	-6.292939e-01	1.722538e-01	-1.679421e-01	1.567035e-01	1.505991e-01	-2.025071e-01	-4.481762e-02	5.967593e-02	-6.890361e-02	-2.172046e-01	2.000268e-01	
-5.164673e-01	6.663053e-01	1.000000e+00	-7.338499e-01	2.130279e-01	-2.677906e-01	3.081261e-01	1.621201e-01	-3.233163e-01	-9.807705e-02	1.820970e-01	-2.919621e-01	-3.070672e-01	2.797614e-01	-5.689232e-01	-6.809104e-02	7.701878e-02	-7.740899e-02	9.417036e-02	-7.884454e-02	-2.508523e-01	3.126521e-01	-3.989175e-01	-1.686979e-01	2.147238e-01	
1.940961e-01	-6.746479e-01	-7.338499e-01	1.000000e+00	-6.614317e-01	7.440595e-01	-8.000704e-01	-1.126139e-01	4.231983e-01	-3.009447e-02	-2.365609e-02	1.150312e-01	2.442436e-01	-1.766524e-01	6.540216e-01	-8.195396e-02	9.202369e-02	-9.287333e-02	-2.509833e-01	3.025937e-01	8.679672e-02	-1.224536e-01	1.862896e-01	2.443925e-01	-2.473268e-01	
4.030991e-02	2.873333e-01	2.130279e-01	-6.614317e-01	1.000000e+00	-9.854798e-01	9.462997e-01	-5.023673e-01	1.531287e-01	1.966014e-02	-1.089450e-02	-1.515187e-02	-3.215333e-02	6.060836e-02	-3.501623e-01	8.402112e-02	-1.014627e-01	1.127470e-01	1.875854e-01	-2.302736e-01	7.875819e-02	-7.033742e-02	4.446161e-02	-2.009852e-01	1.816157e-01	
-3.235659e-02	-3.320790e-01	-2.677906e-01	7.440595e-01	-9.854798e-01	1.000000e+00	-9.869241e-01	4.200128e-01	-5.823515e-02	-2.209705e-02	1.189035e-02	1.953045e-02	4.339868e-02	-5.401824e-02	3.973057e-01	-8.949042e-02	1.102683e-01	-1.228888e-01	-2.123875e-01	2.627133e-01	-6.138717e-02	5.190776e-02	-2.351059e-02	2.070082e-01	-1.877722e-01	
1.997952e-02	3.569420e-01	3.081261e-01	-8.000704e-01	9.462997e-01	-9.869241e-01	1.000000e+00	-3.376197e-01	-2.398801e-02	2.893013e-02	-1.739534e-02	-1.868575e-02	-5.581996e-02	5.158326e-02	-4.189576e-01	8.173619e-02	-1.045755e-01	1.180464e-01	2.291189e-01	-2.822705e-01	4.399387e-02	-3.399906e-02	4.474014e-03	-2.092743e-01	1.910011e-01	
3.518980e-02	2.316487e-01	1.621201e-01	-1.126139e-01	-5.023673e-01	4.200128e-01	-3.376197e-01	1.000000e+00	-9.143958e-01	1.445603e-01	-1.412489e-01	1.180334e-01	-1.454527e-01	-4.194924e-02	-2.237076e-01	1.949054e-01	-1.947562e-01	1.762929e-01	2.863167e-02	-9.871054e-02	-5.801770e-02	6.176703e-02	-6.789057e-02	4.421003e-02	-4.979397e-02	
7.248106e-03	-3.773826e-01	-3.233163e-01	4.231983e-01	1.531287e-01	-5.823515e-02	-2.398801e-02	-9.143958e-01	1.000000e+00	-1.220710e-01	1.151265e-01	-7.947940e-02	1.600122e-01	4.955640e-02	3.995969e-01	-2.368560e-01	2.435179e-01	-2.303408e-01	-8.758011e-02	1.799584e-01	5.636767e-02	-6.896688e-02	9.216981e-02	2.392110e-02	-1.711507e-02	
7.503367e-02	1.027038e-01	-9.807705e-02	-3.009447e-02	1.966014e-02	-2.209705e-02	2.893013e-02	1.445603e-01	-1.220710e-01	1.000000e+00	-9.854014e-01	9.262986e-01	-7.965871e-01	6.862245e-01	-1.063011e-01	2.286333e-01	-2.200467e-01	2.057508e-01	-1.052621e-01	5.467783e-02	1.045883e-01	-1.058242e-01	1.064702e-01	1.245879e-02	-7.052648e-02	
-9.952253e-02	-7.124120e-02	1.820970e-01	-2.365609e-02	-1.089450e-02	1.189035e-02	-1.739534e-02	-1.412489e-01	1.151265e-01	-9.854014e-01	1.000000e+00	-9.753642e-01	7.938329e-01	-6.868831e-01	5.395254e-02	-2.408184e-01	2.329216e-01	-2.161552e-01	1.211015e-01	-6.555041e-02	-1.550157e-01	1.631555e-01	-1.746549e-01	3.137016e-03	5.955387e-02	
9.202164e-02	4.390911e-02	-2.919621e-01	1.150312e-01	-1.515187e-02	1.953045e-02	-1.868575e-02	1.180334e-01	-7.947940e-02	9.262986e-01	-9.753642e-01	1.000000e+00	-7.483799e-01	6.504431e-01	2.208768e-02	2.463652e-01	-2.404713e-01	2.230078e-01	-1.466383e-01	8.725409e-02	2.031730e-01	-2.224477e-01	2.535387e-01	-8.400959e-03	-5.907927e-02	
1.149972e-01	-3.037378e-01	-3.070672e-01	2.442436e-01	-3.215333e-02	4.339868e-02	-5.581996e-02	-1.454527e-01	1.600122e-01	-7.965871e-01	7.938329e-01	-7.483799e-01	1.000000e+00	-9.573620e-01	2.355162e-01	-1.433265e-01	1.191801e-01	-9.172972e-02	1.325975e-01	-1.106652e-01	-4.379397e-02	1.431436e-02	2.831886e-02	1.191186e-01	-9.971668e-02	
-5.740109e-02	1.934668e-01	2.797614e-01	-1.766524e-01	6.060836e-02	-5.401824e-02	5.158326e-02	-4.194924e-02	4.955640e-02	6.862245e-01	-6.868831e-01	6.504431e-01	-9.573620e-01	1.000000e+00	-1.478346e-01	7.388358e-02	-4.438053e-02	1.495632e-02	-1.495109e-01	1.543794e-01	3.774967e-02	-4.265657e-03	-4.562109e-02	-1.218332e-01	1.138701e-01	
1.357123e-01	-6.292939e-01	-5.689232e-01	6.540216e-01	-3.501623e-01	3.973057e-01	-4.189576e-01	-2.237076e-01	3.995969e-01	-1.063011e-01	5.395254e-02	2.208768e-02	2.355162e-01	-1.478346e-01	1.000000e+00	-5.500849e-01	6.129657e-01	-6.615340e-01	-1.527200e-01	3.621889e-01	1.674936e-01	-1.895616e-01	2.268412e-01	1.425682e-02	-1.091514e-02	
1.850187e-01	1.722538e-01	-6.809104e-02	-8.195396e-02	8.402112e-02	-8.949042e-02	8.173619e-02	1.949054e-01	-2.368560e-01	2.286333e-01	-2.408184e-01	2.463652e-01	-1.433265e-01	7.388358e-02	-5.500849e-01	1.000000e+00	-9.849304e-01	9.400770e-01	-4.955365e-01	2.031010e-01	9.973020e-02	-1.178102e-01	1.372220e-01	2.191948e-04	-1.112528e-02	
-1.833302e-01	-1.679421e-01	7.701878e-02	9.202369e-02	-1.014627e-01	1.102683e-01	-1.045755e-01	-1.947562e-01	2.435179e-01	-2.200467e-01	2.329216e-01	-2.404713e-01	1.191801e-01	-4.438053e-02	6.129657e-01	-9.849304e-01	1.000000e+00	-9.841550e-01	4.320116e-01	-1.293616e-01	-7.103313e-02	9.010883e-02	-1.120075e-01	-4.289871e-02	5.710389e-02	
1.653838e-01	1.567035e-01	-7.740899e-02	-9.287333e-02	1.127470e-01	-1.228888e-01	1.180464e-01	1.762929e-01	-2.303408e-01	2.057508e-01	-2.161552e-01	2.230078e-01	-9.172972e-02	1.495632e-02	-6.615340e-01	9.400770e-01	-9.841550e-01	1.000000e+00	-3.609037e-01	6.088002e-02	3.429555e-02	-5.336186e-02	7.699497e-02	8.682497e-02	-1.010134e-01	
7.374166e-02	1.505991e-01	9.417036e-02	-2.509833e-01	1.875854e-01	-2.123875e-01	2.291189e-01	2.863167e-02	-8.758011e-02	-1.052621e-01	1.211015e-01	-1.466383e-01	1.325975e-01	-1.495109e-01	-1.527200e-01	-4.955365e-01	4.320116e-01	-3.609037e-01	1.000000e+00	-9.369815e-01	-6.864514e-02	7.067222e-02	-8.370671e-02	2.724004e-02	-8.566130e-02	
-1.109239e-01	-2.025071e-01	-7.884454e-02	3.025937e-01	-2.302736e-01	2.627133e-01	-2.822705e-01	-9.871054e-02	1.799584e-01	5.467783e-02	-6.555041e-02	8.725409e-02	-1.106652e-01	1.543794e-01	3.621889e-01	2.031010e-01	-1.293616e-01	6.088002e-02	-9.369815e-01	1.000000e+00	3.441533e-02	-3.175987e-02	4.166531e-02	-3.584035e-02	1.154526e-01	
2.097902e-01	-4.481762e-02	-2.508523e-01	8.679672e-02	7.875819e-02	-6.138717e-02	4.399387e-02	-5.801770e-02	5.636767e-02	1.045883e-01	-1.550157e-01	2.031730e-01	-4.379397e-02	3.774967e-02	1.674936e-01	9.973020e-02	-7.103313e-02	3.429555e-02	-6.864514e-02	3.441533e-02	1.000000e+00	-9.920471e-01	9.543174e-01	-8.319000e-01	7.412219e-01	
-2.190688e-01	5.967593e-02	3.126521e-01	-1.224536e-01	-7.033742e-02	5.190776e-02	-3.399906e-02	6.176703e-02	-6.896688e-02	-1.058242e-01	1.631555e-01	-2.224477e-01	1.431436e-02	-4.265657e-03	-1.895616e-01	-1.178102e-01	9.010883e-02	-5.336186e-02	7.067222e-02	-3.175987e-02	-9.920471e-01	1.000000e+00	-9.833949e-01	8.288503e-01	-7.410699e-01	
1.990718e-01	-6.890361e-02	-3.989175e-01	1.862896e-01	4.446161e-02	-2.351059e-02	4.474014e-03	-6.789057e-02	9.216981e-02	1.064702e-01	-1.746549e-01	2.535387e-01	2.831886e-02	-4.562109e-02	2.268412e-01	1.372220e-01	-1.120075e-01	7.699497e-02	-8.370671e-02	4.166531e-02	9.543174e-01	-9.833949e-01	1.000000e+00	-7.945289e-01	7.138854e-01	
2.823837e-02	-2.172046e-01	-1.686979e-01	2.443925e-01	-2.009852e-01	2.070082e-01	-2.092743e-01	4.421003e-02	2.392110e-02	1.245879e-02	3.137016e-03	-8.400959e-03	1.191186e-01	-1.218332e-01	1.425682e-02	2.191948e-04	-4.289871e-02	8.682497e-02	2.724004e-02	-3.584035e-02	-8.319000e-01	8.288503e-01	-7.945289e-01	1.000000e+00	-9.765919e-01	
-5.069042e-02	2.000268e-01	2.147238e-01	-2.473268e-01	1.816157e-01	-1.877722e-01	1.910011e-01	-4.979397e-02	-1.711507e-02	-7.052648e-02	5.955387e-02	-5.907927e-02	-9.971668e-02	1.138701e-01	-1.091514e-02	-1.112528e-02	5.710389e-02	-1.010134e-01	-8.566130e-02	1.154526e-01	7.412219e-01	-7.410699e-01	7.138854e-01	-9.765919e-01	1.000000e+00	

Time taken for mcmc chain: 9.150000 minutes
