Number of steps: 2606730
Number of accepted steps: 960000
Burn-in number of steps: 200000
Accepted fraction of steps: 0.368277
Convergence Status
R[0]= 1.027925	R[1]= 1.007755	R[2]= 1.375166	R[3]= 1.173333	R[4]= 1.017725	R[5]= 1.021915	R[6]= 1.025493	R[7]= 1.003454	R[8]= 1.013721	R[9]= 1.086965	R[10]= 1.123191	R[11]= 1.165207	R[12]= 1.007322	R[13]= 1.007810	R[14]= 1.203350	R[15]= 1.033901	R[16]= 1.045447	R[17]= 1.056685	R[18]= 1.004819	R[19]= 1.022424	R[20]= 1.161975	R[21]= 1.209373	R[22]= 1.264314	R[23]= 1.013319	R[24]= 1.008377	
<R>= 1.083239

Mean parameters
A[0]= 9.038063e-01 pm 3.383526e-02
A[1]= 1.017803e+00 pm 3.021055e-02
A[2]= 9.904047e-01 pm 7.562900e-01
A[3]= 2.839406e+00 pm 1.314016e+00
A[4]= -1.991105e+03 pm 3.586480e+03
A[5]= 6.957742e+02 pm 2.336206e+03
A[6]= 2.597140e+02 pm 5.404477e+02
A[7]= 1.243202e+01 pm 1.250271e+01
A[8]= -2.532215e-01 pm 1.822934e-01
A[9]= -5.201372e+03 pm 8.448289e+03
A[10]= 2.764546e+03 pm 5.187619e+03
A[11]= -7.397069e+02 pm 1.116508e+03
A[12]= 1.942787e+01 pm 4.601050e+01
A[13]= -4.856988e-01 pm 9.026216e-01
A[14]= 4.215931e+00 pm 1.901672e+00
A[15]= -7.515249e+03 pm 5.261439e+03
A[16]= 5.022817e+03 pm 3.471963e+03
A[17]= -8.113622e+02 pm 8.130950e+02
A[18]= 1.142490e+01 pm 1.905192e+01
A[19]= -2.894796e-02 pm 2.698743e-01
A[20]= -1.718952e+02 pm 1.117513e+04
A[21]= 2.370445e+02 pm 6.880158e+03
A[22]= -5.114415e+02 pm 1.493269e+03
A[23]= -3.180408e+01 pm 6.537564e+01
A[24]= 3.663315e-01 pm 1.298770e+00

Best-fitting parameters
A[0]= 8.937452e-01
A[1]= 1.025383e+00
A[2]= 9.715439e-01
A[3]= 2.773984e+00
A[4]= -1.796845e+03
A[5]= 8.657563e+02
A[6]= 1.437059e+02
A[7]= 1.021664e+01
A[8]= -1.951974e-01
A[9]= -1.471072e+03
A[10]= 9.800952e+02
A[11]= -5.235464e+02
A[12]= -1.559613e+01
A[13]= 2.638621e-01
A[14]= 4.212406e+00
A[15]= -1.086328e+04
A[16]= 7.093881e+03
A[17]= -1.276800e+03
A[18]= 1.895302e+01
A[19]= -6.814579e-02
A[20]= -3.099517e+03
A[21]= 2.501594e+03
A[22]= -1.098323e+03
A[23]= -2.897376e+01
A[24]= 3.633086e-01
chi2_min= 9.906027e+01


Cross-Covariance parameters
1.000000e+00	-5.598467e-01	-1.348477e-01	1.446343e-01	-2.961957e-02	3.847704e-02	-5.420227e-02	4.034985e-02	6.765711e-03	1.118422e-02	1.963277e-03	-3.263063e-02	8.637514e-02	-4.810761e-02	2.833682e-02	1.637691e-01	-1.636161e-01	1.525484e-01	-2.141067e-02	-1.971738e-02	2.069741e-02	-1.314954e-02	-1.278529e-02	1.699773e-01	-1.464901e-01	
-5.598467e-01	1.000000e+00	2.031083e-01	-2.656741e-01	4.759337e-02	-5.739877e-02	6.000693e-02	1.165214e-01	-1.458178e-01	3.380151e-02	-3.232724e-02	3.453593e-02	-1.310722e-01	7.773839e-02	-1.635526e-01	-1.470315e-01	1.461324e-01	-1.460761e-01	1.981587e-01	-1.388345e-01	-1.445270e-02	2.973441e-02	-3.504902e-02	-1.444217e-01	1.209958e-01	
-1.348477e-01	2.031083e-01	1.000000e+00	-7.883327e-01	9.155415e-02	-9.932523e-02	1.112105e-01	1.515455e-02	-9.379123e-02	-4.660446e-01	5.679064e-01	-6.778862e-01	-9.710695e-02	2.328160e-01	-7.896174e-01	4.120652e-02	-6.913130e-02	1.068593e-01	1.156410e-02	-4.660857e-02	-3.636996e-01	4.812720e-01	-6.169091e-01	-2.264663e-01	3.582681e-01	
1.446343e-01	-2.656741e-01	-7.883327e-01	1.000000e+00	-4.997168e-01	5.486300e-01	-5.863781e-01	4.577577e-02	2.232874e-01	2.861808e-01	-3.544407e-01	4.346157e-01	6.564475e-02	-1.223744e-01	6.586377e-01	8.345113e-03	1.192809e-02	-3.978309e-02	-2.894790e-02	4.255728e-02	3.030718e-01	-4.028364e-01	5.178736e-01	2.182203e-01	-3.253509e-01	
-2.961957e-02	4.759337e-02	9.155415e-02	-4.997168e-01	1.000000e+00	-9.855467e-01	9.456624e-01	-5.625169e-01	1.748604e-01	4.897099e-02	-8.211523e-02	1.152622e-01	1.079282e-01	-1.105563e-01	-8.717454e-02	-1.892755e-02	8.900788e-03	2.780809e-03	5.882752e-02	-6.264870e-02	-3.619956e-03	1.429688e-02	-2.862818e-02	-4.955345e-02	5.100173e-02	
3.847704e-02	-5.739877e-02	-9.932523e-02	5.486300e-01	-9.855467e-01	1.000000e+00	-9.865977e-01	5.034596e-01	-1.031102e-01	-6.388862e-02	1.000735e-01	-1.355811e-01	-1.113263e-01	1.289886e-01	9.058438e-02	1.888580e-02	-8.525841e-03	-3.575721e-03	-5.302207e-02	5.604383e-02	9.678581e-03	-1.929111e-02	3.290511e-02	4.846034e-02	-5.012479e-02	
-5.420227e-02	6.000693e-02	1.112105e-01	-5.863781e-01	9.456624e-01	-9.865977e-01	1.000000e+00	-4.376026e-01	3.894569e-02	7.966718e-02	-1.162731e-01	1.513069e-01	1.015211e-01	-1.302704e-01	-9.606942e-02	-1.991225e-02	9.302519e-03	3.393845e-03	4.404504e-02	-4.659027e-02	-1.911655e-02	2.839797e-02	-4.182927e-02	-4.900366e-02	5.227211e-02	
4.034985e-02	1.165214e-01	1.515455e-02	4.577577e-02	-5.625169e-01	5.034596e-01	-4.376026e-01	1.000000e+00	-8.940130e-01	1.026547e-01	-8.622822e-02	5.595595e-02	-7.355229e-02	-9.462475e-02	2.470352e-03	1.903939e-02	-2.062447e-02	1.939788e-02	-2.104556e-02	2.732967e-02	-2.428554e-02	1.605498e-02	-5.077185e-03	4.836914e-02	-3.926731e-02	
6.765711e-03	-1.458178e-01	-9.379123e-02	2.232874e-01	1.748604e-01	-1.031102e-01	3.894569e-02	-8.940130e-01	1.000000e+00	-1.295643e-01	1.244083e-01	-1.023706e-01	4.246241e-02	1.664429e-01	6.708527e-02	-2.396482e-02	3.082784e-02	-3.574543e-02	1.374446e-02	-1.266856e-02	3.979782e-02	-3.798775e-02	3.568589e-02	-1.685963e-02	3.114793e-03	
1.118422e-02	3.380151e-02	-4.660446e-01	2.861808e-01	4.897099e-02	-6.388862e-02	7.966718e-02	1.026547e-01	-1.295643e-01	1.000000e+00	-9.837259e-01	9.224061e-01	-6.977559e-01	4.926905e-01	4.021911e-01	-6.792306e-02	8.107958e-02	-9.877640e-02	6.082877e-02	-2.784269e-02	1.511961e-01	-2.151582e-01	2.921346e-01	1.274728e-01	-1.969854e-01	
1.963277e-03	-3.232724e-02	5.679064e-01	-3.544407e-01	-8.211523e-02	1.000735e-01	-1.162731e-01	-8.622822e-02	1.244083e-01	-9.837259e-01	1.000000e+00	-9.761258e-01	6.290102e-01	-4.154287e-01	-4.851071e-01	6.663772e-02	-8.110100e-02	1.011047e-01	-5.623288e-02	2.144505e-02	-1.996063e-01	2.780442e-01	-3.714063e-01	-1.481982e-01	2.351960e-01	
-3.263063e-02	3.453593e-02	-6.778862e-01	4.346157e-01	1.152622e-01	-1.355811e-01	1.513069e-01	5.595595e-02	-1.023706e-01	9.224061e-01	-9.761258e-01	1.000000e+00	-5.059107e-01	2.921962e-01	5.749198e-01	-6.524809e-02	8.101811e-02	-1.031249e-01	5.001516e-02	-1.365938e-02	2.534953e-01	-3.480067e-01	4.597693e-01	1.685732e-01	-2.752239e-01	
8.637514e-02	-1.310722e-01	-9.710695e-02	6.564475e-02	1.079282e-01	-1.113263e-01	1.015211e-01	-7.355229e-02	4.246241e-02	-6.977559e-01	6.290102e-01	-5.059107e-01	1.000000e+00	-9.444290e-01	7.214622e-02	4.371776e-02	-4.755919e-02	5.010555e-02	-3.925263e-02	2.531118e-02	7.928824e-02	-9.036986e-02	9.843501e-02	1.876409e-02	-3.248665e-02	
-4.810761e-02	7.773839e-02	2.328160e-01	-1.223744e-01	-1.105563e-01	1.289886e-01	-1.302704e-01	-9.462475e-02	1.664429e-01	4.926905e-01	-4.154287e-01	2.921962e-01	-9.444290e-01	1.000000e+00	-1.911216e-01	-2.837424e-02	2.981026e-02	-2.827239e-02	2.870640e-02	-2.397091e-02	-1.354198e-01	1.679169e-01	-2.017884e-01	-4.993903e-02	8.736884e-02	
2.833682e-02	-1.635526e-01	-7.896174e-01	6.586377e-01	-8.717454e-02	9.058438e-02	-9.606942e-02	2.470352e-03	6.708527e-02	4.021911e-01	-4.851071e-01	5.749198e-01	7.214622e-02	-1.911216e-01	1.000000e+00	-4.553862e-01	5.212649e-01	-5.784022e-01	-1.647091e-02	2.414894e-01	1.624180e-01	-2.464925e-01	3.543074e-01	1.679131e-01	-2.323962e-01	
1.637691e-01	-1.470315e-01	4.120652e-02	8.345113e-03	-1.892755e-02	1.888580e-02	-1.991225e-02	1.903939e-02	-2.396482e-02	-6.792306e-02	6.663772e-02	-6.524809e-02	4.371776e-02	-2.837424e-02	-4.553862e-01	1.000000e+00	-9.847163e-01	9.417587e-01	-5.171542e-01	1.438175e-01	2.172538e-01	-2.403245e-01	2.482653e-01	4.036905e-02	-7.400789e-02	
-1.636161e-01	1.461324e-01	-6.913130e-02	1.192809e-02	8.900788e-03	-8.525841e-03	9.302519e-03	-2.062447e-02	3.082784e-02	8.107958e-02	-8.110100e-02	8.101811e-02	-4.755919e-02	2.981026e-02	5.212649e-01	-9.847163e-01	1.000000e+00	-9.854889e-01	4.371552e-01	-5.203856e-02	-2.227143e-01	2.486798e-01	-2.587458e-01	-4.969439e-02	9.056253e-02	
1.525484e-01	-1.460761e-01	1.068593e-01	-3.978309e-02	2.780809e-03	-3.575721e-03	3.393845e-03	1.939788e-02	-3.574543e-02	-9.877640e-02	1.011047e-01	-1.031249e-01	5.010555e-02	-2.827239e-02	-5.784022e-01	9.417587e-01	-9.854889e-01	1.000000e+00	-3.506359e-01	-3.271200e-02	2.157572e-01	-2.427109e-01	2.535146e-01	5.293336e-02	-9.625254e-02	
-2.141067e-02	1.981587e-01	1.156410e-02	-2.894790e-02	5.882752e-02	-5.302207e-02	4.404504e-02	-2.104556e-02	1.374446e-02	6.082877e-02	-5.623288e-02	5.001516e-02	-3.925263e-02	2.870640e-02	-1.647091e-02	-5.171542e-01	4.371552e-01	-3.506359e-01	1.000000e+00	-9.084827e-01	1.531902e-02	-1.557742e-02	1.454101e-02	4.435031e-02	-1.322117e-01	
-1.971738e-02	-1.388345e-01	-4.660857e-02	4.255728e-02	-6.264870e-02	5.604383e-02	-4.659027e-02	2.732967e-02	-1.266856e-02	-2.784269e-02	2.144505e-02	-1.365938e-02	2.531118e-02	-2.397091e-02	2.414894e-01	1.438175e-01	-5.203856e-02	-3.271200e-02	-9.084827e-01	1.000000e+00	-1.105994e-01	1.205120e-01	-1.213282e-01	-6.414207e-02	1.869110e-01	
2.069741e-02	-1.445270e-02	-3.636996e-01	3.030718e-01	-3.619956e-03	9.678581e-03	-1.911655e-02	-2.428554e-02	3.979782e-02	1.511961e-01	-1.996063e-01	2.534953e-01	7.928824e-02	-1.354198e-01	1.624180e-01	2.172538e-01	-2.227143e-01	2.157572e-01	1.531902e-02	-1.105994e-01	1.000000e+00	-9.818626e-01	9.109676e-01	-6.517150e-01	4.629877e-01	
-1.314954e-02	2.973441e-02	4.812720e-01	-4.028364e-01	1.429688e-02	-1.929111e-02	2.839797e-02	1.605498e-02	-3.798775e-02	-2.151582e-01	2.780442e-01	-3.480067e-01	-9.036986e-02	1.679169e-01	-2.464925e-01	-2.403245e-01	2.486798e-01	-2.427109e-01	-1.557742e-02	1.205120e-01	-9.818626e-01	1.000000e+00	-9.719068e-01	5.675307e-01	-3.679366e-01	
-1.278529e-02	-3.504902e-02	-6.169091e-01	5.178736e-01	-2.862818e-02	3.290511e-02	-4.182927e-02	-5.077185e-03	3.568589e-02	2.921346e-01	-3.714063e-01	4.597693e-01	9.843501e-02	-2.017884e-01	3.543074e-01	2.482653e-01	-2.587458e-01	2.535146e-01	1.454101e-02	-1.213282e-01	9.109676e-01	-9.719068e-01	1.000000e+00	-4.228275e-01	2.196866e-01	
1.699773e-01	-1.444217e-01	-2.264663e-01	2.182203e-01	-4.955345e-02	4.846034e-02	-4.900366e-02	4.836914e-02	-1.685963e-02	1.274728e-01	-1.481982e-01	1.685732e-01	1.876409e-02	-4.993903e-02	1.679131e-01	4.036905e-02	-4.969439e-02	5.293336e-02	4.435031e-02	-6.414207e-02	-6.517150e-01	5.675307e-01	-4.228275e-01	1.000000e+00	-9.615482e-01	
-1.464901e-01	1.209958e-01	3.582681e-01	-3.253509e-01	5.100173e-02	-5.012479e-02	5.227211e-02	-3.926731e-02	3.114793e-03	-1.969854e-01	2.351960e-01	-2.752239e-01	-3.248665e-02	8.736884e-02	-2.323962e-01	-7.400789e-02	9.056253e-02	-9.625254e-02	-1.322117e-01	1.869110e-01	4.629877e-01	-3.679366e-01	2.196866e-01	-9.615482e-01	1.000000e+00	

Time taken for mcmc chain: 41.483333 minutes
