Number of steps: 12305069
Number of accepted steps: 1000000
Burn-in number of steps: 320000
Accepted fraction of steps: 0.081267
Convergence Status
R[0]= 1.001298	R[1]= 1.002879	R[2]= 1.014366	R[3]= 1.004219	R[4]= 1.000552	R[5]= 1.000701	R[6]= 1.000795	R[7]= 1.000176	R[8]= 1.000957	R[9]= 1.004153	R[10]= 1.005872	R[11]= 1.007800	R[12]= 1.000097	R[13]= 1.000501	R[14]= 1.006750	R[15]= 1.001541	R[16]= 1.001838	R[17]= 1.002059	R[18]= 1.000520	R[19]= 1.000292	R[20]= 1.000714	R[21]= 1.001171	R[22]= 1.001921	R[23]= 1.000280	R[24]= 1.000466	
<R>= 1.002477

Mean parameters
A[0]= 9.634661e-01 pm 3.240218e-02
A[1]= 1.051783e+00 pm 2.550847e-02
A[2]= 5.791803e-01 pm 4.095942e-01
A[3]= 4.034659e+00 pm 1.160602e+00
A[4]= -4.592389e+03 pm 3.750497e+03
A[5]= 2.423401e+03 pm 2.459025e+03
A[6]= -1.192300e+02 pm 5.781848e+02
A[7]= 7.001825e+00 pm 1.346468e+01
A[8]= -6.956052e-02 pm 1.845665e-01
A[9]= 1.578990e+03 pm 8.809377e+03
A[10]= -1.513971e+03 pm 5.368119e+03
A[11]= 1.681193e+02 pm 1.151137e+03
A[12]= -3.085233e+01 pm 4.818476e+01
A[13]= 6.551622e-01 pm 9.303914e-01
A[14]= 5.725687e+00 pm 1.756659e+00
A[15]= -6.334351e+03 pm 5.296866e+03
A[16]= 5.220367e+03 pm 3.471153e+03
A[17]= -1.059826e+03 pm 8.176100e+02
A[18]= 1.496115e+00 pm 1.985628e+01
A[19]= 1.643730e-01 pm 2.665909e-01
A[20]= 1.078212e+04 pm 1.186853e+04
A[21]= -5.544535e+03 pm 7.186401e+03
A[22]= 5.070899e+02 pm 1.527337e+03
A[23]= -6.007552e+01 pm 6.710400e+01
A[24]= 7.749186e-01 pm 1.296132e+00

Best-fitting parameters
A[0]= 9.540022e-01
A[1]= 1.058342e+00
A[2]= 4.770246e-01
A[3]= 4.059629e+00
A[4]= -4.985871e+03
A[5]= 2.713712e+03
A[6]= -1.831538e+02
A[7]= 1.529222e+01
A[8]= -2.155408e-01
A[9]= 5.320704e+02
A[10]= -1.422432e+03
A[11]= 2.543826e+02
A[12]= -2.235211e+01
A[13]= 2.329207e-01
A[14]= 6.768678e+00
A[15]= -1.109020e+04
A[16]= 8.309310e+03
A[17]= -1.779234e+03
A[18]= 1.384644e+01
A[19]= 5.548901e-02
A[20]= 1.157449e+04
A[21]= -6.269769e+03
A[22]= 7.160717e+02
A[23]= -7.839094e+01
A[24]= 1.100273e+00
chi2_min= 1.048084e+02


Cross-Covariance parameters
1.000000e+00	-4.918873e-01	-2.202904e-01	1.295137e-01	4.251609e-02	-4.304374e-02	3.335434e-02	8.147343e-02	-8.716196e-02	2.570173e-02	-2.791077e-02	1.448215e-02	1.516455e-01	-1.452142e-01	1.197805e-01	3.741948e-02	-3.332446e-02	2.030326e-02	7.092899e-02	-6.268940e-02	4.819124e-02	-4.366019e-02	1.828273e-02	1.281831e-01	-1.234160e-01	
-4.918873e-01	1.000000e+00	2.516180e-01	-2.245986e-01	-2.588667e-02	3.630222e-02	-5.278288e-02	1.040665e-01	-8.603520e-02	-4.225946e-02	4.811971e-02	-4.652439e-02	-1.015825e-01	7.665973e-02	-2.669098e-01	2.949837e-02	-3.593267e-02	3.467528e-02	1.363038e-01	-1.603819e-01	-3.390564e-02	3.295367e-02	-1.957608e-02	-7.303140e-02	4.899180e-02	
-2.202904e-01	2.516180e-01	1.000000e+00	-6.845741e-01	-7.114282e-02	8.971254e-02	-9.890163e-02	-6.849659e-02	1.161796e-01	-4.594618e-01	5.745690e-01	-7.024979e-01	-7.628863e-02	2.552413e-01	-7.169658e-01	1.979473e-02	-3.076618e-02	4.696865e-02	-8.523003e-03	-2.351255e-02	-4.200572e-01	5.274182e-01	-6.499375e-01	-7.328323e-02	2.238982e-01	
1.295137e-01	-2.245986e-01	-6.845741e-01	1.000000e+00	-4.893797e-01	5.371401e-01	-5.722385e-01	1.951027e-01	4.925110e-02	2.289917e-01	-2.905611e-01	3.640545e-01	3.165068e-02	-1.053137e-01	5.199705e-01	-1.286804e-02	1.949069e-02	-2.857421e-02	-8.562725e-03	2.881123e-02	3.003808e-01	-3.779630e-01	4.665106e-01	4.691014e-02	-1.533509e-01	
4.251609e-02	-2.588667e-02	-7.114282e-02	-4.893797e-01	1.000000e+00	-9.836738e-01	9.375781e-01	-6.635431e-01	2.806904e-01	1.035597e-01	-1.436281e-01	1.856199e-01	6.220690e-02	-6.582327e-02	4.568611e-02	2.305980e-02	-2.333309e-02	2.235836e-02	-1.191279e-02	6.258280e-03	3.878650e-02	-4.692341e-02	5.599756e-02	1.175934e-02	-2.416300e-02	
-4.304374e-02	3.630222e-02	8.971254e-02	5.371401e-01	-9.836738e-01	1.000000e+00	-9.843304e-01	6.156882e-01	-2.156531e-01	-1.239363e-01	1.689278e-01	-2.163223e-01	-6.642198e-02	8.551399e-02	-6.003106e-02	-1.991491e-02	2.029561e-02	-1.949770e-02	1.093752e-02	-6.375787e-03	-4.636655e-02	5.608980e-02	-6.712161e-02	-1.288238e-02	2.771752e-02	
3.335434e-02	-5.278288e-02	-9.890163e-02	-5.722385e-01	9.375781e-01	-9.843304e-01	1.000000e+00	-5.530668e-01	1.523846e-01	1.430035e-01	-1.903655e-01	2.401873e-01	5.956226e-02	-9.047801e-02	6.957709e-02	1.561608e-02	-1.621038e-02	1.600257e-02	-1.311888e-02	9.569621e-03	4.938674e-02	-5.969140e-02	7.164838e-02	1.248617e-02	-2.797166e-02	
8.147343e-02	1.040665e-01	-6.849659e-02	1.951027e-01	-6.635431e-01	6.156882e-01	-5.530668e-01	1.000000e+00	-8.841581e-01	1.019517e-01	-8.383353e-02	5.389252e-02	-3.604367e-02	-1.305032e-01	1.862017e-02	-3.061792e-03	3.988793e-03	-8.400737e-03	5.200325e-02	-4.815925e-02	2.312565e-02	-2.947716e-02	3.592006e-02	1.379345e-02	-2.665241e-02	
-8.716196e-02	-8.603520e-02	1.161796e-01	4.925110e-02	2.806904e-01	-2.156531e-01	1.523846e-01	-8.841581e-01	1.000000e+00	-1.889737e-01	1.889835e-01	-1.749980e-01	1.918660e-02	2.091225e-01	-4.988406e-02	-2.771560e-03	1.436532e-03	3.695864e-03	-4.520962e-02	4.268518e-02	-4.408243e-02	5.510736e-02	-6.709289e-02	-1.846715e-02	3.836150e-02	
2.570173e-02	-4.225946e-02	-4.594618e-01	2.289917e-01	1.035597e-01	-1.239363e-01	1.430035e-01	1.019517e-01	-1.889737e-01	1.000000e+00	-9.833691e-01	9.183544e-01	-7.423234e-01	5.254900e-01	3.281534e-01	-3.171488e-03	7.310217e-03	-1.430748e-02	7.209049e-03	2.801727e-03	2.068409e-01	-2.592263e-01	3.207613e-01	2.865654e-02	-1.073388e-01	
-2.791077e-02	4.811971e-02	5.745690e-01	-2.905611e-01	-1.436281e-01	1.689278e-01	-1.903655e-01	-8.383353e-02	1.889835e-01	-9.833691e-01	1.000000e+00	-9.742183e-01	6.893921e-01	-4.634744e-01	-4.114564e-01	2.918455e-03	-7.664649e-03	1.597079e-02	-9.133356e-03	-2.798875e-03	-2.606540e-01	3.270743e-01	-4.052883e-01	-3.423386e-02	1.329812e-01	
1.448215e-02	-4.652439e-02	-7.024979e-01	3.640545e-01	1.856199e-01	-2.163223e-01	2.401873e-01	5.389252e-02	-1.749980e-01	9.183544e-01	-9.742183e-01	1.000000e+00	-5.781863e-01	3.511011e-01	5.051565e-01	-3.128576e-03	8.459304e-03	-1.802132e-02	9.981715e-03	4.052505e-03	3.215510e-01	-4.042398e-01	5.021215e-01	3.834427e-02	-1.600440e-01	
1.516455e-01	-1.015825e-01	-7.628863e-02	3.165068e-02	6.220690e-02	-6.642198e-02	5.956226e-02	-3.604367e-02	1.918660e-02	-7.423234e-01	6.893921e-01	-5.781863e-01	1.000000e+00	-9.383325e-01	5.835798e-02	4.929576e-03	-4.565312e-03	3.135095e-03	4.544776e-03	-1.265791e-03	2.605713e-02	-3.190160e-02	3.580246e-02	2.270720e-02	-2.677362e-02	
-1.452142e-01	7.665973e-02	2.552413e-01	-1.053137e-01	-6.582327e-02	8.551399e-02	-9.047801e-02	-1.305032e-01	2.091225e-01	5.254900e-01	-4.634744e-01	3.511011e-01	-9.383325e-01	1.000000e+00	-1.822067e-01	-3.576955e-03	2.005817e-03	2.194304e-03	-1.531439e-02	8.496864e-03	-1.078309e-01	1.353861e-01	-1.653312e-01	-3.382781e-02	7.076414e-02	
1.197805e-01	-2.669098e-01	-7.169658e-01	5.199705e-01	4.568611e-02	-6.003106e-02	6.957709e-02	1.862017e-02	-4.988406e-02	3.281534e-01	-4.114564e-01	5.051565e-01	5.835798e-02	-1.822067e-01	1.000000e+00	-5.032834e-01	5.733878e-01	-6.282241e-01	7.471893e-02	1.947921e-01	2.314247e-01	-2.888102e-01	3.599040e-01	7.002787e-03	-7.163156e-02	
3.741948e-02	2.949837e-02	1.979473e-02	-1.286804e-02	2.305980e-02	-1.991491e-02	1.561608e-02	-3.061792e-03	-2.771560e-03	-3.171488e-03	2.918455e-03	-3.128576e-03	4.929576e-03	-3.576955e-03	-5.032834e-01	1.000000e+00	-9.826293e-01	9.330255e-01	-6.288000e-01	2.656694e-01	1.287002e-01	-1.589549e-01	1.859326e-01	2.170462e-02	-4.742679e-02	
-3.332446e-02	-3.593267e-02	-3.076618e-02	1.949069e-02	-2.333309e-02	2.029561e-02	-1.621038e-02	3.988793e-03	1.436532e-03	7.310217e-03	-7.664649e-03	8.459304e-03	-4.565312e-03	2.005817e-03	5.733878e-01	-9.826293e-01	1.000000e+00	-9.830732e-01	5.635463e-01	-1.811423e-01	-1.310050e-01	1.654868e-01	-1.972168e-01	-3.695448e-02	7.173448e-02	
2.030326e-02	3.467528e-02	4.696865e-02	-2.857421e-02	2.235836e-02	-1.949770e-02	1.600257e-02	-8.400737e-03	3.695864e-03	-1.430748e-02	1.597079e-02	-1.802132e-02	3.135095e-03	2.194304e-03	-6.282241e-01	9.330255e-01	-9.830732e-01	1.000000e+00	-4.823236e-01	9.605819e-02	1.279303e-01	-1.647027e-01	1.994142e-01	4.603086e-02	-8.631493e-02	
7.092899e-02	1.363038e-01	-8.523003e-03	-8.562725e-03	-1.191279e-02	1.093752e-02	-1.311888e-02	5.200325e-02	-4.520962e-02	7.209049e-03	-9.133356e-03	9.981715e-03	4.544776e-03	-1.531439e-02	7.471893e-02	-6.288000e-01	5.635463e-01	-4.823236e-01	1.000000e+00	-9.007723e-01	-2.255677e-02	3.386681e-02	-4.612712e-02	8.076579e-02	-1.573393e-01	
-6.268940e-02	-1.603819e-01	-2.351255e-02	2.881123e-02	6.258280e-03	-6.375787e-03	9.569621e-03	-4.815925e-02	4.268518e-02	2.801727e-03	-2.798875e-03	4.052505e-03	-1.265791e-03	8.496864e-03	1.947921e-01	2.656694e-01	-1.811423e-01	9.605819e-02	-9.007723e-01	1.000000e+00	-3.036706e-02	3.160294e-02	-2.947935e-02	-1.066366e-01	2.202555e-01	
4.819124e-02	-3.390564e-02	-4.200572e-01	3.003808e-01	3.878650e-02	-4.636655e-02	4.938674e-02	2.312565e-02	-4.408243e-02	2.068409e-01	-2.606540e-01	3.215510e-01	2.605713e-02	-1.078309e-01	2.314247e-01	1.287002e-01	-1.310050e-01	1.279303e-01	-2.255677e-02	-3.036706e-02	1.000000e+00	-9.839363e-01	9.192221e-01	-7.490167e-01	5.737827e-01	
-4.366019e-02	3.295367e-02	5.274182e-01	-3.779630e-01	-4.692341e-02	5.608980e-02	-5.969140e-02	-2.947716e-02	5.510736e-02	-2.592263e-01	3.270743e-01	-4.042398e-01	-3.190160e-02	1.353861e-01	-2.888102e-01	-1.589549e-01	1.654868e-01	-1.647027e-01	3.386681e-02	3.160294e-02	-9.839363e-01	1.000000e+00	-9.739418e-01	6.981596e-01	-5.117461e-01	
1.828273e-02	-1.957608e-02	-6.499375e-01	4.665106e-01	5.599756e-02	-6.712161e-02	7.164838e-02	3.592006e-02	-6.709289e-02	3.207613e-01	-4.052883e-01	5.021215e-01	3.580246e-02	-1.653312e-01	3.599040e-01	1.859326e-01	-1.972168e-01	1.994142e-01	-4.612712e-02	-2.947935e-02	9.192221e-01	-9.739418e-01	1.000000e+00	-5.892517e-01	3.968414e-01	
1.281831e-01	-7.303140e-02	-7.328323e-02	4.691014e-02	1.175934e-02	-1.288238e-02	1.248617e-02	1.379345e-02	-1.846715e-02	2.865654e-02	-3.423386e-02	3.834427e-02	2.270720e-02	-3.382781e-02	7.002787e-03	2.170462e-02	-3.695448e-02	4.603086e-02	8.076579e-02	-1.066366e-01	-7.490167e-01	6.981596e-01	-5.892517e-01	1.000000e+00	-9.596504e-01	
-1.234160e-01	4.899180e-02	2.238982e-01	-1.533509e-01	-2.416300e-02	2.771752e-02	-2.797166e-02	-2.665241e-02	3.836150e-02	-1.073388e-01	1.329812e-01	-1.600440e-01	-2.677362e-02	7.076414e-02	-7.163156e-02	-4.742679e-02	7.173448e-02	-8.631493e-02	-1.573393e-01	2.202555e-01	5.737827e-01	-5.117461e-01	3.968414e-01	-9.596504e-01	1.000000e+00	

Time taken for mcmc chain: 1.728333 hours
