Number of steps: 7716728
Number of accepted steps: 1000000
Burn-in number of steps: 320000
Accepted fraction of steps: 0.129589
Convergence Status
R[0]= 1.070531	R[1]= 1.014096	R[2]= 1.020188	R[3]= 1.008640	R[4]= 1.000420	R[5]= 1.001154	R[6]= 1.002535	R[7]= 1.000820	R[8]= 1.001848	R[9]= 1.003816	R[10]= 1.007468	R[11]= 1.013559	R[12]= 1.000461	R[13]= 1.002782	R[14]= 1.012088	R[15]= 1.001581	R[16]= 1.001839	R[17]= 1.002256	R[18]= 1.000720	R[19]= 1.000187	R[20]= 1.002041	R[21]= 1.004091	R[22]= 1.007959	R[23]= 1.001549	R[24]= 1.003228	
<R>= 1.007434

Mean parameters
A[0]= 9.089946e-01 pm 6.367273e-02
A[1]= 1.032183e+00 pm 3.173187e-02
A[2]= 6.821312e-01 pm 4.411040e-01
A[3]= 3.366553e+00 pm 1.224190e+00
A[4]= -3.052241e+03 pm 3.661382e+03
A[5]= 1.425818e+03 pm 2.393669e+03
A[6]= 9.335852e+01 pm 5.585940e+02
A[7]= 1.656670e+01 pm 1.287773e+01
A[8]= -2.916137e-01 pm 1.816572e-01
A[9]= -3.843313e+03 pm 8.219927e+03
A[10]= 1.692397e+03 pm 4.963300e+03
A[11]= -4.614059e+02 pm 1.058612e+03
A[12]= 2.169432e+01 pm 4.791136e+01
A[13]= -6.613482e-01 pm 9.454022e-01
A[14]= 4.895997e+00 pm 1.621229e+00
A[15]= -7.751512e+03 pm 5.233263e+03
A[16]= 5.340736e+03 pm 3.436611e+03
A[17]= -9.109745e+02 pm 8.028789e+02
A[18]= 9.422718e+00 pm 1.892847e+01
A[19]= 2.550979e-02 pm 2.624400e-01
A[20]= 3.737514e+03 pm 1.131997e+04
A[21]= -2.148645e+03 pm 6.939209e+03
A[22]= 1.054874e+01 pm 1.510382e+03
A[23]= -3.994741e+01 pm 6.615884e+01
A[24]= 4.781771e-01 pm 1.324260e+00

Best-fitting parameters
A[0]= 9.094301e-01
A[1]= 1.038782e+00
A[2]= 7.036425e-01
A[3]= 3.961701e+00
A[4]= -6.308683e+03
A[5]= 3.787057e+03
A[6]= -4.880895e+02
A[7]= 1.800009e+01
A[8]= -2.058592e-01
A[9]= -6.062977e+03
A[10]= 3.331710e+03
A[11]= -8.691644e+02
A[12]= 1.592524e+01
A[13]= -4.532291e-01
A[14]= 5.043113e+00
A[15]= -9.286088e+03
A[16]= 6.389432e+03
A[17]= -1.154872e+03
A[18]= 3.395381e+00
A[19]= 1.553027e-01
A[20]= -4.102723e+02
A[21]= -1.119782e+00
A[22]= -3.178855e+02
A[23]= -5.181011e+01
A[24]= 8.193859e-01
chi2_min= 9.595216e+01


Cross-Covariance parameters
1.000000e+00	-5.288374e-01	1.126459e-01	-1.913725e-01	5.697965e-02	-2.417020e-02	-1.947097e-02	2.496592e-02	4.592926e-02	-9.137665e-02	1.646572e-01	-2.695300e-01	3.996885e-03	1.107213e-01	-2.193108e-01	6.088630e-02	-3.787518e-02	5.215519e-04	6.023845e-02	-1.449904e-02	-7.723317e-02	1.449742e-01	-2.426143e-01	-1.059536e-02	1.027630e-01	
-5.288374e-01	1.000000e+00	2.825965e-02	-5.679149e-02	-2.158323e-02	9.483920e-03	-3.418847e-03	1.282861e-01	-1.535883e-01	7.388639e-02	-1.128847e-01	1.693556e-01	-6.976468e-02	-2.638347e-02	-4.453280e-02	-5.457437e-02	4.926895e-02	-4.654649e-02	1.333316e-01	-1.304851e-01	2.718222e-02	-6.168581e-02	1.193467e-01	-3.365153e-02	-3.182975e-02	
1.126459e-01	2.825965e-02	1.000000e+00	-7.080887e-01	2.300454e-02	-1.685841e-02	1.720624e-02	-5.612292e-02	4.589775e-02	-3.761982e-01	4.962759e-01	-6.326944e-01	-1.443682e-01	2.845507e-01	-6.605477e-01	-1.409964e-01	1.576407e-01	-1.653194e-01	-7.843620e-03	6.798117e-02	-4.238315e-01	5.458168e-01	-6.791667e-01	-2.088969e-01	3.620721e-01	
-1.913725e-01	-5.679149e-02	-7.080887e-01	1.000000e+00	-5.339738e-01	5.819064e-01	-6.131724e-01	1.124100e-01	1.318644e-01	1.921526e-01	-2.633899e-01	3.535589e-01	5.606987e-02	-1.199244e-01	5.256808e-01	8.887220e-02	-1.034016e-01	1.147158e-01	-2.858683e-02	-2.300034e-02	2.968793e-01	-3.915989e-01	4.972541e-01	1.630669e-01	-2.778602e-01	
5.697965e-02	-2.158323e-02	2.300454e-02	-5.339738e-01	1.000000e+00	-9.835783e-01	9.370168e-01	-6.067129e-01	2.311933e-01	6.163206e-02	-9.299660e-02	1.221861e-01	9.151300e-02	-7.985105e-02	-3.521850e-02	7.257817e-03	-7.617073e-03	7.825405e-03	1.741505e-02	-1.497837e-02	6.600382e-03	-9.826808e-04	-7.822905e-03	-1.851769e-02	2.270202e-02	
-2.417020e-02	9.483920e-03	-1.685841e-02	5.819064e-01	-9.835783e-01	1.000000e+00	-9.841544e-01	5.468738e-01	-1.546327e-01	-7.628636e-02	1.141624e-01	-1.507125e-01	-1.052316e-01	1.110128e-01	2.806904e-02	-7.086829e-03	8.976151e-03	-1.114681e-02	-1.595911e-02	1.594095e-02	-8.785030e-03	5.627470e-03	-1.710549e-04	1.417620e-02	-1.533238e-02	
-1.947097e-02	-3.418847e-03	1.720624e-02	-6.131724e-01	9.370168e-01	-9.841544e-01	1.000000e+00	-4.768025e-01	8.320691e-02	9.136276e-02	-1.337548e-01	1.754873e-01	1.066980e-01	-1.272977e-01	-2.075283e-02	4.623500e-03	-8.009730e-03	1.254694e-02	1.005199e-02	-1.254129e-02	7.823611e-03	-6.760048e-03	4.445784e-03	-1.112744e-02	9.958773e-03	
2.496592e-02	1.282861e-01	-5.612292e-02	1.124100e-01	-6.067129e-01	5.468738e-01	-4.768025e-01	1.000000e+00	-8.902850e-01	1.084261e-01	-9.496784e-02	6.957006e-02	-4.003293e-02	-1.201523e-01	1.166725e-03	2.057781e-02	-2.041539e-02	1.590618e-02	3.485235e-02	-3.709179e-02	1.795783e-02	-2.434746e-02	3.186944e-02	2.334274e-02	-3.392281e-02	
4.592926e-02	-1.535883e-01	4.589775e-02	1.318644e-01	2.311933e-01	-1.546327e-01	8.320691e-02	-8.902850e-01	1.000000e+00	-1.637141e-01	1.698378e-01	-1.626507e-01	2.233193e-03	2.086965e-01	5.261830e-04	-2.138580e-02	2.419360e-02	-2.427914e-02	-3.067422e-02	3.853336e-02	-2.396005e-02	3.303364e-02	-4.440096e-02	-1.582945e-02	3.132994e-02	
-9.137665e-02	7.388639e-02	-3.761982e-01	1.921526e-01	6.163206e-02	-7.628636e-02	9.136276e-02	1.084261e-01	-1.637141e-01	1.000000e+00	-9.811286e-01	9.049432e-01	-7.400947e-01	5.412412e-01	2.463550e-01	4.796802e-02	-5.550631e-02	6.003855e-02	3.237931e-02	-5.664447e-02	1.764520e-01	-2.261130e-01	2.816311e-01	6.636513e-02	-1.349603e-01	
1.646572e-01	-1.128847e-01	4.962759e-01	-2.633899e-01	-9.299660e-02	1.141624e-01	-1.337548e-01	-9.496784e-02	1.698378e-01	-9.811286e-01	1.000000e+00	-9.692914e-01	6.770900e-01	-4.648779e-01	-3.359688e-01	-6.039962e-02	7.146727e-02	-7.922924e-02	-2.925977e-02	6.257706e-02	-2.285414e-01	2.967589e-01	-3.741949e-01	-9.307939e-02	1.845830e-01	
-2.695300e-01	1.693556e-01	-6.326944e-01	3.535589e-01	1.221861e-01	-1.507125e-01	1.754873e-01	6.957006e-02	-1.626507e-01	9.049432e-01	-9.692914e-01	1.000000e+00	-5.472145e-01	3.287286e-01	4.408759e-01	7.345278e-02	-8.887686e-02	1.009562e-01	2.289215e-02	-6.747366e-02	2.886662e-01	-3.792984e-01	4.835952e-01	1.224537e-01	-2.417763e-01	
3.996885e-03	-6.976468e-02	-1.443682e-01	5.606987e-02	9.151300e-02	-1.052316e-01	1.066980e-01	-4.003293e-02	2.233193e-03	-7.400947e-01	6.770900e-01	-5.472145e-01	1.000000e+00	-9.445142e-01	1.049689e-01	2.457972e-02	-2.806401e-02	3.067582e-02	-9.249519e-03	-9.330366e-04	5.330069e-02	-7.030119e-02	8.697550e-02	4.511173e-02	-6.242826e-02	
1.107213e-01	-2.638347e-02	2.845507e-01	-1.199244e-01	-7.985105e-02	1.110128e-01	-1.272977e-01	-1.201523e-01	2.086965e-01	5.412412e-01	-4.648779e-01	3.287286e-01	-9.445142e-01	1.000000e+00	-2.055975e-01	-3.764230e-02	4.554984e-02	-5.233632e-02	-5.159472e-04	2.261505e-02	-1.207953e-01	1.612743e-01	-2.062309e-01	-6.970120e-02	1.190304e-01	
-2.193108e-01	-4.453280e-02	-6.605477e-01	5.256808e-01	-3.521850e-02	2.806904e-02	-2.075283e-02	1.166725e-03	5.261830e-04	2.463550e-01	-3.359688e-01	4.408759e-01	1.049689e-01	-2.055975e-01	1.000000e+00	-4.427138e-01	4.885995e-01	-5.191766e-01	1.303178e-02	1.944385e-01	1.877239e-01	-2.543044e-01	3.370138e-01	7.444658e-02	-1.431279e-01	
6.088630e-02	-5.457437e-02	-1.409964e-01	8.887220e-02	7.257817e-03	-7.086829e-03	4.623500e-03	2.057781e-02	-2.138580e-02	4.796802e-02	-6.039962e-02	7.345278e-02	2.457972e-02	-3.764230e-02	-4.427138e-01	1.000000e+00	-9.840971e-01	9.387888e-01	-5.497376e-01	1.764958e-01	1.988749e-01	-2.423207e-01	2.780368e-01	8.254300e-02	-1.232928e-01	
-3.787518e-02	4.926895e-02	1.576407e-01	-1.034016e-01	-7.617073e-03	8.976151e-03	-8.009730e-03	-2.041539e-02	2.419360e-02	-5.550631e-02	7.146727e-02	-8.887686e-02	-2.806401e-02	4.554984e-02	4.885995e-01	-9.840971e-01	1.000000e+00	-9.845248e-01	4.820886e-01	-9.354412e-02	-2.131540e-01	2.638461e-01	-3.073141e-01	-1.049240e-01	1.579236e-01	
5.215519e-04	-4.654649e-02	-1.653194e-01	1.147158e-01	7.825405e-03	-1.114681e-02	1.254694e-02	1.590618e-02	-2.427914e-02	6.003855e-02	-7.922924e-02	1.009562e-01	3.067582e-02	-5.233632e-02	-5.191766e-01	9.387888e-01	-9.845248e-01	1.000000e+00	-4.055542e-01	1.555290e-02	2.200018e-01	-2.765841e-01	3.270034e-01	1.205976e-01	-1.830291e-01	
6.023845e-02	1.333316e-01	-7.843620e-03	-2.858683e-02	1.741505e-02	-1.595911e-02	1.005199e-02	3.485235e-02	-3.067422e-02	3.237931e-02	-2.925977e-02	2.289215e-02	-9.249519e-03	-5.159472e-04	1.303178e-02	-5.497376e-01	4.820886e-01	-4.055542e-01	1.000000e+00	-9.016174e-01	-7.076424e-03	1.605549e-02	-2.696258e-02	6.222609e-02	-1.358057e-01	
-1.449904e-02	-1.304851e-01	6.798117e-02	-2.300034e-02	-1.497837e-02	1.594095e-02	-1.254129e-02	-3.709179e-02	3.853336e-02	-5.664447e-02	6.257706e-02	-6.747366e-02	-9.330366e-04	2.261505e-02	1.944385e-01	1.764958e-01	-9.354412e-02	1.555290e-02	-9.016174e-01	1.000000e+00	-8.824314e-02	1.022418e-01	-1.112201e-01	-1.145393e-01	2.343281e-01	
-7.723317e-02	2.718222e-02	-4.238315e-01	2.968793e-01	6.600382e-03	-8.785030e-03	7.823611e-03	1.795783e-02	-2.396005e-02	1.764520e-01	-2.285414e-01	2.886662e-01	5.330069e-02	-1.207953e-01	1.877239e-01	1.988749e-01	-2.131540e-01	2.200018e-01	-7.076424e-03	-8.824314e-02	1.000000e+00	-9.807711e-01	9.053771e-01	-6.673838e-01	4.739726e-01	
1.449742e-01	-6.168581e-02	5.458168e-01	-3.915989e-01	-9.826808e-04	5.627470e-03	-6.760048e-03	-2.434746e-02	3.303364e-02	-2.261130e-01	2.967589e-01	-3.792984e-01	-7.030119e-02	1.612743e-01	-2.543044e-01	-2.423207e-01	2.638461e-01	-2.765841e-01	1.605549e-02	1.022418e-01	-9.807711e-01	1.000000e+00	-9.699882e-01	5.897810e-01	-3.828281e-01	
-2.426143e-01	1.193467e-01	-6.791667e-01	4.972541e-01	-7.822905e-03	-1.710549e-04	4.445784e-03	3.186944e-02	-4.440096e-02	2.816311e-01	-3.741949e-01	4.835952e-01	8.697550e-02	-2.062309e-01	3.370138e-01	2.780368e-01	-3.073141e-01	3.270034e-01	-2.696258e-02	-1.112201e-01	9.053771e-01	-9.699882e-01	1.000000e+00	-4.481296e-01	2.346367e-01	
-1.059536e-02	-3.365153e-02	-2.088969e-01	1.630669e-01	-1.851769e-02	1.417620e-02	-1.112744e-02	2.334274e-02	-1.582945e-02	6.636513e-02	-9.307939e-02	1.224537e-01	4.511173e-02	-6.970120e-02	7.444658e-02	8.254300e-02	-1.049240e-01	1.205976e-01	6.222609e-02	-1.145393e-01	-6.673838e-01	5.897810e-01	-4.481296e-01	1.000000e+00	-9.588098e-01	
1.027630e-01	-3.182975e-02	3.620721e-01	-2.778602e-01	2.270202e-02	-1.533238e-02	9.958773e-03	-3.392281e-02	3.132994e-02	-1.349603e-01	1.845830e-01	-2.417763e-01	-6.242826e-02	1.190304e-01	-1.431279e-01	-1.232928e-01	1.579236e-01	-1.830291e-01	-1.358057e-01	2.343281e-01	4.739726e-01	-3.828281e-01	2.346367e-01	-9.588098e-01	1.000000e+00	

Time taken for mcmc chain: 1.101389 hours
