Number of steps: 6941847
Number of accepted steps: 1000000
Burn-in number of steps: 320000
Accepted fraction of steps: 0.144054
Convergence Status
R[0]= 1.070252	R[1]= 1.023844	R[2]= 1.015924	R[3]= 1.006213	R[4]= 1.007673	R[5]= 1.010332	R[6]= 1.013087	R[7]= 1.000748	R[8]= 1.005609	R[9]= 1.003763	R[10]= 1.005397	R[11]= 1.008045	R[12]= 1.000817	R[13]= 1.003781	R[14]= 1.012081	R[15]= 1.002394	R[16]= 1.002818	R[17]= 1.003358	R[18]= 1.000477	R[19]= 1.001212	R[20]= 1.000432	R[21]= 1.001010	R[22]= 1.002854	R[23]= 1.000566	R[24]= 1.000892	
<R>= 1.008143

Mean parameters
A[0]= 9.096753e-01 pm 5.533475e-02
A[1]= 1.034467e+00 pm 3.306596e-02
A[2]= 6.946199e-01 pm 4.597394e-01
A[3]= 3.287498e+00 pm 1.175871e+00
A[4]= -2.974154e+03 pm 3.714070e+03
A[5]= 1.364067e+03 pm 2.445131e+03
A[6]= 1.086331e+02 pm 5.734696e+02
A[7]= 1.701504e+01 pm 1.278648e+01
A[8]= -3.001288e-01 pm 1.799916e-01
A[9]= -4.045967e+03 pm 8.226393e+03
A[10]= 1.823214e+03 pm 4.935546e+03
A[11]= -4.905094e+02 pm 1.037170e+03
A[12]= 2.296271e+01 pm 4.831802e+01
A[13]= -6.852117e-01 pm 9.434320e-01
A[14]= 4.911821e+00 pm 1.594867e+00
A[15]= -8.081824e+03 pm 5.277459e+03
A[16]= 5.576494e+03 pm 3.459573e+03
A[17]= -9.684510e+02 pm 8.058956e+02
A[18]= 9.893947e+00 pm 1.907216e+01
A[19]= 2.614916e-02 pm 2.644993e-01
A[20]= 3.502358e+03 pm 1.163943e+04
A[21]= -1.951530e+03 pm 7.148004e+03
A[22]= -4.213665e+01 pm 1.549547e+03
A[23]= -4.012834e+01 pm 6.667861e+01
A[24]= 4.838497e-01 pm 1.326927e+00

Best-fitting parameters
A[0]= 9.287800e-01
A[1]= 1.034311e+00
A[2]= 8.455536e-01
A[3]= 3.164824e+00
A[4]= -2.902688e+03
A[5]= 1.611674e+03
A[6]= -1.905194e+01
A[7]= 1.093802e+01
A[8]= -1.897523e-01
A[9]= -1.867764e+03
A[10]= 1.703527e+03
A[11]= -7.483200e+02
A[12]= 5.094812e+00
A[13]= -2.194538e-01
A[14]= 4.149453e+00
A[15]= -6.740004e+03
A[16]= 4.739165e+03
A[17]= -8.013411e+02
A[18]= 6.022125e+00
A[19]= 7.034343e-02
A[20]= 3.722373e+03
A[21]= -8.717574e+02
A[22]= -5.568861e+02
A[23]= -2.706356e+01
A[24]= 1.704653e-01
chi2_min= 9.572394e+01


Cross-Covariance parameters
1.000000e+00	-5.653382e-01	-3.756920e-02	1.035322e-01	-8.772303e-02	1.162431e-01	-1.479323e-01	4.457598e-02	6.729015e-02	-4.857688e-02	9.105675e-02	-1.572953e-01	3.688425e-02	4.553513e-02	-9.050239e-02	1.172511e-01	-1.014680e-01	7.119511e-02	1.420727e-02	1.186701e-02	9.107887e-03	4.074800e-02	-1.226401e-01	2.166164e-02	5.774200e-02	
-5.653382e-01	1.000000e+00	1.733996e-01	-2.170908e-01	5.013447e-02	-5.651491e-02	5.455281e-02	1.010819e-01	-1.502741e-01	3.058379e-02	-4.813957e-02	7.881587e-02	-8.308332e-02	7.487479e-03	-1.774691e-01	-5.434090e-02	4.928018e-02	-4.681634e-02	1.601711e-01	-1.643685e-01	-4.233405e-02	2.079415e-02	2.338088e-02	-3.505823e-02	-2.223056e-02	
-3.756920e-02	1.733996e-01	1.000000e+00	-6.921446e-01	4.642847e-03	5.259070e-03	-7.285617e-03	-4.781831e-02	3.974552e-02	-3.627391e-01	4.793894e-01	-6.146597e-01	-1.424851e-01	2.775007e-01	-6.451048e-01	-2.172248e-01	2.307800e-01	-2.332188e-01	3.746732e-02	3.369742e-02	-4.513334e-01	5.696784e-01	-6.955624e-01	-1.786227e-01	3.285699e-01	
1.035322e-01	-2.170908e-01	-6.921446e-01	1.000000e+00	-5.442117e-01	5.942546e-01	-6.303403e-01	1.368241e-01	1.424131e-01	1.900012e-01	-2.447940e-01	3.122068e-01	1.823545e-02	-6.238836e-02	4.765552e-01	1.458203e-01	-1.521138e-01	1.501800e-01	-3.874240e-02	-2.070814e-03	3.229258e-01	-3.995842e-01	4.781145e-01	1.138203e-01	-2.087489e-01	
-8.772303e-02	5.013447e-02	4.642847e-03	-5.442117e-01	1.000000e+00	-9.844665e-01	9.415453e-01	-6.188001e-01	2.194107e-01	5.281328e-02	-9.582093e-02	1.432603e-01	1.244598e-01	-1.241983e-01	-9.751737e-03	1.266784e-02	-1.618729e-02	2.111888e-02	-9.364410e-03	-2.943761e-03	-1.556884e-02	9.300240e-03	1.440288e-03	2.744411e-02	-3.527136e-02	
1.162431e-01	-5.651491e-02	5.259070e-03	5.942546e-01	-9.844665e-01	1.000000e+00	-9.855825e-01	5.588400e-01	-1.439588e-01	-6.598155e-02	1.146406e-01	-1.687541e-01	-1.382645e-01	1.535777e-01	-5.485060e-04	-9.122612e-03	1.429861e-02	-2.141345e-02	8.246098e-03	5.928266e-03	1.069505e-02	-1.455976e-03	-1.308711e-02	-2.868265e-02	4.090116e-02	
-1.479323e-01	5.455281e-02	-7.285617e-03	-6.303403e-01	9.415453e-01	-9.855825e-01	1.000000e+00	-4.894898e-01	7.482886e-02	7.971011e-02	-1.312713e-01	1.887714e-01	1.383038e-01	-1.654484e-01	9.128744e-03	2.034226e-03	-8.573322e-03	1.794304e-02	-1.021197e-02	-4.743007e-03	-9.952761e-03	-1.210144e-03	1.842976e-02	2.753955e-02	-4.234388e-02	
4.457598e-02	1.010819e-01	-4.781831e-02	1.368241e-01	-6.188001e-01	5.588400e-01	-4.894898e-01	1.000000e+00	-8.812360e-01	1.169183e-01	-1.008550e-01	7.191707e-02	-6.075388e-02	-9.778245e-02	4.023883e-03	1.390617e-02	-1.508696e-02	1.273584e-02	4.911455e-02	-4.957933e-02	3.848628e-02	-4.364943e-02	4.759152e-02	3.172713e-04	-1.246874e-02	
6.729015e-02	-1.502741e-01	3.974552e-02	1.424131e-01	2.194107e-01	-1.439588e-01	7.482886e-02	-8.812360e-01	1.000000e+00	-1.699061e-01	1.752204e-01	-1.677918e-01	1.299030e-02	1.977716e-01	-3.380501e-03	-1.163623e-02	1.655962e-02	-1.988149e-02	-4.158866e-02	5.173321e-02	-3.100027e-02	4.213465e-02	-5.596077e-02	-1.044732e-02	3.164596e-02	
-4.857688e-02	3.058379e-02	-3.627391e-01	1.900012e-01	5.281328e-02	-6.598155e-02	7.971011e-02	1.169183e-01	-1.699061e-01	1.000000e+00	-9.826522e-01	9.129102e-01	-7.528394e-01	5.644364e-01	2.223596e-01	9.162921e-02	-9.798346e-02	9.998334e-02	-2.063321e-03	-3.288300e-02	1.744223e-01	-2.209867e-01	2.721661e-01	7.251641e-02	-1.377633e-01	
9.105675e-02	-4.813957e-02	4.793894e-01	-2.447940e-01	-9.582093e-02	1.146406e-01	-1.312713e-01	-1.008550e-01	1.752204e-01	-9.826522e-01	1.000000e+00	-9.719800e-01	6.948448e-01	-4.953744e-01	-3.038914e-01	-1.111334e-01	1.201728e-01	-1.240292e-01	4.697963e-03	3.924306e-02	-2.264928e-01	2.904357e-01	-3.618298e-01	-9.450083e-02	1.819752e-01	
-1.572953e-01	7.881587e-02	-6.146597e-01	3.122068e-01	1.432603e-01	-1.687541e-01	1.887714e-01	7.191707e-02	-1.677918e-01	9.129102e-01	-9.719800e-01	1.000000e+00	-5.745413e-01	3.705661e-01	4.010424e-01	1.302825e-01	-1.426601e-01	1.491729e-01	-7.607546e-03	-4.640891e-02	2.871538e-01	-3.721295e-01	4.684920e-01	1.183085e-01	-2.328684e-01	
3.688425e-02	-8.308332e-02	-1.424851e-01	1.823545e-02	1.244598e-01	-1.382645e-01	1.383038e-01	-6.075388e-02	1.299030e-02	-7.528394e-01	6.948448e-01	-5.745413e-01	1.000000e+00	-9.477672e-01	1.049500e-01	2.424942e-02	-2.787785e-02	3.031761e-02	-5.707115e-03	-1.847643e-03	6.043259e-02	-7.685345e-02	9.375201e-02	3.011318e-02	-4.858753e-02	
4.553513e-02	7.487479e-03	2.775007e-01	-6.238836e-02	-1.241983e-01	1.535777e-01	-1.654484e-01	-9.778245e-02	1.977716e-01	5.644364e-01	-4.953744e-01	3.705661e-01	-9.477672e-01	1.000000e+00	-1.893695e-01	-5.193290e-02	5.972925e-02	-6.501427e-02	-3.341508e-03	2.602573e-02	-1.278707e-01	1.660612e-01	-2.088752e-01	-5.590752e-02	1.062300e-01	
-9.050239e-02	-1.774691e-01	-6.451048e-01	4.765552e-01	-9.751737e-03	-5.485060e-04	9.128744e-03	4.023883e-03	-3.380501e-03	2.223596e-01	-3.038914e-01	4.010424e-01	1.049500e-01	-1.893695e-01	1.000000e+00	-4.060472e-01	4.572880e-01	-4.957632e-01	-1.301460e-02	2.177629e-01	1.915722e-01	-2.516308e-01	3.249331e-01	5.696788e-02	-1.150620e-01	
1.172511e-01	-5.434090e-02	-2.172248e-01	1.458203e-01	1.266784e-02	-9.122612e-03	2.034226e-03	1.390617e-02	-1.163623e-02	9.162921e-02	-1.111334e-01	1.302825e-01	2.424942e-02	-5.193290e-02	-4.060472e-01	1.000000e+00	-9.843259e-01	9.396728e-01	-5.484212e-01	1.880664e-01	2.306891e-01	-2.773948e-01	3.162348e-01	8.078718e-02	-1.291147e-01	
-1.014680e-01	4.928018e-02	2.307800e-01	-1.521138e-01	-1.618729e-02	1.429861e-02	-8.573322e-03	-1.508696e-02	1.655962e-02	-9.798346e-02	1.201728e-01	-1.426601e-01	-2.787785e-02	5.972925e-02	4.572880e-01	-9.843259e-01	1.000000e+00	-9.847647e-01	4.784433e-01	-1.034363e-01	-2.444414e-01	2.979612e-01	-3.439460e-01	-1.001503e-01	1.606128e-01	
7.119511e-02	-4.681634e-02	-2.332188e-01	1.501800e-01	2.111888e-02	-2.141345e-02	1.794304e-02	1.273584e-02	-1.988149e-02	9.998334e-02	-1.240292e-01	1.491729e-01	3.031761e-02	-6.501427e-02	-4.957632e-01	9.396728e-01	-9.847647e-01	1.000000e+00	-3.992313e-01	2.260744e-02	2.503463e-01	-3.090955e-01	3.611263e-01	1.124433e-01	-1.822319e-01	
1.420727e-02	1.601711e-01	3.746732e-02	-3.874240e-02	-9.364410e-03	8.246098e-03	-1.021197e-02	4.911455e-02	-4.158866e-02	-2.063321e-03	4.697963e-03	-7.607546e-03	-5.707115e-03	-3.341508e-03	-1.301460e-02	-5.484212e-01	4.784433e-01	-3.992313e-01	1.000000e+00	-9.067591e-01	-1.903782e-02	2.848949e-02	-3.857039e-02	5.653663e-02	-1.276686e-01	
1.186701e-02	-1.643685e-01	3.369742e-02	-2.070814e-03	-2.943761e-03	5.928266e-03	-4.743007e-03	-4.957933e-02	5.173321e-02	-3.288300e-02	3.924306e-02	-4.640891e-02	-1.847643e-03	2.602573e-02	2.177629e-01	1.880664e-01	-1.034363e-01	2.260744e-02	-9.067591e-01	1.000000e+00	-7.303237e-02	8.595346e-02	-9.605018e-02	-1.074348e-01	2.242058e-01	
9.107887e-03	-4.233405e-02	-4.513334e-01	3.229258e-01	-1.556884e-02	1.069505e-02	-9.952761e-03	3.848628e-02	-3.100027e-02	1.744223e-01	-2.264928e-01	2.871538e-01	6.043259e-02	-1.278707e-01	1.915722e-01	2.306891e-01	-2.444414e-01	2.503463e-01	-1.903782e-02	-7.303237e-02	1.000000e+00	-9.816536e-01	9.101235e-01	-6.753962e-01	4.886983e-01	
4.074800e-02	2.079415e-02	5.696784e-01	-3.995842e-01	9.300240e-03	-1.455976e-03	-1.210144e-03	-4.364943e-02	4.213465e-02	-2.209867e-01	2.904357e-01	-3.721295e-01	-7.685345e-02	1.660612e-01	-2.516308e-01	-2.773948e-01	2.979612e-01	-3.090955e-01	2.848949e-02	8.595346e-02	-9.816536e-01	1.000000e+00	-9.716463e-01	6.004998e-01	-4.004895e-01	
-1.226401e-01	2.338088e-02	-6.955624e-01	4.781145e-01	1.440288e-03	-1.308711e-02	1.842976e-02	4.759152e-02	-5.596077e-02	2.721661e-01	-3.618298e-01	4.684920e-01	9.375201e-02	-2.088752e-01	3.249331e-01	3.162348e-01	-3.439460e-01	3.611263e-01	-3.857039e-02	-9.605018e-02	9.101235e-01	-9.716463e-01	1.000000e+00	-4.654023e-01	2.577450e-01	
2.166164e-02	-3.505823e-02	-1.786227e-01	1.138203e-01	2.744411e-02	-2.868265e-02	2.753955e-02	3.172713e-04	-1.044732e-02	7.251641e-02	-9.450083e-02	1.183085e-01	3.011318e-02	-5.590752e-02	5.696788e-02	8.078718e-02	-1.001503e-01	1.124433e-01	5.653663e-02	-1.074348e-01	-6.753962e-01	6.004998e-01	-4.654023e-01	1.000000e+00	-9.593327e-01	
5.774200e-02	-2.223056e-02	3.285699e-01	-2.087489e-01	-3.527136e-02	4.090116e-02	-4.234388e-02	-1.246874e-02	3.164596e-02	-1.377633e-01	1.819752e-01	-2.328684e-01	-4.858753e-02	1.062300e-01	-1.150620e-01	-1.291147e-01	1.606128e-01	-1.822319e-01	-1.276686e-01	2.242058e-01	4.886983e-01	-4.004895e-01	2.577450e-01	-9.593327e-01	1.000000e+00	

Time taken for mcmc chain: 1.153611 hours
