Number of steps: 2355630
Number of accepted steps: 960000
Burn-in number of steps: 200000
Accepted fraction of steps: 0.407534
Convergence Status
R[0]= 1.001323	R[1]= 1.007480	R[2]= 1.065633	R[3]= 1.005535	R[4]= 1.044114	R[5]= 1.050563	R[6]= 1.054188	R[7]= 1.002659	R[8]= 1.013697	R[9]= 1.030225	R[10]= 1.042656	R[11]= 1.059542	R[12]= 1.008523	R[13]= 1.015835	R[14]= 1.051419	R[15]= 1.006420	R[16]= 1.007631	R[17]= 1.008223	R[18]= 1.004033	R[19]= 1.001215	R[20]= 1.026933	R[21]= 1.037768	R[22]= 1.053428	R[23]= 1.011415	R[24]= 1.014349	
<R>= 1.024992

Mean parameters
A[0]= 8.561809e-01 pm 3.529573e-02
A[1]= 9.978194e-01 pm 2.824335e-02
A[2]= 6.086710e-01 pm 4.043574e-01
A[3]= 3.521299e+00 pm 1.094573e+00
A[4]= -2.307061e+03 pm 3.342203e+03
A[5]= 9.752801e+02 pm 2.186621e+03
A[6]= 1.544547e+02 pm 5.046612e+02
A[7]= 6.897271e+00 pm 1.171393e+01
A[8]= -1.366572e-01 pm 1.724473e-01
A[9]= -8.127356e+03 pm 7.361872e+03
A[10]= 3.889538e+03 pm 4.366443e+03
A[11]= -8.139750e+02 pm 8.943355e+02
A[12]= 3.985961e+01 pm 4.210468e+01
A[13]= -7.417793e-01 pm 8.209607e-01
A[14]= 5.086196e+00 pm 1.581199e+00
A[15]= -9.275267e+03 pm 4.676914e+03
A[16]= 5.867124e+03 pm 3.073277e+03
A[17]= -9.739407e+02 pm 7.112494e+02
A[18]= 1.416804e+01 pm 1.696115e+01
A[19]= -4.701533e-02 pm 2.439146e-01
A[20]= -1.420844e+02 pm 9.938574e+03
A[21]= -8.199919e+01 pm 5.968860e+03
A[22]= -3.308648e+02 pm 1.239846e+03
A[23]= -4.500571e+00 pm 5.883373e+01
A[24]= -2.479273e-01 pm 1.161915e+00

Best-fitting parameters
A[0]= 8.501196e-01
A[1]= 1.000965e+00
A[2]= 7.344553e-01
A[3]= 3.383385e+00
A[4]= -2.422047e+03
A[5]= 1.186177e+03
A[6]= 5.880053e+01
A[7]= 5.425054e+00
A[8]= -1.179917e-01
A[9]= -1.041215e+04
A[10]= 5.530109e+03
A[11]= -1.192848e+03
A[12]= 3.928632e+01
A[13]= -6.522607e-01
A[14]= 4.050193e+00
A[15]= -9.994086e+03
A[16]= 6.003803e+03
A[17]= -9.258612e+02
A[18]= 3.103226e+01
A[19]= -3.192568e-01
A[20]= -3.236006e+03
A[21]= 1.753002e+03
A[22]= -7.088031e+02
A[23]= 6.897982e+00
A[24]= -5.703206e-01
chi2_min= 1.076892e+02


Cross-Covariance parameters
1.000000e+00	-5.005288e-01	-1.428537e-01	8.149033e-02	5.485150e-02	-4.800051e-02	3.352208e-02	-1.980624e-02	3.809869e-02	5.493164e-02	-3.703053e-02	-6.306698e-03	2.891245e-02	1.442870e-02	4.022925e-02	1.071912e-01	-9.870852e-02	8.065574e-02	-3.503748e-03	7.035869e-03	1.314401e-02	7.861308e-03	-5.233016e-02	1.105154e-01	-6.127098e-02	
-5.005288e-01	1.000000e+00	2.770913e-01	-2.004823e-01	-4.281751e-02	6.245355e-02	-8.583455e-02	1.468472e-01	-1.211240e-01	-2.643256e-02	3.412528e-02	-3.023730e-02	-9.999505e-02	5.190973e-02	-2.316749e-01	-1.864454e-02	2.360116e-02	-3.529643e-02	1.145208e-01	-1.016287e-01	-7.232481e-03	2.631759e-03	1.182194e-02	-1.422445e-01	1.065680e-01	
-1.428537e-01	2.770913e-01	1.000000e+00	-6.468339e-01	-1.027154e-01	1.216136e-01	-1.285420e-01	-3.571089e-02	5.377177e-02	-3.963274e-01	5.112161e-01	-6.447765e-01	-2.133549e-01	3.307986e-01	-6.500939e-01	-8.392555e-02	8.746966e-02	-8.395672e-02	-1.908192e-02	3.087394e-02	-3.953164e-01	5.022969e-01	-6.244528e-01	-2.015455e-01	3.191350e-01	
8.149033e-02	-2.004823e-01	-6.468339e-01	1.000000e+00	-5.028547e-01	5.531958e-01	-5.906479e-01	1.486222e-02	2.362014e-01	1.531536e-01	-2.121893e-01	2.906898e-01	6.262158e-02	-7.221698e-02	4.692887e-01	4.392571e-02	-4.157823e-02	3.671097e-02	-2.104889e-02	1.951426e-02	2.595263e-01	-3.298873e-01	4.117757e-01	1.382263e-01	-2.133078e-01	
5.485150e-02	-4.281751e-02	-1.027154e-01	-5.028547e-01	1.000000e+00	-9.836922e-01	9.388449e-01	-5.026167e-01	1.236396e-01	8.462639e-02	-1.219619e-01	1.611702e-01	1.780556e-01	-1.890053e-01	4.258990e-02	2.175640e-02	-2.388886e-02	2.324635e-02	3.180805e-02	-4.088370e-02	6.814337e-02	-7.461630e-02	7.829524e-02	-2.224538e-04	-1.496288e-02	
-4.800051e-02	6.245355e-02	1.216136e-01	5.531958e-01	-9.836922e-01	1.000000e+00	-9.850061e-01	4.319283e-01	-4.352039e-02	-1.046348e-01	1.470810e-01	-1.912333e-01	-1.920714e-01	2.190994e-01	-5.031345e-02	-2.925915e-02	3.303517e-02	-3.379844e-02	-2.941089e-02	4.293965e-02	-6.896590e-02	7.844891e-02	-8.600274e-02	-1.183901e-02	2.905510e-02	
3.352208e-02	-8.583455e-02	-1.285420e-01	-5.906479e-01	9.388449e-01	-9.850061e-01	1.000000e+00	-3.555175e-01	-2.735884e-02	1.193189e-01	-1.644253e-01	2.108693e-01	1.949056e-01	-2.336085e-01	5.186854e-02	3.381101e-02	-3.948875e-02	4.224713e-02	2.486581e-02	-4.282028e-02	6.321301e-02	-7.447826e-02	8.471722e-02	2.254799e-02	-4.042160e-02	
-1.980624e-02	1.468472e-01	-3.571089e-02	1.486222e-02	-5.026167e-01	4.319283e-01	-3.555175e-01	1.000000e+00	-9.009137e-01	2.189895e-01	-2.104721e-01	1.842402e-01	-1.430020e-01	-4.993342e-02	-3.851410e-03	2.763193e-02	-3.038669e-02	2.984453e-02	1.147673e-02	-1.369427e-02	2.952064e-02	-4.018520e-02	5.292150e-02	4.563307e-03	-1.777484e-02	
3.809869e-02	-1.211240e-01	5.377177e-02	2.362014e-01	1.236396e-01	-4.352039e-02	-2.735884e-02	-9.009137e-01	1.000000e+00	-2.748598e-01	2.799298e-01	-2.649111e-01	9.485480e-02	1.394210e-01	-5.196124e-03	-2.401062e-02	2.955252e-02	-3.166609e-02	-1.968818e-02	2.465098e-02	-4.629217e-02	5.849960e-02	-7.203440e-02	4.398381e-03	1.235664e-02	
5.493164e-02	-2.643256e-02	-3.963274e-01	1.531536e-01	8.462639e-02	-1.046348e-01	1.193189e-01	2.189895e-01	-2.748598e-01	1.000000e+00	-9.839873e-01	9.197493e-01	-6.839611e-01	4.886945e-01	2.340477e-01	4.730653e-02	-4.952934e-02	4.665090e-02	3.320451e-02	-4.290622e-02	1.677177e-01	-2.114961e-01	2.618454e-01	7.430036e-02	-1.307339e-01	
-3.703053e-02	3.412528e-02	5.112161e-01	-2.121893e-01	-1.219619e-01	1.470810e-01	-1.644253e-01	-2.104721e-01	2.799298e-01	-9.839873e-01	1.000000e+00	-9.742071e-01	6.237840e-01	-4.225051e-01	-3.095819e-01	-5.753358e-02	6.072477e-02	-5.795470e-02	-3.886817e-02	5.224540e-02	-2.196485e-01	2.774113e-01	-3.443106e-01	-9.431066e-02	1.674711e-01	
-6.306698e-03	-3.023730e-02	-6.447765e-01	2.906898e-01	1.611702e-01	-1.912333e-01	2.108693e-01	1.842402e-01	-2.649111e-01	9.197493e-01	-9.742071e-01	1.000000e+00	-5.063478e-01	3.075284e-01	4.016845e-01	6.648864e-02	-7.061166e-02	6.801392e-02	4.295125e-02	-5.986861e-02	2.816118e-01	-3.566811e-01	4.444273e-01	1.153301e-01	-2.094265e-01	
2.891245e-02	-9.999505e-02	-2.133549e-01	6.262158e-02	1.780556e-01	-1.920714e-01	1.949056e-01	-1.430020e-01	9.485480e-02	-6.839611e-01	6.237840e-01	-5.063478e-01	1.000000e+00	-9.469266e-01	1.506232e-01	2.615130e-02	-2.927753e-02	3.092251e-02	-1.744908e-02	1.246713e-02	8.857244e-02	-1.123581e-01	1.384119e-01	5.457010e-02	-7.759931e-02	
1.442870e-02	5.190973e-02	3.307986e-01	-7.221698e-02	-1.890053e-01	2.190994e-01	-2.336085e-01	-4.993342e-02	1.394210e-01	4.886945e-01	-4.225051e-01	3.075284e-01	-9.469266e-01	1.000000e+00	-2.137903e-01	-3.966836e-02	4.652446e-02	-5.018110e-02	-2.209028e-03	1.126401e-02	-1.469700e-01	1.877071e-01	-2.343463e-01	-7.102542e-02	1.159521e-01	
4.022925e-02	-2.316749e-01	-6.500939e-01	4.692887e-01	4.258990e-02	-5.031345e-02	5.186854e-02	-3.851410e-03	-5.196124e-03	2.340477e-01	-3.095819e-01	4.016845e-01	1.506232e-01	-2.137903e-01	1.000000e+00	-4.842708e-01	5.484913e-01	-5.971956e-01	-6.616256e-02	2.870202e-01	1.579801e-01	-2.106757e-01	2.822061e-01	5.846523e-02	-9.806721e-02	
1.071912e-01	-1.864454e-02	-8.392555e-02	4.392571e-02	2.175640e-02	-2.925915e-02	3.381101e-02	2.763193e-02	-2.401062e-02	4.730653e-02	-5.753358e-02	6.648864e-02	2.615130e-02	-3.966836e-02	-4.842708e-01	1.000000e+00	-9.838860e-01	9.400118e-01	-4.737059e-01	1.276785e-01	1.994553e-01	-2.323587e-01	2.565559e-01	7.355519e-02	-9.750153e-02	
-9.870852e-02	2.360116e-02	8.746966e-02	-4.157823e-02	-2.388886e-02	3.303517e-02	-3.948875e-02	-3.038669e-02	2.955252e-02	-4.952934e-02	6.072477e-02	-7.061166e-02	-2.927753e-02	4.652446e-02	5.484913e-01	-9.838860e-01	1.000000e+00	-9.853719e-01	3.877299e-01	-3.154581e-02	-2.050715e-01	2.419667e-01	-2.701418e-01	-9.729725e-02	1.305651e-01	
8.065574e-02	-3.529643e-02	-8.395672e-02	3.671097e-02	2.324635e-02	-3.379844e-02	4.224713e-02	2.984453e-02	-3.166609e-02	4.665090e-02	-5.795470e-02	6.801392e-02	3.092251e-02	-5.018110e-02	-5.971956e-01	9.400118e-01	-9.853719e-01	1.000000e+00	-2.991080e-01	-5.409168e-02	2.020139e-01	-2.413765e-01	2.723548e-01	1.135281e-01	-1.526741e-01	
-3.503748e-03	1.145208e-01	-1.908192e-02	-2.104889e-02	3.180805e-02	-2.941089e-02	2.486581e-02	1.147673e-02	-1.968818e-02	3.320451e-02	-3.886817e-02	4.295125e-02	-1.744908e-02	-2.209028e-03	-6.616256e-02	-4.737059e-01	3.877299e-01	-2.991080e-01	1.000000e+00	-9.187272e-01	-1.309605e-02	9.278270e-03	-7.123910e-03	8.974758e-02	-1.752820e-01	
7.035869e-03	-1.016287e-01	3.087394e-02	1.951426e-02	-4.088370e-02	4.293965e-02	-4.282028e-02	-1.369427e-02	2.465098e-02	-4.290622e-02	5.224540e-02	-5.986861e-02	1.246713e-02	1.126401e-02	2.870202e-01	1.276785e-01	-3.154581e-02	-5.409168e-02	-9.187272e-01	1.000000e+00	-6.330421e-02	7.853238e-02	-8.766216e-02	-1.232242e-01	2.369085e-01	
1.314401e-02	-7.232481e-03	-3.953164e-01	2.595263e-01	6.814337e-02	-6.896590e-02	6.321301e-02	2.952064e-02	-4.629217e-02	1.677177e-01	-2.196485e-01	2.816118e-01	8.857244e-02	-1.469700e-01	1.579801e-01	1.994553e-01	-2.050715e-01	2.020139e-01	-1.309605e-02	-6.330421e-02	1.000000e+00	-9.839975e-01	9.214673e-01	-6.726367e-01	5.051244e-01	
7.861308e-03	2.631759e-03	5.022969e-01	-3.298873e-01	-7.461630e-02	7.844891e-02	-7.447826e-02	-4.018520e-02	5.849960e-02	-2.114961e-01	2.774113e-01	-3.566811e-01	-1.123581e-01	1.877071e-01	-2.106757e-01	-2.323587e-01	2.419667e-01	-2.413765e-01	9.278270e-03	7.853238e-02	-9.839975e-01	1.000000e+00	-9.751611e-01	6.172356e-01	-4.435785e-01	
-5.233016e-02	1.182194e-02	-6.244528e-01	4.117757e-01	7.829524e-02	-8.600274e-02	8.471722e-02	5.292150e-02	-7.203440e-02	2.618454e-01	-3.443106e-01	4.444273e-01	1.384119e-01	-2.343463e-01	2.822061e-01	2.565559e-01	-2.701418e-01	2.723548e-01	-7.123910e-03	-8.766216e-02	9.214673e-01	-9.751611e-01	1.000000e+00	-5.102761e-01	3.365083e-01	
1.105154e-01	-1.422445e-01	-2.015455e-01	1.382263e-01	-2.224538e-04	-1.183901e-02	2.254799e-02	4.563307e-03	4.398381e-03	7.430036e-02	-9.431066e-02	1.153301e-01	5.457010e-02	-7.102542e-02	5.846523e-02	7.355519e-02	-9.729725e-02	1.135281e-01	8.974758e-02	-1.232242e-01	-6.726367e-01	6.172356e-01	-5.102761e-01	1.000000e+00	-9.644031e-01	
-6.127098e-02	1.065680e-01	3.191350e-01	-2.133078e-01	-1.496288e-02	2.905510e-02	-4.042160e-02	-1.777484e-02	1.235664e-02	-1.307339e-01	1.674711e-01	-2.094265e-01	-7.759931e-02	1.159521e-01	-9.806721e-02	-9.750153e-02	1.305651e-01	-1.526741e-01	-1.752820e-01	2.369085e-01	5.051244e-01	-4.435785e-01	3.365083e-01	-9.644031e-01	1.000000e+00	

Time taken for mcmc chain: 19.016667 minutes
