Number of steps: 4491162
Number of accepted steps: 1000000
Burn-in number of steps: 320000
Accepted fraction of steps: 0.222660
Convergence Status
R[0]= 1.003229	R[1]= 1.005104	R[2]= 1.113258	R[3]= 1.061603	R[4]= 1.004369	R[5]= 1.005922	R[6]= 1.007517	R[7]= 1.000773	R[8]= 1.000964	R[9]= 1.019339	R[10]= 1.026722	R[11]= 1.036095	R[12]= 1.001063	R[13]= 1.000953	R[14]= 1.071231	R[15]= 1.004236	R[16]= 1.005167	R[17]= 1.006192	R[18]= 1.000298	R[19]= 1.000429	R[20]= 1.011346	R[21]= 1.019009	R[22]= 1.029995	R[23]= 1.002036	R[24]= 1.005395	
<R>= 1.017690

Mean parameters
A[0]= 9.873280e-01 pm 3.363120e-02
A[1]= 1.061970e+00 pm 2.502814e-02
A[2]= 6.046251e-01 pm 3.955204e-01
A[3]= 3.768469e+00 pm 1.162117e+00
A[4]= -1.765738e+03 pm 3.862393e+03
A[5]= 9.888958e+02 pm 2.545160e+03
A[6]= 1.423548e+02 pm 6.044084e+02
A[7]= 2.349017e+00 pm 1.399052e+01
A[8]= -6.374698e-02 pm 1.876263e-01
A[9]= 7.546731e+03 pm 8.925694e+03
A[10]= -4.352694e+03 pm 5.402914e+03
A[11]= 5.967874e+02 pm 1.151272e+03
A[12]= -5.321337e+01 pm 5.103443e+01
A[13]= 9.946084e-01 pm 9.834784e-01
A[14]= 5.801092e+00 pm 1.744829e+00
A[15]= -7.957150e+03 pm 5.449089e+03
A[16]= 6.284958e+03 pm 3.571006e+03
A[17]= -1.292387e+03 pm 8.458627e+02
A[18]= 7.912124e+00 pm 2.102355e+01
A[19]= 1.063094e-01 pm 2.752049e-01
A[20]= 1.776475e+04 pm 1.241788e+04
A[21]= -9.380026e+03 pm 7.591210e+03
A[22]= 1.143907e+03 pm 1.641315e+03
A[23]= -1.138055e+02 pm 7.185086e+01
A[24]= 1.754702e+00 pm 1.396680e+00

Best-fitting parameters
A[0]= 9.908009e-01
A[1]= 1.048927e+00
A[2]= 6.735806e-01
A[3]= 3.367788e+00
A[4]= -3.109043e+03
A[5]= 1.418411e+03
A[6]= 1.569326e+02
A[7]= 3.932077e+00
A[8]= -5.654787e-02
A[9]= 7.665107e+03
A[10]= -4.168433e+03
A[11]= 4.951608e+02
A[12]= -6.170643e+01
A[13]= 1.256681e+00
A[14]= 6.014442e+00
A[15]= -8.962491e+03
A[16]= 7.156647e+03
A[17]= -1.565549e+03
A[18]= 1.084490e+00
A[19]= 2.443138e-01
A[20]= 1.120626e+04
A[21]= -5.410948e+03
A[22]= 2.659802e+02
A[23]= -1.024936e+02
A[24]= 1.805073e+00
chi2_min= 9.292208e+01


Cross-Covariance parameters
1.000000e+00	-4.890491e-01	-1.658383e-01	1.006221e-01	3.863059e-02	-3.218144e-02	1.701027e-02	6.475811e-02	-6.246215e-02	-1.938930e-02	2.122825e-02	-3.874993e-02	1.541324e-01	-1.351709e-01	1.118433e-01	3.270031e-02	-2.440951e-02	7.486096e-03	7.252537e-02	-6.652467e-02	2.134192e-02	-1.205657e-02	-1.812086e-02	1.439000e-01	-1.342062e-01	
-4.890491e-01	1.000000e+00	1.249037e-01	-1.441204e-01	-3.245013e-02	3.452650e-02	-4.271130e-02	1.068228e-01	-9.388680e-02	3.219813e-02	-3.500787e-02	4.512549e-02	-1.028479e-01	5.520665e-02	-1.964852e-01	-3.258334e-03	-8.104384e-04	-1.985426e-03	1.347473e-01	-1.439026e-01	6.034892e-03	-1.427245e-02	3.508309e-02	-9.080331e-02	5.823556e-02	
-1.658383e-01	1.249037e-01	1.000000e+00	-6.765251e-01	-3.623062e-02	4.214083e-02	-4.214860e-02	-2.119245e-02	3.264090e-02	-4.084170e-01	5.292537e-01	-6.677945e-01	-3.578633e-02	1.912305e-01	-7.243229e-01	-1.093460e-02	8.223001e-03	-1.306861e-04	-3.825186e-02	2.579599e-02	-4.194940e-01	5.376488e-01	-6.724500e-01	-9.467335e-02	2.577714e-01	
1.006221e-01	-1.441204e-01	-6.765251e-01	1.000000e+00	-5.262734e-01	5.852383e-01	-6.278402e-01	1.998583e-01	8.095471e-02	1.891185e-01	-2.498268e-01	3.215559e-01	-3.207598e-03	-4.999153e-02	5.260467e-01	-5.446578e-03	1.153918e-02	-1.940415e-02	5.783210e-03	8.170706e-03	2.962926e-01	-3.754721e-01	4.654951e-01	4.488128e-02	-1.538860e-01	
3.863059e-02	-3.245013e-02	-3.623062e-02	-5.262734e-01	1.000000e+00	-9.832713e-01	9.360470e-01	-6.934237e-01	3.093723e-01	8.186746e-02	-1.201036e-01	1.653721e-01	6.171588e-02	-6.106137e-02	3.982940e-03	4.156180e-02	-4.697888e-02	5.001145e-02	-1.279066e-02	-6.102651e-03	2.894269e-02	-3.413209e-02	3.900608e-02	1.336870e-02	-2.421962e-02	
-3.218144e-02	3.452650e-02	4.214083e-02	5.852383e-01	-9.832713e-01	1.000000e+00	-9.839794e-01	6.479149e-01	-2.453196e-01	-9.838589e-02	1.406849e-01	-1.906378e-01	-6.652819e-02	8.085482e-02	-1.030131e-02	-3.802891e-02	4.385118e-02	-4.747354e-02	1.127799e-02	5.936127e-03	-2.776410e-02	3.402185e-02	-4.051536e-02	-1.753359e-02	2.894399e-02	
1.701027e-02	-4.271130e-02	-4.214860e-02	-6.278402e-01	9.360470e-01	-9.839794e-01	1.000000e+00	-5.843643e-01	1.797919e-01	1.153473e-01	-1.596096e-01	2.115824e-01	6.082052e-02	-8.730964e-02	1.450028e-02	3.295565e-02	-3.914791e-02	4.361737e-02	-1.219943e-02	-3.048280e-03	2.409278e-02	-3.077193e-02	3.824716e-02	1.977621e-02	-3.059608e-02	
6.475811e-02	1.068228e-01	-2.119245e-02	1.998583e-01	-6.934237e-01	6.479149e-01	-5.843643e-01	1.000000e+00	-8.792028e-01	6.500608e-02	-4.287355e-02	6.700657e-03	-2.580430e-02	-1.235863e-01	-3.100808e-03	-3.961444e-03	4.816850e-03	-7.971853e-03	4.549021e-02	-4.005296e-02	-6.453717e-03	3.285413e-03	4.768307e-04	2.599729e-02	-3.130154e-02	
-6.246215e-02	-9.388680e-02	3.264090e-02	8.095471e-02	3.093723e-01	-2.453196e-01	1.797919e-01	-8.792028e-01	1.000000e+00	-1.321139e-01	1.259903e-01	-1.061123e-01	1.876779e-03	2.071233e-01	5.207213e-03	-1.614686e-02	1.819574e-02	-1.723847e-02	-3.469343e-02	3.705554e-02	-1.783681e-03	7.568378e-03	-1.456050e-02	-3.341853e-02	4.274244e-02	
-1.938930e-02	3.219813e-02	-4.084170e-01	1.891185e-01	8.186746e-02	-9.838589e-02	1.153473e-01	6.500608e-02	-1.321139e-01	1.000000e+00	-9.830119e-01	9.146498e-01	-7.880980e-01	5.973088e-01	2.888030e-01	1.326155e-02	-1.531495e-02	1.512597e-02	1.170380e-02	-1.054868e-02	1.830782e-01	-2.365962e-01	2.994631e-01	2.736800e-02	-9.880728e-02	
2.122825e-02	-3.500787e-02	5.292537e-01	-2.498268e-01	-1.201036e-01	1.406849e-01	-1.596096e-01	-4.287355e-02	1.259903e-01	-9.830119e-01	1.000000e+00	-9.725143e-01	7.427460e-01	-5.426262e-01	-3.774534e-01	-1.448279e-02	1.655438e-02	-1.560736e-02	-1.678040e-02	1.511782e-02	-2.372357e-01	3.058357e-01	-3.864955e-01	-3.599714e-02	1.294348e-01	
-3.874993e-02	4.512549e-02	-6.677945e-01	3.215559e-01	1.653721e-01	-1.906378e-01	2.115824e-01	6.700657e-03	-1.061123e-01	9.146498e-01	-9.725143e-01	1.000000e+00	-6.365032e-01	4.340588e-01	4.795169e-01	1.594375e-02	-1.815947e-02	1.656945e-02	2.068619e-02	-1.869066e-02	3.005046e-01	-3.869245e-01	4.888964e-01	4.380639e-02	-1.633025e-01	
1.541324e-01	-1.028479e-01	-3.578633e-02	-3.207598e-03	6.171588e-02	-6.652819e-02	6.082052e-02	-2.580430e-02	1.876779e-03	-7.880980e-01	7.427460e-01	-6.365032e-01	1.000000e+00	-9.440832e-01	2.964008e-02	9.824352e-03	-7.741697e-03	4.334449e-03	1.113152e-02	-1.378050e-02	8.980853e-03	-8.270950e-03	4.569215e-03	2.946727e-02	-3.339174e-02	
-1.351709e-01	5.520665e-02	1.912305e-01	-4.999153e-02	-6.106137e-02	8.085482e-02	-8.730964e-02	-1.235863e-01	2.071233e-01	5.973088e-01	-5.426262e-01	4.340588e-01	-9.440832e-01	1.000000e+00	-1.341961e-01	-1.793920e-02	1.653401e-02	-1.251361e-02	-2.314995e-02	2.632945e-02	-7.780724e-02	9.850773e-02	-1.205511e-01	-4.346006e-02	7.725106e-02	
1.118433e-01	-1.964852e-01	-7.243229e-01	5.260467e-01	3.982940e-03	-1.030131e-02	1.450028e-02	-3.100808e-03	5.207213e-03	2.888030e-01	-3.774534e-01	4.795169e-01	2.964008e-02	-1.341961e-01	1.000000e+00	-4.706111e-01	5.404574e-01	-5.945083e-01	1.194663e-01	1.283033e-01	2.179911e-01	-2.784466e-01	3.526189e-01	4.584239e-02	-1.219534e-01	
3.270031e-02	-3.258334e-03	-1.093460e-02	-5.446578e-03	4.156180e-02	-3.802891e-02	3.295565e-02	-3.961444e-03	-1.614686e-02	1.326155e-02	-1.448279e-02	1.594375e-02	9.824352e-03	-1.793920e-02	-4.706111e-01	1.000000e+00	-9.814965e-01	9.281958e-01	-6.771860e-01	3.395991e-01	1.469287e-01	-1.816557e-01	2.125030e-01	-3.773817e-03	-1.970008e-02	
-2.440951e-02	-8.104384e-04	8.223001e-03	1.153918e-02	-4.697888e-02	4.385118e-02	-3.914791e-02	4.816850e-03	1.819574e-02	-1.531495e-02	1.655438e-02	-1.815947e-02	-7.741697e-03	1.653401e-02	5.404574e-01	-9.814965e-01	1.000000e+00	-9.817462e-01	6.174772e-01	-2.591674e-01	-1.530262e-01	1.933961e-01	-2.306906e-01	-8.582547e-03	4.177346e-02	
7.486096e-03	-1.985426e-03	-1.306861e-04	-1.940415e-02	5.001145e-02	-4.747354e-02	4.361737e-02	-7.971853e-03	-1.723847e-02	1.512597e-02	-1.560736e-02	1.656945e-02	4.334449e-03	-1.251361e-02	-5.945083e-01	9.281958e-01	-9.817462e-01	1.000000e+00	-5.368245e-01	1.731224e-01	1.548209e-01	-1.986864e-01	2.403708e-01	1.472182e-02	-5.476172e-02	
7.252537e-02	1.347473e-01	-3.825186e-02	5.783210e-03	-1.279066e-02	1.127799e-02	-1.219943e-02	4.549021e-02	-3.469343e-02	1.170380e-02	-1.678040e-02	2.068619e-02	1.113152e-02	-2.314995e-02	1.194663e-01	-6.771860e-01	6.174772e-01	-5.368245e-01	1.000000e+00	-9.062785e-01	-3.741560e-02	4.732031e-02	-5.668942e-02	8.340751e-02	-1.526670e-01	
-6.652467e-02	-1.439026e-01	2.579599e-02	8.170706e-03	-6.102651e-03	5.936127e-03	-3.048280e-03	-4.005296e-02	3.705554e-02	-1.054868e-02	1.511782e-02	-1.869066e-02	-1.378050e-02	2.632945e-02	1.283033e-01	3.395991e-01	-2.591674e-01	1.731224e-01	-9.062785e-01	1.000000e+00	-1.757729e-02	2.262971e-02	-2.638009e-02	-1.045032e-01	2.097374e-01	
2.134192e-02	6.034892e-03	-4.194940e-01	2.962926e-01	2.894269e-02	-2.776410e-02	2.409278e-02	-6.453717e-03	-1.783681e-03	1.830782e-01	-2.372357e-01	3.005046e-01	8.980853e-03	-7.780724e-02	2.179911e-01	1.469287e-01	-1.530262e-01	1.548209e-01	-3.741560e-02	-1.757729e-02	1.000000e+00	-9.826376e-01	9.131663e-01	-7.571383e-01	5.854456e-01	
-1.205657e-02	-1.427245e-02	5.376488e-01	-3.754721e-01	-3.413209e-02	3.402185e-02	-3.077193e-02	3.285413e-03	7.568378e-03	-2.365962e-01	3.058357e-01	-3.869245e-01	-8.270950e-03	9.850773e-02	-2.784466e-01	-1.816557e-01	1.933961e-01	-1.986864e-01	4.732031e-02	2.262971e-02	-9.826376e-01	1.000000e+00	-9.721111e-01	6.999666e-01	-5.149378e-01	
-1.812086e-02	3.508309e-02	-6.724500e-01	4.654951e-01	3.900608e-02	-4.051536e-02	3.824716e-02	4.768307e-04	-1.456050e-02	2.994631e-01	-3.864955e-01	4.888964e-01	4.569215e-03	-1.205511e-01	3.526189e-01	2.125030e-01	-2.306906e-01	2.403708e-01	-5.668942e-02	-2.638009e-02	9.131663e-01	-9.721111e-01	1.000000e+00	-5.805171e-01	3.869039e-01	
1.439000e-01	-9.080331e-02	-9.467335e-02	4.488128e-02	1.336870e-02	-1.753359e-02	1.977621e-02	2.599729e-02	-3.341853e-02	2.736800e-02	-3.599714e-02	4.380639e-02	2.946727e-02	-4.346006e-02	4.584239e-02	-3.773817e-03	-8.582547e-03	1.472182e-02	8.340751e-02	-1.045032e-01	-7.571383e-01	6.999666e-01	-5.805171e-01	1.000000e+00	-9.610387e-01	
-1.342062e-01	5.823556e-02	2.577714e-01	-1.538860e-01	-2.421962e-02	2.894399e-02	-3.059608e-02	-3.130154e-02	4.274244e-02	-9.880728e-02	1.294348e-01	-1.633025e-01	-3.339174e-02	7.725106e-02	-1.219534e-01	-1.970008e-02	4.177346e-02	-5.476172e-02	-1.526670e-01	2.097374e-01	5.854456e-01	-5.149378e-01	3.869039e-01	-9.610387e-01	1.000000e+00	

Time taken for mcmc chain: 39.166667 minutes
