Number of steps: 4547400
Number of accepted steps: 1000000
Burn-in number of steps: 320000
Accepted fraction of steps: 0.219906
Convergence Status
R[0]= 1.002976	R[1]= 1.001402	R[2]= 1.020044	R[3]= 1.004098	R[4]= 1.002233	R[5]= 1.002574	R[6]= 1.003163	R[7]= 1.001914	R[8]= 1.001551	R[9]= 1.002703	R[10]= 1.004803	R[11]= 1.008358	R[12]= 1.000618	R[13]= 1.001964	R[14]= 1.014217	R[15]= 1.006469	R[16]= 1.008904	R[17]= 1.011132	R[18]= 1.000269	R[19]= 1.002257	R[20]= 1.007798	R[21]= 1.009346	R[22]= 1.010904	R[23]= 1.001456	R[24]= 1.000181	
<R>= 1.005253

Mean parameters
A[0]= 9.642406e-01 pm 3.268528e-02
A[1]= 1.050527e+00 pm 2.497117e-02
A[2]= 5.848166e-01 pm 3.716758e-01
A[3]= 4.010153e+00 pm 1.173411e+00
A[4]= -4.549539e+03 pm 3.785153e+03
A[5]= 2.402872e+03 pm 2.472295e+03
A[6]= -1.160839e+02 pm 5.792451e+02
A[7]= 7.321172e+00 pm 1.350363e+01
A[8]= -7.623834e-02 pm 1.853037e-01
A[9]= 1.420798e+03 pm 8.677544e+03
A[10]= -1.404391e+03 pm 5.246780e+03
A[11]= 1.404466e+02 pm 1.118218e+03
A[12]= -2.992154e+01 pm 4.901241e+01
A[13]= 6.362738e-01 pm 9.458725e-01
A[14]= 5.660787e+00 pm 1.722209e+00
A[15]= -6.275035e+03 pm 5.326709e+03
A[16]= 5.179630e+03 pm 3.507358e+03
A[17]= -1.050353e+03 pm 8.299355e+02
A[18]= 1.577293e+00 pm 1.981520e+01
A[19]= 1.603825e-01 pm 2.654578e-01
A[20]= 1.082879e+04 pm 1.183361e+04
A[21]= -5.522756e+03 pm 7.178422e+03
A[22]= 4.857480e+02 pm 1.530387e+03
A[23]= -6.166309e+01 pm 6.876158e+01
A[24]= 8.091856e-01 pm 1.333622e+00

Best-fitting parameters
A[0]= 9.866766e-01
A[1]= 1.038611e+00
A[2]= 3.925310e-01
A[3]= 3.982922e+00
A[4]= -2.960482e+03
A[5]= 1.178309e+03
A[6]= 2.055019e+02
A[7]= 3.147256e-01
A[8]= 1.626441e-03
A[9]= -1.508819e+03
A[10]= -4.751715e+01
A[11]= -1.564192e+01
A[12]= 8.832516e+00
A[13]= -6.878831e-02
A[14]= 6.364616e+00
A[15]= -5.309476e+03
A[16]= 4.736634e+03
A[17]= -9.816341e+02
A[18]= -9.593052e+00
A[19]= 3.703267e-01
A[20]= 1.498413e+04
A[21]= -7.961124e+03
A[22]= 9.580738e+02
A[23]= -6.569915e+01
A[24]= 8.914031e-01
chi2_min= 1.040660e+02


Cross-Covariance parameters
1.000000e+00	-4.900308e-01	-1.300509e-01	5.679683e-02	3.749517e-02	-3.839198e-02	3.035986e-02	8.163007e-02	-7.905235e-02	-2.837560e-02	3.658128e-02	-6.270832e-02	1.577625e-01	-1.339997e-01	4.387728e-02	4.196474e-02	-4.691564e-02	4.186379e-02	7.503542e-02	-7.859520e-02	-7.946506e-04	1.294471e-02	-4.743559e-02	1.414801e-01	-1.224737e-01	
-4.900308e-01	1.000000e+00	9.619753e-02	-1.111686e-01	-4.522995e-02	5.294393e-02	-6.727818e-02	1.356506e-01	-1.190954e-01	2.104936e-02	-3.455293e-02	5.808502e-02	-1.044180e-01	5.342059e-02	-1.674717e-01	1.701968e-02	-1.566892e-02	7.710904e-03	1.262220e-01	-1.352410e-01	2.438789e-02	-3.916687e-02	6.857023e-02	-9.105873e-02	5.106169e-02	
-1.300509e-01	9.619753e-02	1.000000e+00	-7.025767e-01	-4.208492e-02	4.953609e-02	-4.901831e-02	-2.874373e-02	3.691787e-02	-4.099476e-01	5.315449e-01	-6.727918e-01	-9.835075e-02	2.538350e-01	-7.022802e-01	4.729094e-04	-1.483982e-03	9.402497e-03	-2.712164e-02	8.807535e-03	-4.021694e-01	5.168540e-01	-6.519575e-01	-1.054959e-01	2.568217e-01	
5.679683e-02	-1.111686e-01	-7.025767e-01	1.000000e+00	-5.047127e-01	5.591388e-01	-6.003217e-01	1.608982e-01	1.142374e-01	2.012738e-01	-2.650116e-01	3.447927e-01	4.128184e-02	-9.674113e-02	5.163793e-01	-1.061844e-02	9.485197e-03	-1.194724e-02	4.193246e-03	1.199667e-02	2.753167e-01	-3.577933e-01	4.571467e-01	8.440197e-02	-1.890766e-01	
3.749517e-02	-4.522995e-02	-4.208492e-02	-5.047127e-01	1.000000e+00	-9.841824e-01	9.393526e-01	-6.613588e-01	2.713002e-01	9.439106e-02	-1.342588e-01	1.756378e-01	5.826098e-02	-6.367333e-02	2.434084e-02	1.433392e-02	-1.269396e-02	1.090408e-02	3.255442e-03	-1.048610e-02	3.995560e-02	-4.218348e-02	4.198755e-02	-1.483921e-02	6.425900e-03	
-3.839198e-02	5.294393e-02	4.953609e-02	5.591388e-01	-9.841824e-01	1.000000e+00	-9.847338e-01	6.116796e-01	-2.032652e-01	-1.084836e-01	1.520351e-01	-1.976554e-01	-6.512587e-02	8.488719e-02	-3.016285e-02	-1.476022e-02	1.295295e-02	-1.098061e-02	-1.449267e-03	8.774260e-03	-4.372517e-02	4.670441e-02	-4.705721e-02	1.550964e-02	-5.901838e-03	
3.035986e-02	-6.727818e-02	-4.901831e-02	-6.003217e-01	9.393526e-01	-9.847338e-01	1.000000e+00	-5.473722e-01	1.369220e-01	1.228757e-01	-1.675926e-01	2.144498e-01	6.088777e-02	-9.164849e-02	3.326036e-02	1.331106e-02	-1.135035e-02	9.558843e-03	-3.420587e-03	-3.543787e-03	4.263486e-02	-4.559708e-02	4.586735e-02	-1.626111e-02	7.164553e-03	
8.163007e-02	1.356506e-01	-2.874373e-02	1.608982e-01	-6.613588e-01	6.116796e-01	-5.473722e-01	1.000000e+00	-8.804152e-01	8.300449e-02	-6.200111e-02	2.888599e-02	-3.295189e-02	-1.208231e-01	-1.508227e-02	1.882993e-02	-2.025788e-02	1.740724e-02	3.655303e-02	-3.895991e-02	5.050241e-03	-1.142780e-02	1.768640e-02	2.081221e-02	-2.859426e-02	
-7.905235e-02	-1.190954e-01	3.691787e-02	1.142374e-01	2.713002e-01	-2.032652e-01	1.369220e-01	-8.804152e-01	1.000000e+00	-1.575793e-01	1.525170e-01	-1.328034e-01	1.958691e-02	1.922268e-01	1.165636e-02	-2.552936e-02	2.621689e-02	-2.265477e-02	-3.179325e-02	3.758242e-02	-1.977138e-02	2.640100e-02	-3.137433e-02	-8.952405e-03	1.969481e-02	
-2.837560e-02	2.104936e-02	-4.099476e-01	2.012738e-01	9.439106e-02	-1.084836e-01	1.228757e-01	8.300449e-02	-1.575793e-01	1.000000e+00	-9.829325e-01	9.142063e-01	-7.586193e-01	5.600164e-01	2.865598e-01	8.632253e-03	-8.346705e-03	5.036644e-03	1.938816e-03	5.520989e-04	1.623782e-01	-2.146340e-01	2.784218e-01	4.358926e-02	-1.089773e-01	
3.658128e-02	-3.455293e-02	5.315449e-01	-2.650116e-01	-1.342588e-01	1.520351e-01	-1.675926e-01	-6.200111e-02	1.525170e-01	-9.829325e-01	1.000000e+00	-9.723523e-01	7.063319e-01	-4.985500e-01	-3.704399e-01	-9.487117e-03	9.216709e-03	-5.137919e-03	-7.615051e-03	3.830667e-03	-2.168418e-01	2.841464e-01	-3.659459e-01	-5.010472e-02	1.362752e-01	
-6.270832e-02	5.808502e-02	-6.727918e-01	3.447927e-01	1.756378e-01	-1.976554e-01	2.144498e-01	2.888599e-02	-1.328034e-01	9.142063e-01	-9.723523e-01	1.000000e+00	-5.917106e-01	3.820664e-01	4.695863e-01	8.660967e-03	-8.076834e-03	2.957597e-03	1.350748e-02	-7.592199e-03	2.817587e-01	-3.666958e-01	4.699171e-01	5.451235e-02	-1.655896e-01	
1.577625e-01	-1.044180e-01	-9.835075e-02	4.128184e-02	5.826098e-02	-6.512587e-02	6.088777e-02	-3.295189e-02	1.958691e-02	-7.586193e-01	7.063319e-01	-5.917106e-01	1.000000e+00	-9.438397e-01	6.830437e-02	2.661431e-03	-2.458250e-03	9.260464e-04	1.870218e-02	-1.742125e-02	5.166356e-02	-5.637273e-02	5.733773e-02	1.193702e-02	-2.483472e-02	
-1.339997e-01	5.342059e-02	2.538350e-01	-9.674113e-02	-6.367333e-02	8.488719e-02	-9.164849e-02	-1.208231e-01	1.922268e-01	5.600164e-01	-4.985500e-01	3.820664e-01	-9.438397e-01	1.000000e+00	-1.667325e-01	-1.407461e-02	1.415117e-02	-1.107834e-02	-2.537424e-02	2.679462e-02	-1.209107e-01	1.465883e-01	-1.728564e-01	-2.296039e-02	6.450095e-02	
4.387728e-02	-1.674717e-01	-7.022802e-01	5.163793e-01	2.434084e-02	-3.016285e-02	3.326036e-02	-1.508227e-02	1.165636e-02	2.865598e-01	-3.704399e-01	4.695863e-01	6.830437e-02	-1.667325e-01	1.000000e+00	-5.121287e-01	5.801848e-01	-6.317776e-01	8.905929e-02	1.845074e-01	1.943220e-01	-2.510628e-01	3.244021e-01	1.585270e-02	-6.948152e-02	
4.196474e-02	1.701968e-02	4.729094e-04	-1.061844e-02	1.433392e-02	-1.476022e-02	1.331106e-02	1.882993e-02	-2.552936e-02	8.632253e-03	-9.487117e-03	8.660967e-03	2.661431e-03	-1.407461e-02	-5.121287e-01	1.000000e+00	-9.820915e-01	9.319256e-01	-6.337481e-01	2.669108e-01	1.430706e-01	-1.743157e-01	2.017793e-01	2.900217e-02	-6.255607e-02	
-4.691564e-02	-1.566892e-02	-1.483982e-03	9.485197e-03	-1.269396e-02	1.295295e-02	-1.135035e-02	-2.025788e-02	2.621689e-02	-8.346705e-03	9.216709e-03	-8.076834e-03	-2.458250e-03	1.415117e-02	5.801848e-01	-9.820915e-01	1.000000e+00	-9.830568e-01	5.643309e-01	-1.778588e-01	-1.500541e-01	1.861575e-01	-2.189790e-01	-4.683981e-02	9.135185e-02	
4.186379e-02	7.710904e-03	9.402497e-03	-1.194724e-02	1.090408e-02	-1.098061e-02	9.558843e-03	1.740724e-02	-2.265477e-02	5.036644e-03	-5.137919e-03	2.957597e-03	9.260464e-04	-1.107834e-02	-6.317776e-01	9.319256e-01	-9.830568e-01	1.000000e+00	-4.798563e-01	8.965804e-02	1.512479e-01	-1.901494e-01	2.263663e-01	5.754886e-02	-1.092730e-01	
7.503542e-02	1.262220e-01	-2.712164e-02	4.193246e-03	3.255442e-03	-1.449267e-03	-3.420587e-03	3.655303e-02	-3.179325e-02	1.938816e-03	-7.615051e-03	1.350748e-02	1.870218e-02	-2.537424e-02	8.905929e-02	-6.337481e-01	5.643309e-01	-4.798563e-01	1.000000e+00	-8.990123e-01	-2.854297e-02	3.748176e-02	-4.600118e-02	8.401876e-02	-1.546575e-01	
-7.859520e-02	-1.352410e-01	8.807535e-03	1.199667e-02	-1.048610e-02	8.774260e-03	-3.543787e-03	-3.895991e-02	3.758242e-02	5.520989e-04	3.830667e-03	-7.592199e-03	-1.742125e-02	2.679462e-02	1.845074e-01	2.669108e-01	-1.778588e-01	8.965804e-02	-8.990123e-01	1.000000e+00	-2.899203e-02	3.330794e-02	-3.588368e-02	-1.201504e-01	2.305619e-01	
-7.946506e-04	2.438789e-02	-4.021694e-01	2.753167e-01	3.995560e-02	-4.372517e-02	4.263486e-02	5.050241e-03	-1.977138e-02	1.623782e-01	-2.168418e-01	2.817587e-01	5.166356e-02	-1.209107e-01	1.943220e-01	1.430706e-01	-1.500541e-01	1.512479e-01	-2.854297e-02	-2.899203e-02	1.000000e+00	-9.836739e-01	9.169214e-01	-7.471134e-01	5.730539e-01	
1.294471e-02	-3.916687e-02	5.168540e-01	-3.577933e-01	-4.218348e-02	4.670441e-02	-4.559708e-02	-1.142780e-02	2.640100e-02	-2.146340e-01	2.841464e-01	-3.666958e-01	-5.637273e-02	1.465883e-01	-2.510628e-01	-1.743157e-01	1.861575e-01	-1.901494e-01	3.748176e-02	3.330794e-02	-9.836739e-01	1.000000e+00	-9.729193e-01	6.940956e-01	-5.084614e-01	
-4.743559e-02	6.857023e-02	-6.519575e-01	4.571467e-01	4.198755e-02	-4.705721e-02	4.586735e-02	1.768640e-02	-3.137433e-02	2.784218e-01	-3.659459e-01	4.699171e-01	5.733773e-02	-1.728564e-01	3.244021e-01	2.017793e-01	-2.189790e-01	2.263663e-01	-4.600118e-02	-3.588368e-02	9.169214e-01	-9.729193e-01	1.000000e+00	-5.798886e-01	3.875617e-01	
1.414801e-01	-9.105873e-02	-1.054959e-01	8.440197e-02	-1.483921e-02	1.550964e-02	-1.626111e-02	2.081221e-02	-8.952405e-03	4.358926e-02	-5.010472e-02	5.451235e-02	1.193702e-02	-2.296039e-02	1.585270e-02	2.900217e-02	-4.683981e-02	5.754886e-02	8.401876e-02	-1.201504e-01	-7.471134e-01	6.940956e-01	-5.798886e-01	1.000000e+00	-9.608998e-01	
-1.224737e-01	5.106169e-02	2.568217e-01	-1.890766e-01	6.425900e-03	-5.901838e-03	7.164553e-03	-2.859426e-02	1.969481e-02	-1.089773e-01	1.362752e-01	-1.655896e-01	-2.483472e-02	6.450095e-02	-6.948152e-02	-6.255607e-02	9.135185e-02	-1.092730e-01	-1.546575e-01	2.305619e-01	5.730539e-01	-5.084614e-01	3.875617e-01	-9.608998e-01	1.000000e+00	

Time taken for mcmc chain: 31.266667 minutes
