Number of steps: 1078170
Number of accepted steps: 1000000
Burn-in number of steps: 320000
Accepted fraction of steps: 0.927498
Convergence Status
R[0]= 1.126989	R[1]= 1.065626	R[2]= 1.168946	R[3]= 1.068331	R[4]= 1.172027	R[5]= 1.161524	R[6]= 1.144209	R[7]= 1.049571	R[8]= 1.007465	R[9]= 1.142921	R[10]= 1.131061	R[11]= 1.100215	R[12]= 1.066990	R[13]= 1.051501	R[14]= 1.069309	R[15]= 1.005628	R[16]= 1.007490	R[17]= 1.017279	R[18]= 1.044022	R[19]= 1.057564	R[20]= 1.045665	R[21]= 1.046214	R[22]= 1.046774	R[23]= 1.030838	R[24]= 1.068569	
<R>= 1.075869

Mean parameters
A[0]= 9.720788e-01 pm 3.116281e-02
A[1]= 1.055437e+00 pm 2.384563e-02
A[2]= 4.884181e-01 pm 2.012627e-01
A[3]= 4.331236e+00 pm 8.897451e-01
A[4]= -4.026286e+03 pm 3.497184e+03
A[5]= 2.315198e+03 pm 2.242290e+03
A[6]= -1.432409e+02 pm 5.255277e+02
A[7]= 4.968875e+00 pm 1.314523e+01
A[8]= -4.603485e-02 pm 1.703179e-01
A[9]= 3.159998e+03 pm 6.971750e+03
A[10]= -2.323290e+03 pm 4.034962e+03
A[11]= 3.096294e+02 pm 8.068504e+02
A[12]= -3.331144e+01 pm 4.659041e+01
A[13]= 7.026141e-01 pm 9.181541e-01
A[14]= 5.833788e+00 pm 1.193291e+00
A[15]= -6.851281e+03 pm 5.066184e+03
A[16]= 5.396758e+03 pm 3.263296e+03
A[17]= -1.073062e+03 pm 7.590542e+02
A[18]= 3.321382e+00 pm 1.832432e+01
A[19]= 1.434691e-01 pm 2.334018e-01
A[20]= 8.963766e+03 pm 9.429021e+03
A[21]= -4.713922e+03 pm 5.609423e+03
A[22]= 4.075726e+02 pm 1.175140e+03
A[23]= -4.510968e+01 pm 4.826541e+01
A[24]= 4.930111e-01 pm 9.002597e-01

Best-fitting parameters
A[0]= 9.762120e-01
A[1]= 1.054560e+00
A[2]= 8.048243e-01
A[3]= 3.437170e+00
A[4]= -4.172298e+03
A[5]= 2.136388e+03
A[6]= -4.565144e+01
A[7]= 8.222330e-01
A[8]= 3.181324e-03
A[9]= -1.443415e+03
A[10]= 1.139790e+03
A[11]= -5.979201e+02
A[12]= -2.224436e+01
A[13]= 6.845041e-01
A[14]= 4.959893e+00
A[15]= -1.123892e+04
A[16]= 7.924923e+03
A[17]= -1.556928e+03
A[18]= 2.155997e+01
A[19]= -2.402993e-02
A[20]= 3.099220e+03
A[21]= -3.543345e+02
A[22]= -7.240507e+02
A[23]= -4.826174e+01
A[24]= 6.496721e-01
chi2_min= 9.970019e+01


Cross-Covariance parameters
1.000000e+00	-6.735303e-01	-2.343071e-01	1.043156e-01	1.125973e-01	-8.811144e-02	6.050513e-02	3.981369e-02	-5.633490e-02	5.333535e-02	-4.627793e-02	-2.988635e-03	1.003355e-01	-6.725625e-02	1.923630e-02	-6.079775e-02	1.157559e-02	3.235054e-02	2.300099e-01	-2.750816e-01	2.033223e-02	-7.277650e-03	-3.592061e-02	2.130558e-01	-2.346314e-01	
-6.735303e-01	1.000000e+00	-5.202425e-02	1.980152e-01	-2.008491e-01	2.273185e-01	-2.606996e-01	1.223295e-01	-4.681070e-02	9.832848e-02	-1.187582e-01	1.733469e-01	-1.240613e-01	5.086992e-02	1.107562e-01	-3.704632e-02	6.859642e-02	-1.057700e-01	-3.145818e-02	1.039405e-01	1.259923e-01	-1.564773e-01	2.062819e-01	-1.840013e-01	1.029151e-01	
-2.343071e-01	-5.202425e-02	1.000000e+00	-5.762666e-01	-7.256618e-02	6.454815e-02	-3.751477e-02	-4.254548e-02	7.677856e-02	-2.062317e-01	3.322929e-01	-4.951399e-01	-1.467758e-01	2.251263e-01	-4.578142e-01	-9.273713e-02	1.044187e-01	-1.091778e-01	-8.097112e-02	1.113028e-01	-4.950339e-01	5.926510e-01	-6.916260e-01	1.180223e-01	6.154128e-02	
1.043156e-01	1.980152e-01	-5.762666e-01	1.000000e+00	-5.470416e-01	6.388646e-01	-7.175061e-01	2.356872e-01	5.882971e-02	8.053942e-02	-1.104560e-01	1.567057e-01	3.277924e-02	-3.322029e-02	4.796110e-01	-1.183411e-01	1.309995e-01	-1.458842e-01	1.804471e-02	6.380264e-02	1.821498e-01	-2.405247e-01	3.074964e-01	-2.799183e-02	-4.202503e-02	
1.125973e-01	-2.008491e-01	-7.256618e-02	-5.470416e-01	1.000000e+00	-9.799242e-01	9.195501e-01	-7.341264e-01	3.938741e-01	-6.084457e-02	-2.902787e-03	8.128579e-02	8.670780e-02	-4.279656e-02	-1.838415e-01	1.263251e-01	-1.508821e-01	1.754226e-01	1.130365e-01	-2.295486e-01	1.524571e-01	-1.376639e-01	1.126443e-01	-3.800969e-03	-9.510199e-02	
-8.811144e-02	2.273185e-01	6.454815e-02	6.388646e-01	-9.799242e-01	1.000000e+00	-9.788304e-01	6.890196e-01	-3.267366e-01	5.656829e-02	1.151551e-02	-9.490029e-02	-1.073705e-01	7.723460e-02	2.050995e-01	-1.561891e-01	1.813355e-01	-2.066318e-01	-9.250070e-02	2.183458e-01	-1.544089e-01	1.445614e-01	-1.246733e-01	1.787655e-02	7.179382e-02	
6.050513e-02	-2.606996e-01	-3.751477e-02	-7.175061e-01	9.195501e-01	-9.788304e-01	1.000000e+00	-6.171439e-01	2.496188e-01	-4.128517e-02	-2.565597e-02	1.065031e-01	1.069781e-01	-8.918119e-02	-2.276592e-01	1.799463e-01	-2.046279e-01	2.299315e-01	6.830722e-02	-2.002230e-01	1.487258e-01	-1.408947e-01	1.233639e-01	-3.529880e-02	-3.792338e-02	
3.981369e-02	1.223295e-01	-4.254548e-02	2.356872e-01	-7.341264e-01	6.890196e-01	-6.171439e-01	1.000000e+00	-8.987243e-01	1.924952e-01	-1.499890e-01	8.775811e-02	-6.218539e-02	-1.005220e-01	6.642090e-02	5.047340e-02	-3.984427e-02	1.960467e-02	-1.240857e-01	1.688240e-01	-6.141790e-02	3.124459e-02	-5.609653e-04	1.583090e-02	5.021702e-02	
-5.633490e-02	-4.681070e-02	7.677856e-02	5.882971e-02	3.938741e-01	-3.267366e-01	2.496188e-01	-8.987243e-01	1.000000e+00	-2.314321e-01	2.139795e-01	-1.789284e-01	4.713360e-02	1.581667e-01	3.748875e-02	-1.626234e-01	1.616425e-01	-1.479147e-01	1.381578e-01	-1.262129e-01	1.177289e-02	2.135433e-02	-5.247592e-02	-1.676457e-02	-2.271794e-02	
5.333535e-02	9.832848e-02	-2.062317e-01	8.053942e-02	-6.084457e-02	5.656829e-02	-4.128517e-02	1.924952e-01	-2.314321e-01	1.000000e+00	-9.832106e-01	9.062357e-01	-8.320355e-01	6.818460e-01	4.235694e-02	1.304164e-01	-1.240462e-01	1.057329e-01	-7.578167e-02	2.626490e-02	1.344227e-01	-1.494991e-01	1.711814e-01	-6.888164e-02	3.865465e-02	
-4.627793e-02	-1.187582e-01	3.322929e-01	-1.104560e-01	-2.902787e-03	1.151551e-02	-2.565597e-02	-1.499890e-01	2.139795e-01	-9.832106e-01	1.000000e+00	-9.670798e-01	8.074541e-01	-6.586131e-01	-8.321919e-02	-1.537235e-01	1.492436e-01	-1.328765e-01	5.573788e-02	7.292846e-03	-2.174142e-01	2.458995e-01	-2.804539e-01	9.992045e-02	-3.727438e-02	
-2.988635e-03	1.733469e-01	-4.951399e-01	1.567057e-01	8.128579e-02	-9.490029e-02	1.065031e-01	8.775811e-02	-1.789284e-01	9.062357e-01	-9.670798e-01	1.000000e+00	-7.275482e-01	5.883218e-01	1.457570e-01	1.779242e-01	-1.745787e-01	1.600954e-01	-3.590590e-02	-3.809102e-02	3.277665e-01	-3.751492e-01	4.292829e-01	-1.528212e-01	4.954127e-02	
1.003355e-01	-1.240613e-01	-1.467758e-01	3.277924e-02	8.670780e-02	-1.073705e-01	1.069781e-01	-6.218539e-02	4.713360e-02	-8.320355e-01	8.074541e-01	-7.275482e-01	1.000000e+00	-9.559402e-01	9.863913e-02	-3.132411e-02	2.256905e-02	-1.031899e-02	4.421382e-02	-1.949345e-02	-2.792590e-03	-2.464932e-02	4.554753e-02	7.828064e-02	-1.048563e-01	
-6.725625e-02	5.086992e-02	2.251263e-01	-3.322029e-02	-4.279656e-02	7.723460e-02	-8.918119e-02	-1.005220e-01	1.581667e-01	6.818460e-01	-6.586131e-01	5.883218e-01	-9.559402e-01	1.000000e+00	-1.207514e-01	-2.978604e-02	3.207808e-02	-3.377215e-02	-3.495619e-03	-1.159692e-02	-1.491457e-02	5.756998e-02	-9.755016e-02	-8.232820e-02	1.181457e-01	
1.923630e-02	1.107562e-01	-4.578142e-01	4.796110e-01	-1.838415e-01	2.050995e-01	-2.276592e-01	6.642090e-02	3.748875e-02	4.235694e-02	-8.321919e-02	1.457570e-01	9.863913e-02	-1.207514e-01	1.000000e+00	-6.031015e-01	6.812387e-01	-7.443818e-01	1.691983e-01	1.738910e-01	1.376444e-02	-3.255707e-02	6.118665e-02	-3.701418e-02	4.883700e-02	
-6.079775e-02	-3.704632e-02	-9.273713e-02	-1.183411e-01	1.263251e-01	-1.561891e-01	1.799463e-01	5.047340e-02	-1.626234e-01	1.304164e-01	-1.537235e-01	1.779242e-01	-3.132411e-02	-2.978604e-02	-6.031015e-01	1.000000e+00	-9.844062e-01	9.367327e-01	-6.782645e-01	2.910447e-01	2.069818e-01	-2.621138e-01	3.194975e-01	-8.554878e-02	4.147985e-02	
1.157559e-02	6.859642e-02	1.044187e-01	1.309995e-01	-1.508821e-01	1.813355e-01	-2.046279e-01	-3.984427e-02	1.616425e-01	-1.240462e-01	1.492436e-01	-1.745787e-01	2.256905e-02	3.207808e-02	6.812387e-01	-9.844062e-01	1.000000e+00	-9.833050e-01	6.167540e-01	-2.134053e-01	-2.219147e-01	2.789490e-01	-3.356988e-01	5.878016e-02	-4.089021e-04	
3.235054e-02	-1.057700e-01	-1.091778e-01	-1.458842e-01	1.754226e-01	-2.066318e-01	2.299315e-01	1.960467e-02	-1.479147e-01	1.057329e-01	-1.328765e-01	1.600954e-01	-1.031899e-02	-3.377215e-02	-7.443818e-01	9.367327e-01	-9.833050e-01	1.000000e+00	-5.298740e-01	1.235268e-01	2.301488e-01	-2.871125e-01	3.415347e-01	-3.289431e-02	-3.679552e-02	
2.300099e-01	-3.145818e-02	-8.097112e-02	1.804471e-02	1.130365e-01	-9.250070e-02	6.830722e-02	-1.240857e-01	1.381578e-01	-7.578167e-02	5.573788e-02	-3.590590e-02	4.421382e-02	-3.495619e-03	1.691983e-01	-6.782645e-01	6.167540e-01	-5.298740e-01	1.000000e+00	-8.873863e-01	1.241492e-01	-8.060547e-02	2.014120e-02	-9.034106e-03	-1.063944e-01	
-2.750816e-01	1.039405e-01	1.113028e-01	6.380264e-02	-2.295486e-01	2.183458e-01	-2.002230e-01	1.688240e-01	-1.262129e-01	2.626490e-02	7.292846e-03	-3.809102e-02	-1.949345e-02	-1.159692e-02	1.738910e-01	2.910447e-01	-2.134053e-01	1.235268e-01	-8.873863e-01	1.000000e+00	-2.619797e-01	2.323932e-01	-1.795737e-01	5.043393e-02	1.242168e-01	
2.033223e-02	1.259923e-01	-4.950339e-01	1.821498e-01	1.524571e-01	-1.544089e-01	1.487258e-01	-6.141790e-02	1.177289e-02	1.344227e-01	-2.174142e-01	3.277665e-01	-2.792590e-03	-1.491457e-02	1.376444e-02	2.069818e-01	-2.219147e-01	2.301488e-01	1.241492e-01	-2.619797e-01	1.000000e+00	-9.840495e-01	9.239913e-01	-7.830413e-01	5.779559e-01	
-7.277650e-03	-1.564773e-01	5.926510e-01	-2.405247e-01	-1.376639e-01	1.445614e-01	-1.408947e-01	3.124459e-02	2.135433e-02	-1.494991e-01	2.458995e-01	-3.751492e-01	-2.464932e-02	5.756998e-02	-3.255707e-02	-2.621138e-01	2.789490e-01	-2.871125e-01	-8.060547e-02	2.323932e-01	-9.840495e-01	1.000000e+00	-9.764132e-01	7.666661e-01	-5.555213e-01	
-3.592061e-02	2.062819e-01	-6.916260e-01	3.074964e-01	1.126443e-01	-1.246733e-01	1.233639e-01	-5.609653e-04	-5.247592e-02	1.711814e-01	-2.804539e-01	4.292829e-01	4.554753e-02	-9.755016e-02	6.118665e-02	3.194975e-01	-3.356988e-01	3.415347e-01	2.014120e-02	-1.795737e-01	9.239913e-01	-9.764132e-01	1.000000e+00	-7.128800e-01	5.045915e-01	
2.130558e-01	-1.840013e-01	1.180223e-01	-2.799183e-02	-3.800969e-03	1.787655e-02	-3.529880e-02	1.583090e-02	-1.676457e-02	-6.888164e-02	9.992045e-02	-1.528212e-01	7.828064e-02	-8.232820e-02	-3.701418e-02	-8.554878e-02	5.878016e-02	-3.289431e-02	-9.034106e-03	5.043393e-02	-7.830413e-01	7.666661e-01	-7.128800e-01	1.000000e+00	-9.432996e-01	
-2.346314e-01	1.029151e-01	6.154128e-02	-4.202503e-02	-9.510199e-02	7.179382e-02	-3.792338e-02	5.021702e-02	-2.271794e-02	3.865465e-02	-3.727438e-02	4.954127e-02	-1.048563e-01	1.181457e-01	4.883700e-02	4.147985e-02	-4.089021e-04	-3.679552e-02	-1.063944e-01	1.242168e-01	5.779559e-01	-5.555213e-01	5.045915e-01	-9.432996e-01	1.000000e+00	

Time taken for mcmc chain: 6.883333 minutes
