Number of steps: 5598734
Number of accepted steps: 1000000
Burn-in number of steps: 320000
Accepted fraction of steps: 0.178612
Convergence Status
R[0]= 1.004069	R[1]= 1.002293	R[2]= 1.016527	R[3]= 1.007501	R[4]= 1.000778	R[5]= 1.001090	R[6]= 1.001334	R[7]= 1.000088	R[8]= 1.000957	R[9]= 1.005600	R[10]= 1.007234	R[11]= 1.009062	R[12]= 1.000688	R[13]= 1.000625	R[14]= 1.007266	R[15]= 1.001387	R[16]= 1.001401	R[17]= 1.001548	R[18]= 1.000080	R[19]= 1.000388	R[20]= 1.001691	R[21]= 1.002485	R[22]= 1.003864	R[23]= 1.000463	R[24]= 1.000263	
<R>= 1.003147

Mean parameters
A[0]= 9.256445e-01 pm 3.576646e-02
A[1]= 1.046221e+00 pm 2.934596e-02
A[2]= 5.938261e-01 pm 3.805158e-01
A[3]= 3.641770e+00 pm 1.133332e+00
A[4]= -4.052120e+03 pm 3.853626e+03
A[5]= 2.063058e+03 pm 2.543787e+03
A[6]= -4.501336e+01 pm 5.983364e+02
A[7]= 1.669546e+01 pm 1.301656e+01
A[8]= -2.629009e-01 pm 1.791320e-01
A[9]= -3.840868e+03 pm 8.503961e+03
A[10]= 1.610670e+03 pm 5.107544e+03
A[11]= -4.145327e+02 pm 1.070491e+03
A[12]= 1.956251e+01 pm 4.845315e+01
A[13]= -5.633944e-01 pm 9.329558e-01
A[14]= 5.191752e+00 pm 1.623487e+00
A[15]= -6.762581e+03 pm 5.345084e+03
A[16]= 4.925061e+03 pm 3.524402e+03
A[17]= -8.673223e+02 pm 8.288628e+02
A[18]= 2.071100e+00 pm 1.929539e+01
A[19]= 1.469831e-01 pm 2.660110e-01
A[20]= 6.446288e+03 pm 1.143595e+04
A[21]= -3.734738e+03 pm 6.873480e+03
A[22]= 3.287553e+02 pm 1.441947e+03
A[23]= -4.822491e+01 pm 6.674337e+01
A[24]= 6.625984e-01 pm 1.299016e+00

Best-fitting parameters
A[0]= 9.489939e-01
A[1]= 1.043403e+00
A[2]= 5.389709e-01
A[3]= 4.048596e+00
A[4]= -5.959254e+03
A[5]= 3.310612e+03
A[6]= -3.381708e+02
A[7]= 1.911510e+01
A[8]= -2.428910e-01
A[9]= -1.140565e+03
A[10]= 5.173269e+02
A[11]= -2.985629e+02
A[12]= 2.019408e+00
A[13]= -1.268788e-01
A[14]= 5.120980e+00
A[15]= -7.656448e+03
A[16]= 5.405122e+03
A[17]= -9.624391e+02
A[18]= 9.823740e+00
A[19]= 6.083494e-02
A[20]= 1.029843e+04
A[21]= -5.525869e+03
A[22]= 5.388420e+02
A[23]= -5.579041e+01
A[24]= 7.653132e-01
chi2_min= 8.751011e+01


Cross-Covariance parameters
1.000000e+00	-5.124777e-01	-1.439160e-01	1.138841e-01	-1.256181e-02	1.517076e-02	-2.451131e-02	7.558649e-02	-4.352220e-02	-1.743926e-02	3.308739e-02	-6.716831e-02	1.332088e-01	-9.768904e-02	3.980915e-02	5.492695e-02	-5.613051e-02	4.893908e-02	4.826969e-02	-4.554240e-02	-1.299355e-02	2.829543e-02	-6.743450e-02	1.387058e-01	-1.082700e-01	
-5.124777e-01	1.000000e+00	1.236027e-01	-1.496416e-01	-2.078360e-02	2.944898e-02	-4.516625e-02	1.354371e-01	-1.249804e-01	3.605885e-02	-4.796272e-02	6.907143e-02	-1.104822e-01	5.091929e-02	-1.929654e-01	1.387298e-02	-1.286605e-02	4.372692e-03	1.558535e-01	-1.638472e-01	1.735363e-02	-3.097302e-02	6.166834e-02	-6.887217e-02	2.011590e-02	
-1.439160e-01	1.236027e-01	1.000000e+00	-6.075694e-01	-1.059151e-01	1.234341e-01	-1.300320e-01	-2.762612e-02	5.800702e-02	-4.180444e-01	5.324433e-01	-6.640873e-01	-8.939101e-02	2.296635e-01	-6.376904e-01	-5.208621e-02	5.696398e-02	-5.396482e-02	-1.891874e-02	1.766262e-02	-3.957325e-01	4.991935e-01	-6.236484e-01	-1.192301e-01	2.514241e-01	
1.138841e-01	-1.496416e-01	-6.075694e-01	1.000000e+00	-5.488690e-01	5.968779e-01	-6.318450e-01	1.832723e-01	1.182296e-01	1.862996e-01	-2.333578e-01	2.930934e-01	-1.468551e-02	-2.044755e-02	3.775082e-01	4.962564e-02	-5.662781e-02	5.846925e-02	-7.841648e-04	-1.296515e-02	2.514308e-01	-3.136630e-01	3.863224e-01	6.934183e-02	-1.502546e-01	
-1.256181e-02	-2.078360e-02	-1.059151e-01	-5.488690e-01	1.000000e+00	-9.855198e-01	9.455337e-01	-6.491518e-01	2.435610e-01	8.072991e-02	-1.246502e-01	1.731717e-01	1.250760e-01	-1.335653e-01	8.981796e-02	-4.829099e-03	4.558912e-03	-4.224527e-03	-2.518762e-03	8.514432e-03	5.175606e-02	-6.494227e-02	8.074374e-02	3.867471e-03	-1.999679e-02	
1.517076e-02	2.944898e-02	1.234341e-01	5.968779e-01	-9.855198e-01	1.000000e+00	-9.865692e-01	5.960387e-01	-1.744339e-01	-9.567711e-02	1.443214e-01	-1.980033e-01	-1.345719e-01	1.572673e-01	-1.036740e-01	4.925220e-03	-4.973559e-03	4.823212e-03	4.929883e-03	-1.158592e-02	-5.499005e-02	7.014129e-02	-8.859456e-02	-8.130964e-03	2.564042e-02	
-2.451131e-02	-4.516625e-02	-1.300320e-01	-6.318450e-01	9.455337e-01	-9.865692e-01	1.000000e+00	-5.333397e-01	1.111631e-01	1.106036e-01	-1.614753e-01	2.173048e-01	1.308357e-01	-1.636454e-01	1.129361e-01	-7.044890e-03	7.515621e-03	-7.307757e-03	-1.066137e-02	1.834099e-02	5.387969e-02	-6.971053e-02	8.933031e-02	9.789787e-03	-2.670839e-02	
7.558649e-02	1.354371e-01	-2.762612e-02	1.832723e-01	-6.491518e-01	5.960387e-01	-5.333397e-01	1.000000e+00	-8.747720e-01	1.047778e-01	-8.713756e-02	5.603029e-02	-7.520926e-02	-7.793932e-02	-3.266450e-02	3.070955e-02	-2.983135e-02	2.504094e-02	3.597467e-02	-4.095841e-02	-2.616421e-03	8.931324e-04	2.329265e-03	3.216160e-02	-3.810035e-02	
-4.352220e-02	-1.249804e-01	5.800702e-02	1.182296e-01	2.435610e-01	-1.744339e-01	1.111631e-01	-8.747720e-01	1.000000e+00	-1.617105e-01	1.626692e-01	-1.491929e-01	2.404073e-02	1.850090e-01	1.297812e-03	-3.287923e-02	3.201371e-02	-2.767015e-02	-2.801758e-02	3.332642e-02	-1.111972e-02	1.834175e-02	-2.899628e-02	-3.739829e-02	4.929376e-02	
-1.743926e-02	3.605885e-02	-4.180444e-01	1.862996e-01	8.072991e-02	-9.567711e-02	1.106036e-01	1.047778e-01	-1.617105e-01	1.000000e+00	-9.840299e-01	9.203364e-01	-7.598620e-01	5.763977e-01	2.612556e-01	9.587965e-04	-4.428138e-03	5.074544e-03	2.434526e-02	-1.638780e-02	1.669940e-01	-2.116313e-01	2.665036e-01	3.562699e-02	-9.564384e-02	
3.308739e-02	-4.796272e-02	5.324433e-01	-2.333578e-01	-1.246502e-01	1.443214e-01	-1.614753e-01	-8.713756e-02	1.626692e-01	-9.840299e-01	1.000000e+00	-9.745055e-01	7.116747e-01	-5.206215e-01	-3.334163e-01	-9.597491e-03	1.391922e-02	-1.445694e-02	-2.672141e-02	2.053937e-02	-2.172944e-01	2.755244e-01	-3.474251e-01	-4.547792e-02	1.235939e-01	
-6.716831e-02	6.907143e-02	-6.640873e-01	2.930934e-01	1.731717e-01	-1.980033e-01	2.173048e-01	5.603029e-02	-1.491929e-01	9.203364e-01	-9.745055e-01	1.000000e+00	-6.068522e-01	4.148611e-01	4.172250e-01	2.064757e-02	-2.586992e-02	2.627654e-02	2.824140e-02	-2.506518e-02	2.775567e-01	-3.521339e-01	4.447995e-01	5.451718e-02	-1.545254e-01	
1.332088e-01	-1.104822e-01	-8.939101e-02	-1.468551e-02	1.250760e-01	-1.345719e-01	1.308357e-01	-7.520926e-02	2.404073e-02	-7.598620e-01	7.116747e-01	-6.068522e-01	1.000000e+00	-9.481757e-01	5.566293e-02	3.902208e-02	-3.881480e-02	3.671096e-02	-1.656689e-02	5.512245e-03	3.289805e-02	-4.082380e-02	4.831498e-02	3.508926e-02	-4.149460e-02	
-9.768904e-02	5.091929e-02	2.296635e-01	-2.044755e-02	-1.335653e-01	1.572673e-01	-1.636454e-01	-7.793932e-02	1.850090e-01	5.763977e-01	-5.206215e-01	4.148611e-01	-9.481757e-01	1.000000e+00	-1.371904e-01	-5.176852e-02	5.238525e-02	-4.956817e-02	9.306100e-03	3.452479e-03	-9.175239e-02	1.173740e-01	-1.478120e-01	-4.976839e-02	8.009345e-02	
3.980915e-02	-1.929654e-01	-6.376904e-01	3.775082e-01	8.981796e-02	-1.036740e-01	1.129361e-01	-3.266450e-02	1.297812e-03	2.612556e-01	-3.334163e-01	4.172250e-01	5.566293e-02	-1.371904e-01	1.000000e+00	-5.281602e-01	5.902016e-01	-6.371482e-01	3.601907e-02	2.444642e-01	1.442581e-01	-1.876208e-01	2.485900e-01	9.941163e-03	-4.096882e-02	
5.492695e-02	1.387298e-02	-5.208621e-02	4.962564e-02	-4.829099e-03	4.925220e-03	-7.044890e-03	3.070955e-02	-3.287923e-02	9.587965e-04	-9.597491e-03	2.064757e-02	3.902208e-02	-5.176852e-02	-5.281602e-01	1.000000e+00	-9.844493e-01	9.407451e-01	-5.715892e-01	1.859761e-01	1.798305e-01	-2.173682e-01	2.513004e-01	4.960572e-02	-8.904382e-02	
-5.613051e-02	-1.286605e-02	5.696398e-02	-5.662781e-02	4.558912e-03	-4.973559e-03	7.515621e-03	-2.983135e-02	3.201371e-02	-4.428138e-03	1.391922e-02	-2.586992e-02	-3.881480e-02	5.238525e-02	5.902016e-01	-9.844493e-01	1.000000e+00	-9.852233e-01	5.003434e-01	-1.002511e-01	-1.882552e-01	2.308110e-01	-2.699793e-01	-6.664787e-02	1.162547e-01	
4.893908e-02	4.372692e-03	-5.396482e-02	5.846925e-02	-4.224527e-03	4.823212e-03	-7.307757e-03	2.504094e-02	-2.767015e-02	5.074544e-03	-1.445694e-02	2.627654e-02	3.671096e-02	-4.956817e-02	-6.371482e-01	9.407451e-01	-9.852233e-01	1.000000e+00	-4.190764e-01	1.873827e-02	1.896588e-01	-2.354140e-01	2.781467e-01	7.748555e-02	-1.336202e-01	
4.826969e-02	1.558535e-01	-1.891874e-02	-7.841648e-04	-2.518762e-03	4.929883e-03	-1.066137e-02	3.597467e-02	-2.801758e-02	2.434526e-02	-2.672141e-02	2.824140e-02	-1.656689e-02	9.306100e-03	3.601907e-02	-5.715892e-01	5.003434e-01	-4.190764e-01	1.000000e+00	-8.974382e-01	-2.062730e-02	2.865791e-02	-3.699044e-02	7.919411e-02	-1.580019e-01	
-4.554240e-02	-1.638472e-01	1.766262e-02	-1.296515e-02	8.514432e-03	-1.158592e-02	1.834099e-02	-4.095841e-02	3.332642e-02	-1.638780e-02	2.053937e-02	-2.506518e-02	5.512245e-03	3.452479e-03	2.444642e-01	1.859761e-01	-1.002511e-01	1.873827e-02	-8.974382e-01	1.000000e+00	-5.600438e-02	6.348590e-02	-6.793015e-02	-1.142497e-01	2.329431e-01	
-1.299355e-02	1.735363e-02	-3.957325e-01	2.514308e-01	5.175606e-02	-5.499005e-02	5.387969e-02	-2.616421e-03	-1.111972e-02	1.669940e-01	-2.172944e-01	2.775567e-01	3.289805e-02	-9.175239e-02	1.442581e-01	1.798305e-01	-1.882552e-01	1.896588e-01	-2.062730e-02	-5.600438e-02	1.000000e+00	-9.845655e-01	9.214468e-01	-7.339660e-01	5.671321e-01	
2.829543e-02	-3.097302e-02	4.991935e-01	-3.136630e-01	-6.494227e-02	7.014129e-02	-6.971053e-02	8.931324e-04	1.834175e-02	-2.116313e-01	2.755244e-01	-3.521339e-01	-4.082380e-02	1.173740e-01	-1.876208e-01	-2.173682e-01	2.308110e-01	-2.354140e-01	2.865791e-02	6.348590e-02	-9.845655e-01	1.000000e+00	-9.743481e-01	6.862528e-01	-5.104801e-01	
-6.743450e-02	6.166834e-02	-6.236484e-01	3.863224e-01	8.074374e-02	-8.859456e-02	8.933031e-02	2.329265e-03	-2.899628e-02	2.665036e-01	-3.474251e-01	4.447995e-01	4.831498e-02	-1.478120e-01	2.485900e-01	2.513004e-01	-2.699793e-01	2.781467e-01	-3.699044e-02	-6.793015e-02	9.214468e-01	-9.743481e-01	1.000000e+00	-5.809478e-01	4.009715e-01	
1.387058e-01	-6.887217e-02	-1.192301e-01	6.934183e-02	3.867471e-03	-8.130964e-03	9.789787e-03	3.216160e-02	-3.739829e-02	3.562699e-02	-4.547792e-02	5.451718e-02	3.508926e-02	-4.976839e-02	9.941163e-03	4.960572e-02	-6.664787e-02	7.748555e-02	7.919411e-02	-1.142497e-01	-7.339660e-01	6.862528e-01	-5.809478e-01	1.000000e+00	-9.630931e-01	
-1.082700e-01	2.011590e-02	2.514241e-01	-1.502546e-01	-1.999679e-02	2.564042e-02	-2.670839e-02	-3.810035e-02	4.929376e-02	-9.564384e-02	1.235939e-01	-1.545254e-01	-4.149460e-02	8.009345e-02	-4.096882e-02	-8.904382e-02	1.162547e-01	-1.336202e-01	-1.580019e-01	2.329431e-01	5.671321e-01	-5.104801e-01	4.009715e-01	-9.630931e-01	1.000000e+00	

Time taken for mcmc chain: 29.366667 minutes
