Number of steps: 1093900
Number of accepted steps: 1000000
Burn-in number of steps: 320000
Accepted fraction of steps: 0.914160
Convergence Status
R[0]= 1.047600	R[1]= 1.271384	R[2]= 1.145791	R[3]= 1.004714	R[4]= 1.069393	R[5]= 1.068098	R[6]= 1.075576	R[7]= 1.038108	R[8]= 1.021501	R[9]= 1.088664	R[10]= 1.078535	R[11]= 1.058729	R[12]= 1.082635	R[13]= 1.141548	R[14]= 1.096239	R[15]= 1.169976	R[16]= 1.149942	R[17]= 1.116719	R[18]= 1.116614	R[19]= 1.071622	R[20]= 1.058924	R[21]= 1.087853	R[22]= 1.132695	R[23]= 1.091489	R[24]= 1.097134	
<R>= 1.095259

Mean parameters
A[0]= 9.762820e-01 pm 3.112820e-02
A[1]= 1.058999e+00 pm 2.073338e-02
A[2]= 4.932703e-01 pm 2.352599e-01
A[3]= 4.398970e+00 pm 9.706302e-01
A[4]= -4.438664e+03 pm 3.518357e+03
A[5]= 2.566152e+03 pm 2.317184e+03
A[6]= -1.987824e+02 pm 5.487101e+02
A[7]= 5.502789e+00 pm 1.315163e+01
A[8]= -3.248891e-02 pm 1.646431e-01
A[9]= 2.197382e+03 pm 7.902394e+03
A[10]= -1.849498e+03 pm 4.388152e+03
A[11]= 2.354333e+02 pm 8.325105e+02
A[12]= -3.125425e+01 pm 4.915860e+01
A[13]= 6.679949e-01 pm 9.637865e-01
A[14]= 5.981066e+00 pm 1.227246e+00
A[15]= -7.287120e+03 pm 4.612629e+03
A[16]= 5.769285e+03 pm 2.953128e+03
A[17]= -1.165666e+03 pm 6.825339e+02
A[18]= 2.973614e+00 pm 1.743107e+01
A[19]= 1.618379e-01 pm 2.325092e-01
A[20]= 8.827013e+03 pm 1.121353e+04
A[21]= -4.478598e+03 pm 6.570884e+03
A[22]= 3.240827e+02 pm 1.323933e+03
A[23]= -4.257498e+01 pm 5.698573e+01
A[24]= 4.792784e-01 pm 1.002742e+00

Best-fitting parameters
A[0]= 9.901060e-01
A[1]= 1.050966e+00
A[2]= 6.757619e-01
A[3]= 4.168286e+00
A[4]= -5.390004e+03
A[5]= 3.323663e+03
A[6]= -4.078429e+02
A[7]= 7.619562e+00
A[8]= -6.945222e-02
A[9]= 1.383775e+03
A[10]= -3.290848e+02
A[11]= -3.501907e+02
A[12]= -3.209244e+01
A[13]= 6.781170e-01
A[14]= 4.915597e+00
A[15]= -5.543813e+03
A[16]= 4.680806e+03
A[17]= -9.047720e+02
A[18]= 2.271227e+00
A[19]= 1.363608e-01
A[20]= 8.465770e+03
A[21]= -3.266482e+03
A[22]= -1.276107e+02
A[23]= -5.230113e+01
A[24]= 9.134781e-01
chi2_min= 9.870674e+01


Cross-Covariance parameters
1.000000e+00	-2.883502e-01	-1.074294e-01	-6.751722e-02	-1.740016e-02	-1.721364e-02	3.489802e-02	2.439048e-01	-2.773373e-01	1.579554e-02	1.523483e-02	-8.183303e-02	1.646133e-01	-1.902538e-01	-8.987936e-02	6.684852e-02	-6.378862e-02	5.596592e-02	1.704039e-01	-1.892661e-01	-1.238120e-03	2.800995e-02	-8.147260e-02	1.121547e-01	-5.992417e-02	
-2.883502e-01	1.000000e+00	1.007295e-01	2.531400e-02	-1.859759e-01	2.122503e-01	-2.426451e-01	2.101973e-01	-1.150009e-01	-2.584185e-02	1.496630e-02	1.633464e-02	-9.569204e-02	9.314184e-02	-1.391873e-01	-1.229998e-01	1.111769e-01	-1.024553e-01	2.217387e-01	-1.918965e-01	1.733521e-01	-1.664308e-01	1.593189e-01	-2.223525e-01	1.757215e-01	
-1.074294e-01	1.007295e-01	1.000000e+00	-6.346632e-01	5.166743e-02	-2.636395e-02	1.170986e-02	-5.701332e-02	7.042717e-02	-5.223956e-02	1.879901e-01	-3.927891e-01	-3.355143e-01	4.552639e-01	-5.680258e-01	-1.653852e-01	1.699839e-01	-1.634824e-01	8.328630e-02	-7.660632e-02	-5.037133e-01	5.799747e-01	-6.810409e-01	6.432754e-02	1.101192e-01	
-6.751722e-02	2.531400e-02	-6.346632e-01	1.000000e+00	-6.469207e-01	6.874359e-01	-7.152371e-01	3.274394e-01	-3.419339e-02	-3.942832e-02	-1.329721e-02	1.035684e-01	2.043204e-01	-2.452968e-01	5.585565e-01	-1.148183e-01	1.146945e-01	-1.238678e-01	3.098945e-02	3.331397e-02	2.980433e-01	-3.396616e-01	3.992000e-01	-4.324136e-04	-1.477775e-01	
-1.740016e-02	-1.859759e-01	5.166743e-02	-6.469207e-01	1.000000e+00	-9.859786e-01	9.458747e-01	-7.573107e-01	3.880359e-01	-8.666846e-02	4.486034e-02	1.832201e-02	1.029892e-01	-7.628710e-02	-1.920819e-01	2.764075e-01	-2.689480e-01	2.640243e-01	-2.121946e-01	1.356953e-01	1.936855e-02	-1.978526e-02	2.041146e-02	-4.440790e-02	7.888655e-02	
-1.721364e-02	2.122503e-01	-2.636395e-02	6.874359e-01	-9.859786e-01	1.000000e+00	-9.861837e-01	7.268125e-01	-3.420459e-01	5.360311e-02	-6.524868e-03	-6.292753e-02	-9.366326e-02	7.610158e-02	2.064372e-01	-3.041342e-01	3.013600e-01	-3.008485e-01	2.228137e-01	-1.351113e-01	-1.672158e-02	2.396648e-02	-3.300801e-02	4.331527e-02	-8.156374e-02	
3.489802e-02	-2.426451e-01	1.170986e-02	-7.152371e-01	9.458747e-01	-9.861837e-01	1.000000e+00	-6.832909e-01	2.988747e-01	-1.322673e-02	-3.605779e-02	1.071121e-01	7.132226e-02	-6.203092e-02	-2.101305e-01	3.190084e-01	-3.190350e-01	3.213311e-01	-2.340577e-01	1.398099e-01	7.950002e-04	-1.401970e-02	3.075190e-02	-3.265829e-02	7.558584e-02	
2.439048e-01	2.101973e-01	-5.701332e-02	3.274394e-01	-7.573107e-01	7.268125e-01	-6.832909e-01	1.000000e+00	-8.757774e-01	2.489359e-01	-2.096208e-01	1.306925e-01	-1.218083e-01	-2.076692e-02	9.427481e-02	-2.029341e-01	1.992677e-01	-1.992346e-01	2.755734e-01	-2.136390e-01	5.244239e-02	-4.519318e-02	2.729548e-02	-3.107123e-02	2.344388e-02	
-2.773373e-01	-1.150009e-01	7.042717e-02	-3.419339e-02	3.880359e-01	-3.420459e-01	2.988747e-01	-8.757774e-01	1.000000e+00	-2.739477e-01	2.536133e-01	-1.979045e-01	7.678203e-02	1.191206e-01	-2.577225e-02	7.705726e-02	-7.661686e-02	7.745020e-02	-2.015613e-01	1.700430e-01	-8.888623e-02	9.130427e-02	-8.367000e-02	1.022531e-01	-1.188526e-01	
1.579554e-02	-2.584185e-02	-5.223956e-02	-3.942832e-02	-8.666846e-02	5.360311e-02	-1.322673e-02	2.489359e-01	-2.739477e-01	1.000000e+00	-9.823190e-01	8.905402e-01	-8.181964e-01	6.467421e-01	8.096585e-03	-3.502742e-02	2.194814e-02	-9.000460e-03	1.075210e-01	-1.147983e-01	-2.894352e-02	1.180630e-02	9.818634e-03	1.805101e-02	-7.908381e-03	
1.523483e-02	1.496630e-02	1.879901e-01	-1.329721e-02	4.486034e-02	-6.524868e-03	-3.605779e-02	-2.096208e-01	2.536133e-01	-9.823190e-01	1.000000e+00	-9.590153e-01	7.908772e-01	-6.111163e-01	-7.355511e-02	-1.304785e-03	1.522379e-02	-2.728657e-02	-9.172552e-02	1.063219e-01	-4.867285e-02	7.619335e-02	-1.129856e-01	-6.520863e-03	3.057576e-02	
-8.183303e-02	1.633464e-02	-3.927891e-01	1.035684e-01	1.832201e-02	-6.292753e-02	1.071121e-01	1.306925e-01	-1.979045e-01	8.905402e-01	-9.590153e-01	1.000000e+00	-6.853650e-01	5.070202e-01	1.725800e-01	6.312639e-02	-7.945875e-02	9.137710e-02	4.340970e-02	-6.968636e-02	1.611960e-01	-2.074398e-01	2.717561e-01	-1.490915e-02	-5.753110e-02	
1.646133e-01	-9.569204e-02	-3.355143e-01	2.043204e-01	1.029892e-01	-9.366326e-02	7.132226e-02	-1.218083e-01	7.678203e-02	-8.181964e-01	7.908772e-01	-6.853650e-01	1.000000e+00	-9.514121e-01	2.012457e-01	1.410991e-01	-1.270029e-01	1.068449e-01	-1.670813e-01	1.691194e-01	2.268895e-01	-2.451277e-01	2.645182e-01	-7.989937e-02	4.077940e-02	
-1.902538e-01	9.314184e-02	4.552639e-01	-2.452968e-01	-7.628710e-02	7.610158e-02	-6.203092e-02	-2.076692e-02	1.191206e-01	6.467421e-01	-6.111163e-01	5.070202e-01	-9.514121e-01	1.000000e+00	-2.770933e-01	-1.450153e-01	1.292737e-01	-1.059209e-01	1.340205e-01	-1.457710e-01	-3.001488e-01	3.299541e-01	-3.627204e-01	1.154996e-01	-6.261478e-02	
-8.987936e-02	-1.391873e-01	-5.680258e-01	5.585565e-01	-1.920819e-01	2.064372e-01	-2.101305e-01	9.427481e-02	-2.577225e-02	8.096585e-03	-7.355511e-02	1.725800e-01	2.012457e-01	-2.770933e-01	1.000000e+00	-4.725742e-01	5.409603e-01	-6.035579e-01	4.063097e-03	2.876396e-01	2.276401e-01	-2.405369e-01	2.638442e-01	-5.783256e-02	-1.816030e-02	
6.684852e-02	-1.229998e-01	-1.653852e-01	-1.148183e-01	2.764075e-01	-3.041342e-01	3.190084e-01	-2.029341e-01	7.705726e-02	-3.502742e-02	-1.304785e-03	6.312639e-02	1.410991e-01	-1.450153e-01	-4.725742e-01	1.000000e+00	-9.849967e-01	9.370070e-01	-6.367447e-01	2.871829e-01	9.994322e-02	-1.540616e-01	2.260842e-01	2.376290e-02	-3.954525e-02	
-6.378862e-02	1.111769e-01	1.699839e-01	1.146945e-01	-2.689480e-01	3.013600e-01	-3.190350e-01	1.992677e-01	-7.661686e-02	2.194814e-02	1.522379e-02	-7.945875e-02	-1.270029e-01	1.292737e-01	5.409603e-01	-9.849967e-01	1.000000e+00	-9.826673e-01	5.999177e-01	-2.371865e-01	-9.329924e-02	1.534285e-01	-2.339366e-01	-3.776900e-02	5.783713e-02	
5.596592e-02	-1.024553e-01	-1.634824e-01	-1.238678e-01	2.640243e-01	-3.008485e-01	3.213311e-01	-1.992346e-01	7.745020e-02	-9.000460e-03	-2.728657e-02	9.137710e-02	1.068449e-01	-1.059209e-01	-6.035579e-01	9.370070e-01	-9.826673e-01	1.000000e+00	-5.365109e-01	1.714292e-01	8.362977e-02	-1.479720e-01	2.342465e-01	4.640544e-02	-6.888138e-02	
1.704039e-01	2.217387e-01	8.328630e-02	3.098945e-02	-2.121946e-01	2.228137e-01	-2.340577e-01	2.755734e-01	-2.015613e-01	1.075210e-01	-9.172552e-02	4.340970e-02	-1.670813e-01	1.340205e-01	4.063097e-03	-6.367447e-01	5.999177e-01	-5.365109e-01	1.000000e+00	-9.021173e-01	6.068255e-02	-1.420048e-02	-5.898671e-02	-1.506156e-02	-5.224008e-02	
-1.892661e-01	-1.918965e-01	-7.660632e-02	3.331397e-02	1.356953e-01	-1.351113e-01	1.398099e-01	-2.136390e-01	1.700430e-01	-1.147983e-01	1.063219e-01	-6.968636e-02	1.691194e-01	-1.457710e-01	2.876396e-01	2.871829e-01	-2.371865e-01	1.714292e-01	-9.021173e-01	1.000000e+00	-1.100855e-01	8.262430e-02	-2.896247e-02	3.875360e-02	5.282714e-02	
-1.238120e-03	1.733521e-01	-5.037133e-01	2.980433e-01	1.936855e-02	-1.672158e-02	7.950002e-04	5.244239e-02	-8.888623e-02	-2.894352e-02	-4.867285e-02	1.611960e-01	2.268895e-01	-3.001488e-01	2.276401e-01	9.994322e-02	-9.329924e-02	8.362977e-02	6.068255e-02	-1.100855e-01	1.000000e+00	-9.896527e-01	9.399442e-01	-8.127622e-01	6.502615e-01	
2.800995e-02	-1.664308e-01	5.799747e-01	-3.396616e-01	-1.978526e-02	2.396648e-02	-1.401970e-02	-4.519318e-02	9.130427e-02	1.180630e-02	7.619335e-02	-2.074398e-01	-2.451277e-01	3.299541e-01	-2.405369e-01	-1.540616e-01	1.534285e-01	-1.479720e-01	-1.420048e-02	8.262430e-02	-9.896527e-01	1.000000e+00	-9.785695e-01	7.946872e-01	-6.250680e-01	
-8.147260e-02	1.593189e-01	-6.810409e-01	3.992000e-01	2.041146e-02	-3.300801e-02	3.075190e-02	2.729548e-02	-8.367000e-02	9.818634e-03	-1.129856e-01	2.717561e-01	2.645182e-01	-3.627204e-01	2.638442e-01	2.260842e-01	-2.339366e-01	2.342465e-01	-5.898671e-02	-2.896247e-02	9.399442e-01	-9.785695e-01	1.000000e+00	-7.260308e-01	5.496216e-01	
1.121547e-01	-2.223525e-01	6.432754e-02	-4.324136e-04	-4.440790e-02	4.331527e-02	-3.265829e-02	-3.107123e-02	1.022531e-01	1.805101e-02	-6.520863e-03	-1.490915e-02	-7.989937e-02	1.154996e-01	-5.783256e-02	2.376290e-02	-3.776900e-02	4.640544e-02	-1.506156e-02	3.875360e-02	-8.127622e-01	7.946872e-01	-7.260308e-01	1.000000e+00	-9.563020e-01	
-5.992417e-02	1.757215e-01	1.101192e-01	-1.477775e-01	7.888655e-02	-8.156374e-02	7.558584e-02	2.344388e-02	-1.188526e-01	-7.908381e-03	3.057576e-02	-5.753110e-02	4.077940e-02	-6.261478e-02	-1.816030e-02	-3.954525e-02	5.783713e-02	-6.888138e-02	-5.224008e-02	5.282714e-02	6.502615e-01	-6.250680e-01	5.496216e-01	-9.563020e-01	1.000000e+00	

Time taken for mcmc chain: 8.183333 minutes
