Number of steps: 17080205
Number of accepted steps: 1000000
Burn-in number of steps: 320000
Accepted fraction of steps: 0.058547
Convergence Status
R[0]= 1.001425	R[1]= 1.001378	R[2]= 1.015763	R[3]= 1.003821	R[4]= 1.000018	R[5]= 1.000076	R[6]= 1.000177	R[7]= 1.001075	R[8]= 1.001165	R[9]= 1.001775	R[10]= 1.002871	R[11]= 1.004643	R[12]= 1.001244	R[13]= 1.002022	R[14]= 1.004547	R[15]= 1.000976	R[16]= 1.000883	R[17]= 1.000792	R[18]= 1.000407	R[19]= 1.000206	R[20]= 1.001661	R[21]= 1.002725	R[22]= 1.004098	R[23]= 1.000228	R[24]= 1.000579	
<R>= 1.002182

Mean parameters
A[0]= 8.973688e-01 pm 3.240542e-02
A[1]= 1.002214e+00 pm 2.878866e-02
A[2]= 7.031711e-01 pm 4.965664e-01
A[3]= 3.413998e+00 pm 1.227652e+00
A[4]= -2.630147e+03 pm 3.563800e+03
A[5]= 1.247927e+03 pm 2.330802e+03
A[6]= 1.083265e+02 pm 5.406390e+02
A[7]= 1.222001e+01 pm 1.235276e+01
A[8]= -2.147636e-01 pm 1.800859e-01
A[9]= -2.880117e+03 pm 7.967363e+03
A[10]= 1.228624e+03 pm 4.808368e+03
A[11]= -3.879195e+02 pm 1.012873e+03
A[12]= 7.132715e+00 pm 4.450007e+01
A[13]= -2.156977e-01 pm 8.737722e-01
A[14]= 5.061896e+00 pm 1.730396e+00
A[15]= -9.468805e+03 pm 5.053039e+03
A[16]= 6.216839e+03 pm 3.329245e+03
A[17]= -1.069228e+03 pm 7.741465e+02
A[18]= 1.323597e+01 pm 1.801848e+01
A[19]= -1.524909e-02 pm 2.567499e-01
A[20]= -2.991925e+03 pm 1.113641e+04
A[21]= 1.627853e+03 pm 6.793392e+03
A[22]= -6.988819e+02 pm 1.449468e+03
A[23]= -1.132652e+00 pm 6.426908e+01
A[24]= -2.157499e-01 pm 1.279852e+00

Best-fitting parameters
A[0]= 8.913162e-01
A[1]= 1.011969e+00
A[2]= 5.939774e-01
A[3]= 3.800188e+00
A[4]= -4.117473e+03
A[5]= 2.263034e+03
A[6]= -1.372225e+02
A[7]= 1.442280e+01
A[8]= -2.227568e-01
A[9]= -3.508000e+03
A[10]= 1.614405e+03
A[11]= -4.287792e+02
A[12]= 5.128926e+00
A[13]= -1.649612e-01
A[14]= 6.603353e+00
A[15]= -1.516472e+04
A[16]= 1.016509e+04
A[17]= -2.011891e+03
A[18]= 1.450473e+01
A[19]= 1.372414e-01
A[20]= -9.442211e+02
A[21]= 5.430665e+02
A[22]= -5.177017e+02
A[23]= -3.747054e+01
A[24]= 6.424518e-01
chi2_min= 9.881599e+01


Cross-Covariance parameters
1.000000e+00	-5.251055e-01	-1.412510e-01	7.311524e-02	7.220587e-02	-6.784701e-02	5.614924e-02	1.228901e-02	-1.288646e-02	1.123898e-02	-1.201808e-04	-2.775825e-02	1.172045e-01	-8.157953e-02	8.508747e-02	6.378304e-02	-6.159069e-02	5.094225e-02	3.508693e-02	-3.706670e-02	1.342268e-02	-1.742260e-03	-2.982528e-02	1.399174e-01	-1.130832e-01	
-5.251055e-01	1.000000e+00	1.564287e-01	-1.726846e-01	-4.711615e-02	4.766328e-02	-5.477084e-02	1.551717e-01	-1.357358e-01	2.215836e-02	-2.587456e-02	3.680515e-02	-1.209814e-01	6.264840e-02	-2.150491e-01	-1.441029e-02	1.452010e-02	-1.969765e-02	1.509956e-01	-1.337859e-01	1.536216e-02	-2.132864e-02	3.877650e-02	-1.185719e-01	8.221857e-02	
-1.412510e-01	1.564287e-01	1.000000e+00	-7.152484e-01	1.265667e-02	-1.124626e-02	1.671684e-02	-3.836907e-02	1.281312e-02	-4.155725e-01	5.237123e-01	-6.464171e-01	-1.623637e-01	2.923653e-01	-6.915972e-01	-6.309580e-02	6.984458e-02	-6.771559e-02	-5.553654e-02	6.429767e-02	-4.015303e-01	5.167937e-01	-6.473045e-01	-2.530286e-01	3.934623e-01	
7.311524e-02	-1.726846e-01	-7.152484e-01	1.000000e+00	-5.174497e-01	5.744488e-01	-6.161667e-01	5.591634e-02	2.048167e-01	2.094960e-01	-2.674735e-01	3.402887e-01	6.514989e-02	-9.948925e-02	5.301238e-01	4.882372e-02	-5.315483e-02	5.216223e-02	8.592226e-03	-1.581029e-02	2.994486e-01	-3.845681e-01	4.813344e-01	1.795266e-01	-2.810143e-01	
7.220587e-02	-4.711615e-02	1.265667e-02	-5.174497e-01	1.000000e+00	-9.835945e-01	9.390388e-01	-5.545129e-01	1.706330e-01	8.117212e-02	-1.159929e-01	1.496531e-01	1.016770e-01	-1.006769e-01	-2.152938e-02	2.211961e-02	-2.491927e-02	2.681445e-02	1.435633e-02	-2.806492e-02	-6.230833e-03	6.814309e-03	-9.139074e-03	1.520762e-02	-1.374574e-02	
-6.784701e-02	4.766328e-02	-1.124626e-02	5.744488e-01	-9.835945e-01	1.000000e+00	-9.852022e-01	4.798555e-01	-8.381765e-02	-9.835989e-02	1.377215e-01	-1.757234e-01	-1.119937e-01	1.292310e-01	2.040451e-02	-1.987805e-02	2.323622e-02	-2.579768e-02	-1.600552e-02	2.941357e-02	5.564740e-03	-5.853196e-03	7.851051e-03	-1.464660e-02	1.353412e-02	
5.614924e-02	-5.477084e-02	1.671684e-02	-6.161667e-01	9.390388e-01	-9.852022e-01	1.000000e+00	-3.996329e-01	6.895043e-03	1.128326e-01	-1.541824e-01	1.937673e-01	1.107631e-01	-1.417890e-01	-2.192608e-02	1.643659e-02	-2.015676e-02	2.345401e-02	1.375893e-02	-2.684122e-02	-7.529511e-03	8.468713e-03	-1.113001e-02	1.130772e-02	-9.337596e-03	
1.228901e-02	1.551717e-01	-3.836907e-02	5.591634e-02	-5.545129e-01	4.798555e-01	-3.996329e-01	1.000000e+00	-8.967630e-01	1.391078e-01	-1.285125e-01	1.066665e-01	-4.783881e-02	-1.405667e-01	9.609109e-03	2.110329e-03	-1.732040e-03	-1.096879e-03	3.383381e-02	-2.597975e-02	2.784540e-02	-3.385313e-02	4.095352e-02	4.777131e-03	-1.531813e-02	
-1.288646e-02	-1.357358e-01	1.281312e-02	2.048167e-01	1.706330e-01	-8.381765e-02	6.895043e-03	-8.967630e-01	1.000000e+00	-1.942418e-01	1.971366e-01	-1.855493e-01	1.909997e-02	2.118602e-01	1.075755e-02	-7.643857e-03	8.827706e-03	-7.969816e-03	-3.252892e-02	2.989800e-02	-1.531368e-02	1.967349e-02	-2.481823e-02	-4.691561e-03	1.160964e-02	
1.123898e-02	2.215836e-02	-4.155725e-01	2.094960e-01	8.117212e-02	-9.835989e-02	1.128326e-01	1.391078e-01	-1.942418e-01	1.000000e+00	-9.838885e-01	9.215048e-01	-6.924744e-01	4.823715e-01	2.911701e-01	2.542144e-02	-2.977700e-02	2.987591e-02	3.803555e-02	-4.060107e-02	1.820312e-01	-2.345276e-01	2.949709e-01	1.008836e-01	-1.680074e-01	
-1.201808e-04	-2.587456e-02	5.237123e-01	-2.674735e-01	-1.159929e-01	1.377215e-01	-1.541824e-01	-1.285125e-01	1.971366e-01	-9.838885e-01	1.000000e+00	-9.754028e-01	6.314304e-01	-4.148808e-01	-3.659653e-01	-3.452097e-02	4.030359e-02	-4.085950e-02	-4.787971e-02	5.329964e-02	-2.307369e-01	2.975049e-01	-3.745156e-01	-1.262606e-01	2.114499e-01	
-2.775825e-02	3.680515e-02	-6.464171e-01	3.402887e-01	1.496531e-01	-1.757234e-01	1.937673e-01	1.066665e-01	-1.855493e-01	9.215048e-01	-9.754028e-01	1.000000e+00	-5.158016e-01	3.014449e-01	4.510070e-01	4.399361e-02	-5.139375e-02	5.259485e-02	5.804117e-02	-6.670510e-02	2.864972e-01	-3.698647e-01	4.664116e-01	1.529745e-01	-2.592726e-01	
1.172045e-01	-1.209814e-01	-1.623637e-01	6.514989e-02	1.016770e-01	-1.119937e-01	1.107631e-01	-4.783881e-02	1.909997e-02	-6.924744e-01	6.314304e-01	-5.158016e-01	1.000000e+00	-9.426747e-01	1.131468e-01	2.596969e-02	-2.770404e-02	2.751399e-02	-3.979423e-04	-7.970528e-03	5.827781e-02	-7.472123e-02	9.144737e-02	5.774804e-02	-7.319323e-02	
-8.157953e-02	6.264840e-02	2.923653e-01	-9.948925e-02	-1.006769e-01	1.292310e-01	-1.417890e-01	-1.405667e-01	2.118602e-01	4.823715e-01	-4.148808e-01	3.014449e-01	-9.426747e-01	1.000000e+00	-1.994147e-01	-3.481867e-02	3.836795e-02	-3.842206e-02	-1.717821e-02	2.649837e-02	-1.193962e-01	1.541112e-01	-1.926745e-01	-8.589253e-02	1.252298e-01	
8.508747e-02	-2.150491e-01	-6.915972e-01	5.301238e-01	-2.152938e-02	2.040451e-02	-2.192608e-02	9.609109e-03	1.075755e-02	2.911701e-01	-3.659653e-01	4.510070e-01	1.131468e-01	-1.994147e-01	1.000000e+00	-4.702211e-01	5.239246e-01	-5.655551e-01	-1.027875e-02	2.377720e-01	1.659729e-01	-2.295327e-01	3.087701e-01	1.164765e-01	-1.630106e-01	
6.378304e-02	-1.441029e-02	-6.309580e-02	4.882372e-02	2.211961e-02	-1.987805e-02	1.643659e-02	2.110329e-03	-7.643857e-03	2.542144e-02	-3.452097e-02	4.399361e-02	2.596969e-02	-3.481867e-02	-4.702211e-01	1.000000e+00	-9.849104e-01	9.437496e-01	-4.829702e-01	1.104198e-01	2.101169e-01	-2.438118e-01	2.713273e-01	8.055029e-02	-1.282057e-01	
-6.159069e-02	1.452010e-02	6.984458e-02	-5.315483e-02	-2.491927e-02	2.323622e-02	-2.015676e-02	-1.732040e-03	8.827706e-03	-2.977700e-02	4.030359e-02	-5.139375e-02	-2.770404e-02	3.836795e-02	5.239246e-01	-9.849104e-01	1.000000e+00	-9.862671e-01	4.045159e-01	-2.170304e-02	-2.239948e-01	2.620210e-01	-2.938834e-01	-9.663914e-02	1.549917e-01	
5.094225e-02	-1.969765e-02	-6.771559e-02	5.216223e-02	2.681445e-02	-2.579768e-02	2.345401e-02	-1.096879e-03	-7.969816e-03	2.987591e-02	-4.085950e-02	5.259485e-02	2.751399e-02	-3.842206e-02	-5.655551e-01	9.437496e-01	-9.862671e-01	1.000000e+00	-3.229216e-01	-5.677378e-02	2.280660e-01	-2.687541e-01	3.035779e-01	1.052069e-01	-1.697778e-01	
3.508693e-02	1.509956e-01	-5.553654e-02	8.592226e-03	1.435633e-02	-1.600552e-02	1.375893e-02	3.383381e-02	-3.252892e-02	3.803555e-02	-4.787971e-02	5.804117e-02	-3.979423e-04	-1.717821e-02	-1.027875e-02	-4.829702e-01	4.045159e-01	-3.229216e-01	1.000000e+00	-9.085469e-01	3.497457e-02	-3.736258e-02	3.821218e-02	6.031119e-02	-1.461352e-01	
-3.706670e-02	-1.337859e-01	6.429767e-02	-1.581029e-02	-2.806492e-02	2.941357e-02	-2.684122e-02	-2.597975e-02	2.989800e-02	-4.060107e-02	5.329964e-02	-6.670510e-02	-7.970528e-03	2.649837e-02	2.377720e-01	1.104198e-01	-2.170304e-02	-5.677378e-02	-9.085469e-01	1.000000e+00	-1.207175e-01	1.353587e-01	-1.448354e-01	-1.001502e-01	2.229367e-01	
1.342268e-02	1.536216e-02	-4.015303e-01	2.994486e-01	-6.230833e-03	5.564740e-03	-7.529511e-03	2.784540e-02	-1.531368e-02	1.820312e-01	-2.307369e-01	2.864972e-01	5.827781e-02	-1.193962e-01	1.659729e-01	2.101169e-01	-2.239948e-01	2.280660e-01	3.497457e-02	-1.207175e-01	1.000000e+00	-9.836543e-01	9.196324e-01	-6.386994e-01	4.466413e-01	
-1.742260e-03	-2.132864e-02	5.167937e-01	-3.845681e-01	6.814309e-03	-5.853196e-03	8.468713e-03	-3.385313e-02	1.967349e-02	-2.345276e-01	2.975049e-01	-3.698647e-01	-7.472123e-02	1.541112e-01	-2.295327e-01	-2.438118e-01	2.620210e-01	-2.687541e-01	-3.736258e-02	1.353587e-01	-9.836543e-01	1.000000e+00	-9.746158e-01	5.632369e-01	-3.622636e-01	
-2.982528e-02	3.877650e-02	-6.473045e-01	4.813344e-01	-9.139074e-03	7.851051e-03	-1.113001e-02	4.095352e-02	-2.481823e-02	2.949709e-01	-3.745156e-01	4.664116e-01	9.144737e-02	-1.926745e-01	3.087701e-01	2.713273e-01	-2.938834e-01	3.035779e-01	3.821218e-02	-1.448354e-01	9.196324e-01	-9.746158e-01	1.000000e+00	-4.315356e-01	2.283653e-01	
1.399174e-01	-1.185719e-01	-2.530286e-01	1.795266e-01	1.520762e-02	-1.464660e-02	1.130772e-02	4.777131e-03	-4.691561e-03	1.008836e-01	-1.262606e-01	1.529745e-01	5.774804e-02	-8.589253e-02	1.164765e-01	8.055029e-02	-9.663914e-02	1.052069e-01	6.031119e-02	-1.001502e-01	-6.386994e-01	5.632369e-01	-4.315356e-01	1.000000e+00	-9.617945e-01	
-1.130832e-01	8.221857e-02	3.934623e-01	-2.810143e-01	-1.374574e-02	1.353412e-02	-9.337596e-03	-1.531813e-02	1.160964e-02	-1.680074e-01	2.114499e-01	-2.592726e-01	-7.319323e-02	1.252298e-01	-1.630106e-01	-1.282057e-01	1.549917e-01	-1.697778e-01	-1.461352e-01	2.229367e-01	4.466413e-01	-3.622636e-01	2.283653e-01	-9.617945e-01	1.000000e+00	

Time taken for mcmc chain: 2.313333 hours
