Number of steps: 6226738
Number of accepted steps: 1000000
Burn-in number of steps: 320000
Accepted fraction of steps: 0.160598
Convergence Status
R[0]= 1.006171	R[1]= 1.016553	R[2]= 1.151159	R[3]= 1.057858	R[4]= 1.006356	R[5]= 1.009446	R[6]= 1.012762	R[7]= 1.000738	R[8]= 1.000461	R[9]= 1.032949	R[10]= 1.051396	R[11]= 1.076499	R[12]= 1.000609	R[13]= 1.004892	R[14]= 1.094518	R[15]= 1.018696	R[16]= 1.025967	R[17]= 1.032577	R[18]= 1.001072	R[19]= 1.002740	R[20]= 1.005638	R[21]= 1.011168	R[22]= 1.020596	R[23]= 1.001781	R[24]= 1.004029	
<R>= 1.025865

Mean parameters
A[0]= 9.852342e-01 pm 3.383685e-02
A[1]= 1.065950e+00 pm 2.868719e-02
A[2]= 7.195643e-01 pm 5.166237e-01
A[3]= 3.602329e+00 pm 1.189589e+00
A[4]= -1.938768e+03 pm 3.848453e+03
A[5]= 1.122345e+03 pm 2.540088e+03
A[6]= 1.065497e+02 pm 6.042351e+02
A[7]= 2.560767e+00 pm 1.378947e+01
A[8]= -6.375306e-02 pm 1.843796e-01
A[9]= 6.361909e+03 pm 9.364750e+03
A[10]= -3.493391e+03 pm 5.823374e+03
A[11]= 3.775186e+02 pm 1.286691e+03
A[12]= -5.298636e+01 pm 5.124456e+01
A[13]= 1.022047e+00 pm 9.894551e-01
A[14]= 5.477429e+00 pm 1.955446e+00
A[15]= -7.689209e+03 pm 5.553939e+03
A[16]= 6.092074e+03 pm 3.662085e+03
A[17]= -1.244865e+03 pm 8.712627e+02
A[18]= 7.707573e+00 pm 2.054027e+01
A[19]= 1.015964e-01 pm 2.711409e-01
A[20]= 1.661421e+04 pm 1.270269e+04
A[21]= -8.545698e+03 pm 7.815441e+03
A[22]= 9.328551e+02 pm 1.702003e+03
A[23]= -1.131926e+02 pm 7.153198e+01
A[24]= 1.770982e+00 pm 1.385311e+00

Best-fitting parameters
A[0]= 9.812990e-01
A[1]= 1.073386e+00
A[2]= 6.514911e-01
A[3]= 3.608820e+00
A[4]= -2.783068e+03
A[5]= 1.513068e+03
A[6]= 4.705766e+01
A[7]= 3.090042e+00
A[8]= -7.772763e-02
A[9]= 1.503013e+04
A[10]= -8.406850e+03
A[11]= 1.266964e+03
A[12]= -1.098216e+02
A[13]= 1.918609e+00
A[14]= 5.219752e+00
A[15]= -9.830344e+03
A[16]= 7.150832e+03
A[17]= -1.401871e+03
A[18]= 1.839954e+01
A[19]= -1.852338e-02
A[20]= 1.525763e+04
A[21]= -7.806707e+03
A[22]= 7.956189e+02
A[23]= -1.028421e+02
A[24]= 1.474868e+00
chi2_min= 9.279995e+01


Cross-Covariance parameters
1.000000e+00	-5.406348e-01	-2.362648e-01	1.479012e-01	7.285584e-02	-7.217365e-02	6.264836e-02	5.117535e-02	-6.280988e-02	3.200111e-02	-4.245314e-02	3.832422e-02	1.498781e-01	-1.414897e-01	1.700622e-01	1.206327e-02	-6.761754e-03	-5.322327e-03	7.214224e-02	-5.585721e-02	5.354261e-02	-5.209719e-02	3.229735e-02	1.517891e-01	-1.476771e-01	
-5.406348e-01	1.000000e+00	3.613516e-01	-2.959811e-01	-6.020853e-02	6.823996e-02	-8.089725e-02	1.046581e-01	-8.474080e-02	-7.900226e-02	1.040594e-01	-1.237471e-01	-1.164368e-01	1.083173e-01	-3.409766e-01	6.101316e-02	-6.636374e-02	6.294115e-02	7.528334e-02	-1.113821e-01	-6.547606e-02	7.972604e-02	-8.574386e-02	-1.163508e-01	1.117556e-01	
-2.362648e-01	3.613516e-01	1.000000e+00	-7.277593e-01	-1.271513e-01	1.424557e-01	-1.524169e-01	2.336916e-02	2.394642e-02	-4.801301e-01	6.017047e-01	-7.306477e-01	-5.154197e-02	2.281721e-01	-7.881204e-01	9.233224e-02	-1.133371e-01	1.325473e-01	-4.288366e-02	-1.822493e-02	-4.072160e-01	5.218816e-01	-6.507115e-01	-9.709699e-02	2.473136e-01	
1.479012e-01	-2.959811e-01	-7.277593e-01	1.000000e+00	-4.156761e-01	4.592518e-01	-4.891210e-01	1.600694e-01	7.101977e-02	2.699316e-01	-3.406917e-01	4.182629e-01	1.330510e-02	-9.586056e-02	6.133790e-01	-8.071798e-02	9.547707e-02	-1.086066e-01	3.110346e-02	1.611721e-02	3.163062e-01	-4.041004e-01	5.024080e-01	5.934860e-02	-1.738650e-01	
7.285584e-02	-6.020853e-02	-1.271513e-01	-4.156761e-01	1.000000e+00	-9.837514e-01	9.380290e-01	-6.948491e-01	3.108871e-01	1.387962e-01	-1.872545e-01	2.381480e-01	5.807946e-02	-7.733301e-02	8.117857e-02	1.108806e-02	-1.069974e-02	1.004503e-02	-6.805072e-03	6.650587e-03	3.536908e-02	-4.885352e-02	6.451108e-02	4.814180e-02	-6.677723e-02	
-7.217365e-02	6.823996e-02	1.424557e-01	4.592518e-01	-9.837514e-01	1.000000e+00	-9.844901e-01	6.512785e-01	-2.500621e-01	-1.587711e-01	2.119761e-01	-2.680318e-01	-6.484790e-02	9.956279e-02	-9.175647e-02	-1.333648e-02	1.265916e-02	-1.179741e-02	1.261631e-02	-1.264489e-02	-4.133550e-02	5.643980e-02	-7.408681e-02	-5.026166e-02	7.099362e-02	
6.264836e-02	-8.089725e-02	-1.524169e-01	-4.891210e-01	9.380290e-01	-9.844901e-01	1.000000e+00	-5.899991e-01	1.877218e-01	1.786725e-01	-2.343897e-01	2.930150e-01	6.134633e-02	-1.086290e-01	1.000574e-01	1.366569e-02	-1.267229e-02	1.186500e-02	-2.057583e-02	2.133566e-02	4.516125e-02	-6.106850e-02	7.984148e-02	4.972002e-02	-7.128565e-02	
5.117535e-02	1.046581e-01	2.336916e-02	1.600694e-01	-6.948491e-01	6.512785e-01	-5.899991e-01	1.000000e+00	-8.784572e-01	3.664041e-02	-6.700764e-03	-3.428023e-02	-2.672679e-02	-1.086488e-01	-2.812411e-02	4.385614e-03	-4.321804e-03	1.225490e-03	3.347293e-02	-3.364346e-02	2.023111e-02	-1.654579e-02	1.011472e-02	-2.856918e-02	2.534722e-02	
-6.280988e-02	-8.474080e-02	2.394642e-02	7.101977e-02	3.108871e-01	-2.500621e-01	1.877218e-01	-8.784572e-01	1.000000e+00	-1.268969e-01	1.160074e-01	-9.217105e-02	7.524067e-03	1.951287e-01	-9.081888e-04	-8.723536e-03	8.985294e-03	-6.269116e-03	-2.749923e-02	2.812154e-02	-3.444551e-02	3.591462e-02	-3.579481e-02	1.372678e-02	-2.703606e-03	
3.200111e-02	-7.900226e-02	-4.801301e-01	2.699316e-01	1.387962e-01	-1.587711e-01	1.786725e-01	3.664041e-02	-1.268969e-01	1.000000e+00	-9.823685e-01	9.155056e-01	-7.446860e-01	5.329529e-01	3.756304e-01	-2.092078e-02	2.941633e-02	-3.891092e-02	2.647595e-03	1.752123e-02	2.085418e-01	-2.688273e-01	3.388531e-01	4.822385e-02	-1.308250e-01	
-4.245314e-02	1.040594e-01	6.017047e-01	-3.406917e-01	-1.872545e-01	2.119761e-01	-2.343897e-01	-6.700764e-03	1.160074e-01	-9.823685e-01	1.000000e+00	-9.738744e-01	6.817447e-01	-4.601080e-01	-4.714477e-01	3.145079e-02	-4.184778e-02	5.306997e-02	-8.888122e-03	-1.776475e-02	-2.613278e-01	3.367774e-01	-4.242226e-01	-5.860691e-02	1.618121e-01	
3.832422e-02	-1.237471e-01	-7.306477e-01	4.182629e-01	2.381480e-01	-2.680318e-01	2.930150e-01	-3.428023e-02	-9.217105e-02	9.155056e-01	-9.738744e-01	1.000000e+00	-5.598083e-01	3.359509e-01	5.745659e-01	-4.453031e-02	5.738682e-02	-7.065716e-02	1.475515e-02	1.956637e-02	3.178769e-01	-4.097149e-01	5.162774e-01	6.684224e-02	-1.923644e-01	
1.498781e-01	-1.164368e-01	-5.154197e-02	1.330510e-02	5.807946e-02	-6.484790e-02	6.134633e-02	-2.672679e-02	7.524067e-03	-7.446860e-01	6.817447e-01	-5.598083e-01	1.000000e+00	-9.410175e-01	4.893387e-02	-1.428847e-02	1.664565e-02	-1.816198e-02	1.479494e-02	-5.245656e-03	1.887794e-02	-1.938357e-02	1.667962e-02	1.299676e-02	-1.371993e-02	
-1.414897e-01	1.083173e-01	2.281721e-01	-9.586056e-02	-7.733301e-02	9.956279e-02	-1.086290e-01	-1.086488e-01	1.951287e-01	5.329529e-01	-4.601080e-01	3.359509e-01	-9.410175e-01	1.000000e+00	-1.840966e-01	2.486905e-02	-2.952113e-02	3.388824e-02	-2.644027e-02	1.029895e-02	-1.048022e-01	1.286660e-01	-1.530507e-01	-1.893348e-02	5.378717e-02	
1.700622e-01	-3.409766e-01	-7.881204e-01	6.133790e-01	8.117857e-02	-9.175647e-02	1.000574e-01	-2.812411e-02	-9.081888e-04	3.756304e-01	-4.714477e-01	5.745659e-01	4.893387e-02	-1.840966e-01	1.000000e+00	-4.884684e-01	5.609570e-01	-6.153096e-01	1.099526e-01	1.592159e-01	2.370349e-01	-3.092733e-01	3.959077e-01	6.735267e-02	-1.462919e-01	
1.206327e-02	6.101316e-02	9.233224e-02	-8.071798e-02	1.108806e-02	-1.333648e-02	1.366569e-02	4.385614e-03	-8.723536e-03	-2.092078e-02	3.145079e-02	-4.453031e-02	-1.428847e-02	2.486905e-02	-4.884684e-01	1.000000e+00	-9.813308e-01	9.289299e-01	-6.629333e-01	2.939543e-01	1.533009e-01	-1.746910e-01	1.888857e-01	-2.783643e-02	1.845781e-03	
-6.761754e-03	-6.636374e-02	-1.133371e-01	9.547707e-02	-1.069974e-02	1.265916e-02	-1.267229e-02	-4.321804e-03	8.985294e-03	2.941633e-02	-4.184778e-02	5.738682e-02	1.664565e-02	-2.952113e-02	5.609570e-01	-9.813308e-01	1.000000e+00	-9.823084e-01	5.973075e-01	-2.055909e-01	-1.564115e-01	1.811668e-01	-1.989021e-01	1.730675e-02	1.790416e-02	
-5.322327e-03	6.294115e-02	1.325473e-01	-1.086066e-01	1.004503e-02	-1.179741e-02	1.186500e-02	1.225490e-03	-6.269116e-03	-3.891092e-02	5.306997e-02	-7.065716e-02	-1.816198e-02	3.388824e-02	-6.153096e-01	9.289299e-01	-9.823084e-01	1.000000e+00	-5.126414e-01	1.147120e-01	1.548016e-01	-1.814352e-01	2.014754e-01	-1.165721e-02	-2.966956e-02	
7.214224e-02	7.528334e-02	-4.288366e-02	3.110346e-02	-6.805072e-03	1.261631e-02	-2.057583e-02	3.347293e-02	-2.749923e-02	2.647595e-03	-8.888122e-03	1.475515e-02	1.479494e-02	-2.644027e-02	1.099526e-01	-6.629333e-01	5.973075e-01	-5.126414e-01	1.000000e+00	-8.942609e-01	-4.529019e-02	5.099336e-02	-5.593311e-02	8.961639e-02	-1.570712e-01	
-5.585721e-02	-1.113821e-01	-1.822493e-02	1.611721e-02	6.650587e-03	-1.264489e-02	2.133566e-02	-3.364346e-02	2.812154e-02	1.752123e-02	-1.776475e-02	1.956637e-02	-5.245656e-03	1.029895e-02	1.592159e-01	2.939543e-01	-2.055909e-01	1.147120e-01	-8.942609e-01	1.000000e+00	-1.950609e-02	2.396096e-02	-2.527618e-02	-9.764306e-02	2.038829e-01	
5.354261e-02	-6.547606e-02	-4.072160e-01	3.163062e-01	3.536908e-02	-4.133550e-02	4.516125e-02	2.023111e-02	-3.444551e-02	2.085418e-01	-2.613278e-01	3.178769e-01	1.887794e-02	-1.048022e-01	2.370349e-01	1.533009e-01	-1.564115e-01	1.548016e-01	-4.529019e-02	-1.950609e-02	1.000000e+00	-9.827208e-01	9.146501e-01	-7.389956e-01	5.568364e-01	
-5.209719e-02	7.972604e-02	5.218816e-01	-4.041004e-01	-4.885352e-02	5.643980e-02	-6.106850e-02	-1.654579e-02	3.591462e-02	-2.688273e-01	3.367774e-01	-4.097149e-01	-1.938357e-02	1.286660e-01	-3.092733e-01	-1.746910e-01	1.811668e-01	-1.814352e-01	5.099336e-02	2.396096e-02	-9.827208e-01	1.000000e+00	-9.728904e-01	6.791814e-01	-4.844875e-01	
3.229735e-02	-8.574386e-02	-6.507115e-01	5.024080e-01	6.451108e-02	-7.408681e-02	7.984148e-02	1.011472e-02	-3.579481e-02	3.388531e-01	-4.242226e-01	5.162774e-01	1.667962e-02	-1.530507e-01	3.959077e-01	1.888857e-01	-1.989021e-01	2.014754e-01	-5.593311e-02	-2.527618e-02	9.146501e-01	-9.728904e-01	1.000000e+00	-5.589267e-01	3.572438e-01	
1.517891e-01	-1.163508e-01	-9.709699e-02	5.934860e-02	4.814180e-02	-5.026166e-02	4.972002e-02	-2.856918e-02	1.372678e-02	4.822385e-02	-5.860691e-02	6.684224e-02	1.299676e-02	-1.893348e-02	6.735267e-02	-2.783643e-02	1.730675e-02	-1.165721e-02	8.961639e-02	-9.764306e-02	-7.389956e-01	6.791814e-01	-5.589267e-01	1.000000e+00	-9.588792e-01	
-1.476771e-01	1.117556e-01	2.473136e-01	-1.738650e-01	-6.677723e-02	7.099362e-02	-7.128565e-02	2.534722e-02	-2.703606e-03	-1.308250e-01	1.618121e-01	-1.923644e-01	-1.371993e-02	5.378717e-02	-1.462919e-01	1.845781e-03	1.790416e-02	-2.966956e-02	-1.570712e-01	2.038829e-01	5.568364e-01	-4.844875e-01	3.572438e-01	-9.588792e-01	1.000000e+00	

Time taken for mcmc chain: 1.027500 hours
