Number of steps: 5350096
Number of accepted steps: 1000000
Burn-in number of steps: 320000
Accepted fraction of steps: 0.186913
Convergence Status
R[0]= 1.000439	R[1]= 1.002192	R[2]= 1.019925	R[3]= 1.023963	R[4]= 1.002914	R[5]= 1.003703	R[6]= 1.004508	R[7]= 1.000445	R[8]= 1.002130	R[9]= 1.004986	R[10]= 1.006496	R[11]= 1.008346	R[12]= 1.001159	R[13]= 1.000692	R[14]= 1.001693	R[15]= 1.008174	R[16]= 1.009069	R[17]= 1.009429	R[18]= 1.000679	R[19]= 1.001626	R[20]= 1.010509	R[21]= 1.013401	R[22]= 1.016711	R[23]= 1.001957	R[24]= 1.005121	
<R>= 1.006411

Mean parameters
A[0]= 9.035586e-01 pm 3.415809e-02
A[1]= 1.024512e+00 pm 3.192687e-02
A[2]= 7.016458e-01 pm 4.392540e-01
A[3]= 3.274127e+00 pm 1.153913e+00
A[4]= -2.870947e+03 pm 3.738547e+03
A[5]= 1.286923e+03 pm 2.439855e+03
A[6]= 1.232082e+02 pm 5.649171e+02
A[7]= 1.474986e+01 pm 1.271231e+01
A[8]= -2.668715e-01 pm 1.798737e-01
A[9]= -2.358399e+03 pm 8.121831e+03
A[10]= 1.015505e+03 pm 4.874379e+03
A[11]= -3.725674e+02 pm 1.019508e+03
A[12]= 1.020026e+01 pm 4.662875e+01
A[13]= -3.793477e-01 pm 9.158291e-01
A[14]= 4.754419e+00 pm 1.509396e+00
A[15]= -8.651536e+03 pm 5.281965e+03
A[16]= 5.704636e+03 pm 3.495168e+03
A[17]= -9.610900e+02 pm 8.170896e+02
A[18]= 1.322943e+01 pm 1.871781e+01
A[19]= -2.984433e-02 pm 2.632209e-01
A[20]= -1.900194e+03 pm 1.158114e+04
A[21]= 9.468730e+02 pm 7.091051e+03
A[22]= -5.570014e+02 pm 1.518579e+03
A[23]= -1.127609e+01 pm 6.526435e+01
A[24]= -4.787792e-02 pm 1.299435e+00

Best-fitting parameters
A[0]= 9.098221e-01
A[1]= 1.028576e+00
A[2]= 4.600138e-01
A[3]= 3.657038e+00
A[4]= -2.030568e+03
A[5]= 9.043757e+02
A[6]= 1.622246e+02
A[7]= 1.233409e+01
A[8]= -2.104617e-01
A[9]= -4.982841e+03
A[10]= 2.384137e+03
A[11]= -5.491928e+02
A[12]= 4.515216e+01
A[13]= -1.063038e+00
A[14]= 5.900861e+00
A[15]= -9.011590e+03
A[16]= 6.268364e+03
A[17]= -1.185640e+03
A[18]= 1.004510e+01
A[19]= 3.795196e-02
A[20]= -4.930552e+03
A[21]= 2.463498e+03
A[22]= -7.552001e+02
A[23]= 3.479550e+01
A[24]= -9.449817e-01
chi2_min= 8.950795e+01


Cross-Covariance parameters
1.000000e+00	-5.193352e-01	-1.305345e-01	6.211719e-02	4.003464e-02	-4.089355e-02	3.420735e-02	4.346508e-02	-3.621798e-02	-9.174584e-03	2.569765e-02	-6.257676e-02	1.224833e-01	-8.427818e-02	5.385622e-02	8.789844e-02	-8.735806e-02	7.845399e-02	2.235930e-02	-3.475496e-02	8.774975e-03	6.203374e-03	-4.150094e-02	1.370608e-01	-1.062256e-01	
-5.193352e-01	1.000000e+00	9.098657e-02	-1.434746e-01	-1.421363e-03	5.229222e-03	-1.855780e-02	1.364471e-01	-1.351008e-01	5.276230e-02	-6.827911e-02	9.618310e-02	-8.968854e-02	2.107482e-02	-1.720598e-01	-2.072303e-02	2.540970e-02	-3.729453e-02	1.679068e-01	-1.507321e-01	1.381267e-02	-2.807554e-02	5.858588e-02	-6.352556e-02	1.589324e-02	
-1.305345e-01	9.098657e-02	1.000000e+00	-6.727170e-01	-1.790770e-02	2.901872e-02	-3.000367e-02	-7.740226e-02	7.043297e-02	-4.034223e-01	5.138890e-01	-6.420003e-01	-1.440400e-01	2.841854e-01	-5.900290e-01	-2.363816e-01	2.595140e-01	-2.667306e-01	-4.739771e-02	1.391966e-01	-4.663877e-01	5.786114e-01	-7.014094e-01	-1.977395e-01	3.583869e-01	
6.211719e-02	-1.434746e-01	-6.727170e-01	1.000000e+00	-5.391930e-01	5.911486e-01	-6.304991e-01	1.235404e-01	1.587799e-01	1.919215e-01	-2.415660e-01	3.063363e-01	2.359256e-02	-6.279077e-02	4.133325e-01	1.571914e-01	-1.745015e-01	1.829615e-01	9.093368e-03	-7.312659e-02	3.109129e-01	-3.872789e-01	4.705435e-01	1.301854e-01	-2.352372e-01	
4.003464e-02	-1.421363e-03	-1.790770e-02	-5.391930e-01	1.000000e+00	-9.850669e-01	9.435150e-01	-5.922664e-01	1.932368e-01	7.944154e-02	-1.220027e-01	1.652908e-01	1.122553e-01	-1.130723e-01	2.310876e-02	-8.054906e-03	7.639573e-03	-7.843972e-03	1.039032e-02	-5.687569e-03	1.890102e-02	-1.905998e-02	1.798369e-02	-5.465075e-03	3.431779e-03	
-4.089355e-02	5.229222e-03	2.901872e-02	5.911486e-01	-9.850669e-01	1.000000e+00	-9.859964e-01	5.299490e-01	-1.179523e-01	-9.198787e-02	1.391137e-01	-1.872516e-01	-1.275803e-01	1.427480e-01	-3.017854e-02	3.590021e-03	-3.302269e-03	3.800707e-03	-8.309570e-03	5.657349e-03	-2.340474e-02	2.476719e-02	-2.510365e-02	2.119480e-03	1.639596e-03	
3.420735e-02	-1.855780e-02	-3.000367e-02	-6.304991e-01	9.435150e-01	-9.859964e-01	1.000000e+00	-4.605137e-01	5.067511e-02	1.032325e-01	-1.521928e-01	2.020205e-01	1.296276e-01	-1.550166e-01	3.301478e-02	-2.065443e-03	1.890102e-03	-2.230083e-03	2.157014e-03	-9.231358e-04	2.179803e-02	-2.344303e-02	2.426854e-02	-5.821956e-04	-2.883105e-03	
4.346508e-02	1.364471e-01	-7.740226e-02	1.235404e-01	-5.922664e-01	5.299490e-01	-4.605137e-01	1.000000e+00	-8.862901e-01	1.253328e-01	-1.125315e-01	8.858109e-02	-4.018238e-02	-1.323225e-01	3.023979e-03	4.803081e-02	-4.811901e-02	4.337046e-02	3.533298e-02	-4.952383e-02	2.693264e-02	-3.830635e-02	5.295908e-02	3.901655e-02	-5.491321e-02	
-3.621798e-02	-1.351008e-01	7.043297e-02	1.587799e-01	1.932368e-01	-1.179523e-01	5.067511e-02	-8.862901e-01	1.000000e+00	-1.804341e-01	1.855522e-01	-1.769480e-01	-2.698827e-03	2.213528e-01	-5.041107e-03	-4.427069e-02	4.379341e-02	-3.872906e-02	-3.158826e-02	4.510232e-02	-3.054561e-02	4.050693e-02	-5.356767e-02	-2.970290e-02	4.479708e-02	
-9.174584e-03	5.276230e-02	-4.034223e-01	1.919215e-01	7.944154e-02	-9.198787e-02	1.032325e-01	1.253328e-01	-1.804341e-01	1.000000e+00	-9.838927e-01	9.200493e-01	-7.234534e-01	5.256345e-01	2.458636e-01	8.243323e-02	-9.095787e-02	9.320117e-02	3.861563e-02	-7.022844e-02	2.065527e-01	-2.529206e-01	3.047033e-01	6.524086e-02	-1.399398e-01	
2.569765e-02	-6.827911e-02	5.138890e-01	-2.415660e-01	-1.220027e-01	1.391137e-01	-1.521928e-01	-1.125315e-01	1.855522e-01	-9.838927e-01	1.000000e+00	-9.744946e-01	6.682110e-01	-4.628493e-01	-3.104571e-01	-1.086123e-01	1.199057e-01	-1.231585e-01	-4.442731e-02	8.702888e-02	-2.586182e-01	3.190295e-01	-3.870458e-01	-8.510508e-02	1.793627e-01	
-6.257676e-02	9.618310e-02	-6.420003e-01	3.063363e-01	1.652908e-01	-1.872516e-01	2.020205e-01	8.858109e-02	-1.769480e-01	9.200493e-01	-9.744946e-01	1.000000e+00	-5.564994e-01	3.513030e-01	3.850760e-01	1.384865e-01	-1.530135e-01	1.575465e-01	5.037635e-02	-1.057519e-01	3.193540e-01	-3.966815e-01	4.845668e-01	1.063155e-01	-2.240028e-01	
1.224833e-01	-8.968854e-02	-1.440400e-01	2.359256e-02	1.122553e-01	-1.275803e-01	1.296276e-01	-4.018238e-02	-2.698827e-03	-7.234534e-01	6.682110e-01	-5.564994e-01	1.000000e+00	-9.464291e-01	7.302568e-02	4.900622e-02	-5.366600e-02	5.489527e-02	-1.497149e-03	-1.592444e-02	5.575539e-02	-6.930191e-02	8.221056e-02	4.215084e-02	-5.428945e-02	
-8.427818e-02	2.107482e-02	2.841854e-01	-6.279077e-02	-1.130723e-01	1.427480e-01	-1.550166e-01	-1.323225e-01	2.213528e-01	5.256345e-01	-4.628493e-01	3.513030e-01	-9.464291e-01	1.000000e+00	-1.462255e-01	-8.358668e-02	9.173888e-02	-9.365170e-02	-1.619595e-02	4.681050e-02	-1.290871e-01	1.602206e-01	-1.940174e-01	-6.399300e-02	1.043172e-01	
5.385622e-02	-1.720598e-01	-5.900290e-01	4.133325e-01	2.310876e-02	-3.017854e-02	3.301478e-02	3.023979e-03	-5.041107e-03	2.458636e-01	-3.104571e-01	3.850760e-01	7.302568e-02	-1.462255e-01	1.000000e+00	-4.346165e-01	4.839529e-01	-5.236883e-01	1.351469e-02	2.061855e-01	1.594914e-01	-2.055994e-01	2.632389e-01	2.931682e-02	-6.735839e-02	
8.789844e-02	-2.072303e-02	-2.363816e-01	1.571914e-01	-8.054906e-03	3.590021e-03	-2.065443e-03	4.803081e-02	-4.427069e-02	8.243323e-02	-1.086123e-01	1.384865e-01	4.900622e-02	-8.358668e-02	-4.346165e-01	1.000000e+00	-9.850284e-01	9.441153e-01	-5.086752e-01	1.266593e-01	2.575477e-01	-3.069371e-01	3.522823e-01	1.113160e-01	-1.771747e-01	
-8.735806e-02	2.540970e-02	2.595140e-01	-1.745015e-01	7.639573e-03	-3.302269e-03	1.890102e-03	-4.811901e-02	4.379341e-02	-9.095787e-02	1.199057e-01	-1.530135e-01	-5.366600e-02	9.173888e-02	4.839529e-01	-9.850284e-01	1.000000e+00	-9.863544e-01	4.341333e-01	-4.056272e-02	-2.747444e-01	3.300998e-01	-3.814694e-01	-1.326139e-01	2.107250e-01	
7.845399e-02	-3.729453e-02	-2.667306e-01	1.829615e-01	-7.843972e-03	3.800707e-03	-2.230083e-03	4.337046e-02	-3.872906e-02	9.320117e-02	-1.231585e-01	1.575465e-01	5.489527e-02	-9.365170e-02	-5.236883e-01	9.441153e-01	-9.863544e-01	1.000000e+00	-3.554350e-01	-3.626985e-02	2.809336e-01	-3.397906e-01	3.948277e-01	1.448250e-01	-2.301262e-01	
2.235930e-02	1.679068e-01	-4.739771e-02	9.093368e-03	1.039032e-02	-8.309570e-03	2.157014e-03	3.533298e-02	-3.158826e-02	3.861563e-02	-4.442731e-02	5.037635e-02	-1.497149e-03	-1.619595e-02	1.351469e-02	-5.086752e-01	4.341333e-01	-3.554350e-01	1.000000e+00	-9.034820e-01	6.178731e-03	-5.650491e-03	5.691631e-03	8.598187e-02	-1.698428e-01	
-3.475496e-02	-1.507321e-01	1.391966e-01	-7.312659e-02	-5.687569e-03	5.657349e-03	-9.231358e-04	-4.952383e-02	4.510232e-02	-7.022844e-02	8.702888e-02	-1.057519e-01	-1.592444e-02	4.681050e-02	2.061855e-01	1.266593e-01	-4.056272e-02	-3.626985e-02	-9.034820e-01	1.000000e+00	-1.161953e-01	1.365590e-01	-1.550704e-01	-1.467666e-01	2.785801e-01	
8.774975e-03	1.381267e-02	-4.663877e-01	3.109129e-01	1.890102e-02	-2.340474e-02	2.179803e-02	2.693264e-02	-3.054561e-02	2.065527e-01	-2.586182e-01	3.193540e-01	5.575539e-02	-1.290871e-01	1.594914e-01	2.575477e-01	-2.747444e-01	2.809336e-01	6.178731e-03	-1.161953e-01	1.000000e+00	-9.842159e-01	9.231294e-01	-6.452638e-01	4.478327e-01	
6.203374e-03	-2.807554e-02	5.786114e-01	-3.872789e-01	-1.905998e-02	2.476719e-02	-2.344303e-02	-3.830635e-02	4.050693e-02	-2.529206e-01	3.190295e-01	-3.966815e-01	-6.930191e-02	1.602206e-01	-2.055994e-01	-3.069371e-01	3.300998e-01	-3.397906e-01	-5.650491e-03	1.365590e-01	-9.842159e-01	1.000000e+00	-9.759169e-01	5.736611e-01	-3.663455e-01	
-4.150094e-02	5.858588e-02	-7.014094e-01	4.705435e-01	1.798369e-02	-2.510365e-02	2.426854e-02	5.295908e-02	-5.356767e-02	3.047033e-01	-3.870458e-01	4.845668e-01	8.221056e-02	-1.940174e-01	2.632389e-01	3.522823e-01	-3.814694e-01	3.948277e-01	5.691631e-03	-1.550704e-01	9.231294e-01	-9.759169e-01	1.000000e+00	-4.493332e-01	2.384196e-01	
1.370608e-01	-6.352556e-02	-1.977395e-01	1.301854e-01	-5.465075e-03	2.119480e-03	-5.821956e-04	3.901655e-02	-2.970290e-02	6.524086e-02	-8.510508e-02	1.063155e-01	4.215084e-02	-6.399300e-02	2.931682e-02	1.113160e-01	-1.326139e-01	1.448250e-01	8.598187e-02	-1.467666e-01	-6.452638e-01	5.736611e-01	-4.493332e-01	1.000000e+00	-9.598426e-01	
-1.062256e-01	1.589324e-02	3.583869e-01	-2.352372e-01	3.431779e-03	1.639596e-03	-2.883105e-03	-5.491321e-02	4.479708e-02	-1.399398e-01	1.793627e-01	-2.240028e-01	-5.428945e-02	1.043172e-01	-6.735839e-02	-1.771747e-01	2.107250e-01	-2.301262e-01	-1.698428e-01	2.785801e-01	4.478327e-01	-3.663455e-01	2.384196e-01	-9.598426e-01	1.000000e+00	

Time taken for mcmc chain: 36.750000 minutes
