Number of steps: 6033788
Number of accepted steps: 1000000
Burn-in number of steps: 320000
Accepted fraction of steps: 0.165733
Convergence Status
R[0]= 1.013407	R[1]= 1.012480	R[2]= 1.035209	R[3]= 1.035384	R[4]= 1.012383	R[5]= 1.014642	R[6]= 1.016693	R[7]= 1.002402	R[8]= 1.001226	R[9]= 1.000706	R[10]= 1.001385	R[11]= 1.002794	R[12]= 1.001855	R[13]= 1.002495	R[14]= 1.013942	R[15]= 1.001981	R[16]= 1.002122	R[17]= 1.002263	R[18]= 1.001001	R[19]= 1.000394	R[20]= 1.004258	R[21]= 1.006513	R[22]= 1.009867	R[23]= 1.001617	R[24]= 1.002944	
<R>= 1.007998

Mean parameters
A[0]= 9.078774e-01 pm 3.585476e-02
A[1]= 1.018727e+00 pm 3.339542e-02
A[2]= 7.346409e-01 pm 4.911543e-01
A[3]= 3.169465e+00 pm 1.187569e+00
A[4]= -2.125351e+03 pm 3.634501e+03
A[5]= 8.387243e+02 pm 2.368219e+03
A[6]= 2.122326e+02 pm 5.477849e+02
A[7]= 1.227517e+01 pm 1.244944e+01
A[8]= -2.412766e-01 pm 1.754254e-01
A[9]= -4.456934e+03 pm 7.965261e+03
A[10]= 2.119657e+03 pm 4.789838e+03
A[11]= -5.595497e+02 pm 1.007270e+03
A[12]= 2.190466e+01 pm 4.621684e+01
A[13]= -5.640732e-01 pm 9.101187e-01
A[14]= 4.789110e+00 pm 1.716643e+00
A[15]= -8.032727e+03 pm 5.206712e+03
A[16]= 5.470214e+03 pm 3.431822e+03
A[17]= -9.424918e+02 pm 8.013590e+02
A[18]= 1.198947e+01 pm 1.870474e+01
A[19]= -1.671897e-02 pm 2.610942e-01
A[20]= 2.087178e+02 pm 1.117159e+04
A[21]= -1.759806e+02 pm 6.776400e+03
A[22]= -3.662696e+02 pm 1.437957e+03
A[23]= -2.384188e+01 pm 6.420520e+01
A[24]= 1.872505e-01 pm 1.268127e+00

Best-fitting parameters
A[0]= 9.262288e-01
A[1]= 1.001887e+00
A[2]= 2.740138e-01
A[3]= 4.374370e+00
A[4]= -3.360314e+03
A[5]= 1.673634e+03
A[6]= 7.720945e+00
A[7]= 1.676613e+01
A[8]= -2.610579e-01
A[9]= -2.023661e+03
A[10]= 1.434366e+02
A[11]= -6.654703e+00
A[12]= 2.891287e+01
A[13]= -7.465011e-01
A[14]= 5.977942e+00
A[15]= -7.046332e+03
A[16]= 4.772357e+03
A[17]= -7.834617e+02
A[18]= 7.213480e+00
A[19]= 1.512973e-02
A[20]= 3.716734e+03
A[21]= -2.879719e+03
A[22]= 3.854578e+02
A[23]= 1.227001e-01
A[24]= -4.520212e-01
chi2_min= 9.745966e+01


Cross-Covariance parameters
1.000000e+00	-5.541220e-01	-1.794614e-01	1.149830e-01	2.056565e-02	-1.875611e-02	9.282622e-03	6.751252e-02	-4.572125e-02	2.289003e-02	-8.945128e-03	-2.545955e-02	1.105146e-01	-8.084432e-02	8.805334e-02	7.507328e-02	-7.542825e-02	6.663882e-02	4.489783e-02	-5.193523e-02	2.452730e-02	-1.283711e-02	-2.299335e-02	1.470065e-01	-1.215367e-01	
-5.541220e-01	1.000000e+00	2.643603e-01	-2.434293e-01	5.104406e-03	6.167226e-04	-1.227445e-02	1.095955e-01	-1.177763e-01	-3.670964e-02	3.321457e-02	-1.949202e-02	-8.366285e-02	4.121512e-02	-2.668001e-01	-3.192674e-02	3.111348e-02	-3.515249e-02	1.426221e-01	-1.274566e-01	-3.415028e-02	3.754906e-02	-2.595555e-02	-1.129385e-01	8.751956e-02	
-1.794614e-01	2.643603e-01	1.000000e+00	-7.068545e-01	1.862450e-02	-4.087917e-03	-1.200839e-03	-6.925447e-02	4.522474e-02	-4.225788e-01	5.331043e-01	-6.577125e-01	-1.330766e-01	2.688507e-01	-6.993663e-01	-2.473071e-02	2.909195e-02	-2.661801e-02	-5.341502e-02	4.780046e-02	-3.950274e-01	5.072339e-01	-6.341892e-01	-1.926213e-01	3.302764e-01	
1.149830e-01	-2.434293e-01	-7.068545e-01	1.000000e+00	-5.283217e-01	5.777683e-01	-6.146984e-01	1.135968e-01	1.662365e-01	2.409501e-01	-2.957147e-01	3.628877e-01	1.548494e-02	-5.887822e-02	5.316404e-01	7.851868e-03	-1.119652e-02	1.069551e-02	2.096572e-02	-1.269800e-02	2.901063e-01	-3.704424e-01	4.616049e-01	1.348698e-01	-2.335954e-01	
2.056565e-02	5.104406e-03	1.862450e-02	-5.283217e-01	1.000000e+00	-9.842159e-01	9.404657e-01	-6.017741e-01	2.063070e-01	4.079565e-02	-8.067831e-02	1.230911e-01	1.310824e-01	-1.294947e-01	-2.971526e-02	2.652434e-02	-2.935205e-02	3.175881e-02	1.092670e-02	-2.613624e-02	4.646482e-03	-4.398712e-03	3.572286e-03	6.960161e-03	-7.878351e-03	
-1.875611e-02	6.167226e-04	-4.087917e-03	5.777683e-01	-9.842159e-01	1.000000e+00	-9.852824e-01	5.401371e-01	-1.303100e-01	-5.153178e-02	9.735063e-02	-1.462237e-01	-1.490117e-01	1.621913e-01	2.389264e-02	-3.500746e-02	3.768316e-02	-3.980936e-02	-5.518506e-03	2.406007e-02	-6.331688e-03	8.749247e-03	-1.128969e-02	-1.363425e-02	1.595259e-02	
9.282622e-03	-1.227445e-02	-1.200839e-03	-6.146984e-01	9.404657e-01	-9.852824e-01	1.000000e+00	-4.700830e-01	6.193139e-02	6.177762e-02	-1.106941e-01	1.627519e-01	1.529142e-01	-1.767173e-01	-2.179627e-02	4.121872e-02	-4.373349e-02	4.588474e-02	-3.219609e-03	-1.829161e-02	4.250731e-03	-8.265402e-03	1.300202e-02	1.707048e-02	-1.936454e-02	
6.751252e-02	1.095955e-01	-6.925447e-02	1.135968e-01	-6.017741e-01	5.401371e-01	-4.700830e-01	1.000000e+00	-8.857719e-01	1.164111e-01	-1.036476e-01	7.817360e-02	-4.839116e-02	-1.132820e-01	1.100347e-02	1.456235e-02	-1.393968e-02	9.705880e-03	4.428713e-02	-4.380419e-02	1.843071e-02	-2.694724e-02	3.623062e-02	3.105786e-02	-4.455233e-02	
-4.572125e-02	-1.177763e-01	4.522474e-02	1.662365e-01	2.063070e-01	-1.303100e-01	6.193139e-02	-8.857719e-01	1.000000e+00	-1.520662e-01	1.563885e-01	-1.466090e-01	-2.410195e-03	2.092339e-01	1.398007e-02	-2.758765e-02	2.832281e-02	-2.578091e-02	-4.021662e-02	4.875562e-02	-1.163667e-02	1.968291e-02	-2.876326e-02	-2.961680e-02	4.151416e-02	
2.289003e-02	-3.670964e-02	-4.225788e-01	2.409501e-01	4.079565e-02	-5.153178e-02	6.177762e-02	1.164111e-01	-1.520662e-01	1.000000e+00	-9.828620e-01	9.155644e-01	-7.198613e-01	5.278591e-01	2.705062e-01	4.402127e-02	-4.791288e-02	4.708260e-02	2.980237e-02	-4.073989e-02	1.926747e-01	-2.434370e-01	3.021720e-01	7.708820e-02	-1.463518e-01	
-8.945128e-03	3.321457e-02	5.331043e-01	-2.957147e-01	-8.067831e-02	9.735063e-02	-1.106941e-01	-1.036476e-01	1.563885e-01	-9.828620e-01	1.000000e+00	-9.732179e-01	6.603324e-01	-4.602182e-01	-3.479269e-01	-5.042817e-02	5.514591e-02	-5.441500e-02	-3.740146e-02	5.036999e-02	-2.401261e-01	3.061103e-01	-3.832074e-01	-9.867318e-02	1.869414e-01	
-2.545955e-02	-1.949202e-02	-6.577125e-01	3.628877e-01	1.230911e-01	-1.462237e-01	1.627519e-01	7.817360e-02	-1.466090e-01	9.155644e-01	-9.732179e-01	1.000000e+00	-5.421350e-01	3.418067e-01	4.370741e-01	5.518989e-02	-6.083043e-02	6.043490e-02	4.484980e-02	-5.924830e-02	2.927616e-01	-3.767777e-01	4.761166e-01	1.219710e-01	-2.321966e-01	
1.105146e-01	-8.366285e-02	-1.330766e-01	1.548494e-02	1.310824e-01	-1.490117e-01	1.529142e-01	-4.839116e-02	-2.410195e-03	-7.198613e-01	6.603324e-01	-5.421350e-01	1.000000e+00	-9.484604e-01	1.073381e-01	-3.956633e-03	4.058796e-03	-4.412950e-03	8.788378e-03	-5.016632e-03	3.357596e-02	-4.803464e-02	6.310127e-02	4.756773e-02	-5.814583e-02	
-8.084432e-02	4.121512e-02	2.688507e-01	-5.887822e-02	-1.294947e-01	1.621913e-01	-1.767173e-01	-1.132820e-01	2.092339e-01	5.278591e-01	-4.602182e-01	3.418067e-01	-9.484604e-01	1.000000e+00	-1.892962e-01	-1.018428e-02	1.125545e-02	-1.048735e-02	-2.440545e-02	2.464860e-02	-9.670515e-02	1.297226e-01	-1.674191e-01	-7.074707e-02	1.069759e-01	
8.805334e-02	-2.668001e-01	-6.993663e-01	5.316404e-01	-2.971526e-02	2.389264e-02	-2.179627e-02	1.100347e-02	1.398007e-02	2.705062e-01	-3.479269e-01	4.370741e-01	1.073381e-01	-1.892962e-01	1.000000e+00	-4.987682e-01	5.548598e-01	-5.967446e-01	3.247084e-02	2.156159e-01	1.515223e-01	-2.106940e-01	2.859791e-01	9.033511e-02	-1.344260e-01	
7.507328e-02	-3.192674e-02	-2.473071e-02	7.851868e-03	2.652434e-02	-3.500746e-02	4.121872e-02	1.456235e-02	-2.758765e-02	4.402127e-02	-5.042817e-02	5.518989e-02	-3.956633e-03	-1.018428e-02	-4.987682e-01	1.000000e+00	-9.845498e-01	9.421363e-01	-5.352137e-01	1.611243e-01	2.006272e-01	-2.339902e-01	2.600463e-01	3.849840e-02	-7.840214e-02	
-7.542825e-02	3.111348e-02	2.909195e-02	-1.119652e-02	-2.935205e-02	3.768316e-02	-4.373349e-02	-1.393968e-02	2.832281e-02	-4.791288e-02	5.514591e-02	-6.083043e-02	4.058796e-03	1.125545e-02	5.548598e-01	-9.845498e-01	1.000000e+00	-9.858313e-01	4.613642e-01	-7.439323e-02	-2.136307e-01	2.516855e-01	-2.824524e-01	-5.486089e-02	1.059047e-01	
6.663882e-02	-3.515249e-02	-2.661801e-02	1.069551e-02	3.175881e-02	-3.980936e-02	4.588474e-02	9.705880e-03	-2.578091e-02	4.708260e-02	-5.441500e-02	6.043490e-02	-4.412950e-03	-1.048735e-02	-5.967446e-01	9.421363e-01	-9.858313e-01	1.000000e+00	-3.808469e-01	-5.458318e-03	2.177581e-01	-2.589265e-01	2.931659e-01	6.527009e-02	-1.235079e-01	
4.489783e-02	1.426221e-01	-5.341502e-02	2.096572e-02	1.092670e-02	-5.518506e-03	-3.219609e-03	4.428713e-02	-4.021662e-02	2.980237e-02	-3.740146e-02	4.484980e-02	8.788378e-03	-2.440545e-02	3.247084e-02	-5.352137e-01	4.613642e-01	-3.808469e-01	1.000000e+00	-9.049760e-01	2.725929e-03	-1.894400e-03	1.576337e-03	8.991115e-02	-1.754333e-01	
-5.193523e-02	-1.274566e-01	4.780046e-02	-1.269800e-02	-2.613624e-02	2.406007e-02	-1.829161e-02	-4.380419e-02	4.875562e-02	-4.073989e-02	5.036999e-02	-5.924830e-02	-5.016632e-03	2.464860e-02	2.156159e-01	1.611243e-01	-7.439323e-02	-5.458318e-03	-9.049760e-01	1.000000e+00	-8.709697e-02	9.964334e-02	-1.087790e-01	-1.197259e-01	2.435651e-01	
2.452730e-02	-3.415028e-02	-3.950274e-01	2.901063e-01	4.646482e-03	-6.331688e-03	4.250731e-03	1.843071e-02	-1.163667e-02	1.926747e-01	-2.401261e-01	2.927616e-01	3.357596e-02	-9.670515e-02	1.515223e-01	2.006272e-01	-2.136307e-01	2.177581e-01	2.725929e-03	-8.709697e-02	1.000000e+00	-9.832519e-01	9.170596e-01	-6.836752e-01	4.992699e-01	
-1.283711e-02	3.754906e-02	5.072339e-01	-3.704424e-01	-4.398712e-03	8.749247e-03	-8.265402e-03	-2.694724e-02	1.968291e-02	-2.434370e-01	3.061103e-01	-3.767777e-01	-4.803464e-02	1.297226e-01	-2.106940e-01	-2.339902e-01	2.516855e-01	-2.589265e-01	-1.894400e-03	9.964334e-02	-9.832519e-01	1.000000e+00	-9.735688e-01	6.181593e-01	-4.238616e-01	
-2.299335e-02	-2.595555e-02	-6.341892e-01	4.616049e-01	3.572286e-03	-1.128969e-02	1.300202e-02	3.623062e-02	-2.876326e-02	3.021720e-01	-3.832074e-01	4.761166e-01	6.310127e-02	-1.674191e-01	2.859791e-01	2.600463e-01	-2.824524e-01	2.931659e-01	1.576337e-03	-1.087790e-01	9.170596e-01	-9.735688e-01	1.000000e+00	-4.952902e-01	2.971919e-01	
1.470065e-01	-1.129385e-01	-1.926213e-01	1.348698e-01	6.960161e-03	-1.363425e-02	1.707048e-02	3.105786e-02	-2.961680e-02	7.708820e-02	-9.867318e-02	1.219710e-01	4.756773e-02	-7.074707e-02	9.033511e-02	3.849840e-02	-5.486089e-02	6.527009e-02	8.991115e-02	-1.197259e-01	-6.836752e-01	6.181593e-01	-4.952902e-01	1.000000e+00	-9.609136e-01	
-1.215367e-01	8.751956e-02	3.302764e-01	-2.335954e-01	-7.878351e-03	1.595259e-02	-1.936454e-02	-4.455233e-02	4.151416e-02	-1.463518e-01	1.869414e-01	-2.321966e-01	-5.814583e-02	1.069759e-01	-1.344260e-01	-7.840214e-02	1.059047e-01	-1.235079e-01	-1.754333e-01	2.435651e-01	4.992699e-01	-4.238616e-01	2.971919e-01	-9.609136e-01	1.000000e+00	

Time taken for mcmc chain: 43.683333 minutes
