Number of steps: 1093072
Number of accepted steps: 1000000
Burn-in number of steps: 320000
Accepted fraction of steps: 0.914853
Convergence Status
R[0]= 1.098965	R[1]= 1.086235	R[2]= 1.013210	R[3]= 1.060985	R[4]= 1.083544	R[5]= 1.081731	R[6]= 1.088873	R[7]= 1.062575	R[8]= 1.056042	R[9]= 1.127751	R[10]= 1.139822	R[11]= 1.144623	R[12]= 1.153477	R[13]= 1.142534	R[14]= 1.217293	R[15]= 1.076424	R[16]= 1.101647	R[17]= 1.123847	R[18]= 1.151166	R[19]= 1.261544	R[20]= 1.026378	R[21]= 1.025442	R[22]= 1.024037	R[23]= 1.038185	R[24]= 1.028334	
<R>= 1.096587

Mean parameters
A[0]= 8.962526e-01 pm 3.065798e-02
A[1]= 1.011731e+00 pm 2.426130e-02
A[2]= 5.034122e-01 pm 2.365864e-01
A[3]= 3.828964e+00 pm 8.453011e-01
A[4]= -2.700740e+03 pm 3.225500e+03
A[5]= 1.437671e+03 pm 2.123965e+03
A[6]= 3.054901e+01 pm 4.917038e+02
A[7]= 1.150152e+01 pm 1.176285e+01
A[8]= -1.863331e-01 pm 1.716920e-01
A[9]= -1.403099e+03 pm 7.547756e+03
A[10]= 2.175234e+02 pm 4.356519e+03
A[11]= -1.449989e+02 pm 8.512440e+02
A[12]= 7.214684e+00 pm 4.454184e+01
A[13]= -2.532896e-01 pm 8.185932e-01
A[14]= 5.446154e+00 pm 1.186922e+00
A[15]= -9.745719e+03 pm 4.360463e+03
A[16]= 6.419667e+03 pm 2.778217e+03
A[17]= -1.121659e+03 pm 6.366585e+02
A[18]= 1.682126e+01 pm 1.829725e+01
A[19]= -5.727935e-02 pm 2.702201e-01
A[20]= -2.392692e+03 pm 9.939850e+03
A[21]= 1.048325e+03 pm 5.874222e+03
A[22]= -4.864363e+02 pm 1.185269e+03
A[23]= 1.610416e+01 pm 6.097922e+01
A[24]= -6.124320e-01 pm 1.124439e+00

Best-fitting parameters
A[0]= 8.961819e-01
A[1]= 1.009028e+00
A[2]= 4.276236e-01
A[3]= 4.495932e+00
A[4]= -4.819451e+03
A[5]= 2.882849e+03
A[6]= -3.168875e+02
A[7]= 1.848376e+01
A[8]= -2.629382e-01
A[9]= -6.017113e+02
A[10]= -5.341418e+02
A[11]= 6.518746e+01
A[12]= -7.668739e+00
A[13]= -1.898046e-02
A[14]= 5.845722e+00
A[15]= -8.087776e+03
A[16]= 5.701861e+03
A[17]= -1.046086e+03
A[18]= 8.318939e+00
A[19]= 6.681993e-02
A[20]= -5.831002e+03
A[21]= 2.478004e+03
A[22]= -5.965793e+02
A[23]= 2.580176e+01
A[24]= -5.958945e-01
chi2_min= 9.883990e+01


Cross-Covariance parameters
1.000000e+00	-5.879496e-01	-2.116456e-01	1.168629e-01	-2.834829e-02	2.301429e-02	-1.314212e-02	1.014471e-01	-9.711593e-02	8.989383e-02	-7.856016e-02	4.185280e-02	-3.354797e-02	5.011977e-02	-9.650555e-03	2.259760e-01	-2.230096e-01	2.079415e-01	-1.167901e-02	-3.247658e-02	-9.243793e-02	1.097610e-01	-1.382501e-01	3.077146e-01	-2.706593e-01	
-5.879496e-01	1.000000e+00	7.462482e-02	-1.962620e-01	1.254960e-01	-1.075431e-01	7.604156e-02	-2.130790e-03	-1.399826e-02	1.119240e-01	-1.355155e-01	1.711344e-01	-1.237556e-01	8.158514e-02	-3.194191e-02	-2.146101e-01	2.234366e-01	-2.308401e-01	2.789094e-01	-2.155928e-01	1.596398e-01	-1.746700e-01	2.056779e-01	-2.667240e-01	1.944408e-01	
-2.116456e-01	7.462482e-02	1.000000e+00	-4.335941e-01	-2.208305e-01	2.344820e-01	-2.398388e-01	-4.187418e-02	1.467203e-01	-3.096912e-01	4.111368e-01	-5.414795e-01	-1.428947e-01	2.648203e-01	-4.473352e-01	-2.340703e-01	2.596706e-01	-2.671344e-01	5.789993e-02	-1.751377e-02	-2.209612e-01	3.355093e-01	-4.809436e-01	-1.395332e-01	2.053399e-01	
1.168629e-01	-1.962620e-01	-4.335941e-01	1.000000e+00	-5.479363e-01	6.215525e-01	-6.744723e-01	1.041905e-01	1.173624e-01	7.139754e-02	-8.601922e-02	1.081626e-01	-3.081335e-02	2.179572e-02	3.458773e-01	-8.872575e-02	6.909737e-02	-5.446149e-02	2.838909e-02	-8.784459e-03	9.040925e-02	-1.436925e-01	2.034160e-01	-1.397756e-03	-5.404561e-03	
-2.834829e-02	1.254960e-01	-2.208305e-01	-5.479363e-01	1.000000e+00	-9.845776e-01	9.408457e-01	-6.118715e-01	2.711805e-01	7.066008e-02	-1.329287e-01	2.138008e-01	1.338458e-01	-1.197572e-01	9.320390e-02	1.541396e-01	-1.441720e-01	1.320096e-01	-1.561979e-01	1.191146e-01	4.525927e-02	-6.660130e-02	9.974330e-02	9.574425e-02	-1.340716e-01	
2.301429e-02	-1.075431e-01	2.344820e-01	6.215525e-01	-9.845776e-01	1.000000e+00	-9.852064e-01	5.497913e-01	-2.014121e-01	-7.180006e-02	1.366537e-01	-2.211709e-01	-1.572762e-01	1.551497e-01	-5.151523e-02	-1.979645e-01	1.910479e-01	-1.803731e-01	1.469606e-01	-9.773945e-02	-4.806315e-02	7.134867e-02	-1.068687e-01	-1.066686e-01	1.476110e-01	
-1.314212e-02	7.604156e-02	-2.398388e-01	-6.744723e-01	9.408457e-01	-9.852064e-01	1.000000e+00	-4.793538e-01	1.381200e-01	7.329823e-02	-1.385948e-01	2.236590e-01	1.711842e-01	-1.783144e-01	1.569949e-02	2.336213e-01	-2.298902e-01	2.209039e-01	-1.420891e-01	8.331410e-02	4.905280e-02	-7.353607e-02	1.099689e-01	1.136004e-01	-1.543049e-01	
1.014471e-01	-2.130790e-03	-4.187418e-02	1.041905e-01	-6.118715e-01	5.497913e-01	-4.793538e-01	1.000000e+00	-9.072394e-01	1.729820e-01	-1.475140e-01	1.009034e-01	-9.752184e-02	-9.731689e-02	-1.054718e-01	4.025760e-02	-5.274452e-02	6.132933e-02	1.568706e-01	-1.455897e-01	3.631052e-02	-3.538162e-02	3.976131e-02	-1.520491e-02	2.172895e-02	
-9.711593e-02	-1.399826e-02	1.467203e-01	1.173624e-01	2.711805e-01	-2.014121e-01	1.381200e-01	-9.072394e-01	1.000000e+00	-2.715359e-01	2.704541e-01	-2.500074e-01	9.775782e-02	1.456573e-01	8.684998e-02	-1.332709e-01	1.443250e-01	-1.494880e-01	-8.734742e-02	9.930448e-02	-6.630446e-02	7.265216e-02	-9.037187e-02	-2.597788e-02	3.315289e-02	
8.989383e-02	1.119240e-01	-3.096912e-01	7.139754e-02	7.066008e-02	-7.180006e-02	7.329823e-02	1.729820e-01	-2.715359e-01	1.000000e+00	-9.861859e-01	9.288978e-01	-8.032775e-01	6.370360e-01	1.370339e-01	9.683045e-02	-9.806669e-02	9.014969e-02	-8.221785e-03	-1.695476e-02	2.585877e-01	-2.627027e-01	2.712471e-01	-4.616862e-02	-1.744511e-02	
-7.856016e-02	-1.355155e-01	4.111368e-01	-8.601922e-02	-1.329287e-01	1.366537e-01	-1.385948e-01	-1.475140e-01	2.704541e-01	-9.861859e-01	1.000000e+00	-9.767044e-01	7.754140e-01	-6.043795e-01	-1.913564e-01	-1.103942e-01	1.152988e-01	-1.100379e-01	2.218570e-02	2.545371e-03	-2.934409e-01	3.124427e-01	-3.391580e-01	5.343785e-02	1.689369e-02	
4.185280e-02	1.711344e-01	-5.414795e-01	1.081626e-01	2.138008e-01	-2.211709e-01	2.236590e-01	1.009034e-01	-2.500074e-01	9.288978e-01	-9.767044e-01	1.000000e+00	-6.937564e-01	5.235266e-01	2.633416e-01	1.244489e-01	-1.328310e-01	1.302516e-01	-3.772762e-02	1.367508e-02	3.193144e-01	-3.600057e-01	4.138592e-01	-5.125750e-02	-2.699187e-02	
-3.354797e-02	-1.237556e-01	-1.428947e-01	-3.081335e-02	1.338458e-01	-1.572762e-01	1.711842e-01	-9.752184e-02	9.775782e-02	-8.032775e-01	7.754140e-01	-6.937564e-01	1.000000e+00	-9.474954e-01	-2.510217e-02	7.998611e-02	-9.310108e-02	1.030207e-01	3.723721e-02	-5.775246e-02	-1.563687e-01	1.144783e-01	-5.923544e-02	1.518508e-01	-1.396504e-01	
5.011977e-02	8.158514e-02	2.648203e-01	2.179572e-02	-1.197572e-01	1.551497e-01	-1.783144e-01	-9.731689e-02	1.456573e-01	6.370360e-01	-6.043795e-01	5.235266e-01	-9.474954e-01	1.000000e+00	-1.749210e-03	-1.217285e-01	1.387327e-01	-1.487063e-01	-7.450153e-02	1.044870e-01	7.909293e-02	-2.847659e-02	-4.150255e-02	-1.378311e-01	1.459708e-01	
-9.650555e-03	-3.194191e-02	-4.473352e-01	3.458773e-01	9.320390e-02	-5.151523e-02	1.569949e-02	-1.054718e-01	8.684998e-02	1.370339e-01	-1.913564e-01	2.633416e-01	-2.510217e-02	-1.749210e-03	1.000000e+00	-4.955216e-01	5.654281e-01	-6.185132e-01	-1.642056e-01	3.740710e-01	-9.668525e-02	5.320322e-02	1.317422e-02	1.236493e-01	-1.067208e-01	
2.259760e-01	-2.146101e-01	-2.340703e-01	-8.872575e-02	1.541396e-01	-1.979645e-01	2.336213e-01	4.025760e-02	-1.332709e-01	9.683045e-02	-1.103942e-01	1.244489e-01	7.998611e-02	-1.217285e-01	-4.955216e-01	1.000000e+00	-9.823244e-01	9.320069e-01	-4.685772e-01	1.736834e-01	2.120096e-01	-2.428496e-01	2.705591e-01	-2.311595e-02	3.013370e-02	
-2.230096e-01	2.234366e-01	2.596706e-01	6.909737e-02	-1.441720e-01	1.910479e-01	-2.298902e-01	-5.274452e-02	1.443250e-01	-9.806669e-02	1.152988e-01	-1.328310e-01	-9.310108e-02	1.387327e-01	5.654281e-01	-9.823244e-01	1.000000e+00	-9.827780e-01	4.056078e-01	-1.052088e-01	-2.612626e-01	2.966319e-01	-3.273799e-01	5.104452e-02	-4.714119e-02	
2.079415e-01	-2.308401e-01	-2.671344e-01	-5.446149e-02	1.320096e-01	-1.803731e-01	2.209039e-01	6.132933e-02	-1.494880e-01	9.014969e-02	-1.100379e-01	1.302516e-01	1.030207e-01	-1.487063e-01	-6.185132e-01	9.320069e-01	-9.827780e-01	1.000000e+00	-3.429203e-01	5.102373e-02	2.925379e-01	-3.313827e-01	3.640761e-01	-7.540540e-02	6.396858e-02	
-1.167901e-02	2.789094e-01	5.789993e-02	2.838909e-02	-1.561979e-01	1.469606e-01	-1.420891e-01	1.568706e-01	-8.734742e-02	-8.221785e-03	2.218570e-02	-3.772762e-02	3.723721e-02	-7.450153e-02	-1.642056e-01	-4.685772e-01	4.056078e-01	-3.429203e-01	1.000000e+00	-9.410009e-01	-4.338368e-02	5.932143e-02	-7.203689e-02	1.100363e-01	-2.259895e-01	
-3.247658e-02	-2.155928e-01	-1.751377e-02	-8.784459e-03	1.191146e-01	-9.773945e-02	8.331410e-02	-1.455897e-01	9.930448e-02	-1.695476e-02	2.545371e-03	1.367508e-02	-5.775246e-02	1.044870e-01	3.740710e-01	1.736834e-01	-1.052088e-01	5.102373e-02	-9.410009e-01	1.000000e+00	-3.169790e-02	2.104517e-02	-1.110855e-02	-9.973118e-02	2.303892e-01	
-9.243793e-02	1.596398e-01	-2.209612e-01	9.040925e-02	4.525927e-02	-4.806315e-02	4.905280e-02	3.631052e-02	-6.630446e-02	2.585877e-01	-2.934409e-01	3.193144e-01	-1.563687e-01	7.909293e-02	-9.668525e-02	2.120096e-01	-2.612626e-01	2.925379e-01	-4.338368e-02	-3.169790e-02	1.000000e+00	-9.862359e-01	9.316551e-01	-8.522598e-01	7.642493e-01	
1.097610e-01	-1.746700e-01	3.355093e-01	-1.436925e-01	-6.660130e-02	7.134867e-02	-7.353607e-02	-3.538162e-02	7.265216e-02	-2.627027e-01	3.124427e-01	-3.600057e-01	1.144783e-01	-2.847659e-02	5.320322e-02	-2.428496e-01	2.966319e-01	-3.313827e-01	5.932143e-02	2.104517e-02	-9.862359e-01	1.000000e+00	-9.781511e-01	8.325117e-01	-7.416547e-01	
-1.382501e-01	2.056779e-01	-4.809436e-01	2.034160e-01	9.974330e-02	-1.068687e-01	1.099689e-01	3.976131e-02	-9.037187e-02	2.712471e-01	-3.391580e-01	4.138592e-01	-5.923544e-02	-4.150255e-02	1.317422e-02	2.705591e-01	-3.273799e-01	3.640761e-01	-7.203689e-02	-1.110855e-02	9.316551e-01	-9.781511e-01	1.000000e+00	-7.658765e-01	6.735423e-01	
3.077146e-01	-2.667240e-01	-1.395332e-01	-1.397756e-03	9.574425e-02	-1.066686e-01	1.136004e-01	-1.520491e-02	-2.597788e-02	-4.616862e-02	5.343785e-02	-5.125750e-02	1.518508e-01	-1.378311e-01	1.236493e-01	-2.311595e-02	5.104452e-02	-7.540540e-02	1.100363e-01	-9.973118e-02	-8.522598e-01	8.325117e-01	-7.658765e-01	1.000000e+00	-9.744359e-01	
-2.706593e-01	1.944408e-01	2.053399e-01	-5.404561e-03	-1.340716e-01	1.476110e-01	-1.543049e-01	2.172895e-02	3.315289e-02	-1.744511e-02	1.689369e-02	-2.699187e-02	-1.396504e-01	1.459708e-01	-1.067208e-01	3.013370e-02	-4.714119e-02	6.396858e-02	-2.259895e-01	2.303892e-01	7.642493e-01	-7.416547e-01	6.735423e-01	-9.744359e-01	1.000000e+00	

Time taken for mcmc chain: 7.116667 minutes
