Number of steps: 6726707
Number of accepted steps: 1000000
Burn-in number of steps: 320000
Accepted fraction of steps: 0.148661
Convergence Status
R[0]= 1.000130	R[1]= 1.001227	R[2]= 1.000771	R[3]= 1.000833	R[4]= 1.001876	R[5]= 1.001921	R[6]= 1.001905	R[7]= 1.000345	R[8]= 1.000198	R[9]= 1.001151	R[10]= 1.001317	R[11]= 1.001493	R[12]= 1.000676	R[13]= 1.000660	R[14]= 1.002396	R[15]= 1.000056	R[16]= 1.000157	R[17]= 1.000316	R[18]= 1.000242	R[19]= 1.000237	R[20]= 1.001712	R[21]= 1.001901	R[22]= 1.001965	R[23]= 1.000741	R[24]= 1.000508	
<R>= 1.000989

Mean parameters
A[0]= 9.639271e-01 pm 3.301250e-02
A[1]= 1.050778e+00 pm 2.501728e-02
A[2]= 5.190971e-01 pm 3.299682e-01
A[3]= 4.173059e+00 pm 1.129154e+00
A[4]= -4.706459e+03 pm 3.856636e+03
A[5]= 2.499731e+03 pm 2.530786e+03
A[6]= -1.372040e+02 pm 5.954125e+02
A[7]= 7.370591e+00 pm 1.359050e+01
A[8]= -7.229923e-02 pm 1.845059e-01
A[9]= 2.205142e+03 pm 8.600496e+03
A[10]= -1.955607e+03 pm 5.152566e+03
A[11]= 2.773888e+02 pm 1.082950e+03
A[12]= -3.123956e+01 pm 4.887142e+01
A[13]= 6.448748e-01 pm 9.412189e-01
A[14]= 5.945667e+00 pm 1.692422e+00
A[15]= -6.617827e+03 pm 5.308311e+03
A[16]= 5.423813e+03 pm 3.475873e+03
A[17]= -1.111629e+03 pm 8.174540e+02
A[18]= 2.111459e+00 pm 1.989248e+01
A[19]= 1.614861e-01 pm 2.664014e-01
A[20]= 1.138423e+04 pm 1.176045e+04
A[21]= -5.980464e+03 pm 7.043539e+03
A[22]= 6.180536e+02 pm 1.476014e+03
A[23]= -5.977924e+01 pm 6.874397e+01
A[24]= 7.439069e-01 pm 1.329528e+00

Best-fitting parameters
A[0]= 9.750096e-01
A[1]= 1.050630e+00
A[2]= 4.536611e-01
A[3]= 4.391985e+00
A[4]= -5.978141e+03
A[5]= 3.320044e+03
A[6]= -3.163046e+02
A[7]= 1.265888e+01
A[8]= -1.292886e-01
A[9]= 3.892218e+02
A[10]= -5.476807e+02
A[11]= -5.703418e+01
A[12]= -9.438961e-01
A[13]= -1.007091e-01
A[14]= 6.039411e+00
A[15]= -5.292235e+03
A[16]= 4.906171e+03
A[17]= -1.057041e+03
A[18]= -1.790413e+00
A[19]= 2.332213e-01
A[20]= 1.173256e+04
A[21]= -6.149258e+03
A[22]= 6.427840e+02
A[23]= -5.785054e+01
A[24]= 6.973458e-01
chi2_min= 1.036534e+02


Cross-Covariance parameters
1.000000e+00	-4.841151e-01	-1.829333e-01	8.910324e-02	3.473576e-02	-3.349716e-02	2.214660e-02	7.725877e-02	-8.022798e-02	-3.911276e-02	4.287969e-02	-6.329574e-02	1.794563e-01	-1.589835e-01	7.580375e-02	4.903929e-02	-4.836532e-02	3.815580e-02	6.188059e-02	-6.079057e-02	-6.564866e-03	1.278486e-02	-3.879282e-02	1.524758e-01	-1.324549e-01	
-4.841151e-01	1.000000e+00	1.455100e-01	-1.599679e-01	-3.062244e-02	3.553214e-02	-4.652458e-02	1.393730e-01	-1.277578e-01	3.521676e-02	-4.184519e-02	5.763170e-02	-1.138582e-01	5.757264e-02	-2.072813e-01	2.007683e-02	-2.081549e-02	1.385235e-02	1.316792e-01	-1.449966e-01	9.016472e-03	-1.910702e-02	4.247182e-02	-8.534028e-02	4.824712e-02	
-1.829333e-01	1.455100e-01	1.000000e+00	-6.285513e-01	-9.524831e-02	1.046232e-01	-1.046399e-01	-3.882837e-02	8.210921e-02	-3.858184e-01	5.047109e-01	-6.452486e-01	-1.017856e-01	2.559751e-01	-6.584742e-01	-4.654085e-02	4.728074e-02	-4.001002e-02	5.934175e-04	3.418696e-03	-3.909671e-01	5.041235e-01	-6.413813e-01	-1.142221e-01	2.555448e-01	
8.910324e-02	-1.599679e-01	-6.285513e-01	1.000000e+00	-5.283481e-01	5.862414e-01	-6.297346e-01	1.942472e-01	8.228634e-02	1.534241e-01	-2.051694e-01	2.714377e-01	3.087209e-02	-7.671143e-02	4.578796e-01	-8.269646e-04	3.700125e-03	-8.808761e-03	-1.432198e-02	2.627136e-02	2.437057e-01	-3.135169e-01	3.987881e-01	6.793393e-02	-1.522565e-01	
3.473576e-02	-3.062244e-02	-9.524831e-02	-5.283481e-01	1.000000e+00	-9.844372e-01	9.404148e-01	-6.702355e-01	2.861217e-01	1.043823e-01	-1.488722e-01	1.984504e-01	6.594786e-02	-6.803595e-02	3.987528e-02	3.096292e-02	-3.411059e-02	3.509875e-02	1.410005e-03	-1.834853e-02	4.985693e-02	-6.055404e-02	7.258705e-02	7.232981e-03	-2.505913e-02	
-3.349716e-02	3.553214e-02	1.046232e-01	5.862414e-01	-9.844372e-01	1.000000e+00	-9.850389e-01	6.218692e-01	-2.199232e-01	-1.186331e-01	1.671606e-01	-2.215140e-01	-7.110253e-02	8.674944e-02	-4.601851e-02	-3.359263e-02	3.713827e-02	-3.848858e-02	1.509591e-03	1.624650e-02	-5.329066e-02	6.541187e-02	-7.930589e-02	-9.916870e-03	2.929587e-02	
2.214660e-02	-4.652458e-02	-1.046399e-01	-6.297346e-01	9.404148e-01	-9.850389e-01	1.000000e+00	-5.594181e-01	1.556171e-01	1.336247e-01	-1.836936e-01	2.397520e-01	6.429675e-02	-9.021377e-02	4.871889e-02	3.429363e-02	-3.818996e-02	4.021907e-02	-7.592299e-03	-1.043734e-02	5.309480e-02	-6.558938e-02	8.019511e-02	1.053862e-02	-2.990816e-02	
7.725877e-02	1.393730e-01	-3.882837e-02	1.942472e-01	-6.702355e-01	6.218692e-01	-5.594181e-01	1.000000e+00	-8.825480e-01	8.047552e-02	-6.108828e-02	2.906943e-02	-3.056525e-02	-1.289073e-01	-4.337838e-03	1.185344e-02	-1.139432e-02	7.398509e-03	3.600504e-02	-3.355896e-02	3.498382e-03	-1.012344e-02	1.793309e-02	2.233227e-02	-2.867550e-02	
-8.022798e-02	-1.277578e-01	8.210921e-02	8.228634e-02	2.861217e-01	-2.199232e-01	1.556171e-01	-8.825480e-01	1.000000e+00	-1.581875e-01	1.584522e-01	-1.453190e-01	8.525575e-03	2.094890e-01	-1.369064e-02	-3.082670e-02	3.153392e-02	-2.781274e-02	-3.018532e-02	3.654443e-02	-2.694796e-02	3.948646e-02	-5.417189e-02	-2.454559e-02	3.938106e-02	
-3.911276e-02	3.521676e-02	-3.858184e-01	1.534241e-01	1.043823e-01	-1.186331e-01	1.336247e-01	8.047552e-02	-1.581875e-01	1.000000e+00	-9.835153e-01	9.160004e-01	-7.731501e-01	5.798832e-01	2.490680e-01	2.313044e-02	-2.528706e-02	2.345128e-02	4.732242e-03	-1.446632e-02	1.624860e-01	-2.100883e-01	2.705159e-01	3.947169e-02	-1.042432e-01	
4.287969e-02	-4.184519e-02	5.047109e-01	-2.051694e-01	-1.488722e-01	1.671606e-01	-1.836936e-01	-6.108828e-02	1.584522e-01	-9.835153e-01	1.000000e+00	-9.726190e-01	7.277272e-01	-5.259826e-01	-3.274880e-01	-2.939761e-02	3.164058e-02	-2.898647e-02	-4.231384e-03	1.487928e-02	-2.136511e-01	2.757772e-01	-3.543258e-01	-4.811207e-02	1.318308e-01	
-6.329574e-02	5.763170e-02	-6.452486e-01	2.714377e-01	1.984504e-01	-2.215140e-01	2.397520e-01	2.906943e-02	-1.453190e-01	9.160004e-01	-9.726190e-01	1.000000e+00	-6.211618e-01	4.179269e-01	4.206238e-01	3.640249e-02	-3.872648e-02	3.528490e-02	2.754940e-03	-1.454563e-02	2.759179e-01	-3.556926e-01	4.565347e-01	5.545191e-02	-1.623890e-01	
1.794563e-01	-1.138582e-01	-1.017856e-01	3.087209e-02	6.594786e-02	-7.110253e-02	6.429675e-02	-3.056525e-02	8.525575e-03	-7.731501e-01	7.277272e-01	-6.211618e-01	1.000000e+00	-9.438076e-01	6.585855e-02	7.199778e-03	-6.198702e-03	4.411290e-03	6.651510e-03	-2.191597e-03	2.604066e-02	-3.372545e-02	3.963281e-02	2.618561e-02	-3.064600e-02	
-1.589835e-01	5.757264e-02	2.559751e-01	-7.671143e-02	-6.803595e-02	8.674944e-02	-9.021377e-02	-1.289073e-01	2.094890e-01	5.798832e-01	-5.259826e-01	4.179269e-01	-9.438076e-01	1.000000e+00	-1.585459e-01	-2.028161e-02	1.980795e-02	-1.654528e-02	-1.478682e-02	1.405658e-02	-9.249381e-02	1.206484e-01	-1.526305e-01	-3.975017e-02	7.190211e-02	
7.580375e-02	-2.072813e-01	-6.584742e-01	4.578796e-01	3.987528e-02	-4.601851e-02	4.871889e-02	-4.337838e-03	-1.369064e-02	2.490680e-01	-3.274880e-01	4.206238e-01	6.585855e-02	-1.585459e-01	1.000000e+00	-5.141725e-01	5.842737e-01	-6.384882e-01	7.749340e-02	1.933538e-01	1.879701e-01	-2.377333e-01	3.049923e-01	2.412542e-02	-7.313098e-02	
4.903929e-02	2.007683e-02	-4.654085e-02	-8.269646e-04	3.096292e-02	-3.359263e-02	3.429363e-02	1.185344e-02	-3.082670e-02	2.313044e-02	-2.939761e-02	3.640249e-02	7.199778e-03	-2.028161e-02	-5.141725e-01	1.000000e+00	-9.826443e-01	9.330736e-01	-6.353545e-01	2.749527e-01	1.350951e-01	-1.699071e-01	2.026779e-01	1.577809e-02	-4.214871e-02	
-4.836532e-02	-2.081549e-02	4.728074e-02	3.700125e-03	-3.411059e-02	3.713827e-02	-3.818996e-02	-1.139432e-02	3.153392e-02	-2.528706e-02	3.164058e-02	-3.872648e-02	-6.198702e-03	1.980795e-02	5.842737e-01	-9.826443e-01	1.000000e+00	-9.830883e-01	5.717087e-01	-1.922303e-01	-1.373921e-01	1.768848e-01	-2.150373e-01	-3.269094e-02	6.790905e-02	
3.815580e-02	1.385235e-02	-4.001002e-02	-8.808761e-03	3.509875e-02	-3.848858e-02	4.021907e-02	7.398509e-03	-2.781274e-02	2.345128e-02	-2.898647e-02	3.528490e-02	4.411290e-03	-1.654528e-02	-6.384882e-01	9.330736e-01	-9.830883e-01	1.000000e+00	-4.918204e-01	1.087760e-01	1.346196e-01	-1.767647e-01	2.183270e-01	4.349274e-02	-8.426700e-02	
6.188059e-02	1.316792e-01	5.934175e-04	-1.432198e-02	1.410005e-03	1.509591e-03	-7.592299e-03	3.600504e-02	-3.018532e-02	4.732242e-03	-4.231384e-03	2.754940e-03	6.651510e-03	-1.478682e-02	7.749340e-02	-6.353545e-01	5.717087e-01	-4.918204e-01	1.000000e+00	-9.012774e-01	-3.896087e-02	5.119887e-02	-6.443824e-02	8.617155e-02	-1.567535e-01	
-6.079057e-02	-1.449966e-01	3.418696e-03	2.627136e-02	-1.834853e-02	1.624650e-02	-1.043734e-02	-3.355896e-02	3.654443e-02	-1.446632e-02	1.487928e-02	-1.454563e-02	-2.191597e-03	1.405658e-02	1.933538e-01	2.749527e-01	-1.922303e-01	1.087760e-01	-9.012774e-01	1.000000e+00	-1.550322e-02	1.826269e-02	-1.816191e-02	-1.133573e-01	2.215250e-01	
-6.564866e-03	9.016472e-03	-3.909671e-01	2.437057e-01	4.985693e-02	-5.329066e-02	5.309480e-02	3.498382e-03	-2.694796e-02	1.624860e-01	-2.136511e-01	2.759179e-01	2.604066e-02	-9.249381e-02	1.879701e-01	1.350951e-01	-1.373921e-01	1.346196e-01	-3.896087e-02	-1.550322e-02	1.000000e+00	-9.843320e-01	9.190250e-01	-7.632644e-01	6.028560e-01	
1.278486e-02	-1.910702e-02	5.041235e-01	-3.135169e-01	-6.055404e-02	6.541187e-02	-6.558938e-02	-1.012344e-02	3.948646e-02	-2.100883e-01	2.757772e-01	-3.556926e-01	-3.372545e-02	1.206484e-01	-2.377333e-01	-1.699071e-01	1.768848e-01	-1.767647e-01	5.119887e-02	1.826269e-02	-9.843320e-01	1.000000e+00	-9.732762e-01	7.168233e-01	-5.463527e-01	
-3.879282e-02	4.247182e-02	-6.413813e-01	3.987881e-01	7.258705e-02	-7.930589e-02	8.019511e-02	1.793309e-02	-5.417189e-02	2.705159e-01	-3.543258e-01	4.565347e-01	3.963281e-02	-1.526305e-01	3.049923e-01	2.026779e-01	-2.150373e-01	2.183270e-01	-6.443824e-02	-1.816191e-02	9.190250e-01	-9.732762e-01	1.000000e+00	-6.097996e-01	4.337107e-01	
1.524758e-01	-8.534028e-02	-1.142221e-01	6.793393e-02	7.232981e-03	-9.916870e-03	1.053862e-02	2.233227e-02	-2.454559e-02	3.947169e-02	-4.811207e-02	5.545191e-02	2.618561e-02	-3.975017e-02	2.412542e-02	1.577809e-02	-3.269094e-02	4.349274e-02	8.617155e-02	-1.133573e-01	-7.632644e-01	7.168233e-01	-6.097996e-01	1.000000e+00	-9.631403e-01	
-1.324549e-01	4.824712e-02	2.555448e-01	-1.522565e-01	-2.505913e-02	2.929587e-02	-2.990816e-02	-2.867550e-02	3.938106e-02	-1.042432e-01	1.318308e-01	-1.623890e-01	-3.064600e-02	7.190211e-02	-7.313098e-02	-4.214871e-02	6.790905e-02	-8.426700e-02	-1.567535e-01	2.215250e-01	6.028560e-01	-5.463527e-01	4.337107e-01	-9.631403e-01	1.000000e+00	

Time taken for mcmc chain: 40.100000 minutes
