Number of steps: 1094147
Number of accepted steps: 1000000
Burn-in number of steps: 320000
Accepted fraction of steps: 0.913954
Convergence Status
R[0]= 1.042557	R[1]= 1.080023	R[2]= 1.129788	R[3]= 1.289214	R[4]= 1.186765	R[5]= 1.176980	R[6]= 1.161629	R[7]= 1.019479	R[8]= 1.104515	R[9]= 1.429202	R[10]= 1.358006	R[11]= 1.281540	R[12]= 1.281002	R[13]= 1.227464	R[14]= 1.268861	R[15]= 1.051291	R[16]= 1.060078	R[17]= 1.071162	R[18]= 1.115978	R[19]= 1.172662	R[20]= 1.383265	R[21]= 1.404087	R[22]= 1.417030	R[23]= 1.266264	R[24]= 1.301512	
<R>= 1.211214

Mean parameters
A[0]= 8.305673e-01 pm 3.541217e-02
A[1]= 9.977861e-01 pm 3.163465e-02
A[2]= 2.862174e-01 pm 1.715589e-01
A[3]= 4.253576e+00 pm 9.781410e-01
A[4]= -2.052804e+03 pm 3.004158e+03
A[5]= 8.052736e+02 pm 1.964440e+03
A[6]= 1.643703e+02 pm 4.512696e+02
A[7]= 4.780472e+00 pm 1.021933e+01
A[8]= -8.771710e-02 pm 1.550929e-01
A[9]= -5.477754e+03 pm 6.898712e+03
A[10]= 1.890330e+03 pm 3.930383e+03
A[11]= -3.115600e+02 pm 7.421121e+02
A[12]= 4.744637e+01 pm 4.207572e+01
A[13]= -9.212007e-01 pm 7.913287e-01
A[14]= 5.915288e+00 pm 1.126273e+00
A[15]= -7.700813e+03 pm 3.221348e+03
A[16]= 4.948697e+03 pm 2.074350e+03
A[17]= -8.140154e+02 pm 4.764220e+02
A[18]= 1.055617e+01 pm 1.366750e+01
A[19]= -1.726005e-02 pm 2.031129e-01
A[20]= -4.992437e+03 pm 8.693438e+03
A[21]= 1.789342e+03 pm 4.926761e+03
A[22]= -4.213450e+02 pm 9.368601e+02
A[23]= 6.042459e+01 pm 5.209086e+01
A[24]= -1.547104e+00 pm 9.651662e-01

Best-fitting parameters
A[0]= 8.423282e-01
A[1]= 9.789505e-01
A[2]= 4.204573e-01
A[3]= 3.088233e+00
A[4]= 9.040679e+02
A[5]= -1.256496e+03
A[6]= 6.364458e+02
A[7]= 2.623335e+00
A[8]= -1.703093e-01
A[9]= -5.800607e+03
A[10]= 2.231348e+03
A[11]= -4.565771e+02
A[12]= 4.453475e+01
A[13]= -9.151162e-01
A[14]= 5.533533e+00
A[15]= -8.091062e+03
A[16]= 5.239748e+03
A[17]= -8.777589e+02
A[18]= 1.112870e+01
A[19]= -1.660415e-02
A[20]= -4.423394e+03
A[21]= 2.002414e+03
A[22]= -6.440153e+02
A[23]= 4.269713e+01
A[24]= -1.304030e+00
chi2_min= 1.141043e+02


Cross-Covariance parameters
1.000000e+00	-6.843554e-01	-1.664156e-01	6.712630e-02	-9.943275e-03	1.038163e-02	-1.063173e-02	9.412712e-02	-9.277652e-02	-1.248258e-01	1.593773e-01	-2.169034e-01	1.703922e-01	-1.045459e-01	-3.928889e-02	1.829583e-01	-1.994767e-01	2.080121e-01	-1.080391e-01	6.576910e-02	-7.269385e-02	1.257946e-01	-2.192937e-01	2.279977e-01	-1.917538e-01	
-6.843554e-01	1.000000e+00	2.773313e-01	-3.267091e-01	2.250685e-01	-2.091108e-01	1.793782e-01	-5.227614e-02	-1.169055e-02	6.791730e-02	-9.722860e-02	1.418338e-01	-1.207819e-01	4.194928e-02	-2.553709e-01	2.196974e-02	4.699652e-03	-4.427520e-02	1.914786e-01	-1.796327e-01	8.523172e-02	-1.309474e-01	2.022367e-01	-2.594613e-01	2.244690e-01	
-1.664156e-01	2.773313e-01	1.000000e+00	-4.250807e-01	-2.657824e-03	3.519156e-02	-6.718529e-02	4.343997e-02	-7.569290e-02	-2.243236e-01	2.866170e-01	-3.803208e-01	-9.588922e-02	1.353116e-01	-4.628151e-01	-1.762051e-02	7.174760e-02	-1.141043e-01	-1.286900e-01	1.312414e-01	-2.531493e-01	3.151912e-01	-4.065331e-01	-1.815357e-01	2.280124e-01	
6.712630e-02	-3.267091e-01	-4.250807e-01	1.000000e+00	-7.300208e-01	7.858093e-01	-8.123883e-01	2.286284e-03	3.497909e-01	1.146634e-01	-1.470566e-01	1.990193e-01	-1.798800e-01	2.343398e-01	4.247388e-01	5.633146e-02	-1.502021e-02	-1.036508e-02	-3.423688e-01	3.722015e-01	1.056801e-01	-1.358813e-01	1.795896e-01	7.050473e-03	2.271729e-02	
-9.943275e-03	2.250685e-01	-2.657824e-03	-7.300208e-01	1.000000e+00	-9.835331e-01	9.395544e-01	-4.793252e-01	7.662143e-02	-6.627512e-02	6.818445e-02	-7.403949e-02	2.408425e-01	-2.676608e-01	-2.485114e-01	-1.260810e-02	-4.989965e-02	8.528843e-02	4.277471e-01	-4.758665e-01	5.622783e-02	-5.348203e-02	4.956093e-02	2.793567e-02	-8.472120e-02	
1.038163e-02	-2.091108e-01	3.519156e-02	7.858093e-01	-9.835331e-01	1.000000e+00	-9.855215e-01	4.140578e-01	-5.567397e-03	5.877639e-02	-5.876049e-02	6.108255e-02	-2.607936e-01	2.942636e-01	2.217291e-01	4.690773e-02	2.124961e-02	-6.405998e-02	-4.559638e-01	4.960530e-01	-5.105455e-02	4.883038e-02	-4.667348e-02	-5.005330e-02	1.098675e-01	
-1.063173e-02	1.793782e-01	-6.718529e-02	-8.123883e-01	9.395544e-01	-9.855215e-01	1.000000e+00	-3.472891e-01	-5.191225e-02	-4.516021e-02	4.352721e-02	-4.291883e-02	2.663947e-01	-3.017911e-01	-1.929178e-01	-7.197898e-02	-1.012715e-03	5.068009e-02	4.631498e-01	-4.976233e-01	5.157133e-02	-4.989849e-02	4.934824e-02	6.239155e-02	-1.230862e-01	
9.412712e-02	-5.227614e-02	4.343997e-02	2.286284e-03	-4.793252e-01	4.140578e-01	-3.472891e-01	1.000000e+00	-8.966955e-01	2.436576e-01	-2.244582e-01	1.859480e-01	-1.722473e-01	2.880906e-02	-8.486964e-03	2.440454e-02	-1.410814e-02	1.209487e-02	-9.282893e-02	1.043741e-01	-2.284371e-01	2.251050e-01	-2.173618e-01	1.808276e-01	-1.387733e-01	
-9.277652e-02	-1.169055e-02	-7.569290e-02	3.497909e-01	7.662143e-02	-5.567397e-03	-5.191225e-02	-8.966955e-01	1.000000e+00	-2.523712e-01	2.268018e-01	-1.758209e-01	9.738255e-02	8.745202e-02	8.924351e-02	3.028826e-02	-1.626923e-02	2.608585e-04	-8.820802e-02	8.383593e-02	2.534630e-01	-2.551970e-01	2.534900e-01	-2.284792e-01	2.054840e-01	
-1.248258e-01	6.791730e-02	-2.243236e-01	1.146634e-01	-6.627512e-02	5.877639e-02	-4.516021e-02	2.436576e-01	-2.523712e-01	1.000000e+00	-9.919229e-01	9.546128e-01	-8.524016e-01	7.322695e-01	1.794124e-01	1.075134e-02	1.684338e-02	-3.384967e-02	3.060212e-02	-1.499247e-02	-8.307389e-02	2.463387e-02	6.870519e-02	2.660195e-02	2.928686e-02	
1.593773e-01	-9.722860e-02	2.866170e-01	-1.470566e-01	6.818445e-02	-5.876049e-02	4.352721e-02	-2.244582e-01	2.268018e-01	-9.919229e-01	1.000000e+00	-9.840462e-01	8.552399e-01	-7.374425e-01	-2.207724e-01	6.727372e-03	-3.231922e-02	4.822529e-02	-5.185401e-02	3.262046e-02	6.180239e-02	4.120898e-03	-1.093704e-01	-2.697803e-02	-2.282582e-02	
-2.169034e-01	1.418338e-01	-3.803208e-01	1.990193e-01	-7.403949e-02	6.108255e-02	-4.291883e-02	1.859480e-01	-1.758209e-01	9.546128e-01	-9.840462e-01	1.000000e+00	-8.287874e-01	7.179385e-01	2.819361e-01	-3.113074e-02	5.329862e-02	-6.720206e-02	7.788472e-02	-5.363294e-02	-2.218124e-02	-5.330655e-02	1.741936e-01	2.716427e-02	9.894960e-03	
1.703922e-01	-1.207819e-01	-9.588922e-02	-1.798800e-01	2.408425e-01	-2.607936e-01	2.663947e-01	-1.722473e-01	9.738255e-02	-8.524016e-01	8.552399e-01	-8.287874e-01	1.000000e+00	-9.606256e-01	-1.070797e-01	1.052285e-02	-7.262020e-02	1.172798e-01	9.718636e-02	-1.128396e-01	1.571219e-01	-1.188097e-01	5.373525e-02	6.452432e-02	-1.397368e-01	
-1.045459e-01	4.194928e-02	1.353116e-01	2.343398e-01	-2.676608e-01	2.942636e-01	-3.017911e-01	2.880906e-02	8.745202e-02	7.322695e-01	-7.374425e-01	7.179385e-01	-9.606256e-01	1.000000e+00	7.184606e-02	2.601471e-02	3.485960e-02	-7.969632e-02	-1.544071e-01	1.540928e-01	-1.342925e-01	1.085886e-01	-6.284511e-02	-9.330091e-02	1.660394e-01	
-3.928889e-02	-2.553709e-01	-4.628151e-01	4.247388e-01	-2.485114e-01	2.217291e-01	-1.929178e-01	-8.486964e-03	8.924351e-02	1.794124e-01	-2.207724e-01	2.819361e-01	-1.070797e-01	7.184606e-02	1.000000e+00	-5.747708e-01	6.692601e-01	-7.234715e-01	-6.713548e-02	2.841293e-01	-1.139933e-02	-1.109296e-02	6.242621e-02	1.348053e-01	-1.082874e-01	
1.829583e-01	2.196974e-02	-1.762051e-02	5.633146e-02	-1.260810e-02	4.690773e-02	-7.197898e-02	2.440454e-02	3.028826e-02	1.075134e-02	6.727372e-03	-3.113074e-02	1.052285e-02	2.601471e-02	-5.747708e-01	1.000000e+00	-9.711266e-01	8.943780e-01	-4.952347e-01	2.246274e-01	1.288866e-01	-1.367097e-01	1.333416e-01	-1.082650e-01	1.254470e-01	
-1.994767e-01	4.699652e-03	7.174760e-02	-1.502021e-02	-4.989965e-02	2.124961e-02	-1.012715e-03	-1.410814e-02	-1.626923e-02	1.684338e-02	-3.231922e-02	5.329862e-02	-7.262020e-02	3.485960e-02	6.692601e-01	-9.711266e-01	1.000000e+00	-9.743313e-01	3.928538e-01	-1.053374e-01	-1.610849e-01	1.698970e-01	-1.652849e-01	8.931165e-02	-8.634140e-02	
2.080121e-01	-4.427520e-02	-1.141043e-01	-1.036508e-02	8.528843e-02	-6.405998e-02	5.068009e-02	1.209487e-02	2.608585e-04	-3.384967e-02	4.822529e-02	-6.720206e-02	1.172798e-01	-7.969632e-02	-7.234715e-01	8.943780e-01	-9.743313e-01	1.000000e+00	-2.889040e-01	6.038102e-03	1.735025e-01	-1.831809e-01	1.781682e-01	-6.431526e-02	4.690917e-02	
-1.080391e-01	1.914786e-01	-1.286900e-01	-3.423688e-01	4.277471e-01	-4.559638e-01	4.631498e-01	-9.282893e-02	-8.820802e-02	3.060212e-02	-5.185401e-02	7.788472e-02	9.718636e-02	-1.544071e-01	-6.713548e-02	-4.952347e-01	3.928538e-01	-2.889040e-01	1.000000e+00	-9.384522e-01	7.680230e-04	-1.299863e-02	3.401089e-02	1.260072e-01	-2.160015e-01	
6.576910e-02	-1.796327e-01	1.312414e-01	3.722015e-01	-4.758665e-01	4.960530e-01	-4.976233e-01	1.043741e-01	8.383593e-02	-1.499247e-02	3.262046e-02	-5.363294e-02	-1.128396e-01	1.540928e-01	2.841293e-01	2.246274e-01	-1.053374e-01	6.038102e-03	-9.384522e-01	1.000000e+00	-4.408700e-02	5.634173e-02	-7.306602e-02	-1.026334e-01	2.064932e-01	
-7.269385e-02	8.523172e-02	-2.531493e-01	1.056801e-01	5.622783e-02	-5.105455e-02	5.157133e-02	-2.284371e-01	2.534630e-01	-8.307389e-02	6.180239e-02	-2.218124e-02	1.571219e-01	-1.342925e-01	-1.139933e-02	1.288866e-01	-1.610849e-01	1.735025e-01	7.680230e-04	-4.408700e-02	1.000000e+00	-9.892194e-01	9.378988e-01	-8.135614e-01	7.037047e-01	
1.257946e-01	-1.309474e-01	3.151912e-01	-1.358813e-01	-5.348203e-02	4.883038e-02	-4.989849e-02	2.251050e-01	-2.551970e-01	2.463387e-02	4.120898e-03	-5.330655e-02	-1.188097e-01	1.085886e-01	-1.109296e-02	-1.367097e-01	1.698970e-01	-1.831809e-01	-1.299863e-02	5.634173e-02	-9.892194e-01	1.000000e+00	-9.776833e-01	8.211906e-01	-7.177196e-01	
-2.192937e-01	2.022367e-01	-4.065331e-01	1.795896e-01	4.956093e-02	-4.667348e-02	4.934824e-02	-2.173618e-01	2.534900e-01	6.870519e-02	-1.093704e-01	1.741936e-01	5.373525e-02	-6.284511e-02	6.242621e-02	1.333416e-01	-1.652849e-01	1.781682e-01	3.401089e-02	-7.306602e-02	9.378988e-01	-9.776833e-01	1.000000e+00	-7.919993e-01	7.017618e-01	
2.279977e-01	-2.594613e-01	-1.815357e-01	7.050473e-03	2.793567e-02	-5.005330e-02	6.239155e-02	1.808276e-01	-2.284792e-01	2.660195e-02	-2.697803e-02	2.716427e-02	6.452432e-02	-9.330091e-02	1.348053e-01	-1.082650e-01	8.931165e-02	-6.431526e-02	1.260072e-01	-1.026334e-01	-8.135614e-01	8.211906e-01	-7.919993e-01	1.000000e+00	-9.719927e-01	
-1.917538e-01	2.244690e-01	2.280124e-01	2.271729e-02	-8.472120e-02	1.098675e-01	-1.230862e-01	-1.387733e-01	2.054840e-01	2.928686e-02	-2.282582e-02	9.894960e-03	-1.397368e-01	1.660394e-01	-1.082874e-01	1.254470e-01	-8.634140e-02	4.690917e-02	-2.160015e-01	2.064932e-01	7.037047e-01	-7.177196e-01	7.017618e-01	-9.719927e-01	1.000000e+00	

Time taken for mcmc chain: 10.883333 minutes
