Number of steps: 4791387
Number of accepted steps: 1000000
Burn-in number of steps: 320000
Accepted fraction of steps: 0.208708
Convergence Status
R[0]= 1.001535	R[1]= 1.002877	R[2]= 1.068125	R[3]= 1.041798	R[4]= 1.009622	R[5]= 1.013198	R[6]= 1.016388	R[7]= 1.001107	R[8]= 1.002616	R[9]= 1.001548	R[10]= 1.002863	R[11]= 1.005163	R[12]= 1.001252	R[13]= 1.000962	R[14]= 1.009742	R[15]= 1.010328	R[16]= 1.013786	R[17]= 1.016037	R[18]= 1.003417	R[19]= 1.011961	R[20]= 1.016505	R[21]= 1.025897	R[22]= 1.038973	R[23]= 1.007569	R[24]= 1.019148	
<R>= 1.013697

Mean parameters
A[0]= 9.097612e-01 pm 3.381821e-02
A[1]= 1.014056e+00 pm 2.941374e-02
A[2]= 6.413948e-01 pm 4.103817e-01
A[3]= 3.340582e+00 pm 1.141339e+00
A[4]= -2.245674e+03 pm 3.631715e+03
A[5]= 8.958625e+02 pm 2.375256e+03
A[6]= 2.037398e+02 pm 5.518993e+02
A[7]= 1.233115e+01 pm 1.232277e+01
A[8]= -2.404235e-01 pm 1.765652e-01
A[9]= -3.972389e+03 pm 7.998070e+03
A[10]= 1.750024e+03 pm 4.765114e+03
A[11]= -4.634983e+02 pm 9.863496e+02
A[12]= 2.344757e+01 pm 4.598499e+01
A[13]= -6.149051e-01 pm 8.905212e-01
A[14]= 5.067466e+00 pm 1.528161e+00
A[15]= -8.375304e+03 pm 5.131527e+03
A[16]= 5.701231e+03 pm 3.398903e+03
A[17]= -9.940485e+02 pm 7.965488e+02
A[18]= 1.136504e+01 pm 1.861442e+01
A[19]= -9.229335e-04 pm 2.668115e-01
A[20]= 9.015492e+02 pm 1.127560e+04
A[21]= -6.807666e+02 pm 6.861208e+03
A[22]= -2.424888e+02 pm 1.460484e+03
A[23]= -2.616444e+01 pm 6.574144e+01
A[24]= 2.221882e-01 pm 1.318248e+00

Best-fitting parameters
A[0]= 8.860616e-01
A[1]= 1.006305e+00
A[2]= 6.037439e-01
A[3]= 2.821037e+00
A[4]= 1.389688e+03
A[5]= -1.274169e+03
A[6]= 6.613242e+02
A[7]= 4.907339e+00
A[8]= -1.894345e-01
A[9]= -4.653245e+02
A[10]= -3.640079e+02
A[11]= -4.529143e+01
A[12]= 1.080575e+01
A[13]= -3.679226e-01
A[14]= 4.918299e+00
A[15]= -8.197994e+03
A[16]= 5.306565e+03
A[17]= -8.404035e+02
A[18]= 9.019760e+00
A[19]= 9.626771e-03
A[20]= -2.639094e+03
A[21]= 9.665733e+02
A[22]= -4.410882e+02
A[23]= -7.809220e+00
A[24]= -2.274406e-02
chi2_min= 9.856860e+01


Cross-Covariance parameters
1.000000e+00	-5.191601e-01	-1.497220e-01	8.947450e-02	2.312440e-02	-1.810074e-02	7.165042e-03	4.349995e-02	-2.271865e-02	-1.759624e-02	2.991960e-02	-6.153053e-02	1.182498e-01	-7.973298e-02	4.402446e-02	9.914670e-02	-1.058455e-01	1.028348e-01	4.051536e-02	-5.833866e-02	-2.545611e-03	1.090844e-02	-3.843108e-02	1.729725e-01	-1.467958e-01	
-5.191601e-01	1.000000e+00	9.664564e-02	-1.461782e-01	-2.923866e-02	2.559793e-02	-2.962990e-02	1.486048e-01	-1.345705e-01	6.627721e-02	-7.975867e-02	1.039790e-01	-1.149264e-01	4.859155e-02	-1.695711e-01	-3.133235e-02	3.796703e-02	-5.035449e-02	1.547318e-01	-1.322327e-01	3.129020e-02	-4.247587e-02	6.760757e-02	-1.039855e-01	5.776785e-02	
-1.497220e-01	9.664564e-02	1.000000e+00	-6.659076e-01	-3.256771e-03	3.604265e-03	3.697899e-03	-4.501305e-02	3.007671e-02	-3.665608e-01	4.731595e-01	-6.011844e-01	-1.192396e-01	2.389708e-01	-5.794727e-01	-2.126447e-01	2.366265e-01	-2.448249e-01	-8.205909e-02	1.668444e-01	-4.317207e-01	5.459017e-01	-6.757592e-01	-2.401933e-01	3.927929e-01	
8.947450e-02	-1.461782e-01	-6.659076e-01	1.000000e+00	-5.541577e-01	6.147317e-01	-6.596823e-01	9.135881e-02	1.996976e-01	1.415769e-01	-1.866504e-01	2.482685e-01	3.564935e-02	-5.018576e-02	3.809088e-01	1.711098e-01	-1.914460e-01	2.019494e-01	3.401772e-02	-1.075895e-01	2.997550e-01	-3.778818e-01	4.655634e-01	1.664199e-01	-2.713889e-01	
2.312440e-02	-2.923866e-02	-3.256771e-03	-5.541577e-01	1.000000e+00	-9.844292e-01	9.415157e-01	-5.816575e-01	1.751801e-01	9.837702e-02	-1.384531e-01	1.803712e-01	7.744118e-02	-8.788719e-02	5.411210e-02	-4.720846e-02	5.350803e-02	-5.821879e-02	-1.770258e-02	4.292403e-02	-2.188277e-02	2.382734e-02	-2.525143e-02	-1.039582e-02	2.148921e-02	
-1.810074e-02	2.559793e-02	3.604265e-03	6.147317e-01	-9.844292e-01	1.000000e+00	-9.856225e-01	5.165548e-01	-9.740651e-02	-1.104948e-01	1.548462e-01	-2.013700e-01	-8.840694e-02	1.138293e-01	-5.681267e-02	5.034035e-02	-5.730085e-02	6.252621e-02	1.896975e-02	-4.551584e-02	2.252858e-02	-2.487525e-02	2.652776e-02	1.243468e-02	-2.407567e-02	
7.165042e-03	-2.962990e-02	3.697899e-03	-6.596823e-01	9.415157e-01	-9.856225e-01	1.000000e+00	-4.439208e-01	2.801053e-02	1.212523e-01	-1.673345e-01	2.155028e-01	8.816098e-02	-1.241970e-01	5.626513e-02	-5.500464e-02	6.260028e-02	-6.801658e-02	-2.258207e-02	5.031300e-02	-2.652815e-02	3.006482e-02	-3.282816e-02	-1.595962e-02	2.930285e-02	
4.349995e-02	1.486048e-01	-4.501305e-02	9.135881e-02	-5.816575e-01	5.165548e-01	-4.439208e-01	1.000000e+00	-8.836393e-01	1.065016e-01	-9.337930e-02	6.920966e-02	-3.546722e-02	-1.334011e-01	-2.066026e-02	2.267494e-02	-2.468380e-02	2.312713e-02	5.882301e-02	-6.142846e-02	3.357211e-02	-3.821496e-02	4.342134e-02	1.276572e-02	-2.665313e-02	
-2.271865e-02	-1.345705e-01	3.007671e-02	1.996976e-01	1.751801e-01	-9.740651e-02	2.801053e-02	-8.836393e-01	1.000000e+00	-1.716338e-01	1.759623e-01	-1.676001e-01	8.691682e-03	2.114023e-01	8.083491e-05	7.013086e-03	-8.845704e-03	1.260063e-02	-4.335427e-02	3.192315e-02	-1.747177e-02	1.925312e-02	-2.207331e-02	1.296924e-03	5.000970e-03	
-1.759624e-02	6.627721e-02	-3.665608e-01	1.415769e-01	9.837702e-02	-1.104948e-01	1.212523e-01	1.065016e-01	-1.716338e-01	1.000000e+00	-9.845980e-01	9.222347e-01	-7.563669e-01	5.711372e-01	2.207775e-01	4.680554e-02	-5.501677e-02	5.748428e-02	4.930377e-02	-6.801665e-02	1.646399e-01	-2.059726e-01	2.553202e-01	6.866685e-02	-1.288623e-01	
2.991960e-02	-7.975867e-02	4.731595e-01	-1.866504e-01	-1.384531e-01	1.548462e-01	-1.673345e-01	-9.337930e-02	1.759623e-01	-9.845980e-01	1.000000e+00	-9.748419e-01	7.099206e-01	-5.178445e-01	-2.879882e-01	-6.375356e-02	7.352872e-02	-7.624660e-02	-5.676926e-02	8.182552e-02	-2.121489e-01	2.666056e-01	-3.314160e-01	-8.722679e-02	1.646872e-01	
-6.153053e-02	1.039790e-01	-6.011844e-01	2.482685e-01	1.803712e-01	-2.013700e-01	2.155028e-01	6.920966e-02	-1.676001e-01	9.222347e-01	-9.748419e-01	1.000000e+00	-6.069209e-01	4.149770e-01	3.696157e-01	8.351500e-02	-9.510084e-02	9.819849e-02	6.439501e-02	-9.710607e-02	2.703580e-01	-3.411547e-01	4.255102e-01	1.070539e-01	-2.060558e-01	
1.182498e-01	-1.149264e-01	-1.192396e-01	3.564935e-02	7.744118e-02	-8.840694e-02	8.816098e-02	-3.546722e-02	8.691682e-03	-7.563669e-01	7.099206e-01	-6.069209e-01	1.000000e+00	-9.470637e-01	7.547030e-02	4.587293e-02	-4.640254e-02	4.514796e-02	-1.601991e-02	2.337349e-03	3.467448e-02	-4.720506e-02	5.957750e-02	4.954488e-02	-5.826792e-02	
-7.973298e-02	4.859155e-02	2.389708e-01	-5.018576e-02	-8.788719e-02	1.138293e-01	-1.241970e-01	-1.334011e-01	2.114023e-01	5.711372e-01	-5.178445e-01	4.149770e-01	-9.470637e-01	1.000000e+00	-1.427622e-01	-6.397442e-02	6.604833e-02	-6.430129e-02	-3.083959e-03	2.265334e-02	-8.982756e-02	1.171942e-01	-1.480477e-01	-6.944050e-02	9.999679e-02	
4.402446e-02	-1.695711e-01	-5.794727e-01	3.809088e-01	5.411210e-02	-5.681267e-02	5.626513e-02	-2.066026e-02	8.083491e-05	2.207775e-01	-2.879882e-01	3.696157e-01	7.547030e-02	-1.427622e-01	1.000000e+00	-4.594280e-01	5.122395e-01	-5.528237e-01	7.124988e-03	2.169277e-01	1.277469e-01	-1.740030e-01	2.342588e-01	5.913184e-02	-8.706607e-02	
9.914670e-02	-3.133235e-02	-2.126447e-01	1.711098e-01	-4.720846e-02	5.034035e-02	-5.500464e-02	2.267494e-02	7.013086e-03	4.680554e-02	-6.375356e-02	8.351500e-02	4.587293e-02	-6.397442e-02	-4.594280e-01	1.000000e+00	-9.840191e-01	9.408264e-01	-4.818303e-01	1.016102e-01	2.454502e-01	-2.911339e-01	3.332475e-01	1.001833e-01	-1.626829e-01	
-1.058455e-01	3.796703e-02	2.366265e-01	-1.914460e-01	5.350803e-02	-5.730085e-02	6.260028e-02	-2.468380e-02	-8.845704e-03	-5.501677e-02	7.352872e-02	-9.510084e-02	-4.640254e-02	6.604833e-02	5.122395e-01	-9.840191e-01	1.000000e+00	-9.856510e-01	3.996659e-01	-8.167121e-03	-2.625025e-01	3.142503e-01	-3.627384e-01	-1.252659e-01	2.008750e-01	
1.028348e-01	-5.035449e-02	-2.448249e-01	2.019494e-01	-5.821879e-02	6.252621e-02	-6.801658e-02	2.312713e-02	1.260063e-02	5.748428e-02	-7.624660e-02	9.819849e-02	4.514796e-02	-6.430129e-02	-5.528237e-01	9.408264e-01	-9.856510e-01	1.000000e+00	-3.143628e-01	-7.426267e-02	2.688020e-01	-3.242640e-01	3.768858e-01	1.407904e-01	-2.243361e-01	
4.051536e-02	1.547318e-01	-8.205909e-02	3.401772e-02	-1.770258e-02	1.896975e-02	-2.258207e-02	5.882301e-02	-4.335427e-02	4.930377e-02	-5.676926e-02	6.439501e-02	-1.601991e-02	-3.083959e-03	7.124988e-03	-4.818303e-01	3.996659e-01	-3.143628e-01	1.000000e+00	-9.062182e-01	2.615954e-02	-3.339722e-02	4.222325e-02	1.003240e-01	-1.918806e-01	
-5.833866e-02	-1.322327e-01	1.668444e-01	-1.075895e-01	4.292403e-02	-4.551584e-02	5.031300e-02	-6.142846e-02	3.192315e-02	-6.801665e-02	8.182552e-02	-9.710607e-02	2.337349e-03	2.265334e-02	2.169277e-01	1.016102e-01	-8.167121e-03	-7.426267e-02	-9.062182e-01	1.000000e+00	-1.306620e-01	1.573144e-01	-1.834818e-01	-1.576614e-01	2.949103e-01	
-2.545611e-03	3.129020e-02	-4.317207e-01	2.997550e-01	-2.188277e-02	2.252858e-02	-2.652815e-02	3.357211e-02	-1.747177e-02	1.646399e-01	-2.121489e-01	2.703580e-01	3.467448e-02	-8.982756e-02	1.277469e-01	2.454502e-01	-2.625025e-01	2.688020e-01	2.615954e-02	-1.306620e-01	1.000000e+00	-9.841681e-01	9.220613e-01	-6.453277e-01	4.507010e-01	
1.090844e-02	-4.247587e-02	5.459017e-01	-3.778818e-01	2.382734e-02	-2.487525e-02	3.006482e-02	-3.821496e-02	1.925312e-02	-2.059726e-01	2.666056e-01	-3.411547e-01	-4.720506e-02	1.171942e-01	-1.740030e-01	-2.911339e-01	3.142503e-01	-3.242640e-01	-3.339722e-02	1.573144e-01	-9.841681e-01	1.000000e+00	-9.752874e-01	5.743172e-01	-3.699655e-01	
-3.843108e-02	6.760757e-02	-6.757592e-01	4.655634e-01	-2.525143e-02	2.652776e-02	-3.282816e-02	4.342134e-02	-2.207331e-02	2.553202e-01	-3.314160e-01	4.255102e-01	5.957750e-02	-1.480477e-01	2.342588e-01	3.332475e-01	-3.627384e-01	3.768858e-01	4.222325e-02	-1.834818e-01	9.220613e-01	-9.752874e-01	1.000000e+00	-4.475182e-01	2.397057e-01	
1.729725e-01	-1.039855e-01	-2.401933e-01	1.664199e-01	-1.039582e-02	1.243468e-02	-1.595962e-02	1.276572e-02	1.296924e-03	6.866685e-02	-8.722679e-02	1.070539e-01	4.954488e-02	-6.944050e-02	5.913184e-02	1.001833e-01	-1.252659e-01	1.407904e-01	1.003240e-01	-1.576614e-01	-6.453277e-01	5.743172e-01	-4.475182e-01	1.000000e+00	-9.607836e-01	
-1.467958e-01	5.776785e-02	3.927929e-01	-2.713889e-01	2.148921e-02	-2.407567e-02	2.930285e-02	-2.665313e-02	5.000970e-03	-1.288623e-01	1.646872e-01	-2.060558e-01	-5.826792e-02	9.999679e-02	-8.706607e-02	-1.626829e-01	2.008750e-01	-2.243361e-01	-1.918806e-01	2.949103e-01	4.507010e-01	-3.699655e-01	2.397057e-01	-9.607836e-01	1.000000e+00	

Time taken for mcmc chain: 41.566667 minutes
