Number of steps: 2419046
Number of accepted steps: 960000
Burn-in number of steps: 200000
Accepted fraction of steps: 0.396851
Convergence Status
R[0]= 1.031172	R[1]= 1.009218	R[2]= 1.148484	R[3]= 1.065932	R[4]= 1.000285	R[5]= 1.000640	R[6]= 1.001286	R[7]= 1.007247	R[8]= 1.007714	R[9]= 1.013650	R[10]= 1.026526	R[11]= 1.053034	R[12]= 1.005378	R[13]= 1.009903	R[14]= 1.235337	R[15]= 1.072209	R[16]= 1.084102	R[17]= 1.090869	R[18]= 1.001618	R[19]= 1.012278	R[20]= 1.003130	R[21]= 1.008043	R[22]= 1.024292	R[23]= 1.027538	R[24]= 1.046898	
<R>= 1.039471

Mean parameters
A[0]= 8.298639e-01 pm 3.945055e-02
A[1]= 9.891211e-01 pm 3.168687e-02
A[2]= 3.986495e-01 pm 2.930288e-01
A[3]= 3.461270e+00 pm 1.163456e+00
A[4]= -7.004261e+02 pm 3.254565e+03
A[5]= -2.166612e+02 pm 2.118642e+03
A[6]= 4.306262e+02 pm 4.847000e+02
A[7]= 5.981458e+00 pm 1.165781e+01
A[8]= -1.420615e-01 pm 1.720374e-01
A[9]= -5.861065e+03 pm 6.732922e+03
A[10]= 2.104754e+03 pm 3.871292e+03
A[11]= -3.767307e+02 pm 7.479203e+02
A[12]= 4.325040e+01 pm 3.997702e+01
A[13]= -8.571668e-01 pm 7.587207e-01
A[14]= 5.786788e+00 pm 1.734975e+00
A[15]= -8.483149e+03 pm 4.656222e+03
A[16]= 5.383246e+03 pm 3.065773e+03
A[17]= -8.885719e+02 pm 7.043522e+02
A[18]= 8.637868e+00 pm 1.645366e+01
A[19]= 1.690692e-02 pm 2.394958e-01
A[20]= -6.288992e+03 pm 9.361272e+03
A[21]= 2.843000e+03 pm 5.493567e+03
A[22]= -7.109779e+02 pm 1.099118e+03
A[23]= 5.865615e+01 pm 5.520755e+01
A[24]= -1.495255e+00 pm 1.061221e+00

Best-fitting parameters
A[0]= 8.414330e-01
A[1]= 9.882634e-01
A[2]= 1.417816e-01
A[3]= 3.980027e+00
A[4]= -1.884135e+03
A[5]= 3.279535e+02
A[6]= 3.456621e+02
A[7]= 1.002300e+01
A[8]= -1.828643e-01
A[9]= -6.110962e+03
A[10]= 1.681729e+03
A[11]= -1.486482e+02
A[12]= 5.306378e+01
A[13]= -1.081956e+00
A[14]= 8.080773e+00
A[15]= -9.179668e+03
A[16]= 6.374816e+03
A[17]= -1.245104e+03
A[18]= -3.835224e+00
A[19]= 2.515481e-01
A[20]= -3.351585e+02
A[21]= -1.029323e+03
A[22]= 1.642505e+02
A[23]= 4.592741e+01
A[24]= -1.243580e+00
chi2_min= 1.129681e+02


Cross-Covariance parameters
1.000000e+00	-5.227651e-01	-7.449489e-02	1.026059e-02	1.043199e-01	-8.529252e-02	5.944528e-02	-5.534828e-02	5.476510e-02	2.349314e-02	4.703565e-03	-6.602870e-02	2.939674e-03	6.787810e-02	-2.810735e-02	8.736273e-02	-8.339303e-02	7.231242e-02	6.901758e-03	5.000066e-04	8.944290e-03	2.280684e-02	-9.309195e-02	2.970380e-02	4.084272e-02	
-5.227651e-01	1.000000e+00	2.399190e-01	-2.440620e-01	1.727538e-03	-9.785657e-03	9.758362e-03	1.783471e-01	-1.781659e-01	3.257460e-02	-4.048894e-02	6.379681e-02	-1.088789e-01	3.630891e-02	-2.093579e-01	-4.290698e-02	3.998608e-02	-4.484879e-02	1.285945e-01	-1.023615e-01	-4.554131e-03	-9.517075e-03	4.191440e-02	-1.431292e-01	9.666590e-02	
-7.449489e-02	2.399190e-01	1.000000e+00	-5.728825e-01	-9.681640e-03	-8.512013e-04	1.612236e-02	4.285033e-02	-5.972252e-02	-2.680840e-01	3.615222e-01	-4.882282e-01	-1.600180e-01	2.292676e-01	-5.598056e-01	-1.193190e-01	1.093669e-01	-9.508158e-02	7.321427e-02	-5.343562e-02	-3.772779e-01	4.733036e-01	-5.937346e-01	-1.932029e-01	2.951818e-01	
1.026059e-02	-2.440620e-01	-5.728825e-01	1.000000e+00	-6.119280e-01	6.873469e-01	-7.422357e-01	-8.548460e-02	3.541764e-01	1.163851e-03	-5.236221e-02	1.386988e-01	8.714991e-02	-5.408482e-02	3.161087e-01	8.578339e-02	-8.561934e-02	8.393441e-02	-3.610939e-02	7.127220e-03	2.464867e-01	-2.980575e-01	3.614132e-01	9.779903e-02	-1.585954e-01	
1.043199e-01	1.727538e-03	-9.681640e-03	-6.119280e-01	1.000000e+00	-9.847037e-01	9.428052e-01	-4.891539e-01	1.392701e-01	9.414994e-02	-1.012438e-01	9.715474e-02	5.826927e-02	-4.287153e-02	-8.867457e-03	2.444149e-02	-1.727909e-02	9.612757e-03	-2.004998e-02	2.219603e-02	-3.004203e-02	3.037713e-02	-3.242076e-02	3.104253e-02	-2.311340e-02	
-8.529252e-02	-9.785657e-03	-8.512013e-04	6.873469e-01	-9.847037e-01	1.000000e+00	-9.860135e-01	4.073365e-01	-4.756102e-02	-1.087814e-01	1.164053e-01	-1.113498e-01	-5.919029e-02	6.166663e-02	2.665997e-04	-9.342182e-03	2.099199e-03	5.209940e-03	2.271634e-02	-3.019673e-02	4.168651e-02	-4.176847e-02	4.236418e-02	-3.541307e-02	2.707260e-02	
5.944528e-02	9.758362e-03	1.612236e-02	-7.422357e-01	9.428052e-01	-9.860135e-01	1.000000e+00	-3.220429e-01	-3.398062e-02	1.201312e-01	-1.274051e-01	1.207965e-01	5.451935e-02	-7.112322e-02	7.461343e-03	-7.442904e-03	1.440151e-02	-2.070301e-02	-2.649930e-02	3.883026e-02	-5.432446e-02	5.480884e-02	-5.467078e-02	3.840967e-02	-2.933509e-02	
-5.534828e-02	1.783471e-01	4.285033e-02	-8.548460e-02	-4.891539e-01	4.073365e-01	-3.220429e-01	1.000000e+00	-9.145068e-01	1.542548e-01	-1.484954e-01	1.286488e-01	-1.027245e-01	-9.203598e-02	-2.976446e-02	-3.253076e-02	2.800095e-02	-2.599520e-02	3.879960e-02	-2.877508e-02	-2.106064e-02	1.687012e-02	-9.037354e-03	-2.296530e-02	2.182794e-02	
5.476510e-02	-1.781659e-01	-5.972252e-02	3.541764e-01	1.392701e-01	-4.756102e-02	-3.398062e-02	-9.145068e-01	1.000000e+00	-2.024555e-01	1.996585e-01	-1.762985e-01	9.075910e-02	1.347903e-01	3.777833e-02	2.894828e-02	-2.663858e-02	2.654598e-02	-2.953901e-02	2.149356e-02	4.474785e-02	-4.176841e-02	3.438905e-02	8.453515e-03	-1.094137e-02	
2.349314e-02	3.257460e-02	-2.680840e-01	1.163851e-03	9.414994e-02	-1.087814e-01	1.201312e-01	1.542548e-01	-2.024555e-01	1.000000e+00	-9.874040e-01	9.327251e-01	-7.945004e-01	6.406857e-01	1.186444e-01	3.394562e-02	-3.559387e-02	3.414864e-02	2.465806e-03	-6.213162e-03	9.145772e-02	-1.177366e-01	1.524453e-01	5.863530e-02	-9.050213e-02	
4.703565e-03	-4.048894e-02	3.615222e-01	-5.236221e-02	-1.012438e-01	1.164053e-01	-1.274051e-01	-1.484954e-01	1.996585e-01	-9.874040e-01	1.000000e+00	-9.770526e-01	7.767443e-01	-6.203129e-01	-1.726118e-01	-4.548224e-02	4.622435e-02	-4.336771e-02	6.838685e-03	-2.900520e-04	-1.303921e-01	1.680107e-01	-2.179223e-01	-7.289523e-02	1.170167e-01	
-6.602870e-02	6.379681e-02	-4.882282e-01	1.386988e-01	9.715474e-02	-1.113498e-01	1.207965e-01	1.286488e-01	-1.762985e-01	9.327251e-01	-9.770526e-01	1.000000e+00	-7.120710e-01	5.599577e-01	2.478350e-01	5.765254e-02	-5.731526e-02	5.290769e-02	-1.611121e-02	6.492638e-03	1.838703e-01	-2.377076e-01	3.099724e-01	9.268901e-02	-1.558450e-01	
2.939674e-03	-1.088789e-01	-1.600180e-01	8.714991e-02	5.826927e-02	-5.919029e-02	5.451935e-02	-1.027245e-01	9.075910e-02	-7.945004e-01	7.767443e-01	-7.120710e-01	1.000000e+00	-9.489758e-01	1.286634e-01	7.222919e-03	-3.770500e-04	-5.065129e-03	-2.948101e-02	3.078100e-02	4.092088e-02	-5.780900e-02	7.876452e-02	5.387270e-02	-6.671059e-02	
6.787810e-02	3.630891e-02	2.292676e-01	-5.408482e-02	-4.287153e-02	6.166663e-02	-7.112322e-02	-9.203598e-02	1.347903e-01	6.406857e-01	-6.203129e-01	5.599577e-01	-9.489758e-01	1.000000e+00	-1.588626e-01	-1.641023e-02	1.015757e-02	-4.223965e-03	2.744550e-02	-2.528505e-02	-6.194306e-02	9.039528e-02	-1.289495e-01	-7.134475e-02	9.747184e-02	
-2.810735e-02	-2.093579e-01	-5.598056e-01	3.161087e-01	-8.867457e-03	2.665997e-04	7.461343e-03	-2.976446e-02	3.777833e-02	1.186444e-01	-1.726118e-01	2.478350e-01	1.286634e-01	-1.588626e-01	1.000000e+00	-5.673157e-01	6.381998e-01	-6.893468e-01	-1.390447e-01	3.909780e-01	9.817856e-02	-1.463731e-01	2.283554e-01	9.954356e-02	-1.210449e-01	
8.736273e-02	-4.290698e-02	-1.193190e-01	8.578339e-02	2.444149e-02	-9.342182e-03	-7.442904e-03	-3.253076e-02	2.894828e-02	3.394562e-02	-4.548224e-02	5.765254e-02	7.222919e-03	-1.641023e-02	-5.673157e-01	1.000000e+00	-9.859706e-01	9.476564e-01	-4.294239e-01	6.867117e-02	1.587613e-01	-1.791306e-01	1.832358e-01	3.346006e-02	-4.580436e-02	
-8.339303e-02	3.998608e-02	1.093669e-01	-8.561934e-02	-1.727909e-02	2.099199e-03	1.440151e-02	2.800095e-02	-2.663858e-02	-3.559387e-02	4.622435e-02	-5.731526e-02	-3.770500e-04	1.015757e-02	6.381998e-01	-9.859706e-01	1.000000e+00	-9.872258e-01	3.490452e-01	1.866358e-02	-1.613772e-01	1.817102e-01	-1.844366e-01	-4.211581e-02	6.095426e-02	
7.231242e-02	-4.484879e-02	-9.508158e-02	8.393441e-02	9.612757e-03	5.209940e-03	-2.070301e-02	-2.599520e-02	2.654598e-02	3.414864e-02	-4.336771e-02	5.290769e-02	-5.065129e-03	-4.223965e-03	-6.893468e-01	9.476564e-01	-9.872258e-01	1.000000e+00	-2.678536e-01	-9.503552e-02	1.579553e-01	-1.778020e-01	1.794217e-01	4.843945e-02	-7.165965e-02	
6.901758e-03	1.285945e-01	7.321427e-02	-3.610939e-02	-2.004998e-02	2.271634e-02	-2.649930e-02	3.879960e-02	-2.953901e-02	2.465806e-03	6.838685e-03	-1.611121e-02	-2.948101e-02	2.744550e-02	-1.390447e-01	-4.294239e-01	3.490452e-01	-2.678536e-01	1.000000e+00	-9.153020e-01	3.035293e-02	-1.639993e-02	-5.641219e-03	9.717961e-04	-8.314430e-02	
5.000066e-04	-1.023615e-01	-5.343562e-02	7.127220e-03	2.219603e-02	-3.019673e-02	3.883026e-02	-2.877508e-02	2.149356e-02	-6.213162e-03	-2.900520e-04	6.492638e-03	3.078100e-02	-2.528505e-02	3.909780e-01	6.867117e-02	1.866358e-02	-9.503552e-02	-9.153020e-01	1.000000e+00	-8.986868e-02	8.106385e-02	-5.679329e-02	-1.482261e-02	1.180416e-01	
8.944290e-03	-4.554131e-03	-3.772779e-01	2.464867e-01	-3.004203e-02	4.168651e-02	-5.432446e-02	-2.106064e-02	4.474785e-02	9.145772e-02	-1.303921e-01	1.838703e-01	4.092088e-02	-6.194306e-02	9.817856e-02	1.587613e-01	-1.613772e-01	1.579553e-01	3.035293e-02	-8.986868e-02	1.000000e+00	-9.869126e-01	9.307558e-01	-7.264839e-01	5.859443e-01	
2.280684e-02	-9.517075e-03	4.733036e-01	-2.980575e-01	3.037713e-02	-4.176847e-02	5.480884e-02	1.687012e-02	-4.176841e-02	-1.177366e-01	1.680107e-01	-2.377076e-01	-5.780900e-02	9.039528e-02	-1.463731e-01	-1.791306e-01	1.817102e-01	-1.778020e-01	-1.639993e-02	8.106385e-02	-9.869126e-01	1.000000e+00	-9.765202e-01	6.931013e-01	-5.479227e-01	
-9.309195e-02	4.191440e-02	-5.937346e-01	3.614132e-01	-3.242076e-02	4.236418e-02	-5.467078e-02	-9.037354e-03	3.438905e-02	1.524453e-01	-2.179223e-01	3.099724e-01	7.876452e-02	-1.289495e-01	2.283554e-01	1.832358e-01	-1.844366e-01	1.794217e-01	-5.641219e-03	-5.679329e-02	9.307558e-01	-9.765202e-01	1.000000e+00	-6.092743e-01	4.631974e-01	
2.970380e-02	-1.431292e-01	-1.932029e-01	9.779903e-02	3.104253e-02	-3.541307e-02	3.840967e-02	-2.296530e-02	8.453515e-03	5.863530e-02	-7.289523e-02	9.268901e-02	5.387270e-02	-7.134475e-02	9.954356e-02	3.346006e-02	-4.211581e-02	4.843945e-02	9.717961e-04	-1.482261e-02	-7.264839e-01	6.931013e-01	-6.092743e-01	1.000000e+00	-9.670075e-01	
4.084272e-02	9.666590e-02	2.951818e-01	-1.585954e-01	-2.311340e-02	2.707260e-02	-2.933509e-02	2.182794e-02	-1.094137e-02	-9.050213e-02	1.170167e-01	-1.558450e-01	-6.671059e-02	9.747184e-02	-1.210449e-01	-4.580436e-02	6.095426e-02	-7.165965e-02	-8.314430e-02	1.180416e-01	5.859443e-01	-5.479227e-01	4.631974e-01	-9.670075e-01	1.000000e+00	

Time taken for mcmc chain: 19.700000 minutes
