Number of steps: 1080881
Number of accepted steps: 1000000
Burn-in number of steps: 320000
Accepted fraction of steps: 0.925171
Convergence Status
R[0]= 1.345892	R[1]= 1.060671	R[2]= 1.089837	R[3]= 1.037296	R[4]= 1.210156	R[5]= 1.185204	R[6]= 1.153852	R[7]= 1.075682	R[8]= 1.053938	R[9]= 1.083830	R[10]= 1.089525	R[11]= 1.090469	R[12]= 1.109981	R[13]= 1.088602	R[14]= 1.102400	R[15]= 1.057305	R[16]= 1.065786	R[17]= 1.078712	R[18]= 1.122761	R[19]= 1.098837	R[20]= 1.022472	R[21]= 1.016579	R[22]= 1.012008	R[23]= 1.011766	R[24]= 1.025059	
<R>= 1.091545

Mean parameters
A[0]= 9.498532e-01 pm 2.891764e-02
A[1]= 1.044214e+00 pm 1.949937e-02
A[2]= 5.464628e-01 pm 2.463407e-01
A[3]= 3.937382e+00 pm 8.738308e-01
A[4]= -4.972265e+03 pm 3.698004e+03
A[5]= 2.604903e+03 pm 2.391300e+03
A[6]= -1.542369e+02 pm 5.469539e+02
A[7]= 1.332800e+01 pm 1.414525e+01
A[8]= -1.778689e-01 pm 1.775105e-01
A[9]= -9.681263e+02 pm 7.101810e+03
A[10]= -5.641157e+01 pm 4.241909e+03
A[11]= -1.053952e+02 pm 8.799043e+02
A[12]= -7.851444e+00 pm 4.105277e+01
A[13]= 8.443443e-02 pm 7.444973e-01
A[14]= 5.371182e+00 pm 1.206666e+00
A[15]= -5.058545e+03 pm 4.418041e+03
A[16]= 4.163336e+03 pm 2.767168e+03
A[17]= -7.775984e+02 pm 6.227169e+02
A[18]= -4.534142e+00 pm 1.858837e+01
A[19]= 2.218245e-01 pm 2.577659e-01
A[20]= 4.749023e+03 pm 1.195101e+04
A[21]= -2.776898e+03 pm 6.987429e+03
A[22]= 1.514308e+02 pm 1.379520e+03
A[23]= -4.028435e+01 pm 6.406620e+01
A[24]= 5.826233e-01 pm 1.130950e+00

Best-fitting parameters
A[0]= 9.466408e-01
A[1]= 1.047381e+00
A[2]= 8.798516e-01
A[3]= 3.373521e+00
A[4]= -5.713392e+03
A[5]= 3.011403e+03
A[6]= -2.571973e+02
A[7]= 1.015049e+01
A[8]= -1.440377e-01
A[9]= -1.044852e+04
A[10]= 6.171237e+03
A[11]= -1.483399e+03
A[12]= 2.630224e+01
A[13]= -4.065810e-01
A[14]= 4.927826e+00
A[15]= -7.150527e+03
A[16]= 5.680456e+03
A[17]= -1.162628e+03
A[18]= -1.205291e+01
A[19]= 3.774408e-01
A[20]= 4.945674e+03
A[21]= -1.617846e+03
A[22]= -4.984350e+02
A[23]= -8.026367e+01
A[24]= 1.539370e+00
chi2_min= 1.003168e+02


Cross-Covariance parameters
1.000000e+00	-4.053693e-01	-3.010456e-01	1.677659e-01	-3.930804e-02	7.059774e-03	1.950191e-02	-7.600091e-02	1.607243e-01	-2.682163e-02	2.086297e-02	-3.005296e-02	1.991940e-01	-1.567905e-01	7.352029e-02	-5.587534e-02	3.128715e-02	-1.801230e-02	2.680675e-01	-2.693647e-01	7.158982e-02	-8.596312e-02	7.351453e-02	6.656861e-02	-1.062696e-01	
-4.053693e-01	1.000000e+00	1.418133e-01	-4.380803e-02	-1.711561e-01	1.952900e-01	-2.171192e-01	2.934345e-01	-2.562611e-01	-2.540586e-02	2.151848e-02	-2.878832e-03	-7.443092e-02	-1.080913e-02	-1.981616e-01	1.652901e-01	-1.294651e-01	8.395041e-02	6.042333e-02	-9.372701e-02	1.094816e-01	-1.105855e-01	1.199755e-01	-1.227948e-01	6.674505e-02	
-3.010456e-01	1.418133e-01	1.000000e+00	-5.638603e-01	-1.140039e-01	1.385323e-01	-1.563357e-01	7.545290e-02	-4.008553e-02	-3.730414e-01	4.890705e-01	-6.224438e-01	-6.290531e-02	2.077919e-01	-6.560535e-01	1.116930e-03	-5.620894e-03	2.410153e-02	-2.565477e-02	2.332084e-02	-4.563491e-01	5.388773e-01	-6.407656e-01	2.171935e-01	-1.233364e-01	
1.677659e-01	-4.380803e-02	-5.638603e-01	1.000000e+00	-5.573023e-01	6.086170e-01	-6.479166e-01	2.269749e-01	4.453348e-02	1.359289e-01	-1.792252e-01	2.279966e-01	-2.995249e-02	-1.952784e-02	4.805697e-01	-7.482599e-02	8.403847e-02	-9.880201e-02	-2.184723e-02	6.987840e-02	1.663456e-01	-2.389088e-01	3.279045e-01	-1.106917e-01	9.790454e-02	
-3.930804e-02	-1.711561e-01	-1.140039e-01	-5.573023e-01	1.000000e+00	-9.864302e-01	9.450955e-01	-7.674990e-01	4.336863e-01	-5.530328e-02	1.196959e-02	5.107790e-02	2.340419e-01	-1.950522e-01	-2.380576e-02	3.666530e-02	-5.474500e-02	7.215944e-02	1.171987e-02	-6.192590e-02	5.393895e-02	-4.047105e-02	2.636352e-02	5.067389e-02	-8.418837e-02	
7.059774e-03	1.952900e-01	1.385323e-01	6.086170e-01	-9.864302e-01	1.000000e+00	-9.855329e-01	7.303924e-01	-3.845305e-01	1.722161e-02	2.895900e-02	-9.327740e-02	-2.271364e-01	2.015702e-01	1.417382e-02	-4.560878e-02	6.240507e-02	-7.768543e-02	-1.517048e-02	6.661106e-02	-9.123076e-02	7.587852e-02	-5.821698e-02	-2.438856e-02	6.371907e-02	
1.950191e-02	-2.171192e-01	-1.563357e-01	-6.479166e-01	9.450955e-01	-9.855329e-01	1.000000e+00	-6.698734e-01	3.236222e-01	2.803495e-02	-7.600012e-02	1.398968e-01	2.023517e-01	-1.889602e-01	-5.701140e-03	5.994255e-02	-7.453295e-02	8.676068e-02	8.621379e-03	-6.145694e-02	1.201612e-01	-1.035317e-01	8.344393e-02	2.635151e-03	-4.573671e-02	
-7.600091e-02	2.934345e-01	7.545290e-02	2.269749e-01	-7.674990e-01	7.303924e-01	-6.698734e-01	1.000000e+00	-8.954612e-01	3.154746e-01	-2.837189e-01	2.242170e-01	-3.838829e-01	1.916250e-01	3.232422e-02	-6.043425e-03	3.078770e-02	-5.476466e-02	9.965237e-03	2.806569e-02	8.756327e-02	-9.047234e-02	9.607613e-02	-1.434482e-01	1.355146e-01	
1.607243e-01	-2.562611e-01	-4.008553e-02	4.453348e-02	4.336863e-01	-3.845305e-01	3.236222e-01	-8.954612e-01	1.000000e+00	-4.162569e-01	3.984246e-01	-3.531230e-01	4.065319e-01	-1.546733e-01	-1.905397e-02	3.466962e-03	-1.789709e-02	2.984290e-02	-2.955667e-02	6.338803e-03	-1.486387e-01	1.421134e-01	-1.405352e-01	1.589926e-01	-1.317251e-01	
-2.682163e-02	-2.540586e-02	-3.730414e-01	1.359289e-01	-5.530328e-02	1.722161e-02	2.803495e-02	3.154746e-01	-4.162569e-01	1.000000e+00	-9.845444e-01	9.225575e-01	-7.850857e-01	5.760022e-01	3.958465e-01	-6.888622e-02	1.047980e-01	-1.434322e-01	5.571889e-03	2.970989e-02	2.951628e-01	-3.105076e-01	3.309174e-01	-2.171616e-01	1.632139e-01	
2.086297e-02	2.151848e-02	4.890705e-01	-1.792252e-01	1.196959e-02	2.895900e-02	-7.600012e-02	-2.837189e-01	3.984246e-01	-9.845444e-01	1.000000e+00	-9.751129e-01	7.543122e-01	-5.393745e-01	-4.499877e-01	4.343604e-02	-7.712577e-02	1.153848e-01	9.758402e-04	-2.361010e-02	-3.549665e-01	3.816671e-01	-4.168950e-01	2.465601e-01	-1.789857e-01	
-3.005296e-02	-2.878832e-03	-6.224438e-01	2.279966e-01	5.107790e-02	-9.327740e-02	1.398968e-01	2.242170e-01	-3.531230e-01	9.225575e-01	-9.751129e-01	1.000000e+00	-6.742184e-01	4.616464e-01	5.104717e-01	-1.342032e-02	4.347688e-02	-8.050866e-02	-1.313679e-02	2.123743e-02	4.198015e-01	-4.600766e-01	5.137177e-01	-2.770981e-01	1.943699e-01	
1.991940e-01	-7.443092e-02	-6.290531e-02	-2.995249e-02	2.340419e-01	-2.271364e-01	2.023517e-01	-3.838829e-01	4.065319e-01	-7.850857e-01	7.543122e-01	-6.742184e-01	1.000000e+00	-9.297099e-01	-1.007906e-01	6.558168e-02	-8.577557e-02	1.034915e-01	2.535392e-02	-3.846881e-02	-4.527631e-02	3.903403e-02	-3.601921e-02	9.543068e-02	-8.994084e-02	
-1.567905e-01	-1.080913e-02	2.077919e-01	-1.952784e-02	-1.950522e-01	2.015702e-01	-1.889602e-01	1.916250e-01	-1.546733e-01	5.760022e-01	-5.393745e-01	4.616464e-01	-9.297099e-01	1.000000e+00	-9.371137e-04	-8.474031e-02	8.953431e-02	-9.232871e-02	-4.321056e-02	4.680444e-02	-8.305393e-02	9.836304e-02	-1.153250e-01	-4.138280e-03	2.095409e-02	
7.352029e-02	-1.981616e-01	-6.560535e-01	4.805697e-01	-2.380576e-02	1.417382e-02	-5.701140e-03	3.232422e-02	-1.905397e-02	3.958465e-01	-4.499877e-01	5.104717e-01	-1.007906e-01	-9.371137e-04	1.000000e+00	-5.217188e-01	5.956857e-01	-6.622228e-01	1.001382e-02	2.281142e-01	2.313854e-01	-2.763175e-01	3.334175e-01	-2.493967e-01	2.404320e-01	
-5.587534e-02	1.652901e-01	1.116930e-03	-7.482599e-02	3.666530e-02	-4.560878e-02	5.994255e-02	-6.043425e-03	3.466962e-03	-6.888622e-02	4.343604e-02	-1.342032e-02	6.558168e-02	-8.474031e-02	-5.217188e-01	1.000000e+00	-9.830483e-01	9.301919e-01	-5.934278e-01	2.935585e-01	1.168672e-01	-1.272589e-01	1.481818e-01	2.101201e-02	-2.068079e-02	
3.128715e-02	-1.294651e-01	-5.620894e-03	8.403847e-02	-5.474500e-02	6.240507e-02	-7.453295e-02	3.078770e-02	-1.789709e-02	1.047980e-01	-7.712577e-02	4.347688e-02	-8.577557e-02	8.953431e-02	5.956857e-01	-9.830483e-01	1.000000e+00	-9.810337e-01	5.467370e-01	-2.261308e-01	-9.672015e-02	1.096340e-01	-1.329919e-01	-6.650534e-02	7.501576e-02	
-1.801230e-02	8.395041e-02	2.410153e-02	-9.880201e-02	7.215944e-02	-7.768543e-02	8.676068e-02	-5.476466e-02	2.984290e-02	-1.434322e-01	1.153848e-01	-8.050866e-02	1.034915e-01	-9.232871e-02	-6.622228e-01	9.301919e-01	-9.810337e-01	1.000000e+00	-4.766963e-01	1.490486e-01	6.707560e-02	-8.164907e-02	1.065446e-01	1.107938e-01	-1.239970e-01	
2.680675e-01	6.042333e-02	-2.565477e-02	-2.184723e-02	1.171987e-02	-1.517048e-02	8.621379e-03	9.965237e-03	-2.955667e-02	5.571889e-03	9.758402e-04	-1.313679e-02	2.535392e-02	-4.321056e-02	1.001382e-02	-5.934278e-01	5.467370e-01	-4.766963e-01	1.000000e+00	-9.266749e-01	8.447899e-02	-7.394175e-02	4.388680e-02	-1.681691e-02	-1.048207e-01	
-2.693647e-01	-9.372701e-02	2.332084e-02	6.987840e-02	-6.192590e-02	6.661106e-02	-6.145694e-02	2.806569e-02	6.338803e-03	2.970989e-02	-2.361010e-02	2.123743e-02	-3.846881e-02	4.680444e-02	2.281142e-01	2.935585e-01	-2.261308e-01	1.490486e-01	-9.266749e-01	1.000000e+00	-1.292165e-01	1.206572e-01	-9.411446e-02	-1.986640e-02	1.710706e-01	
7.158982e-02	1.094816e-01	-4.563491e-01	1.663456e-01	5.393895e-02	-9.123076e-02	1.201612e-01	8.756327e-02	-1.486387e-01	2.951628e-01	-3.549665e-01	4.198015e-01	-4.527631e-02	-8.305393e-02	2.313854e-01	1.168672e-01	-9.672015e-02	6.707560e-02	8.447899e-02	-1.292165e-01	1.000000e+00	-9.913392e-01	9.529625e-01	-8.757746e-01	7.523368e-01	
-8.596312e-02	-1.105855e-01	5.388773e-01	-2.389088e-01	-4.047105e-02	7.587852e-02	-1.035317e-01	-9.047234e-02	1.421134e-01	-3.105076e-01	3.816671e-01	-4.600766e-01	3.903403e-02	9.836304e-02	-2.763175e-01	-1.272589e-01	1.096340e-01	-8.164907e-02	-7.394175e-02	1.206572e-01	-9.913392e-01	1.000000e+00	-9.837958e-01	8.682355e-01	-7.465282e-01	
7.351453e-02	1.199755e-01	-6.407656e-01	3.279045e-01	2.636352e-02	-5.821698e-02	8.344393e-02	9.607613e-02	-1.405352e-01	3.309174e-01	-4.168950e-01	5.137177e-01	-3.601921e-02	-1.153250e-01	3.334175e-01	1.481818e-01	-1.329919e-01	1.065446e-01	4.388680e-02	-9.411446e-02	9.529625e-01	-9.837958e-01	1.000000e+00	-8.313648e-01	7.163036e-01	
6.656861e-02	-1.227948e-01	2.171935e-01	-1.106917e-01	5.067389e-02	-2.438856e-02	2.635151e-03	-1.434482e-01	1.589926e-01	-2.171616e-01	2.465601e-01	-2.770981e-01	9.543068e-02	-4.138280e-03	-2.493967e-01	2.101201e-02	-6.650534e-02	1.107938e-01	-1.681691e-02	-1.986640e-02	-8.757746e-01	8.682355e-01	-8.313648e-01	1.000000e+00	-9.675799e-01	
-1.062696e-01	6.674505e-02	-1.233364e-01	9.790454e-02	-8.418837e-02	6.371907e-02	-4.573671e-02	1.355146e-01	-1.317251e-01	1.632139e-01	-1.789857e-01	1.943699e-01	-8.994084e-02	2.095409e-02	2.404320e-01	-2.068079e-02	7.501576e-02	-1.239970e-01	-1.048207e-01	1.710706e-01	7.523368e-01	-7.465282e-01	7.163036e-01	-9.675799e-01	1.000000e+00	

Time taken for mcmc chain: 6.300000 minutes
