Number of steps: 1195465
Number of accepted steps: 1000000
Burn-in number of steps: 320000
Accepted fraction of steps: 0.836495
Convergence Status
R[0]= 1.109420	R[1]= 1.120558	R[2]= 1.014542	R[3]= 1.127144	R[4]= 1.118992	R[5]= 1.135257	R[6]= 1.145364	R[7]= 1.082903	R[8]= 1.091966	R[9]= 1.071122	R[10]= 1.066290	R[11]= 1.053004	R[12]= 1.122789	R[13]= 1.175204	R[14]= 1.066473	R[15]= 1.124449	R[16]= 1.140848	R[17]= 1.155770	R[18]= 1.109075	R[19]= 1.079555	R[20]= 1.041578	R[21]= 1.033543	R[22]= 1.025737	R[23]= 1.017382	R[24]= 1.024507	
<R>= 1.090139

Mean parameters
A[0]= 9.018694e-01 pm 3.777989e-02
A[1]= 1.013509e+00 pm 2.758333e-02
A[2]= 3.680261e-01 pm 2.694817e-01
A[3]= 4.488872e+00 pm 1.158922e+00
A[4]= -3.696812e+03 pm 3.614355e+03
A[5]= 2.092741e+03 pm 2.382782e+03
A[6]= -1.191565e+02 pm 5.490904e+02
A[7]= 1.165271e+01 pm 1.188461e+01
A[8]= -1.704752e-01 pm 1.675929e-01
A[9]= -9.777545e+02 pm 8.014206e+03
A[10]= -3.675315e+02 pm 4.522007e+03
A[11]= 5.676498e+01 pm 8.731203e+02
A[12]= 1.162056e+01 pm 4.646144e+01
A[13]= -3.697161e-01 pm 8.707288e-01
A[14]= 5.855630e+00 pm 1.478900e+00
A[15]= -8.938037e+03 pm 4.607439e+03
A[16]= 5.954465e+03 pm 3.000506e+03
A[17]= -1.031367e+03 pm 6.932521e+02
A[18]= 1.588282e+01 pm 1.786390e+01
A[19]= -5.346632e-02 pm 2.467279e-01
A[20]= 7.764094e+02 pm 8.333841e+03
A[21]= -1.171255e+03 pm 5.059535e+03
A[22]= 3.729419e+01 pm 1.054826e+03
A[23]= 1.430564e+01 pm 5.553782e+01
A[24]= -6.967949e-01 pm 1.106696e+00

Best-fitting parameters
A[0]= 8.935471e-01
A[1]= 9.844082e-01
A[2]= 5.469174e-01
A[3]= 4.889300e+00
A[4]= -6.983431e+03
A[5]= 4.533963e+03
A[6]= -7.131308e+02
A[7]= 1.989938e+01
A[8]= -2.376399e-01
A[9]= -5.374407e+03
A[10]= 2.477932e+03
A[11]= -6.091667e+02
A[12]= 3.903666e+00
A[13]= -1.339524e-01
A[14]= 4.814901e+00
A[15]= -7.861933e+03
A[16]= 5.198570e+03
A[17]= -8.156126e+02
A[18]= 1.858186e+01
A[19]= -1.117426e-01
A[20]= -2.357096e+03
A[21]= 9.574442e+02
A[22]= -4.859784e+02
A[23]= 1.359264e+01
A[24]= -5.401361e-01
chi2_min= 1.016462e+02


Cross-Covariance parameters
1.000000e+00	-6.067797e-01	-3.714063e-01	2.598649e-01	2.608060e-02	8.696220e-04	-2.717095e-02	2.941661e-02	4.228322e-04	-5.259314e-02	2.792721e-02	-1.933893e-02	1.723166e-01	-1.518093e-01	1.926777e-01	-8.561288e-03	1.399890e-02	-1.818211e-02	1.989316e-01	-1.868034e-01	8.177996e-02	-7.277313e-02	2.490169e-02	2.142868e-01	-2.099539e-01	
-6.067797e-01	1.000000e+00	3.512429e-01	-4.917673e-01	1.706178e-01	-1.992321e-01	2.135765e-01	4.734710e-02	-1.359185e-01	-3.558607e-02	4.531139e-02	-3.987977e-02	-6.269898e-02	3.900477e-02	-3.314908e-01	5.218550e-03	-8.791093e-03	6.250264e-03	4.789961e-02	-5.151819e-02	2.157054e-02	-1.042754e-02	3.014908e-02	-2.761769e-01	2.617572e-01	
-3.714063e-01	3.512429e-01	1.000000e+00	-5.964672e-01	-1.866755e-01	1.584073e-01	-1.242928e-01	2.051767e-01	-1.396362e-01	-2.609600e-01	3.783198e-01	-5.249748e-01	-1.872279e-01	2.961434e-01	-5.752062e-01	-3.158348e-02	3.216057e-02	-3.320814e-02	-3.385303e-02	2.325337e-02	-3.204550e-01	4.321212e-01	-5.507321e-01	-1.526990e-01	2.432939e-01	
2.598649e-01	-4.917673e-01	-5.964672e-01	1.000000e+00	-5.065682e-01	5.859964e-01	-6.486514e-01	-1.834183e-02	2.803527e-01	1.985604e-01	-2.486066e-01	3.038346e-01	-8.965917e-02	5.850731e-02	4.872210e-01	-1.158873e-03	2.374495e-02	-4.472369e-02	-3.978824e-02	4.764968e-02	1.397745e-01	-2.136656e-01	2.836122e-01	1.293126e-01	-1.610314e-01	
2.608060e-02	1.706178e-01	-1.866755e-01	-5.065682e-01	1.000000e+00	-9.861877e-01	9.474673e-01	-6.046394e-01	1.983748e-01	5.075830e-02	-9.670770e-02	1.567941e-01	2.113043e-01	-2.277768e-01	1.097664e-03	6.597735e-02	-8.377013e-02	1.000266e-01	-1.780905e-02	1.332327e-03	5.225279e-02	-8.394130e-02	1.286685e-01	3.606782e-02	-7.499900e-02	
8.696220e-04	-1.992321e-01	1.584073e-01	5.859964e-01	-9.861877e-01	1.000000e+00	-9.869924e-01	5.506601e-01	-1.364588e-01	-2.211425e-02	6.810217e-02	-1.314058e-01	-2.415422e-01	2.600986e-01	2.695988e-02	-6.301082e-02	8.360649e-02	-1.025935e-01	6.990307e-03	1.040492e-02	-5.752653e-02	8.344240e-02	-1.221987e-01	-2.579842e-02	6.601408e-02	
-2.717095e-02	2.135765e-01	-1.242928e-01	-6.486514e-01	9.474673e-01	-9.869924e-01	1.000000e+00	-4.880779e-01	8.075737e-02	-5.923675e-03	-3.829703e-02	1.021083e-01	2.632234e-01	-2.812234e-01	-5.132183e-02	5.944428e-02	-8.197346e-02	1.028253e-01	-3.179867e-03	-1.441540e-02	5.844334e-02	-7.724019e-02	1.083701e-01	1.844117e-02	-5.794537e-02	
2.941661e-02	4.734710e-02	2.051767e-01	-1.834183e-02	-6.046394e-01	5.506601e-01	-4.880779e-01	1.000000e+00	-8.821882e-01	4.068257e-02	-9.339288e-03	-4.300626e-02	-1.564301e-01	3.936360e-02	-1.539024e-01	-5.543358e-02	5.265871e-02	-4.758602e-02	1.452899e-01	-1.228534e-01	4.765472e-02	-2.249027e-03	-5.954653e-02	-1.071170e-01	1.181058e-01	
4.228322e-04	-1.359185e-01	-1.396362e-01	2.803527e-01	1.983748e-01	-1.364588e-01	8.075737e-02	-8.821882e-01	1.000000e+00	-9.913457e-02	8.715744e-02	-5.855638e-02	9.363040e-02	7.452113e-02	1.813812e-01	1.999109e-02	-7.354976e-03	-8.969892e-03	-1.512968e-01	1.363368e-01	-9.693702e-02	6.486456e-02	-2.132384e-02	1.265106e-01	-1.136972e-01	
-5.259314e-02	-3.558607e-02	-2.609600e-01	1.985604e-01	5.075830e-02	-2.211425e-02	-5.923675e-03	4.068257e-02	-9.913457e-02	1.000000e+00	-9.864784e-01	9.267808e-01	-8.139218e-01	6.741176e-01	1.695513e-01	4.015747e-02	-4.262929e-02	4.205519e-02	-4.252670e-02	2.295079e-02	6.349906e-02	-1.112381e-01	1.685306e-01	5.586595e-02	-8.952735e-02	
2.792721e-02	4.531139e-02	3.783198e-01	-2.486066e-01	-9.670770e-02	6.810217e-02	-3.829703e-02	-9.339288e-03	8.715744e-02	-9.864784e-01	1.000000e+00	-9.751504e-01	7.673382e-01	-6.174976e-01	-2.299916e-01	-5.950064e-02	6.012645e-02	-5.780116e-02	4.489430e-02	-2.148863e-02	-1.252178e-01	1.864106e-01	-2.574767e-01	-5.512932e-02	1.055626e-01	
-1.933893e-02	-3.987977e-02	-5.249748e-01	3.038346e-01	1.567941e-01	-1.314058e-01	1.021083e-01	-4.300626e-02	-5.855638e-02	9.267808e-01	-9.751504e-01	1.000000e+00	-6.650147e-01	5.080845e-01	3.054569e-01	8.036314e-02	-7.870226e-02	7.436783e-02	-4.862464e-02	2.170835e-02	1.993319e-01	-2.783254e-01	3.691037e-01	5.241557e-02	-1.237351e-01	
1.723166e-01	-6.269898e-02	-1.872279e-01	-8.965917e-02	2.113043e-01	-2.415422e-01	2.632234e-01	-1.564301e-01	9.363040e-02	-8.139218e-01	7.673382e-01	-6.650147e-01	1.000000e+00	-9.585489e-01	7.610957e-02	-5.000354e-02	3.902798e-02	-2.717701e-02	8.287904e-02	-5.475316e-02	5.750735e-02	-6.603153e-02	7.417471e-02	3.414142e-02	-4.943346e-02	
-1.518093e-01	3.900477e-02	2.961434e-01	5.850731e-02	-2.277768e-01	2.600986e-01	-2.812234e-01	3.936360e-02	7.452113e-02	6.741176e-01	-6.174976e-01	5.080845e-01	-9.585489e-01	1.000000e+00	-1.174001e-01	2.991757e-02	-1.600422e-02	1.852982e-03	-1.010683e-01	8.002758e-02	-1.189094e-01	1.455464e-01	-1.739616e-01	-2.727443e-02	6.549354e-02	
1.926777e-01	-3.314908e-01	-5.752062e-01	4.872210e-01	1.097664e-03	2.695988e-02	-5.132183e-02	-1.539024e-01	1.813812e-01	1.695513e-01	-2.299916e-01	3.054569e-01	7.610957e-02	-1.174001e-01	1.000000e+00	-5.793242e-01	6.447755e-01	-6.915521e-01	7.274470e-02	1.941361e-01	4.319309e-02	-9.933989e-02	1.656975e-01	1.267575e-01	-1.419069e-01	
-8.561288e-03	5.218550e-03	-3.158348e-02	-1.158873e-03	6.597735e-02	-6.301082e-02	5.944428e-02	-5.543358e-02	1.999109e-02	4.015747e-02	-5.950064e-02	8.036314e-02	-5.000354e-02	2.991757e-02	-5.793242e-01	1.000000e+00	-9.867530e-01	9.492356e-01	-5.768340e-01	2.256276e-01	2.429317e-01	-2.672365e-01	2.813875e-01	-1.250854e-01	1.076593e-01	
1.399890e-02	-8.791093e-03	3.216057e-02	2.374495e-02	-8.377013e-02	8.360649e-02	-8.197346e-02	5.265871e-02	-7.354976e-03	-4.262929e-02	6.012645e-02	-7.870226e-02	3.902798e-02	-1.600422e-02	6.447755e-01	-9.867530e-01	1.000000e+00	-9.872295e-01	5.294321e-01	-1.690454e-01	-2.396883e-01	2.653051e-01	-2.813483e-01	1.134553e-01	-8.996809e-02	
-1.818211e-02	6.250264e-03	-3.320814e-02	-4.472369e-02	1.000266e-01	-1.025935e-01	1.028253e-01	-4.758602e-02	-8.969892e-03	4.205519e-02	-5.780116e-02	7.436783e-02	-2.717701e-02	1.852982e-03	-6.915521e-01	9.492356e-01	-9.872295e-01	1.000000e+00	-4.748116e-01	1.187180e-01	2.278908e-01	-2.550664e-01	2.736435e-01	-9.963819e-02	7.323799e-02	
1.989316e-01	4.789961e-02	-3.385303e-02	-3.978824e-02	-1.780905e-02	6.990307e-03	-3.179867e-03	1.452899e-01	-1.512968e-01	-4.252670e-02	4.489430e-02	-4.862464e-02	8.287904e-02	-1.010683e-01	7.274470e-02	-5.768340e-01	5.294321e-01	-4.748116e-01	1.000000e+00	-9.132555e-01	-1.055801e-01	1.268691e-01	-1.570895e-01	2.517145e-01	-3.402797e-01	
-1.868034e-01	-5.151819e-02	2.325337e-02	4.764968e-02	1.332327e-03	1.040492e-02	-1.441540e-02	-1.228534e-01	1.363368e-01	2.295079e-02	-2.148863e-02	2.170835e-02	-5.475316e-02	8.002758e-02	1.941361e-01	2.256276e-01	-1.690454e-01	1.187180e-01	-9.132555e-01	1.000000e+00	1.542228e-02	-3.138930e-02	6.301525e-02	-2.361619e-01	3.589603e-01	
8.177996e-02	2.157054e-02	-3.204550e-01	1.397745e-01	5.225279e-02	-5.752653e-02	5.844334e-02	4.765472e-02	-9.693702e-02	6.349906e-02	-1.252178e-01	1.993319e-01	5.750735e-02	-1.189094e-01	4.319309e-02	2.429317e-01	-2.396883e-01	2.278908e-01	-1.055801e-01	1.542228e-02	1.000000e+00	-9.834242e-01	9.204518e-01	-7.668520e-01	6.263272e-01	
-7.277313e-02	-1.042754e-02	4.321212e-01	-2.136656e-01	-8.394130e-02	8.344240e-02	-7.724019e-02	-2.249027e-03	6.486456e-02	-1.112381e-01	1.864106e-01	-2.783254e-01	-6.603153e-02	1.455464e-01	-9.933989e-02	-2.672365e-01	2.653051e-01	-2.550664e-01	1.268691e-01	-3.138930e-02	-9.834242e-01	1.000000e+00	-9.748603e-01	7.387922e-01	-5.939562e-01	
2.490169e-02	3.014908e-02	-5.507321e-01	2.836122e-01	1.286685e-01	-1.221987e-01	1.083701e-01	-5.954653e-02	-2.132384e-02	1.685306e-01	-2.574767e-01	3.691037e-01	7.417471e-02	-1.739616e-01	1.656975e-01	2.813875e-01	-2.813483e-01	2.736435e-01	-1.570895e-01	6.301525e-02	9.204518e-01	-9.748603e-01	1.000000e+00	-6.752792e-01	5.336884e-01	
2.142868e-01	-2.761769e-01	-1.526990e-01	1.293126e-01	3.606782e-02	-2.579842e-02	1.844117e-02	-1.071170e-01	1.265106e-01	5.586595e-02	-5.512932e-02	5.241557e-02	3.414142e-02	-2.727443e-02	1.267575e-01	-1.250854e-01	1.134553e-01	-9.963819e-02	2.517145e-01	-2.361619e-01	-7.668520e-01	7.387922e-01	-6.752792e-01	1.000000e+00	-9.652299e-01	
-2.099539e-01	2.617572e-01	2.432939e-01	-1.610314e-01	-7.499900e-02	6.601408e-02	-5.794537e-02	1.181058e-01	-1.136972e-01	-8.952735e-02	1.055626e-01	-1.237351e-01	-4.943346e-02	6.549354e-02	-1.419069e-01	1.076593e-01	-8.996809e-02	7.323799e-02	-3.402797e-01	3.589603e-01	6.263272e-01	-5.939562e-01	5.336884e-01	-9.652299e-01	1.000000e+00	

Time taken for mcmc chain: 7.616667 minutes
