Number of steps: 2130565
Number of accepted steps: 1000000
Burn-in number of steps: 320000
Accepted fraction of steps: 0.469359
Convergence Status
R[0]= 1.014272	R[1]= 1.013485	R[2]= 1.050038	R[3]= 1.039043	R[4]= 1.010418	R[5]= 1.011009	R[6]= 1.010940	R[7]= 1.004578	R[8]= 1.010159	R[9]= 1.009105	R[10]= 1.010705	R[11]= 1.012111	R[12]= 1.003768	R[13]= 1.003088	R[14]= 1.017094	R[15]= 1.012194	R[16]= 1.016209	R[17]= 1.019776	R[18]= 1.001130	R[19]= 1.003908	R[20]= 1.014017	R[21]= 1.017391	R[22]= 1.020675	R[23]= 1.004386	R[24]= 1.010607	
<R>= 1.013604

Mean parameters
A[0]= 9.148618e-01 pm 3.501180e-02
A[1]= 1.031073e+00 pm 3.079852e-02
A[2]= 6.955832e-01 pm 4.745489e-01
A[3]= 3.318187e+00 pm 1.194321e+00
A[4]= -2.939341e+03 pm 3.672311e+03
A[5]= 1.352284e+03 pm 2.401906e+03
A[6]= 1.082726e+02 pm 5.583176e+02
A[7]= 1.657843e+01 pm 1.251016e+01
A[8]= -2.935995e-01 pm 1.751195e-01
A[9]= -4.146939e+03 pm 7.995729e+03
A[10]= 1.912526e+03 pm 4.782973e+03
A[11]= -5.130530e+02 pm 1.000432e+03
A[12]= 2.408172e+01 pm 4.771070e+01
A[13]= -6.939214e-01 pm 9.252517e-01
A[14]= 5.000181e+00 pm 1.721221e+00
A[15]= -8.004710e+03 pm 5.076017e+03
A[16]= 5.576158e+03 pm 3.355568e+03
A[17]= -9.788987e+02 pm 7.890142e+02
A[18]= 8.209700e+00 pm 1.934797e+01
A[19]= 5.457391e-02 pm 2.708851e-01
A[20]= 3.656783e+03 pm 1.143133e+04
A[21]= -2.060642e+03 pm 7.009542e+03
A[22]= -1.973286e+01 pm 1.504715e+03
A[23]= -4.452128e+01 pm 6.639567e+01
A[24]= 6.071087e-01 pm 1.317389e+00

Best-fitting parameters
A[0]= 9.247087e-01
A[1]= 1.030757e+00
A[2]= 3.389055e-01
A[3]= 3.865670e+00
A[4]= -3.034468e+03
A[5]= 1.323641e+03
A[6]= 1.215094e+02
A[7]= 1.835104e+01
A[8]= -3.203160e-01
A[9]= -1.409627e+03
A[10]= -1.108383e+02
A[11]= 9.848696e+00
A[12]= 3.030820e+01
A[13]= -1.043719e+00
A[14]= 5.082676e+00
A[15]= -7.794590e+03
A[16]= 5.100222e+03
A[17]= -7.859601e+02
A[18]= 2.705948e+01
A[19]= -2.415251e-01
A[20]= 6.436113e+03
A[21]= -4.557955e+03
A[22]= 7.231847e+02
A[23]= -2.416986e+01
A[24]= 2.884443e-02
chi2_min= 9.509933e+01


Cross-Covariance parameters
1.000000e+00	-5.215651e-01	-1.635474e-01	1.154827e-01	1.062765e-02	-3.690452e-03	-9.741697e-03	5.950795e-02	-2.882436e-02	-8.736321e-03	1.800558e-02	-4.630174e-02	1.160303e-01	-7.967475e-02	7.009341e-02	9.104787e-02	-9.477914e-02	8.921353e-02	4.210924e-02	-5.180649e-02	6.108032e-02	-5.216287e-02	1.859520e-02	1.184811e-01	-1.056900e-01	
-5.215651e-01	1.000000e+00	2.567370e-01	-2.600183e-01	-4.442586e-03	-4.803254e-03	4.250809e-03	1.406248e-01	-1.597612e-01	-1.733898e-02	1.960597e-02	-1.516617e-02	-8.175540e-02	2.965492e-02	-2.607559e-01	-4.649176e-02	5.337681e-02	-6.565948e-02	1.570712e-01	-1.446025e-01	-6.347955e-02	6.981604e-02	-6.328741e-02	-1.135135e-01	9.416788e-02	
-1.635474e-01	2.567370e-01	1.000000e+00	-7.227027e-01	1.200307e-02	-1.687714e-02	2.731419e-02	2.306589e-02	-5.920174e-02	-3.169290e-01	4.400409e-01	-5.861836e-01	-1.599388e-01	2.635600e-01	-6.767528e-01	-8.914053e-02	1.124290e-01	-1.251807e-01	-7.250781e-02	1.056014e-01	-4.356308e-01	5.549463e-01	-6.879365e-01	-2.375781e-01	3.981574e-01	
1.154827e-01	-2.600183e-01	-7.227027e-01	1.000000e+00	-5.183755e-01	5.742934e-01	-6.170071e-01	8.224492e-02	2.014177e-01	1.507703e-01	-2.193251e-01	3.075726e-01	7.079860e-02	-1.028355e-01	5.175737e-01	5.237006e-02	-7.096886e-02	8.310729e-02	4.320575e-02	-5.789975e-02	3.180652e-01	-4.001554e-01	4.932932e-01	1.855043e-01	-2.940095e-01	
1.062765e-02	-4.442586e-03	1.200307e-02	-5.183755e-01	1.000000e+00	-9.846422e-01	9.420936e-01	-6.085742e-01	2.057904e-01	7.163171e-02	-1.130610e-01	1.563818e-01	9.539803e-02	-8.890059e-02	-9.847978e-03	4.115810e-02	-3.761940e-02	3.304205e-02	-4.698300e-02	3.386207e-02	-3.642763e-02	2.752537e-02	-1.764081e-02	2.340378e-02	-2.235276e-02	
-3.690452e-03	-4.803254e-03	-1.687714e-02	5.742934e-01	-9.846422e-01	1.000000e+00	-9.856731e-01	5.490634e-01	-1.325626e-01	-8.571323e-02	1.298799e-01	-1.763416e-01	-1.061621e-01	1.130456e-01	6.536299e-03	-3.703146e-02	3.175383e-02	-2.598215e-02	4.413222e-02	-3.026795e-02	3.564284e-02	-2.725691e-02	1.791401e-02	-1.896182e-02	1.843909e-02	
-9.741697e-03	4.250809e-03	2.731419e-02	-6.170071e-01	9.420936e-01	-9.856731e-01	1.000000e+00	-4.796169e-01	6.516479e-02	1.005891e-01	-1.449320e-01	1.913563e-01	1.035150e-01	-1.204861e-01	-5.371453e-03	3.118158e-02	-2.434087e-02	1.782516e-02	-4.489603e-02	3.069851e-02	-3.735336e-02	3.051127e-02	-2.276279e-02	1.288554e-02	-1.125614e-02	
5.950795e-02	1.406248e-01	2.306589e-02	8.224492e-02	-6.085742e-01	5.490634e-01	-4.796169e-01	1.000000e+00	-8.815440e-01	1.161366e-01	-9.142762e-02	5.129355e-02	-7.506083e-02	-7.862657e-02	-2.628196e-02	-2.410172e-02	2.725459e-02	-3.228202e-02	8.354415e-02	-7.306268e-02	3.048833e-02	-2.511476e-02	1.587572e-02	-4.672608e-02	4.089162e-02	
-2.882436e-02	-1.597612e-01	-5.920174e-02	2.014177e-01	2.057904e-01	-1.325626e-01	6.516479e-02	-8.815440e-01	1.000000e+00	-1.698831e-01	1.603016e-01	-1.333975e-01	4.112861e-02	1.556138e-01	4.436906e-02	1.729883e-02	-2.381657e-02	3.173763e-02	-6.080940e-02	5.275628e-02	3.658760e-04	-4.169284e-03	1.116334e-02	5.011801e-02	-4.855706e-02	
-8.736321e-03	-1.733898e-02	-3.169290e-01	1.507703e-01	7.163171e-02	-8.571323e-02	1.005891e-01	1.161366e-01	-1.698831e-01	1.000000e+00	-9.823001e-01	9.106290e-01	-7.531580e-01	5.800385e-01	2.285620e-01	4.132642e-02	-4.255592e-02	4.065471e-02	1.098542e-02	-2.408321e-02	1.334280e-01	-1.779196e-01	2.287821e-01	7.759045e-02	-1.306634e-01	
1.800558e-02	1.960597e-02	4.400409e-01	-2.193251e-01	-1.130610e-01	1.298799e-01	-1.449320e-01	-9.142762e-02	1.603016e-01	-9.823001e-01	1.000000e+00	-9.711078e-01	6.960986e-01	-5.177758e-01	-3.189733e-01	-5.067721e-02	5.338755e-02	-5.172888e-02	-2.157368e-02	3.912819e-02	-1.886949e-01	2.493281e-01	-3.192827e-01	-1.062047e-01	1.819175e-01	
-4.630174e-02	-1.516617e-02	-5.861836e-01	3.075726e-01	1.563818e-01	-1.763416e-01	1.913563e-01	5.129355e-02	-1.333975e-01	9.106290e-01	-9.711078e-01	1.000000e+00	-5.749546e-01	3.986909e-01	4.254061e-01	6.096358e-02	-6.596151e-02	6.520098e-02	3.339361e-02	-5.639453e-02	2.551811e-01	-3.353887e-01	4.288500e-01	1.381849e-01	-2.411692e-01	
1.160303e-01	-8.175540e-02	-1.599388e-01	7.079860e-02	9.539803e-02	-1.061621e-01	1.035150e-01	-7.506083e-02	4.112861e-02	-7.531580e-01	6.960986e-01	-5.749546e-01	1.000000e+00	-9.531172e-01	1.072192e-01	1.268906e-02	-2.023151e-02	2.534168e-02	1.732763e-02	-2.012121e-02	6.820739e-02	-8.610080e-02	1.042719e-01	4.626138e-02	-6.998309e-02	
-7.967475e-02	2.965492e-02	2.635600e-01	-1.028355e-01	-8.890059e-02	1.130456e-01	-1.204861e-01	-7.862657e-02	1.556138e-01	5.800385e-01	-5.177758e-01	3.986909e-01	-9.531172e-01	1.000000e+00	-1.762349e-01	-1.912407e-02	2.829895e-02	-3.349096e-02	-3.640336e-02	4.219121e-02	-1.190336e-01	1.529660e-01	-1.902071e-01	-6.029965e-02	1.060203e-01	
7.009341e-02	-2.607559e-01	-6.767528e-01	5.175737e-01	-9.847978e-03	6.536299e-03	-5.371453e-03	-2.628196e-02	4.436906e-02	2.285620e-01	-3.189733e-01	4.254061e-01	1.072192e-01	-1.762349e-01	1.000000e+00	-4.545506e-01	5.067516e-01	-5.440688e-01	3.318676e-02	1.847831e-01	2.129015e-01	-2.715603e-01	3.448885e-01	1.105789e-01	-1.731742e-01	
9.104787e-02	-4.649176e-02	-8.914053e-02	5.237006e-02	4.115810e-02	-3.703146e-02	3.118158e-02	-2.410172e-02	1.729883e-02	4.132642e-02	-5.067721e-02	6.096358e-02	1.268906e-02	-1.912407e-02	-4.545506e-01	1.000000e+00	-9.822758e-01	9.341570e-01	-5.407967e-01	1.860859e-01	1.714002e-01	-2.085395e-01	2.398479e-01	5.721127e-02	-8.850110e-02	
-9.477914e-02	5.337681e-02	1.124290e-01	-7.096886e-02	-3.761940e-02	3.175383e-02	-2.434087e-02	2.725459e-02	-2.381657e-02	-4.255592e-02	5.338755e-02	-6.596151e-02	-2.023151e-02	2.829895e-02	5.067516e-01	-9.822758e-01	1.000000e+00	-9.840055e-01	4.630891e-01	-9.387104e-02	-1.872991e-01	2.317294e-01	-2.704756e-01	-7.749143e-02	1.218226e-01	
8.921353e-02	-6.565948e-02	-1.251807e-01	8.310729e-02	3.304205e-02	-2.598215e-02	1.782516e-02	-3.228202e-02	3.173763e-02	4.065471e-02	-5.172888e-02	6.520098e-02	2.534168e-02	-3.349096e-02	-5.440688e-01	9.341570e-01	-9.840055e-01	1.000000e+00	-3.779934e-01	9.250356e-03	1.934170e-01	-2.429173e-01	2.871801e-01	9.163742e-02	-1.448601e-01	
4.210924e-02	1.570712e-01	-7.250781e-02	4.320575e-02	-4.698300e-02	4.413222e-02	-4.489603e-02	8.354415e-02	-6.080940e-02	1.098542e-02	-2.157368e-02	3.339361e-02	1.732763e-02	-3.640336e-02	3.318676e-02	-5.407967e-01	4.630891e-01	-3.779934e-01	1.000000e+00	-9.125848e-01	4.089466e-02	-4.145598e-02	4.178769e-02	6.621941e-02	-1.589506e-01	
-5.180649e-02	-1.446025e-01	1.056014e-01	-5.789975e-02	3.386207e-02	-3.026795e-02	3.069851e-02	-7.306268e-02	5.275628e-02	-2.408321e-02	3.912819e-02	-5.639453e-02	-2.012121e-02	4.219121e-02	1.847831e-01	1.860859e-01	-9.387104e-02	9.250356e-03	-9.125848e-01	1.000000e+00	-1.227133e-01	1.392843e-01	-1.523897e-01	-9.125292e-02	2.183014e-01	
6.108032e-02	-6.347955e-02	-4.356308e-01	3.180652e-01	-3.642763e-02	3.564284e-02	-3.735336e-02	3.048833e-02	3.658760e-04	1.334280e-01	-1.886949e-01	2.551811e-01	6.820739e-02	-1.190336e-01	2.129015e-01	1.714002e-01	-1.872991e-01	1.934170e-01	4.089466e-02	-1.227133e-01	1.000000e+00	-9.830698e-01	9.172391e-01	-6.521166e-01	4.594587e-01	
-5.216287e-02	6.981604e-02	5.549463e-01	-4.001554e-01	2.752537e-02	-2.725691e-02	3.051127e-02	-2.511476e-02	-4.169284e-03	-1.779196e-01	2.493281e-01	-3.353887e-01	-8.610080e-02	1.529660e-01	-2.715603e-01	-2.085395e-01	2.317294e-01	-2.429173e-01	-4.145598e-02	1.392843e-01	-9.830698e-01	1.000000e+00	-9.739197e-01	5.779147e-01	-3.746913e-01	
1.859520e-02	-6.328741e-02	-6.879365e-01	4.932932e-01	-1.764081e-02	1.791401e-02	-2.276279e-02	1.587572e-02	1.116334e-02	2.287821e-01	-3.192827e-01	4.288500e-01	1.042719e-01	-1.902071e-01	3.448885e-01	2.398479e-01	-2.704756e-01	2.871801e-01	4.178769e-02	-1.523897e-01	9.172391e-01	-9.739197e-01	1.000000e+00	-4.453570e-01	2.380197e-01	
1.184811e-01	-1.135135e-01	-2.375781e-01	1.855043e-01	2.340378e-02	-1.896182e-02	1.288554e-02	-4.672608e-02	5.011801e-02	7.759045e-02	-1.062047e-01	1.381849e-01	4.626138e-02	-6.029965e-02	1.105789e-01	5.721127e-02	-7.749143e-02	9.163742e-02	6.621941e-02	-9.125292e-02	-6.521166e-01	5.779147e-01	-4.453570e-01	1.000000e+00	-9.608917e-01	
-1.056900e-01	9.416788e-02	3.981574e-01	-2.940095e-01	-2.235276e-02	1.843909e-02	-1.125614e-02	4.089162e-02	-4.855706e-02	-1.306634e-01	1.819175e-01	-2.411692e-01	-6.998309e-02	1.060203e-01	-1.731742e-01	-8.850110e-02	1.218226e-01	-1.448601e-01	-1.589506e-01	2.183014e-01	4.594587e-01	-3.746913e-01	2.380197e-01	-9.608917e-01	1.000000e+00	

Time taken for mcmc chain: 25.816667 minutes
