Number of steps: 1070415
Number of accepted steps: 1000000
Burn-in number of steps: 320000
Accepted fraction of steps: 0.934217
Convergence Status
R[0]= 1.074781	R[1]= 1.117639	R[2]= 1.041440	R[3]= 1.442438	R[4]= 1.239522	R[5]= 1.297760	R[6]= 1.345111	R[7]= 1.042646	R[8]= 1.023332	R[9]= 1.176792	R[10]= 1.154837	R[11]= 1.110777	R[12]= 1.156946	R[13]= 1.121944	R[14]= 1.057164	R[15]= 1.148307	R[16]= 1.135841	R[17]= 1.120501	R[18]= 1.141164	R[19]= 1.103589	R[20]= 1.187883	R[21]= 1.192502	R[22]= 1.173568	R[23]= 1.221029	R[24]= 1.221731	
<R>= 1.161970

Mean parameters
A[0]= 8.738346e-01 pm 2.835388e-02
A[1]= 9.932207e-01 pm 2.248788e-02
A[2]= 3.209449e-01 pm 2.044799e-01
A[3]= 4.749287e+00 pm 9.899769e-01
A[4]= -3.746340e+03 pm 3.204185e+03
A[5]= 2.067045e+03 pm 2.028236e+03
A[6]= -1.275190e+02 pm 4.561220e+02
A[7]= 6.192628e+00 pm 1.230951e+01
A[8]= -8.329600e-02 pm 1.762792e-01
A[9]= -5.988467e+03 pm 6.155066e+03
A[10]= 2.214982e+03 pm 3.498649e+03
A[11]= -3.824085e+02 pm 6.798213e+02
A[12]= 3.731400e+01 pm 3.599130e+01
A[13]= -6.969148e-01 pm 7.209639e-01
A[14]= 5.471889e+00 pm 1.269766e+00
A[15]= -7.822009e+03 pm 3.676069e+03
A[16]= 4.836191e+03 pm 2.310193e+03
A[17]= -7.342804e+02 pm 5.230296e+02
A[18]= 1.507330e+01 pm 1.904312e+01
A[19]= -8.192629e-02 pm 2.747881e-01
A[20]= 3.683963e+03 pm 8.113698e+03
A[21]= -2.890316e+03 pm 4.707328e+03
A[22]= 3.475471e+02 pm 9.239435e+02
A[23]= 2.747876e+00 pm 4.996655e+01
A[24]= -5.002431e-01 pm 9.550301e-01

Best-fitting parameters
A[0]= 8.552966e-01
A[1]= 1.023213e+00
A[2]= 4.515366e-01
A[3]= 4.267729e+00
A[4]= -5.791584e+03
A[5]= 3.306235e+03
A[6]= -3.886589e+02
A[7]= 2.219325e+01
A[8]= -2.840213e-01
A[9]= -2.230761e+03
A[10]= 5.401181e+02
A[11]= -1.849637e+02
A[12]= 1.488360e+01
A[13]= -5.358918e-01
A[14]= 4.805100e+00
A[15]= -9.947261e+03
A[16]= 5.913363e+03
A[17]= -8.991568e+02
A[18]= 2.474566e+01
A[19]= -1.686562e-01
A[20]= 4.481924e+03
A[21]= -2.580986e+03
A[22]= 1.887580e+02
A[23]= -4.771406e+00
A[24]= -2.940453e-01
chi2_min= 1.106717e+02


Cross-Covariance parameters
1.000000e+00	-4.400265e-01	-3.416575e-01	-4.193224e-02	7.727080e-02	-1.236681e-01	1.624298e-01	1.853763e-01	-2.270475e-01	9.871984e-02	-9.302054e-02	6.352530e-02	1.754572e-01	-2.079096e-01	1.748739e-01	-4.721783e-02	3.688222e-02	-3.432934e-02	8.136644e-02	-5.274607e-02	3.749941e-02	-3.309440e-02	4.177234e-03	1.660624e-01	-1.350256e-01	
-4.400265e-01	1.000000e+00	1.244361e-01	-1.020751e-01	-6.248962e-02	7.052487e-02	-8.772483e-02	1.063557e-01	-3.724900e-02	5.033764e-02	-6.803573e-02	1.073344e-01	-1.354667e-01	1.072753e-01	-2.351059e-01	1.369846e-01	-1.257722e-01	9.998500e-02	4.368700e-02	-7.124019e-02	1.533812e-01	-1.731929e-01	2.043620e-01	-2.217918e-01	1.462674e-01	
-3.416575e-01	1.244361e-01	1.000000e+00	-5.151686e-01	-1.629749e-01	1.710470e-01	-1.578346e-01	8.751852e-02	-3.844977e-02	-2.787962e-01	3.811564e-01	-5.280810e-01	-2.584723e-01	3.404285e-01	-4.734869e-01	-1.462422e-01	1.339695e-01	-1.106921e-01	-1.050949e-02	2.921406e-02	-3.380175e-01	4.395309e-01	-5.524256e-01	-1.070522e-01	2.292865e-01	
-4.193224e-02	-1.020751e-01	-5.151686e-01	1.000000e+00	-5.280221e-01	6.001211e-01	-6.646456e-01	-7.383314e-02	3.381714e-01	6.028187e-02	-9.709536e-02	1.684719e-01	1.054460e-01	-7.661348e-02	2.896169e-01	9.981410e-02	-7.843187e-02	5.594739e-02	-6.757232e-02	5.744027e-02	1.474772e-01	-2.170903e-01	2.973965e-01	3.192708e-02	-6.401401e-02	
7.727080e-02	-6.248962e-02	-1.629749e-01	-5.280221e-01	1.000000e+00	-9.860857e-01	9.455013e-01	-5.708106e-01	1.920623e-01	7.143130e-02	-1.141393e-01	1.723307e-01	3.762281e-02	4.085565e-03	5.221223e-02	-1.253496e-01	1.065207e-01	-7.908760e-02	2.054817e-01	-1.808968e-01	1.051163e-01	-1.005738e-01	8.949727e-02	4.072890e-02	-1.294848e-01	
-1.236681e-01	7.052487e-02	1.710470e-01	6.001211e-01	-9.860857e-01	1.000000e+00	-9.859564e-01	4.986921e-01	-1.134091e-01	-8.445888e-02	1.274984e-01	-1.829812e-01	-5.183308e-02	2.913632e-02	-5.782281e-02	1.096771e-01	-9.173164e-02	6.762781e-02	-1.879477e-01	1.676967e-01	-9.626774e-02	9.288092e-02	-8.356268e-02	-4.986214e-02	1.358779e-01	
1.624298e-01	-8.772483e-02	-1.578346e-01	-6.646456e-01	9.455013e-01	-9.859564e-01	1.000000e+00	-4.182317e-01	3.938903e-02	9.052911e-02	-1.310402e-01	1.795007e-01	5.894654e-02	-5.229145e-02	5.531797e-02	-9.849660e-02	8.159139e-02	-6.036326e-02	1.725277e-01	-1.570607e-01	7.436599e-02	-6.963323e-02	5.925258e-02	6.437158e-02	-1.435696e-01	
1.853763e-01	1.063557e-01	8.751852e-02	-7.383314e-02	-5.708106e-01	4.986921e-01	-4.182317e-01	1.000000e+00	-8.998339e-01	9.523869e-02	-7.478828e-02	1.905339e-02	-1.162752e-02	-2.211189e-01	-9.353530e-02	2.324938e-01	-2.270106e-01	1.995192e-01	-2.731343e-01	2.361256e-01	-3.917751e-02	4.372468e-02	-4.264759e-02	-4.599456e-02	1.401590e-01	
-2.270475e-01	-3.724900e-02	-3.844977e-02	3.381714e-01	1.920623e-01	-1.134091e-01	3.938903e-02	-8.998339e-01	1.000000e+00	-1.587837e-01	1.547279e-01	-1.132978e-01	2.099213e-02	2.484537e-01	7.971314e-02	-2.253332e-01	2.283293e-01	-2.097215e-01	2.618939e-01	-2.302039e-01	3.365179e-02	-3.709183e-02	3.360609e-02	2.246775e-02	-1.045611e-01	
9.871984e-02	5.033764e-02	-2.787962e-01	6.028187e-02	7.143130e-02	-8.445888e-02	9.052911e-02	9.523869e-02	-1.587837e-01	1.000000e+00	-9.862102e-01	9.218081e-01	-7.556760e-01	5.731482e-01	1.186043e-01	7.495529e-02	-6.860316e-02	4.221280e-02	-6.802917e-03	-2.371867e-02	7.757667e-02	-9.652254e-02	1.210835e-01	4.409001e-02	-8.382026e-02	
-9.302054e-02	-6.803573e-02	3.811564e-01	-9.709536e-02	-1.141393e-01	1.274984e-01	-1.310402e-01	-7.478828e-02	1.547279e-01	-9.862102e-01	1.000000e+00	-9.721136e-01	7.270931e-01	-5.434146e-01	-1.538386e-01	-9.269698e-02	8.813355e-02	-6.279276e-02	-5.505668e-03	3.830145e-02	-1.145833e-01	1.464560e-01	-1.860462e-01	-5.808069e-02	1.153303e-01	
6.352530e-02	1.073344e-01	-5.280810e-01	1.684719e-01	1.723307e-01	-1.829812e-01	1.795007e-01	1.905339e-02	-1.132978e-01	9.218081e-01	-9.721136e-01	1.000000e+00	-6.388217e-01	4.675870e-01	2.073101e-01	1.180277e-01	-1.145037e-01	9.018549e-02	2.087990e-02	-5.631554e-02	1.698711e-01	-2.217921e-01	2.850774e-01	7.402699e-02	-1.601258e-01	
1.754572e-01	-1.354667e-01	-2.584723e-01	1.054460e-01	3.762281e-02	-5.183308e-02	5.894654e-02	-1.162752e-02	2.099213e-02	-7.556760e-01	7.270931e-01	-6.388217e-01	1.000000e+00	-9.379104e-01	1.615728e-01	2.733848e-02	-1.384199e-02	1.175179e-02	-3.805107e-02	5.708121e-02	1.469934e-01	-1.735371e-01	1.994316e-01	-4.908390e-02	3.212277e-02	
-2.079096e-01	1.072753e-01	3.404285e-01	-7.661348e-02	4.085565e-03	2.913632e-02	-5.229145e-02	-2.211189e-01	2.484537e-01	5.731482e-01	-5.434146e-01	4.675870e-01	-9.379104e-01	1.000000e+00	-1.899281e-01	-1.063536e-01	8.899939e-02	-7.672546e-02	1.159804e-01	-1.227228e-01	-1.761112e-01	2.135592e-01	-2.564752e-01	6.749243e-02	-5.860979e-02	
1.748739e-01	-2.351059e-01	-4.734869e-01	2.896169e-01	5.221223e-02	-5.782281e-02	5.531797e-02	-9.353530e-02	7.971314e-02	1.186043e-01	-1.538386e-01	2.073101e-01	1.615728e-01	-1.899281e-01	1.000000e+00	-3.895207e-01	5.368881e-01	-6.584518e-01	-2.739850e-01	4.430360e-01	1.638120e-01	-1.938913e-01	2.350062e-01	-7.518687e-02	5.707605e-02	
-4.721783e-02	1.369846e-01	-1.462422e-01	9.981410e-02	-1.253496e-01	1.096771e-01	-9.849660e-02	2.324938e-01	-2.253332e-01	7.495529e-02	-9.269698e-02	1.180277e-01	2.733848e-02	-1.063536e-01	-3.895207e-01	1.000000e+00	-9.728056e-01	8.922959e-01	-5.420580e-01	3.063134e-01	1.303388e-02	-7.873852e-02	1.519796e-01	-2.119145e-03	2.371846e-02	
3.688222e-02	-1.257722e-01	1.339695e-01	-7.843187e-02	1.065207e-01	-9.173164e-02	8.159139e-02	-2.270106e-01	2.283293e-01	-6.860316e-02	8.813355e-02	-1.145037e-01	-1.384199e-02	8.899939e-02	5.368881e-01	-9.728056e-01	1.000000e+00	-9.718159e-01	4.166443e-01	-1.664745e-01	7.473400e-03	5.641984e-02	-1.263667e-01	-5.015552e-02	3.640784e-02	
-3.432934e-02	9.998500e-02	-1.106921e-01	5.594739e-02	-7.908760e-02	6.762781e-02	-6.036326e-02	1.995192e-01	-2.097215e-01	4.221280e-02	-6.279276e-02	9.018549e-02	1.175179e-02	-7.672546e-02	-6.584518e-01	8.922959e-01	-9.718159e-01	1.000000e+00	-2.716182e-01	2.440740e-02	-3.418940e-02	-2.606451e-02	9.139496e-02	9.686827e-02	-8.649601e-02	
8.136644e-02	4.368700e-02	-1.050949e-02	-6.757232e-02	2.054817e-01	-1.879477e-01	1.725277e-01	-2.731343e-01	2.618939e-01	-6.802917e-03	-5.505668e-03	2.087990e-02	-3.805107e-02	1.159804e-01	-2.739850e-01	-5.420580e-01	4.166443e-01	-2.716182e-01	1.000000e+00	-9.555603e-01	1.097878e-01	-6.193051e-02	-3.142105e-03	1.340996e-01	-2.636544e-01	
-5.274607e-02	-7.124019e-02	2.921406e-02	5.744027e-02	-1.808968e-01	1.676967e-01	-1.570607e-01	2.361256e-01	-2.302039e-01	-2.371867e-02	3.830145e-02	-5.631554e-02	5.708121e-02	-1.227228e-01	4.430360e-01	3.063134e-01	-1.664745e-01	2.440740e-02	-9.555603e-01	1.000000e+00	-1.158735e-01	7.670574e-02	-1.982838e-02	-1.638585e-01	3.147025e-01	
3.749941e-02	1.533812e-01	-3.380175e-01	1.474772e-01	1.051163e-01	-9.626774e-02	7.436599e-02	-3.917751e-02	3.365179e-02	7.757667e-02	-1.145833e-01	1.698711e-01	1.469934e-01	-1.761112e-01	1.638120e-01	1.303388e-02	7.473400e-03	-3.418940e-02	1.097878e-01	-1.158735e-01	1.000000e+00	-9.848183e-01	9.233224e-01	-7.833428e-01	6.001633e-01	
-3.309440e-02	-1.731929e-01	4.395309e-01	-2.170903e-01	-1.005738e-01	9.288092e-02	-6.963323e-02	4.372468e-02	-3.709183e-02	-9.652254e-02	1.464560e-01	-2.217921e-01	-1.735371e-01	2.135592e-01	-1.938913e-01	-7.873852e-02	5.641984e-02	-2.606451e-02	-6.193051e-02	7.670574e-02	-9.848183e-01	1.000000e+00	-9.751553e-01	7.735185e-01	-5.925487e-01	
4.177234e-03	2.043620e-01	-5.524256e-01	2.973965e-01	8.949727e-02	-8.356268e-02	5.925258e-02	-4.264759e-02	3.360609e-02	1.210835e-01	-1.860462e-01	2.850774e-01	1.994316e-01	-2.564752e-01	2.350062e-01	1.519796e-01	-1.263667e-01	9.139496e-02	-3.142105e-03	-1.982838e-02	9.233224e-01	-9.751553e-01	1.000000e+00	-7.283210e-01	5.589357e-01	
1.660624e-01	-2.217918e-01	-1.070522e-01	3.192708e-02	4.072890e-02	-4.986214e-02	6.437158e-02	-4.599456e-02	2.246775e-02	4.409001e-02	-5.808069e-02	7.402699e-02	-4.908390e-02	6.749243e-02	-7.518687e-02	-2.119145e-03	-5.015552e-02	9.686827e-02	1.340996e-01	-1.638585e-01	-7.833428e-01	7.735185e-01	-7.283210e-01	1.000000e+00	-9.497913e-01	
-1.350256e-01	1.462674e-01	2.292865e-01	-6.401401e-02	-1.294848e-01	1.358779e-01	-1.435696e-01	1.401590e-01	-1.045611e-01	-8.382026e-02	1.153303e-01	-1.601258e-01	3.212277e-02	-5.860979e-02	5.707605e-02	2.371846e-02	3.640784e-02	-8.649601e-02	-2.636544e-01	3.147025e-01	6.001633e-01	-5.925487e-01	5.589357e-01	-9.497913e-01	1.000000e+00	

Time taken for mcmc chain: 8.400000 minutes
