Number of steps: 1101036
Number of accepted steps: 1000000
Burn-in number of steps: 320000
Accepted fraction of steps: 0.908236
Convergence Status
R[0]= 1.063515	R[1]= 1.201902	R[2]= 1.065931	R[3]= 1.030604	R[4]= 1.049315	R[5]= 1.049543	R[6]= 1.058083	R[7]= 1.133308	R[8]= 1.202265	R[9]= 1.192215	R[10]= 1.200784	R[11]= 1.203983	R[12]= 1.048695	R[13]= 1.004560	R[14]= 1.142728	R[15]= 1.032730	R[16]= 1.047282	R[17]= 1.066610	R[18]= 1.017136	R[19]= 1.010164	R[20]= 1.057737	R[21]= 1.045997	R[22]= 1.031779	R[23]= 1.072804	R[24]= 1.077086	
<R>= 1.084270

Mean parameters
A[0]= 9.790620e-01 pm 2.606260e-02
A[1]= 1.072294e+00 pm 1.747149e-02
A[2]= 4.657820e-01 pm 2.152396e-01
A[3]= 4.020225e+00 pm 9.284422e-01
A[4]= -1.437141e+03 pm 3.296004e+03
A[5]= 8.556703e+02 pm 2.118894e+03
A[6]= 1.535930e+02 pm 5.055941e+02
A[7]= 1.520749e+00 pm 1.314947e+01
A[8]= -4.861980e-02 pm 1.899291e-01
A[9]= 6.067435e+03 pm 7.187432e+03
A[10]= -4.017049e+03 pm 4.292079e+03
A[11]= 6.433040e+02 pm 8.745742e+02
A[12]= -4.197473e+01 pm 4.756848e+01
A[13]= 7.386514e-01 pm 9.224233e-01
A[14]= 5.900955e+00 pm 1.152896e+00
A[15]= -5.800730e+03 pm 5.110295e+03
A[16]= 5.009981e+03 pm 3.227265e+03
A[17]= -1.041714e+03 pm 7.370684e+02
A[18]= 1.244205e+00 pm 1.771463e+01
A[19]= 1.806363e-01 pm 2.321984e-01
A[20]= 1.400921e+04 pm 1.147917e+04
A[21]= -7.802793e+03 pm 6.849094e+03
A[22]= 1.043403e+03 pm 1.405227e+03
A[23]= -8.579169e+01 pm 6.495069e+01
A[24]= 1.300838e+00 pm 1.186174e+00

Best-fitting parameters
A[0]= 9.837657e-01
A[1]= 1.089190e+00
A[2]= 7.759656e-01
A[3]= 3.352961e+00
A[4]= -2.871567e+03
A[5]= 1.735129e+03
A[6]= -5.356569e+01
A[7]= 1.015396e+01
A[8]= -1.697813e-01
A[9]= 1.093277e+04
A[10]= -5.790840e+03
A[11]= 6.685345e+02
A[12]= -8.621687e+01
A[13]= 1.540870e+00
A[14]= 4.538843e+00
A[15]= -5.992574e+03
A[16]= 4.825479e+03
A[17]= -9.408058e+02
A[18]= 2.262203e+00
A[19]= 1.308574e-01
A[20]= 1.024583e+04
A[21]= -4.548019e+03
A[22]= 1.012024e+02
A[23]= -7.418342e+01
A[24]= 9.795692e-01
chi2_min= 9.531959e+01


Cross-Covariance parameters
1.000000e+00	-3.915146e-01	-3.188511e-02	1.663563e-01	9.664365e-03	4.340708e-02	-1.107619e-01	-5.423037e-02	7.765081e-02	-2.558920e-01	2.722130e-01	-3.032208e-01	2.734689e-01	-2.015788e-01	3.990544e-02	2.747979e-03	2.239967e-02	-5.100791e-02	1.344548e-01	-1.154349e-01	1.135002e-01	-7.363584e-02	8.584279e-03	-4.254516e-02	8.435285e-02	
-3.915146e-01	1.000000e+00	8.974025e-02	-2.238983e-01	-1.530994e-01	7.311299e-02	8.990759e-05	2.700276e-01	-2.627152e-01	1.472910e-01	-1.508929e-01	1.597542e-01	-1.280698e-01	3.703846e-02	-3.005442e-02	-1.044669e-01	9.873902e-02	-1.055077e-01	2.141935e-02	4.473376e-02	-1.066527e-01	1.008512e-01	-8.277882e-02	1.088298e-01	-1.666058e-01	
-3.188511e-02	8.974025e-02	1.000000e+00	-5.426917e-01	1.115750e-01	-6.135599e-02	4.239855e-03	-5.677165e-02	-1.017126e-02	-1.574535e-01	2.625247e-01	-4.097240e-01	-2.365708e-01	3.364007e-01	-5.010606e-01	-1.042150e-01	1.214075e-01	-1.332927e-01	-9.950456e-02	1.863537e-01	-5.628092e-01	6.457832e-01	-7.392254e-01	2.605474e-01	-8.902749e-02	
1.663563e-01	-2.238983e-01	-5.426917e-01	1.000000e+00	-6.140591e-01	6.985449e-01	-7.475257e-01	8.733298e-02	2.195429e-01	-1.724637e-01	1.425165e-01	-9.050105e-02	2.666356e-01	-2.391934e-01	3.117080e-01	-1.060043e-02	-5.114057e-03	2.257757e-02	1.327538e-01	-1.868041e-01	2.844249e-01	-3.389569e-01	3.994090e-01	-1.641340e-01	9.998371e-02	
9.664365e-03	-1.530994e-01	1.115750e-01	-6.140591e-01	1.000000e+00	-9.737121e-01	8.990577e-01	-6.554240e-01	3.326865e-01	1.632169e-01	-1.881648e-01	2.088623e-01	-1.861123e-01	2.254599e-01	-5.615529e-02	1.069612e-01	-7.916012e-02	5.243410e-02	-1.730228e-01	1.730556e-01	-4.563313e-02	7.095770e-02	-9.788378e-02	3.168765e-02	-3.631052e-03	
4.340708e-02	7.311299e-02	-6.135599e-02	6.985449e-01	-9.737121e-01	1.000000e+00	-9.743770e-01	5.888991e-01	-2.479724e-01	-2.091142e-01	2.438739e-01	-2.785939e-01	1.845836e-01	-1.965583e-01	4.144954e-02	-1.080762e-01	8.523928e-02	-6.078060e-02	1.588757e-01	-1.590407e-01	3.594411e-02	-5.499170e-02	7.391418e-02	-4.940412e-02	4.150269e-02	
-1.107619e-01	8.990759e-05	4.239855e-03	-7.475257e-01	8.990577e-01	-9.743770e-01	1.000000e+00	-4.886766e-01	1.506578e-01	2.557584e-01	-2.987031e-01	3.456571e-01	-1.847926e-01	1.680662e-01	-2.786076e-02	1.119639e-01	-9.481054e-02	7.409083e-02	-1.402717e-01	1.349063e-01	-1.638728e-02	2.761289e-02	-3.666325e-02	5.475218e-02	-6.792386e-02	
-5.423037e-02	2.700276e-01	-5.677165e-02	8.733298e-02	-6.554240e-01	5.888991e-01	-4.886766e-01	1.000000e+00	-9.148100e-01	9.239472e-02	-6.316565e-02	2.377665e-02	7.669758e-02	-2.604037e-01	1.213848e-02	-1.025476e-01	7.964047e-02	-5.604110e-02	1.684203e-01	-1.495471e-01	1.247778e-01	-1.343008e-01	1.365990e-01	-1.135911e-01	7.846210e-02	
7.765081e-02	-2.627152e-01	-1.017126e-02	2.195429e-01	3.326865e-01	-2.479724e-01	1.506578e-01	-9.148100e-01	1.000000e+00	-1.893712e-01	1.646637e-01	-1.252905e-01	-3.623526e-04	2.165025e-01	3.216689e-02	6.954166e-02	-5.178102e-02	3.493889e-02	-1.076829e-01	8.340237e-02	-8.675209e-02	8.541739e-02	-7.664798e-02	7.865353e-02	-5.446655e-02	
-2.558920e-01	1.472910e-01	-1.574535e-01	-1.724637e-01	1.632169e-01	-2.091142e-01	2.557584e-01	9.239472e-02	-1.893712e-01	1.000000e+00	-9.867816e-01	9.312843e-01	-8.358340e-01	6.760107e-01	-1.583675e-01	2.528689e-01	-2.662838e-01	2.737683e-01	-3.086467e-02	-1.147504e-01	8.181805e-02	-1.144407e-01	1.557926e-01	9.341917e-03	-7.737809e-02	
2.722130e-01	-1.508929e-01	2.625247e-01	1.425165e-01	-1.881648e-01	2.438739e-01	-2.987031e-01	-6.316565e-02	1.646637e-01	-9.867816e-01	1.000000e+00	-9.770520e-01	8.141438e-01	-6.527499e-01	8.715622e-02	-2.570903e-01	2.711395e-01	-2.776513e-01	3.955273e-02	1.096835e-01	-1.305369e-01	1.716573e-01	-2.233939e-01	6.597292e-03	8.127844e-02	
-3.032208e-01	1.597542e-01	-4.097240e-01	-9.050105e-02	2.088623e-01	-2.785939e-01	3.456571e-01	2.377665e-02	-1.252905e-01	9.312843e-01	-9.770520e-01	1.000000e+00	-7.368173e-01	5.775807e-01	2.223023e-02	2.500247e-01	-2.640100e-01	2.691129e-01	-4.189362e-02	-1.046156e-01	1.999210e-01	-2.530612e-01	3.194510e-01	-3.515305e-02	-7.951847e-02	
2.734689e-01	-1.280698e-01	-2.365708e-01	2.666356e-01	-1.861123e-01	1.845836e-01	-1.847926e-01	7.669758e-02	-3.623526e-04	-8.358340e-01	8.141438e-01	-7.368173e-01	1.000000e+00	-9.535748e-01	3.081050e-01	-2.106441e-01	2.121470e-01	-2.079588e-01	1.381738e-01	-3.278107e-02	1.606349e-01	-1.620219e-01	1.577083e-01	-1.310461e-01	1.279796e-01	
-2.015788e-01	3.703846e-02	3.364007e-01	-2.391934e-01	2.254599e-01	-1.965583e-01	1.680662e-01	-2.604037e-01	2.165025e-01	6.760107e-01	-6.527499e-01	5.775807e-01	-9.535748e-01	1.000000e+00	-2.999217e-01	1.617793e-01	-1.530317e-01	1.416759e-01	-1.452218e-01	7.494079e-02	-2.151149e-01	2.307562e-01	-2.440235e-01	1.431408e-01	-1.077828e-01	
3.990544e-02	-3.005442e-02	-5.010606e-01	3.117080e-01	-5.615529e-02	4.144954e-02	-2.786076e-02	1.213848e-02	3.216689e-02	-1.583675e-01	8.715622e-02	2.223023e-02	3.081050e-01	-2.999217e-01	1.000000e+00	-5.677748e-01	6.505815e-01	-7.134831e-01	2.176266e-01	1.061868e-01	3.042553e-01	-3.083982e-01	2.998866e-01	-2.659197e-01	2.220057e-01	
2.747979e-03	-1.044669e-01	-1.042150e-01	-1.060043e-02	1.069612e-01	-1.080762e-01	1.119639e-01	-1.025476e-01	6.954166e-02	2.528689e-01	-2.570903e-01	2.500247e-01	-2.106441e-01	1.617793e-01	-5.677748e-01	1.000000e+00	-9.804692e-01	9.199644e-01	-6.730057e-01	2.583731e-01	1.237383e-01	-1.573656e-01	2.000554e-01	7.850300e-03	-5.166528e-02	
2.239967e-02	9.873902e-02	1.214075e-01	-5.114057e-03	-7.916012e-02	8.523928e-02	-9.481054e-02	7.964047e-02	-5.178102e-02	-2.662838e-01	2.711395e-01	-2.640100e-01	2.121470e-01	-1.530317e-01	6.505815e-01	-9.804692e-01	1.000000e+00	-9.785775e-01	6.174343e-01	-1.788153e-01	-1.084154e-01	1.505429e-01	-2.062201e-01	-4.334949e-02	9.655298e-02	
-5.100791e-02	-1.055077e-01	-1.332927e-01	2.257757e-02	5.243410e-02	-6.078060e-02	7.409083e-02	-5.604110e-02	3.493889e-02	2.737683e-01	-2.776513e-01	2.691129e-01	-2.079588e-01	1.416759e-01	-7.134831e-01	9.199644e-01	-9.785775e-01	1.000000e+00	-5.297715e-01	8.507107e-02	8.966184e-02	-1.391887e-01	2.064837e-01	7.215938e-02	-1.300234e-01	
1.344548e-01	2.141935e-02	-9.950456e-02	1.327538e-01	-1.730228e-01	1.588757e-01	-1.402717e-01	1.684203e-01	-1.076829e-01	-3.086467e-02	3.955273e-02	-4.189362e-02	1.381738e-01	-1.452218e-01	2.176266e-01	-6.730057e-01	6.174343e-01	-5.297715e-01	1.000000e+00	-8.714077e-01	4.159385e-03	-1.368144e-02	2.171695e-02	-4.966148e-03	-4.049351e-02	
-1.154349e-01	4.473376e-02	1.863537e-01	-1.868041e-01	1.730556e-01	-1.590407e-01	1.349063e-01	-1.495471e-01	8.340237e-02	-1.147504e-01	1.096835e-01	-1.046156e-01	-3.278107e-02	7.494079e-02	1.061868e-01	2.583731e-01	-1.788153e-01	8.507107e-02	-8.714077e-01	1.000000e+00	-8.301905e-02	1.194367e-01	-1.610295e-01	5.968592e-03	8.940359e-02	
1.135002e-01	-1.066527e-01	-5.628092e-01	2.844249e-01	-4.563313e-02	3.594411e-02	-1.638728e-02	1.247778e-01	-8.675209e-02	8.181805e-02	-1.305369e-01	1.999210e-01	1.606349e-01	-2.151149e-01	3.042553e-01	1.237383e-01	-1.084154e-01	8.966184e-02	4.159385e-03	-8.301905e-02	1.000000e+00	-9.883615e-01	9.399697e-01	-8.685977e-01	7.391476e-01	
-7.363584e-02	1.008512e-01	6.457832e-01	-3.389569e-01	7.095770e-02	-5.499170e-02	2.761289e-02	-1.343008e-01	8.541739e-02	-1.144407e-01	1.716573e-01	-2.530612e-01	-1.620219e-01	2.307562e-01	-3.083982e-01	-1.573656e-01	1.505429e-01	-1.391887e-01	-1.368144e-02	1.194367e-01	-9.883615e-01	1.000000e+00	-9.804246e-01	8.525605e-01	-7.087697e-01	
8.584279e-03	-8.277882e-02	-7.392254e-01	3.994090e-01	-9.788378e-02	7.391418e-02	-3.666325e-02	1.365990e-01	-7.664798e-02	1.557926e-01	-2.233939e-01	3.194510e-01	1.577083e-01	-2.440235e-01	2.998866e-01	2.000554e-01	-2.062201e-01	2.064837e-01	2.171695e-02	-1.610295e-01	9.399697e-01	-9.804246e-01	1.000000e+00	-7.965005e-01	6.397006e-01	
-4.254516e-02	1.088298e-01	2.605474e-01	-1.641340e-01	3.168765e-02	-4.940412e-02	5.475218e-02	-1.135911e-01	7.865353e-02	9.341917e-03	6.597292e-03	-3.515305e-02	-1.310461e-01	1.431408e-01	-2.659197e-01	7.850300e-03	-4.334949e-02	7.215938e-02	-4.966148e-03	5.968592e-03	-8.685977e-01	8.525605e-01	-7.965005e-01	1.000000e+00	-9.613482e-01	
8.435285e-02	-1.666058e-01	-8.902749e-02	9.998371e-02	-3.631052e-03	4.150269e-02	-6.792386e-02	7.846210e-02	-5.446655e-02	-7.737809e-02	8.127844e-02	-7.951847e-02	1.279796e-01	-1.077828e-01	2.220057e-01	-5.166528e-02	9.655298e-02	-1.300234e-01	-4.049351e-02	8.940359e-02	7.391476e-01	-7.087697e-01	6.397006e-01	-9.613482e-01	1.000000e+00	

Time taken for mcmc chain: 7.033333 minutes
