Number of steps: 2037820
Number of accepted steps: 1000000
Burn-in number of steps: 320000
Accepted fraction of steps: 0.490720
Convergence Status
R[0]= 1.021610	R[1]= 1.053231	R[2]= 1.131129	R[3]= 1.088879	R[4]= 1.009413	R[5]= 1.010996	R[6]= 1.012225	R[7]= 1.007192	R[8]= 1.013290	R[9]= 1.013609	R[10]= 1.021136	R[11]= 1.032152	R[12]= 1.007005	R[13]= 1.010461	R[14]= 1.059186	R[15]= 1.000846	R[16]= 1.001783	R[17]= 1.003198	R[18]= 1.002585	R[19]= 1.004333	R[20]= 1.006159	R[21]= 1.011143	R[22]= 1.020123	R[23]= 1.007567	R[24]= 1.011056	
<R>= 1.022412

Mean parameters
A[0]= 8.918500e-01 pm 3.344890e-02
A[1]= 9.955272e-01 pm 2.634521e-02
A[2]= 5.011875e-01 pm 3.981361e-01
A[3]= 4.046862e+00 pm 1.201364e+00
A[4]= -3.138163e+03 pm 3.485862e+03
A[5]= 1.701789e+03 pm 2.276529e+03
A[6]= -3.115370e+01 pm 5.258297e+02
A[7]= 1.143900e+01 pm 1.240214e+01
A[8]= -1.813972e-01 pm 1.817528e-01
A[9]= -3.015793e+03 pm 7.753896e+03
A[10]= 1.158307e+03 pm 4.690523e+03
A[11]= -3.268360e+02 pm 9.868814e+02
A[12]= 2.056292e+01 pm 4.351826e+01
A[13]= -4.921474e-01 pm 8.601706e-01
A[14]= 5.680026e+00 pm 1.841352e+00
A[15]= -9.216541e+03 pm 5.055759e+03
A[16]= 6.123799e+03 pm 3.324218e+03
A[17]= -1.073853e+03 pm 7.743144e+02
A[18]= 1.477332e+01 pm 1.781863e+01
A[19]= -4.240521e-02 pm 2.501906e-01
A[20]= -1.309687e+03 pm 9.941158e+03
A[21]= 4.860124e+02 pm 5.944727e+03
A[22]= -3.986507e+02 pm 1.240262e+03
A[23]= 1.728509e+01 pm 6.040144e+01
A[24]= -6.614999e-01 pm 1.180112e+00

Best-fitting parameters
A[0]= 8.714927e-01
A[1]= 9.997145e-01
A[2]= 5.986652e-01
A[3]= 4.417890e+00
A[4]= -6.184841e+03
A[5]= 3.936020e+03
A[6]= -5.721833e+02
A[7]= 1.958798e+01
A[8]= -2.281325e-01
A[9]= 5.004032e+01
A[10]= -7.790811e+01
A[11]= -2.181744e+02
A[12]= -1.594191e+01
A[13]= 2.214799e-01
A[14]= 5.572818e+00
A[15]= -1.020543e+04
A[16]= 6.883658e+03
A[17]= -1.285749e+03
A[18]= 1.416945e+01
A[19]= -3.277382e-02
A[20]= 6.518880e+03
A[21]= -3.227429e+03
A[22]= 1.095359e+02
A[23]= -4.369718e+01
A[24]= 4.222567e-01
chi2_min= 1.087832e+02


Cross-Covariance parameters
1.000000e+00	-5.516912e-01	-2.104105e-01	1.262113e-01	5.396633e-03	-7.381732e-03	3.476540e-03	7.190255e-02	-4.889831e-02	3.941016e-02	-2.897539e-02	-1.599962e-03	1.143487e-01	-8.942722e-02	9.417527e-02	3.037459e-02	-2.959434e-02	2.223670e-02	5.816652e-02	-4.012475e-02	-4.277744e-02	5.334371e-02	-8.006583e-02	2.118732e-01	-1.744051e-01	
-5.516912e-01	1.000000e+00	1.928478e-01	-2.153013e-01	3.346054e-02	-2.896161e-02	1.681151e-02	8.710347e-02	-9.482813e-02	4.960893e-02	-5.888211e-02	7.781488e-02	-1.654464e-01	1.066537e-01	-2.202692e-01	5.274708e-02	-5.213257e-02	4.207172e-02	8.623964e-02	-1.109189e-01	3.177868e-02	-3.667723e-02	5.363190e-02	-1.280292e-01	7.956530e-02	
-2.104105e-01	1.928478e-01	1.000000e+00	-6.333656e-01	-1.208654e-01	1.374111e-01	-1.365043e-01	-3.256565e-02	6.071718e-02	-4.385416e-01	5.543313e-01	-6.805706e-01	-1.733517e-01	3.042029e-01	-6.351917e-01	-2.034327e-02	1.440874e-02	-1.434737e-03	-3.146020e-02	1.860544e-02	-3.308853e-01	4.470964e-01	-5.878356e-01	-2.728603e-01	3.806225e-01	
1.262113e-01	-2.153013e-01	-6.333656e-01	1.000000e+00	-4.943287e-01	5.516935e-01	-5.976310e-01	3.702164e-02	2.137198e-01	2.098582e-01	-2.674025e-01	3.357182e-01	4.888199e-02	-7.078791e-02	4.418592e-01	-8.668956e-03	1.392865e-02	-2.149604e-02	3.570041e-02	-2.011004e-02	2.442255e-01	-3.164572e-01	4.026369e-01	1.477246e-01	-2.155830e-01	
5.396633e-03	3.346054e-02	-1.208654e-01	-4.943287e-01	1.000000e+00	-9.833328e-01	9.381043e-01	-5.439774e-01	1.720701e-01	9.784621e-02	-1.380304e-01	1.800360e-01	1.051771e-01	-1.124892e-01	4.653537e-02	3.846745e-03	-1.399723e-02	2.239676e-02	2.469535e-02	-2.746847e-02	1.174999e-02	-3.260550e-02	5.893779e-02	6.616416e-02	-8.099184e-02	
-7.381732e-03	-2.896161e-02	1.374111e-01	5.516935e-01	-9.833328e-01	1.000000e+00	-9.849788e-01	4.681441e-01	-8.443354e-02	-1.130148e-01	1.575431e-01	-2.040543e-01	-1.198679e-01	1.449125e-01	-5.623314e-02	-7.297911e-03	1.746418e-02	-2.574642e-02	-1.676805e-02	2.058003e-02	-1.650980e-02	3.951184e-02	-6.835615e-02	-7.068969e-02	8.757543e-02	
3.476540e-03	1.681151e-02	-1.365043e-01	-5.976310e-01	9.381043e-01	-9.849788e-01	1.000000e+00	-3.882948e-01	7.609621e-03	1.213169e-01	-1.670379e-01	2.145561e-01	1.234025e-01	-1.607308e-01	5.960630e-02	6.660765e-03	-1.665817e-02	2.508769e-02	7.095290e-03	-1.111135e-02	1.667343e-02	-3.945058e-02	6.792480e-02	6.892499e-02	-8.601354e-02	
7.190255e-02	8.710347e-02	-3.256565e-02	3.702164e-02	-5.439774e-01	4.681441e-01	-3.882948e-01	1.000000e+00	-9.040419e-01	1.280932e-01	-1.131436e-01	8.592548e-02	-2.324236e-02	-1.623917e-01	1.372476e-02	5.454477e-02	-3.812939e-02	1.994506e-02	-5.643784e-02	5.059466e-02	2.106146e-02	-2.256029e-02	2.339047e-02	-7.798913e-03	6.899339e-03	
-4.889831e-02	-9.482813e-02	6.071718e-02	2.137198e-01	1.720701e-01	-8.443354e-02	7.609621e-03	-9.040419e-01	1.000000e+00	-1.771126e-01	1.746675e-01	-1.589751e-01	-2.223654e-02	2.501388e-01	-1.951553e-02	-6.709391e-02	5.330666e-02	-3.776127e-02	7.051036e-02	-6.023310e-02	-1.674882e-02	2.568543e-02	-3.602620e-02	-9.633048e-03	1.197169e-02	
3.941016e-02	4.960893e-02	-4.385416e-01	2.098582e-01	9.784621e-02	-1.130148e-01	1.213169e-01	1.280932e-01	-1.771126e-01	1.000000e+00	-9.835354e-01	9.202820e-01	-6.958556e-01	4.944550e-01	2.970886e-01	-4.248222e-03	1.215396e-02	-2.474198e-02	-2.575073e-02	4.748750e-02	1.359779e-01	-1.883238e-01	2.548546e-01	1.026250e-01	-1.464109e-01	
-2.897539e-02	-5.888211e-02	5.543313e-01	-2.674025e-01	-1.380304e-01	1.575431e-01	-1.670379e-01	-1.131436e-01	1.746675e-01	-9.835354e-01	1.000000e+00	-9.751134e-01	6.363336e-01	-4.302311e-01	-3.687010e-01	6.399385e-03	-1.313009e-02	2.521450e-02	1.162430e-02	-3.447301e-02	-1.858329e-01	2.530163e-01	-3.376631e-01	-1.255438e-01	1.863124e-01	
-1.599962e-03	7.781488e-02	-6.805706e-01	3.357182e-01	1.800360e-01	-2.040543e-01	2.145561e-01	8.592548e-02	-1.589751e-01	9.202820e-01	-9.751134e-01	1.000000e+00	-5.230103e-01	3.206653e-01	4.444133e-01	-4.096054e-03	9.302193e-03	-2.052851e-02	4.410358e-03	1.688016e-02	2.442306e-01	-3.288288e-01	4.348017e-01	1.492560e-01	-2.306281e-01	
1.143487e-01	-1.654464e-01	-1.733517e-01	4.888199e-02	1.051771e-01	-1.198679e-01	1.234025e-01	-2.324236e-02	-2.223654e-02	-6.958556e-01	6.363336e-01	-5.230103e-01	1.000000e+00	-9.455474e-01	9.790460e-02	3.792841e-02	-4.071798e-02	4.377453e-02	3.204526e-02	-5.042824e-02	5.680645e-02	-8.205434e-02	1.092120e-01	8.513450e-02	-1.081218e-01	
-8.942722e-02	1.066537e-01	3.042029e-01	-7.078791e-02	-1.124892e-01	1.449125e-01	-1.607308e-01	-1.623917e-01	2.501388e-01	4.944550e-01	-4.302311e-01	3.206653e-01	-9.455474e-01	1.000000e+00	-1.846155e-01	-5.076114e-02	4.885942e-02	-4.604498e-02	-1.598900e-02	3.201503e-02	-1.050249e-01	1.492470e-01	-2.006555e-01	-1.104526e-01	1.505452e-01	
9.417527e-02	-2.202692e-01	-6.351917e-01	4.418592e-01	4.653537e-02	-5.623314e-02	5.960630e-02	1.372476e-02	-1.951553e-02	2.970886e-01	-3.687010e-01	4.444133e-01	9.790460e-02	-1.846155e-01	1.000000e+00	-5.752245e-01	6.423726e-01	-6.914431e-01	1.309815e-02	2.689690e-01	1.164393e-01	-1.796180e-01	2.651335e-01	1.170699e-01	-1.461323e-01	
3.037459e-02	5.274708e-02	-2.034327e-02	-8.668956e-03	3.846745e-03	-7.297911e-03	6.660765e-03	5.454477e-02	-6.709391e-02	-4.248222e-03	6.399385e-03	-4.096054e-03	3.792841e-02	-5.076114e-02	-5.752245e-01	1.000000e+00	-9.841074e-01	9.401403e-01	-5.180898e-01	1.403093e-01	1.315179e-01	-1.534736e-01	1.695670e-01	3.998373e-02	-5.470973e-02	
-2.959434e-02	-5.213257e-02	1.440874e-02	1.392865e-02	-1.399723e-02	1.746418e-02	-1.665817e-02	-3.812939e-02	5.330666e-02	1.215396e-02	-1.313009e-02	9.302193e-03	-4.071798e-02	4.885942e-02	6.423726e-01	-9.841074e-01	1.000000e+00	-9.852707e-01	4.357492e-01	-4.521440e-02	-1.404039e-01	1.644020e-01	-1.822158e-01	-5.419208e-02	7.871828e-02	
2.223670e-02	4.207172e-02	-1.434737e-03	-2.149604e-02	2.239676e-02	-2.574642e-02	2.508769e-02	1.994506e-02	-3.776127e-02	-2.474198e-02	2.521450e-02	-2.052851e-02	4.377453e-02	-4.604498e-02	-6.914431e-01	9.401403e-01	-9.852707e-01	1.000000e+00	-3.480813e-01	-4.068728e-02	1.438590e-01	-1.686869e-01	1.870766e-01	6.072283e-02	-9.181439e-02	
5.816652e-02	8.623964e-02	-3.146020e-02	3.570041e-02	2.469535e-02	-1.676805e-02	7.095290e-03	-5.643784e-02	7.051036e-02	-2.575073e-02	1.162430e-02	4.410358e-03	3.204526e-02	-1.598900e-02	1.309815e-02	-5.180898e-01	4.357492e-01	-3.480813e-01	1.000000e+00	-9.047289e-01	3.461914e-02	-3.512063e-02	3.172688e-02	5.469811e-02	-1.439445e-01	
-4.012475e-02	-1.109189e-01	1.860544e-02	-2.011004e-02	-2.746847e-02	2.058003e-02	-1.111135e-02	5.059466e-02	-6.023310e-02	4.748750e-02	-3.447301e-02	1.688016e-02	-5.042824e-02	3.201503e-02	2.689690e-01	1.403093e-01	-4.521440e-02	-4.068728e-02	-9.047289e-01	1.000000e+00	-9.794543e-02	1.063065e-01	-1.064878e-01	-6.952888e-02	1.856959e-01	
-4.277744e-02	3.177868e-02	-3.308853e-01	2.442255e-01	1.174999e-02	-1.650980e-02	1.667343e-02	2.106146e-02	-1.674882e-02	1.359779e-01	-1.858329e-01	2.442306e-01	5.680645e-02	-1.050249e-01	1.164393e-01	1.315179e-01	-1.404039e-01	1.438590e-01	3.461914e-02	-9.794543e-02	1.000000e+00	-9.830560e-01	9.142138e-01	-6.952754e-01	5.383095e-01	
5.334371e-02	-3.667723e-02	4.470964e-01	-3.164572e-01	-3.260550e-02	3.951184e-02	-3.945058e-02	-2.256029e-02	2.568543e-02	-1.883238e-01	2.530163e-01	-3.288288e-01	-8.205434e-02	1.492470e-01	-1.796180e-01	-1.534736e-01	1.644020e-01	-1.686869e-01	-3.512063e-02	1.063065e-01	-9.830560e-01	1.000000e+00	-9.721143e-01	6.360230e-01	-4.710193e-01	
-8.006583e-02	5.363190e-02	-5.878356e-01	4.026369e-01	5.893779e-02	-6.835615e-02	6.792480e-02	2.339047e-02	-3.602620e-02	2.548546e-01	-3.376631e-01	4.348017e-01	1.092120e-01	-2.006555e-01	2.651335e-01	1.695670e-01	-1.822158e-01	1.870766e-01	3.172688e-02	-1.064878e-01	9.142138e-01	-9.721143e-01	1.000000e+00	-5.150613e-01	3.479510e-01	
2.118732e-01	-1.280292e-01	-2.728603e-01	1.477246e-01	6.616416e-02	-7.068969e-02	6.892499e-02	-7.798913e-03	-9.633048e-03	1.026250e-01	-1.255438e-01	1.492560e-01	8.513450e-02	-1.104526e-01	1.170699e-01	3.998373e-02	-5.419208e-02	6.072283e-02	5.469811e-02	-6.952888e-02	-6.952754e-01	6.360230e-01	-5.150613e-01	1.000000e+00	-9.662244e-01	
-1.744051e-01	7.956530e-02	3.806225e-01	-2.155830e-01	-8.099184e-02	8.757543e-02	-8.601354e-02	6.899339e-03	1.197169e-02	-1.464109e-01	1.863124e-01	-2.306281e-01	-1.081218e-01	1.505452e-01	-1.461323e-01	-5.470973e-02	7.871828e-02	-9.181439e-02	-1.439445e-01	1.856959e-01	5.383095e-01	-4.710193e-01	3.479510e-01	-9.662244e-01	1.000000e+00	

Time taken for mcmc chain: 21.950000 minutes
