Number of steps: 1949196
Number of accepted steps: 1000000
Burn-in number of steps: 320000
Accepted fraction of steps: 0.513032
Convergence Status
R[0]= 1.015261	R[1]= 1.019505	R[2]= 1.043003	R[3]= 1.010218	R[4]= 1.011275	R[5]= 1.011290	R[6]= 1.010868	R[7]= 1.010130	R[8]= 1.004548	R[9]= 1.014884	R[10]= 1.013004	R[11]= 1.015415	R[12]= 1.011794	R[13]= 1.010200	R[14]= 1.024079	R[15]= 1.014118	R[16]= 1.013925	R[17]= 1.013036	R[18]= 1.004430	R[19]= 1.004596	R[20]= 1.011425	R[21]= 1.013702	R[22]= 1.017235	R[23]= 1.012965	R[24]= 1.015145	
<R>= 1.013842

Mean parameters
A[0]= 1.015493e+00 pm 3.635379e-02
A[1]= 1.077768e+00 pm 2.568543e-02
A[2]= 4.296029e-01 pm 3.089276e-01
A[3]= 4.030188e+00 pm 1.068673e+00
A[4]= -1.712903e+02 pm 3.873874e+03
A[5]= 2.154272e+02 pm 2.534768e+03
A[6]= 2.776799e+02 pm 6.011840e+02
A[7]= -9.200338e-01 pm 1.456360e+01
A[8]= -4.074035e-02 pm 1.943544e-01
A[9]= 1.152018e+04 pm 9.020883e+03
A[10]= -7.165157e+03 pm 5.300558e+03
A[11]= 1.263920e+03 pm 1.092825e+03
A[12]= -7.275911e+01 pm 5.279055e+01
A[13]= 1.258672e+00 pm 9.962165e-01
A[14]= 5.561272e+00 pm 1.630064e+00
A[15]= -3.994101e+03 pm 5.594336e+03
A[16]= 3.869212e+03 pm 3.660687e+03
A[17]= -7.798004e+02 pm 8.711341e+02
A[18]= 8.681781e+00 pm 2.133505e+01
A[19]= 3.525886e-03 pm 2.736418e-01
A[20]= 1.618691e+04 pm 1.277825e+04
A[21]= -8.847254e+03 pm 7.481327e+03
A[22]= 1.187943e+03 pm 1.514256e+03
A[23]= -5.671188e+01 pm 7.586661e+01
A[24]= 4.097540e-01 pm 1.433715e+00

Best-fitting parameters
A[0]= 1.024310e+00
A[1]= 1.092713e+00
A[2]= 4.563610e-01
A[3]= 3.929835e+00
A[4]= -4.123458e+02
A[5]= 4.003561e+02
A[6]= 1.926740e+02
A[7]= 3.564657e+00
A[8]= -1.126560e-01
A[9]= 1.322393e+04
A[10]= -8.308211e+03
A[11]= 1.479335e+03
A[12]= -9.586641e+01
A[13]= 1.649315e+00
A[14]= 5.358758e+00
A[15]= -7.678992e+02
A[16]= 2.372676e+03
A[17]= -5.788214e+02
A[18]= -6.572935e+00
A[19]= 1.772292e-01
A[20]= 1.971653e+04
A[21]= -1.064713e+04
A[22]= 1.445427e+03
A[23]= -8.540462e+01
A[24]= 9.296143e-01
chi2_min= 9.157765e+01


Cross-Covariance parameters
1.000000e+00	-4.825281e-01	-1.184401e-01	7.554084e-02	4.890138e-02	-3.363401e-02	8.972605e-03	2.590236e-02	-2.067544e-02	-4.083762e-02	5.513784e-02	-8.919038e-02	1.413270e-01	-1.137693e-01	9.818529e-02	-3.034248e-02	3.713018e-02	-4.887679e-02	8.077930e-02	-4.869183e-02	-2.068853e-02	3.356309e-02	-7.017088e-02	1.083866e-01	-8.769630e-02	
-4.825281e-01	1.000000e+00	7.431167e-02	-1.693789e-01	7.005463e-03	-1.392884e-02	1.216854e-02	1.147328e-01	-1.254519e-01	4.116437e-02	-5.678925e-02	8.490882e-02	-7.199700e-02	1.279505e-02	-1.537840e-01	3.386016e-02	-3.706309e-02	3.165784e-02	8.214784e-02	-1.003952e-01	-3.214634e-03	-1.221164e-02	4.746603e-02	-1.590540e-02	-2.133352e-02	
-1.184401e-01	7.431167e-02	1.000000e+00	-5.588238e-01	-1.577415e-01	1.685868e-01	-1.720855e-01	5.886366e-02	-9.997003e-03	-3.210170e-01	4.464170e-01	-6.115456e-01	-9.862644e-02	2.286334e-01	-6.106639e-01	-1.409134e-02	7.262359e-04	1.855718e-02	-9.786209e-03	-6.449114e-03	-3.188620e-01	4.185123e-01	-5.568681e-01	-5.299770e-02	1.831662e-01	
7.554084e-02	-1.693789e-01	-5.588238e-01	1.000000e+00	-5.157595e-01	5.874374e-01	-6.403060e-01	1.857677e-01	9.599696e-02	1.213524e-01	-1.725532e-01	2.387125e-01	1.237314e-02	-4.114531e-02	3.438805e-01	2.803911e-02	-2.026602e-02	9.592300e-03	-3.789002e-03	-1.510358e-03	2.063920e-01	-2.645740e-01	3.398057e-01	-1.860402e-03	-7.533427e-02	
4.890138e-02	7.005463e-03	-1.577415e-01	-5.157595e-01	1.000000e+00	-9.819580e-01	9.295228e-01	-7.165999e-01	3.554365e-01	6.276104e-02	-1.059626e-01	1.674502e-01	7.777414e-02	-7.104954e-02	1.059209e-01	-3.615614e-02	3.571592e-02	-3.426592e-02	2.297506e-02	-1.369973e-03	2.144344e-02	-3.220820e-02	5.145879e-02	4.095548e-02	-5.303095e-02	
-3.363401e-02	-1.392884e-02	1.685868e-01	5.874374e-01	-9.819580e-01	1.000000e+00	-9.819007e-01	6.754539e-01	-2.961294e-01	-7.532839e-02	1.228277e-01	-1.903251e-01	-8.472643e-02	9.125744e-02	-1.116062e-01	3.214290e-02	-3.161218e-02	3.024042e-02	-1.730471e-02	-2.569615e-03	-2.063498e-02	3.320827e-02	-5.575770e-02	-4.661419e-02	6.041025e-02	
8.972605e-03	1.216854e-02	-1.720855e-01	-6.403060e-01	9.295228e-01	-9.819007e-01	1.000000e+00	-6.114829e-01	2.309243e-01	9.028769e-02	-1.404107e-01	2.113539e-01	7.932861e-02	-9.659195e-02	1.152913e-01	-2.771240e-02	2.749571e-02	-2.636064e-02	7.771862e-03	1.017002e-02	2.152339e-02	-3.497302e-02	5.942940e-02	4.666960e-02	-6.125594e-02	
2.590236e-02	1.147328e-01	5.886366e-02	1.857677e-01	-7.165999e-01	6.754539e-01	-6.114829e-01	1.000000e+00	-8.866085e-01	8.596947e-02	-5.749003e-02	5.995405e-03	-6.007833e-02	-8.916584e-02	-6.139079e-02	3.415685e-02	-3.384437e-02	3.002421e-02	-4.195682e-03	-5.190979e-03	1.136029e-02	-9.796074e-03	3.902685e-03	-2.808413e-02	2.534687e-02	
-2.067544e-02	-1.254519e-01	-9.997003e-03	9.599696e-02	3.554365e-01	-2.961294e-01	2.309243e-01	-8.866085e-01	1.000000e+00	-1.532222e-01	1.406988e-01	-1.074015e-01	4.454857e-02	1.639118e-01	3.411222e-02	-2.567063e-02	2.824356e-02	-2.759715e-02	2.331830e-03	1.491327e-03	-1.610643e-02	1.919293e-02	-2.197643e-02	1.242163e-02	-5.362358e-03	
-4.083762e-02	4.116437e-02	-3.210170e-01	1.213524e-01	6.276104e-02	-7.532839e-02	9.028769e-02	8.596947e-02	-1.532222e-01	1.000000e+00	-9.833499e-01	9.083071e-01	-8.107826e-01	6.383293e-01	1.974697e-01	5.587983e-03	-4.516597e-03	1.591414e-03	1.854816e-02	-1.761855e-02	1.260255e-01	-1.623925e-01	2.145154e-01	2.704057e-03	-5.293721e-02	
5.513784e-02	-5.678925e-02	4.464170e-01	-1.725532e-01	-1.059626e-01	1.228277e-01	-1.404107e-01	-5.749003e-02	1.406988e-01	-9.833499e-01	1.000000e+00	-9.682228e-01	7.784772e-01	-5.997692e-01	-2.705573e-01	-8.373362e-03	6.440337e-03	-1.901874e-03	-1.963233e-02	1.734433e-02	-1.666472e-01	2.167185e-01	-2.885682e-01	-7.556219e-03	7.534106e-02	
-8.919038e-02	8.490882e-02	-6.115456e-01	2.387125e-01	1.674502e-01	-1.903251e-01	2.113539e-01	5.995405e-03	-1.074015e-01	9.083071e-01	-9.682228e-01	1.000000e+00	-6.746503e-01	4.963146e-01	3.671818e-01	1.313984e-02	-9.320516e-03	1.980992e-03	1.681219e-02	-1.315889e-02	2.187885e-01	-2.870252e-01	3.853512e-01	1.346734e-02	-1.044832e-01	
1.413270e-01	-7.199700e-02	-9.862644e-02	1.237314e-02	7.777414e-02	-8.472643e-02	7.932861e-02	-6.007833e-02	4.454857e-02	-8.107826e-01	7.784772e-01	-6.746503e-01	1.000000e+00	-9.477413e-01	5.836211e-02	-5.037686e-03	9.527294e-03	-1.446271e-02	-3.615288e-03	1.265403e-02	4.760752e-03	-7.473137e-03	9.429262e-03	3.215626e-02	-3.862654e-02	
-1.137693e-01	1.279505e-02	2.286334e-01	-4.114531e-02	-7.104954e-02	9.125744e-02	-9.659195e-02	-8.916584e-02	1.639118e-01	6.383293e-01	-5.997692e-01	4.963146e-01	-9.477413e-01	1.000000e+00	-1.292676e-01	3.339438e-03	-7.382463e-03	1.295335e-02	-7.086048e-03	-4.058369e-03	-5.506290e-02	7.249803e-02	-9.593867e-02	-3.362011e-02	6.313068e-02	
9.818529e-02	-1.537840e-01	-6.106639e-01	3.438805e-01	1.059209e-01	-1.116062e-01	1.152913e-01	-6.139079e-02	3.411222e-02	1.974697e-01	-2.705573e-01	3.671818e-01	5.836211e-02	-1.292676e-01	1.000000e+00	-5.560453e-01	6.472209e-01	-7.183048e-01	1.730133e-01	1.308167e-01	1.107431e-01	-1.416393e-01	1.926340e-01	2.235819e-02	-5.502138e-02	
-3.034248e-02	3.386016e-02	-1.409134e-02	2.803911e-02	-3.615614e-02	3.214290e-02	-2.771240e-02	3.415685e-02	-2.567063e-02	5.587983e-03	-8.373362e-03	1.313984e-02	-5.037686e-03	3.339438e-03	-5.560453e-01	1.000000e+00	-9.807313e-01	9.249321e-01	-7.121169e-01	3.669464e-01	1.278135e-01	-1.637722e-01	2.021861e-01	-3.337889e-02	1.164791e-02	
3.713018e-02	-3.706309e-02	7.262359e-04	-2.026602e-02	3.571592e-02	-3.161218e-02	2.749571e-02	-3.384437e-02	2.824356e-02	-4.516597e-03	6.440337e-03	-9.320516e-03	9.527294e-03	-7.382463e-03	6.472209e-01	-9.807313e-01	1.000000e+00	-9.808275e-01	6.559965e-01	-2.870181e-01	-1.303465e-01	1.693422e-01	-2.115288e-01	2.558222e-02	3.634986e-03	
-4.887679e-02	3.165784e-02	1.855718e-02	9.592300e-03	-3.426592e-02	3.024042e-02	-2.636064e-02	3.002421e-02	-2.759715e-02	1.591414e-03	-1.901874e-03	1.980992e-03	-1.446271e-02	1.295335e-02	-7.183048e-01	9.249321e-01	-9.808275e-01	1.000000e+00	-5.746043e-01	1.979812e-01	1.275439e-01	-1.679337e-01	2.121216e-01	-2.149406e-02	-1.210923e-02	
8.077930e-02	8.214784e-02	-9.786209e-03	-3.789002e-03	2.297506e-02	-1.730471e-02	7.771862e-03	-4.195682e-03	2.331830e-03	1.854816e-02	-1.963233e-02	1.681219e-02	-3.615288e-03	-7.086048e-03	1.730133e-01	-7.121169e-01	6.559965e-01	-5.746043e-01	1.000000e+00	-8.972422e-01	-4.723446e-02	6.062743e-02	-7.586965e-02	7.625952e-02	-1.384669e-01	
-4.869183e-02	-1.003952e-01	-6.449114e-03	-1.510358e-03	-1.369973e-03	-2.569615e-03	1.017002e-02	-5.190979e-03	1.491327e-03	-1.761855e-02	1.734433e-02	-1.315889e-02	1.265403e-02	-4.058369e-03	1.308167e-01	3.669464e-01	-2.870181e-01	1.979812e-01	-8.972422e-01	1.000000e+00	-1.433206e-02	1.618409e-02	-1.555058e-02	-7.036196e-02	1.721776e-01	
-2.068853e-02	-3.214634e-03	-3.188620e-01	2.063920e-01	2.144344e-02	-2.063498e-02	2.152339e-02	1.136029e-02	-1.610643e-02	1.260255e-01	-1.666472e-01	2.187885e-01	4.760752e-03	-5.506290e-02	1.107431e-01	1.278135e-01	-1.303465e-01	1.275439e-01	-4.723446e-02	-1.433206e-02	1.000000e+00	-9.867877e-01	9.266238e-01	-8.399717e-01	7.095388e-01	
3.356309e-02	-1.221164e-02	4.185123e-01	-2.645740e-01	-3.220820e-02	3.320827e-02	-3.497302e-02	-9.796074e-03	1.919293e-02	-1.623925e-01	2.167185e-01	-2.870252e-01	-7.473137e-03	7.249803e-02	-1.416393e-01	-1.637722e-01	1.693422e-01	-1.679337e-01	6.062743e-02	1.618409e-02	-9.867877e-01	1.000000e+00	-9.743652e-01	8.162883e-01	-6.764885e-01	
-7.017088e-02	4.746603e-02	-5.568681e-01	3.398057e-01	5.145879e-02	-5.575770e-02	5.942940e-02	3.902685e-03	-2.197643e-02	2.145154e-01	-2.885682e-01	3.853512e-01	9.429262e-03	-9.593867e-02	1.926340e-01	2.021861e-01	-2.115288e-01	2.121216e-01	-7.586965e-02	-1.555058e-02	9.266238e-01	-9.743652e-01	1.000000e+00	-7.344973e-01	5.868589e-01	
1.083866e-01	-1.590540e-02	-5.299770e-02	-1.860402e-03	4.095548e-02	-4.661419e-02	4.666960e-02	-2.808413e-02	1.242163e-02	2.704057e-03	-7.556219e-03	1.346734e-02	3.215626e-02	-3.362011e-02	2.235819e-02	-3.337889e-02	2.558222e-02	-2.149406e-02	7.625952e-02	-7.036196e-02	-8.399717e-01	8.162883e-01	-7.344973e-01	1.000000e+00	-9.669754e-01	
-8.769630e-02	-2.133352e-02	1.831662e-01	-7.533427e-02	-5.303095e-02	6.041025e-02	-6.125594e-02	2.534687e-02	-5.362358e-03	-5.293721e-02	7.534106e-02	-1.044832e-01	-3.862654e-02	6.313068e-02	-5.502138e-02	1.164791e-02	3.634986e-03	-1.210923e-02	-1.384669e-01	1.721776e-01	7.095388e-01	-6.764885e-01	5.868589e-01	-9.669754e-01	1.000000e+00	

Time taken for mcmc chain: 16.900000 minutes
