Number of steps: 2042892
Number of accepted steps: 1000000
Burn-in number of steps: 320000
Accepted fraction of steps: 0.489502
Convergence Status
R[0]= 1.006570	R[1]= 1.001839	R[2]= 1.024565	R[3]= 1.043539	R[4]= 1.027143	R[5]= 1.030573	R[6]= 1.033666	R[7]= 1.012586	R[8]= 1.006701	R[9]= 1.008037	R[10]= 1.011393	R[11]= 1.015341	R[12]= 1.003267	R[13]= 1.001993	R[14]= 1.005226	R[15]= 1.026671	R[16]= 1.028594	R[17]= 1.027451	R[18]= 1.001910	R[19]= 1.001058	R[20]= 1.007946	R[21]= 1.013076	R[22]= 1.020467	R[23]= 1.005610	R[24]= 1.008451	
<R>= 1.014947

Mean parameters
A[0]= 9.439083e-01 pm 3.137892e-02
A[1]= 1.046824e+00 pm 2.594376e-02
A[2]= 6.654885e-01 pm 4.154143e-01
A[3]= 3.854791e+00 pm 1.222565e+00
A[4]= -5.095951e+03 pm 3.936239e+03
A[5]= 2.699307e+03 pm 2.580267e+03
A[6]= -1.761369e+02 pm 6.037610e+02
A[7]= 1.131237e+01 pm 1.356261e+01
A[8]= -1.461048e-01 pm 1.831008e-01
A[9]= -3.520819e+03 pm 8.332145e+03
A[10]= 1.539634e+03 pm 5.036539e+03
A[11]= -4.377456e+02 pm 1.069488e+03
A[12]= 2.949787e-01 pm 4.821252e+01
A[13]= 1.689912e-02 pm 9.336800e-01
A[14]= 5.460776e+00 pm 1.635595e+00
A[15]= -6.992237e+03 pm 5.291094e+03
A[16]= 5.422341e+03 pm 3.465333e+03
A[17]= -1.054426e+03 pm 8.094654e+02
A[18]= -3.612234e+00 pm 1.909386e+01
A[19]= 2.508637e-01 pm 2.581945e-01
A[20]= 5.416573e+03 pm 1.208258e+04
A[21]= -2.566365e+03 pm 7.343705e+03
A[22]= -4.061809e+01 pm 1.566905e+03
A[23]= -5.103270e+01 pm 6.927084e+01
A[24]= 7.965913e-01 pm 1.361921e+00

Best-fitting parameters
A[0]= 9.561830e-01
A[1]= 1.042752e+00
A[2]= 5.664910e-01
A[3]= 3.925452e+00
A[4]= -5.252283e+03
A[5]= 2.708440e+03
A[6]= -1.803094e+02
A[7]= 1.354188e+01
A[8]= -1.911516e-01
A[9]= -4.172377e+03
A[10]= 2.168971e+03
A[11]= -5.959249e+02
A[12]= 1.912394e+01
A[13]= -3.813828e-01
A[14]= 5.699038e+00
A[15]= -9.675314e+03
A[16]= 6.874785e+03
A[17]= -1.331843e+03
A[18]= 9.590765e+00
A[19]= 5.199589e-02
A[20]= -1.668175e+03
A[21]= 1.539781e+03
A[22]= -8.288729e+02
A[23]= 1.415097e+01
A[24]= -5.359697e-01
chi2_min= 1.010520e+02


Cross-Covariance parameters
1.000000e+00	-5.105345e-01	-1.956775e-01	1.008547e-01	5.621757e-02	-5.668734e-02	4.688507e-02	5.827284e-02	-6.242069e-02	1.223989e-02	-7.855242e-03	-1.571155e-02	1.590936e-01	-1.434238e-01	7.066991e-02	1.177418e-01	-1.259757e-01	1.214270e-01	8.430783e-02	-1.266642e-01	2.203991e-02	-2.788102e-02	1.416470e-02	1.871092e-01	-1.864893e-01	
-5.105345e-01	1.000000e+00	7.855160e-02	-1.000526e-01	-8.708686e-02	8.816688e-02	-9.180223e-02	1.499971e-01	-1.115089e-01	5.461435e-02	-6.528198e-02	8.687565e-02	-1.417898e-01	8.684286e-02	-1.509236e-01	-5.829297e-03	1.197435e-02	-2.474317e-02	1.182461e-01	-1.108555e-01	3.904910e-02	-5.112478e-02	7.774788e-02	-1.124897e-01	6.811042e-02	
-1.956775e-01	7.855160e-02	1.000000e+00	-7.322962e-01	6.353891e-02	-6.575969e-02	7.359515e-02	-8.989016e-02	5.043363e-02	-3.849796e-01	5.042788e-01	-6.393279e-01	-1.183499e-01	2.786095e-01	-6.967828e-01	-9.168536e-02	9.345026e-02	-8.428230e-02	-7.728107e-02	9.957950e-02	-4.355892e-01	5.477879e-01	-6.773010e-01	-1.659106e-01	3.333236e-01	
1.008547e-01	-1.000526e-01	-7.322962e-01	1.000000e+00	-5.491453e-01	6.040105e-01	-6.468165e-01	2.091660e-01	7.617172e-02	2.159370e-01	-2.810918e-01	3.585898e-01	1.816112e-02	-9.267199e-02	5.414324e-01	2.524069e-02	-2.951448e-02	2.760941e-02	7.800640e-02	-8.987318e-02	3.442940e-01	-4.229493e-01	5.114464e-01	1.033311e-01	-2.360738e-01	
5.621757e-02	-8.708686e-02	6.353891e-02	-5.491453e-01	1.000000e+00	-9.859608e-01	9.466917e-01	-6.829012e-01	2.966730e-01	5.788389e-02	-8.822375e-02	1.209943e-01	1.018693e-01	-8.390576e-02	-3.683407e-02	4.242779e-02	-4.011952e-02	3.833011e-02	-6.259070e-02	5.953562e-02	-4.901843e-02	5.156434e-02	-5.402725e-02	2.150007e-02	2.379956e-04	
-5.668734e-02	8.816688e-02	-6.575969e-02	6.040105e-01	-9.859608e-01	1.000000e+00	-9.867270e-01	6.295752e-01	-2.260621e-01	-6.456816e-02	9.831053e-02	-1.348337e-01	-1.132532e-01	1.076727e-01	4.271875e-02	-5.048837e-02	4.847272e-02	-4.668407e-02	6.469880e-02	-5.832025e-02	5.282739e-02	-5.433533e-02	5.518746e-02	-2.470119e-02	1.427332e-03	
4.688507e-02	-9.180223e-02	7.359515e-02	-6.468165e-01	9.466917e-01	-9.867270e-01	1.000000e+00	-5.653616e-01	1.594918e-01	6.986299e-02	-1.050642e-01	1.431369e-01	1.141723e-01	-1.174457e-01	-4.985467e-02	5.404686e-02	-5.233250e-02	5.092806e-02	-6.883814e-02	6.060595e-02	-5.862839e-02	5.991733e-02	-6.001525e-02	2.436146e-02	1.637515e-03	
5.827284e-02	1.499971e-01	-8.989016e-02	2.091660e-01	-6.829012e-01	6.295752e-01	-5.653616e-01	1.000000e+00	-8.797816e-01	1.096038e-01	-9.675685e-02	7.102845e-02	-6.675260e-02	-9.358644e-02	3.330497e-02	8.514053e-03	-9.507461e-03	5.415340e-03	7.264275e-02	-7.732477e-02	4.682380e-02	-5.646845e-02	6.880466e-02	1.911680e-02	-3.950765e-02	
-6.242069e-02	-1.115089e-01	5.043363e-02	7.617172e-02	2.966730e-01	-2.260621e-01	1.594918e-01	-8.797816e-01	1.000000e+00	-1.726874e-01	1.731532e-01	-1.576599e-01	4.347755e-02	1.660794e-01	-1.515762e-02	-3.181559e-02	2.906910e-02	-2.122641e-02	-3.410870e-02	4.174342e-02	-2.275259e-02	2.944176e-02	-3.953454e-02	-2.394106e-02	3.297836e-02	
1.223989e-02	5.461435e-02	-3.849796e-01	2.159370e-01	5.788389e-02	-6.456816e-02	6.986299e-02	1.096038e-01	-1.726874e-01	1.000000e+00	-9.826385e-01	9.135520e-01	-7.453805e-01	5.437673e-01	2.616017e-01	5.546314e-02	-5.751481e-02	5.385766e-02	2.352410e-02	-4.079964e-02	2.070543e-01	-2.491041e-01	2.992566e-01	4.368010e-02	-1.174749e-01	
-7.855242e-03	-6.528198e-02	5.042788e-01	-2.810918e-01	-8.822375e-02	9.831053e-02	-1.050642e-01	-9.675685e-02	1.731532e-01	-9.826385e-01	1.000000e+00	-9.723577e-01	6.914685e-01	-4.798067e-01	-3.479279e-01	-6.717917e-02	6.933928e-02	-6.458304e-02	-3.219616e-02	5.295554e-02	-2.584889e-01	3.162517e-01	-3.854469e-01	-6.373737e-02	1.590892e-01	
-1.571155e-02	8.687565e-02	-6.393279e-01	3.585898e-01	1.209943e-01	-1.348337e-01	1.431369e-01	7.102845e-02	-1.576599e-01	9.135520e-01	-9.723577e-01	1.000000e+00	-5.783850e-01	3.646405e-01	4.477294e-01	7.767714e-02	-7.963579e-02	7.358822e-02	3.972285e-02	-6.265457e-02	3.148788e-01	-3.912434e-01	4.833750e-01	8.463419e-02	-2.042585e-01	
1.590936e-01	-1.417898e-01	-1.183499e-01	1.816112e-02	1.018693e-01	-1.132532e-01	1.141723e-01	-6.675260e-02	4.347755e-02	-7.453805e-01	6.914685e-01	-5.783850e-01	1.000000e+00	-9.435938e-01	8.995169e-02	1.664434e-02	-1.704814e-02	1.649897e-02	1.081940e-02	-7.390333e-03	1.997966e-02	-3.548506e-02	5.033288e-02	5.163911e-02	-5.988053e-02	
-1.434238e-01	8.684286e-02	2.786095e-01	-9.267199e-02	-8.390576e-02	1.076727e-01	-1.174457e-01	-9.358644e-02	1.660794e-01	5.437673e-01	-4.798067e-01	3.646405e-01	-9.435938e-01	1.000000e+00	-2.016332e-01	-3.708649e-02	3.618275e-02	-3.185176e-02	-2.178065e-02	2.050214e-02	-1.067998e-01	1.408488e-01	-1.784534e-01	-6.369402e-02	1.034453e-01	
7.066991e-02	-1.509236e-01	-6.967828e-01	5.414324e-01	-3.683407e-02	4.271875e-02	-4.985467e-02	3.330497e-02	-1.515762e-02	2.616017e-01	-3.479279e-01	4.477294e-01	8.995169e-02	-2.016332e-01	1.000000e+00	-4.613567e-01	5.205193e-01	-5.694939e-01	1.218754e-01	1.265470e-01	2.088727e-01	-2.651324e-01	3.383770e-01	6.641082e-02	-1.377152e-01	
1.177418e-01	-5.829297e-03	-9.168536e-02	2.524069e-02	4.242779e-02	-5.048837e-02	5.404686e-02	8.514053e-03	-3.181559e-02	5.546314e-02	-6.717917e-02	7.767714e-02	1.664434e-02	-3.708649e-02	-4.613567e-01	1.000000e+00	-9.841077e-01	9.386042e-01	-5.978111e-01	2.225319e-01	1.911159e-01	-2.285169e-01	2.592316e-01	4.178676e-02	-8.483834e-02	
-1.259757e-01	1.197435e-02	9.345026e-02	-2.951448e-02	-4.011952e-02	4.847272e-02	-5.233250e-02	-9.507461e-03	2.906910e-02	-5.751481e-02	6.933928e-02	-7.963579e-02	-1.704814e-02	3.618275e-02	5.205193e-01	-9.841077e-01	1.000000e+00	-9.844388e-01	5.325408e-01	-1.402752e-01	-2.021445e-01	2.439974e-01	-2.789736e-01	-5.219861e-02	1.038285e-01	
1.214270e-01	-2.474317e-02	-8.428230e-02	2.760941e-02	3.833011e-02	-4.668407e-02	5.092806e-02	5.415340e-03	-2.122641e-02	5.385766e-02	-6.458304e-02	7.358822e-02	1.649897e-02	-3.185176e-02	-5.694939e-01	9.386042e-01	-9.844388e-01	1.000000e+00	-4.559618e-01	6.147345e-02	2.033507e-01	-2.474878e-01	2.849417e-01	5.742815e-02	-1.131561e-01	
8.430783e-02	1.182461e-01	-7.728107e-02	7.800640e-02	-6.259070e-02	6.469880e-02	-6.883814e-02	7.264275e-02	-3.410870e-02	2.352410e-02	-3.219616e-02	3.972285e-02	1.081940e-02	-2.178065e-02	1.218754e-01	-5.978111e-01	5.325408e-01	-4.559618e-01	1.000000e+00	-8.978386e-01	-3.061249e-02	2.850857e-02	-2.389548e-02	1.255068e-01	-2.023456e-01	
-1.266642e-01	-1.108555e-01	9.957950e-02	-8.987318e-02	5.953562e-02	-5.832025e-02	6.060595e-02	-7.732477e-02	4.174342e-02	-4.079964e-02	5.295554e-02	-6.265457e-02	-7.390333e-03	2.050214e-02	1.265470e-01	2.225319e-01	-1.402752e-01	6.147345e-02	-8.978386e-01	1.000000e+00	-5.022000e-02	6.768826e-02	-8.321015e-02	-1.619392e-01	2.797967e-01	
2.203991e-02	3.904910e-02	-4.355892e-01	3.442940e-01	-4.901843e-02	5.282739e-02	-5.862839e-02	4.682380e-02	-2.275259e-02	2.070543e-01	-2.584889e-01	3.148788e-01	1.997966e-02	-1.067998e-01	2.088727e-01	1.911159e-01	-2.021445e-01	2.033507e-01	-3.061249e-02	-5.022000e-02	1.000000e+00	-9.843080e-01	9.217993e-01	-6.982473e-01	5.081477e-01	
-2.788102e-02	-5.112478e-02	5.477879e-01	-4.229493e-01	5.156434e-02	-5.433533e-02	5.991733e-02	-5.646845e-02	2.944176e-02	-2.491041e-01	3.162517e-01	-3.912434e-01	-3.548506e-02	1.408488e-01	-2.651324e-01	-2.285169e-01	2.439974e-01	-2.474878e-01	2.850857e-02	6.768826e-02	-9.843080e-01	1.000000e+00	-9.749717e-01	6.363688e-01	-4.350496e-01	
1.416470e-02	7.774788e-02	-6.773010e-01	5.114464e-01	-5.402725e-02	5.518746e-02	-6.001525e-02	6.880466e-02	-3.953454e-02	2.992566e-01	-3.854469e-01	4.833750e-01	5.033288e-02	-1.784534e-01	3.383770e-01	2.592316e-01	-2.789736e-01	2.849417e-01	-2.389548e-02	-8.321015e-02	9.217993e-01	-9.749717e-01	1.000000e+00	-5.187888e-01	3.122284e-01	
1.871092e-01	-1.124897e-01	-1.659106e-01	1.033311e-01	2.150007e-02	-2.470119e-02	2.436146e-02	1.911680e-02	-2.394106e-02	4.368010e-02	-6.373737e-02	8.463419e-02	5.163911e-02	-6.369402e-02	6.641082e-02	4.178676e-02	-5.219861e-02	5.742815e-02	1.255068e-01	-1.619392e-01	-6.982473e-01	6.363688e-01	-5.187888e-01	1.000000e+00	-9.598447e-01	
-1.864893e-01	6.811042e-02	3.333236e-01	-2.360738e-01	2.379956e-04	1.427332e-03	1.637515e-03	-3.950765e-02	3.297836e-02	-1.174749e-01	1.590892e-01	-2.042585e-01	-5.988053e-02	1.034453e-01	-1.377152e-01	-8.483834e-02	1.038285e-01	-1.131561e-01	-2.023456e-01	2.797967e-01	5.081477e-01	-4.350496e-01	3.122284e-01	-9.598447e-01	1.000000e+00	

Time taken for mcmc chain: 22.000000 minutes
