Number of steps: 1209792
Number of accepted steps: 1000000
Burn-in number of steps: 320000
Accepted fraction of steps: 0.826588
Convergence Status
R[0]= 1.015266	R[1]= 1.164674	R[2]= 1.020094	R[3]= 1.077909	R[4]= 1.037618	R[5]= 1.027214	R[6]= 1.022017	R[7]= 1.069095	R[8]= 1.149716	R[9]= 1.243160	R[10]= 1.253976	R[11]= 1.235573	R[12]= 1.189945	R[13]= 1.159247	R[14]= 1.052144	R[15]= 1.032480	R[16]= 1.046437	R[17]= 1.056920	R[18]= 1.170074	R[19]= 1.206521	R[20]= 1.052979	R[21]= 1.052723	R[22]= 1.053729	R[23]= 1.020974	R[24]= 1.015417	
<R>= 1.097036

Mean parameters
A[0]= 8.790958e-01 pm 3.635813e-02
A[1]= 9.933170e-01 pm 2.335681e-02
A[2]= 3.136783e-01 pm 1.961033e-01
A[3]= 4.761226e+00 pm 9.067401e-01
A[4]= -3.486106e+03 pm 3.281313e+03
A[5]= 1.979249e+03 pm 2.073893e+03
A[6]= -1.171572e+02 pm 4.596720e+02
A[7]= 4.332138e+00 pm 1.129573e+01
A[8]= -5.423768e-02 pm 1.631974e-01
A[9]= -5.174765e+03 pm 6.097503e+03
A[10]= 1.930375e+03 pm 3.485867e+03
A[11]= -3.605272e+02 pm 6.830678e+02
A[12]= 3.470653e+01 pm 3.912781e+01
A[13]= -6.322051e-01 pm 7.628471e-01
A[14]= 5.956392e+00 pm 1.284235e+00
A[15]= -8.432641e+03 pm 4.234367e+03
A[16]= 5.498214e+03 pm 2.734224e+03
A[17]= -9.322918e+02 pm 6.250134e+02
A[18]= 1.247342e+01 pm 1.824563e+01
A[19]= -2.065926e-02 pm 2.567719e-01
A[20]= 3.086612e+03 pm 9.801920e+03
A[21]= -2.408655e+03 pm 5.634251e+03
A[22]= 2.377655e+02 pm 1.091508e+03
A[23]= 4.383080e+00 pm 5.578590e+01
A[24]= -5.144546e-01 pm 1.018357e+00

Best-fitting parameters
A[0]= 8.905143e-01
A[1]= 9.858191e-01
A[2]= 1.716640e-01
A[3]= 5.147866e+00
A[4]= -1.724629e+03
A[5]= 1.033603e+03
A[6]= 5.316967e+01
A[7]= -3.338042e+00
A[8]= 5.498396e-02
A[9]= -3.116698e+03
A[10]= 2.547358e+02
A[11]= 5.051792e+01
A[12]= 2.797224e+01
A[13]= -4.197813e-01
A[14]= 6.480678e+00
A[15]= -9.248973e+03
A[16]= 5.749576e+03
A[17]= -9.371356e+02
A[18]= 1.269135e+01
A[19]= 4.611484e-03
A[20]= 5.069188e+03
A[21]= -3.849663e+03
A[22]= 5.660246e+02
A[23]= 1.199367e+01
A[24]= -6.144971e-01
chi2_min= 1.092369e+02


Cross-Covariance parameters
1.000000e+00	-3.769807e-01	-2.527088e-01	-1.219025e-01	2.909344e-01	-2.739849e-01	2.430842e-01	6.475569e-02	-1.590476e-01	9.466511e-02	-6.222010e-02	3.914840e-03	9.315659e-02	-7.042392e-02	-9.217872e-02	2.313239e-01	-2.359687e-01	2.307498e-01	-2.708914e-02	-1.828731e-02	6.382006e-02	-4.994216e-02	1.373396e-03	1.347817e-01	-1.505019e-01	
-3.769807e-01	1.000000e+00	-7.348539e-02	-2.017874e-01	2.603866e-02	-6.038441e-02	7.924554e-02	2.430757e-01	-2.971511e-01	1.134084e-01	-1.632080e-01	2.379936e-01	-2.934613e-02	-1.143621e-01	-1.996406e-01	7.928676e-02	-8.982919e-02	9.383440e-02	1.808756e-01	-2.154093e-01	1.878457e-01	-2.300423e-01	2.912378e-01	-2.115713e-01	1.513807e-01	
-2.527088e-01	-7.348539e-02	1.000000e+00	-3.614484e-01	-2.377027e-01	2.497155e-01	-2.482030e-01	-2.514513e-02	9.842618e-02	-2.252649e-01	3.334018e-01	-4.872571e-01	-2.645844e-01	3.182578e-01	-3.616596e-01	-1.656992e-01	1.700153e-01	-1.538238e-01	-9.350103e-02	1.338103e-01	-3.239015e-01	4.131530e-01	-5.255701e-01	-2.387946e-02	1.228936e-01	
-1.219025e-01	-2.017874e-01	-3.614484e-01	1.000000e+00	-5.733456e-01	6.516714e-01	-7.129251e-01	-1.100842e-02	3.181190e-01	1.430055e-02	-5.810884e-02	1.266109e-01	-6.164041e-03	4.897224e-02	4.086346e-01	-3.479799e-02	6.350572e-02	-9.546628e-02	-1.936767e-01	2.440859e-01	-7.804912e-02	4.633997e-02	1.398031e-02	1.653962e-01	-1.509548e-01	
2.909344e-01	2.603866e-02	-2.377027e-01	-5.733456e-01	1.000000e+00	-9.843911e-01	9.376303e-01	-5.030424e-01	9.341730e-02	1.659329e-01	-1.791297e-01	1.861116e-01	1.021986e-01	-1.155802e-01	-1.399651e-01	1.894337e-01	-2.121865e-01	2.243659e-01	9.191163e-02	-1.663127e-01	1.117904e-01	-1.330470e-01	1.458500e-01	2.012144e-02	-6.966417e-02	
-2.739849e-01	-6.038441e-02	2.497155e-01	6.516714e-01	-9.843911e-01	1.000000e+00	-9.836026e-01	4.437488e-01	-2.489229e-02	-1.384416e-01	1.573195e-01	-1.749157e-01	-1.401490e-01	1.564677e-01	1.463786e-01	-1.758044e-01	2.025724e-01	-2.193880e-01	-1.287453e-01	2.038545e-01	-1.588332e-01	1.805035e-01	-1.926915e-01	2.231753e-02	3.547920e-02	
2.430842e-01	7.924554e-02	-2.482030e-01	-7.129251e-01	9.376303e-01	-9.836026e-01	1.000000e+00	-3.779646e-01	-3.260795e-02	1.086326e-01	-1.317317e-01	1.580597e-01	1.673882e-01	-1.831799e-01	-1.451087e-01	1.549138e-01	-1.840310e-01	2.044443e-01	1.582831e-01	-2.318912e-01	1.951334e-01	-2.164560e-01	2.277310e-01	-6.295377e-02	1.163988e-03	
6.475569e-02	2.430757e-01	-2.514513e-02	-1.100842e-02	-5.030424e-01	4.437488e-01	-3.779646e-01	1.000000e+00	-8.850619e-01	7.639655e-02	-7.876662e-02	7.690930e-02	1.517808e-03	-1.706299e-01	-4.492512e-02	-3.566852e-02	2.602486e-02	-2.139882e-02	1.560045e-01	-1.576727e-01	1.235975e-01	-1.327820e-01	1.366538e-01	-1.265124e-01	1.180655e-01	
-1.590476e-01	-2.971511e-01	9.842618e-02	3.181190e-01	9.341730e-02	-2.489229e-02	-3.260795e-02	-8.850619e-01	1.000000e+00	-1.358351e-01	1.490150e-01	-1.536846e-01	-5.160067e-02	2.618529e-01	1.233527e-01	-3.005670e-02	5.209863e-02	-6.490378e-02	-2.188360e-01	2.532139e-01	-1.741170e-01	1.929472e-01	-2.021100e-01	1.327043e-01	-1.008950e-01	
9.466511e-02	1.134084e-01	-2.252649e-01	1.430055e-02	1.659329e-01	-1.384416e-01	1.086326e-01	7.639655e-02	-1.358351e-01	1.000000e+00	-9.846343e-01	9.144458e-01	-7.744961e-01	6.302730e-01	7.016984e-02	9.243794e-02	-8.283060e-02	7.468891e-02	-8.240001e-02	8.191715e-02	-1.753637e-02	-2.044683e-02	6.975495e-02	3.650184e-02	-1.247706e-02	
-6.222010e-02	-1.632080e-01	3.334018e-01	-5.810884e-02	-1.791297e-01	1.573195e-01	-1.317317e-01	-7.876662e-02	1.490150e-01	-9.846343e-01	1.000000e+00	-9.699316e-01	7.476029e-01	-5.978686e-01	-1.198044e-01	-9.211560e-02	8.236753e-02	-7.222224e-02	5.244029e-02	-5.143807e-02	-2.693256e-02	7.596258e-02	-1.414700e-01	-2.595262e-02	1.477795e-02	
3.914840e-03	2.379936e-01	-4.872571e-01	1.266109e-01	1.861116e-01	-1.749157e-01	1.580597e-01	7.690930e-02	-1.536846e-01	9.144458e-01	-9.699316e-01	1.000000e+00	-6.579947e-01	5.118163e-01	1.936096e-01	8.826766e-02	-7.908300e-02	6.653202e-02	-1.015835e-02	8.926309e-03	8.912145e-02	-1.542698e-01	2.436787e-01	1.150162e-02	-2.047291e-02	
9.315659e-02	-2.934613e-02	-2.645844e-01	-6.164041e-03	1.021986e-01	-1.401490e-01	1.673882e-01	1.517808e-03	-5.160067e-02	-7.744961e-01	7.476029e-01	-6.579947e-01	1.000000e+00	-9.506409e-01	-1.217244e-03	6.451374e-02	-9.061483e-02	1.016349e-01	1.358059e-01	-1.856535e-01	2.100331e-01	-2.214259e-01	2.278052e-01	-4.906291e-02	-2.854000e-02	
-7.042392e-02	-1.143621e-01	3.182578e-01	4.897224e-02	-1.155802e-01	1.564677e-01	-1.831799e-01	-1.706299e-01	2.618529e-01	6.302730e-01	-5.978686e-01	5.118163e-01	-9.506409e-01	1.000000e+00	4.441308e-02	-1.027753e-01	1.349718e-01	-1.491695e-01	-1.731765e-01	2.410071e-01	-2.711035e-01	2.959886e-01	-3.172025e-01	1.044774e-01	-1.623792e-02	
-9.217872e-02	-1.996406e-01	-3.616596e-01	4.086346e-01	-1.399651e-01	1.463786e-01	-1.451087e-01	-4.492512e-02	1.233527e-01	7.016984e-02	-1.198044e-01	1.936096e-01	-1.217244e-03	4.441308e-02	1.000000e+00	-5.666490e-01	6.652326e-01	-7.475678e-01	-5.568899e-02	3.175037e-01	-9.784931e-02	5.693657e-02	6.321335e-03	3.622836e-02	1.913469e-02	
2.313239e-01	7.928676e-02	-1.656992e-01	-3.479799e-02	1.894337e-01	-1.758044e-01	1.549138e-01	-3.566852e-02	-3.005670e-02	9.243794e-02	-9.211560e-02	8.826766e-02	6.451374e-02	-1.027753e-01	-5.666490e-01	1.000000e+00	-9.815714e-01	9.282339e-01	-5.334080e-01	2.188228e-01	1.867137e-01	-1.860126e-01	1.781555e-01	2.889122e-02	-6.852653e-02	
-2.359687e-01	-8.982919e-02	1.700153e-01	6.350572e-02	-2.121865e-01	2.025724e-01	-1.840310e-01	2.602486e-02	5.209863e-02	-8.283060e-02	8.236753e-02	-7.908300e-02	-9.061483e-02	1.349718e-01	6.652326e-01	-9.815714e-01	1.000000e+00	-9.816718e-01	4.491103e-01	-1.206369e-01	-2.008308e-01	2.029847e-01	-1.981921e-01	-3.139302e-02	8.332360e-02	
2.307498e-01	9.383440e-02	-1.538238e-01	-9.546628e-02	2.243659e-01	-2.193880e-01	2.044443e-01	-2.139882e-02	-6.490378e-02	7.468891e-02	-7.222224e-02	6.653202e-02	1.016349e-01	-1.491695e-01	-7.475678e-01	9.282339e-01	-9.816718e-01	1.000000e+00	-3.529030e-01	2.453195e-02	2.018331e-01	-2.052260e-01	2.019470e-01	3.390515e-02	-9.358471e-02	
-2.708914e-02	1.808756e-01	-9.350103e-02	-1.936767e-01	9.191163e-02	-1.287453e-01	1.582831e-01	1.560045e-01	-2.188360e-01	-8.240001e-02	5.244029e-02	-1.015835e-02	1.358059e-01	-1.731765e-01	-5.568899e-02	-5.334080e-01	4.491103e-01	-3.529030e-01	1.000000e+00	-9.304790e-01	2.095787e-01	-2.189261e-01	2.205067e-01	-1.339186e-01	1.517537e-02	
-1.828731e-02	-2.154093e-01	1.338103e-01	2.440859e-01	-1.663127e-01	2.038545e-01	-2.318912e-01	-1.576727e-01	2.532139e-01	8.191715e-02	-5.143807e-02	8.926309e-03	-1.856535e-01	2.410071e-01	3.175037e-01	2.188228e-01	-1.206369e-01	2.453195e-02	-9.304790e-01	1.000000e+00	-3.061118e-01	3.138626e-01	-3.090843e-01	1.441060e-01	1.332691e-02	
6.382006e-02	1.878457e-01	-3.239015e-01	-7.804912e-02	1.117904e-01	-1.588332e-01	1.951334e-01	1.235975e-01	-1.741170e-01	-1.753637e-02	-2.693256e-02	8.912145e-02	2.100331e-01	-2.711035e-01	-9.784931e-02	1.867137e-01	-2.008308e-01	2.018331e-01	2.095787e-01	-3.061118e-01	1.000000e+00	-9.883533e-01	9.382940e-01	-8.180291e-01	6.672150e-01	
-4.994216e-02	-2.300423e-01	4.131530e-01	4.633997e-02	-1.330470e-01	1.805035e-01	-2.164560e-01	-1.327820e-01	1.929472e-01	-2.044683e-02	7.596258e-02	-1.542698e-01	-2.214259e-01	2.959886e-01	5.693657e-02	-1.860126e-01	2.029847e-01	-2.052260e-01	-2.189261e-01	3.138626e-01	-9.883533e-01	1.000000e+00	-9.791626e-01	8.221189e-01	-6.754590e-01	
1.373396e-03	2.912378e-01	-5.255701e-01	1.398031e-02	1.458500e-01	-1.926915e-01	2.277310e-01	1.366538e-01	-2.021100e-01	6.975495e-02	-1.414700e-01	2.436787e-01	2.278052e-01	-3.172025e-01	6.321335e-03	1.781555e-01	-1.981921e-01	2.019470e-01	2.205067e-01	-3.090843e-01	9.382940e-01	-9.791626e-01	1.000000e+00	-7.916246e-01	6.560063e-01	
1.347817e-01	-2.115713e-01	-2.387946e-02	1.653962e-01	2.012144e-02	2.231753e-02	-6.295377e-02	-1.265124e-01	1.327043e-01	3.650184e-02	-2.595262e-02	1.150162e-02	-4.906291e-02	1.044774e-01	3.622836e-02	2.889122e-02	-3.139302e-02	3.390515e-02	-1.339186e-01	1.441060e-01	-8.180291e-01	8.221189e-01	-7.916246e-01	1.000000e+00	-9.609924e-01	
-1.505019e-01	1.513807e-01	1.228936e-01	-1.509548e-01	-6.966417e-02	3.547920e-02	1.163988e-03	1.180655e-01	-1.008950e-01	-1.247706e-02	1.477795e-02	-2.047291e-02	-2.854000e-02	-1.623792e-02	1.913469e-02	-6.852653e-02	8.332360e-02	-9.358471e-02	1.517537e-02	1.332691e-02	6.672150e-01	-6.754590e-01	6.560063e-01	-9.609924e-01	1.000000e+00	

Time taken for mcmc chain: 8.100000 minutes
