Number of steps: 2112383
Number of accepted steps: 1000000
Burn-in number of steps: 320000
Accepted fraction of steps: 0.473399
Convergence Status
R[0]= 1.001285	R[1]= 1.007193	R[2]= 1.023747	R[3]= 1.006026	R[4]= 1.006653	R[5]= 1.004835	R[6]= 1.003136	R[7]= 1.009659	R[8]= 1.012146	R[9]= 1.002629	R[10]= 1.004096	R[11]= 1.005917	R[12]= 1.003500	R[13]= 1.001995	R[14]= 1.016054	R[15]= 1.003401	R[16]= 1.004010	R[17]= 1.004856	R[18]= 1.002097	R[19]= 1.000892	R[20]= 1.013719	R[21]= 1.015080	R[22]= 1.017496	R[23]= 1.004284	R[24]= 1.001710	
<R>= 1.007057

Mean parameters
A[0]= 1.039989e+00 pm 3.981458e-02
A[1]= 1.099016e+00 pm 2.904926e-02
A[2]= 5.096544e-01 pm 3.809090e-01
A[3]= 3.822464e+00 pm 1.148186e+00
A[4]= 1.350129e+03 pm 3.872897e+03
A[5]= -6.305245e+02 pm 2.537820e+03
A[6]= 4.514873e+02 pm 6.080671e+02
A[7]= -1.049325e+01 pm 1.492141e+01
A[8]= 1.032621e-01 pm 1.978219e-01
A[9]= 1.168847e+04 pm 9.399821e+03
A[10]= -7.344181e+03 pm 5.607023e+03
A[11]= 1.319021e+03 pm 1.176677e+03
A[12]= -8.728223e+01 pm 5.367863e+01
A[13]= 1.736285e+00 pm 1.014656e+00
A[14]= 4.933772e+00 pm 1.610686e+00
A[15]= -2.495646e+03 pm 5.800652e+03
A[16]= 2.832442e+03 pm 3.792428e+03
A[17]= -5.235346e+02 pm 9.055475e+02
A[18]= 4.877060e+00 pm 2.278851e+01
A[19]= 2.474990e-02 pm 2.880418e-01
A[20]= 1.201397e+04 pm 1.329715e+04
A[21]= -6.631541e+03 pm 7.960508e+03
A[22]= 8.026222e+02 pm 1.666600e+03
A[23]= -4.243655e+01 pm 7.323035e+01
A[24]= 1.737711e-01 pm 1.369250e+00

Best-fitting parameters
A[0]= 1.031796e+00
A[1]= 1.107182e+00
A[2]= 5.033382e-01
A[3]= 3.930154e+00
A[4]= 4.642515e+02
A[5]= 2.031373e+02
A[6]= 2.104460e+02
A[7]= -3.795159e+00
A[8]= 2.562808e-02
A[9]= 1.292168e+04
A[10]= -7.737868e+03
A[11]= 1.291120e+03
A[12]= -8.678685e+01
A[13]= 1.603562e+00
A[14]= 3.521153e+00
A[15]= -1.150411e+03
A[16]= 1.076107e+03
A[17]= 9.068870e+01
A[18]= 1.324268e+01
A[19]= -1.826486e-01
A[20]= 2.326971e+04
A[21]= -1.355946e+04
A[22]= 2.167836e+03
A[23]= -1.022197e+02
A[24]= 9.212347e-01
chi2_min= 9.642562e+01


Cross-Covariance parameters
1.000000e+00	-4.813485e-01	-2.040134e-01	1.052806e-01	3.093828e-02	-2.349203e-02	6.974153e-03	6.927400e-02	-6.982105e-02	6.267559e-02	-5.257262e-02	2.053839e-02	6.553772e-02	-5.194342e-02	5.353769e-02	7.247307e-02	-7.360332e-02	6.710524e-02	2.502302e-02	-3.655755e-02	1.408226e-01	-1.219541e-01	7.720688e-02	1.745770e-02	-2.030315e-02	
-4.813485e-01	1.000000e+00	2.020213e-01	-2.014538e-01	-6.679443e-03	3.686457e-03	-1.034733e-02	8.774546e-02	-9.117218e-02	-4.984602e-02	4.138371e-02	-2.127850e-02	-3.906841e-02	1.184096e-03	-2.390211e-01	2.526440e-02	-2.893938e-02	2.204276e-02	1.059292e-01	-1.363062e-01	-8.790456e-02	7.359671e-02	-4.385692e-02	-2.006774e-02	-1.073557e-03	
-2.040134e-01	2.020213e-01	1.000000e+00	-6.762692e-01	1.783439e-02	-2.395098e-02	3.163931e-02	-7.246256e-02	5.634041e-02	-3.582512e-01	4.770726e-01	-6.202090e-01	4.687115e-03	1.342970e-01	-6.154190e-01	-1.198408e-02	2.065429e-02	-2.487317e-02	-5.393459e-02	5.982125e-02	-4.386623e-01	5.362495e-01	-6.575411e-01	4.634673e-02	1.134392e-01	
1.052806e-01	-2.014538e-01	-6.762692e-01	1.000000e+00	-5.354178e-01	6.110081e-01	-6.660867e-01	2.523211e-01	3.073129e-02	1.441952e-01	-2.083640e-01	2.890886e-01	1.753529e-02	-6.958413e-02	4.587000e-01	-3.556031e-02	2.900534e-02	-2.405518e-02	5.714987e-02	-4.492230e-02	2.601557e-01	-3.265451e-01	4.116390e-01	9.710343e-03	-1.160270e-01	
3.093828e-02	-6.679443e-03	1.783439e-02	-5.354178e-01	1.000000e+00	-9.808551e-01	9.258129e-01	-7.331907e-01	3.809958e-01	9.174738e-02	-1.200649e-01	1.530852e-01	-1.512309e-02	3.730713e-02	-4.091716e-02	4.800132e-02	-5.177468e-02	5.489017e-02	-3.543337e-02	1.192001e-02	-8.912730e-03	5.720788e-03	-1.913758e-03	8.426237e-03	-2.584660e-03	
-2.349203e-02	3.686457e-03	-2.395098e-02	6.110081e-01	-9.808551e-01	1.000000e+00	-9.810512e-01	6.938098e-01	-3.175474e-01	-1.064712e-01	1.367100e-01	-1.723448e-01	1.462533e-02	-2.153418e-02	3.520115e-02	-4.767213e-02	4.868001e-02	-4.949894e-02	4.366389e-02	-2.335803e-02	8.790974e-03	-6.206754e-03	3.293314e-03	-3.611953e-03	-3.784197e-03	
6.974153e-03	-1.034733e-02	3.163931e-02	-6.660867e-01	9.258129e-01	-9.810512e-01	1.000000e+00	-6.290524e-01	2.464394e-01	1.223943e-01	-1.530043e-01	1.891731e-01	-2.250866e-02	1.603954e-02	-2.970452e-02	4.716402e-02	-4.559258e-02	4.450249e-02	-5.416510e-02	3.687074e-02	-8.825536e-03	6.995229e-03	-5.200987e-03	-2.540786e-03	1.166876e-02	
6.927400e-02	8.774546e-02	-7.246256e-02	2.523211e-01	-7.331907e-01	6.938098e-01	-6.290524e-01	1.000000e+00	-8.858561e-01	8.575416e-02	-6.600195e-02	3.158546e-02	-1.545821e-02	-1.482945e-01	4.811953e-02	-3.001438e-02	3.354756e-02	-4.018233e-02	6.140160e-02	-4.932733e-02	6.691220e-02	-6.982416e-02	6.961858e-02	-4.745014e-02	2.961392e-02	
-6.982105e-02	-9.117218e-02	5.634041e-02	3.073129e-02	3.809958e-01	-3.175474e-01	2.464394e-01	-8.858561e-01	1.000000e+00	-1.728198e-01	1.627416e-01	-1.357439e-01	4.018588e-02	1.825798e-01	-4.942565e-02	2.900981e-02	-3.425115e-02	4.228677e-02	-5.174611e-02	4.137117e-02	-6.129824e-02	6.551516e-02	-6.641435e-02	5.414198e-02	-4.093675e-02	
6.267559e-02	-4.984602e-02	-3.582512e-01	1.441952e-01	9.174738e-02	-1.064712e-01	1.223943e-01	8.575416e-02	-1.728198e-01	1.000000e+00	-9.830803e-01	9.124324e-01	-8.228264e-01	6.445793e-01	2.479333e-01	2.731610e-03	-1.816256e-03	-1.379313e-03	1.547079e-02	-2.047463e-02	1.559129e-01	-1.976363e-01	2.466574e-01	-1.588990e-02	-4.547117e-02	
-5.257262e-02	4.138371e-02	4.770726e-01	-2.083640e-01	-1.200649e-01	1.367100e-01	-1.530043e-01	-6.600195e-02	1.627416e-01	-9.830803e-01	1.000000e+00	-9.710891e-01	7.975341e-01	-6.111459e-01	-3.223944e-01	-3.609478e-03	3.511824e-03	-7.297702e-04	-2.354235e-02	2.956363e-02	-2.087970e-01	2.640243e-01	-3.308325e-01	2.467485e-02	5.791017e-02	
2.053839e-02	-2.127850e-02	-6.202090e-01	2.890886e-01	1.530852e-01	-1.723448e-01	1.891731e-01	3.158546e-02	-1.357439e-01	9.124324e-01	-9.710891e-01	1.000000e+00	-7.099571e-01	5.213885e-01	4.115179e-01	4.670892e-03	-5.907111e-03	4.019853e-03	3.142180e-02	-3.887410e-02	2.698524e-01	-3.420302e-01	4.317868e-01	-3.366811e-02	-7.470371e-02	
6.553772e-02	-3.906841e-02	4.687115e-03	1.753529e-02	-1.512309e-02	1.462533e-02	-2.250866e-02	-1.545821e-02	4.018588e-02	-8.228264e-01	7.975341e-01	-7.099571e-01	1.000000e+00	-9.430034e-01	-1.869498e-02	1.019960e-02	-1.095883e-02	1.133951e-02	-8.744487e-03	1.189105e-02	-2.093411e-02	2.642999e-02	-3.075335e-02	2.402066e-02	-1.419925e-02	
-5.194342e-02	1.184096e-03	1.342970e-01	-6.958413e-02	3.730713e-02	-2.153418e-02	1.603954e-02	-1.482945e-01	1.825798e-01	6.445793e-01	-6.111459e-01	5.213885e-01	-9.430034e-01	1.000000e+00	-8.294200e-02	-4.030549e-03	2.009255e-03	1.599717e-03	-4.807517e-03	-5.347093e-04	-3.275637e-02	4.483324e-02	-6.318706e-02	-1.826214e-02	3.241798e-02	
5.353769e-02	-2.390211e-01	-6.154190e-01	4.587000e-01	-4.091716e-02	3.520115e-02	-2.970452e-02	4.811953e-02	-4.942565e-02	2.479333e-01	-3.223944e-01	4.115179e-01	-1.869498e-02	-8.294200e-02	1.000000e+00	-5.435036e-01	6.238100e-01	-6.827258e-01	2.169375e-01	6.406558e-02	1.077437e-01	-1.476124e-01	2.034100e-01	3.489725e-02	-8.040855e-02	
7.247307e-02	2.526440e-02	-1.198408e-02	-3.556031e-02	4.800132e-02	-4.767213e-02	4.716402e-02	-3.001438e-02	2.900981e-02	2.731610e-03	-3.609478e-03	4.670892e-03	1.019960e-02	-4.030549e-03	-5.435036e-01	1.000000e+00	-9.799827e-01	9.214543e-01	-7.435872e-01	4.185907e-01	1.431222e-01	-1.692663e-01	1.978201e-01	-3.844201e-02	2.311599e-02	
-7.360332e-02	-2.893938e-02	2.065429e-02	2.900534e-02	-5.177468e-02	4.868001e-02	-4.559258e-02	3.354756e-02	-3.425115e-02	-1.816256e-03	3.511824e-03	-5.907111e-03	-1.095883e-02	2.009255e-03	6.238100e-01	-9.799827e-01	1.000000e+00	-9.797808e-01	6.873224e-01	-3.362242e-01	-1.743220e-01	2.053137e-01	-2.387861e-01	5.145225e-02	-2.249504e-02	
6.710524e-02	2.204276e-02	-2.487317e-02	-2.405518e-02	5.489017e-02	-4.949894e-02	4.450249e-02	-4.018233e-02	4.228677e-02	-1.379313e-03	-7.297702e-04	4.019853e-03	1.133951e-02	1.599717e-03	-6.827258e-01	9.214543e-01	-9.797808e-01	1.000000e+00	-6.036922e-01	2.426355e-01	1.994032e-01	-2.334735e-01	2.700265e-01	-6.534972e-02	2.532230e-02	
2.502302e-02	1.059292e-01	-5.393459e-02	5.714987e-02	-3.543337e-02	4.366389e-02	-5.416510e-02	6.140160e-02	-5.174611e-02	1.547079e-02	-2.354235e-02	3.142180e-02	-8.744487e-03	-4.807517e-03	2.169375e-01	-7.435872e-01	6.873224e-01	-6.036922e-01	1.000000e+00	-9.026416e-01	1.859561e-02	-7.981810e-03	-7.469238e-03	2.156406e-02	-1.051941e-01	
-3.655755e-02	-1.363062e-01	5.982125e-02	-4.492230e-02	1.192001e-02	-2.335803e-02	3.687074e-02	-4.932733e-02	4.137117e-02	-2.047463e-02	2.956363e-02	-3.887410e-02	1.189105e-02	-5.347093e-04	6.406558e-02	4.185907e-01	-3.362242e-01	2.426355e-01	-9.026416e-01	1.000000e+00	-1.050002e-01	1.081854e-01	-1.057907e-01	-3.691477e-03	1.328619e-01	
1.408226e-01	-8.790456e-02	-4.386623e-01	2.601557e-01	-8.912730e-03	8.790974e-03	-8.825536e-03	6.691220e-02	-6.129824e-02	1.559129e-01	-2.087970e-01	2.698524e-01	-2.093411e-02	-3.275637e-02	1.077437e-01	1.431222e-01	-1.743220e-01	1.994032e-01	1.859561e-02	-1.050002e-01	1.000000e+00	-9.859421e-01	9.260131e-01	-8.149938e-01	6.590773e-01	
-1.219541e-01	7.359671e-02	5.362495e-01	-3.265451e-01	5.720788e-03	-6.206754e-03	6.995229e-03	-6.982416e-02	6.551516e-02	-1.976363e-01	2.640243e-01	-3.420302e-01	2.642999e-02	4.483324e-02	-1.476124e-01	-1.692663e-01	2.053137e-01	-2.334735e-01	-7.981810e-03	1.081854e-01	-9.859421e-01	1.000000e+00	-9.752042e-01	7.914628e-01	-6.245923e-01	
7.720688e-02	-4.385692e-02	-6.575411e-01	4.116390e-01	-1.913758e-03	3.293314e-03	-5.200987e-03	6.961858e-02	-6.641435e-02	2.466574e-01	-3.308325e-01	4.317868e-01	-3.075335e-02	-6.318706e-02	2.034100e-01	1.978201e-01	-2.387861e-01	2.700265e-01	-7.469238e-03	-1.057907e-01	9.260131e-01	-9.752042e-01	1.000000e+00	-7.109854e-01	5.354993e-01	
1.745770e-02	-2.006774e-02	4.634673e-02	9.710343e-03	8.426237e-03	-3.611953e-03	-2.540786e-03	-4.745014e-02	5.414198e-02	-1.588990e-02	2.467485e-02	-3.366811e-02	2.402066e-02	-1.826214e-02	3.489725e-02	-3.844201e-02	5.145225e-02	-6.534972e-02	2.156406e-02	-3.691477e-03	-8.149938e-01	7.914628e-01	-7.109854e-01	1.000000e+00	-9.585988e-01	
-2.030315e-02	-1.073557e-03	1.134392e-01	-1.160270e-01	-2.584660e-03	-3.784197e-03	1.166876e-02	2.961392e-02	-4.093675e-02	-4.547117e-02	5.791017e-02	-7.470371e-02	-1.419925e-02	3.241798e-02	-8.040855e-02	2.311599e-02	-2.249504e-02	2.532230e-02	-1.051941e-01	1.328619e-01	6.590773e-01	-6.245923e-01	5.354993e-01	-9.585988e-01	1.000000e+00	

Time taken for mcmc chain: 19.933333 minutes
