Number of steps: 4638962
Number of accepted steps: 1000000
Burn-in number of steps: 320000
Accepted fraction of steps: 0.215565
Convergence Status
R[0]= 1.002142	R[1]= 1.005635	R[2]= 1.014466	R[3]= 1.005579	R[4]= 1.002354	R[5]= 1.002827	R[6]= 1.003138	R[7]= 1.001879	R[8]= 1.001674	R[9]= 1.002954	R[10]= 1.003829	R[11]= 1.005130	R[12]= 1.001701	R[13]= 1.002683	R[14]= 1.015363	R[15]= 1.001540	R[16]= 1.002982	R[17]= 1.004891	R[18]= 1.000107	R[19]= 1.001367	R[20]= 1.002626	R[21]= 1.003666	R[22]= 1.005250	R[23]= 1.000311	R[24]= 1.000286	
<R>= 1.003775

Mean parameters
A[0]= 9.635874e-01 pm 3.256119e-02
A[1]= 1.051010e+00 pm 2.430545e-02
A[2]= 4.586528e-01 pm 2.908106e-01
A[3]= 4.371792e+00 pm 1.109845e+00
A[4]= -4.604329e+03 pm 3.780727e+03
A[5]= 2.468118e+03 pm 2.482556e+03
A[6]= -1.412380e+02 pm 5.845582e+02
A[7]= 6.400544e+00 pm 1.344772e+01
A[8]= -6.371574e-02 pm 1.829404e-01
A[9]= 9.553970e+02 pm 8.557118e+03
A[10]= -1.319435e+03 pm 5.101306e+03
A[11]= 1.821843e+02 pm 1.059477e+03
A[12]= -1.796744e+01 pm 4.887605e+01
A[13]= 3.900472e-01 pm 9.299920e-01
A[14]= 6.186636e+00 pm 1.666148e+00
A[15]= -7.158458e+03 pm 5.320565e+03
A[16]= 5.689302e+03 pm 3.482685e+03
A[17]= -1.155367e+03 pm 8.196255e+02
A[18]= 3.303663e+00 pm 1.987506e+01
A[19]= 1.519710e-01 pm 2.654720e-01
A[20]= 7.585574e+03 pm 1.172346e+04
A[21]= -4.069896e+03 pm 6.953997e+03
A[22]= 3.371425e+02 pm 1.434459e+03
A[23]= -3.295875e+01 pm 6.896720e+01
A[24]= 2.567731e-01 pm 1.326846e+00

Best-fitting parameters
A[0]= 9.594535e-01
A[1]= 1.062365e+00
A[2]= 4.800572e-01
A[3]= 4.020009e+00
A[4]= -4.412736e+03
A[5]= 2.197067e+03
A[6]= -4.544476e+01
A[7]= 5.683382e+00
A[8]= -7.145994e-02
A[9]= 3.188395e+03
A[10]= -2.886756e+03
A[11]= 5.421357e+02
A[12]= -4.427486e+01
A[13]= 8.819161e-01
A[14]= 5.456097e+00
A[15]= -4.620994e+03
A[16]= 4.131774e+03
A[17]= -8.352396e+02
A[18]= 3.331709e+00
A[19]= 1.134751e-01
A[20]= 8.452998e+03
A[21]= -4.557763e+03
A[22]= 3.967552e+02
A[23]= -2.913011e+01
A[24]= 3.913719e-02
chi2_min= 1.110454e+02


Cross-Covariance parameters
1.000000e+00	-4.790519e-01	-1.579569e-01	8.101933e-02	1.941278e-02	-1.728924e-02	6.474251e-03	7.801448e-02	-7.257136e-02	-3.489788e-02	4.407274e-02	-7.152218e-02	1.568261e-01	-1.349351e-01	5.249530e-02	4.282191e-02	-4.351386e-02	3.544644e-02	7.362225e-02	-7.763967e-02	9.500721e-03	2.595651e-03	-3.839496e-02	1.276218e-01	-1.120698e-01	
-4.790519e-01	1.000000e+00	1.617972e-01	-1.771943e-01	-4.440254e-03	1.002573e-02	-2.430054e-02	1.158853e-01	-1.129462e-01	3.108787e-02	-3.725861e-02	5.252841e-02	-1.125673e-01	6.318826e-02	-1.931580e-01	2.015897e-03	-1.022597e-03	-6.973820e-03	1.409550e-01	-1.438977e-01	1.167408e-02	-2.134615e-02	4.534821e-02	-9.881546e-02	6.687518e-02	
-1.579569e-01	1.617972e-01	1.000000e+00	-5.980590e-01	-1.054044e-01	1.170159e-01	-1.211821e-01	-1.625932e-03	4.618597e-02	-3.839232e-01	4.982538e-01	-6.370213e-01	-7.655120e-02	2.244220e-01	-6.243263e-01	-4.641513e-02	4.820457e-02	-4.315202e-02	2.669841e-03	-6.250341e-04	-3.788630e-01	4.863930e-01	-6.227057e-01	-9.738505e-02	2.324191e-01	
8.101933e-02	-1.771943e-01	-5.980590e-01	1.000000e+00	-5.434953e-01	6.045096e-01	-6.478737e-01	1.751361e-01	1.151734e-01	1.391879e-01	-1.853300e-01	2.467794e-01	2.689060e-02	-6.097334e-02	4.063450e-01	8.495430e-03	-9.060819e-03	7.425644e-03	-2.743586e-02	3.631927e-02	2.124355e-01	-2.747086e-01	3.553551e-01	7.140215e-02	-1.443256e-01	
1.941278e-02	-4.440254e-03	-1.054044e-01	-5.434953e-01	1.000000e+00	-9.838516e-01	9.386602e-01	-6.694174e-01	2.809725e-01	1.059549e-01	-1.484103e-01	1.966831e-01	4.322773e-02	-4.705940e-02	4.234919e-02	3.747976e-02	-3.713520e-02	3.521951e-02	1.797135e-03	-1.720576e-02	5.449780e-02	-6.787017e-02	8.328362e-02	1.017603e-03	-2.122643e-02	
-1.728924e-02	1.002573e-02	1.170159e-01	6.045096e-01	-9.838516e-01	1.000000e+00	-9.847132e-01	6.214678e-01	-2.150538e-01	-1.178914e-01	1.645163e-01	-2.177546e-01	-4.932266e-02	6.689457e-02	-4.961049e-02	-3.669541e-02	3.698114e-02	-3.574083e-02	-2.872474e-03	1.856767e-02	-5.862109e-02	7.368315e-02	-9.112394e-02	-1.763744e-03	2.414651e-02	
6.474251e-03	-2.430054e-02	-1.211821e-01	-6.478737e-01	9.386602e-01	-9.847132e-01	1.000000e+00	-5.590668e-01	1.511632e-01	1.311396e-01	-1.797095e-01	2.351233e-01	4.465317e-02	-7.276496e-02	5.558308e-02	3.406359e-02	-3.477634e-02	3.431392e-02	-7.219623e-04	-1.451154e-02	5.880859e-02	-7.459679e-02	9.306002e-02	1.637898e-03	-2.445978e-02	
7.801448e-02	1.158853e-01	-1.625932e-03	1.751361e-01	-6.694174e-01	6.214678e-01	-5.590668e-01	1.000000e+00	-8.805018e-01	7.257614e-02	-4.934780e-02	1.217917e-02	-3.173807e-02	-1.219647e-01	-1.121359e-02	-1.458617e-02	1.341524e-02	-1.465374e-02	4.563310e-02	-3.588752e-02	3.431550e-03	-3.816018e-03	3.634432e-03	-3.770833e-04	-5.901440e-04	
-7.257136e-02	-1.129462e-01	4.618597e-02	1.151734e-01	2.809725e-01	-2.150538e-01	1.511632e-01	-8.805018e-01	1.000000e+00	-1.534120e-01	1.484653e-01	-1.287846e-01	2.431123e-02	1.881800e-01	-8.587369e-03	2.052344e-03	-1.209377e-04	9.085295e-04	-4.574697e-02	4.180339e-02	-2.884614e-02	3.556297e-02	-4.287188e-02	4.337042e-03	5.731573e-03	
-3.489788e-02	3.108787e-02	-3.839232e-01	1.391879e-01	1.059549e-01	-1.178914e-01	1.311396e-01	7.257614e-02	-1.534120e-01	1.000000e+00	-9.844738e-01	9.201437e-01	-7.918502e-01	6.080734e-01	2.396969e-01	1.895072e-02	-1.934712e-02	1.706508e-02	-4.159075e-03	5.657273e-03	1.524854e-01	-1.990877e-01	2.604066e-01	2.298930e-02	-7.994209e-02	
4.407274e-02	-3.725861e-02	4.982538e-01	-1.853300e-01	-1.484103e-01	1.645163e-01	-1.797095e-01	-4.934780e-02	1.484653e-01	-9.844738e-01	1.000000e+00	-9.737758e-01	7.553213e-01	-5.644102e-01	-3.093410e-01	-2.519095e-02	2.587836e-02	-2.313930e-02	2.515710e-03	-2.663441e-03	-1.982951e-01	2.583848e-01	-3.374423e-01	-3.079341e-02	1.052285e-01	
-7.152218e-02	5.252841e-02	-6.370213e-01	2.467794e-01	1.966831e-01	-2.177546e-01	2.351233e-01	1.217917e-02	-1.287846e-01	9.201437e-01	-9.737758e-01	1.000000e+00	-6.601018e-01	4.684316e-01	3.947363e-01	3.207015e-02	-3.309889e-02	2.990712e-02	-2.198957e-03	8.063549e-04	2.551046e-01	-3.319324e-01	4.333165e-01	3.823804e-02	-1.345333e-01	
1.568261e-01	-1.125673e-01	-7.655120e-02	2.689060e-02	4.322773e-02	-4.932266e-02	4.465317e-02	-3.173807e-02	2.431123e-02	-7.918502e-01	7.553213e-01	-6.601018e-01	1.000000e+00	-9.455323e-01	4.676386e-02	6.691984e-03	-7.367119e-03	7.025476e-03	8.600139e-03	-1.082425e-02	2.284467e-02	-2.619128e-02	2.681716e-02	2.530621e-02	-3.016104e-02	
-1.349351e-01	6.318826e-02	2.244220e-01	-6.097334e-02	-4.705940e-02	6.689457e-02	-7.276496e-02	-1.219647e-01	1.881800e-01	6.080734e-01	-5.644102e-01	4.684316e-01	-9.455323e-01	1.000000e+00	-1.357564e-01	-1.175559e-02	1.283076e-02	-1.162823e-02	-1.668977e-02	1.766779e-02	-8.572283e-02	1.078505e-01	-1.333374e-01	-2.983692e-02	5.868853e-02	
5.249530e-02	-1.931580e-01	-6.243263e-01	4.063450e-01	4.234919e-02	-4.961049e-02	5.558308e-02	-1.121359e-02	-8.587369e-03	2.396969e-01	-3.093410e-01	3.947363e-01	4.676386e-02	-1.357564e-01	1.000000e+00	-5.396870e-01	6.137416e-01	-6.696642e-01	7.746510e-02	2.118701e-01	1.586680e-01	-2.038442e-01	2.687113e-01	9.299402e-03	-4.744536e-02	
4.282191e-02	2.015897e-03	-4.641513e-02	8.495430e-03	3.747976e-02	-3.669541e-02	3.406359e-02	-1.458617e-02	2.052344e-03	1.895072e-02	-2.519095e-02	3.207015e-02	6.691984e-03	-1.175559e-02	-5.396870e-01	1.000000e+00	-9.823672e-01	9.318967e-01	-6.358352e-01	2.716105e-01	1.458292e-01	-1.755142e-01	2.020323e-01	5.815098e-04	-2.615291e-02	
-4.351386e-02	-1.022597e-03	4.820457e-02	-9.060819e-03	-3.713520e-02	3.698114e-02	-3.477634e-02	1.341524e-02	-1.209377e-04	-1.934712e-02	2.587836e-02	-3.309889e-02	-7.367119e-03	1.283076e-02	6.137416e-01	-9.823672e-01	1.000000e+00	-9.827760e-01	5.700189e-01	-1.863977e-01	-1.444975e-01	1.786721e-01	-2.107800e-01	-2.091190e-02	5.479804e-02	
3.544644e-02	-6.973820e-03	-4.315202e-02	7.425644e-03	3.521951e-02	-3.574083e-02	3.431392e-02	-1.465374e-02	9.085295e-04	1.706508e-02	-2.313930e-02	2.990712e-02	7.025476e-03	-1.162823e-02	-6.696642e-01	9.318967e-01	-9.827760e-01	1.000000e+00	-4.873562e-01	1.000750e-01	1.386431e-01	-1.755779e-01	2.115987e-01	3.549536e-02	-7.472821e-02	
7.362225e-02	1.409550e-01	2.669841e-03	-2.743586e-02	1.797135e-03	-2.872474e-03	-7.219623e-04	4.563310e-02	-4.574697e-02	-4.159075e-03	2.515710e-03	-2.198957e-03	8.600139e-03	-1.668977e-02	7.746510e-02	-6.358352e-01	5.700189e-01	-4.873562e-01	1.000000e+00	-8.997453e-01	-5.090094e-02	6.185189e-02	-7.261093e-02	9.701576e-02	-1.664796e-01	
-7.763967e-02	-1.438977e-01	-6.250341e-04	3.631927e-02	-1.720576e-02	1.856767e-02	-1.451154e-02	-3.588752e-02	4.180339e-02	5.657273e-03	-2.663441e-03	8.063549e-04	-1.082425e-02	1.766779e-02	2.118701e-01	2.716105e-01	-1.863977e-01	1.000750e-01	-8.997453e-01	1.000000e+00	-3.123118e-03	4.392842e-03	-3.686380e-03	-1.219136e-01	2.273262e-01	
9.500721e-03	1.167408e-02	-3.788630e-01	2.124355e-01	5.449780e-02	-5.862109e-02	5.880859e-02	3.431550e-03	-2.884614e-02	1.524854e-01	-1.982951e-01	2.551046e-01	2.284467e-02	-8.572283e-02	1.586680e-01	1.458292e-01	-1.444975e-01	1.386431e-01	-5.090094e-02	-3.123118e-03	1.000000e+00	-9.854692e-01	9.228822e-01	-7.806653e-01	6.297159e-01	
2.595651e-03	-2.134615e-02	4.863930e-01	-2.747086e-01	-6.787017e-02	7.368315e-02	-7.459679e-02	-3.816018e-03	3.556297e-02	-1.990877e-01	2.583848e-01	-3.319324e-01	-2.619128e-02	1.078505e-01	-2.038442e-01	-1.755142e-01	1.786721e-01	-1.755779e-01	6.185189e-02	4.392842e-03	-9.854692e-01	1.000000e+00	-9.739837e-01	7.440571e-01	-5.848523e-01	
-3.839496e-02	4.534821e-02	-6.227057e-01	3.553551e-01	8.328362e-02	-9.112394e-02	9.306002e-02	3.634432e-03	-4.287188e-02	2.604066e-01	-3.374423e-01	4.333165e-01	2.681716e-02	-1.333374e-01	2.687113e-01	2.020323e-01	-2.107800e-01	2.115987e-01	-7.261093e-02	-3.686380e-03	9.228822e-01	-9.739837e-01	1.000000e+00	-6.488882e-01	4.851058e-01	
1.276218e-01	-9.881546e-02	-9.738505e-02	7.140215e-02	1.017603e-03	-1.763744e-03	1.637898e-03	-3.770833e-04	4.337042e-03	2.298930e-02	-3.079341e-02	3.823804e-02	2.530621e-02	-2.983692e-02	9.299402e-03	5.815098e-04	-2.091190e-02	3.549536e-02	9.701576e-02	-1.219136e-01	-7.806653e-01	7.440571e-01	-6.488882e-01	1.000000e+00	-9.649886e-01	
-1.120698e-01	6.687518e-02	2.324191e-01	-1.443256e-01	-2.122643e-02	2.414651e-02	-2.445978e-02	-5.901440e-04	5.731573e-03	-7.994209e-02	1.052285e-01	-1.345333e-01	-3.016104e-02	5.868853e-02	-4.744536e-02	-2.615291e-02	5.479804e-02	-7.472821e-02	-1.664796e-01	2.273262e-01	6.297159e-01	-5.848523e-01	4.851058e-01	-9.649886e-01	1.000000e+00	

Time taken for mcmc chain: 29.350000 minutes
