Number of steps: 4695341
Number of accepted steps: 1000000
Burn-in number of steps: 320000
Accepted fraction of steps: 0.212977
Convergence Status
R[0]= 1.001747	R[1]= 1.006595	R[2]= 1.076678	R[3]= 1.032269	R[4]= 1.001020	R[5]= 1.000607	R[6]= 1.000402	R[7]= 1.001011	R[8]= 1.000622	R[9]= 1.015536	R[10]= 1.021212	R[11]= 1.028045	R[12]= 1.001410	R[13]= 1.001181	R[14]= 1.032269	R[15]= 1.007323	R[16]= 1.009822	R[17]= 1.012064	R[18]= 1.000895	R[19]= 1.000552	R[20]= 1.007605	R[21]= 1.012380	R[22]= 1.019391	R[23]= 1.001104	R[24]= 1.002654	
<R>= 1.011776

Mean parameters
A[0]= 9.783799e-01 pm 3.359600e-02
A[1]= 1.075321e+00 pm 2.823162e-02
A[2]= 6.612163e-01 pm 4.356835e-01
A[3]= 3.619808e+00 pm 1.101713e+00
A[4]= -1.327829e+03 pm 3.920254e+03
A[5]= 7.820837e+02 pm 2.583056e+03
A[6]= 1.778305e+02 pm 6.122286e+02
A[7]= 2.181572e-01 pm 1.405296e+01
A[8]= -2.775301e-02 pm 1.891120e-01
A[9]= 4.820748e+03 pm 9.198295e+03
A[10]= -3.039442e+03 pm 5.623438e+03
A[11]= 3.742138e+02 pm 1.209486e+03
A[12]= -5.025316e+01 pm 5.119290e+01
A[13]= 1.026131e+00 pm 9.840052e-01
A[14]= 5.379245e+00 pm 1.717430e+00
A[15]= -5.935335e+03 pm 5.513248e+03
A[16]= 5.032864e+03 pm 3.608177e+03
A[17]= -1.025909e+03 pm 8.528077e+02
A[18]= 4.963035e-01 pm 2.103682e+01
A[19]= 1.830566e-01 pm 2.739532e-01
A[20]= 1.293830e+04 pm 1.245057e+04
A[21]= -6.773136e+03 pm 7.565498e+03
A[22]= 7.094753e+02 pm 1.618397e+03
A[23]= -9.435676e+01 pm 7.253680e+01
A[24]= 1.512768e+00 pm 1.404788e+00

Best-fitting parameters
A[0]= 9.684404e-01
A[1]= 1.076890e+00
A[2]= 5.480372e-01
A[3]= 4.081059e+00
A[4]= -3.456084e+03
A[5]= 2.096301e+03
A[6]= -1.237907e+02
A[7]= 6.743415e+00
A[8]= -9.804901e-02
A[9]= 5.461015e+03
A[10]= -3.289736e+03
A[11]= 4.124445e+02
A[12]= -4.371734e+01
A[13]= 7.988687e-01
A[14]= 5.950918e+00
A[15]= -9.433570e+03
A[16]= 7.090539e+03
A[17]= -1.471508e+03
A[18]= 1.298403e+01
A[19]= 5.405634e-02
A[20]= 9.987343e+03
A[21]= -5.317469e+03
A[22]= 4.899293e+02
A[23]= -7.140554e+01
A[24]= 1.034648e+00
chi2_min= 9.380546e+01


Cross-Covariance parameters
1.000000e+00	-5.106595e-01	-1.843626e-01	1.170019e-01	3.184471e-02	-2.914292e-02	1.823999e-02	6.120850e-02	-5.782473e-02	8.943284e-03	-4.110332e-03	-1.765517e-02	1.338412e-01	-1.172622e-01	8.792286e-02	5.347786e-02	-5.738982e-02	5.063029e-02	5.596147e-02	-6.606881e-02	2.443785e-02	-1.828397e-02	-8.151721e-03	1.405404e-01	-1.270484e-01	
-5.106595e-01	1.000000e+00	1.958674e-01	-2.303255e-01	2.685949e-02	-2.446791e-02	1.488013e-02	9.768751e-02	-1.126299e-01	3.910808e-04	-7.194019e-03	2.282827e-02	-9.146816e-02	4.765684e-02	-1.966474e-01	-2.821255e-02	3.211101e-02	-4.067629e-02	1.398503e-01	-1.364239e-01	-2.281678e-02	1.970345e-02	-2.881907e-03	-8.545884e-02	5.823641e-02	
-1.843626e-01	1.958674e-01	1.000000e+00	-6.717807e-01	-8.737305e-02	1.080661e-01	-1.177701e-01	-1.186228e-02	6.531247e-02	-4.531332e-01	5.622610e-01	-6.844950e-01	-3.215353e-02	2.043747e-01	-7.298713e-01	-4.277193e-03	1.589483e-03	1.213132e-02	-2.070477e-02	5.655277e-03	-3.880297e-01	4.998132e-01	-6.347497e-01	-1.215700e-01	2.724547e-01	
1.170019e-01	-2.303255e-01	-6.717807e-01	1.000000e+00	-4.906097e-01	5.379583e-01	-5.733300e-01	1.964814e-01	5.718412e-02	2.008629e-01	-2.515262e-01	3.126797e-01	4.294443e-03	-6.761040e-02	5.186519e-01	-9.171403e-03	9.926817e-03	-1.614314e-02	1.018291e-03	1.173206e-02	2.566622e-01	-3.340419e-01	4.270735e-01	8.355826e-02	-1.830115e-01	
3.184471e-02	2.685949e-02	-8.737305e-02	-4.906097e-01	1.000000e+00	-9.833625e-01	9.366342e-01	-6.863462e-01	2.962913e-01	1.342072e-01	-1.821781e-01	2.340593e-01	4.226659e-02	-5.747295e-02	5.313980e-02	2.766688e-02	-2.964040e-02	2.922831e-02	1.019539e-02	-2.293635e-02	6.467912e-02	-7.733585e-02	9.056350e-02	-8.700682e-04	-2.162269e-02	
-2.914292e-02	-2.446791e-02	1.080661e-01	5.379583e-01	-9.833625e-01	1.000000e+00	-9.841741e-01	6.433026e-01	-2.351541e-01	-1.579790e-01	2.110718e-01	-2.686845e-01	-4.761893e-02	7.904425e-02	-6.960338e-02	-3.207314e-02	3.355744e-02	-3.240588e-02	-4.295885e-03	1.739168e-02	-7.453732e-02	8.941644e-02	-1.058234e-01	-1.730833e-03	2.734705e-02	
1.823999e-02	1.488013e-02	-1.177701e-01	-5.733300e-01	9.366342e-01	-9.841741e-01	1.000000e+00	-5.825285e-01	1.728465e-01	1.787189e-01	-2.340290e-01	2.939923e-01	4.337487e-02	-8.709751e-02	7.961151e-02	3.493714e-02	-3.592786e-02	3.444723e-02	-4.844329e-03	-8.293603e-03	7.902574e-02	-9.479777e-02	1.128181e-01	2.256701e-03	-2.888656e-02	
6.120850e-02	9.768751e-02	-1.186228e-02	1.964814e-01	-6.863462e-01	6.433026e-01	-5.825285e-01	1.000000e+00	-8.772757e-01	4.935616e-02	-2.468932e-02	-1.106538e-02	-1.854264e-02	-1.292346e-01	5.449889e-03	-9.005730e-03	1.090708e-02	-1.514374e-02	1.868162e-02	-5.720961e-03	4.369634e-03	-5.163091e-03	5.747535e-03	4.701039e-03	-6.930139e-03	
-5.782473e-02	-1.126299e-01	6.531247e-02	5.718412e-02	2.962913e-01	-2.351541e-01	1.728465e-01	-8.772757e-01	1.000000e+00	-1.506279e-01	1.489282e-01	-1.350663e-01	7.473293e-03	2.096064e-01	-4.531333e-02	-2.693855e-03	8.179010e-04	4.382640e-03	-1.381447e-02	3.193641e-03	-4.179483e-02	5.010340e-02	-5.933451e-02	-1.016358e-03	1.502463e-02	
8.943284e-03	3.910808e-04	-4.531332e-01	2.008629e-01	1.342072e-01	-1.579790e-01	1.787189e-01	4.935616e-02	-1.506279e-01	1.000000e+00	-9.839378e-01	9.208072e-01	-7.668650e-01	5.604897e-01	3.467958e-01	-8.110581e-03	1.157029e-02	-1.921975e-02	1.301305e-02	1.531106e-03	1.929790e-01	-2.476482e-01	3.149241e-01	3.250144e-02	-1.080522e-01	
-4.110332e-03	-7.194019e-03	5.622610e-01	-2.515262e-01	-1.821781e-01	2.110718e-01	-2.340290e-01	-2.468932e-02	1.489282e-01	-9.839378e-01	1.000000e+00	-9.748892e-01	7.193621e-01	-5.029564e-01	-4.274207e-01	4.111984e-03	-7.598942e-03	1.661150e-02	-1.472679e-02	3.472890e-04	-2.408593e-01	3.094680e-01	-3.941663e-01	-4.336311e-02	1.384876e-01	
-1.765517e-02	2.282827e-02	-6.844950e-01	3.126797e-01	2.340593e-01	-2.686845e-01	2.939923e-01	-1.106538e-02	-1.350663e-01	9.208072e-01	-9.748892e-01	1.000000e+00	-6.142310e-01	3.944255e-01	5.185502e-01	6.844027e-05	3.400116e-03	-1.376816e-02	1.607542e-02	-2.316667e-03	2.963630e-01	-3.811464e-01	4.862947e-01	5.333751e-02	-1.715179e-01	
1.338412e-01	-9.146816e-02	-3.215353e-02	4.294443e-03	4.226659e-02	-4.761893e-02	4.337487e-02	-1.854264e-02	7.473293e-03	-7.668650e-01	7.193621e-01	-6.142310e-01	1.000000e+00	-9.404311e-01	1.123836e-02	2.944656e-02	-3.164214e-02	3.134858e-02	-3.579221e-03	-1.022794e-02	2.010323e-02	-2.118317e-02	1.876858e-02	1.643253e-02	-1.846601e-02	
-1.172622e-01	4.765684e-02	2.043747e-01	-6.761040e-02	-5.747295e-02	7.904425e-02	-8.709751e-02	-1.292346e-01	2.096064e-01	5.604897e-01	-5.029564e-01	3.944255e-01	-9.404311e-01	1.000000e+00	-1.430953e-01	-2.930984e-02	2.960936e-02	-2.533701e-02	-1.257527e-03	9.045555e-03	-1.007991e-01	1.241831e-01	-1.494977e-01	-2.255244e-02	5.590432e-02	
8.792286e-02	-1.966474e-01	-7.298713e-01	5.186519e-01	5.313980e-02	-6.960338e-02	7.961151e-02	5.449889e-03	-4.531333e-02	3.467958e-01	-4.274207e-01	5.185502e-01	1.123836e-02	-1.430953e-01	1.000000e+00	-4.658117e-01	5.332111e-01	-5.899017e-01	1.159318e-01	1.345711e-01	2.190569e-01	-2.790001e-01	3.573799e-01	3.779546e-02	-1.108373e-01	
5.347786e-02	-2.821255e-02	-4.277193e-03	-9.171403e-03	2.766688e-02	-3.207314e-02	3.493714e-02	-9.005730e-03	-2.693855e-03	-8.110581e-03	4.111984e-03	6.844027e-05	2.944656e-02	-2.930984e-02	-4.658117e-01	1.000000e+00	-9.821143e-01	9.303669e-01	-6.860170e-01	3.427248e-01	1.442420e-01	-1.772867e-01	2.078476e-01	1.734362e-02	-4.096950e-02	
-5.738982e-02	3.211101e-02	1.589483e-03	9.926817e-03	-2.964040e-02	3.355744e-02	-3.592786e-02	1.090708e-02	8.179010e-04	1.157029e-02	-7.598942e-03	3.400116e-03	-3.164214e-02	2.960936e-02	5.332111e-01	-9.821143e-01	1.000000e+00	-9.822073e-01	6.263942e-01	-2.614824e-01	-1.501266e-01	1.881003e-01	-2.239918e-01	-3.240615e-02	6.557321e-02	
5.063029e-02	-4.067629e-02	1.213132e-02	-1.614314e-02	2.922831e-02	-3.240588e-02	3.444723e-02	-1.514374e-02	4.382640e-03	-1.921975e-02	1.661150e-02	-1.376816e-02	3.134858e-02	-2.533701e-02	-5.899017e-01	9.303669e-01	-9.822073e-01	1.000000e+00	-5.464884e-01	1.752021e-01	1.492947e-01	-1.897675e-01	2.284019e-01	3.974832e-02	-7.865406e-02	
5.596147e-02	1.398503e-01	-2.070477e-02	1.018291e-03	1.019539e-02	-4.295885e-03	-4.844329e-03	1.868162e-02	-1.381447e-02	1.301305e-02	-1.472679e-02	1.607542e-02	-3.579221e-03	-1.257527e-03	1.159318e-01	-6.860170e-01	6.263942e-01	-5.464884e-01	1.000000e+00	-9.027784e-01	-5.125477e-02	6.088362e-02	-7.016959e-02	7.507516e-02	-1.397444e-01	
-6.606881e-02	-1.364239e-01	5.655277e-03	1.173206e-02	-2.293635e-02	1.739168e-02	-8.293603e-03	-5.720961e-03	3.193641e-03	1.531106e-03	3.472890e-04	-2.316667e-03	-1.022794e-02	9.045555e-03	1.345711e-01	3.427248e-01	-2.614824e-01	1.752021e-01	-9.027784e-01	1.000000e+00	-5.704220e-03	1.046660e-02	-1.366709e-02	-1.038496e-01	2.054415e-01	
2.443785e-02	-2.281678e-02	-3.880297e-01	2.566622e-01	6.467912e-02	-7.453732e-02	7.902574e-02	4.369634e-03	-4.179483e-02	1.929790e-01	-2.408593e-01	2.963630e-01	2.010323e-02	-1.007991e-01	2.190569e-01	1.442420e-01	-1.501266e-01	1.492947e-01	-5.125477e-02	-5.704220e-03	1.000000e+00	-9.838935e-01	9.169663e-01	-7.575133e-01	5.894280e-01	
-1.828397e-02	1.970345e-02	4.998132e-01	-3.340419e-01	-7.733585e-02	8.941644e-02	-9.479777e-02	-5.163091e-03	5.010340e-02	-2.476482e-01	3.094680e-01	-3.811464e-01	-2.118317e-02	1.241831e-01	-2.790001e-01	-1.772867e-01	1.881003e-01	-1.897675e-01	6.088362e-02	1.046660e-02	-9.838935e-01	1.000000e+00	-9.726487e-01	7.022248e-01	-5.218875e-01	
-8.151721e-03	-2.881907e-03	-6.347497e-01	4.270735e-01	9.056350e-02	-1.058234e-01	1.128181e-01	5.747535e-03	-5.933451e-02	3.149241e-01	-3.941663e-01	4.862947e-01	1.876858e-02	-1.494977e-01	3.573799e-01	2.078476e-01	-2.239918e-01	2.284019e-01	-7.016959e-02	-1.366709e-02	9.169663e-01	-9.726487e-01	1.000000e+00	-5.827782e-01	3.940198e-01	
1.405404e-01	-8.545884e-02	-1.215700e-01	8.355826e-02	-8.700682e-04	-1.730833e-03	2.256701e-03	4.701039e-03	-1.016358e-03	3.250144e-02	-4.336311e-02	5.333751e-02	1.643253e-02	-2.255244e-02	3.779546e-02	1.734362e-02	-3.240615e-02	3.974832e-02	7.507516e-02	-1.038496e-01	-7.575133e-01	7.022248e-01	-5.827782e-01	1.000000e+00	-9.619891e-01	
-1.270484e-01	5.823641e-02	2.724547e-01	-1.830115e-01	-2.162269e-02	2.734705e-02	-2.888656e-02	-6.930139e-03	1.502463e-02	-1.080522e-01	1.384876e-01	-1.715179e-01	-1.846601e-02	5.590432e-02	-1.108373e-01	-4.096950e-02	6.557321e-02	-7.865406e-02	-1.397444e-01	2.054415e-01	5.894280e-01	-5.218875e-01	3.940198e-01	-9.619891e-01	1.000000e+00	

Time taken for mcmc chain: 38.833333 minutes
