Number of steps: 2345904
Number of accepted steps: 960000
Burn-in number of steps: 200000
Accepted fraction of steps: 0.409224
Convergence Status
R[0]= 1.009165	R[1]= 1.000905	R[2]= 1.019090	R[3]= 1.017797	R[4]= 1.007966	R[5]= 1.009320	R[6]= 1.010104	R[7]= 1.001775	R[8]= 1.004159	R[9]= 1.010059	R[10]= 1.011118	R[11]= 1.012973	R[12]= 1.004848	R[13]= 1.005518	R[14]= 1.031227	R[15]= 1.023047	R[16]= 1.022236	R[17]= 1.019370	R[18]= 1.006308	R[19]= 1.003891	R[20]= 1.036949	R[21]= 1.035069	R[22]= 1.030428	R[23]= 1.016336	R[24]= 1.006761	
<R>= 1.014257

Mean parameters
A[0]= 9.635706e-01 pm 3.113954e-02
A[1]= 1.051600e+00 pm 2.495411e-02
A[2]= 5.409822e-01 pm 3.362691e-01
A[3]= 4.096541e+00 pm 1.062469e+00
A[4]= -4.628470e+03 pm 3.686551e+03
A[5]= 2.443546e+03 pm 2.422867e+03
A[6]= -1.257182e+02 pm 5.732340e+02
A[7]= 7.291475e+00 pm 1.372391e+01
A[8]= -7.655056e-02 pm 1.846544e-01
A[9]= 1.981221e+03 pm 8.323032e+03
A[10]= -1.743747e+03 pm 4.997286e+03
A[11]= 2.172523e+02 pm 1.051984e+03
A[12]= -3.006667e+01 pm 4.825762e+01
A[13]= 6.155707e-01 pm 9.381854e-01
A[14]= 5.859955e+00 pm 1.674358e+00
A[15]= -6.673181e+03 pm 5.350077e+03
A[16]= 5.436386e+03 pm 3.484093e+03
A[17]= -1.108504e+03 pm 8.150126e+02
A[18]= 2.543299e+00 pm 1.993644e+01
A[19]= 1.541145e-01 pm 2.639839e-01
A[20]= 1.090436e+04 pm 1.152855e+04
A[21]= -5.687498e+03 pm 6.860297e+03
A[22]= 5.534273e+02 pm 1.428266e+03
A[23]= -5.860399e+01 pm 6.932923e+01
A[24]= 7.361494e-01 pm 1.337896e+00

Best-fitting parameters
A[0]= 9.846826e-01
A[1]= 1.050141e+00
A[2]= 3.850305e-01
A[3]= 5.328128e+00
A[4]= -7.438341e+03
A[5]= 4.556793e+03
A[6]= -6.775941e+02
A[7]= 1.050883e+01
A[8]= -2.446073e-02
A[9]= 3.901373e+03
A[10]= -2.840454e+03
A[11]= 4.189822e+02
A[12]= -3.807052e+01
A[13]= 9.070550e-01
A[14]= 6.713706e+00
A[15]= -7.279483e+03
A[16]= 5.890336e+03
A[17]= -1.250065e+03
A[18]= -5.606765e+00
A[19]= 3.268521e-01
A[20]= 1.788477e+04
A[21]= -9.916836e+03
A[22]= 1.365489e+03
A[23]= -9.262949e+01
A[24]= 1.351887e+00
chi2_min= 1.041830e+02


Cross-Covariance parameters
1.000000e+00	-4.484477e-01	-2.060348e-01	1.147838e-01	3.572116e-02	-3.580709e-02	2.577070e-02	6.583910e-02	-7.097183e-02	1.614171e-02	-1.985461e-02	4.417142e-03	1.146321e-01	-9.618747e-02	7.418881e-02	5.478277e-02	-6.370850e-02	6.180747e-02	6.378508e-02	-7.582183e-02	-3.005352e-02	2.928330e-02	-4.340454e-02	2.061954e-01	-1.983597e-01	
-4.484477e-01	1.000000e+00	1.846085e-01	-1.674561e-01	-5.495514e-02	6.981063e-02	-9.090639e-02	1.635053e-01	-1.410130e-01	3.191042e-02	-2.530807e-02	2.335436e-02	-1.211913e-01	6.585952e-02	-2.232892e-01	3.474318e-02	-3.020266e-02	1.619366e-02	1.332188e-01	-1.500577e-01	4.442063e-02	-4.586601e-02	5.495984e-02	-1.192690e-01	8.440518e-02	
-2.060348e-01	1.846085e-01	1.000000e+00	-6.377345e-01	-1.052253e-01	1.230744e-01	-1.291779e-01	-3.462095e-02	8.495768e-02	-3.676427e-01	4.954155e-01	-6.447348e-01	-1.100985e-01	2.540250e-01	-7.001589e-01	3.406879e-02	-4.014920e-02	5.220515e-02	-6.125016e-02	3.262261e-02	-3.427805e-01	4.608538e-01	-6.052210e-01	-1.159787e-01	2.426891e-01	
1.147838e-01	-1.674561e-01	-6.377345e-01	1.000000e+00	-4.937288e-01	5.529856e-01	-5.971043e-01	1.936127e-01	4.956663e-02	1.323296e-01	-1.917440e-01	2.663982e-01	4.553565e-02	-8.902445e-02	4.627379e-01	-2.964304e-02	3.536231e-02	-4.390154e-02	4.285774e-02	-2.361085e-02	2.281446e-01	-2.972592e-01	3.842037e-01	8.026031e-02	-1.634783e-01	
3.572116e-02	-5.495514e-02	-1.052253e-01	-4.937288e-01	1.000000e+00	-9.822614e-01	9.327806e-01	-6.898167e-01	3.353792e-01	1.062868e-01	-1.532303e-01	2.067286e-01	6.765113e-02	-6.628945e-02	8.692188e-02	-4.057756e-03	4.085823e-03	-4.288752e-03	-2.214837e-02	2.545489e-02	4.610363e-02	-6.203975e-02	7.806935e-02	-9.939278e-03	-9.447828e-04	
-3.580709e-02	6.981063e-02	1.230744e-01	5.529856e-01	-9.822614e-01	1.000000e+00	-9.832421e-01	6.405133e-01	-2.678608e-01	-1.247035e-01	1.769640e-01	-2.364603e-01	-7.471971e-02	8.747497e-02	-1.034220e-01	6.448235e-03	-6.461676e-03	6.335687e-03	2.661910e-02	-3.258598e-02	-4.831505e-02	6.773677e-02	-8.772956e-02	9.226740e-03	2.259312e-03	
2.577070e-02	-9.090639e-02	-1.291779e-01	-5.971043e-01	9.327806e-01	-9.832421e-01	1.000000e+00	-5.752792e-01	2.018765e-01	1.420004e-01	-1.967273e-01	2.586755e-01	6.963344e-02	-9.249778e-02	1.126740e-01	-9.011643e-03	8.913864e-03	-7.981435e-03	-3.306154e-02	4.124216e-02	4.587309e-02	-6.716838e-02	8.948688e-02	-9.669984e-03	-3.797525e-04	
6.583910e-02	1.635053e-01	-3.462095e-02	1.936127e-01	-6.898167e-01	6.405133e-01	-5.752792e-01	1.000000e+00	-8.931047e-01	8.308525e-02	-6.011505e-02	2.431041e-02	-2.472250e-02	-1.295489e-01	-4.363743e-02	5.403824e-02	-5.665047e-02	5.313635e-02	4.514641e-02	-6.338723e-02	-1.233309e-02	4.440424e-03	7.422446e-03	6.063035e-02	-7.299382e-02	
-7.097183e-02	-1.410130e-01	8.495768e-02	4.956663e-02	3.353792e-01	-2.678608e-01	2.018765e-01	-8.931047e-01	1.000000e+00	-1.567065e-01	1.530889e-01	-1.367296e-01	-8.104702e-03	2.200235e-01	3.755251e-03	-5.711518e-02	5.935937e-02	-5.487281e-02	-3.192805e-02	5.068028e-02	3.065173e-03	1.389339e-02	-3.619307e-02	-6.968775e-02	8.767401e-02	
1.614171e-02	3.191042e-02	-3.676427e-01	1.323296e-01	1.062868e-01	-1.247035e-01	1.420004e-01	8.308525e-02	-1.567065e-01	1.000000e+00	-9.824673e-01	9.111693e-01	-7.752822e-01	5.889863e-01	2.398996e-01	2.874910e-02	-2.106979e-02	1.017353e-02	-9.099676e-03	1.232576e-02	1.043475e-01	-1.592699e-01	2.297081e-01	4.306103e-02	-8.732221e-02	
-1.985461e-02	-2.530807e-02	4.954155e-01	-1.917440e-01	-1.532303e-01	1.769640e-01	-1.967273e-01	-6.011505e-02	1.530889e-01	-9.824673e-01	1.000000e+00	-9.712076e-01	7.258599e-01	-5.319306e-01	-3.309261e-01	-1.992309e-02	1.202668e-02	-2.987814e-04	-3.861904e-03	-3.629180e-03	-1.569294e-01	2.273383e-01	-3.166008e-01	-4.919457e-02	1.120436e-01	
4.417142e-03	2.335436e-02	-6.447348e-01	2.663982e-01	2.067286e-01	-2.364603e-01	2.586755e-01	2.431041e-02	-1.367296e-01	9.111693e-01	-9.712076e-01	1.000000e+00	-6.130328e-01	4.189883e-01	4.411481e-01	5.254867e-03	2.962565e-03	-1.547819e-02	1.982873e-02	-6.033822e-03	2.213777e-01	-3.100071e-01	4.216368e-01	5.267831e-02	-1.382168e-01	
1.146321e-01	-1.211913e-01	-1.100985e-01	4.553565e-02	6.765113e-02	-7.471971e-02	6.963344e-02	-2.472250e-02	-8.104702e-03	-7.752822e-01	7.258599e-01	-6.130328e-01	1.000000e+00	-9.463525e-01	9.823547e-02	-3.077438e-02	2.704764e-02	-2.396234e-02	2.002605e-02	-1.042578e-02	5.065572e-02	-5.440096e-02	5.525548e-02	2.584433e-02	-4.040219e-02	
-9.618747e-02	6.585952e-02	2.540250e-01	-8.902445e-02	-6.628945e-02	8.747497e-02	-9.249778e-02	-1.295489e-01	2.200235e-01	5.889863e-01	-5.319306e-01	4.189883e-01	-9.463525e-01	1.000000e+00	-1.880228e-01	2.196884e-02	-1.981787e-02	2.039477e-02	-2.913109e-02	1.962018e-02	-9.666234e-02	1.218403e-01	-1.507346e-01	-4.586969e-02	8.206614e-02	
7.418881e-02	-2.232892e-01	-7.001589e-01	4.627379e-01	8.692188e-02	-1.034220e-01	1.126740e-01	-4.363743e-02	3.755251e-03	2.398996e-01	-3.309261e-01	4.411481e-01	9.823547e-02	-1.880228e-01	1.000000e+00	-5.392419e-01	6.093314e-01	-6.640503e-01	1.266882e-01	1.501657e-01	1.403894e-01	-2.037432e-01	2.884296e-01	2.799291e-02	-6.492531e-02	
5.478277e-02	3.474318e-02	3.406879e-02	-2.964304e-02	-4.057756e-03	6.448235e-03	-9.011643e-03	5.403824e-02	-5.711518e-02	2.874910e-02	-1.992309e-02	5.254867e-03	-3.077438e-02	2.196884e-02	-5.392419e-01	1.000000e+00	-9.831871e-01	9.348792e-01	-6.472090e-01	2.914906e-01	1.207128e-01	-1.472912e-01	1.713873e-01	2.592275e-02	-4.819053e-02	
-6.370850e-02	-3.020266e-02	-4.014920e-02	3.536231e-02	4.085823e-03	-6.461676e-03	8.913864e-03	-5.665047e-02	5.935937e-02	-2.106979e-02	1.202668e-02	2.962565e-03	2.704764e-02	-1.981787e-02	6.093314e-01	-9.831871e-01	1.000000e+00	-9.834468e-01	5.868977e-01	-2.126422e-01	-1.254189e-01	1.542456e-01	-1.804274e-01	-4.405156e-02	7.571684e-02	
6.180747e-02	1.619366e-02	5.220515e-02	-4.390154e-02	-4.288752e-03	6.335687e-03	-7.981435e-03	5.313635e-02	-5.487281e-02	1.017353e-02	-2.987814e-04	-1.547819e-02	-2.396234e-02	2.039477e-02	-6.640503e-01	9.348792e-01	-9.834468e-01	1.000000e+00	-5.109569e-01	1.331113e-01	1.263222e-01	-1.554507e-01	1.817498e-01	5.436662e-02	-9.226840e-02	
6.378508e-02	1.332188e-01	-6.125016e-02	4.285774e-02	-2.214837e-02	2.661910e-02	-3.306154e-02	4.514641e-02	-3.192805e-02	-9.099676e-03	-3.861904e-03	1.982873e-02	2.002605e-02	-2.913109e-02	1.266882e-01	-6.472090e-01	5.868977e-01	-5.109569e-01	1.000000e+00	-9.020487e-01	-3.761485e-04	6.674819e-03	-1.455741e-02	5.861641e-02	-1.362561e-01	
-7.582183e-02	-1.500577e-01	3.262261e-02	-2.361085e-02	2.545489e-02	-3.258598e-02	4.124216e-02	-6.338723e-02	5.068028e-02	1.232576e-02	-3.629180e-03	-6.033822e-03	-1.042578e-02	1.962018e-02	1.501657e-01	2.914906e-01	-2.126422e-01	1.331113e-01	-9.020487e-01	1.000000e+00	-4.985372e-02	5.514866e-02	-5.628681e-02	-8.688479e-02	2.005371e-01	
-3.005352e-02	4.442063e-02	-3.427805e-01	2.281446e-01	4.610363e-02	-4.831505e-02	4.587309e-02	-1.233309e-02	3.065173e-03	1.043475e-01	-1.569294e-01	2.213777e-01	5.065572e-02	-9.666234e-02	1.403894e-01	1.207128e-01	-1.254189e-01	1.263222e-01	-3.761485e-04	-4.985372e-02	1.000000e+00	-9.837794e-01	9.164336e-01	-7.762420e-01	6.256180e-01	
2.928330e-02	-4.586601e-02	4.608538e-01	-2.972592e-01	-6.203975e-02	6.773677e-02	-6.716838e-02	4.440424e-03	1.389339e-02	-1.592699e-01	2.273383e-01	-3.100071e-01	-5.440096e-02	1.218403e-01	-2.037432e-01	-1.472912e-01	1.542456e-01	-1.554507e-01	6.674819e-03	5.514866e-02	-9.837794e-01	1.000000e+00	-9.724930e-01	7.330883e-01	-5.727378e-01	
-4.340454e-02	5.495984e-02	-6.052210e-01	3.842037e-01	7.806935e-02	-8.772956e-02	8.948688e-02	7.422446e-03	-3.619307e-02	2.297081e-01	-3.166008e-01	4.216368e-01	5.525548e-02	-1.507346e-01	2.884296e-01	1.713873e-01	-1.804274e-01	1.817498e-01	-1.455741e-02	-5.628681e-02	9.164336e-01	-9.724930e-01	1.000000e+00	-6.302398e-01	4.653163e-01	
2.061954e-01	-1.192690e-01	-1.159787e-01	8.026031e-02	-9.939278e-03	9.226740e-03	-9.669984e-03	6.063035e-02	-6.968775e-02	4.306103e-02	-4.919457e-02	5.267831e-02	2.584433e-02	-4.586969e-02	2.799291e-02	2.592275e-02	-4.405156e-02	5.436662e-02	5.861641e-02	-8.688479e-02	-7.762420e-01	7.330883e-01	-6.302398e-01	1.000000e+00	-9.655043e-01	
-1.983597e-01	8.440518e-02	2.426891e-01	-1.634783e-01	-9.447828e-04	2.259312e-03	-3.797525e-04	-7.299382e-02	8.767401e-02	-8.732221e-02	1.120436e-01	-1.382168e-01	-4.040219e-02	8.206614e-02	-6.492531e-02	-4.819053e-02	7.571684e-02	-9.226840e-02	-1.362561e-01	2.005371e-01	6.256180e-01	-5.727378e-01	4.653163e-01	-9.655043e-01	1.000000e+00	

Time taken for mcmc chain: 18.800000 minutes
