Number of steps: 13845033
Number of accepted steps: 1000000
Burn-in number of steps: 320000
Accepted fraction of steps: 0.072228
Convergence Status
R[0]= 1.001841	R[1]= 1.004089	R[2]= 1.017688	R[3]= 1.012290	R[4]= 1.003485	R[5]= 1.003851	R[6]= 1.004169	R[7]= 1.002044	R[8]= 1.000753	R[9]= 1.001448	R[10]= 1.002141	R[11]= 1.003158	R[12]= 1.000413	R[13]= 1.001312	R[14]= 1.004533	R[15]= 1.000304	R[16]= 1.000330	R[17]= 1.000303	R[18]= 1.000268	R[19]= 1.000731	R[20]= 1.002680	R[21]= 1.004043	R[22]= 1.005830	R[23]= 1.000260	R[24]= 1.000999	
<R>= 1.003158

Mean parameters
A[0]= 9.456237e-01 pm 3.220508e-02
A[1]= 1.047816e+00 pm 2.757131e-02
A[2]= 6.200630e-01 pm 4.145301e-01
A[3]= 3.900006e+00 pm 1.196446e+00
A[4]= -4.859521e+03 pm 3.765099e+03
A[5]= 2.534736e+03 pm 2.476991e+03
A[6]= -1.378570e+02 pm 5.830664e+02
A[7]= 1.083248e+01 pm 1.335237e+01
A[8]= -1.429757e-01 pm 1.823569e-01
A[9]= -2.807111e+03 pm 8.509661e+03
A[10]= 1.043812e+03 pm 5.110819e+03
A[11]= -3.210259e+02 pm 1.078096e+03
A[12]= -4.534017e-01 pm 4.882743e+01
A[13]= 1.384567e-02 pm 9.416811e-01
A[14]= 5.490556e+00 pm 1.681099e+00
A[15]= -6.482165e+03 pm 5.259627e+03
A[16]= 5.073419e+03 pm 3.447272e+03
A[17]= -9.744668e+02 pm 8.096962e+02
A[18]= -3.250163e+00 pm 1.946832e+01
A[19]= 2.342010e-01 pm 2.643252e-01
A[20]= 5.643139e+03 pm 1.200083e+04
A[21]= -2.894061e+03 pm 7.300350e+03
A[22]= 7.483185e+01 pm 1.557529e+03
A[23]= -4.650595e+01 pm 6.849164e+01
A[24]= 6.896345e-01 pm 1.337432e+00

Best-fitting parameters
A[0]= 9.518584e-01
A[1]= 1.045027e+00
A[2]= 5.966160e-01
A[3]= 4.502122e+00
A[4]= -8.151759e+03
A[5]= 4.674368e+03
A[6]= -6.422465e+02
A[7]= 1.448931e+01
A[8]= -1.024783e-01
A[9]= -8.829486e+03
A[10]= 5.094129e+03
A[11]= -1.196423e+03
A[12]= 3.511259e+01
A[13]= -5.263430e-01
A[14]= 4.932707e+00
A[15]= -3.130830e+03
A[16]= 2.850031e+03
A[17]= -4.826930e+02
A[18]= -1.666576e+01
A[19]= 3.631889e-01
A[20]= 6.921638e+03
A[21]= -3.753295e+03
A[22]= 2.401453e+02
A[23]= -5.495744e+01
A[24]= 8.567292e-01
chi2_min= 1.006201e+02


Cross-Covariance parameters
1.000000e+00	-4.931952e-01	-1.748591e-01	1.143146e-01	1.385737e-02	-1.252591e-02	2.793629e-03	7.831220e-02	-6.343264e-02	-1.637873e-02	2.145514e-02	-4.322033e-02	1.544002e-01	-1.300745e-01	8.529262e-02	5.206058e-02	-5.222102e-02	4.390084e-02	6.980162e-02	-7.130767e-02	4.814122e-03	9.396172e-04	-2.552198e-02	1.579501e-01	-1.414110e-01	
-4.931952e-01	1.000000e+00	2.659863e-01	-2.340581e-01	-3.910812e-03	7.801191e-03	-1.856334e-02	1.081343e-01	-1.103628e-01	-4.690328e-03	7.598302e-03	-4.767681e-03	-1.187658e-01	7.879052e-02	-2.778312e-01	1.640977e-02	-1.785797e-02	1.243302e-02	1.354577e-01	-1.446891e-01	-3.890166e-02	3.958880e-02	-2.860148e-02	-8.742970e-02	6.879472e-02	
-1.748591e-01	2.659863e-01	1.000000e+00	-7.138611e-01	-9.037885e-03	9.132929e-03	-2.662093e-03	-3.707050e-02	2.775137e-02	-3.642523e-01	4.831427e-01	-6.242776e-01	-1.370418e-01	2.765670e-01	-6.860215e-01	-5.535697e-02	6.460897e-02	-6.684389e-02	-2.235166e-02	3.595625e-02	-4.288752e-01	5.389295e-01	-6.646188e-01	-1.224725e-01	2.784007e-01	
1.143146e-01	-2.340581e-01	-7.138611e-01	1.000000e+00	-5.094766e-01	5.659327e-01	-6.084715e-01	1.614477e-01	1.109902e-01	1.907555e-01	-2.540064e-01	3.344167e-01	5.403822e-02	-1.074633e-01	5.158465e-01	3.191208e-02	-3.875789e-02	4.187300e-02	5.323007e-03	-1.143625e-02	3.085938e-01	-3.886536e-01	4.805865e-01	9.092795e-02	-2.014895e-01	
1.385737e-02	-3.910812e-03	-9.037885e-03	-5.094766e-01	1.000000e+00	-9.840776e-01	9.396194e-01	-6.666499e-01	2.829757e-01	6.647615e-02	-1.077550e-01	1.536161e-01	9.360943e-02	-8.934485e-02	1.349317e-02	1.162938e-02	-1.072082e-02	9.514345e-03	-2.055748e-03	-2.887669e-03	6.115084e-03	-8.706036e-03	1.185520e-02	8.064194e-03	-9.506944e-03	
-1.252591e-02	7.801191e-03	9.132929e-03	5.659327e-01	-9.840776e-01	1.000000e+00	-9.849836e-01	6.133159e-01	-2.116923e-01	-7.979292e-02	1.249380e-01	-1.748348e-01	-1.003106e-01	1.100049e-01	-1.535570e-02	-1.413736e-02	1.291122e-02	-1.139835e-02	5.962084e-03	1.337941e-04	-6.964151e-03	9.706059e-03	-1.304970e-02	-8.029593e-03	9.641772e-03	
2.793629e-03	-1.856334e-02	-2.662093e-03	-6.084715e-01	9.396194e-01	-9.849836e-01	1.000000e+00	-5.470168e-01	1.438100e-01	9.457735e-02	-1.410050e-01	1.917560e-01	9.366132e-02	-1.139031e-01	1.464931e-02	1.474211e-02	-1.315044e-02	1.158152e-02	-1.354102e-02	6.857471e-03	4.638660e-03	-6.749705e-03	9.443960e-03	5.749223e-03	-6.125610e-03	
7.831220e-02	1.081343e-01	-3.707050e-02	1.614477e-01	-6.666499e-01	6.133159e-01	-5.470168e-01	1.000000e+00	-8.831003e-01	1.045264e-01	-8.403287e-02	4.878530e-02	-6.710258e-02	-8.905411e-02	-6.883128e-03	9.444006e-03	-1.152105e-02	1.016325e-02	5.119019e-02	-5.377074e-02	2.489007e-02	-2.840136e-02	3.114473e-02	1.124316e-02	-2.505678e-02	
-6.343264e-02	-1.103628e-01	2.775137e-02	1.109902e-01	2.829757e-01	-2.116923e-01	1.438100e-01	-8.831003e-01	1.000000e+00	-1.625367e-01	1.591481e-01	-1.394132e-01	3.645723e-02	1.728642e-01	5.999297e-03	-1.013893e-02	1.139771e-02	-9.646353e-03	-4.818869e-02	5.225284e-02	-2.375752e-02	2.672722e-02	-2.931620e-02	-1.011520e-02	2.346247e-02	
-1.637873e-02	-4.690328e-03	-3.642523e-01	1.907555e-01	6.647615e-02	-7.979292e-02	9.457735e-02	1.045264e-01	-1.625367e-01	1.000000e+00	-9.827251e-01	9.123101e-01	-7.560815e-01	5.645407e-01	2.687220e-01	1.958394e-02	-2.015839e-02	1.871240e-02	9.793310e-03	-1.163910e-02	1.726935e-01	-2.176525e-01	2.713068e-01	3.412730e-02	-9.727894e-02	
2.145514e-02	7.598302e-03	4.831427e-01	-2.540064e-01	-1.077550e-01	1.249380e-01	-1.410050e-01	-8.403287e-02	1.591481e-01	-9.827251e-01	1.000000e+00	-9.715358e-01	7.012359e-01	-5.008224e-01	-3.510146e-01	-2.805260e-02	3.003140e-02	-2.908219e-02	-1.454925e-02	1.947906e-02	-2.282406e-01	2.879099e-01	-3.590512e-01	-4.649622e-02	1.310040e-01	
-4.322033e-02	-4.767681e-03	-6.242776e-01	3.344167e-01	1.536161e-01	-1.748348e-01	1.917560e-01	4.878530e-02	-1.394132e-01	9.123101e-01	-9.715358e-01	1.000000e+00	-5.822931e-01	3.804808e-01	4.484998e-01	3.772333e-02	-4.152351e-02	4.139881e-02	1.867049e-02	-2.752832e-02	2.950963e-01	-3.726046e-01	4.651987e-01	5.884358e-02	-1.693729e-01	
1.544002e-01	-1.187658e-01	-1.370418e-01	5.403822e-02	9.360943e-02	-1.003106e-01	9.366132e-02	-6.710258e-02	3.645723e-02	-7.560815e-01	7.012359e-01	-5.822931e-01	1.000000e+00	-9.458983e-01	8.594506e-02	2.184238e-02	-2.491440e-02	2.528316e-02	5.807330e-03	-1.535477e-02	4.513895e-02	-5.779694e-02	6.952078e-02	4.255361e-02	-5.930974e-02	
-1.300745e-01	7.879052e-02	2.765670e-01	-1.074633e-01	-8.934485e-02	1.100049e-01	-1.139031e-01	-8.905411e-02	1.728642e-01	5.645407e-01	-5.008224e-01	3.804808e-01	-9.458983e-01	1.000000e+00	-1.806205e-01	-3.251905e-02	3.674584e-02	-3.681673e-02	-1.723461e-02	3.028930e-02	-1.155589e-01	1.464097e-01	-1.801169e-01	-5.335464e-02	9.813271e-02	
8.529262e-02	-2.778312e-01	-6.860215e-01	5.158465e-01	1.349317e-02	-1.535570e-02	1.464931e-02	-6.883128e-03	5.999297e-03	2.687220e-01	-3.510146e-01	4.484998e-01	8.594506e-02	-1.806205e-01	1.000000e+00	-4.767845e-01	5.372093e-01	-5.830898e-01	5.406941e-02	1.935399e-01	2.081307e-01	-2.622373e-01	3.312185e-01	3.238550e-02	-9.184493e-02	
5.206058e-02	1.640977e-02	-5.535697e-02	3.191208e-02	1.162938e-02	-1.413736e-02	1.474211e-02	9.444006e-03	-1.013893e-02	1.958394e-02	-2.805260e-02	3.772333e-02	2.184238e-02	-3.251905e-02	-4.767845e-01	1.000000e+00	-9.828697e-01	9.342091e-01	-6.000601e-01	2.327420e-01	1.716787e-01	-2.070389e-01	2.379495e-01	2.624652e-02	-6.171879e-02	
-5.222102e-02	-1.785797e-02	6.460897e-02	-3.875789e-02	-1.072082e-02	1.291122e-02	-1.315044e-02	-1.152105e-02	1.139771e-02	-2.015839e-02	3.003140e-02	-4.152351e-02	-2.491440e-02	3.674584e-02	5.372093e-01	-9.828697e-01	1.000000e+00	-9.834523e-01	5.283209e-01	-1.434123e-01	-1.836008e-01	2.246288e-01	-2.614279e-01	-4.309230e-02	9.080354e-02	
4.390084e-02	1.243302e-02	-6.684389e-02	4.187300e-02	9.514345e-03	-1.139835e-02	1.158152e-02	1.016325e-02	-9.646353e-03	1.871240e-02	-2.908219e-02	4.139881e-02	2.528316e-02	-3.681673e-02	-5.830898e-01	9.342091e-01	-9.834523e-01	1.000000e+00	-4.425133e-01	5.535925e-02	1.883224e-01	-2.330603e-01	2.740177e-01	5.453767e-02	-1.108212e-01	
6.980162e-02	1.354577e-01	-2.235166e-02	5.323007e-03	-2.055748e-03	5.962084e-03	-1.354102e-02	5.119019e-02	-4.818869e-02	9.793310e-03	-1.454925e-02	1.867049e-02	5.807330e-03	-1.723461e-02	5.406941e-02	-6.000601e-01	5.283209e-01	-4.425133e-01	1.000000e+00	-9.018987e-01	-3.023161e-02	3.513254e-02	-4.001981e-02	9.899116e-02	-1.761447e-01	
-7.130767e-02	-1.446891e-01	3.595625e-02	-1.143625e-02	-2.887669e-03	1.337941e-04	6.857471e-03	-5.377074e-02	5.225284e-02	-1.163910e-02	1.947906e-02	-2.752832e-02	-1.535477e-02	3.028930e-02	1.935399e-01	2.327420e-01	-1.434123e-01	5.535925e-02	-9.018987e-01	1.000000e+00	-4.435674e-02	5.513655e-02	-6.305345e-02	-1.291784e-01	2.470681e-01	
4.814122e-03	-3.890166e-02	-4.288752e-01	3.085938e-01	6.115084e-03	-6.964151e-03	4.638660e-03	2.489007e-02	-2.375752e-02	1.726935e-01	-2.282406e-01	2.950963e-01	4.513895e-02	-1.155589e-01	2.081307e-01	1.716787e-01	-1.836008e-01	1.883224e-01	-3.023161e-02	-4.435674e-02	1.000000e+00	-9.843102e-01	9.218350e-01	-7.247635e-01	5.434102e-01	
9.396172e-04	3.958880e-02	5.389295e-01	-3.886536e-01	-8.706036e-03	9.706059e-03	-6.749705e-03	-2.840136e-02	2.672722e-02	-2.176525e-01	2.879099e-01	-3.726046e-01	-5.779694e-02	1.464097e-01	-2.622373e-01	-2.070389e-01	2.246288e-01	-2.330603e-01	3.513254e-02	5.513655e-02	-9.843102e-01	1.000000e+00	-9.750136e-01	6.662209e-01	-4.737667e-01	
-2.552198e-02	-2.860148e-02	-6.646188e-01	4.805865e-01	1.185520e-02	-1.304970e-02	9.443960e-03	3.114473e-02	-2.931620e-02	2.713068e-01	-3.590512e-01	4.651987e-01	6.952078e-02	-1.801169e-01	3.312185e-01	2.379495e-01	-2.614279e-01	2.740177e-01	-4.001981e-02	-6.305345e-02	9.218350e-01	-9.750136e-01	1.000000e+00	-5.516098e-01	3.535508e-01	
1.579501e-01	-8.742970e-02	-1.224725e-01	9.092795e-02	8.064194e-03	-8.029593e-03	5.749223e-03	1.124316e-02	-1.011520e-02	3.412730e-02	-4.649622e-02	5.884358e-02	4.255361e-02	-5.335464e-02	3.238550e-02	2.624652e-02	-4.309230e-02	5.453767e-02	9.899116e-02	-1.291784e-01	-7.247635e-01	6.662209e-01	-5.516098e-01	1.000000e+00	-9.600799e-01	
-1.414110e-01	6.879472e-02	2.784007e-01	-2.014895e-01	-9.506944e-03	9.641772e-03	-6.125610e-03	-2.505678e-02	2.346247e-02	-9.727894e-02	1.310040e-01	-1.693729e-01	-5.930974e-02	9.813271e-02	-9.184493e-02	-6.171879e-02	9.080354e-02	-1.108212e-01	-1.761447e-01	2.470681e-01	5.434102e-01	-4.737667e-01	3.535508e-01	-9.600799e-01	1.000000e+00	

Time taken for mcmc chain: 1.836944 hours
