Number of steps: 1077475
Number of accepted steps: 1000000
Burn-in number of steps: 320000
Accepted fraction of steps: 0.928096
Convergence Status
R[0]= 1.040631	R[1]= 1.081221	R[2]= 1.113031	R[3]= 1.007633	R[4]= 1.132331	R[5]= 1.108929	R[6]= 1.088440	R[7]= 1.047899	R[8]= 1.026063	R[9]= 1.052481	R[10]= 1.076414	R[11]= 1.108013	R[12]= 1.021564	R[13]= 1.009313	R[14]= 1.054924	R[15]= 1.015811	R[16]= 1.038054	R[17]= 1.071907	R[18]= 1.126056	R[19]= 1.163389	R[20]= 1.204960	R[21]= 1.188176	R[22]= 1.194044	R[23]= 1.023020	R[24]= 1.017505	
<R>= 1.080472

Mean parameters
A[0]= 9.751672e-01 pm 2.554565e-02
A[1]= 1.078237e+00 pm 2.235820e-02
A[2]= 5.086996e-01 pm 1.973299e-01
A[3]= 3.935751e+00 pm 7.544737e-01
A[4]= -1.817385e+03 pm 3.353795e+03
A[5]= 1.104445e+03 pm 2.215553e+03
A[6]= 1.005418e+02 pm 5.256189e+02
A[7]= 2.423677e+00 pm 1.258084e+01
A[8]= -4.474876e-02 pm 1.709684e-01
A[9]= 6.802442e+03 pm 7.921436e+03
A[10]= -4.285747e+03 pm 4.598517e+03
A[11]= 6.664578e+02 pm 9.016322e+02
A[12]= -5.242861e+01 pm 4.369839e+01
A[13]= 1.030593e+00 pm 8.319571e-01
A[14]= 5.720718e+00 pm 1.175525e+00
A[15]= -5.874330e+03 pm 5.111012e+03
A[16]= 4.986231e+03 pm 3.318318e+03
A[17]= -1.018181e+03 pm 7.829065e+02
A[18]= -1.279576e+00 pm 1.944626e+01
A[19]= 2.110450e-01 pm 2.476701e-01
A[20]= 1.258094e+04 pm 1.024318e+04
A[21]= -6.882115e+03 pm 5.803714e+03
A[22]= 8.436138e+02 pm 1.113268e+03
A[23]= -7.905123e+01 pm 6.833529e+01
A[24]= 1.127223e+00 pm 1.350439e+00

Best-fitting parameters
A[0]= 9.799821e-01
A[1]= 1.086773e+00
A[2]= 5.871299e-01
A[3]= 3.794792e+00
A[4]= -1.691663e+03
A[5]= 1.110018e+03
A[6]= 5.628734e+01
A[7]= 2.879215e+00
A[8]= -4.661349e-02
A[9]= 6.634625e+03
A[10]= -3.814054e+03
A[11]= 4.789470e+02
A[12]= -5.641492e+01
A[13]= 1.131893e+00
A[14]= 4.546696e+00
A[15]= -4.302483e+03
A[16]= 3.626489e+03
A[17]= -6.062722e+02
A[18]= 5.013929e+00
A[19]= 7.868319e-02
A[20]= 2.132583e+04
A[21]= -1.209609e+04
A[22]= 1.791802e+03
A[23]= -1.378650e+02
A[24]= 2.174543e+00
chi2_min= 9.553357e+01


Cross-Covariance parameters
1.000000e+00	-3.429463e-01	-4.190661e-01	1.202991e-01	2.603643e-02	-4.350649e-02	5.166520e-02	2.033216e-01	-1.924210e-01	2.693747e-02	-4.737117e-02	4.991037e-02	1.854715e-01	-1.958341e-01	2.079901e-01	4.308034e-02	-4.909623e-02	3.995740e-02	-3.779408e-02	2.128198e-02	5.822292e-02	-6.513055e-02	6.178157e-02	1.242670e-01	-1.151689e-01	
-3.429463e-01	1.000000e+00	2.094382e-01	-8.425583e-02	-6.223438e-02	9.708513e-02	-1.335981e-01	7.152667e-02	-4.096241e-02	-6.774395e-02	6.279645e-02	-4.232685e-02	-5.510620e-02	8.280057e-03	-3.941627e-02	-1.821133e-01	2.312211e-01	-2.747924e-01	3.851093e-01	-3.181715e-01	2.104370e-02	-1.925168e-02	1.952180e-02	-1.352780e-01	1.045488e-01	
-4.190661e-01	2.094382e-01	1.000000e+00	-4.527631e-01	-1.212449e-01	1.320434e-01	-1.368931e-01	-1.490895e-01	1.904378e-01	-3.598376e-01	4.516647e-01	-5.566442e-01	1.628039e-03	1.448487e-01	-4.677568e-01	-1.582538e-01	1.637290e-01	-1.466424e-01	2.772792e-02	9.895268e-02	-5.616855e-02	1.542837e-01	-3.008750e-01	-3.244061e-01	4.338905e-01	
1.202991e-01	-8.425583e-02	-4.527631e-01	1.000000e+00	-6.424011e-01	7.027230e-01	-7.459233e-01	3.552729e-01	-4.840113e-02	-1.791146e-02	-1.606654e-03	1.837204e-02	1.600732e-02	-2.009231e-02	3.133161e-01	-3.612749e-02	4.119038e-02	-6.162240e-02	9.968239e-02	-1.343783e-01	-1.776431e-02	-3.590359e-02	1.101867e-01	1.260760e-01	-1.869333e-01	
2.603643e-02	-6.223438e-02	-1.212449e-01	-6.424011e-01	1.000000e+00	-9.863451e-01	9.483999e-01	-6.979008e-01	3.478071e-01	2.032438e-01	-2.465162e-01	3.053111e-01	-5.345076e-02	4.323104e-02	-5.335721e-02	1.107731e-01	-1.332221e-01	1.597716e-01	-1.135369e-01	5.841724e-02	8.143136e-04	-1.907365e-02	5.465786e-02	7.080426e-02	-6.129374e-02	
-4.350649e-02	9.708513e-02	1.320434e-01	7.027230e-01	-9.863451e-01	1.000000e+00	-9.871269e-01	6.644230e-01	-3.003925e-01	-2.157114e-01	2.596415e-01	-3.197891e-01	4.214295e-02	-2.273484e-02	5.321224e-02	-1.243598e-01	1.482197e-01	-1.764514e-01	1.394428e-01	-8.510811e-02	-2.803000e-02	4.431467e-02	-7.609515e-02	-5.965664e-02	5.473827e-02	
5.166520e-02	-1.335981e-01	-1.368931e-01	-7.459233e-01	9.483999e-01	-9.871269e-01	1.000000e+00	-6.153256e-01	2.497126e-01	2.311227e-01	-2.744237e-01	3.340457e-01	-4.314901e-02	1.637937e-02	-5.324253e-02	1.420341e-01	-1.647968e-01	1.920369e-01	-1.661076e-01	1.124673e-01	5.014284e-02	-6.369387e-02	9.068417e-02	5.189260e-02	-5.093881e-02	
2.033216e-01	7.152667e-02	-1.490895e-01	3.552729e-01	-6.979008e-01	6.644230e-01	-6.153256e-01	1.000000e+00	-8.948792e-01	1.720548e-02	-4.815262e-03	-2.555287e-02	8.752288e-02	-2.623341e-01	8.415977e-02	2.691820e-02	-8.757198e-03	-2.216985e-02	5.421316e-02	-5.847648e-02	-3.505265e-02	2.877341e-02	-2.287457e-02	8.750416e-02	-9.535556e-02	
-1.924210e-01	-4.096241e-02	1.904378e-01	-4.840113e-02	3.478071e-01	-3.003925e-01	2.497126e-01	-8.948792e-01	1.000000e+00	-1.411746e-01	1.419625e-01	-1.276913e-01	-6.641719e-02	3.136558e-01	-1.882821e-02	-1.135280e-01	1.109054e-01	-9.590669e-02	3.662222e-02	5.259697e-03	5.002198e-02	-3.169116e-02	5.179453e-03	-1.255356e-01	1.220306e-01	
2.693747e-02	-6.774395e-02	-3.598376e-01	-1.791146e-02	2.032438e-01	-2.157114e-01	2.311227e-01	1.720548e-02	-1.411746e-01	1.000000e+00	-9.885268e-01	9.415493e-01	-8.249021e-01	6.164204e-01	-8.777108e-03	2.546962e-01	-2.540712e-01	2.419317e-01	-5.747268e-02	-5.733699e-02	1.323004e-01	-1.849001e-01	2.571330e-01	1.301788e-02	-7.178883e-02	
-4.737117e-02	6.279645e-02	4.516647e-01	-1.606654e-03	-2.465162e-01	2.596415e-01	-2.744237e-01	-4.815262e-03	1.419625e-01	-9.885268e-01	1.000000e+00	-9.807802e-01	8.117060e-01	-6.007705e-01	-5.336613e-02	-2.458581e-01	2.455578e-01	-2.331669e-01	4.979286e-02	6.679664e-02	-1.332511e-01	1.937385e-01	-2.794171e-01	-4.793808e-02	1.161517e-01	
4.991037e-02	-4.232685e-02	-5.566442e-01	1.837204e-02	3.053111e-01	-3.197891e-01	3.340457e-01	-2.555287e-02	-1.276913e-01	9.415493e-01	-9.807802e-01	1.000000e+00	-7.655645e-01	5.619666e-01	1.260997e-01	2.358100e-01	-2.357893e-01	2.229277e-01	-4.422896e-02	-7.504346e-02	1.230566e-01	-1.928059e-01	2.952296e-01	1.019575e-01	-1.811826e-01	
1.854715e-01	-5.510620e-02	1.628039e-03	1.600732e-02	-5.345076e-02	4.214295e-02	-4.314901e-02	8.752288e-02	-6.641719e-02	-8.249021e-01	8.117060e-01	-7.655645e-01	1.000000e+00	-9.302882e-01	9.854052e-02	-1.095777e-01	1.002848e-01	-9.010544e-02	-2.030494e-02	5.794582e-02	-8.787118e-02	9.821777e-02	-1.102872e-01	7.319948e-02	-4.947868e-02	
-1.958341e-01	8.280057e-03	1.448487e-01	-2.009231e-02	4.323104e-02	-2.273484e-02	1.637937e-02	-2.623341e-01	3.136558e-01	6.164204e-01	-6.007705e-01	5.619666e-01	-9.302882e-01	1.000000e+00	-1.263613e-01	4.492938e-02	-3.620465e-02	3.153904e-02	2.817527e-02	-3.167258e-02	8.000281e-02	-6.748885e-02	4.503052e-02	-1.071046e-01	1.009013e-01	
2.079901e-01	-3.941627e-02	-4.677568e-01	3.133161e-01	-5.335721e-02	5.321224e-02	-5.324253e-02	8.415977e-02	-1.882821e-02	-8.777108e-03	-5.336613e-02	1.260997e-01	9.854052e-02	-1.263613e-01	1.000000e+00	-5.719742e-01	6.521538e-01	-7.175198e-01	1.989871e-01	6.355808e-02	-1.006647e-01	1.066272e-01	-9.450999e-02	1.523740e-01	-1.606802e-01	
4.308034e-02	-1.821133e-01	-1.582538e-01	-3.612749e-02	1.107731e-01	-1.243598e-01	1.420341e-01	2.691820e-02	-1.135280e-01	2.546962e-01	-2.458581e-01	2.358100e-01	-1.095777e-01	4.492938e-02	-5.719742e-01	1.000000e+00	-9.812762e-01	9.271964e-01	-6.957365e-01	3.546131e-01	2.251700e-01	-2.901315e-01	3.563724e-01	-5.639721e-02	1.773788e-02	
-4.909623e-02	2.312211e-01	1.637290e-01	4.119038e-02	-1.332221e-01	1.482197e-01	-1.647968e-01	-8.757198e-03	1.109054e-01	-2.540712e-01	2.455578e-01	-2.357893e-01	1.002848e-01	-3.620465e-02	6.521538e-01	-9.812762e-01	1.000000e+00	-9.814974e-01	6.625148e-01	-2.990450e-01	-1.958399e-01	2.659066e-01	-3.422644e-01	1.542747e-02	2.262678e-02	
3.995740e-02	-2.747924e-01	-1.466424e-01	-6.162240e-02	1.597716e-01	-1.764514e-01	1.920369e-01	-2.216985e-02	-9.590669e-02	2.419317e-01	-2.331669e-01	2.229277e-01	-9.010544e-02	3.153904e-02	-7.175198e-01	9.271964e-01	-9.814974e-01	1.000000e+00	-6.086639e-01	2.403262e-01	1.599417e-01	-2.316081e-01	3.136649e-01	1.758871e-02	-5.104653e-02	
-3.779408e-02	3.851093e-01	2.772792e-02	9.968239e-02	-1.135369e-01	1.394428e-01	-1.661076e-01	5.421316e-02	3.662222e-02	-5.747268e-02	4.979286e-02	-4.422896e-02	-2.030494e-02	2.817527e-02	1.989871e-01	-6.957365e-01	6.625148e-01	-6.086639e-01	1.000000e+00	-8.986352e-01	2.928522e-02	-3.383797e-03	-2.493357e-02	-1.860276e-02	-4.911191e-02	
2.128198e-02	-3.181715e-01	9.895268e-02	-1.343783e-01	5.841724e-02	-8.510811e-02	1.124673e-01	-5.847648e-02	5.259697e-03	-5.733699e-02	6.679664e-02	-7.504346e-02	5.794582e-02	-3.167258e-02	6.355808e-02	3.546131e-01	-2.990450e-01	2.403262e-01	-8.986352e-01	1.000000e+00	-1.215163e-01	1.301058e-01	-1.416169e-01	-8.715467e-03	1.261672e-01	
5.822292e-02	2.104370e-02	-5.616855e-02	-1.776431e-02	8.143136e-04	-2.803000e-02	5.014284e-02	-3.505265e-02	5.002198e-02	1.323004e-01	-1.332511e-01	1.230566e-01	-8.787118e-02	8.000281e-02	-1.006647e-01	2.251700e-01	-1.958399e-01	1.599417e-01	2.928522e-02	-1.215163e-01	1.000000e+00	-9.864297e-01	9.245247e-01	-8.350007e-01	7.123186e-01	
-6.513055e-02	-1.925168e-02	1.542837e-01	-3.590359e-02	-1.907365e-02	4.431467e-02	-6.369387e-02	2.877341e-02	-3.169116e-02	-1.849001e-01	1.937385e-01	-1.928059e-01	9.821777e-02	-6.748885e-02	1.066272e-01	-2.901315e-01	2.659066e-01	-2.316081e-01	-3.383797e-03	1.301058e-01	-9.864297e-01	1.000000e+00	-9.737428e-01	8.162859e-01	-6.861289e-01	
6.178157e-02	1.952180e-02	-3.008750e-01	1.101867e-01	5.465786e-02	-7.609515e-02	9.068417e-02	-2.287457e-02	5.179453e-03	2.571330e-01	-2.794171e-01	2.952296e-01	-1.102872e-01	4.503052e-02	-9.450999e-02	3.563724e-01	-3.422644e-01	3.136649e-01	-2.493357e-02	-1.416169e-01	9.245247e-01	-9.737428e-01	1.000000e+00	-7.431764e-01	6.067650e-01	
1.242670e-01	-1.352780e-01	-3.244061e-01	1.260760e-01	7.080426e-02	-5.965664e-02	5.189260e-02	8.750416e-02	-1.255356e-01	1.301788e-02	-4.793808e-02	1.019575e-01	7.319948e-02	-1.071046e-01	1.523740e-01	-5.639721e-02	1.542747e-02	1.758871e-02	-1.860276e-02	-8.715467e-03	-8.350007e-01	8.162859e-01	-7.431764e-01	1.000000e+00	-9.691697e-01	
-1.151689e-01	1.045488e-01	4.338905e-01	-1.869333e-01	-6.129374e-02	5.473827e-02	-5.093881e-02	-9.535556e-02	1.220306e-01	-7.178883e-02	1.161517e-01	-1.811826e-01	-4.947868e-02	1.009013e-01	-1.606802e-01	1.773788e-02	2.262678e-02	-5.104653e-02	-4.911191e-02	1.261672e-01	7.123186e-01	-6.861289e-01	6.067650e-01	-9.691697e-01	1.000000e+00	

Time taken for mcmc chain: 8.950000 minutes
