Number of steps: 4658898
Number of accepted steps: 1000000
Burn-in number of steps: 320000
Accepted fraction of steps: 0.214643
Convergence Status
R[0]= 1.005568	R[1]= 1.001160	R[2]= 1.011560	R[3]= 1.007947	R[4]= 1.003301	R[5]= 1.003936	R[6]= 1.004353	R[7]= 1.000666	R[8]= 1.000762	R[9]= 1.000721	R[10]= 1.000732	R[11]= 1.000934	R[12]= 1.001881	R[13]= 1.002121	R[14]= 1.011156	R[15]= 1.011497	R[16]= 1.011404	R[17]= 1.010725	R[18]= 1.001356	R[19]= 1.000041	R[20]= 1.003403	R[21]= 1.004459	R[22]= 1.006216	R[23]= 1.000635	R[24]= 1.001019	
<R>= 1.004302

Mean parameters
A[0]= 8.229252e-01 pm 5.374553e-02
A[1]= 9.893203e-01 pm 3.291438e-02
A[2]= 4.232740e-01 pm 3.317353e-01
A[3]= 3.430313e+00 pm 1.220749e+00
A[4]= -6.857566e+02 pm 3.416175e+03
A[5]= -2.304663e+02 pm 2.224098e+03
A[6]= 4.351130e+02 pm 5.080101e+02
A[7]= 6.140410e+00 pm 1.135684e+01
A[8]= -1.486425e-01 pm 1.700875e-01
A[9]= -6.143617e+03 pm 6.675615e+03
A[10]= 2.280192e+03 pm 3.885055e+03
A[11]= -4.089709e+02 pm 7.731410e+02
A[12]= 4.429890e+01 pm 4.038868e+01
A[13]= -8.815881e-01 pm 7.864239e-01
A[14]= 5.739495e+00 pm 1.661468e+00
A[15]= -8.528803e+03 pm 4.428417e+03
A[16]= 5.414746e+03 pm 2.895407e+03
A[17]= -8.942257e+02 pm 6.648386e+02
A[18]= 8.854513e+00 pm 1.671750e+01
A[19]= 1.124865e-02 pm 2.439673e-01
A[20]= -6.209961e+03 pm 9.481857e+03
A[21]= 2.829423e+03 pm 5.648381e+03
A[22]= -7.161720e+02 pm 1.168658e+03
A[23]= 5.590604e+01 pm 5.522669e+01
A[24]= -1.449357e+00 pm 1.083279e+00

Best-fitting parameters
A[0]= 8.436831e-01
A[1]= 9.622756e-01
A[2]= 1.419357e-01
A[3]= 4.324906e+00
A[4]= -1.692433e+03
A[5]= 4.196687e+02
A[6]= 2.938518e+02
A[7]= 7.744908e+00
A[8]= -1.547076e-01
A[9]= -5.658186e+03
A[10]= 1.967807e+03
A[11]= -3.319248e+02
A[12]= 6.682318e+01
A[13]= -1.377095e+00
A[14]= 7.222801e+00
A[15]= -1.010863e+04
A[16]= 6.356860e+03
A[17]= -1.081849e+03
A[18]= 1.092944e+01
A[19]= 1.867022e-02
A[20]= 4.325392e+03
A[21]= -3.287749e+03
A[22]= 4.763213e+02
A[23]= 2.490153e+01
A[24]= -8.841740e-01
chi2_min= 1.123418e+02


Cross-Covariance parameters
1.000000e+00	-5.609297e-01	6.530090e-02	-8.656629e-02	1.072331e-01	-8.164837e-02	4.890463e-02	-9.662129e-02	1.335074e-01	-5.471171e-02	1.084136e-01	-2.011242e-01	-2.357050e-02	1.442949e-01	-6.431626e-02	6.287229e-02	-3.457411e-02	-1.622804e-03	-6.358773e-02	1.169619e-01	-4.263201e-02	1.083530e-01	-2.129516e-01	-2.324145e-02	1.293671e-01	
-5.609297e-01	1.000000e+00	1.110187e-01	-1.156836e-01	-3.737749e-02	2.794413e-02	-2.472943e-02	1.796138e-01	-1.845541e-01	8.924451e-02	-1.143406e-01	1.602900e-01	-9.504310e-02	-7.793538e-03	-1.449832e-01	-3.493559e-02	3.126397e-02	-3.508983e-02	1.656356e-01	-1.618568e-01	-1.876445e-03	-3.449802e-02	9.751520e-02	-5.811747e-02	-1.425367e-02	
6.530090e-02	1.110187e-01	1.000000e+00	-5.878817e-01	4.653160e-02	-4.931397e-02	5.463207e-02	-2.739515e-02	-1.337256e-02	-2.852238e-01	3.901127e-01	-5.246435e-01	-1.821303e-01	2.730016e-01	-6.011782e-01	-1.137731e-01	1.228209e-01	-1.230632e-01	-3.435126e-02	6.085123e-02	-3.938219e-01	5.105679e-01	-6.451890e-01	-2.281785e-01	3.476997e-01	
-8.656629e-02	-1.156836e-01	-5.878817e-01	1.000000e+00	-6.477271e-01	7.106609e-01	-7.542004e-01	-2.512081e-02	3.225857e-01	8.287672e-02	-1.403568e-01	2.301023e-01	5.066767e-02	-5.075208e-02	4.027381e-01	3.696765e-02	-4.097576e-02	4.246376e-02	-1.713683e-02	5.875825e-03	2.386322e-01	-3.062340e-01	3.856225e-01	1.244037e-01	-1.974234e-01	
1.072331e-01	-3.737749e-02	4.653160e-02	-6.477271e-01	1.000000e+00	-9.858103e-01	9.467304e-01	-4.779055e-01	9.481539e-02	3.034857e-02	-3.798791e-02	3.439943e-02	9.551156e-02	-6.541923e-02	-6.151537e-02	3.472163e-02	-3.555265e-02	3.412230e-02	1.374638e-02	-1.772454e-02	-2.165702e-02	2.901008e-02	-4.152950e-02	-4.176961e-04	1.852852e-02	
-8.164837e-02	2.794413e-02	-4.931397e-02	7.106609e-01	-9.858103e-01	1.000000e+00	-9.869288e-01	4.022372e-01	-9.891157e-03	-4.106843e-02	5.028468e-02	-4.783680e-02	-1.045959e-01	9.134223e-02	6.586408e-02	-3.728471e-02	3.943797e-02	-3.958125e-02	-1.564370e-02	2.319085e-02	2.355623e-02	-2.953693e-02	3.989126e-02	-2.986284e-03	-1.310953e-02	
4.890463e-02	-2.472943e-02	5.463207e-02	-7.542004e-01	9.467304e-01	-9.869288e-01	1.000000e+00	-3.232965e-01	-6.529397e-02	5.050829e-02	-6.067127e-02	5.895550e-02	1.068914e-01	-1.079515e-01	-6.927236e-02	3.725842e-02	-4.099448e-02	4.332407e-02	1.557976e-02	-2.706876e-02	-2.683326e-02	3.174147e-02	-4.007526e-02	6.124439e-03	7.818883e-03	
-9.662129e-02	1.796138e-01	-2.739515e-02	-2.512081e-02	-4.779055e-01	4.022372e-01	-3.232965e-01	1.000000e+00	-9.000348e-01	1.694139e-01	-1.666055e-01	1.515534e-01	-8.250676e-02	-1.200063e-01	-1.040961e-02	3.376350e-03	-5.984196e-03	6.643351e-03	3.948688e-02	-4.259393e-02	1.069850e-02	-2.298434e-02	4.098387e-02	9.926437e-03	-3.085580e-02	
1.335074e-01	-1.845541e-01	-1.337256e-02	3.225857e-01	9.481539e-02	-9.891157e-03	-6.529397e-02	-9.000348e-01	1.000000e+00	-1.980451e-01	1.996993e-01	-1.837903e-01	5.228586e-02	1.787859e-01	4.151463e-02	-8.073168e-03	1.372733e-02	-1.809359e-02	-4.356704e-02	5.366307e-02	1.052797e-02	1.165611e-03	-1.902196e-02	-1.062116e-02	2.819560e-02	
-5.471171e-02	8.924451e-02	-2.852238e-01	8.287672e-02	3.034857e-02	-4.106843e-02	5.050829e-02	1.694139e-01	-1.980451e-01	1.000000e+00	-9.853669e-01	9.224121e-01	-7.700299e-01	5.990446e-01	1.379944e-01	5.570222e-02	-6.252600e-02	6.437105e-02	4.257614e-02	-5.798560e-02	1.235727e-01	-1.634405e-01	2.106454e-01	6.880705e-02	-1.142587e-01	
1.084136e-01	-1.143406e-01	3.901127e-01	-1.403568e-01	-3.798791e-02	5.028468e-02	-6.067127e-02	-1.666055e-01	1.996993e-01	-9.853669e-01	1.000000e+00	-9.737494e-01	7.366087e-01	-5.588975e-01	-2.015879e-01	-6.693486e-02	7.583353e-02	-7.890172e-02	-5.027480e-02	7.116352e-02	-1.670733e-01	2.226067e-01	-2.892649e-01	-9.308943e-02	1.561201e-01	
-2.011242e-01	1.602900e-01	-5.246435e-01	2.301023e-01	3.439943e-02	-4.783680e-02	5.895550e-02	1.515534e-01	-1.837903e-01	9.224121e-01	-9.737494e-01	1.000000e+00	-6.466476e-01	4.677590e-01	2.853768e-01	7.789870e-02	-8.985943e-02	9.515277e-02	6.054501e-02	-8.904404e-02	2.233453e-01	-3.002009e-01	3.939541e-01	1.236561e-01	-2.116411e-01	
-2.357050e-02	-9.504310e-02	-1.821303e-01	5.066767e-02	9.551156e-02	-1.045959e-01	1.068914e-01	-8.250676e-02	5.228586e-02	-7.700299e-01	7.366087e-01	-6.466476e-01	1.000000e+00	-9.461626e-01	1.365562e-01	6.358080e-03	-7.467659e-03	9.010680e-03	-1.899329e-02	1.630682e-02	6.054046e-02	-8.035511e-02	1.032381e-01	4.813382e-02	-6.322200e-02	
1.442949e-01	-7.793538e-03	2.730016e-01	-5.075208e-02	-6.541923e-02	9.134223e-02	-1.079515e-01	-1.200063e-01	1.787859e-01	5.990446e-01	-5.588975e-01	4.677590e-01	-9.461626e-01	1.000000e+00	-1.832255e-01	-1.421615e-02	1.968307e-02	-2.475451e-02	-2.502307e-03	1.341386e-02	-9.819394e-02	1.375658e-01	-1.867649e-01	-7.138328e-02	1.110346e-01	
-6.431626e-02	-1.449832e-01	-6.011782e-01	4.027381e-01	-6.151537e-02	6.586408e-02	-6.927236e-02	-1.040961e-02	4.151463e-02	1.379944e-01	-2.015879e-01	2.853768e-01	1.365562e-01	-1.832255e-01	1.000000e+00	-5.127088e-01	5.778556e-01	-6.241648e-01	-1.035061e-01	3.139983e-01	1.273473e-01	-1.945798e-01	2.900093e-01	1.160058e-01	-1.534848e-01	
6.287229e-02	-3.493559e-02	-1.137731e-01	3.696765e-02	3.472163e-02	-3.728471e-02	3.725842e-02	3.376350e-03	-8.073168e-03	5.570222e-02	-6.693486e-02	7.789870e-02	6.358080e-03	-1.421615e-02	-5.127088e-01	1.000000e+00	-9.832714e-01	9.366787e-01	-4.266881e-01	9.595432e-02	1.792778e-01	-1.946927e-01	1.926089e-01	2.552289e-02	-3.721787e-02	
-3.457411e-02	3.126397e-02	1.228209e-01	-4.097576e-02	-3.555265e-02	3.943797e-02	-4.099448e-02	-5.984196e-03	1.372733e-02	-6.252600e-02	7.583353e-02	-8.985943e-02	-7.467659e-03	1.968307e-02	5.778556e-01	-9.832714e-01	1.000000e+00	-9.842808e-01	3.393121e-01	4.369884e-04	-1.896081e-01	2.084705e-01	-2.094428e-01	-4.276063e-02	6.497021e-02	
-1.622804e-03	-3.508983e-02	-1.230632e-01	4.246376e-02	3.412230e-02	-3.958125e-02	4.332407e-02	6.643351e-03	-1.809359e-02	6.437105e-02	-7.890172e-02	9.515277e-02	9.010680e-03	-2.475451e-02	-6.241648e-01	9.366787e-01	-9.842808e-01	1.000000e+00	-2.503471e-01	-8.598902e-02	1.908711e-01	-2.123904e-01	2.163853e-01	5.620222e-02	-8.613087e-02	
-6.358773e-02	1.656356e-01	-3.435126e-02	-1.713683e-02	1.374638e-02	-1.564370e-02	1.557976e-02	3.948688e-02	-4.356704e-02	4.257614e-02	-5.027480e-02	6.054501e-02	-1.899329e-02	-2.502307e-03	-1.035061e-01	-4.266881e-01	3.393121e-01	-2.503471e-01	1.000000e+00	-9.246474e-01	5.365560e-02	-5.962297e-02	6.265744e-02	4.786740e-02	-1.474990e-01	
1.169619e-01	-1.618568e-01	6.085123e-02	5.875825e-03	-1.772454e-02	2.319085e-02	-2.706876e-02	-4.259393e-02	5.366307e-02	-5.798560e-02	7.116352e-02	-8.904404e-02	1.630682e-02	1.341386e-02	3.139983e-01	9.595432e-02	4.369884e-04	-8.598902e-02	-9.246474e-01	1.000000e+00	-1.220591e-01	1.345174e-01	-1.383151e-01	-6.159382e-02	1.868716e-01	
-4.263201e-02	-1.876445e-03	-3.938219e-01	2.386322e-01	-2.165702e-02	2.355623e-02	-2.683326e-02	1.069850e-02	1.052797e-02	1.235727e-01	-1.670733e-01	2.233453e-01	6.054046e-02	-9.819394e-02	1.273473e-01	1.792778e-01	-1.896081e-01	1.908711e-01	5.365560e-02	-1.220591e-01	1.000000e+00	-9.832569e-01	9.135197e-01	-6.888717e-01	5.234536e-01	
1.083530e-01	-3.449802e-02	5.105679e-01	-3.062340e-01	2.901008e-02	-2.953693e-02	3.174147e-02	-2.298434e-02	1.165611e-03	-1.634405e-01	2.226067e-01	-3.002009e-01	-8.035511e-02	1.375658e-01	-1.945798e-01	-1.946927e-01	2.084705e-01	-2.123904e-01	-5.962297e-02	1.345174e-01	-9.832569e-01	1.000000e+00	-9.714284e-01	6.316244e-01	-4.572050e-01	
-2.129516e-01	9.751520e-02	-6.451890e-01	3.856225e-01	-4.152950e-02	3.989126e-02	-4.007526e-02	4.098387e-02	-1.902196e-02	2.106454e-01	-2.892649e-01	3.939541e-01	1.032381e-01	-1.867649e-01	2.900093e-01	1.926089e-01	-2.094428e-01	2.163853e-01	6.265744e-02	-1.383151e-01	9.135197e-01	-9.714284e-01	1.000000e+00	-5.150032e-01	3.362972e-01	
-2.324145e-02	-5.811747e-02	-2.281785e-01	1.244037e-01	-4.176961e-04	-2.986284e-03	6.124439e-03	9.926437e-03	-1.062116e-02	6.880705e-02	-9.308943e-02	1.236561e-01	4.813382e-02	-7.138328e-02	1.160058e-01	2.552289e-02	-4.276063e-02	5.620222e-02	4.786740e-02	-6.159382e-02	-6.888717e-01	6.316244e-01	-5.150032e-01	1.000000e+00	-9.619259e-01	
1.293671e-01	-1.425367e-02	3.476997e-01	-1.974234e-01	1.852852e-02	-1.310953e-02	7.818883e-03	-3.085580e-02	2.819560e-02	-1.142587e-01	1.561201e-01	-2.116411e-01	-6.322200e-02	1.110346e-01	-1.534848e-01	-3.721787e-02	6.497021e-02	-8.613087e-02	-1.474990e-01	1.868716e-01	5.234536e-01	-4.572050e-01	3.362972e-01	-9.619259e-01	1.000000e+00	

Time taken for mcmc chain: 38.716667 minutes
