Number of steps: 1097858
Number of accepted steps: 1000000
Burn-in number of steps: 320000
Accepted fraction of steps: 0.910865
Convergence Status
R[0]= 1.062113	R[1]= 1.190811	R[2]= 1.014703	R[3]= 1.185908	R[4]= 1.276746	R[5]= 1.271440	R[6]= 1.248201	R[7]= 1.223485	R[8]= 1.119413	R[9]= 1.021095	R[10]= 1.016172	R[11]= 1.016303	R[12]= 1.009995	R[13]= 1.017498	R[14]= 1.047954	R[15]= 1.012983	R[16]= 1.009683	R[17]= 1.012897	R[18]= 1.073603	R[19]= 1.099919	R[20]= 1.121034	R[21]= 1.129755	R[22]= 1.140319	R[23]= 1.114424	R[24]= 1.080002	
<R>= 1.100658

Mean parameters
A[0]= 9.297398e-01 pm 3.020287e-02
A[1]= 1.043565e+00 pm 2.604459e-02
A[2]= 5.372338e-01 pm 2.481141e-01
A[3]= 3.655914e+00 pm 8.231409e-01
A[4]= -3.651781e+03 pm 3.262146e+03
A[5]= 1.807239e+03 pm 2.127079e+03
A[6]= 1.210588e+01 pm 4.919910e+02
A[7]= 1.545080e+01 pm 1.099877e+01
A[8]= -2.514241e-01 pm 1.438315e-01
A[9]= -2.708470e+03 pm 7.250045e+03
A[10]= 8.463687e+02 pm 4.200763e+03
A[11]= -2.548290e+02 pm 8.341010e+02
A[12]= 1.479075e+01 pm 4.737366e+01
A[13]= -4.794613e-01 pm 9.014850e-01
A[14]= 5.358683e+00 pm 1.436943e+00
A[15]= -7.370557e+03 pm 5.669166e+03
A[16]= 5.295950e+03 pm 3.635465e+03
A[17]= -9.484844e+02 pm 8.308734e+02
A[18]= 4.963557e+00 pm 2.189252e+01
A[19]= 1.152194e-01 pm 2.772956e-01
A[20]= 7.249907e+03 pm 1.138508e+04
A[21]= -4.183592e+03 pm 6.534718e+03
A[22]= 4.093913e+02 pm 1.267206e+03
A[23]= -4.657963e+01 pm 6.852296e+01
A[24]= 5.640466e-01 pm 1.280122e+00

Best-fitting parameters
A[0]= 9.040853e-01
A[1]= 1.036821e+00
A[2]= 3.798894e-01
A[3]= 3.864836e+00
A[4]= -7.268984e+02
A[5]= 1.429592e+02
A[6]= 3.408572e+02
A[7]= 3.289355e+00
A[8]= -1.323295e-01
A[9]= 7.906421e+02
A[10]= -1.594721e+03
A[11]= 3.253007e+02
A[12]= 1.124293e-01
A[13]= -1.983733e-01
A[14]= 4.568419e+00
A[15]= -3.685364e+03
A[16]= 2.381890e+03
A[17]= -1.596758e+02
A[18]= -1.053871e-01
A[19]= 6.827745e-02
A[20]= 1.213741e+04
A[21]= -7.767657e+03
A[22]= 1.305245e+03
A[23]= -5.303983e+01
A[24]= 4.280031e-01
chi2_min= 9.154858e+01


Cross-Covariance parameters
1.000000e+00	-4.024223e-01	-1.849120e-01	-2.424215e-02	1.284142e-01	-1.400968e-01	1.397697e-01	-4.424204e-02	4.779420e-02	3.199904e-02	-9.951337e-03	-2.458906e-02	8.520081e-02	-2.922588e-02	-1.224990e-01	2.496441e-01	-2.348717e-01	2.106962e-01	1.625644e-02	-1.145774e-01	-2.881991e-02	3.687376e-02	-7.249818e-02	2.095060e-01	-2.152973e-01	
-4.024223e-01	1.000000e+00	8.539452e-02	-2.041963e-01	9.479552e-02	-7.431988e-02	4.250275e-02	9.792383e-02	-1.463395e-01	-7.499914e-02	3.266467e-02	2.299101e-02	3.497506e-02	-8.130158e-02	-1.276005e-01	-1.726567e-01	1.446994e-01	-1.195134e-01	2.907392e-01	-2.532654e-01	-1.484609e-02	-2.432659e-03	3.545598e-02	-1.428638e-02	-3.828262e-02	
-1.849120e-01	8.539452e-02	1.000000e+00	-5.128761e-01	-1.045248e-01	1.343495e-01	-1.540722e-01	-3.371898e-02	6.804843e-02	-2.045344e-01	3.141647e-01	-4.692103e-01	-1.991271e-01	2.800612e-01	-5.120385e-01	-1.300686e-01	1.202815e-01	-9.944614e-02	1.021456e-01	-7.507978e-02	-1.424240e-01	2.394992e-01	-3.910333e-01	-2.067051e-01	2.806845e-01	
-2.424215e-02	-2.041963e-01	-5.128761e-01	1.000000e+00	-6.245959e-01	6.689583e-01	-6.977582e-01	2.931261e-01	1.424806e-02	-2.224142e-02	1.242661e-03	3.846992e-02	1.197076e-01	-1.475459e-01	5.768587e-01	-2.501335e-01	2.749693e-01	-2.910139e-01	5.675514e-02	6.198156e-02	-8.286893e-02	5.493407e-02	1.529926e-02	2.065987e-01	-2.063186e-01	
1.284142e-01	9.479552e-02	-1.045248e-01	-6.245959e-01	1.000000e+00	-9.856080e-01	9.446899e-01	-7.188080e-01	3.555023e-01	2.744567e-02	-8.461087e-02	1.585074e-01	8.906940e-02	-4.334394e-02	-3.262371e-01	3.393445e-01	-3.809542e-01	4.105301e-01	-7.220856e-02	-7.986653e-02	3.032128e-01	-3.383559e-01	3.609757e-01	-1.938899e-01	1.439348e-01	
-1.400968e-01	-7.431988e-02	1.343495e-01	6.689583e-01	-9.856080e-01	1.000000e+00	-9.860321e-01	6.818528e-01	-3.058896e-01	-5.412720e-02	1.150127e-01	-1.951039e-01	-8.724066e-02	4.932799e-02	2.998288e-01	-3.551979e-01	3.914376e-01	-4.142202e-01	9.766344e-02	5.677576e-02	-2.976891e-01	3.351645e-01	-3.611899e-01	1.814214e-01	-1.297090e-01	
1.397697e-01	4.250275e-02	-1.540722e-01	-6.977582e-01	9.446899e-01	-9.860321e-01	1.000000e+00	-6.284883e-01	2.523193e-01	9.146289e-02	-1.532054e-01	2.350404e-01	6.878959e-02	-3.996108e-02	-2.689247e-01	3.631861e-01	-3.934271e-01	4.093752e-01	-1.242532e-01	-2.902296e-02	2.854056e-01	-3.238088e-01	3.519562e-01	-1.676424e-01	1.162331e-01	
-4.424204e-02	9.792383e-02	-3.371898e-02	2.931261e-01	-7.188080e-01	6.818528e-01	-6.284883e-01	1.000000e+00	-8.836500e-01	1.913900e-01	-1.654284e-01	1.155841e-01	-1.311218e-01	-4.381905e-02	1.796930e-01	-6.310843e-02	9.238264e-02	-1.250143e-01	-1.051036e-01	1.630724e-01	-2.544817e-01	2.531924e-01	-2.355421e-01	2.385184e-01	-2.110722e-01	
4.779420e-02	-1.463395e-01	6.804843e-02	1.424806e-02	3.555023e-01	-3.058896e-01	2.523193e-01	-8.836500e-01	1.000000e+00	-2.711204e-01	2.672105e-01	-2.412734e-01	1.303857e-01	8.624233e-02	-5.574873e-02	-1.333559e-01	1.143081e-01	-8.277537e-02	2.460747e-01	-2.369510e-01	1.305505e-01	-1.111844e-01	7.979769e-02	-1.455948e-01	1.307121e-01	
3.199904e-02	-7.499914e-02	-2.045344e-01	-2.224142e-02	2.744567e-02	-5.412720e-02	9.146289e-02	1.913900e-01	-2.711204e-01	1.000000e+00	-9.856726e-01	9.200086e-01	-8.248320e-01	6.839877e-01	1.198833e-01	7.813773e-02	-6.044578e-02	4.165324e-02	-8.211347e-02	6.451321e-02	-1.045405e-01	7.084476e-02	-2.025334e-02	1.586339e-01	-1.514753e-01	
-9.951337e-03	3.266467e-02	3.141647e-01	1.242661e-03	-8.461087e-02	1.150127e-01	-1.532054e-01	-1.654284e-01	2.672105e-01	-9.856726e-01	1.000000e+00	-9.722666e-01	7.995616e-01	-6.591819e-01	-1.548205e-01	-1.043565e-01	9.020882e-02	-7.307097e-02	1.012372e-01	-7.798103e-02	6.750418e-02	-2.081743e-02	-4.927999e-02	-1.636669e-01	1.695837e-01	
-2.458906e-02	2.299101e-02	-4.692103e-01	3.846992e-02	1.585074e-01	-1.951039e-01	2.350404e-01	1.155841e-01	-2.412734e-01	9.200086e-01	-9.722666e-01	1.000000e+00	-7.137256e-01	5.803884e-01	2.129717e-01	1.295873e-01	-1.202913e-01	1.055782e-01	-1.186431e-01	9.079161e-02	-8.711306e-03	-5.496435e-02	1.513362e-01	1.628261e-01	-1.875387e-01	
8.520081e-02	3.497506e-02	-1.991271e-01	1.197076e-01	8.906940e-02	-8.724066e-02	6.878959e-02	-1.311218e-01	1.303857e-01	-8.248320e-01	7.995616e-01	-7.137256e-01	1.000000e+00	-9.588729e-01	6.717971e-02	2.225523e-02	-3.563612e-02	4.232524e-02	1.654910e-02	-3.757862e-02	1.680971e-01	-1.817488e-01	1.998376e-01	-8.486438e-02	4.831131e-02	
-2.922588e-02	-8.130158e-02	2.800612e-01	-1.475459e-01	-4.334394e-02	4.932799e-02	-3.996108e-02	-4.381905e-02	8.624233e-02	6.839877e-01	-6.591819e-01	5.803884e-01	-9.588729e-01	1.000000e+00	-1.319367e-01	-3.766062e-02	4.841661e-02	-4.953707e-02	3.552763e-02	-1.423545e-02	-1.501689e-01	1.782331e-01	-2.202713e-01	5.453694e-02	-1.626550e-02	
-1.224990e-01	-1.276005e-01	-5.120385e-01	5.768587e-01	-3.262371e-01	2.998288e-01	-2.689247e-01	1.796930e-01	-5.574873e-02	1.198833e-01	-1.548205e-01	2.129717e-01	6.717971e-02	-1.319367e-01	1.000000e+00	-5.318752e-01	6.160988e-01	-6.911532e-01	1.780426e-02	2.594594e-01	-1.778508e-01	1.510355e-01	-7.662849e-02	1.498515e-01	-1.172084e-01	
2.496441e-01	-1.726567e-01	-1.300686e-01	-2.501335e-01	3.393445e-01	-3.551979e-01	3.631861e-01	-6.310843e-02	-1.333559e-01	7.813773e-02	-1.043565e-01	1.295873e-01	2.225523e-02	-3.766062e-02	-5.318752e-01	1.000000e+00	-9.863331e-01	9.439968e-01	-7.124716e-01	4.143284e-01	3.581468e-01	-3.945013e-01	4.083842e-01	-1.523910e-01	1.309674e-01	
-2.348717e-01	1.446994e-01	1.202815e-01	2.749693e-01	-3.809542e-01	3.914376e-01	-3.934271e-01	9.238264e-02	1.143081e-01	-6.044578e-02	9.020882e-02	-1.202913e-01	-3.563612e-02	4.841661e-02	6.160988e-01	-9.863331e-01	1.000000e+00	-9.850809e-01	6.414373e-01	-3.209106e-01	-3.677616e-01	4.060304e-01	-4.224657e-01	1.405838e-01	-1.076101e-01	
2.106962e-01	-1.195134e-01	-9.944614e-02	-2.910139e-01	4.105301e-01	-4.142202e-01	4.093752e-01	-1.250143e-01	-8.277537e-02	4.165324e-02	-7.307097e-02	1.055782e-01	4.232524e-02	-4.953707e-02	-6.911532e-01	9.439968e-01	-9.850809e-01	1.000000e+00	-5.471741e-01	2.139145e-01	3.717183e-01	-4.100831e-01	4.274195e-01	-1.310693e-01	8.860567e-02	
1.625644e-02	2.907392e-01	1.021456e-01	5.675514e-02	-7.220856e-02	9.766344e-02	-1.242532e-01	-1.051036e-01	2.460747e-01	-8.211347e-02	1.012372e-01	-1.186431e-01	1.654910e-02	3.552763e-02	1.780426e-02	-7.124716e-01	6.414373e-01	-5.471741e-01	1.000000e+00	-9.243975e-01	-2.202602e-01	2.392030e-01	-2.475834e-01	1.799633e-01	-2.416851e-01	
-1.145774e-01	-2.532654e-01	-7.507978e-02	6.198156e-02	-7.986653e-02	5.677576e-02	-2.902296e-02	1.630724e-01	-2.369510e-01	6.451321e-02	-7.798103e-02	9.079161e-02	-3.757862e-02	-1.423545e-02	2.594594e-01	4.143284e-01	-3.209106e-01	2.139145e-01	-9.243975e-01	1.000000e+00	1.084041e-01	-1.148729e-01	1.186211e-01	-1.604926e-01	2.581227e-01	
-2.881991e-02	-1.484609e-02	-1.424240e-01	-8.286893e-02	3.032128e-01	-2.976891e-01	2.854056e-01	-2.544817e-01	1.305505e-01	-1.045405e-01	6.750418e-02	-8.711306e-03	1.680971e-01	-1.501689e-01	-1.778508e-01	3.581468e-01	-3.677616e-01	3.717183e-01	-2.202602e-01	1.084041e-01	1.000000e+00	-9.897847e-01	9.389222e-01	-8.591686e-01	7.733548e-01	
3.687376e-02	-2.432659e-03	2.394992e-01	5.493407e-02	-3.383559e-01	3.351645e-01	-3.238088e-01	2.531924e-01	-1.111844e-01	7.084476e-02	-2.081743e-02	-5.496435e-02	-1.817488e-01	1.782331e-01	1.510355e-01	-3.945013e-01	4.060304e-01	-4.100831e-01	2.392030e-01	-1.148729e-01	-9.897847e-01	1.000000e+00	-9.775258e-01	8.315983e-01	-7.407582e-01	
-7.249818e-02	3.545598e-02	-3.910333e-01	1.529926e-02	3.609757e-01	-3.611899e-01	3.519562e-01	-2.355421e-01	7.979769e-02	-2.025334e-02	-4.927999e-02	1.513362e-01	1.998376e-01	-2.202713e-01	-7.662849e-02	4.083842e-01	-4.224657e-01	4.274195e-01	-2.475834e-01	1.186211e-01	9.389222e-01	-9.775258e-01	1.000000e+00	-7.571188e-01	6.628097e-01	
2.095060e-01	-1.428638e-02	-2.067051e-01	2.065987e-01	-1.938899e-01	1.814214e-01	-1.676424e-01	2.385184e-01	-1.455948e-01	1.586339e-01	-1.636669e-01	1.628261e-01	-8.486438e-02	5.453694e-02	1.498515e-01	-1.523910e-01	1.405838e-01	-1.310693e-01	1.799633e-01	-1.604926e-01	-8.591686e-01	8.315983e-01	-7.571188e-01	1.000000e+00	-9.765839e-01	
-2.152973e-01	-3.828262e-02	2.806845e-01	-2.063186e-01	1.439348e-01	-1.297090e-01	1.162331e-01	-2.110722e-01	1.307121e-01	-1.514753e-01	1.695837e-01	-1.875387e-01	4.831131e-02	-1.626550e-02	-1.172084e-01	1.309674e-01	-1.076101e-01	8.860567e-02	-2.416851e-01	2.581227e-01	7.733548e-01	-7.407582e-01	6.628097e-01	-9.765839e-01	1.000000e+00	

Time taken for mcmc chain: 6.866667 minutes
