Number of steps: 5434401
Number of accepted steps: 1000000
Burn-in number of steps: 320000
Accepted fraction of steps: 0.184013
Convergence Status
R[0]= 1.001045	R[1]= 1.001065	R[2]= 1.002400	R[3]= 1.002546	R[4]= 1.006157	R[5]= 1.006801	R[6]= 1.007217	R[7]= 1.001991	R[8]= 1.000110	R[9]= 1.000930	R[10]= 1.001684	R[11]= 1.002689	R[12]= 1.000890	R[13]= 1.000742	R[14]= 1.011387	R[15]= 1.005164	R[16]= 1.006351	R[17]= 1.007267	R[18]= 1.000372	R[19]= 1.002450	R[20]= 1.000947	R[21]= 1.001263	R[22]= 1.001667	R[23]= 1.000376	R[24]= 1.000485	
<R>= 1.002960

Mean parameters
A[0]= 9.455816e-01 pm 3.238588e-02
A[1]= 1.047449e+00 pm 2.632230e-02
A[2]= 5.774210e-01 pm 3.513125e-01
A[3]= 3.995139e+00 pm 1.117706e+00
A[4]= -5.022222e+03 pm 3.881734e+03
A[5]= 2.663060e+03 pm 2.554605e+03
A[6]= -1.726331e+02 pm 5.999675e+02
A[7]= 1.107504e+01 pm 1.343810e+01
A[8]= -1.397703e-01 pm 1.819803e-01
A[9]= -2.805277e+03 pm 8.508781e+03
A[10]= 1.014754e+03 pm 5.113067e+03
A[11]= -3.054781e+02 pm 1.077772e+03
A[12]= 8.800907e-01 pm 4.866284e+01
A[13]= -1.215079e-02 pm 9.363758e-01
A[14]= 5.622672e+00 pm 1.659442e+00
A[15]= -6.583069e+03 pm 5.294825e+03
A[16]= 5.162149e+03 pm 3.484056e+03
A[17]= -1.001060e+03 pm 8.206814e+02
A[18]= -2.714791e+00 pm 1.949874e+01
A[19]= 2.319926e-01 pm 2.640499e-01
A[20]= 6.397467e+03 pm 1.173047e+04
A[21]= -3.389971e+03 pm 7.016058e+03
A[22]= 1.882230e+02 pm 1.466280e+03
A[23]= -4.683199e+01 pm 6.841834e+01
A[24]= 6.639502e-01 pm 1.326157e+00

Best-fitting parameters
A[0]= 9.298805e-01
A[1]= 1.048014e+00
A[2]= 7.302253e-01
A[3]= 3.276002e+00
A[4]= -4.747506e+03
A[5]= 2.416226e+03
A[6]= -8.904059e+01
A[7]= 1.773251e+01
A[8]= -2.645836e-01
A[9]= -2.293999e+03
A[10]= 9.281180e+02
A[11]= -3.595182e+02
A[12]= -8.654283e+00
A[13]= 2.586559e-02
A[14]= 3.915310e+00
A[15]= -2.306715e+02
A[16]= 8.652095e+02
A[17]= 8.692322e-01
A[18]= -1.911829e+01
A[19]= 3.293579e-01
A[20]= 8.361494e+03
A[21]= -4.596618e+03
A[22]= 4.210425e+02
A[23]= -6.818452e+01
A[24]= 1.165428e+00
chi2_min= 1.004206e+02


Cross-Covariance parameters
1.000000e+00	-4.937097e-01	-1.577459e-01	1.037690e-01	1.856539e-02	-1.536333e-02	3.736933e-03	6.912030e-02	-5.555001e-02	-3.102680e-02	4.016335e-02	-6.761805e-02	1.607501e-01	-1.319976e-01	5.038084e-02	6.092775e-02	-6.578400e-02	6.176938e-02	7.204275e-02	-7.841056e-02	-4.463243e-03	1.293166e-02	-4.259750e-02	1.584504e-01	-1.398545e-01	
-4.937097e-01	1.000000e+00	1.357483e-01	-1.546313e-01	-2.614312e-02	3.244540e-02	-4.560192e-02	1.250759e-01	-1.132066e-01	5.634957e-02	-6.354220e-02	7.888944e-02	-1.396446e-01	8.514445e-02	-2.058300e-01	1.358403e-02	-1.610142e-02	1.063069e-02	1.342769e-01	-1.439884e-01	2.376645e-02	-3.323310e-02	5.733067e-02	-9.272517e-02	5.329313e-02	
-1.577459e-01	1.357483e-01	1.000000e+00	-6.489977e-01	-8.945117e-02	1.011695e-01	-1.027467e-01	-1.855333e-02	6.093305e-02	-3.844986e-01	5.042096e-01	-6.444416e-01	-1.142752e-01	2.685540e-01	-6.673840e-01	-2.909498e-02	3.132756e-02	-2.598589e-02	-2.951422e-02	2.530186e-02	-3.821192e-01	4.935169e-01	-6.288437e-01	-1.271752e-01	2.687378e-01	
1.037690e-01	-1.546313e-01	-6.489977e-01	1.000000e+00	-5.203369e-01	5.729849e-01	-6.128034e-01	1.833114e-01	9.178750e-02	1.662867e-01	-2.170942e-01	2.817017e-01	2.353293e-02	-7.327130e-02	4.461860e-01	1.846295e-02	-2.082072e-02	1.862051e-02	-4.015790e-04	4.522994e-03	2.507052e-01	-3.235371e-01	4.109065e-01	7.675253e-02	-1.640490e-01	
1.856539e-02	-2.614312e-02	-8.945117e-02	-5.203369e-01	1.000000e+00	-9.851901e-01	9.438345e-01	-6.744024e-01	2.828670e-01	1.036375e-01	-1.514333e-01	2.047912e-01	9.416131e-02	-9.872343e-02	6.487559e-02	1.127139e-02	-1.064049e-02	1.025276e-02	-4.085280e-03	2.298068e-03	3.325176e-02	-4.346371e-02	5.664295e-02	2.156495e-02	-3.542162e-02	
-1.536333e-02	3.244540e-02	1.011695e-01	5.729849e-01	-9.851901e-01	1.000000e+00	-9.860311e-01	6.226855e-01	-2.128051e-01	-1.163415e-01	1.689982e-01	-2.278499e-01	-1.037539e-01	1.227165e-01	-7.532391e-02	-1.048074e-02	9.571803e-03	-9.003646e-03	5.486306e-03	-3.360938e-03	-3.748164e-02	4.895669e-02	-6.376261e-02	-2.267982e-02	3.843608e-02	
3.736933e-03	-4.560192e-02	-1.027467e-01	-6.128034e-01	9.438345e-01	-9.860311e-01	1.000000e+00	-5.592542e-01	1.469254e-01	1.280147e-01	-1.829868e-01	2.442701e-01	1.017730e-01	-1.311574e-01	8.190832e-02	7.561247e-03	-6.235381e-03	5.683689e-03	-9.980758e-03	7.915322e-03	3.788187e-02	-4.945140e-02	6.451322e-02	2.109220e-02	-3.705339e-02	
6.912030e-02	1.250759e-01	-1.855333e-02	1.833114e-01	-6.744024e-01	6.226855e-01	-5.592542e-01	1.000000e+00	-8.782508e-01	8.360900e-02	-6.091513e-02	2.455584e-02	-5.843285e-02	-9.274104e-02	-2.702029e-02	1.442995e-02	-1.679641e-02	1.500401e-02	4.830205e-02	-5.549411e-02	8.493531e-03	-1.132930e-02	1.419308e-02	1.435323e-02	-2.365134e-02	
-5.555001e-02	-1.132066e-01	6.093305e-02	9.178750e-02	2.828670e-01	-2.128051e-01	1.469254e-01	-8.782508e-01	1.000000e+00	-1.610389e-01	1.604430e-01	-1.457297e-01	2.141765e-02	1.896949e-01	-6.455006e-03	-1.708139e-02	1.890498e-02	-1.700719e-02	-4.480029e-02	5.318290e-02	-2.175986e-02	3.009815e-02	-4.059324e-02	-2.397565e-02	4.007808e-02	
-3.102680e-02	5.634957e-02	-3.844986e-01	1.662867e-01	1.036375e-01	-1.163415e-01	1.280147e-01	8.360900e-02	-1.610389e-01	1.000000e+00	-9.831542e-01	9.149555e-01	-7.611634e-01	5.673794e-01	2.412655e-01	2.385991e-02	-2.682619e-02	2.610982e-02	1.390213e-02	-1.893941e-02	1.667605e-01	-2.137417e-01	2.729161e-01	3.405226e-02	-1.006890e-01	
4.016335e-02	-6.354220e-02	5.042096e-01	-2.170942e-01	-1.514333e-01	1.689982e-01	-1.829868e-01	-6.091513e-02	1.604430e-01	-9.831542e-01	1.000000e+00	-9.724904e-01	7.105849e-01	-5.072933e-01	-3.243682e-01	-2.394009e-02	2.682121e-02	-2.526849e-02	-1.908365e-02	2.286261e-02	-2.132153e-01	2.746726e-01	-3.522045e-01	-4.725543e-02	1.323074e-01	
-6.761805e-02	7.888944e-02	-6.444416e-01	2.817017e-01	2.047912e-01	-2.278499e-01	2.442701e-01	2.455584e-02	-1.457297e-01	9.149555e-01	-9.724904e-01	1.000000e+00	-5.985937e-01	3.929267e-01	4.227192e-01	2.375476e-02	-2.635368e-02	2.379655e-02	2.313789e-02	-2.558176e-02	2.688830e-01	-3.478079e-01	4.477378e-01	5.994830e-02	-1.670241e-01	
1.607501e-01	-1.396446e-01	-1.142752e-01	2.353293e-02	9.416131e-02	-1.037539e-01	1.017730e-01	-5.843285e-02	2.141765e-02	-7.611634e-01	7.105849e-01	-5.985937e-01	1.000000e+00	-9.448879e-01	8.515751e-02	8.379340e-03	-6.917659e-03	4.714124e-03	-2.517692e-03	3.731723e-03	2.927468e-02	-3.725338e-02	4.369334e-02	3.637007e-02	-4.150437e-02	
-1.319976e-01	8.514445e-02	2.685540e-01	-7.327130e-02	-9.872343e-02	1.227165e-01	-1.311574e-01	-9.274104e-02	1.896949e-01	5.673794e-01	-5.072933e-01	3.929267e-01	-9.448879e-01	1.000000e+00	-1.794596e-01	-1.628065e-02	1.577786e-02	-1.275701e-02	-1.031262e-02	1.106867e-02	-9.627309e-02	1.236604e-01	-1.550246e-01	-4.989555e-02	8.317325e-02	
5.038084e-02	-2.058300e-01	-6.673840e-01	4.461860e-01	6.487559e-02	-7.532391e-02	8.190832e-02	-2.702029e-02	-6.455006e-03	2.412655e-01	-3.243682e-01	4.227192e-01	8.515751e-02	-1.794596e-01	1.000000e+00	-5.236702e-01	5.893358e-01	-6.393049e-01	7.392314e-02	2.005331e-01	1.551362e-01	-2.042786e-01	2.724446e-01	3.476733e-02	-7.988234e-02	
6.092775e-02	1.358403e-02	-2.909498e-02	1.846295e-02	1.127139e-02	-1.048074e-02	7.561247e-03	1.442995e-02	-1.708139e-02	2.385991e-02	-2.394009e-02	2.375476e-02	8.379340e-03	-1.628065e-02	-5.236702e-01	1.000000e+00	-9.834001e-01	9.367798e-01	-6.080210e-01	2.385714e-01	1.665596e-01	-2.004253e-01	2.304499e-01	1.702988e-02	-4.789469e-02	
-6.578400e-02	-1.610142e-02	3.132756e-02	-2.082072e-02	-1.064049e-02	9.571803e-03	-6.235381e-03	-1.679641e-02	1.890498e-02	-2.682619e-02	2.682121e-02	-2.635368e-02	-6.917659e-03	1.577786e-02	5.893358e-01	-9.834001e-01	1.000000e+00	-9.842312e-01	5.399682e-01	-1.529194e-01	-1.716815e-01	2.105129e-01	-2.459306e-01	-3.551710e-02	7.626856e-02	
6.176938e-02	1.063069e-02	-2.598589e-02	1.862051e-02	1.025276e-02	-9.003646e-03	5.683689e-03	1.500401e-02	-1.700719e-02	2.610982e-02	-2.526849e-02	2.379655e-02	4.714124e-03	-1.275701e-02	-6.393049e-01	9.367798e-01	-9.842312e-01	1.000000e+00	-4.593914e-01	6.969951e-02	1.698220e-01	-2.116432e-01	2.506120e-01	4.861190e-02	-9.551996e-02	
7.204275e-02	1.342769e-01	-2.951422e-02	-4.015790e-04	-4.085280e-03	5.486306e-03	-9.980758e-03	4.830205e-02	-4.480029e-02	1.390213e-02	-1.908365e-02	2.313789e-02	-2.517692e-03	-1.031262e-02	7.392314e-02	-6.080210e-01	5.399682e-01	-4.593914e-01	1.000000e+00	-9.005496e-01	-3.715743e-02	4.340660e-02	-4.977658e-02	9.415015e-02	-1.691677e-01	
-7.841056e-02	-1.439884e-01	2.530186e-02	4.522994e-03	2.298068e-03	-3.360938e-03	7.915322e-03	-5.549411e-02	5.318290e-02	-1.893941e-02	2.286261e-02	-2.558176e-02	3.731723e-03	1.106867e-02	2.005331e-01	2.385714e-01	-1.529194e-01	6.969951e-02	-9.005496e-01	1.000000e+00	-3.059427e-02	3.930482e-02	-4.520867e-02	-1.207140e-01	2.333870e-01	
-4.463243e-03	2.376645e-02	-3.821192e-01	2.507052e-01	3.325176e-02	-3.748164e-02	3.788187e-02	8.493531e-03	-2.175986e-02	1.667605e-01	-2.132153e-01	2.688830e-01	2.927468e-02	-9.627309e-02	1.551362e-01	1.665596e-01	-1.716815e-01	1.698220e-01	-3.715743e-02	-3.059427e-02	1.000000e+00	-9.844103e-01	9.197834e-01	-7.501251e-01	5.868434e-01	
1.293166e-02	-3.323310e-02	4.935169e-01	-3.235371e-01	-4.346371e-02	4.895669e-02	-4.945140e-02	-1.132930e-02	3.009815e-02	-2.137417e-01	2.746726e-01	-3.478079e-01	-3.725338e-02	1.236604e-01	-2.042786e-01	-2.004253e-01	2.105129e-01	-2.116432e-01	4.340660e-02	3.930482e-02	-9.844103e-01	1.000000e+00	-9.736134e-01	7.016276e-01	-5.276564e-01	
-4.259750e-02	5.733067e-02	-6.288437e-01	4.109065e-01	5.664295e-02	-6.376261e-02	6.451322e-02	1.419308e-02	-4.059324e-02	2.729161e-01	-3.522045e-01	4.477378e-01	4.369334e-02	-1.550246e-01	2.724446e-01	2.304499e-01	-2.459306e-01	2.506120e-01	-4.977658e-02	-4.520867e-02	9.197834e-01	-9.736134e-01	1.000000e+00	-5.937028e-01	4.135322e-01	
1.584504e-01	-9.272517e-02	-1.271752e-01	7.675253e-02	2.156495e-02	-2.267982e-02	2.109220e-02	1.435323e-02	-2.397565e-02	3.405226e-02	-4.725543e-02	5.994830e-02	3.637007e-02	-4.989555e-02	3.476733e-02	1.702988e-02	-3.551710e-02	4.861190e-02	9.415015e-02	-1.207140e-01	-7.501251e-01	7.016276e-01	-5.937028e-01	1.000000e+00	-9.635175e-01	
-1.398545e-01	5.329313e-02	2.687378e-01	-1.640490e-01	-3.542162e-02	3.843608e-02	-3.705339e-02	-2.365134e-02	4.007808e-02	-1.006890e-01	1.323074e-01	-1.670241e-01	-4.150437e-02	8.317325e-02	-7.988234e-02	-4.789469e-02	7.626856e-02	-9.551996e-02	-1.691677e-01	2.333870e-01	5.868434e-01	-5.276564e-01	4.135322e-01	-9.635175e-01	1.000000e+00	

Time taken for mcmc chain: 28.783333 minutes
