Number of steps: 1927222
Number of accepted steps: 1000000
Burn-in number of steps: 320000
Accepted fraction of steps: 0.518882
Convergence Status
R[0]= 1.017110	R[1]= 1.004929	R[2]= 1.082651	R[3]= 1.043085	R[4]= 1.011623	R[5]= 1.014048	R[6]= 1.016198	R[7]= 1.001889	R[8]= 1.000054	R[9]= 1.017106	R[10]= 1.022812	R[11]= 1.033164	R[12]= 1.002927	R[13]= 1.006973	R[14]= 1.027350	R[15]= 1.004849	R[16]= 1.004481	R[17]= 1.004150	R[18]= 1.006890	R[19]= 1.007601	R[20]= 1.023147	R[21]= 1.030034	R[22]= 1.041860	R[23]= 1.006088	R[24]= 1.009627	
<R>= 1.017626

Mean parameters
A[0]= 9.657136e-01 pm 3.299283e-02
A[1]= 1.051746e+00 pm 2.585894e-02
A[2]= 5.792780e-01 pm 3.919121e-01
A[3]= 4.037850e+00 pm 1.172654e+00
A[4]= -4.614061e+03 pm 3.736435e+03
A[5]= 2.444259e+03 pm 2.453214e+03
A[6]= -1.267775e+02 pm 5.773094e+02
A[7]= 7.550585e+00 pm 1.339463e+01
A[8]= -7.866914e-02 pm 1.809579e-01
A[9]= 1.732941e+03 pm 8.524458e+03
A[10]= -1.583573e+03 pm 5.086275e+03
A[11]= 1.722939e+02 pm 1.072791e+03
A[12]= -3.002653e+01 pm 4.940519e+01
A[13]= 6.195352e-01 pm 9.509000e-01
A[14]= 5.717138e+00 pm 1.687968e+00
A[15]= -6.476594e+03 pm 5.331898e+03
A[16]= 5.332727e+03 pm 3.481004e+03
A[17]= -1.090911e+03 pm 8.183450e+02
A[18]= 2.131363e+00 pm 1.941201e+01
A[19]= 1.574668e-01 pm 2.582270e-01
A[20]= 1.074659e+04 pm 1.186372e+04
A[21]= -5.427561e+03 pm 7.229085e+03
A[22]= 4.540360e+02 pm 1.552669e+03
A[23]= -5.975847e+01 pm 6.773266e+01
A[24]= 7.703114e-01 pm 1.305931e+00

Best-fitting parameters
A[0]= 9.706059e-01
A[1]= 1.043866e+00
A[2]= 7.686374e-01
A[3]= 3.541234e+00
A[4]= -2.929142e+03
A[5]= 1.653227e+03
A[6]= -1.905210e+01
A[7]= 2.741033e-01
A[8]= -1.171647e-02
A[9]= 3.397020e+02
A[10]= -5.702026e+02
A[11]= -1.106422e+02
A[12]= -5.587757e+01
A[13]= 1.268269e+00
A[14]= 5.375623e+00
A[15]= -9.561170e+03
A[16]= 7.243217e+03
A[17]= -1.500161e+03
A[18]= 7.030786e+00
A[19]= 1.305447e-01
A[20]= 7.260133e+03
A[21]= -2.566693e+03
A[22]= -3.569883e+02
A[23]= -7.296121e+01
A[24]= 1.145512e+00
chi2_min= 1.033852e+02


Cross-Covariance parameters
1.000000e+00	-4.907537e-01	-1.922399e-01	6.081962e-02	9.025812e-02	-9.408008e-02	8.675649e-02	7.964688e-02	-1.131833e-01	-2.542366e-03	-4.236202e-03	-5.040112e-03	1.496283e-01	-1.368471e-01	1.165837e-01	4.523220e-02	-4.055892e-02	2.577715e-02	8.909884e-02	-1.003097e-01	7.451820e-02	-6.629048e-02	3.676572e-02	8.971374e-02	-8.576634e-02	
-4.907537e-01	1.000000e+00	2.949675e-01	-2.127022e-01	-4.582157e-02	6.137069e-02	-8.218437e-02	9.000355e-02	-5.937183e-02	-5.192501e-02	6.638585e-02	-7.604801e-02	-9.343414e-02	7.189434e-02	-3.309825e-01	5.084164e-02	-5.400936e-02	4.754176e-02	9.662838e-02	-1.184292e-01	-8.066701e-02	8.694292e-02	-8.224660e-02	-5.874350e-02	4.752448e-02	
-1.922399e-01	2.949675e-01	1.000000e+00	-7.002304e-01	3.324905e-03	7.313323e-03	-1.459799e-02	-5.572033e-02	5.919727e-02	-3.579607e-01	4.895999e-01	-6.463061e-01	-9.813533e-02	2.354640e-01	-6.755020e-01	-9.569634e-02	9.890796e-02	-9.745932e-02	4.223935e-02	-2.875027e-02	-3.994358e-01	5.231480e-01	-6.652086e-01	-1.227138e-01	2.661978e-01	
6.081962e-02	-2.127022e-01	-7.002304e-01	1.000000e+00	-5.382383e-01	5.883093e-01	-6.224890e-01	2.136734e-01	4.859617e-02	2.268896e-01	-2.968764e-01	3.813995e-01	-9.454530e-03	-5.829034e-02	4.571402e-01	8.836259e-02	-9.228706e-02	9.332148e-02	-3.234343e-02	4.961645e-03	2.772296e-01	-3.697723e-01	4.773152e-01	8.167722e-02	-1.899724e-01	
9.025812e-02	-4.582157e-02	3.324905e-03	-5.382383e-01	1.000000e+00	-9.845369e-01	9.405296e-01	-6.726504e-01	3.007719e-01	3.904871e-02	-7.626818e-02	1.190528e-01	9.000563e-02	-7.131178e-02	1.719317e-02	7.394085e-04	-1.539860e-03	1.117515e-03	-3.322108e-03	6.824043e-03	-1.324495e-02	1.720837e-02	-2.166827e-02	4.244816e-02	-3.604272e-02	
-9.408008e-02	6.137069e-02	7.313323e-03	5.883093e-01	-9.845369e-01	1.000000e+00	-9.849829e-01	6.345850e-01	-2.471708e-01	-4.106666e-02	8.276658e-02	-1.315436e-01	-1.075678e-01	9.842567e-02	-3.633333e-02	8.415934e-03	-8.500406e-03	9.125896e-03	7.184799e-03	-1.703672e-02	3.173802e-03	-6.956111e-03	1.167852e-02	-3.475910e-02	2.801184e-02	
8.675649e-02	-8.218437e-02	-1.459799e-02	-6.224890e-01	9.405296e-01	-9.849829e-01	1.000000e+00	-5.801453e-01	1.922520e-01	4.804304e-02	-9.205392e-02	1.441138e-01	1.124819e-01	-1.113407e-01	5.389264e-02	-1.782153e-02	1.859258e-02	-1.893617e-02	-1.484677e-02	3.039356e-02	5.488067e-03	-1.812754e-03	-3.158816e-03	2.495649e-02	-1.745905e-02	
7.964688e-02	9.000355e-02	-5.572033e-02	2.136734e-01	-6.726504e-01	6.345850e-01	-5.801453e-01	1.000000e+00	-8.872123e-01	7.849723e-02	-6.239593e-02	3.243143e-02	-3.087636e-02	-1.244524e-01	1.995440e-02	2.011829e-02	-1.949190e-02	1.479025e-02	6.131823e-03	-1.138247e-02	7.558285e-02	-8.076386e-02	8.227980e-02	-4.886090e-02	3.241185e-02	
-1.131833e-01	-5.937183e-02	5.919727e-02	4.859617e-02	3.007719e-01	-2.471708e-01	1.922520e-01	-8.872123e-01	1.000000e+00	-1.255962e-01	1.264383e-01	-1.125240e-01	-1.125313e-03	2.045945e-01	-4.329732e-02	-1.013479e-02	9.137037e-03	-4.147461e-03	5.701565e-03	-7.505083e-03	-7.767221e-02	8.130440e-02	-8.053905e-02	4.378694e-02	-3.239295e-02	
-2.542366e-03	-5.192501e-02	-3.579607e-01	2.268896e-01	3.904871e-02	-4.106666e-02	4.804304e-02	7.849723e-02	-1.255962e-01	1.000000e+00	-9.811266e-01	9.036362e-01	-7.832259e-01	6.030664e-01	2.525867e-01	4.282372e-02	-4.195649e-02	4.078234e-02	-2.837389e-02	1.820037e-02	1.625291e-01	-2.098642e-01	2.650852e-01	3.106552e-02	-9.772484e-02	
-4.236202e-03	6.638585e-02	4.895999e-01	-2.968764e-01	-7.626818e-02	8.276658e-02	-9.205392e-02	-6.239593e-02	1.264383e-01	-9.811266e-01	1.000000e+00	-9.685035e-01	7.330386e-01	-5.449063e-01	-3.409354e-01	-5.712867e-02	5.767210e-02	-5.694079e-02	3.456726e-02	-2.189519e-02	-2.166864e-01	2.819795e-01	-3.582451e-01	-4.646942e-02	1.329305e-01	
-5.040112e-03	-7.604801e-02	-6.463061e-01	3.813995e-01	1.190528e-01	-1.315436e-01	1.441138e-01	3.243143e-02	-1.125240e-01	9.036362e-01	-9.685035e-01	1.000000e+00	-6.135177e-01	4.251568e-01	4.461953e-01	7.348837e-02	-7.572664e-02	7.569579e-02	-4.449184e-02	2.980899e-02	2.807761e-01	-3.680174e-01	4.703670e-01	6.327780e-02	-1.730924e-01	
1.496283e-01	-9.343414e-02	-9.813533e-02	-9.454530e-03	9.000563e-02	-1.075678e-01	1.124819e-01	-3.087636e-02	-1.125313e-03	-7.832259e-01	7.330386e-01	-6.135177e-01	1.000000e+00	-9.476835e-01	7.892924e-02	-2.156233e-03	3.169695e-03	-6.987926e-03	1.671781e-02	-9.884621e-03	4.101105e-02	-4.624335e-02	5.024411e-02	2.012121e-02	-2.050286e-02	
-1.368471e-01	7.189434e-02	2.354640e-01	-5.829034e-02	-7.131178e-02	9.842567e-02	-1.113407e-01	-1.244524e-01	2.045945e-01	6.030664e-01	-5.449063e-01	4.251568e-01	-9.476835e-01	1.000000e+00	-1.812407e-01	-6.824911e-03	4.809632e-03	8.772933e-04	-1.109888e-02	3.882766e-03	-1.137265e-01	1.371540e-01	-1.622431e-01	-1.911191e-02	4.485276e-02	
1.165837e-01	-3.309825e-01	-6.755020e-01	4.571402e-01	1.719317e-02	-3.633333e-02	5.389264e-02	1.995440e-02	-4.329732e-02	2.525867e-01	-3.409354e-01	4.461953e-01	7.892924e-02	-1.812407e-01	1.000000e+00	-4.610191e-01	5.292707e-01	-5.798341e-01	5.238367e-02	2.066035e-01	1.681293e-01	-2.262557e-01	3.003741e-01	7.981689e-02	-1.324723e-01	
4.523220e-02	5.084164e-02	-9.569634e-02	8.836259e-02	7.394085e-04	8.415934e-03	-1.782153e-02	2.011829e-02	-1.013479e-02	4.282372e-02	-5.712867e-02	7.348837e-02	-2.156233e-03	-6.824911e-03	-4.610191e-01	1.000000e+00	-9.817514e-01	9.292324e-01	-6.388780e-01	2.716039e-01	2.098075e-01	-2.501899e-01	2.852135e-01	-3.763152e-02	-4.476916e-03	
-4.055892e-02	-5.400936e-02	9.890796e-02	-9.228706e-02	-1.539860e-03	-8.500406e-03	1.859258e-02	-1.949190e-02	9.137037e-03	-4.195649e-02	5.767210e-02	-7.572664e-02	3.169695e-03	4.809632e-03	5.292707e-01	-9.817514e-01	1.000000e+00	-9.820387e-01	5.773078e-01	-1.907497e-01	-2.215979e-01	2.677578e-01	-3.086698e-01	3.157624e-02	1.998177e-02	
2.577715e-02	4.754176e-02	-9.745932e-02	9.332148e-02	1.117515e-03	9.125896e-03	-1.893617e-02	1.479025e-02	-4.147461e-03	4.078234e-02	-5.694079e-02	7.569579e-02	-6.987926e-03	8.772933e-04	-5.798341e-01	9.292324e-01	-9.820387e-01	1.000000e+00	-4.979560e-01	1.083591e-01	2.267666e-01	-2.767782e-01	3.219541e-01	-2.867892e-02	-2.922805e-02	
8.909884e-02	9.662838e-02	4.223935e-02	-3.234343e-02	-3.322108e-03	7.184799e-03	-1.484677e-02	6.131823e-03	5.701565e-03	-2.837389e-02	3.456726e-02	-4.449184e-02	1.671781e-02	-1.109888e-02	5.238367e-02	-6.388780e-01	5.773078e-01	-4.979560e-01	1.000000e+00	-8.973349e-01	-9.304826e-02	1.109519e-01	-1.288603e-01	1.215139e-01	-1.770742e-01	
-1.003097e-01	-1.184292e-01	-2.875027e-02	4.961645e-03	6.824043e-03	-1.703672e-02	3.039356e-02	-1.138247e-02	-7.505083e-03	1.820037e-02	-2.189519e-02	2.980899e-02	-9.884621e-03	3.882766e-03	2.066035e-01	2.716039e-01	-1.907497e-01	1.083591e-01	-8.973349e-01	1.000000e+00	1.079575e-02	-1.236080e-02	1.754393e-02	-1.266461e-01	2.235325e-01	
7.451820e-02	-8.066701e-02	-3.994358e-01	2.772296e-01	-1.324495e-02	3.173802e-03	5.488067e-03	7.558285e-02	-7.767221e-02	1.625291e-01	-2.166864e-01	2.807761e-01	4.101105e-02	-1.137265e-01	1.681293e-01	2.098075e-01	-2.215979e-01	2.267666e-01	-9.304826e-02	1.079575e-02	1.000000e+00	-9.823437e-01	9.120167e-01	-7.509245e-01	5.830073e-01	
-6.629048e-02	8.694292e-02	5.231480e-01	-3.697723e-01	1.720837e-02	-6.956111e-03	-1.812754e-03	-8.076386e-02	8.130440e-02	-2.098642e-01	2.819795e-01	-3.680174e-01	-4.624335e-02	1.371540e-01	-2.262557e-01	-2.501899e-01	2.677578e-01	-2.767782e-01	1.109519e-01	-1.236080e-02	-9.823437e-01	1.000000e+00	-9.718716e-01	6.942156e-01	-5.159877e-01	
3.676572e-02	-8.224660e-02	-6.652086e-01	4.773152e-01	-2.166827e-02	1.167852e-02	-3.158816e-03	8.227980e-02	-8.053905e-02	2.650852e-01	-3.582451e-01	4.703670e-01	5.024411e-02	-1.622431e-01	3.003741e-01	2.852135e-01	-3.086698e-01	3.219541e-01	-1.288603e-01	1.754393e-02	9.120167e-01	-9.718716e-01	1.000000e+00	-5.756907e-01	3.929369e-01	
8.971374e-02	-5.874350e-02	-1.227138e-01	8.167722e-02	4.244816e-02	-3.475910e-02	2.495649e-02	-4.886090e-02	4.378694e-02	3.106552e-02	-4.646942e-02	6.327780e-02	2.012121e-02	-1.911191e-02	7.981689e-02	-3.763152e-02	3.157624e-02	-2.867892e-02	1.215139e-01	-1.266461e-01	-7.509245e-01	6.942156e-01	-5.756907e-01	1.000000e+00	-9.623233e-01	
-8.576634e-02	4.752448e-02	2.661978e-01	-1.899724e-01	-3.604272e-02	2.801184e-02	-1.745905e-02	3.241185e-02	-3.239295e-02	-9.772484e-02	1.329305e-01	-1.730924e-01	-2.050286e-02	4.485276e-02	-1.324723e-01	-4.476916e-03	1.998177e-02	-2.922805e-02	-1.770742e-01	2.235325e-01	5.830073e-01	-5.159877e-01	3.929369e-01	-9.623233e-01	1.000000e+00	

Time taken for mcmc chain: 20.900000 minutes
