Number of steps: 4325941
Number of accepted steps: 1000000
Burn-in number of steps: 320000
Accepted fraction of steps: 0.231164
Convergence Status
R[0]= 1.001013	R[1]= 1.000831	R[2]= 1.017811	R[3]= 1.014572	R[4]= 1.001410	R[5]= 1.001566	R[6]= 1.001796	R[7]= 1.000897	R[8]= 1.000385	R[9]= 1.005087	R[10]= 1.007159	R[11]= 1.010181	R[12]= 1.000095	R[13]= 1.000538	R[14]= 1.022453	R[15]= 1.001519	R[16]= 1.002231	R[17]= 1.002942	R[18]= 1.000714	R[19]= 1.001573	R[20]= 1.001747	R[21]= 1.002877	R[22]= 1.005080	R[23]= 1.001631	R[24]= 1.002829	
<R>= 1.004357

Mean parameters
A[0]= 8.966470e-01 pm 3.359468e-02
A[1]= 1.003048e+00 pm 2.864970e-02
A[2]= 6.029927e-01 pm 3.662666e-01
A[3]= 3.535941e+00 pm 1.152716e+00
A[4]= -2.592849e+03 pm 3.553447e+03
A[5]= 1.213372e+03 pm 2.318844e+03
A[6]= 1.176664e+02 pm 5.357231e+02
A[7]= 1.241538e+01 pm 1.226516e+01
A[8]= -2.181273e-01 pm 1.795353e-01
A[9]= -2.187884e+03 pm 7.647661e+03
A[10]= 7.251265e+02 pm 4.508429e+03
A[11]= -2.604084e+02 pm 9.209967e+02
A[12]= 8.555745e+00 pm 4.475573e+01
A[13]= -2.704368e-01 pm 8.684930e-01
A[14]= 5.342135e+00 pm 1.579721e+00
A[15]= -9.732652e+03 pm 4.992348e+03
A[16]= 6.411023e+03 pm 3.281162e+03
A[17]= -1.118859e+03 pm 7.622907e+02
A[18]= 1.358076e+01 pm 1.813688e+01
A[19]= -1.238912e-02 pm 2.575983e-01
A[20]= -2.508428e+03 pm 1.085985e+04
A[21]= 1.192654e+03 pm 6.548730e+03
A[22]= -5.695912e+02 pm 1.373272e+03
A[23]= 1.867163e+00 pm 6.291405e+01
A[24]= -3.010846e-01 pm 1.234755e+00

Best-fitting parameters
A[0]= 9.019819e-01
A[1]= 1.005601e+00
A[2]= 7.113226e-01
A[3]= 3.386002e+00
A[4]= -3.250838e+03
A[5]= 1.698736e+03
A[6]= -1.015867e+01
A[7]= 1.274309e+01
A[8]= -1.968456e-01
A[9]= -5.335890e+03
A[10]= 2.582213e+03
A[11]= -6.590493e+02
A[12]= 1.081995e+01
A[13]= -1.937870e-01
A[14]= 4.277853e+00
A[15]= -8.223560e+03
A[16]= 5.172347e+03
A[17]= -7.689145e+02
A[18]= 1.171514e+01
A[19]= 1.408726e-02
A[20]= -2.299382e+03
A[21]= 1.491443e+03
A[22]= -6.925126e+02
A[23]= -3.770724e+00
A[24]= 6.607482e-02
chi2_min= 9.904449e+01


Cross-Covariance parameters
1.000000e+00	-5.367806e-01	-1.333072e-01	3.445409e-02	7.369525e-02	-7.173153e-02	6.177241e-02	2.574268e-02	-3.157007e-02	6.720187e-03	1.203253e-02	-5.324154e-02	9.809375e-02	-6.091463e-02	5.063202e-02	7.873301e-02	-7.508755e-02	6.346481e-02	1.701425e-02	-2.017811e-02	-1.743936e-02	3.427862e-02	-7.322035e-02	1.398176e-01	-9.718536e-02	
-5.367806e-01	1.000000e+00	1.816232e-01	-1.965561e-01	-1.812402e-02	1.520290e-02	-1.935547e-02	1.354374e-01	-1.236917e-01	2.964820e-02	-3.766477e-02	5.664332e-02	-1.079504e-01	4.913505e-02	-2.054760e-01	-6.004229e-02	5.994932e-02	-6.547828e-02	1.807976e-01	-1.533793e-01	-1.701256e-04	-6.526185e-03	2.791829e-02	-1.093515e-01	7.024477e-02	
-1.333072e-01	1.816232e-01	1.000000e+00	-6.600037e-01	-1.555603e-02	1.589518e-02	-9.939189e-03	-8.588956e-03	-6.295160e-03	-3.285076e-01	4.442873e-01	-5.848829e-01	-1.539292e-01	2.577871e-01	-6.192760e-01	-1.449570e-01	1.598081e-01	-1.647463e-01	-1.771082e-02	6.530831e-02	-4.100249e-01	5.208462e-01	-6.497812e-01	-1.969670e-01	3.306136e-01	
3.445409e-02	-1.965561e-01	-6.600037e-01	1.000000e+00	-5.544074e-01	6.173753e-01	-6.633770e-01	3.549427e-02	2.448791e-01	1.148120e-01	-1.670119e-01	2.385953e-01	4.297316e-02	-4.451204e-02	4.399475e-01	8.761027e-02	-9.550915e-02	9.913435e-02	-1.365616e-02	-1.769436e-02	2.755142e-01	-3.476571e-01	4.320253e-01	1.260310e-01	-2.162675e-01	
7.369525e-02	-1.812402e-02	-1.555603e-02	-5.544074e-01	1.000000e+00	-9.843596e-01	9.416457e-01	-5.530124e-01	1.629577e-01	9.018333e-02	-1.266112e-01	1.640489e-01	9.236585e-02	-9.568802e-02	-5.111209e-03	1.876327e-02	-2.152325e-02	2.284314e-02	1.205730e-02	-1.973721e-02	6.443062e-03	-8.507826e-03	9.382026e-03	1.206200e-02	-1.189306e-02	
-7.173153e-02	1.520290e-02	1.589518e-02	6.173753e-01	-9.843596e-01	1.000000e+00	-9.857564e-01	4.821944e-01	-8.027285e-02	-1.008765e-01	1.411621e-01	-1.826907e-01	-1.052581e-01	1.251270e-01	4.605027e-03	-1.844684e-02	2.144206e-02	-2.300141e-02	-1.189103e-02	1.950672e-02	-7.358407e-03	9.808304e-03	-1.111675e-02	-1.087478e-02	1.077009e-02	
6.177241e-02	-1.935547e-02	-9.939189e-03	-6.633770e-01	9.416457e-01	-9.857564e-01	1.000000e+00	-4.055468e-01	6.875422e-03	1.099902e-01	-1.519460e-01	1.950761e-01	1.076608e-01	-1.398890e-01	-5.316979e-03	1.602104e-02	-1.909346e-02	2.103844e-02	7.907569e-03	-1.523906e-02	4.670873e-03	-6.811815e-03	7.884174e-03	8.386932e-03	-7.162885e-03	
2.574268e-02	1.354374e-01	-8.588956e-03	3.549427e-02	-5.530124e-01	4.821944e-01	-4.055468e-01	1.000000e+00	-8.940903e-01	1.271444e-01	-1.122147e-01	8.365984e-02	-5.217205e-02	-1.293165e-01	-1.902248e-02	6.218966e-03	-5.471770e-03	2.087645e-03	3.035470e-02	-2.676835e-02	1.130115e-02	-1.405458e-02	1.692194e-02	-5.227096e-03	-8.731839e-04	
-3.157007e-02	-1.236917e-01	-6.295160e-03	2.448791e-01	1.629577e-01	-8.027285e-02	6.875422e-03	-8.940903e-01	1.000000e+00	-1.924853e-01	1.916926e-01	-1.743594e-01	3.061471e-02	1.963238e-01	3.257731e-02	-1.425688e-02	1.482155e-02	-1.277261e-02	-2.554252e-02	2.631217e-02	-9.653466e-03	1.150678e-02	-1.290830e-02	8.979403e-03	-4.776835e-03	
6.720187e-03	2.964820e-02	-3.285076e-01	1.148120e-01	9.018333e-02	-1.008765e-01	1.099902e-01	1.271444e-01	-1.924853e-01	1.000000e+00	-9.835894e-01	9.166569e-01	-7.529967e-01	5.702462e-01	2.015047e-01	4.785846e-02	-5.319473e-02	5.426244e-02	2.831546e-02	-4.554526e-02	1.572650e-01	-1.968626e-01	2.433564e-01	4.818408e-02	-1.012387e-01	
1.203253e-02	-3.766477e-02	4.442873e-01	-1.670119e-01	-1.266112e-01	1.411621e-01	-1.519460e-01	-1.122147e-01	1.916926e-01	-9.835894e-01	1.000000e+00	-9.729251e-01	7.085031e-01	-5.200699e-01	-2.731127e-01	-6.244835e-02	6.980868e-02	-7.184435e-02	-3.268538e-02	5.508820e-02	-2.074309e-01	2.612080e-01	-3.249726e-01	-6.751609e-02	1.386256e-01	
-5.324154e-02	5.664332e-02	-5.848829e-01	2.385953e-01	1.640489e-01	-1.826907e-01	1.950761e-01	8.365984e-02	-1.743594e-01	9.166569e-01	-9.729251e-01	1.000000e+00	-6.055098e-01	4.193755e-01	3.603023e-01	7.979226e-02	-8.959358e-02	9.292735e-02	3.728981e-02	-6.636312e-02	2.696137e-01	-3.411524e-01	4.268928e-01	8.930528e-02	-1.834851e-01	
9.809375e-02	-1.079504e-01	-1.539292e-01	4.297316e-02	9.236585e-02	-1.052581e-01	1.076608e-01	-5.217205e-02	3.061471e-02	-7.529967e-01	7.085031e-01	-6.055098e-01	1.000000e+00	-9.470104e-01	9.413264e-02	3.146207e-02	-3.477541e-02	3.644245e-02	-5.676883e-03	-4.498884e-03	5.187533e-02	-6.735606e-02	8.339820e-02	4.497091e-02	-5.928353e-02	
-6.091463e-02	4.913505e-02	2.577871e-01	-4.451204e-02	-9.568802e-02	1.251270e-01	-1.398890e-01	-1.293165e-01	1.963238e-01	5.702462e-01	-5.200699e-01	4.193755e-01	-9.470104e-01	1.000000e+00	-1.497293e-01	-4.867562e-02	5.489642e-02	-5.775009e-02	-1.011653e-02	2.702612e-02	-1.083228e-01	1.384282e-01	-1.723514e-01	-5.374551e-02	8.914224e-02	
5.063202e-02	-2.054760e-01	-6.192760e-01	4.399475e-01	-5.111209e-03	4.605027e-03	-5.316979e-03	-1.902248e-02	3.257731e-02	2.015047e-01	-2.731127e-01	3.603023e-01	9.413264e-02	-1.497293e-01	1.000000e+00	-4.846363e-01	5.405997e-01	-5.817770e-01	-3.131982e-02	2.602513e-01	1.345256e-01	-1.819590e-01	2.452984e-01	5.892072e-02	-8.800603e-02	
7.873301e-02	-6.004229e-02	-1.449570e-01	8.761027e-02	1.876327e-02	-1.844684e-02	1.602104e-02	6.218966e-03	-1.425688e-02	4.785846e-02	-6.244835e-02	7.979226e-02	3.146207e-02	-4.867562e-02	-4.846363e-01	1.000000e+00	-9.846171e-01	9.425286e-01	-4.918628e-01	1.260321e-01	2.026354e-01	-2.434028e-01	2.805329e-01	7.540995e-02	-1.158827e-01	
-7.508755e-02	5.994932e-02	1.598081e-01	-9.550915e-02	-2.152325e-02	2.144206e-02	-1.909346e-02	-5.471770e-03	1.482155e-02	-5.319473e-02	6.980868e-02	-8.959358e-02	-3.477541e-02	5.489642e-02	5.405997e-01	-9.846171e-01	1.000000e+00	-9.859384e-01	4.138616e-01	-3.700759e-02	-2.186385e-01	2.642924e-01	-3.065965e-01	-9.325223e-02	1.463703e-01	
6.346481e-02	-6.547828e-02	-1.647463e-01	9.913435e-02	2.284314e-02	-2.300141e-02	2.103844e-02	2.087645e-03	-1.277261e-02	5.426244e-02	-7.184435e-02	9.292735e-02	3.644245e-02	-5.775009e-02	-5.817770e-01	9.425286e-01	-9.859384e-01	1.000000e+00	-3.317523e-01	-4.261613e-02	2.259973e-01	-2.748461e-01	3.208241e-01	1.041254e-01	-1.657651e-01	
1.701425e-02	1.807976e-01	-1.771082e-02	-1.365616e-02	1.205730e-02	-1.189103e-02	7.907569e-03	3.035470e-02	-2.554252e-02	2.831546e-02	-3.268538e-02	3.728981e-02	-5.676883e-03	-1.011653e-02	-3.131982e-02	-4.918628e-01	4.138616e-01	-3.317523e-01	1.000000e+00	-9.108089e-01	1.731482e-02	-1.659747e-02	1.547912e-02	7.120935e-02	-1.617579e-01	
-2.017811e-02	-1.533793e-01	6.530831e-02	-1.769436e-02	-1.973721e-02	1.950672e-02	-1.523906e-02	-2.676835e-02	2.631217e-02	-4.554526e-02	5.508820e-02	-6.636312e-02	-4.498884e-03	2.702612e-02	2.602513e-01	1.260321e-01	-3.700759e-02	-4.261613e-02	-9.108089e-01	1.000000e+00	-1.041915e-01	1.197183e-01	-1.324108e-01	-1.101525e-01	2.381979e-01	
-1.743936e-02	-1.701256e-04	-4.100249e-01	2.755142e-01	6.443062e-03	-7.358407e-03	4.670873e-03	1.130115e-02	-9.653466e-03	1.572650e-01	-2.074309e-01	2.696137e-01	5.187533e-02	-1.083228e-01	1.345256e-01	2.026354e-01	-2.186385e-01	2.259973e-01	1.731482e-02	-1.041915e-01	1.000000e+00	-9.846048e-01	9.228524e-01	-6.872989e-01	5.105670e-01	
3.427862e-02	-6.526185e-03	5.208462e-01	-3.476571e-01	-8.507826e-03	9.808304e-03	-6.811815e-03	-1.405458e-02	1.150678e-02	-1.968626e-01	2.612080e-01	-3.411524e-01	-6.735606e-02	1.384282e-01	-1.819590e-01	-2.434028e-01	2.642924e-01	-2.748461e-01	-1.659747e-02	1.197183e-01	-9.846048e-01	1.000000e+00	-9.751822e-01	6.281338e-01	-4.433744e-01	
-7.322035e-02	2.791829e-02	-6.497812e-01	4.320253e-01	9.382026e-03	-1.111675e-02	7.884174e-03	1.692194e-02	-1.290830e-02	2.433564e-01	-3.249726e-01	4.268928e-01	8.339820e-02	-1.723514e-01	2.452984e-01	2.805329e-01	-3.065965e-01	3.208241e-01	1.547912e-02	-1.324108e-01	9.228524e-01	-9.751822e-01	1.000000e+00	-5.130905e-01	3.257686e-01	
1.398176e-01	-1.093515e-01	-1.969670e-01	1.260310e-01	1.206200e-02	-1.087478e-02	8.386932e-03	-5.227096e-03	8.979403e-03	4.818408e-02	-6.751609e-02	8.930528e-02	4.497091e-02	-5.374551e-02	5.892072e-02	7.540995e-02	-9.325223e-02	1.041254e-01	7.120935e-02	-1.101525e-01	-6.872989e-01	6.281338e-01	-5.130905e-01	1.000000e+00	-9.623382e-01	
-9.718536e-02	7.024477e-02	3.306136e-01	-2.162675e-01	-1.189306e-02	1.077009e-02	-7.162885e-03	-8.731839e-04	-4.776835e-03	-1.012387e-01	1.386256e-01	-1.834851e-01	-5.928353e-02	8.914224e-02	-8.800603e-02	-1.158827e-01	1.463703e-01	-1.657651e-01	-1.617579e-01	2.381979e-01	5.105670e-01	-4.433744e-01	3.257686e-01	-9.623382e-01	1.000000e+00	

Time taken for mcmc chain: 28.700000 minutes
