Number of steps: 10388855
Number of accepted steps: 1000000
Burn-in number of steps: 320000
Accepted fraction of steps: 0.096257
Convergence Status
R[0]= 1.000767	R[1]= 1.001582	R[2]= 1.017101	R[3]= 1.006556	R[4]= 1.001336	R[5]= 1.001042	R[6]= 1.000855	R[7]= 1.002310	R[8]= 1.001826	R[9]= 1.004533	R[10]= 1.005906	R[11]= 1.007271	R[12]= 1.000684	R[13]= 1.000274	R[14]= 1.003873	R[15]= 1.000351	R[16]= 1.000424	R[17]= 1.000465	R[18]= 1.000453	R[19]= 1.000633	R[20]= 1.000987	R[21]= 1.001962	R[22]= 1.003791	R[23]= 1.001035	R[24]= 1.002180	
<R>= 1.002728

Mean parameters
A[0]= 9.458203e-01 pm 3.241417e-02
A[1]= 1.047090e+00 pm 2.647040e-02
A[2]= 6.109568e-01 pm 4.006268e-01
A[3]= 3.919084e+00 pm 1.168229e+00
A[4]= -4.978042e+03 pm 3.812932e+03
A[5]= 2.607288e+03 pm 2.501957e+03
A[6]= -1.527065e+02 pm 5.864758e+02
A[7]= 1.112661e+01 pm 1.340806e+01
A[8]= -1.448869e-01 pm 1.831209e-01
A[9]= -3.056243e+03 pm 8.694551e+03
A[10]= 1.189107e+03 pm 5.245065e+03
A[11]= -3.482802e+02 pm 1.109892e+03
A[12]= 1.249601e+00 pm 4.865116e+01
A[13]= -1.953396e-02 pm 9.357828e-01
A[14]= 5.503975e+00 pm 1.653328e+00
A[15]= -6.437407e+03 pm 5.238216e+03
A[16]= 5.041851e+03 pm 3.423285e+03
A[17]= -9.671443e+02 pm 8.021272e+02
A[18]= -3.237843e+00 pm 1.978796e+01
A[19]= 2.328716e-01 pm 2.670820e-01
A[20]= 6.064871e+03 pm 1.181836e+04
A[21]= -3.156017e+03 pm 7.145072e+03
A[22]= 1.272783e+02 pm 1.516135e+03
A[23]= -4.805600e+01 pm 6.840196e+01
A[24]= 7.050290e-01 pm 1.328578e+00

Best-fitting parameters
A[0]= 9.472174e-01
A[1]= 1.029284e+00
A[2]= 7.203538e-01
A[3]= 3.628070e+00
A[4]= -5.247159e+03
A[5]= 2.709213e+03
A[6]= -1.611206e+02
A[7]= 1.060297e+01
A[8]= -1.637875e-01
A[9]= 2.949413e+01
A[10]= -6.595953e+01
A[11]= -2.543761e+02
A[12]= -3.229077e+01
A[13]= 7.780664e-01
A[14]= 5.041409e+00
A[15]= -5.321966e+03
A[16]= 4.354012e+03
A[17]= -8.272907e+02
A[18]= -1.073144e+01
A[19]= 2.973335e-01
A[20]= 1.204738e+04
A[21]= -5.899760e+03
A[22]= 3.794221e+02
A[23]= -9.005961e+01
A[24]= 1.526045e+00
chi2_min= 1.008160e+02


Cross-Covariance parameters
1.000000e+00	-5.020322e-01	-1.611266e-01	9.740483e-02	3.165432e-02	-3.108535e-02	2.147178e-02	6.566869e-02	-6.411962e-02	-2.030350e-02	2.713709e-02	-5.008866e-02	1.667518e-01	-1.466607e-01	7.911740e-02	5.261721e-02	-5.397533e-02	4.611363e-02	6.280832e-02	-6.631337e-02	2.322861e-03	4.354665e-03	-3.068442e-02	1.516071e-01	-1.335222e-01	
-5.020322e-01	1.000000e+00	1.712063e-01	-1.770853e-01	-3.050283e-02	3.827727e-02	-5.225110e-02	1.280290e-01	-1.107606e-01	1.009352e-02	-1.301800e-02	2.390107e-02	-1.145738e-01	7.126684e-02	-2.290208e-01	1.356647e-02	-1.342699e-02	6.308732e-03	1.358395e-01	-1.434183e-01	-7.535739e-03	2.371676e-03	1.560018e-02	-7.578425e-02	4.010146e-02	
-1.611266e-01	1.712063e-01	1.000000e+00	-6.861757e-01	-3.606292e-02	4.781448e-02	-5.081468e-02	-5.811448e-02	7.853672e-02	-4.321093e-01	5.463641e-01	-6.763668e-01	-8.234738e-02	2.483382e-01	-6.828036e-01	-5.394709e-02	5.889224e-02	-5.540703e-02	-3.130285e-02	4.175542e-02	-4.005011e-01	5.164004e-01	-6.526757e-01	-1.281599e-01	2.684415e-01	
9.740483e-02	-1.770853e-01	-6.861757e-01	1.000000e+00	-5.179047e-01	5.675572e-01	-6.049316e-01	1.831451e-01	8.297437e-02	2.166983e-01	-2.747335e-01	3.454969e-01	1.606655e-02	-8.114271e-02	5.015483e-01	3.173000e-02	-3.301805e-02	2.979461e-02	5.967125e-03	-1.092693e-02	2.790324e-01	-3.599076e-01	4.552140e-01	8.710236e-02	-1.845193e-01	
3.165432e-02	-3.050283e-02	-3.606292e-02	-5.179047e-01	1.000000e+00	-9.847713e-01	9.419257e-01	-6.658363e-01	2.800155e-01	7.205973e-02	-1.109291e-01	1.541680e-01	1.007935e-01	-9.756797e-02	1.844838e-02	1.988338e-02	-2.286172e-02	2.538506e-02	-5.069228e-03	-2.126165e-03	3.806928e-02	-4.087505e-02	4.231420e-02	-1.452984e-03	-6.527268e-03	
-3.108535e-02	3.827727e-02	4.781448e-02	5.675572e-01	-9.847713e-01	1.000000e+00	-9.854680e-01	6.148991e-01	-2.118685e-01	-8.714706e-02	1.307094e-01	-1.791121e-01	-1.082169e-01	1.192048e-01	-2.773461e-02	-2.051594e-02	2.376622e-02	-2.650127e-02	6.807834e-03	6.627969e-04	-3.997921e-02	4.464484e-02	-4.834322e-02	-2.745975e-03	1.215712e-02	
2.147178e-02	-5.225110e-02	-5.081468e-02	-6.049316e-01	9.419257e-01	-9.854680e-01	1.000000e+00	-5.514485e-01	1.470183e-01	1.024339e-01	-1.482126e-01	1.987812e-01	1.026466e-01	-1.241394e-01	3.348084e-02	1.899660e-02	-2.238905e-02	2.555992e-02	-1.193029e-02	4.740331e-03	3.807041e-02	-4.354876e-02	4.842894e-02	4.263710e-03	-1.332311e-02	
6.566869e-02	1.280290e-01	-5.811448e-02	1.831451e-01	-6.658363e-01	6.148991e-01	-5.514485e-01	1.000000e+00	-8.826903e-01	1.092421e-01	-9.189295e-02	6.112695e-02	-6.805085e-02	-9.390920e-02	9.313198e-03	2.133491e-03	-3.273835e-03	4.784720e-04	4.849521e-02	-4.632874e-02	5.423621e-03	-1.382160e-02	2.450222e-02	2.767053e-02	-3.791399e-02	
-6.411962e-02	-1.107606e-01	7.853672e-02	8.297437e-02	2.800155e-01	-2.118685e-01	1.470183e-01	-8.826903e-01	1.000000e+00	-1.765353e-01	1.763427e-01	-1.613343e-01	3.397748e-02	1.836749e-01	-2.132395e-02	-8.092614e-03	1.092358e-02	-9.747342e-03	-4.337459e-02	4.367838e-02	-2.006899e-02	3.040012e-02	-4.300384e-02	-2.821303e-02	4.199745e-02	
-2.030350e-02	1.009352e-02	-4.321093e-01	2.166983e-01	7.205973e-02	-8.714706e-02	1.024339e-01	1.092421e-01	-1.765353e-01	1.000000e+00	-9.836995e-01	9.185505e-01	-7.531809e-01	5.501206e-01	2.856088e-01	2.800514e-02	-3.344584e-02	3.427840e-02	1.926687e-02	-3.033665e-02	1.892957e-01	-2.429893e-01	3.081036e-01	4.079802e-02	-1.101979e-01	
2.713709e-02	-1.301800e-02	5.463641e-01	-2.747335e-01	-1.109291e-01	1.307094e-01	-1.482126e-01	-9.189295e-02	1.763427e-01	-9.836995e-01	1.000000e+00	-9.739252e-01	7.015651e-01	-4.895250e-01	-3.672923e-01	-3.295055e-02	3.871455e-02	-3.899855e-02	-2.340590e-02	3.506711e-02	-2.387343e-01	3.067662e-01	-3.892174e-01	-5.352257e-02	1.415070e-01	
-5.008866e-02	2.390107e-02	-6.763668e-01	3.454969e-01	1.541680e-01	-1.791121e-01	1.987812e-01	6.112695e-02	-1.613343e-01	9.185505e-01	-9.739252e-01	1.000000e+00	-5.914413e-01	3.777887e-01	4.610105e-01	3.940561e-02	-4.541546e-02	4.510851e-02	2.580305e-02	-3.824683e-02	2.966778e-01	-3.816336e-01	4.847778e-01	6.582326e-02	-1.756937e-01	
1.667518e-01	-1.145738e-01	-8.234738e-02	1.606655e-02	1.007935e-01	-1.082169e-01	1.026466e-01	-6.805085e-02	3.397748e-02	-7.531809e-01	7.015651e-01	-5.914413e-01	1.000000e+00	-9.426353e-01	6.113573e-02	1.792028e-02	-1.697422e-02	1.531762e-02	1.796752e-03	-1.833391e-03	2.538739e-02	-3.208040e-02	3.640362e-02	3.427894e-02	-3.926071e-02	
-1.466607e-01	7.126684e-02	2.483382e-01	-8.114271e-02	-9.756797e-02	1.192048e-01	-1.241394e-01	-9.390920e-02	1.836749e-01	5.501206e-01	-4.895250e-01	3.777887e-01	-9.426353e-01	1.000000e+00	-1.663010e-01	-2.839092e-02	2.942651e-02	-2.763453e-02	-1.779791e-02	2.150860e-02	-9.811503e-02	1.260197e-01	-1.565430e-01	-5.208350e-02	8.604003e-02	
7.911740e-02	-2.290208e-01	-6.828036e-01	5.015483e-01	1.844838e-02	-2.773461e-02	3.348084e-02	9.313198e-03	-2.132395e-02	2.856088e-01	-3.672923e-01	4.610105e-01	6.113573e-02	-1.663010e-01	1.000000e+00	-4.776012e-01	5.432613e-01	-5.942566e-01	6.678648e-02	1.787069e-01	1.860444e-01	-2.432534e-01	3.177288e-01	3.921354e-02	-8.861246e-02	
5.261721e-02	1.356647e-02	-5.394709e-02	3.173000e-02	1.988338e-02	-2.051594e-02	1.899660e-02	2.133491e-03	-8.092614e-03	2.800514e-02	-3.295055e-02	3.940561e-02	1.792028e-02	-2.839092e-02	-4.776012e-01	1.000000e+00	-9.824999e-01	9.325353e-01	-6.184643e-01	2.688657e-01	1.643581e-01	-1.986079e-01	2.286137e-01	2.327146e-02	-5.326993e-02	
-5.397533e-02	-1.342699e-02	5.889224e-02	-3.301805e-02	-2.286172e-02	2.376622e-02	-2.238905e-02	-3.273835e-03	1.092358e-02	-3.344584e-02	3.871455e-02	-4.541546e-02	-1.697422e-02	2.942651e-02	5.432613e-01	-9.824999e-01	1.000000e+00	-9.829689e-01	5.476817e-01	-1.798564e-01	-1.735057e-01	2.132710e-01	-2.491656e-01	-3.918938e-02	8.031499e-02	
4.611363e-02	6.308732e-03	-5.540703e-02	2.979461e-02	2.538506e-02	-2.650127e-02	2.555992e-02	4.784720e-04	-9.747342e-03	3.427840e-02	-3.899855e-02	4.510851e-02	1.531762e-02	-2.763453e-02	-5.942566e-01	9.325353e-01	-9.829689e-01	1.000000e+00	-4.621508e-01	9.118668e-02	1.755978e-01	-2.188503e-01	2.587750e-01	4.925622e-02	-9.791027e-02	
6.280832e-02	1.358395e-01	-3.130285e-02	5.967125e-03	-5.069228e-03	6.807834e-03	-1.193029e-02	4.849521e-02	-4.337459e-02	1.926687e-02	-2.340590e-02	2.580305e-02	1.796752e-03	-1.779791e-02	6.678648e-02	-6.184643e-01	5.476817e-01	-4.621508e-01	1.000000e+00	-9.080179e-01	-2.532057e-02	2.979491e-02	-3.405923e-02	8.816677e-02	-1.667971e-01	
-6.631337e-02	-1.434183e-01	4.175542e-02	-1.092693e-02	-2.126165e-03	6.627969e-04	4.740331e-03	-4.632874e-02	4.367838e-02	-3.033665e-02	3.506711e-02	-3.824683e-02	-1.833391e-03	2.150860e-02	1.787069e-01	2.688657e-01	-1.798564e-01	9.118668e-02	-9.080179e-01	1.000000e+00	-4.253267e-02	5.278674e-02	-6.038553e-02	-1.143444e-01	2.307903e-01	
2.322861e-03	-7.535739e-03	-4.005011e-01	2.790324e-01	3.806928e-02	-3.997921e-02	3.807041e-02	5.423621e-03	-2.006899e-02	1.892957e-01	-2.387343e-01	2.966778e-01	2.538739e-02	-9.811503e-02	1.860444e-01	1.643581e-01	-1.735057e-01	1.755978e-01	-2.532057e-02	-4.253267e-02	1.000000e+00	-9.836209e-01	9.170988e-01	-7.412853e-01	5.750420e-01	
4.354665e-03	2.371676e-03	5.164004e-01	-3.599076e-01	-4.087505e-02	4.464484e-02	-4.354876e-02	-1.382160e-02	3.040012e-02	-2.429893e-01	3.067662e-01	-3.816336e-01	-3.208040e-02	1.260197e-01	-2.432534e-01	-1.986079e-01	2.132710e-01	-2.188503e-01	2.979491e-02	5.278674e-02	-9.836209e-01	1.000000e+00	-9.731314e-01	6.857389e-01	-5.090892e-01	
-3.068442e-02	1.560018e-02	-6.526757e-01	4.552140e-01	4.231420e-02	-4.834322e-02	4.842894e-02	2.450222e-02	-4.300384e-02	3.081036e-01	-3.892174e-01	4.847778e-01	3.640362e-02	-1.565430e-01	3.177288e-01	2.286137e-01	-2.491656e-01	2.587750e-01	-3.405923e-02	-6.038553e-02	9.170988e-01	-9.731314e-01	1.000000e+00	-5.701210e-01	3.884280e-01	
1.516071e-01	-7.578425e-02	-1.281599e-01	8.710236e-02	-1.452984e-03	-2.745975e-03	4.263710e-03	2.767053e-02	-2.821303e-02	4.079802e-02	-5.352257e-02	6.582326e-02	3.427894e-02	-5.208350e-02	3.921354e-02	2.327146e-02	-3.918938e-02	4.925622e-02	8.816677e-02	-1.143444e-01	-7.412853e-01	6.857389e-01	-5.701210e-01	1.000000e+00	-9.629625e-01	
-1.335222e-01	4.010146e-02	2.684415e-01	-1.845193e-01	-6.527268e-03	1.215712e-02	-1.332311e-02	-3.791399e-02	4.199745e-02	-1.101979e-01	1.415070e-01	-1.756937e-01	-3.926071e-02	8.604003e-02	-8.861246e-02	-5.326993e-02	8.031499e-02	-9.791027e-02	-1.667971e-01	2.307903e-01	5.750420e-01	-5.090892e-01	3.884280e-01	-9.629625e-01	1.000000e+00	

Time taken for mcmc chain: 1.144167 hours
