Number of steps: 1199418
Number of accepted steps: 1000000
Burn-in number of steps: 320000
Accepted fraction of steps: 0.833738
Convergence Status
R[0]= 1.092659	R[1]= 1.016992	R[2]= 1.105291	R[3]= 1.067027	R[4]= 1.045582	R[5]= 1.087038	R[6]= 1.126748	R[7]= 1.044599	R[8]= 1.026317	R[9]= 1.109605	R[10]= 1.127928	R[11]= 1.153936	R[12]= 1.124379	R[13]= 1.128449	R[14]= 1.145821	R[15]= 1.047276	R[16]= 1.040944	R[17]= 1.044506	R[18]= 1.012851	R[19]= 1.019507	R[20]= 1.025908	R[21]= 1.031455	R[22]= 1.041784	R[23]= 1.056753	R[24]= 1.060519	
<R>= 1.071355

Mean parameters
A[0]= 8.976400e-01 pm 3.385830e-02
A[1]= 1.001972e+00 pm 2.678331e-02
A[2]= 3.048767e-01 pm 2.088382e-01
A[3]= 4.628229e+00 pm 1.030992e+00
A[4]= -3.518142e+03 pm 3.086441e+03
A[5]= 1.981870e+03 pm 2.010917e+03
A[6]= -1.032607e+02 pm 4.697515e+02
A[7]= 1.039766e+01 pm 1.194904e+01
A[8]= -1.530785e-01 pm 1.798841e-01
A[9]= -1.890130e+03 pm 7.334495e+03
A[10]= 6.732575e+01 pm 4.028121e+03
A[11]= 2.050764e+00 pm 7.452178e+02
A[12]= 1.992393e+01 pm 4.149056e+01
A[13]= -4.832637e-01 pm 8.191292e-01
A[14]= 5.951162e+00 pm 1.469693e+00
A[15]= -8.035177e+03 pm 4.670335e+03
A[16]= 5.403912e+03 pm 2.990915e+03
A[17]= -9.270633e+02 pm 6.842858e+02
A[18]= 1.456701e+01 pm 1.808423e+01
A[19]= -5.206771e-02 pm 2.600557e-01
A[20]= 1.142380e+03 pm 9.579817e+03
A[21]= -1.406987e+03 pm 5.439860e+03
A[22]= 9.261912e+01 pm 1.052953e+03
A[23]= 2.193468e+01 pm 5.797649e+01
A[24]= -8.934020e-01 pm 1.078970e+00

Best-fitting parameters
A[0]= 8.929117e-01
A[1]= 9.936692e-01
A[2]= 4.766358e-01
A[3]= 4.879503e+00
A[4]= -5.803483e+03
A[5]= 3.583390e+03
A[6]= -4.826758e+02
A[7]= 7.090513e+00
A[8]= -4.818800e-02
A[9]= -9.350154e+03
A[10]= 4.417852e+03
A[11]= -8.610654e+02
A[12]= 2.808560e+01
A[13]= -2.853897e-01
A[14]= 5.625940e+00
A[15]= -1.316069e+04
A[16]= 8.228358e+03
A[17]= -1.448602e+03
A[18]= 3.397497e+01
A[19]= -2.378479e-01
A[20]= 6.079659e+01
A[21]= 3.130881e+02
A[22]= -5.235462e+02
A[23]= 3.306706e+01
A[24]= -1.252410e+00
chi2_min= 1.113424e+02


Cross-Covariance parameters
1.000000e+00	-2.111956e-01	-2.385944e-01	-7.310613e-02	9.837184e-02	-1.251196e-01	1.295033e-01	1.496664e-01	-1.808715e-01	1.596058e-01	-1.421287e-01	8.258316e-02	3.470383e-02	-7.153668e-02	4.067237e-02	1.914563e-01	-1.671404e-01	1.162782e-01	-6.522229e-02	3.363437e-02	-2.521886e-02	3.194356e-02	-5.702099e-02	1.555411e-01	-1.249322e-01	
-2.111956e-01	1.000000e+00	1.295931e-01	-5.338787e-01	2.666850e-01	-3.079108e-01	3.258080e-01	1.874852e-01	-2.828023e-01	1.401179e-01	-1.630381e-01	2.018406e-01	-1.503826e-01	3.968238e-02	-3.883028e-01	9.345919e-02	-1.181562e-01	1.256264e-01	3.135709e-01	-3.421594e-01	2.593344e-02	-5.480090e-02	1.025795e-01	-1.014540e-01	6.035973e-02	
-2.385944e-01	1.295931e-01	1.000000e+00	-3.955182e-01	-2.494922e-01	2.455815e-01	-2.289090e-01	3.292285e-02	5.292501e-02	-2.505861e-01	3.367231e-01	-4.732094e-01	-2.952264e-01	4.143098e-01	-3.903511e-01	-2.043363e-01	2.119788e-01	-2.099030e-01	1.908167e-01	-1.281429e-01	-2.138353e-01	3.378583e-01	-4.989262e-01	-1.053221e-01	1.825020e-01	
-7.310613e-02	-5.338787e-01	-3.955182e-01	1.000000e+00	-5.213941e-01	6.269728e-01	-6.995823e-01	-1.450049e-01	3.806243e-01	-5.019591e-02	3.683880e-02	3.587231e-03	1.130888e-01	-3.129641e-02	3.640164e-01	4.278583e-02	-1.737915e-02	6.392939e-03	-3.188981e-01	3.083961e-01	-4.611710e-02	1.015232e-02	4.426852e-02	1.406631e-01	-1.254784e-01	
9.837184e-02	2.666850e-01	-2.494922e-01	-5.213941e-01	1.000000e+00	-9.789251e-01	9.261474e-01	-4.832283e-01	1.512763e-01	4.860433e-02	-9.722344e-02	1.722925e-01	1.563587e-01	-1.767583e-01	-1.226384e-01	9.010021e-02	-1.435428e-01	1.838838e-01	1.507003e-01	-1.972218e-01	2.257529e-01	-2.675404e-01	3.073049e-01	-7.555532e-02	6.313176e-03	
-1.251196e-01	-3.079108e-01	2.455815e-01	6.269728e-01	-9.789251e-01	1.000000e+00	-9.830519e-01	3.914862e-01	-4.565881e-02	-8.617214e-02	1.351997e-01	-2.070868e-01	-1.417341e-01	1.881126e-01	1.122127e-01	-7.097737e-02	1.223938e-01	-1.586091e-01	-1.718512e-01	2.099625e-01	-2.345698e-01	2.762311e-01	-3.165994e-01	9.066922e-02	-1.885771e-02	
1.295033e-01	3.258080e-01	-2.289090e-01	-6.995823e-01	9.261474e-01	-9.830519e-01	1.000000e+00	-3.019603e-01	-4.186380e-02	1.115148e-01	-1.602863e-01	2.285829e-01	1.217278e-01	-1.856508e-01	-9.355750e-02	4.619057e-02	-9.296526e-02	1.241280e-01	1.849704e-01	-2.122075e-01	2.356423e-01	-2.755523e-01	3.146894e-01	-1.050267e-01	3.355992e-02	
1.496664e-01	1.874852e-01	3.292285e-02	-1.450049e-01	-4.832283e-01	3.914862e-01	-3.019603e-01	1.000000e+00	-9.230853e-01	2.004099e-01	-1.754901e-01	1.169066e-01	-5.577988e-02	-1.665656e-01	-9.609459e-02	9.209917e-02	-7.261332e-02	4.179600e-02	3.829530e-02	-6.429881e-02	-1.145825e-01	1.154034e-01	-1.082571e-01	7.994961e-02	-7.063951e-02	
-1.808715e-01	-2.828023e-01	5.292501e-02	3.806243e-01	1.512763e-01	-4.565881e-02	-4.186380e-02	-9.230853e-01	1.000000e+00	-2.630100e-01	2.535213e-01	-2.143670e-01	2.240466e-02	2.478612e-01	1.417552e-01	-1.254866e-01	1.265213e-01	-1.108545e-01	-8.053220e-02	1.255875e-01	3.151548e-02	-1.850168e-02	-3.048272e-03	-5.142433e-02	6.630997e-02	
1.596058e-01	1.401179e-01	-2.505861e-01	-5.019591e-02	4.860433e-02	-8.617214e-02	1.115148e-01	2.004099e-01	-2.630100e-01	1.000000e+00	-9.879108e-01	9.254204e-01	-7.314702e-01	5.069874e-01	3.175563e-02	6.648697e-02	-6.756183e-02	6.491327e-02	4.032503e-02	-6.795622e-02	1.084171e-01	-1.245385e-01	1.584365e-01	-1.873563e-03	-3.206479e-02	
-1.421287e-01	-1.630381e-01	3.367231e-01	3.683880e-02	-9.722344e-02	1.351997e-01	-1.602863e-01	-1.754901e-01	2.535213e-01	-9.879108e-01	1.000000e+00	-9.716411e-01	7.175602e-01	-4.924114e-01	-8.705136e-02	-6.173456e-02	6.160620e-02	-5.757260e-02	-3.303689e-02	5.701951e-02	-1.353594e-01	1.650923e-01	-2.166383e-01	7.746762e-03	3.666743e-02	
8.258316e-02	2.018406e-01	-4.732094e-01	3.587231e-03	1.722925e-01	-2.070868e-01	2.285829e-01	1.169066e-01	-2.143670e-01	9.254204e-01	-9.716411e-01	1.000000e+00	-6.448823e-01	4.306783e-01	1.571836e-01	5.907741e-02	-6.165323e-02	6.016899e-02	2.966425e-02	-5.335263e-02	1.764779e-01	-2.299886e-01	3.123731e-01	-1.568938e-02	-4.653905e-02	
3.470383e-02	-1.503826e-01	-2.952264e-01	1.130888e-01	1.563587e-01	-1.417341e-01	1.217278e-01	-5.577988e-02	2.240466e-02	-7.314702e-01	7.175602e-01	-6.448823e-01	1.000000e+00	-9.348146e-01	3.778004e-02	1.429279e-01	-1.648544e-01	1.782262e-01	-1.212138e-01	6.981907e-02	3.478113e-02	-8.667431e-02	1.394135e-01	6.326368e-02	-8.198972e-02	
-7.153668e-02	3.968238e-02	4.143098e-01	-3.129641e-02	-1.767583e-01	1.881126e-01	-1.856508e-01	-1.665656e-01	2.478612e-01	5.069874e-01	-4.924114e-01	4.306783e-01	-9.348146e-01	1.000000e+00	-1.706927e-02	-2.087146e-01	2.350441e-01	-2.479359e-01	1.226856e-01	-4.655307e-02	-7.469954e-02	1.428269e-01	-2.196907e-01	-6.398956e-02	9.910470e-02	
4.067237e-02	-3.883028e-01	-3.903511e-01	3.640164e-01	-1.226384e-01	1.122127e-01	-9.355750e-02	-9.609459e-02	1.417552e-01	3.175563e-02	-8.705136e-02	1.571836e-01	3.778004e-02	-1.706927e-02	1.000000e+00	-5.560552e-01	6.470054e-01	-7.124629e-01	-1.978070e-01	4.586575e-01	1.626341e-02	-4.717820e-02	9.590452e-02	-2.182915e-02	5.416011e-02	
1.914563e-01	9.345919e-02	-2.043363e-01	4.278583e-02	9.010021e-02	-7.097737e-02	4.619057e-02	9.209917e-02	-1.254866e-01	6.648697e-02	-6.173456e-02	5.907741e-02	1.429279e-01	-2.087146e-01	-5.560552e-01	1.000000e+00	-9.806893e-01	9.256383e-01	-5.190943e-01	1.871560e-01	-4.286158e-02	-6.693434e-03	6.515501e-02	1.601790e-01	-1.482824e-01	
-1.671404e-01	-1.181562e-01	2.119788e-01	-1.737915e-02	-1.435428e-01	1.223938e-01	-9.296526e-02	-7.261332e-02	1.265213e-01	-6.756183e-02	6.160620e-02	-6.165323e-02	-1.648544e-01	2.350441e-01	6.470054e-01	-9.806893e-01	1.000000e+00	-9.810923e-01	4.314761e-01	-8.437079e-02	1.342323e-02	3.755836e-02	-9.659124e-02	-1.670301e-01	1.773061e-01	
1.162782e-01	1.256264e-01	-2.099030e-01	6.392939e-03	1.838838e-01	-1.586091e-01	1.241280e-01	4.179600e-02	-1.108545e-01	6.491327e-02	-5.757260e-02	6.016899e-02	1.782262e-01	-2.479359e-01	-7.124629e-01	9.256383e-01	-9.810923e-01	1.000000e+00	-3.355944e-01	-1.254626e-02	1.870831e-02	-6.869008e-02	1.257778e-01	1.627269e-01	-1.935834e-01	
-6.522229e-02	3.135709e-01	1.908167e-01	-3.188981e-01	1.507003e-01	-1.718512e-01	1.849704e-01	3.829530e-02	-8.053220e-02	4.032503e-02	-3.303689e-02	2.966425e-02	-1.212138e-01	1.226856e-01	-1.978070e-01	-5.190943e-01	4.314761e-01	-3.355944e-01	1.000000e+00	-9.234301e-01	1.165344e-01	-8.593102e-02	4.305686e-02	-9.696744e-02	-2.658855e-03	
3.363437e-02	-3.421594e-01	-1.281429e-01	3.083961e-01	-1.972218e-01	2.099625e-01	-2.122075e-01	-6.429881e-02	1.255875e-01	-6.795622e-02	5.701951e-02	-5.335263e-02	6.981907e-02	-4.655307e-02	4.586575e-01	1.871560e-01	-8.437079e-02	-1.254626e-02	-9.234301e-01	1.000000e+00	-1.414383e-01	1.277447e-01	-1.021948e-01	6.769127e-02	5.082516e-02	
-2.521886e-02	2.593344e-02	-2.138353e-01	-4.611710e-02	2.257529e-01	-2.345698e-01	2.356423e-01	-1.145825e-01	3.151548e-02	1.084171e-01	-1.353594e-01	1.764779e-01	3.478113e-02	-7.469954e-02	1.626341e-02	-4.286158e-02	1.342323e-02	1.870831e-02	1.165344e-01	-1.414383e-01	1.000000e+00	-9.839356e-01	9.116011e-01	-8.474228e-01	7.206341e-01	
3.194356e-02	-5.480090e-02	3.378583e-01	1.015232e-02	-2.675404e-01	2.762311e-01	-2.755523e-01	1.154034e-01	-1.850168e-02	-1.245385e-01	1.650923e-01	-2.299886e-01	-8.667431e-02	1.428269e-01	-4.717820e-02	-6.693434e-03	3.755836e-02	-6.869008e-02	-8.593102e-02	1.277447e-01	-9.839356e-01	1.000000e+00	-9.695432e-01	8.298321e-01	-7.020618e-01	
-5.702099e-02	1.025795e-01	-4.989262e-01	4.426852e-02	3.073049e-01	-3.165994e-01	3.146894e-01	-1.082571e-01	-3.048272e-03	1.584365e-01	-2.166383e-01	3.123731e-01	1.394135e-01	-2.196907e-01	9.590452e-02	6.515501e-02	-9.659124e-02	1.257778e-01	4.305686e-02	-1.021948e-01	9.116011e-01	-9.695432e-01	1.000000e+00	-7.588888e-01	6.366738e-01	
1.555411e-01	-1.014540e-01	-1.053221e-01	1.406631e-01	-7.555532e-02	9.066922e-02	-1.050267e-01	7.994961e-02	-5.142433e-02	-1.873563e-03	7.746762e-03	-1.568938e-02	6.326368e-02	-6.398956e-02	-2.182915e-02	1.601790e-01	-1.670301e-01	1.627269e-01	-9.696744e-02	6.769127e-02	-8.474228e-01	8.298321e-01	-7.588888e-01	1.000000e+00	-9.659468e-01	
-1.249322e-01	6.035973e-02	1.825020e-01	-1.254784e-01	6.313176e-03	-1.885771e-02	3.355992e-02	-7.063951e-02	6.630997e-02	-3.206479e-02	3.666743e-02	-4.653905e-02	-8.198972e-02	9.910470e-02	5.416011e-02	-1.482824e-01	1.773061e-01	-1.935834e-01	-2.658855e-03	5.082516e-02	7.206341e-01	-7.020618e-01	6.366738e-01	-9.659468e-01	1.000000e+00	

Time taken for mcmc chain: 7.633333 minutes
