Number of steps: 4169994
Number of accepted steps: 1000000
Burn-in number of steps: 320000
Accepted fraction of steps: 0.239808
Convergence Status
R[0]= 1.001409	R[1]= 1.006059	R[2]= 1.129457	R[3]= 1.087259	R[4]= 1.015018	R[5]= 1.019524	R[6]= 1.023586	R[7]= 1.000869	R[8]= 1.007242	R[9]= 1.006709	R[10]= 1.010867	R[11]= 1.018356	R[12]= 1.000863	R[13]= 1.001779	R[14]= 1.036880	R[15]= 1.002917	R[16]= 1.003606	R[17]= 1.004109	R[18]= 1.003098	R[19]= 1.005114	R[20]= 1.033337	R[21]= 1.047971	R[22]= 1.067287	R[23]= 1.000728	R[24]= 1.006526	
<R>= 1.021623

Mean parameters
A[0]= 8.914411e-01 pm 3.188494e-02
A[1]= 9.942164e-01 pm 2.445022e-02
A[2]= 4.806271e-01 pm 3.419196e-01
A[3]= 4.101646e+00 pm 1.264296e+00
A[4]= -3.218547e+03 pm 3.565151e+03
A[5]= 1.751124e+03 pm 2.338527e+03
A[6]= -4.265075e+01 pm 5.416193e+02
A[7]= 1.229703e+01 pm 1.217170e+01
A[8]= -1.930232e-01 pm 1.795169e-01
A[9]= -2.805911e+03 pm 7.561044e+03
A[10]= 9.862942e+02 pm 4.459446e+03
A[11]= -2.797478e+02 pm 9.087055e+02
A[12]= 2.102686e+01 pm 4.395290e+01
A[13]= -5.080382e-01 pm 8.482750e-01
A[14]= 5.739945e+00 pm 1.601138e+00
A[15]= -9.476468e+03 pm 4.864809e+03
A[16]= 6.318013e+03 pm 3.196764e+03
A[17]= -1.124738e+03 pm 7.425542e+02
A[18]= 1.538880e+01 pm 1.784775e+01
A[19]= -4.488720e-02 pm 2.525756e-01
A[20]= -1.447494e+03 pm 1.066386e+04
A[21]= 6.082924e+02 pm 6.418229e+03
A[22]= -4.347840e+02 pm 1.337092e+03
A[23]= 1.818973e+01 pm 6.087693e+01
A[24]= -6.827138e-01 pm 1.194675e+00

Best-fitting parameters
A[0]= 9.043320e-01
A[1]= 1.006065e+00
A[2]= 3.133015e-01
A[3]= 4.314099e+00
A[4]= -3.079413e+03
A[5]= 1.603171e+03
A[6]= -6.743472e+00
A[7]= 1.089130e+01
A[8]= -1.543712e-01
A[9]= 1.342007e+03
A[10]= -1.622851e+03
A[11]= 2.473115e+02
A[12]= 8.446917e+00
A[13]= -3.431889e-01
A[14]= 6.323847e+00
A[15]= -9.800795e+03
A[16]= 6.680139e+03
A[17]= -1.240173e+03
A[18]= 1.943539e+01
A[19]= -5.654542e-02
A[20]= 2.259396e+03
A[21]= -1.542672e+03
A[22]= -1.165251e+01
A[23]= 2.651708e+01
A[24]= -9.154346e-01
chi2_min= 1.074568e+02


Cross-Covariance parameters
1.000000e+00	-4.998569e-01	-1.087071e-01	3.993817e-02	5.554437e-02	-5.215777e-02	4.130884e-02	2.096988e-02	-9.834732e-03	3.402132e-03	1.608464e-02	-5.750356e-02	1.039288e-01	-6.478253e-02	5.702893e-03	7.764961e-02	-7.878251e-02	7.156765e-02	6.139232e-02	-6.863376e-02	1.120775e-02	9.000068e-03	-5.094049e-02	1.165558e-01	-8.734469e-02	
-4.998569e-01	1.000000e+00	1.314159e-01	-1.590791e-01	-2.187854e-02	2.358889e-02	-3.205058e-02	1.401101e-01	-1.281319e-01	3.845604e-02	-4.671030e-02	6.423193e-02	-1.241001e-01	6.563819e-02	-1.651002e-01	-1.995907e-02	2.382336e-02	-3.408379e-02	1.274948e-01	-1.108895e-01	1.439252e-02	-2.632211e-02	5.178611e-02	-1.061071e-01	6.811001e-02	
-1.087071e-01	1.314159e-01	1.000000e+00	-6.724437e-01	3.942985e-02	-4.634800e-02	5.787610e-02	-3.494765e-03	-4.092047e-02	-3.408440e-01	4.525068e-01	-5.894480e-01	-1.577914e-01	2.621567e-01	-5.675341e-01	-1.644773e-01	1.797360e-01	-1.846180e-01	-4.656385e-02	1.035652e-01	-4.361518e-01	5.432658e-01	-6.690230e-01	-1.938686e-01	3.415119e-01	
3.993817e-02	-1.590791e-01	-6.724437e-01	1.000000e+00	-5.861206e-01	6.501091e-01	-6.965629e-01	1.871792e-02	2.816999e-01	1.383996e-01	-1.944907e-01	2.721119e-01	5.797529e-02	-6.028495e-02	4.012464e-01	1.023408e-01	-1.144392e-01	1.212372e-01	1.273425e-02	-5.029585e-02	3.119323e-01	-3.830888e-01	4.651590e-01	1.129240e-01	-2.121976e-01	
5.554437e-02	-2.187854e-02	3.942985e-02	-5.861206e-01	1.000000e+00	-9.849589e-01	9.440621e-01	-5.350481e-01	1.328829e-01	4.525484e-02	-7.389637e-02	1.023405e-01	9.603271e-02	-9.513923e-02	-2.296716e-02	8.050645e-03	-5.977377e-03	3.299430e-03	-4.239998e-03	1.448413e-03	-4.883383e-02	5.206900e-02	-5.431477e-02	2.738526e-02	-1.518558e-02	
-5.215777e-02	2.358889e-02	-4.634800e-02	6.501091e-01	-9.849589e-01	1.000000e+00	-9.864085e-01	4.626246e-01	-4.937730e-02	-5.876653e-02	8.921859e-02	-1.189738e-01	-1.006162e-01	1.159278e-01	2.633782e-02	-6.212112e-03	4.119956e-03	-1.564347e-03	4.066108e-03	-1.311639e-03	5.553629e-02	-5.922925e-02	6.175160e-02	-2.936746e-02	1.599420e-02	
4.130884e-02	-3.205058e-02	5.787610e-02	-6.965629e-01	9.440621e-01	-9.864085e-01	1.000000e+00	-3.855672e-01	-2.402490e-02	7.128633e-02	-1.017683e-01	1.308345e-01	9.605381e-02	-1.236567e-01	-3.025975e-02	2.325292e-03	-2.266662e-04	-1.905407e-03	-6.574540e-03	4.098002e-03	-6.328248e-02	6.796152e-02	-7.141537e-02	2.879478e-02	-1.365596e-02	
2.096988e-02	1.401101e-01	-3.494765e-03	1.871792e-02	-5.350481e-01	4.626246e-01	-3.855672e-01	1.000000e+00	-8.906021e-01	1.429143e-01	-1.281970e-01	9.846325e-02	-7.430124e-02	-1.091771e-01	-1.304062e-02	-3.410422e-03	5.002196e-03	-9.047312e-03	3.406569e-02	-2.671956e-02	1.575617e-02	-1.648950e-02	1.731165e-02	-1.295524e-02	6.796770e-03	
-9.834732e-03	-1.281319e-01	-4.092047e-02	2.816999e-01	1.328829e-01	-4.937730e-02	-2.402490e-02	-8.906021e-01	1.000000e+00	-1.838709e-01	1.796364e-01	-1.572236e-01	5.079942e-02	1.741852e-01	3.325291e-02	7.713051e-03	-1.055412e-02	1.530666e-02	-2.518393e-02	1.762707e-02	1.825039e-02	-2.128396e-02	2.349158e-02	7.798808e-03	-1.058813e-02	
3.402132e-03	3.845604e-02	-3.408440e-01	1.383996e-01	4.525484e-02	-5.876653e-02	7.128633e-02	1.429143e-01	-1.838709e-01	1.000000e+00	-9.844374e-01	9.203769e-01	-7.511008e-01	5.717642e-01	1.940155e-01	4.635265e-02	-5.162421e-02	5.233075e-02	3.396242e-02	-5.154816e-02	1.473132e-01	-1.842174e-01	2.292794e-01	7.062181e-02	-1.251494e-01	
1.608464e-02	-4.671030e-02	4.525068e-01	-1.944907e-01	-7.389637e-02	8.921859e-02	-1.017683e-01	-1.281970e-01	1.796364e-01	-9.844374e-01	1.000000e+00	-9.739923e-01	7.070462e-01	-5.224264e-01	-2.606436e-01	-6.228727e-02	6.909393e-02	-7.032125e-02	-3.905067e-02	6.237539e-02	-1.947252e-01	2.453581e-01	-3.073524e-01	-9.133275e-02	1.638259e-01	
-5.750356e-02	6.423193e-02	-5.894480e-01	2.721119e-01	1.023405e-01	-1.189738e-01	1.308345e-01	9.846325e-02	-1.572236e-01	9.203769e-01	-9.739923e-01	1.000000e+00	-6.064320e-01	4.243459e-01	3.424385e-01	8.198482e-02	-9.079325e-02	9.289970e-02	4.329697e-02	-7.405682e-02	2.538852e-01	-3.219306e-01	4.056623e-01	1.148904e-01	-2.102275e-01	
1.039288e-01	-1.241001e-01	-1.577914e-01	5.797529e-02	9.603271e-02	-1.006162e-01	9.605381e-02	-7.430124e-02	5.079942e-02	-7.511008e-01	7.070462e-01	-6.064320e-01	1.000000e+00	-9.475710e-01	8.945108e-02	4.730894e-02	-4.973358e-02	5.053645e-02	-6.494996e-03	-9.096545e-03	6.354761e-02	-8.016171e-02	9.781653e-02	4.164583e-02	-5.861606e-02	
-6.478253e-02	6.563819e-02	2.621567e-01	-6.028495e-02	-9.513923e-02	1.159278e-01	-1.236567e-01	-1.091771e-01	1.741852e-01	5.717642e-01	-5.224264e-01	4.243459e-01	-9.475710e-01	1.000000e+00	-1.479291e-01	-6.091156e-02	6.472711e-02	-6.536104e-02	-7.255144e-03	2.795776e-02	-1.136203e-01	1.435737e-01	-1.783690e-01	-5.584132e-02	9.288464e-02	
5.702893e-03	-1.651002e-01	-5.675341e-01	4.012464e-01	-2.296716e-02	2.633782e-02	-3.025975e-02	-1.304062e-02	3.325291e-02	1.940155e-01	-2.606436e-01	3.424385e-01	8.945108e-02	-1.479291e-01	1.000000e+00	-5.059426e-01	5.690392e-01	-6.155730e-01	-2.411304e-02	2.551938e-01	1.239556e-01	-1.724750e-01	2.388657e-01	7.271841e-02	-1.077134e-01	
7.764961e-02	-1.995907e-02	-1.644773e-01	1.023408e-01	8.050645e-03	-6.212112e-03	2.325292e-03	-3.410422e-03	7.713051e-03	4.635265e-02	-6.228727e-02	8.198482e-02	4.730894e-02	-6.091156e-02	-5.059426e-01	1.000000e+00	-9.838836e-01	9.396029e-01	-4.917715e-01	1.368389e-01	2.096693e-01	-2.408660e-01	2.681717e-01	4.868667e-02	-8.763577e-02	
-7.878251e-02	2.382336e-02	1.797360e-01	-1.144392e-01	-5.977377e-03	4.119956e-03	-2.266662e-04	5.002196e-03	-1.055412e-02	-5.162421e-02	6.909393e-02	-9.079325e-02	-4.973358e-02	6.472711e-02	5.690392e-01	-9.838836e-01	1.000000e+00	-9.851994e-01	4.095823e-01	-4.412689e-02	-2.256665e-01	2.608744e-01	-2.921848e-01	-6.316525e-02	1.132495e-01	
7.156765e-02	-3.408379e-02	-1.846180e-01	1.212372e-01	3.299430e-03	-1.564347e-03	-1.905407e-03	-9.047312e-03	1.530666e-02	5.233075e-02	-7.032125e-02	9.289970e-02	5.053645e-02	-6.536104e-02	-6.155730e-01	9.396029e-01	-9.851994e-01	1.000000e+00	-3.227725e-01	-3.955507e-02	2.318543e-01	-2.696032e-01	3.037000e-01	7.290497e-02	-1.301162e-01	
6.139232e-02	1.274948e-01	-4.656385e-02	1.273425e-02	-4.239998e-03	4.066108e-03	-6.574540e-03	3.406569e-02	-2.518393e-02	3.396242e-02	-3.905067e-02	4.329697e-02	-6.494996e-03	-7.255144e-03	-2.411304e-02	-4.917715e-01	4.095823e-01	-3.227725e-01	1.000000e+00	-9.155711e-01	3.605664e-02	-3.738501e-02	3.549234e-02	6.017158e-02	-1.499415e-01	
-6.863376e-02	-1.108895e-01	1.035652e-01	-5.029585e-02	1.448413e-03	-1.311639e-03	4.098002e-03	-2.671956e-02	1.762707e-02	-5.154816e-02	6.237539e-02	-7.405682e-02	-9.096545e-03	2.795776e-02	2.551938e-01	1.368389e-01	-4.412689e-02	-3.955507e-02	-9.155711e-01	1.000000e+00	-1.264421e-01	1.395760e-01	-1.464483e-01	-8.280648e-02	2.079572e-01	
1.120775e-02	1.439252e-02	-4.361518e-01	3.119323e-01	-4.883383e-02	5.553629e-02	-6.328248e-02	1.575617e-02	1.825039e-02	1.473132e-01	-1.947252e-01	2.538852e-01	6.354761e-02	-1.136203e-01	1.239556e-01	2.096693e-01	-2.256665e-01	2.318543e-01	3.605664e-02	-1.264421e-01	1.000000e+00	-9.857187e-01	9.281678e-01	-6.863520e-01	5.087166e-01	
9.000068e-03	-2.632211e-02	5.432658e-01	-3.830888e-01	5.206900e-02	-5.922925e-02	6.796152e-02	-1.648950e-02	-2.128396e-02	-1.842174e-01	2.453581e-01	-3.219306e-01	-8.016171e-02	1.435737e-01	-1.724750e-01	-2.408660e-01	2.608744e-01	-2.696032e-01	-3.738501e-02	1.395760e-01	-9.857187e-01	1.000000e+00	-9.768430e-01	6.325828e-01	-4.470563e-01	
-5.094049e-02	5.178611e-02	-6.690230e-01	4.651590e-01	-5.431477e-02	6.175160e-02	-7.141537e-02	1.731165e-02	2.349158e-02	2.292794e-01	-3.073524e-01	4.056623e-01	9.781653e-02	-1.783690e-01	2.388657e-01	2.681717e-01	-2.921848e-01	3.037000e-01	3.549234e-02	-1.464483e-01	9.281678e-01	-9.768430e-01	1.000000e+00	-5.255582e-01	3.375948e-01	
1.165558e-01	-1.061071e-01	-1.938686e-01	1.129240e-01	2.738526e-02	-2.936746e-02	2.879478e-02	-1.295524e-02	7.798808e-03	7.062181e-02	-9.133275e-02	1.148904e-01	4.164583e-02	-5.584132e-02	7.271841e-02	4.868667e-02	-6.316525e-02	7.290497e-02	6.017158e-02	-8.280648e-02	-6.863520e-01	6.325828e-01	-5.255582e-01	1.000000e+00	-9.624742e-01	
-8.734469e-02	6.811001e-02	3.415119e-01	-2.121976e-01	-1.518558e-02	1.599420e-02	-1.365596e-02	6.796770e-03	-1.058813e-02	-1.251494e-01	1.638259e-01	-2.102275e-01	-5.861606e-02	9.288464e-02	-1.077134e-01	-8.763577e-02	1.132495e-01	-1.301162e-01	-1.499415e-01	2.079572e-01	5.087166e-01	-4.470563e-01	3.375948e-01	-9.624742e-01	1.000000e+00	

Time taken for mcmc chain: 23.366667 minutes
