Number of steps: 4789553
Number of accepted steps: 1000000
Burn-in number of steps: 320000
Accepted fraction of steps: 0.208788
Convergence Status
R[0]= 1.001717	R[1]= 1.003919	R[2]= 1.023908	R[3]= 1.011299	R[4]= 1.001057	R[5]= 1.001223	R[6]= 1.001449	R[7]= 1.000393	R[8]= 1.000312	R[9]= 1.001730	R[10]= 1.002675	R[11]= 1.004482	R[12]= 1.000399	R[13]= 1.000853	R[14]= 1.017903	R[15]= 1.000860	R[16]= 1.001233	R[17]= 1.001697	R[18]= 1.000327	R[19]= 1.001267	R[20]= 1.006891	R[21]= 1.009035	R[22]= 1.011426	R[23]= 1.001746	R[24]= 1.001236	
<R>= 1.004362

Mean parameters
A[0]= 8.907603e-01 pm 3.136757e-02
A[1]= 9.941803e-01 pm 2.407839e-02
A[2]= 4.636408e-01 pm 3.231251e-01
A[3]= 4.132641e+00 pm 1.201290e+00
A[4]= -3.204282e+03 pm 3.468129e+03
A[5]= 1.736735e+03 pm 2.272126e+03
A[6]= -3.732609e+01 pm 5.262361e+02
A[7]= 1.178001e+01 pm 1.222824e+01
A[8]= -1.863833e-01 pm 1.817581e-01
A[9]= -2.646083e+03 pm 7.400670e+03
A[10]= 8.681218e+02 pm 4.358497e+03
A[11]= -2.502304e+02 pm 8.873861e+02
A[12]= 1.983849e+01 pm 4.336733e+01
A[13]= -4.822761e-01 pm 8.458998e-01
A[14]= 5.724425e+00 pm 1.596072e+00
A[15]= -9.263863e+03 pm 4.884114e+03
A[16]= 6.142520e+03 pm 3.200313e+03
A[17]= -1.075988e+03 pm 7.406046e+02
A[18]= 1.523154e+01 pm 1.786785e+01
A[19]= -4.861405e-02 pm 2.537174e-01
A[20]= -9.214177e+02 pm 1.035883e+04
A[21]= 2.512772e+02 pm 6.172289e+03
A[22]= -3.537714e+02 pm 1.274331e+03
A[23]= 1.819179e+01 pm 6.116041e+01
A[24]= -7.043311e-01 pm 1.190992e+00

Best-fitting parameters
A[0]= 9.205343e-01
A[1]= 9.867297e-01
A[2]= 4.575527e-01
A[3]= 4.157354e+00
A[4]= -3.181657e+03
A[5]= 1.873336e+03
A[6]= -9.552239e+01
A[7]= 1.137626e+01
A[8]= -1.621524e-01
A[9]= -4.524716e+02
A[10]= -2.899333e+02
A[11]= -9.670118e+01
A[12]= -1.173244e+00
A[13]= -3.674519e-02
A[14]= 6.693803e+00
A[15]= -1.310250e+04
A[16]= 8.735958e+03
A[17]= -1.695726e+03
A[18]= 1.612184e+01
A[19]= 2.726899e-02
A[20]= 2.994476e+03
A[21]= -9.052870e+02
A[22]= -4.519021e+02
A[23]= 6.633205e+00
A[24]= -5.006489e-01
chi2_min= 1.082599e+02


Cross-Covariance parameters
1.000000e+00	-4.882764e-01	-1.117631e-01	3.579421e-02	5.124528e-02	-4.881369e-02	3.919241e-02	2.253612e-02	-1.156147e-02	2.316391e-02	-3.431156e-03	-4.023033e-02	6.886824e-02	-2.982751e-02	3.154156e-02	4.650775e-02	-4.374681e-02	3.430719e-02	4.519437e-02	-3.813879e-02	-3.569087e-03	2.355707e-02	-6.602682e-02	1.085248e-01	-7.724691e-02	
-4.882764e-01	1.000000e+00	1.229998e-01	-1.674102e-01	6.310260e-03	-4.292132e-03	-6.485414e-03	1.415296e-01	-1.368317e-01	4.134972e-02	-5.413222e-02	7.828210e-02	-1.009457e-01	3.648042e-02	-1.665336e-01	-8.678613e-03	1.009033e-02	-1.853296e-02	1.281403e-01	-1.153619e-01	7.168828e-03	-2.212263e-02	5.218650e-02	-8.613030e-02	4.985356e-02	
-1.117631e-01	1.229998e-01	1.000000e+00	-6.244631e-01	-3.758284e-02	4.060011e-02	-3.601728e-02	-5.859487e-03	2.707997e-03	-3.435022e-01	4.595038e-01	-6.021197e-01	-1.924485e-01	3.049199e-01	-5.635990e-01	-1.644947e-01	1.746150e-01	-1.738312e-01	5.049809e-03	4.367060e-02	-3.755410e-01	4.894290e-01	-6.291349e-01	-2.121728e-01	3.335001e-01	
3.579421e-02	-1.674102e-01	-6.244631e-01	1.000000e+00	-5.618583e-01	6.275939e-01	-6.749891e-01	-5.670012e-03	2.826506e-01	1.273643e-01	-1.784890e-01	2.518585e-01	6.864619e-02	-6.609538e-02	3.889561e-01	9.003121e-02	-9.344276e-02	9.245553e-02	-3.424449e-02	6.418492e-03	2.352112e-01	-3.046522e-01	3.909334e-01	1.267215e-01	-1.960863e-01	
5.124528e-02	6.310260e-03	-3.758284e-02	-5.618583e-01	1.000000e+00	-9.838737e-01	9.400508e-01	-5.224602e-01	1.372535e-01	5.226730e-02	-8.988218e-02	1.290445e-01	1.050370e-01	-1.050302e-01	3.745508e-03	1.554687e-02	-1.838741e-02	1.971908e-02	1.927188e-02	-2.286472e-02	1.111267e-02	-1.611798e-02	2.059708e-02	1.950523e-02	-2.904611e-02	
-4.881369e-02	-4.292132e-03	4.060011e-02	6.275939e-01	-9.838737e-01	1.000000e+00	-9.854336e-01	4.461369e-01	-5.044212e-02	-6.594964e-02	1.067600e-01	-1.487359e-01	-1.135157e-01	1.311869e-01	-5.328031e-03	-1.690095e-02	1.992091e-02	-2.134433e-02	-1.867900e-02	2.346524e-02	-1.047759e-02	1.617143e-02	-2.152110e-02	-2.202749e-02	3.205601e-02	
3.919241e-02	-6.485414e-03	-3.601728e-02	-6.749891e-01	9.400508e-01	-9.854336e-01	1.000000e+00	-3.654911e-01	-2.566550e-02	7.834267e-02	-1.201042e-01	1.623625e-01	1.118090e-01	-1.430073e-01	5.017631e-03	1.602719e-02	-1.916852e-02	2.097612e-02	1.518998e-02	-2.100439e-02	7.178239e-03	-1.268498e-02	1.790805e-02	2.198613e-02	-3.130168e-02	
2.253612e-02	1.415296e-01	-5.859487e-03	-5.670012e-03	-5.224602e-01	4.461369e-01	-3.654911e-01	1.000000e+00	-8.991288e-01	1.610135e-01	-1.456249e-01	1.133630e-01	-7.718251e-02	-1.156006e-01	-2.490839e-02	1.117737e-02	-1.213853e-02	9.940626e-03	3.096987e-02	-3.147921e-02	-5.868237e-03	1.618598e-03	4.178146e-03	1.481715e-02	-1.880147e-02	
-1.156147e-02	-1.368317e-01	2.707997e-03	2.826506e-01	1.372535e-01	-5.044212e-02	-2.566550e-02	-8.991288e-01	1.000000e+00	-2.020774e-01	2.004280e-01	-1.797113e-01	4.494001e-02	1.883599e-01	3.065500e-02	-1.246079e-02	1.487973e-02	-1.410571e-02	-3.310776e-02	3.460893e-02	1.277141e-02	-7.800277e-03	1.158147e-03	-2.084479e-02	2.632611e-02	
2.316391e-02	4.134972e-02	-3.435022e-01	1.273643e-01	5.226730e-02	-6.594964e-02	7.834267e-02	1.610135e-01	-2.020774e-01	1.000000e+00	-9.837734e-01	9.169281e-01	-7.382340e-01	5.497103e-01	1.858492e-01	6.311707e-02	-6.680452e-02	6.552527e-02	5.536412e-03	-2.391750e-02	1.280960e-01	-1.706852e-01	2.236440e-01	7.540505e-02	-1.201424e-01	
-3.431156e-03	-5.413222e-02	4.595038e-01	-1.784890e-01	-8.988218e-02	1.067600e-01	-1.201042e-01	-1.456249e-01	2.004280e-01	-9.837734e-01	1.000000e+00	-9.728136e-01	6.902288e-01	-4.962035e-01	-2.511300e-01	-8.200277e-02	8.701552e-02	-8.581646e-02	-5.879747e-03	3.032291e-02	-1.724333e-01	2.298637e-01	-3.016969e-01	-9.843911e-02	1.595638e-01	
-4.023033e-02	7.828210e-02	-6.021197e-01	2.518585e-01	1.290445e-01	-1.487359e-01	1.623625e-01	1.133630e-01	-1.797113e-01	9.169281e-01	-9.728136e-01	1.000000e+00	-5.827455e-01	3.918875e-01	3.325987e-01	1.043055e-01	-1.108711e-01	1.098209e-01	5.295629e-03	-3.722941e-02	2.281199e-01	-3.043458e-01	4.004081e-01	1.247848e-01	-2.069088e-01	
6.886824e-02	-1.009457e-01	-1.924485e-01	6.864619e-02	1.050370e-01	-1.135157e-01	1.118090e-01	-7.718251e-02	4.494001e-02	-7.382340e-01	6.902288e-01	-5.827455e-01	1.000000e+00	-9.455283e-01	1.154836e-01	2.712136e-02	-2.909177e-02	2.955632e-02	4.386490e-03	-1.261922e-02	6.637101e-02	-8.569250e-02	1.081765e-01	5.195932e-02	-7.325113e-02	
-2.982751e-02	3.648042e-02	3.049199e-01	-6.609538e-02	-1.050302e-01	1.311869e-01	-1.430073e-01	-1.156006e-01	1.883599e-01	5.497103e-01	-4.962035e-01	3.918875e-01	-9.455283e-01	1.000000e+00	-1.725516e-01	-4.584101e-02	4.941132e-02	-4.962869e-02	-1.415622e-02	2.797881e-02	-1.062425e-01	1.418877e-01	-1.857620e-01	-7.734708e-02	1.165833e-01	
3.154156e-02	-1.665336e-01	-5.635990e-01	3.889561e-01	3.745508e-03	-5.328031e-03	5.017631e-03	-2.490839e-02	3.065500e-02	1.858492e-01	-2.511300e-01	3.325987e-01	1.154836e-01	-1.725516e-01	1.000000e+00	-5.107629e-01	5.763389e-01	-6.263413e-01	-5.642140e-02	2.966985e-01	9.880589e-02	-1.475511e-01	2.165997e-01	6.408376e-02	-8.144090e-02	
4.650775e-02	-8.678613e-03	-1.644947e-01	9.003121e-02	1.554687e-02	-1.690095e-02	1.602719e-02	1.117737e-02	-1.246079e-02	6.311707e-02	-8.200277e-02	1.043055e-01	2.712136e-02	-4.584101e-02	-5.107629e-01	1.000000e+00	-9.845749e-01	9.421088e-01	-4.992134e-01	1.434981e-01	2.100465e-01	-2.444274e-01	2.762787e-01	5.245025e-02	-9.082470e-02	
-4.374681e-02	1.009033e-02	1.746150e-01	-9.344276e-02	-1.838741e-02	1.992091e-02	-1.916852e-02	-1.213853e-02	1.487973e-02	-6.680452e-02	8.701552e-02	-1.108711e-01	-2.909177e-02	4.941132e-02	5.763389e-01	-9.845749e-01	1.000000e+00	-9.857800e-01	4.198783e-01	-5.353219e-02	-2.171090e-01	2.554913e-01	-2.917627e-01	-7.125365e-02	1.192199e-01	
3.430719e-02	-1.853296e-02	-1.738312e-01	9.245553e-02	1.971908e-02	-2.134433e-02	2.097612e-02	9.940626e-03	-1.410571e-02	6.552527e-02	-8.581646e-02	1.098209e-01	2.955632e-02	-4.962869e-02	-6.263413e-01	9.421088e-01	-9.857800e-01	1.000000e+00	-3.351819e-01	-2.860472e-02	2.152669e-01	-2.561038e-01	2.953567e-01	8.471244e-02	-1.384798e-01	
4.519437e-02	1.281403e-01	5.049809e-03	-3.424449e-02	1.927188e-02	-1.867900e-02	1.518998e-02	3.096987e-02	-3.310776e-02	5.536412e-03	-5.879747e-03	5.295629e-03	4.386490e-03	-1.415622e-02	-5.642140e-02	-4.992134e-01	4.198783e-01	-3.351819e-01	1.000000e+00	-9.148281e-01	-4.117818e-03	7.074844e-03	-1.311637e-02	6.112176e-02	-1.449388e-01	
-3.813879e-02	-1.153619e-01	4.367060e-02	6.418492e-03	-2.286472e-02	2.346524e-02	-2.100439e-02	-3.147921e-02	3.460893e-02	-2.391750e-02	3.032291e-02	-3.722941e-02	-1.261922e-02	2.797881e-02	2.966985e-01	1.434981e-01	-5.353219e-02	-2.860472e-02	-9.148281e-01	1.000000e+00	-8.276625e-02	9.175790e-02	-9.511436e-02	-8.548224e-02	2.040245e-01	
-3.569087e-03	7.168828e-03	-3.755410e-01	2.352112e-01	1.111267e-02	-1.047759e-02	7.178239e-03	-5.868237e-03	1.277141e-02	1.280960e-01	-1.724333e-01	2.281199e-01	6.637101e-02	-1.062425e-01	9.880589e-02	2.100465e-01	-2.171090e-01	2.152669e-01	-4.117818e-03	-8.276625e-02	1.000000e+00	-9.846869e-01	9.210409e-01	-7.095929e-01	5.519188e-01	
2.355707e-02	-2.212263e-02	4.894290e-01	-3.046522e-01	-1.611798e-02	1.617143e-02	-1.268498e-02	1.618598e-03	-7.800277e-03	-1.706852e-01	2.298637e-01	-3.043458e-01	-8.569250e-02	1.418877e-01	-1.475511e-01	-2.444274e-01	2.554913e-01	-2.561038e-01	7.074844e-03	9.175790e-02	-9.846869e-01	1.000000e+00	-9.740129e-01	6.587968e-01	-4.946818e-01	
-6.602682e-02	5.218650e-02	-6.291349e-01	3.909334e-01	2.059708e-02	-2.152110e-02	1.790805e-02	4.178146e-03	1.158147e-03	2.236440e-01	-3.016969e-01	4.004081e-01	1.081765e-01	-1.857620e-01	2.165997e-01	2.762787e-01	-2.917627e-01	2.953567e-01	-1.311637e-02	-9.511436e-02	9.210409e-01	-9.740129e-01	1.000000e+00	-5.486535e-01	3.834281e-01	
1.085248e-01	-8.613030e-02	-2.121728e-01	1.267215e-01	1.950523e-02	-2.202749e-02	2.198613e-02	1.481715e-02	-2.084479e-02	7.540505e-02	-9.843911e-02	1.247848e-01	5.195932e-02	-7.734708e-02	6.408376e-02	5.245025e-02	-7.125365e-02	8.471244e-02	6.112176e-02	-8.548224e-02	-7.095929e-01	6.587968e-01	-5.486535e-01	1.000000e+00	-9.663682e-01	
-7.724691e-02	4.985356e-02	3.335001e-01	-1.960863e-01	-2.904611e-02	3.205601e-02	-3.130168e-02	-1.880147e-02	2.632611e-02	-1.201424e-01	1.595638e-01	-2.069088e-01	-7.325113e-02	1.165833e-01	-8.144090e-02	-9.082470e-02	1.192199e-01	-1.384798e-01	-1.449388e-01	2.040245e-01	5.519188e-01	-4.946818e-01	3.834281e-01	-9.663682e-01	1.000000e+00	

Time taken for mcmc chain: 32.716667 minutes
