Number of steps: 1064008
Number of accepted steps: 1000000
Burn-in number of steps: 320000
Accepted fraction of steps: 0.939843
Convergence Status
R[0]= 1.160530	R[1]= 1.151134	R[2]= 1.037680	R[3]= 1.032624	R[4]= 1.074852	R[5]= 1.076981	R[6]= 1.073624	R[7]= 1.123962	R[8]= 1.102132	R[9]= 1.242644	R[10]= 1.234320	R[11]= 1.205956	R[12]= 1.181495	R[13]= 1.100360	R[14]= 1.109139	R[15]= 1.137807	R[16]= 1.158875	R[17]= 1.164939	R[18]= 1.080474	R[19]= 1.067921	R[20]= 1.044989	R[21]= 1.049525	R[22]= 1.059531	R[23]= 1.015320	R[24]= 1.027296	
<R>= 1.108564

Mean parameters
A[0]= 8.617080e-01 pm 3.385747e-02
A[1]= 9.944837e-01 pm 2.413461e-02
A[2]= 3.495475e-01 pm 2.178443e-01
A[3]= 4.676469e+00 pm 1.087330e+00
A[4]= -3.775307e+03 pm 3.118003e+03
A[5]= 2.096058e+03 pm 1.990463e+03
A[6]= -1.371257e+02 pm 4.493065e+02
A[7]= 8.290367e+00 pm 1.307666e+01
A[8]= -1.243605e-01 pm 1.937664e-01
A[9]= -5.337889e+03 pm 6.669567e+03
A[10]= 1.996568e+03 pm 3.921287e+03
A[11]= -3.746777e+02 pm 7.813612e+02
A[12]= 3.789682e+01 pm 4.167409e+01
A[13]= -7.779212e-01 pm 7.606555e-01
A[14]= 5.895292e+00 pm 1.293499e+00
A[15]= -9.725552e+03 pm 4.182292e+03
A[16]= 6.144009e+03 pm 2.653172e+03
A[17]= -1.033366e+03 pm 5.958058e+02
A[18]= 1.708099e+01 pm 1.619080e+01
A[19]= -7.991257e-02 pm 2.329715e-01
A[20]= 2.210597e+03 pm 9.054277e+03
A[21]= -2.068913e+03 pm 5.148756e+03
A[22]= 2.216654e+02 pm 9.907707e+02
A[23]= -6.029150e-01 pm 5.371162e+01
A[24]= -3.779732e-01 pm 1.001004e+00

Best-fitting parameters
A[0]= 8.646246e-01
A[1]= 9.946716e-01
A[2]= 7.181024e-01
A[3]= 3.614292e+00
A[4]= -4.356367e+03
A[5]= 2.394749e+03
A[6]= -1.788985e+02
A[7]= 9.190898e+00
A[8]= -1.244848e-01
A[9]= -1.044619e+04
A[10]= 5.844399e+03
A[11]= -1.313057e+03
A[12]= 3.986112e+01
A[13]= -6.026666e-01
A[14]= 4.352627e+00
A[15]= -6.893118e+03
A[16]= 4.444210e+03
A[17]= -6.669448e+02
A[18]= 1.720649e+00
A[19]= 1.622006e-01
A[20]= -7.232366e+03
A[21]= 3.740690e+03
A[22]= -1.045100e+03
A[23]= 1.708494e+01
A[24]= -4.526451e-01
chi2_min= 1.096897e+02


Cross-Covariance parameters
1.000000e+00	-6.573807e-01	-2.367337e-01	1.206162e-01	7.631428e-02	-6.024393e-02	3.947562e-02	-7.467066e-02	1.045933e-01	-1.571634e-01	1.672281e-01	-1.958188e-01	2.212976e-01	-1.204451e-01	-1.709639e-01	2.533951e-01	-2.813035e-01	3.023250e-01	2.919541e-02	-9.053324e-02	-1.044361e-01	1.072502e-01	-1.435590e-01	2.722277e-01	-2.554098e-01	
-6.573807e-01	1.000000e+00	1.511466e-01	-2.536633e-01	6.534429e-02	-6.526361e-02	5.631514e-02	2.777666e-01	-3.586845e-01	2.493533e-01	-2.552839e-01	2.758855e-01	-2.144806e-01	3.882922e-02	-1.012186e-01	-3.386437e-02	4.149470e-02	-5.547806e-02	4.231298e-02	-3.660821e-02	1.684805e-01	-1.797511e-01	2.185861e-01	-2.567842e-01	2.171875e-01	
-2.367337e-01	1.511466e-01	1.000000e+00	-6.310850e-01	4.936665e-02	-6.278706e-02	6.721200e-02	5.559726e-02	-1.447308e-01	-3.070566e-01	3.843136e-01	-4.926445e-01	-1.289202e-01	1.464041e-01	-4.467472e-01	-1.250551e-02	3.839000e-02	-6.173052e-02	-2.377314e-01	2.598146e-01	-2.254531e-01	3.380171e-01	-4.850935e-01	-1.536530e-01	2.290268e-01	
1.206162e-01	-2.536633e-01	-6.310850e-01	1.000000e+00	-6.002492e-01	6.773682e-01	-7.261597e-01	-2.314568e-02	2.893484e-01	2.156323e-01	-2.725951e-01	3.429903e-01	-1.003593e-01	1.393290e-01	2.971038e-01	4.045713e-02	-6.238687e-02	8.444116e-02	4.837572e-02	-5.924696e-02	1.651655e-03	-7.062074e-02	1.790182e-01	2.046508e-01	-2.105570e-01	
7.631428e-02	6.534429e-02	4.936665e-02	-6.002492e-01	1.000000e+00	-9.834438e-01	9.352957e-01	-5.648110e-01	2.735620e-01	-9.190352e-02	1.022371e-01	-1.064548e-01	1.843523e-01	-1.238886e-01	-5.777781e-02	1.327205e-02	-1.348258e-02	3.907598e-03	6.436944e-02	-9.670534e-02	9.757773e-02	-8.626773e-02	5.524675e-02	-5.747156e-02	4.501469e-02	
-6.024393e-02	-6.526361e-02	-6.278706e-02	6.773682e-01	-9.834438e-01	1.000000e+00	-9.834877e-01	5.097178e-01	-2.113695e-01	1.054839e-01	-1.158420e-01	1.189346e-01	-2.113395e-01	1.594960e-01	4.987814e-02	4.714289e-03	-6.044481e-03	1.463629e-02	-6.976535e-02	9.451667e-02	-1.180585e-01	1.063550e-01	-7.181383e-02	8.152347e-02	-6.234705e-02	
3.947562e-02	5.631514e-02	6.721200e-02	-7.261597e-01	9.352957e-01	-9.834877e-01	1.000000e+00	-4.490562e-01	1.574989e-01	-1.191327e-01	1.287536e-01	-1.297326e-01	2.372719e-01	-1.917468e-01	-3.403974e-02	-2.411501e-02	2.764624e-02	-3.580241e-02	8.043275e-02	-9.717897e-02	1.355155e-01	-1.246722e-01	8.865584e-02	-1.008251e-01	7.466237e-02	
-7.467066e-02	2.777666e-01	5.559726e-02	-2.314568e-02	-5.648110e-01	5.097178e-01	-4.490562e-01	1.000000e+00	-9.354177e-01	2.164171e-01	-2.007268e-01	1.723232e-01	-1.288645e-01	-1.214064e-01	-6.088166e-02	-1.716250e-02	2.441913e-02	-2.422978e-02	2.305302e-02	1.621174e-04	4.135708e-03	-1.236146e-02	2.971962e-02	-7.228888e-02	5.277085e-02	
1.045933e-01	-3.586845e-01	-1.447308e-01	2.893484e-01	2.735620e-01	-2.113695e-01	1.574989e-01	-9.354177e-01	1.000000e+00	-2.363306e-01	2.098479e-01	-1.673415e-01	1.284475e-01	1.516779e-01	1.011008e-01	3.817966e-02	-4.680339e-02	4.885457e-02	-2.883109e-02	4.267374e-03	-2.183184e-02	2.100060e-02	-2.305109e-02	1.160637e-01	-9.728802e-02	
-1.571634e-01	2.493533e-01	-3.070566e-01	2.156323e-01	-9.190352e-02	1.054839e-01	-1.191327e-01	2.164171e-01	-2.363306e-01	1.000000e+00	-9.916173e-01	9.536733e-01	-8.173649e-01	6.615109e-01	1.065560e-01	2.044296e-02	-3.088177e-02	4.280474e-02	2.492143e-02	-1.417921e-02	1.583702e-01	-1.983580e-01	2.663256e-01	-7.597677e-02	6.438428e-02	
1.672281e-01	-2.552839e-01	3.843136e-01	-2.725951e-01	1.022371e-01	-1.158420e-01	1.287536e-01	-2.007268e-01	2.098479e-01	-9.916173e-01	1.000000e+00	-9.838405e-01	8.026210e-01	-6.551431e-01	-1.451557e-01	-8.710046e-03	2.329012e-02	-3.978258e-02	-5.411081e-02	4.202977e-02	-1.766720e-01	2.254072e-01	-3.064751e-01	6.081492e-02	-4.119775e-02	
-1.958188e-01	2.758855e-01	-4.926445e-01	3.429903e-01	-1.064548e-01	1.189346e-01	-1.297326e-01	1.723232e-01	-1.673415e-01	9.536733e-01	-9.838405e-01	1.000000e+00	-7.461167e-01	6.115819e-01	2.119652e-01	-1.369618e-02	-4.215454e-03	2.433621e-02	9.225734e-02	-7.807938e-02	2.085339e-01	-2.703311e-01	3.706182e-01	-4.924490e-02	1.691693e-02	
2.212976e-01	-2.144806e-01	-1.289202e-01	-1.003593e-01	1.843523e-01	-2.113395e-01	2.372719e-01	-1.288645e-01	1.284475e-01	-8.173649e-01	8.026210e-01	-7.461167e-01	1.000000e+00	-9.378779e-01	6.318132e-02	2.465254e-02	-1.832829e-02	7.262955e-03	8.822130e-02	-1.293652e-01	-3.704932e-03	-1.579595e-02	1.994921e-02	7.653359e-02	-1.083523e-01	
-1.204451e-01	3.882922e-02	1.464041e-01	1.393290e-01	-1.238886e-01	1.594960e-01	-1.917468e-01	-1.214064e-01	1.516779e-01	6.615109e-01	-6.551431e-01	6.115819e-01	-9.378779e-01	1.000000e+00	-4.649147e-02	-2.170874e-02	1.725793e-02	-8.285596e-03	-1.130399e-01	1.530869e-01	-2.806615e-02	6.052601e-02	-8.471224e-02	-2.624920e-02	6.664604e-02	
-1.709639e-01	-1.012186e-01	-4.467472e-01	2.971038e-01	-5.777781e-02	4.987814e-02	-3.403974e-02	-6.088166e-02	1.011008e-01	1.065560e-01	-1.451557e-01	2.119652e-01	6.318132e-02	-4.649147e-02	1.000000e+00	-6.253533e-01	7.077078e-01	-7.679185e-01	3.771638e-02	2.009027e-01	1.130159e-01	-1.495425e-01	2.137003e-01	-7.113144e-02	6.554194e-02	
2.533951e-01	-3.386437e-02	-1.250551e-02	4.045713e-02	1.327205e-02	4.714289e-03	-2.411501e-02	-1.716250e-02	3.817966e-02	2.044296e-02	-8.710046e-03	-1.369618e-02	2.465254e-02	-2.170874e-02	-6.253533e-01	1.000000e+00	-9.818989e-01	9.261351e-01	-5.003505e-01	1.790937e-01	8.680883e-02	-9.217269e-02	8.287425e-02	2.956918e-02	-2.551708e-02	
-2.813035e-01	4.149470e-02	3.839000e-02	-6.238687e-02	-1.348258e-02	-6.044481e-03	2.764624e-02	2.441913e-02	-4.680339e-02	-3.088177e-02	2.329012e-02	-4.215454e-03	-1.832829e-02	1.725793e-02	7.077078e-01	-9.818989e-01	1.000000e+00	-9.803137e-01	4.186600e-01	-9.219008e-02	-6.328914e-02	7.450912e-02	-7.282549e-02	-7.511031e-02	7.484473e-02	
3.023250e-01	-5.547806e-02	-6.173052e-02	8.444116e-02	3.907598e-03	1.463629e-02	-3.580241e-02	-2.422978e-02	4.885457e-02	4.280474e-02	-3.978258e-02	2.433621e-02	7.262955e-03	-8.285596e-03	-7.679185e-01	9.261351e-01	-9.803137e-01	1.000000e+00	-3.193871e-01	2.774425e-03	3.114853e-02	-4.873627e-02	5.599611e-02	1.214354e-01	-1.231237e-01	
2.919541e-02	4.231298e-02	-2.377314e-01	4.837572e-02	6.436944e-02	-6.976535e-02	8.043275e-02	2.305302e-02	-2.883109e-02	2.492143e-02	-5.411081e-02	9.225734e-02	8.822130e-02	-1.130399e-01	3.771638e-02	-5.003505e-01	4.186600e-01	-3.193871e-01	1.000000e+00	-9.294269e-01	8.706500e-03	-4.140685e-02	7.962256e-02	1.419898e-01	-2.464154e-01	
-9.053324e-02	-3.660821e-02	2.598146e-01	-5.924696e-02	-9.670534e-02	9.451667e-02	-9.717897e-02	1.621174e-04	4.267374e-03	-1.417921e-02	4.202977e-02	-7.807938e-02	-1.293652e-01	1.530869e-01	2.009027e-01	1.790937e-01	-9.219008e-02	2.774425e-03	-9.294269e-01	1.000000e+00	-7.037391e-02	1.076322e-01	-1.431890e-01	-1.429713e-01	2.724005e-01	
-1.044361e-01	1.684805e-01	-2.254531e-01	1.651655e-03	9.757773e-02	-1.180585e-01	1.355155e-01	4.135708e-03	-2.183184e-02	1.583702e-01	-1.766720e-01	2.085339e-01	-3.704932e-03	-2.806615e-02	1.130159e-01	8.680883e-02	-6.328914e-02	3.114853e-02	8.706500e-03	-7.037391e-02	1.000000e+00	-9.861768e-01	9.235552e-01	-8.164345e-01	6.794344e-01	
1.072502e-01	-1.797511e-01	3.380171e-01	-7.062074e-02	-8.626773e-02	1.063550e-01	-1.246722e-01	-1.236146e-02	2.100060e-02	-1.983580e-01	2.254072e-01	-2.703311e-01	-1.579595e-02	6.052601e-02	-1.495425e-01	-9.217269e-02	7.450912e-02	-4.873627e-02	-4.140685e-02	1.076322e-01	-9.861768e-01	1.000000e+00	-9.732081e-01	8.026598e-01	-6.687157e-01	
-1.435590e-01	2.185861e-01	-4.850935e-01	1.790182e-01	5.524675e-02	-7.181383e-02	8.865584e-02	2.971962e-02	-2.305109e-02	2.663256e-01	-3.064751e-01	3.706182e-01	1.994921e-02	-8.471224e-02	2.137003e-01	8.287425e-02	-7.282549e-02	5.599611e-02	7.962256e-02	-1.431890e-01	9.235552e-01	-9.732081e-01	1.000000e+00	-7.427193e-01	6.201269e-01	
2.722277e-01	-2.567842e-01	-1.536530e-01	2.046508e-01	-5.747156e-02	8.152347e-02	-1.008251e-01	-7.228888e-02	1.160637e-01	-7.597677e-02	6.081492e-02	-4.924490e-02	7.653359e-02	-2.624920e-02	-7.113144e-02	2.956918e-02	-7.511031e-02	1.214354e-01	1.419898e-01	-1.429713e-01	-8.164345e-01	8.026598e-01	-7.427193e-01	1.000000e+00	-9.645327e-01	
-2.554098e-01	2.171875e-01	2.290268e-01	-2.105570e-01	4.501469e-02	-6.234705e-02	7.466237e-02	5.277085e-02	-9.728802e-02	6.438428e-02	-4.119775e-02	1.691693e-02	-1.083523e-01	6.664604e-02	6.554194e-02	-2.551708e-02	7.484473e-02	-1.231237e-01	-2.464154e-01	2.724005e-01	6.794344e-01	-6.687157e-01	6.201269e-01	-9.645327e-01	1.000000e+00	

Time taken for mcmc chain: 7.416667 minutes
