Number of steps: 1067689
Number of accepted steps: 1000000
Burn-in number of steps: 320000
Accepted fraction of steps: 0.936602
Convergence Status
R[0]= 1.151974	R[1]= 1.122942	R[2]= 1.023466	R[3]= 1.022735	R[4]= 1.046736	R[5]= 1.041463	R[6]= 1.037468	R[7]= 1.020697	R[8]= 1.024618	R[9]= 1.063010	R[10]= 1.064864	R[11]= 1.065254	R[12]= 1.034859	R[13]= 1.020458	R[14]= 1.100065	R[15]= 1.117605	R[16]= 1.149759	R[17]= 1.175354	R[18]= 1.038549	R[19]= 1.021191	R[20]= 1.002034	R[21]= 1.003729	R[22]= 1.018868	R[23]= 1.019411	R[24]= 1.019722	
<R>= 1.056273

Mean parameters
A[0]= 8.910786e-01 pm 2.941161e-02
A[1]= 9.949086e-01 pm 2.074989e-02
A[2]= 3.630320e-01 pm 1.839517e-01
A[3]= 4.532943e+00 pm 8.079086e-01
A[4]= -4.117000e+03 pm 2.925157e+03
A[5]= 2.320632e+03 pm 1.892453e+03
A[6]= -1.690823e+02 pm 4.317582e+02
A[7]= 1.284897e+01 pm 1.199583e+01
A[8]= -1.861674e-01 pm 1.667911e-01
A[9]= -3.040900e+03 pm 6.697764e+03
A[10]= 9.700923e+02 pm 3.875159e+03
A[11]= -2.231440e+02 pm 7.603313e+02
A[12]= 2.627315e+01 pm 3.863625e+01
A[13]= -6.346445e-01 pm 7.626349e-01
A[14]= 6.087437e+00 pm 1.251825e+00
A[15]= -9.357306e+03 pm 4.303879e+03
A[16]= 6.241106e+03 pm 2.716575e+03
A[17]= -1.107683e+03 pm 6.070595e+02
A[18]= 1.540716e+01 pm 1.612392e+01
A[19]= -4.369103e-02 pm 2.258332e-01
A[20]= 1.217350e+03 pm 9.567932e+03
A[21]= -1.215628e+03 pm 5.480131e+03
A[22]= -1.533769e+01 pm 1.065942e+03
A[23]= 1.442180e+01 pm 6.016011e+01
A[24]= -7.228145e-01 pm 1.134958e+00

Best-fitting parameters
A[0]= 8.848053e-01
A[1]= 9.832329e-01
A[2]= 7.460237e-01
A[3]= 3.456017e+00
A[4]= -3.918660e+03
A[5]= 2.077252e+03
A[6]= -6.692793e+01
A[7]= 9.442853e+00
A[8]= -1.516777e-01
A[9]= 1.781115e+02
A[10]= -2.227956e+01
A[11]= -2.713700e+02
A[12]= -2.599831e+01
A[13]= 5.817429e-01
A[14]= 5.045527e+00
A[15]= -9.978851e+03
A[16]= 6.713499e+03
A[17]= -1.210188e+03
A[18]= 1.036658e+01
A[19]= 1.539589e-02
A[20]= 2.016771e+02
A[21]= -3.318959e+01
A[22]= -4.457921e+02
A[23]= -5.308820e+01
A[24]= 9.511183e-01
chi2_min= 1.095253e+02


Cross-Covariance parameters
1.000000e+00	-3.533680e-01	5.430800e-02	-4.608951e-02	2.217197e-03	1.574686e-02	-3.558854e-02	9.106575e-02	-5.005820e-02	2.058201e-01	-1.640121e-01	7.248301e-02	-2.327761e-01	2.679725e-01	-3.395434e-02	2.415841e-02	-1.500294e-03	-2.975619e-02	1.133359e-01	-1.049766e-01	-2.622884e-01	2.925911e-01	-3.457205e-01	2.774101e-01	-2.052565e-01	
-3.533680e-01	1.000000e+00	-1.246331e-01	-2.129140e-01	5.073761e-02	-7.780134e-02	8.785490e-02	2.276877e-01	-2.531472e-01	7.974415e-02	-1.339321e-01	2.130467e-01	-5.524018e-02	-3.133881e-02	-2.150097e-01	2.083498e-02	-6.705464e-02	1.017053e-01	2.486507e-01	-2.396773e-01	3.109127e-01	-3.389335e-01	3.829914e-01	-2.335892e-01	1.536108e-01	
5.430800e-02	-1.246331e-01	1.000000e+00	-4.504764e-01	-1.722981e-01	1.821837e-01	-1.801099e-01	2.461017e-02	5.473457e-02	-3.439917e-01	4.533950e-01	-5.894028e-01	-2.896937e-02	1.498153e-01	-4.423752e-01	-4.546805e-02	5.109632e-02	-4.938946e-02	-1.368616e-01	1.685643e-01	-2.444164e-01	3.299322e-01	-4.533569e-01	-1.396467e-01	2.554038e-01	
-4.608951e-02	-2.129140e-01	-4.504764e-01	1.000000e+00	-5.651630e-01	6.322402e-01	-6.816812e-01	5.752173e-02	1.652990e-01	5.689424e-02	-8.055135e-02	1.113518e-01	2.510835e-02	-2.751882e-02	3.828018e-01	-1.557057e-01	1.563939e-01	-1.503854e-01	1.493251e-03	2.796258e-02	-3.529244e-02	-1.300276e-02	7.503871e-02	1.373851e-01	-1.944648e-01	
2.217197e-03	5.073761e-02	-1.722981e-01	-5.651630e-01	1.000000e+00	-9.863950e-01	9.518037e-01	-6.448188e-01	3.603938e-01	1.415718e-01	-1.951986e-01	2.578342e-01	-6.579743e-02	9.761420e-02	-5.280441e-02	1.533991e-01	-1.564907e-01	1.533705e-01	7.028815e-02	-1.274347e-01	1.807433e-01	-1.889133e-01	2.000081e-01	-5.546857e-02	4.977900e-02	
1.574686e-02	-7.780134e-02	1.821837e-01	6.322402e-01	-9.863950e-01	1.000000e+00	-9.886173e-01	5.894491e-01	-2.873669e-01	-1.341417e-01	1.894549e-01	-2.571999e-01	3.743799e-02	-5.476113e-02	5.403669e-02	-1.628632e-01	1.647338e-01	-1.595448e-01	-7.386106e-02	1.323236e-01	-1.918621e-01	1.998064e-01	-2.124622e-01	5.943326e-02	-5.128772e-02	
-3.558854e-02	8.785490e-02	-1.801099e-01	-6.816812e-01	9.518037e-01	-9.886173e-01	1.000000e+00	-5.304903e-01	2.229232e-01	1.264357e-01	-1.809362e-01	2.503180e-01	-1.630359e-02	2.235514e-02	-4.869817e-02	1.632839e-01	-1.629206e-01	1.550438e-01	7.287655e-02	-1.303333e-01	1.886112e-01	-1.956628e-01	2.090020e-01	-5.686902e-02	4.863839e-02	
9.106575e-02	2.276877e-01	2.461017e-02	5.752173e-02	-6.448188e-01	5.894491e-01	-5.304903e-01	1.000000e+00	-9.271296e-01	6.374894e-02	-3.552617e-02	-9.104065e-03	2.874487e-02	-1.993087e-01	-1.295524e-01	1.271167e-01	-1.311441e-01	1.293890e-01	-9.020457e-02	6.953046e-02	-5.939791e-02	6.047581e-02	-5.412161e-02	6.234811e-02	-7.120647e-02	
-5.005820e-02	-2.531472e-01	5.473457e-02	1.652990e-01	3.603938e-01	-2.873669e-01	2.229232e-01	-9.271296e-01	1.000000e+00	-1.179011e-01	1.078652e-01	-8.529645e-02	-3.873517e-02	2.497593e-01	1.655790e-01	-2.371090e-01	2.402595e-01	-2.356665e-01	1.178392e-01	-5.985843e-02	-3.373610e-02	3.646857e-02	-4.974104e-02	-2.666242e-02	4.614595e-02	
2.058201e-01	7.974415e-02	-3.439917e-01	5.689424e-02	1.415718e-01	-1.341417e-01	1.264357e-01	6.374894e-02	-1.179011e-01	1.000000e+00	-9.844513e-01	9.187019e-01	-8.179798e-01	6.514927e-01	1.269975e-01	5.019478e-02	-3.974086e-02	3.043641e-02	2.794431e-02	-1.908293e-02	-2.931743e-02	-4.284095e-03	6.032136e-02	1.159736e-01	-9.931208e-02	
-1.640121e-01	-1.339321e-01	4.533950e-01	-8.055135e-02	-1.951986e-01	1.894549e-01	-1.809362e-01	-3.552617e-02	1.078652e-01	-9.844513e-01	1.000000e+00	-9.728193e-01	8.097720e-01	-6.441817e-01	-1.598307e-01	-5.456199e-02	4.718118e-02	-3.941980e-02	-7.509494e-02	7.363028e-02	-2.148707e-02	6.483283e-02	-1.347109e-01	-1.150754e-01	1.193912e-01	
7.248301e-02	2.130467e-01	-5.894028e-01	1.113518e-01	2.578342e-01	-2.571999e-01	2.503180e-01	-9.104065e-03	-8.529645e-02	9.187019e-01	-9.728193e-01	1.000000e+00	-7.486453e-01	5.906196e-01	2.049222e-01	4.968742e-02	-4.816239e-02	4.423133e-02	1.380309e-01	-1.462683e-01	1.019051e-01	-1.575976e-01	2.447214e-01	9.717112e-02	-1.326536e-01	
-2.327761e-01	-5.524018e-02	-2.896937e-02	2.510835e-02	-6.579743e-02	3.743799e-02	-1.630359e-02	2.874487e-02	-3.873517e-02	-8.179798e-01	8.097720e-01	-7.486453e-01	1.000000e+00	-9.502487e-01	1.842066e-02	6.202586e-02	-6.917281e-02	7.333852e-02	-1.289558e-01	1.002884e-01	1.154271e-01	-1.162410e-01	1.109489e-01	-6.270172e-02	1.706105e-02	
2.679725e-01	-3.133881e-02	1.498153e-01	-2.751882e-02	9.761420e-02	-5.476113e-02	2.235514e-02	-1.993087e-01	2.497593e-01	6.514927e-01	-6.441817e-01	5.906196e-01	-9.502487e-01	1.000000e+00	-5.286800e-02	-1.072798e-01	1.128906e-01	-1.156240e-01	1.697591e-01	-1.427991e-01	-1.782650e-01	1.898597e-01	-2.025690e-01	8.081313e-02	-2.222582e-02	
-3.395434e-02	-2.150097e-01	-4.423752e-01	3.828018e-01	-5.280441e-02	5.403669e-02	-4.869817e-02	-1.295524e-01	1.655790e-01	1.269975e-01	-1.598307e-01	2.049222e-01	1.842066e-02	-5.286800e-02	1.000000e+00	-6.307268e-01	7.092591e-01	-7.692017e-01	1.063293e-02	2.421471e-01	1.324603e-01	-1.540338e-01	1.790167e-01	-7.584850e-02	7.092259e-02	
2.415841e-02	2.083498e-02	-4.546805e-02	-1.557057e-01	1.533991e-01	-1.628632e-01	1.632839e-01	1.271167e-01	-2.371090e-01	5.019478e-02	-5.456199e-02	4.968742e-02	6.202586e-02	-1.072798e-01	-6.307268e-01	1.000000e+00	-9.850987e-01	9.405193e-01	-5.251374e-01	1.970711e-01	-5.925714e-02	3.818584e-02	-2.228085e-03	1.448601e-01	-1.519958e-01	
-1.500294e-03	-6.705464e-02	5.109632e-02	1.563939e-01	-1.564907e-01	1.647338e-01	-1.629206e-01	-1.311441e-01	2.402595e-01	-3.974086e-02	4.718118e-02	-4.816239e-02	-6.917281e-02	1.128906e-01	7.092591e-01	-9.850987e-01	1.000000e+00	-9.844785e-01	4.558002e-01	-1.177498e-01	4.389475e-02	-2.011393e-02	-1.984115e-02	-1.459014e-01	1.638094e-01	
-2.975619e-02	1.017053e-01	-4.938946e-02	-1.503854e-01	1.533705e-01	-1.595448e-01	1.550438e-01	1.293890e-01	-2.356665e-01	3.043641e-02	-3.941980e-02	4.423133e-02	7.333852e-02	-1.156240e-01	-7.692017e-01	9.405193e-01	-9.844785e-01	1.000000e+00	-3.795518e-01	4.428993e-02	-3.105966e-02	5.516481e-03	3.718283e-02	1.428813e-01	-1.690079e-01	
1.133359e-01	2.486507e-01	-1.368616e-01	1.493251e-03	7.028815e-02	-7.386106e-02	7.287655e-02	-9.020457e-02	1.178392e-01	2.794431e-02	-7.509494e-02	1.380309e-01	-1.289558e-01	1.697591e-01	1.063293e-02	-5.251374e-01	4.558002e-01	-3.795518e-01	1.000000e+00	-9.188610e-01	3.680240e-02	-3.195198e-02	2.816492e-02	1.047536e-01	-1.818746e-01	
-1.049766e-01	-2.396773e-01	1.685643e-01	2.796258e-02	-1.274347e-01	1.323236e-01	-1.303333e-01	6.953046e-02	-5.985843e-02	-1.908293e-02	7.363028e-02	-1.462683e-01	1.002884e-01	-1.427991e-01	2.421471e-01	1.970711e-01	-1.177498e-01	4.428993e-02	-9.188610e-01	1.000000e+00	-1.937308e-02	2.450531e-02	-3.499220e-02	-1.738092e-01	2.743521e-01	
-2.622884e-01	3.109127e-01	-2.444164e-01	-3.529244e-02	1.807433e-01	-1.918621e-01	1.886112e-01	-5.939791e-02	-3.373610e-02	-2.931743e-02	-2.148707e-02	1.019051e-01	1.154271e-01	-1.782650e-01	1.324603e-01	-5.925714e-02	4.389475e-02	-3.105966e-02	3.680240e-02	-1.937308e-02	1.000000e+00	-9.898622e-01	9.449531e-01	-8.458865e-01	7.302306e-01	
2.925911e-01	-3.389335e-01	3.299322e-01	-1.300276e-02	-1.889133e-01	1.998064e-01	-1.956628e-01	6.047581e-02	3.646857e-02	-4.284095e-03	6.483283e-02	-1.575976e-01	-1.162410e-01	1.898597e-01	-1.540338e-01	3.818584e-02	-2.011393e-02	5.516481e-03	-3.195198e-02	2.450531e-02	-9.898622e-01	1.000000e+00	-9.810303e-01	8.373017e-01	-7.174777e-01	
-3.457205e-01	3.829914e-01	-4.533569e-01	7.503871e-02	2.000081e-01	-2.124622e-01	2.090020e-01	-5.412161e-02	-4.974104e-02	6.032136e-02	-1.347109e-01	2.447214e-01	1.109489e-01	-2.025690e-01	1.790167e-01	-2.228085e-03	-1.984115e-02	3.718283e-02	2.816492e-02	-3.499220e-02	9.449531e-01	-9.810303e-01	1.000000e+00	-7.837736e-01	6.601181e-01	
2.774101e-01	-2.335892e-01	-1.396467e-01	1.373851e-01	-5.546857e-02	5.943326e-02	-5.686902e-02	6.234811e-02	-2.666242e-02	1.159736e-01	-1.150754e-01	9.717112e-02	-6.270172e-02	8.081313e-02	-7.584850e-02	1.448601e-01	-1.459014e-01	1.428813e-01	1.047536e-01	-1.738092e-01	-8.458865e-01	8.373017e-01	-7.837736e-01	1.000000e+00	-9.721235e-01	
-2.052565e-01	1.536108e-01	2.554038e-01	-1.944648e-01	4.977900e-02	-5.128772e-02	4.863839e-02	-7.120647e-02	4.614595e-02	-9.931208e-02	1.193912e-01	-1.326536e-01	1.706105e-02	-2.222582e-02	7.092259e-02	-1.519958e-01	1.638094e-01	-1.690079e-01	-1.818746e-01	2.743521e-01	7.302306e-01	-7.174777e-01	6.601181e-01	-9.721235e-01	1.000000e+00	

Time taken for mcmc chain: 7.533333 minutes
