Number of steps: 5606481
Number of accepted steps: 1000000
Burn-in number of steps: 320000
Accepted fraction of steps: 0.178365
Convergence Status
R[0]= 1.001049	R[1]= 1.000881	R[2]= 1.020976	R[3]= 1.011618	R[4]= 1.004095	R[5]= 1.004220	R[6]= 1.004486	R[7]= 1.004295	R[8]= 1.004311	R[9]= 1.004704	R[10]= 1.006124	R[11]= 1.007698	R[12]= 1.000119	R[13]= 1.000602	R[14]= 1.008648	R[15]= 1.000093	R[16]= 1.000127	R[17]= 1.000190	R[18]= 1.000788	R[19]= 1.001390	R[20]= 1.001020	R[21]= 1.001842	R[22]= 1.003472	R[23]= 1.000496	R[24]= 1.000946	
<R>= 1.003768

Mean parameters
A[0]= 8.896166e-01 pm 3.357128e-02
A[1]= 9.989768e-01 pm 2.755581e-02
A[2]= 5.541411e-01 pm 3.743649e-01
A[3]= 3.737368e+00 pm 1.212884e+00
A[4]= -1.869766e+03 pm 3.622792e+03
A[5]= 8.413390e+02 pm 2.375850e+03
A[6]= 1.645789e+02 pm 5.493745e+02
A[7]= 6.558487e+00 pm 1.222644e+01
A[8]= -1.438943e-01 pm 1.817709e-01
A[9]= -5.007305e+03 pm 7.504734e+03
A[10]= 2.220344e+03 pm 4.511159e+03
A[11]= -5.247652e+02 pm 9.421216e+02
A[12]= 2.684205e+01 pm 4.359277e+01
A[13]= -5.501746e-01 pm 8.618626e-01
A[14]= 4.866282e+00 pm 1.580584e+00
A[15]= -8.103129e+03 pm 4.867646e+03
A[16]= 5.233816e+03 pm 3.192800e+03
A[17]= -8.333573e+02 pm 7.407797e+02
A[18]= 2.128651e+01 pm 1.798396e+01
A[19]= -1.778448e-01 pm 2.543919e-01
A[20]= -1.712903e+03 pm 1.036238e+04
A[21]= 7.532103e+02 pm 6.146470e+03
A[22]= -4.844638e+02 pm 1.259032e+03
A[23]= 2.082206e+01 pm 6.161299e+01
A[24]= -7.834391e-01 pm 1.200593e+00

Best-fitting parameters
A[0]= 8.881838e-01
A[1]= 9.892543e-01
A[2]= 4.228941e-01
A[3]= 4.590545e+00
A[4]= -3.747959e+03
A[5]= 2.196685e+03
A[6]= -1.652890e+02
A[7]= 7.577590e+00
A[8]= -1.074886e-01
A[9]= -3.933582e+03
A[10]= 1.540927e+03
A[11]= -3.542926e+02
A[12]= 1.653809e+01
A[13]= -3.121807e-01
A[14]= 4.892480e+00
A[15]= -8.643294e+03
A[16]= 5.311114e+03
A[17]= -8.027007e+02
A[18]= 3.140457e+01
A[19]= -3.318069e-01
A[20]= 6.084166e+03
A[21]= -4.075881e+03
A[22]= 4.658049e+02
A[23]= -1.392559e+01
A[24]= -4.206033e-01
chi2_min= 1.135298e+02


Cross-Covariance parameters
1.000000e+00	-5.008366e-01	-1.168612e-01	1.394309e-02	9.799456e-02	-9.489222e-02	8.408393e-02	-4.206841e-03	-3.445958e-03	2.705426e-03	1.438952e-02	-5.217368e-02	1.044626e-01	-6.095085e-02	5.667428e-02	5.320411e-02	-4.595862e-02	3.269142e-02	1.435720e-02	-2.636431e-03	-2.635357e-03	2.042812e-02	-5.982204e-02	1.087934e-01	-7.679078e-02	
-5.008366e-01	1.000000e+00	8.777637e-02	-1.603307e-01	-2.285035e-03	-2.146067e-03	-3.150682e-03	1.503802e-01	-1.476100e-01	5.238264e-02	-6.817027e-02	9.537841e-02	-9.439511e-02	2.188592e-02	-1.293818e-01	-5.727733e-02	5.733900e-02	-6.371109e-02	1.529324e-01	-1.270564e-01	1.196053e-02	-2.566101e-02	5.517828e-02	-8.579668e-02	4.996313e-02	
-1.168612e-01	8.777637e-02	1.000000e+00	-6.290014e-01	-4.267139e-02	5.025069e-02	-4.890238e-02	-7.004371e-02	6.785751e-02	-3.983315e-01	5.116801e-01	-6.425051e-01	-1.789509e-01	3.079787e-01	-5.926576e-01	-1.045609e-01	1.069043e-01	-1.023040e-01	-3.158697e-03	2.129433e-02	-3.563471e-01	4.660142e-01	-6.007318e-01	-1.968702e-01	3.120644e-01	
1.394309e-02	-1.603307e-01	-6.290014e-01	1.000000e+00	-5.653685e-01	6.219736e-01	-6.632119e-01	5.092855e-02	2.317605e-01	1.504152e-01	-2.022305e-01	2.717115e-01	4.592893e-02	-5.390188e-02	3.956878e-01	6.512280e-02	-6.860101e-02	6.919108e-02	-2.628712e-02	6.207136e-03	2.130774e-01	-2.828640e-01	3.698868e-01	1.393294e-01	-2.116547e-01	
9.799456e-02	-2.285035e-03	-4.267139e-02	-5.653685e-01	1.000000e+00	-9.853548e-01	9.457749e-01	-5.155761e-01	1.156153e-01	8.727154e-02	-1.236460e-01	1.583364e-01	1.195069e-01	-1.288667e-01	1.328802e-02	1.699802e-02	-1.737571e-02	1.631617e-02	2.096166e-02	-1.814699e-02	2.375346e-02	-2.860669e-02	3.222251e-02	9.596619e-03	-1.186951e-02	
-9.489222e-02	-2.146067e-03	5.025069e-02	6.219736e-01	-9.853548e-01	1.000000e+00	-9.868785e-01	4.429055e-01	-3.347766e-02	-1.034914e-01	1.433334e-01	-1.813074e-01	-1.297023e-01	1.566621e-01	-1.716859e-02	-1.933981e-02	1.926512e-02	-1.779063e-02	-1.955343e-02	1.703386e-02	-3.032202e-02	3.596165e-02	-4.043321e-02	-6.856593e-03	1.066619e-02	
8.408393e-02	-3.150682e-03	-4.890238e-02	-6.632119e-01	9.457749e-01	-9.868785e-01	1.000000e+00	-3.675198e-01	-3.728609e-02	1.164398e-01	-1.574760e-01	1.962841e-01	1.295253e-01	-1.694269e-01	1.698653e-02	2.119491e-02	-2.081314e-02	1.931212e-02	1.492693e-02	-1.348704e-02	3.289240e-02	-3.843208e-02	4.274884e-02	2.917602e-03	-7.133073e-03	
-4.206841e-03	1.503802e-01	-7.004371e-02	5.092855e-02	-5.155761e-01	4.429055e-01	-3.675198e-01	1.000000e+00	-8.929261e-01	1.569982e-01	-1.499835e-01	1.309916e-01	-4.790597e-02	-1.478526e-01	2.210479e-02	6.475127e-03	-5.355447e-03	2.083027e-03	1.674677e-02	-1.347481e-02	3.810508e-02	-4.761881e-02	5.998993e-02	-8.269563e-03	-4.535973e-03	
-3.445958e-03	-1.476100e-01	6.785751e-02	2.317605e-01	1.156153e-01	-3.347766e-02	-3.728609e-02	-8.929261e-01	1.000000e+00	-2.110736e-01	2.186335e-01	-2.108971e-01	7.382863e-03	2.327571e-01	-2.038750e-02	-1.245680e-02	1.083804e-02	-7.131232e-03	-1.500232e-02	1.148946e-02	-4.418642e-02	5.424169e-02	-6.658638e-02	1.413810e-02	-2.015552e-03	
2.705426e-03	5.238264e-02	-3.983315e-01	1.504152e-01	8.727154e-02	-1.034914e-01	1.164398e-01	1.569982e-01	-2.110736e-01	1.000000e+00	-9.837296e-01	9.196867e-01	-7.010361e-01	4.957914e-01	2.238859e-01	4.516186e-02	-4.656107e-02	4.446007e-02	5.237151e-03	-1.189792e-02	1.359953e-01	-1.822036e-01	2.406883e-01	8.352555e-02	-1.325157e-01	
1.438952e-02	-6.817027e-02	5.116801e-01	-2.022305e-01	-1.236460e-01	1.433334e-01	-1.574760e-01	-1.499835e-01	2.186335e-01	-9.837296e-01	1.000000e+00	-9.744997e-01	6.464948e-01	-4.347131e-01	-2.898871e-01	-5.876570e-02	6.081932e-02	-5.856445e-02	-8.582445e-03	1.824647e-02	-1.817727e-01	2.423026e-01	-3.187711e-01	-1.012652e-01	1.656612e-01	
-5.217368e-02	9.537841e-02	-6.425051e-01	2.717115e-01	1.583364e-01	-1.813074e-01	1.962841e-01	1.309916e-01	-2.108971e-01	9.196867e-01	-9.744997e-01	1.000000e+00	-5.364008e-01	3.269492e-01	3.675679e-01	7.250508e-02	-7.523255e-02	7.287931e-02	1.223220e-02	-2.508265e-02	2.351005e-01	-3.126298e-01	4.107873e-01	1.201046e-01	-2.031051e-01	
1.044626e-01	-9.439511e-02	-1.789509e-01	4.592893e-02	1.195069e-01	-1.297023e-01	1.295253e-01	-4.790597e-02	7.382863e-03	-7.010361e-01	6.464948e-01	-5.364008e-01	1.000000e+00	-9.427940e-01	1.120430e-01	2.462775e-02	-2.459570e-02	2.327524e-02	1.413419e-03	-5.237814e-03	8.225362e-02	-9.886799e-02	1.164099e-01	2.317373e-02	-4.101258e-02	
-6.095085e-02	2.188592e-02	3.079787e-01	-5.390188e-02	-1.288667e-01	1.566621e-01	-1.694269e-01	-1.478526e-01	2.327571e-01	4.957914e-01	-4.347131e-01	3.269492e-01	-9.427940e-01	1.000000e+00	-1.817157e-01	-3.750780e-02	3.802776e-02	-3.593122e-02	-7.982106e-03	1.378610e-02	-1.367791e-01	1.702137e-01	-2.095496e-01	-3.669917e-02	7.384429e-02	
5.667428e-02	-1.293818e-01	-5.926576e-01	3.956878e-01	1.328802e-02	-1.716859e-02	1.698653e-02	2.210479e-02	-2.038750e-02	2.238859e-01	-2.898871e-01	3.675679e-01	1.120430e-01	-1.817157e-01	1.000000e+00	-5.258672e-01	5.951200e-01	-6.465718e-01	-4.187241e-02	2.906269e-01	9.707019e-02	-1.423113e-01	2.070238e-01	6.306518e-02	-8.112919e-02	
5.320411e-02	-5.727733e-02	-1.045609e-01	6.512280e-02	1.699802e-02	-1.933981e-02	2.119491e-02	6.475127e-03	-1.245680e-02	4.516186e-02	-5.876570e-02	7.250508e-02	2.462775e-02	-3.750780e-02	-5.258672e-01	1.000000e+00	-9.839875e-01	9.396605e-01	-5.010597e-01	1.442730e-01	1.865901e-01	-2.197623e-01	2.498646e-01	4.953445e-02	-8.142683e-02	
-4.595862e-02	5.733900e-02	1.069043e-01	-6.860101e-02	-1.737571e-02	1.926512e-02	-2.081314e-02	-5.355447e-03	1.083804e-02	-4.656107e-02	6.081932e-02	-7.523255e-02	-2.459570e-02	3.802776e-02	5.951200e-01	-9.839875e-01	1.000000e+00	-9.851171e-01	4.215813e-01	-5.442532e-02	-1.968776e-01	2.338877e-01	-2.680829e-01	-6.391850e-02	1.063150e-01	
3.269142e-02	-6.371109e-02	-1.023040e-01	6.919108e-02	1.631617e-02	-1.779063e-02	1.931212e-02	2.083027e-03	-7.131232e-03	4.446007e-02	-5.856445e-02	7.287931e-02	2.327524e-02	-3.593122e-02	-6.465718e-01	9.396605e-01	-9.851171e-01	1.000000e+00	-3.359225e-01	-2.779751e-02	1.977346e-01	-2.372691e-01	2.744888e-01	7.512474e-02	-1.243951e-01	
1.435720e-02	1.529324e-01	-3.158697e-03	-2.628712e-02	2.096166e-02	-1.955343e-02	1.492693e-02	1.674677e-02	-1.500232e-02	5.237151e-03	-8.582445e-03	1.223220e-02	1.413419e-03	-7.982106e-03	-4.187241e-02	-5.010597e-01	4.215813e-01	-3.359225e-01	1.000000e+00	-9.140841e-01	-2.473188e-05	-3.781141e-04	-3.492872e-04	7.081347e-02	-1.562898e-01	
-2.636431e-03	-1.270564e-01	2.129433e-02	6.207136e-03	-1.814699e-02	1.703386e-02	-1.348704e-02	-1.347481e-02	1.148946e-02	-1.189792e-02	1.824647e-02	-2.508265e-02	-5.237814e-03	1.378610e-02	2.906269e-01	1.442730e-01	-5.442532e-02	-2.779751e-02	-9.140841e-01	1.000000e+00	-8.039322e-02	9.218447e-02	-9.992417e-02	-8.892195e-02	2.070069e-01	
-2.635357e-03	1.196053e-02	-3.563471e-01	2.130774e-01	2.375346e-02	-3.032202e-02	3.289240e-02	3.810508e-02	-4.418642e-02	1.359953e-01	-1.817727e-01	2.351005e-01	8.225362e-02	-1.367791e-01	9.707019e-02	1.865901e-01	-1.968776e-01	1.977346e-01	-2.473188e-05	-8.039322e-02	1.000000e+00	-9.848875e-01	9.227368e-01	-7.189485e-01	5.621230e-01	
2.042812e-02	-2.566101e-02	4.660142e-01	-2.828640e-01	-2.860669e-02	3.596165e-02	-3.843208e-02	-4.761881e-02	5.424169e-02	-1.822036e-01	2.423026e-01	-3.126298e-01	-9.886799e-02	1.702137e-01	-1.423113e-01	-2.197623e-01	2.338877e-01	-2.372691e-01	-3.781141e-04	9.218447e-02	-9.848875e-01	1.000000e+00	-9.747257e-01	6.718691e-01	-5.084611e-01	
-5.982204e-02	5.517828e-02	-6.007318e-01	3.698868e-01	3.222251e-02	-4.043321e-02	4.274884e-02	5.998993e-02	-6.658638e-02	2.406883e-01	-3.187711e-01	4.107873e-01	1.164099e-01	-2.095496e-01	2.070238e-01	2.498646e-01	-2.680829e-01	2.744888e-01	-3.492872e-04	-9.992417e-02	9.227368e-01	-9.747257e-01	1.000000e+00	-5.677692e-01	4.031178e-01	
1.087934e-01	-8.579668e-02	-1.968702e-01	1.393294e-01	9.596619e-03	-6.856593e-03	2.917602e-03	-8.269563e-03	1.413810e-02	8.352555e-02	-1.012652e-01	1.201046e-01	2.317373e-02	-3.669917e-02	6.306518e-02	4.953445e-02	-6.391850e-02	7.512474e-02	7.081347e-02	-8.892195e-02	-7.189485e-01	6.718691e-01	-5.677692e-01	1.000000e+00	-9.661072e-01	
-7.679078e-02	4.996313e-02	3.120644e-01	-2.116547e-01	-1.186951e-02	1.066619e-02	-7.133073e-03	-4.535973e-03	-2.015552e-03	-1.325157e-01	1.656612e-01	-2.031051e-01	-4.101258e-02	7.384429e-02	-8.112919e-02	-8.142683e-02	1.063150e-01	-1.243951e-01	-1.562898e-01	2.070069e-01	5.621230e-01	-5.084611e-01	4.031178e-01	-9.661072e-01	1.000000e+00	

Time taken for mcmc chain: 43.666667 minutes
