Number of steps: 7793257
Number of accepted steps: 1000000
Burn-in number of steps: 320000
Accepted fraction of steps: 0.128316
Convergence Status
R[0]= 1.001105	R[1]= 1.001656	R[2]= 1.009628	R[3]= 1.003856	R[4]= 1.000208	R[5]= 1.000255	R[6]= 1.000330	R[7]= 1.000372	R[8]= 1.000467	R[9]= 1.002246	R[10]= 1.003165	R[11]= 1.004452	R[12]= 1.000581	R[13]= 1.000297	R[14]= 1.004471	R[15]= 1.000290	R[16]= 1.000396	R[17]= 1.000631	R[18]= 1.000215	R[19]= 1.000545	R[20]= 1.001316	R[21]= 1.001846	R[22]= 1.002586	R[23]= 1.000334	R[24]= 1.000151	
<R>= 1.001656

Mean parameters
A[0]= 1.015079e+00 pm 3.804609e-02
A[1]= 1.077982e+00 pm 2.595506e-02
A[2]= 4.441002e-01 pm 3.315755e-01
A[3]= 3.958394e+00 pm 1.076098e+00
A[4]= 1.431276e+02 pm 3.946105e+03
A[5]= 2.266609e+01 pm 2.602602e+03
A[6]= 3.205009e+02 pm 6.213050e+02
A[7]= -2.220734e+00 pm 1.444602e+01
A[8]= -2.490160e-02 pm 1.916789e-01
A[9]= 1.098405e+04 pm 9.223696e+03
A[10]= -6.854070e+03 pm 5.530962e+03
A[11]= 1.207402e+03 pm 1.165488e+03
A[12]= -7.089636e+01 pm 5.199637e+01
A[13]= 1.257079e+00 pm 9.764156e-01
A[14]= 5.615166e+00 pm 1.652084e+00
A[15]= -4.245499e+03 pm 5.521551e+03
A[16]= 4.064193e+03 pm 3.604061e+03
A[17]= -8.324563e+02 pm 8.565575e+02
A[18]= 8.836923e+00 pm 2.140486e+01
A[19]= 7.038555e-03 pm 2.749777e-01
A[20]= 1.564105e+04 pm 1.263599e+04
A[21]= -8.491259e+03 pm 7.460132e+03
A[22]= 1.108036e+03 pm 1.533798e+03
A[23]= -5.480894e+01 pm 7.437652e+01
A[24]= 3.804540e-01 pm 1.413725e+00

Best-fitting parameters
A[0]= 1.027371e+00
A[1]= 1.075626e+00
A[2]= 2.228070e-01
A[3]= 4.228870e+00
A[4]= 3.565243e+02
A[5]= -2.667496e+02
A[6]= 4.117032e+02
A[7]= 5.600023e-01
A[8]= -7.908293e-02
A[9]= 1.914701e+04
A[10]= -1.223955e+04
A[11]= 2.408966e+03
A[12]= -1.185947e+02
A[13]= 2.002419e+00
A[14]= 7.115100e+00
A[15]= -4.433580e+03
A[16]= 4.617811e+03
A[17]= -1.107753e+03
A[18]= 3.689657e+00
A[19]= 9.630591e-02
A[20]= 1.775618e+04
A[21]= -1.026422e+04
A[22]= 1.581159e+03
A[23]= -4.595484e+01
A[24]= -4.614756e-02
chi2_min= 9.063785e+01


Cross-Covariance parameters
1.000000e+00	-4.722690e-01	-1.419280e-01	3.672132e-02	6.753879e-02	-6.345842e-02	4.988259e-02	3.766445e-02	-4.819648e-02	-1.440441e-02	2.360246e-02	-5.158349e-02	1.274833e-01	-1.057724e-01	6.494827e-02	1.636503e-02	-1.268316e-02	5.792327e-04	7.252681e-02	-6.512175e-02	3.511542e-02	-1.668766e-02	-2.774543e-02	9.010189e-02	-7.731704e-02	
-4.722690e-01	1.000000e+00	4.906735e-02	-1.158969e-01	-9.872957e-03	1.133864e-02	-1.975490e-02	1.154680e-01	-1.158637e-01	5.358179e-02	-7.042040e-02	9.847175e-02	-9.385011e-02	3.334510e-02	-1.223399e-01	3.304641e-03	-2.528879e-03	-5.287794e-03	1.046572e-01	-1.115197e-01	-7.836517e-03	-1.244879e-02	5.272610e-02	-3.350321e-02	-4.494195e-03	
-1.419280e-01	4.906735e-02	1.000000e+00	-5.549587e-01	-1.412364e-01	1.572970e-01	-1.638000e-01	4.273320e-02	1.853244e-02	-4.219431e-01	5.356786e-01	-6.709141e-01	2.730222e-02	1.274536e-01	-6.395490e-01	2.003448e-02	-2.489714e-02	3.473557e-02	-2.144201e-02	-1.249631e-03	-3.457162e-01	4.528467e-01	-5.929524e-01	-4.177786e-02	1.742138e-01	
3.672132e-02	-1.158969e-01	-5.549587e-01	1.000000e+00	-5.372161e-01	6.016625e-01	-6.483523e-01	2.083403e-01	8.550249e-02	1.714703e-01	-2.124038e-01	2.618524e-01	-5.613612e-02	2.028567e-02	3.804985e-01	-1.891796e-02	2.086694e-02	-2.346359e-02	-6.755532e-03	2.285814e-02	1.851192e-01	-2.463331e-01	3.279349e-01	2.794511e-02	-9.840947e-02	
6.753879e-02	-9.872957e-03	-1.412364e-01	-5.372161e-01	1.000000e+00	-9.825445e-01	9.333753e-01	-7.171890e-01	3.353418e-01	1.074883e-01	-1.516968e-01	2.066988e-01	3.391065e-02	-3.901895e-02	8.749370e-02	9.216804e-03	-6.609797e-03	2.941712e-03	1.875204e-03	-1.753076e-03	6.601711e-02	-7.976594e-02	9.595988e-02	-4.806190e-03	-1.641814e-02	
-6.345842e-02	1.133864e-02	1.572970e-01	6.016625e-01	-9.825445e-01	1.000000e+00	-9.833214e-01	6.742620e-01	-2.721814e-01	-1.169959e-01	1.664412e-01	-2.282806e-01	-4.706208e-02	6.751345e-02	-9.702426e-02	-1.059618e-02	8.002470e-03	-4.197980e-03	-1.585627e-03	2.512833e-03	-7.304234e-02	8.856365e-02	-1.070820e-01	5.053182e-03	1.883100e-02	
4.988259e-02	-1.975490e-02	-1.638000e-01	-6.483523e-01	9.333753e-01	-9.833214e-01	1.000000e+00	-6.111862e-01	2.060269e-01	1.262050e-01	-1.786913e-01	2.444260e-01	4.989246e-02	-8.226218e-02	1.021262e-01	1.098442e-02	-8.673271e-03	5.287717e-03	-1.036278e-03	-9.375289e-04	7.627504e-02	-9.268274e-02	1.124876e-01	-6.097925e-03	-1.891149e-02	
3.766445e-02	1.154680e-01	4.273320e-02	2.083403e-01	-7.171890e-01	6.742620e-01	-6.111862e-01	1.000000e+00	-8.759680e-01	5.269531e-02	-2.532201e-02	-1.900728e-02	-3.873010e-02	-1.044407e-01	-4.421224e-02	-9.208229e-03	8.696915e-03	-1.050795e-02	4.043692e-02	-3.904904e-02	-2.524948e-02	3.063170e-02	-3.740950e-02	1.363636e-02	-1.051948e-02	
-4.819648e-02	-1.158637e-01	1.853244e-02	8.550249e-02	3.353418e-01	-2.721814e-01	2.060269e-01	-8.759680e-01	1.000000e+00	-1.346868e-01	1.269862e-01	-1.041051e-01	2.980224e-02	1.814470e-01	4.869648e-03	5.293591e-03	-6.354854e-03	1.006606e-02	-3.981955e-02	3.845426e-02	-2.376583e-03	3.180728e-03	-4.167966e-03	-1.227777e-02	1.888229e-02	
-1.440441e-02	5.358179e-02	-4.219431e-01	1.714703e-01	1.074883e-01	-1.169959e-01	1.262050e-01	5.269531e-02	-1.346868e-01	1.000000e+00	-9.840015e-01	9.177643e-01	-8.184914e-01	6.384983e-01	2.783579e-01	-1.776715e-02	2.129034e-02	-2.692213e-02	1.859778e-02	-9.147993e-03	1.516020e-01	-1.987443e-01	2.621235e-01	8.905000e-03	-7.060184e-02	
2.360246e-02	-7.042040e-02	5.356786e-01	-2.124038e-01	-1.516968e-01	1.664412e-01	-1.786913e-01	-2.532201e-02	1.269862e-01	-9.840015e-01	1.000000e+00	-9.729460e-01	7.892409e-01	-6.011772e-01	-3.514634e-01	1.988705e-02	-2.401136e-02	3.070209e-02	-2.101732e-02	9.361901e-03	-1.934739e-01	2.538883e-01	-3.352194e-01	-1.043335e-02	8.905887e-02	
-5.158349e-02	9.847175e-02	-6.709141e-01	2.618524e-01	2.066988e-01	-2.282806e-01	2.444260e-01	-1.900728e-02	-1.041051e-01	9.177643e-01	-9.729460e-01	1.000000e+00	-6.992232e-01	5.086279e-01	4.382727e-01	-2.130530e-02	2.609777e-02	-3.387623e-02	2.200359e-02	-8.159842e-03	2.442012e-01	-3.211334e-01	4.251213e-01	1.050015e-02	-1.099373e-01	
1.274833e-01	-9.385011e-02	2.730222e-02	-5.613612e-02	3.391065e-02	-4.706208e-02	4.989246e-02	-3.873010e-02	2.980224e-02	-8.184914e-01	7.892409e-01	-6.992232e-01	1.000000e+00	-9.433013e-01	-2.821427e-02	1.755882e-02	-1.838957e-02	1.872003e-02	-5.153773e-03	2.559636e-03	-1.153698e-02	1.796424e-02	-2.913559e-02	1.174913e-02	-2.141093e-03	
-1.057724e-01	3.334510e-02	1.274536e-01	2.028567e-02	-3.901895e-02	6.751345e-02	-8.226218e-02	-1.044407e-01	1.814470e-01	6.384983e-01	-6.011772e-01	5.086279e-01	-9.433013e-01	1.000000e+00	-6.823891e-02	-1.325509e-02	1.264682e-02	-1.041707e-02	-6.109199e-03	5.460906e-03	-4.166113e-02	5.382890e-02	-6.834253e-02	-1.653689e-02	3.096197e-02	
6.494827e-02	-1.223399e-01	-6.395490e-01	3.804985e-01	8.749370e-02	-9.702426e-02	1.021262e-01	-4.421224e-02	4.869648e-03	2.783579e-01	-3.514634e-01	4.382727e-01	-2.821427e-02	-6.823891e-02	1.000000e+00	-5.486612e-01	6.318446e-01	-6.959912e-01	1.584817e-01	1.313213e-01	1.150909e-01	-1.620100e-01	2.302274e-01	4.092574e-02	-8.424107e-02	
1.636503e-02	3.304641e-03	2.003448e-02	-1.891796e-02	9.216804e-03	-1.059618e-02	1.098442e-02	-9.208229e-03	5.293591e-03	-1.776715e-02	1.988705e-02	-2.130530e-02	1.755882e-02	-1.325509e-02	-5.486612e-01	1.000000e+00	-9.807942e-01	9.247103e-01	-7.135529e-01	3.819961e-01	1.308926e-01	-1.561061e-01	1.812542e-01	-3.901682e-02	2.874310e-02	
-1.268316e-02	-2.528879e-03	-2.489714e-02	2.086694e-02	-6.609797e-03	8.002470e-03	-8.673271e-03	8.696915e-03	-6.354854e-03	2.129034e-02	-2.401136e-02	2.609777e-02	-1.838957e-02	1.264682e-02	6.318446e-01	-9.807942e-01	1.000000e+00	-9.806420e-01	6.566933e-01	-3.006354e-01	-1.393504e-01	1.686705e-01	-1.986686e-01	3.455420e-02	-1.526529e-02	
5.792327e-04	-5.287794e-03	3.473557e-02	-2.346359e-02	2.941712e-03	-4.197980e-03	5.287717e-03	-1.050795e-02	1.006606e-02	-2.692213e-02	3.070209e-02	-3.387623e-02	1.872003e-02	-1.041707e-02	-6.959912e-01	9.247103e-01	-9.806420e-01	1.000000e+00	-5.740981e-01	2.092668e-01	1.437984e-01	-1.756548e-01	2.088577e-01	-3.459078e-02	8.715302e-03	
7.252681e-02	1.046572e-01	-2.144201e-02	-6.755532e-03	1.875204e-03	-1.585627e-03	-1.036278e-03	4.043692e-02	-3.981955e-02	1.859778e-02	-2.101732e-02	2.200359e-02	-5.153773e-03	-6.109199e-03	1.584817e-01	-7.135529e-01	6.566933e-01	-5.740981e-01	1.000000e+00	-9.035416e-01	-4.361120e-02	5.429698e-02	-6.754238e-02	7.552105e-02	-1.439538e-01	
-6.512175e-02	-1.115197e-01	-1.249631e-03	2.285814e-02	-1.753076e-03	2.512833e-03	-9.375289e-04	-3.904904e-02	3.845426e-02	-9.147993e-03	9.361901e-03	-8.159842e-03	2.559636e-03	5.460906e-03	1.313213e-01	3.819961e-01	-3.006354e-01	2.092668e-01	-9.035416e-01	1.000000e+00	-1.237477e-02	1.320904e-02	-1.030279e-02	-7.495335e-02	1.774933e-01	
3.511542e-02	-7.836517e-03	-3.457162e-01	1.851192e-01	6.601711e-02	-7.304234e-02	7.627504e-02	-2.524948e-02	-2.376583e-03	1.516020e-01	-1.934739e-01	2.442012e-01	-1.153698e-02	-4.166113e-02	1.150909e-01	1.308926e-01	-1.393504e-01	1.437984e-01	-4.361120e-02	-1.237477e-02	1.000000e+00	-9.850411e-01	9.188408e-01	-8.239466e-01	6.878848e-01	
-1.668766e-02	-1.244879e-02	4.528467e-01	-2.463331e-01	-7.976594e-02	8.856365e-02	-9.268274e-02	3.063170e-02	3.180728e-03	-1.987443e-01	2.538883e-01	-3.211334e-01	1.796424e-02	5.382890e-02	-1.620100e-01	-1.561061e-01	1.686705e-01	-1.756548e-01	5.429698e-02	1.320904e-02	-9.850411e-01	1.000000e+00	-9.721420e-01	7.972214e-01	-6.516425e-01	
-2.774543e-02	5.272610e-02	-5.929524e-01	3.279349e-01	9.595988e-02	-1.070820e-01	1.124876e-01	-3.740950e-02	-4.167966e-03	2.621235e-01	-3.352194e-01	4.251213e-01	-2.913559e-02	-6.834253e-02	2.302274e-01	1.812542e-01	-1.986686e-01	2.088577e-01	-6.754238e-02	-1.030279e-02	9.188408e-01	-9.721420e-01	1.000000e+00	-7.086002e-01	5.559414e-01	
9.010189e-02	-3.350321e-02	-4.177786e-02	2.794511e-02	-4.806190e-03	5.053182e-03	-6.097925e-03	1.363636e-02	-1.227777e-02	8.905000e-03	-1.043335e-02	1.050015e-02	1.174913e-02	-1.653689e-02	4.092574e-02	-3.901682e-02	3.455420e-02	-3.459078e-02	7.552105e-02	-7.495335e-02	-8.239466e-01	7.972214e-01	-7.086002e-01	1.000000e+00	-9.659389e-01	
-7.731704e-02	-4.494195e-03	1.742138e-01	-9.840947e-02	-1.641814e-02	1.883100e-02	-1.891149e-02	-1.051948e-02	1.888229e-02	-7.060184e-02	8.905887e-02	-1.099373e-01	-2.141093e-03	3.096197e-02	-8.424107e-02	2.874310e-02	-1.526529e-02	8.715302e-03	-1.439538e-01	1.774933e-01	6.878848e-01	-6.516425e-01	5.559414e-01	-9.659389e-01	1.000000e+00	

Time taken for mcmc chain: 59.233333 minutes
