Number of steps: 3969321
Number of accepted steps: 1000000
Burn-in number of steps: 320000
Accepted fraction of steps: 0.251932
Convergence Status
R[0]= 1.000541	R[1]= 1.003169	R[2]= 1.011265	R[3]= 1.008277	R[4]= 1.000424	R[5]= 1.000537	R[6]= 1.000696	R[7]= 1.000212	R[8]= 1.000750	R[9]= 1.001014	R[10]= 1.001446	R[11]= 1.002743	R[12]= 1.000934	R[13]= 1.000925	R[14]= 1.015669	R[15]= 1.007346	R[16]= 1.008895	R[17]= 1.010144	R[18]= 1.000324	R[19]= 1.002164	R[20]= 1.001169	R[21]= 1.001999	R[22]= 1.003586	R[23]= 1.001095	R[24]= 1.001890	
<R>= 1.003489

Mean parameters
A[0]= 8.283451e-01 pm 3.968852e-02
A[1]= 9.889199e-01 pm 3.072705e-02
A[2]= 3.858194e-01 pm 2.859454e-01
A[3]= 3.550896e+00 pm 1.132455e+00
A[4]= -8.980878e+02 pm 3.346027e+03
A[5]= -6.077829e+01 pm 2.162913e+03
A[6]= 3.889686e+02 pm 4.907795e+02
A[7]= 6.231271e+00 pm 1.154941e+01
A[8]= -1.402511e-01 pm 1.695824e-01
A[9]= -6.233058e+03 pm 6.700646e+03
A[10]= 2.301413e+03 pm 3.876955e+03
A[11]= -4.056243e+02 pm 7.601968e+02
A[12]= 4.506228e+01 pm 3.984109e+01
A[13]= -8.858765e-01 pm 7.637961e-01
A[14]= 5.740889e+00 pm 1.578689e+00
A[15]= -8.264167e+03 pm 4.479118e+03
A[16]= 5.259204e+03 pm 2.945435e+03
A[17]= -8.658491e+02 pm 6.803609e+02
A[18]= 9.352723e+00 pm 1.679312e+01
A[19]= 4.067110e-03 pm 2.453358e-01
A[20]= -5.786798e+03 pm 9.435979e+03
A[21]= 2.543804e+03 pm 5.576693e+03
A[22]= -6.529817e+02 pm 1.131069e+03
A[23]= 5.661601e+01 pm 5.524802e+01
A[24]= -1.468565e+00 pm 1.066878e+00

Best-fitting parameters
A[0]= 8.298383e-01
A[1]= 9.874469e-01
A[2]= 1.430796e-01
A[3]= 3.979887e+00
A[4]= -2.332459e+02
A[5]= -4.884903e+02
A[6]= 4.792167e+02
A[7]= 4.096631e+00
A[8]= -1.239363e-01
A[9]= -8.760309e+03
A[10]= 3.117995e+03
A[11]= -3.928959e+02
A[12]= 6.832423e+01
A[13]= -1.323803e+00
A[14]= 7.348902e+00
A[15]= -1.017770e+04
A[16]= 6.473850e+03
A[17]= -1.122579e+03
A[18]= 4.238913e+00
A[19]= 1.414666e-01
A[20]= -7.620407e+03
A[21]= 3.133233e+03
A[22]= -6.088603e+02
A[23]= 1.030620e+02
A[24]= -2.464695e+00
chi2_min= 1.116728e+02


Cross-Covariance parameters
1.000000e+00	-5.288830e-01	2.176947e-02	-6.876181e-02	1.137458e-01	-1.024357e-01	8.480284e-02	-7.894779e-02	8.176946e-02	-2.317153e-02	6.150259e-02	-1.334689e-01	5.743831e-03	8.480157e-02	-9.328759e-03	2.031300e-02	-6.529037e-03	-1.200219e-02	-3.136271e-02	7.144879e-02	-4.660424e-02	9.579653e-02	-1.788027e-01	2.978879e-02	5.396994e-02	
-5.288830e-01	1.000000e+00	1.061150e-01	-1.119537e-01	-5.258116e-02	5.578846e-02	-6.589167e-02	1.841153e-01	-1.626203e-01	7.510697e-02	-9.225953e-02	1.279251e-01	-1.065601e-01	1.973058e-02	-1.787393e-01	6.976280e-03	-7.704461e-03	-2.599941e-03	1.857409e-01	-1.830427e-01	4.223364e-02	-7.305059e-02	1.252103e-01	-9.369989e-02	2.857958e-02	
2.176947e-02	1.061150e-01	1.000000e+00	-5.398798e-01	-3.583614e-02	3.567516e-02	-2.894736e-02	3.711643e-03	-7.332157e-03	-3.161206e-01	4.119227e-01	-5.393118e-01	-1.429663e-01	2.350986e-01	-5.209192e-01	-1.730195e-01	1.771793e-01	-1.732854e-01	3.026416e-02	1.087607e-02	-3.696623e-01	4.735494e-01	-6.009796e-01	-2.011686e-01	3.133790e-01	
-6.876181e-02	-1.119537e-01	-5.398798e-01	1.000000e+00	-6.199722e-01	6.890775e-01	-7.396993e-01	-2.630477e-02	3.095507e-01	8.165755e-02	-1.305757e-01	2.112401e-01	2.713140e-02	-2.207862e-02	3.232385e-01	6.854793e-02	-6.865115e-02	6.843894e-02	-4.170479e-02	2.690608e-02	2.036248e-01	-2.600374e-01	3.301519e-01	1.019732e-01	-1.634544e-01	
1.137458e-01	-5.258116e-02	-3.583614e-02	-6.199722e-01	1.000000e+00	-9.855077e-01	9.451370e-01	-5.123039e-01	1.485650e-01	3.961583e-02	-5.178028e-02	5.549112e-02	1.022485e-01	-6.936467e-02	-1.945883e-03	2.703672e-02	-2.833407e-02	2.604140e-02	1.743224e-02	-2.546395e-02	1.017522e-03	6.741150e-04	-4.714002e-03	2.922179e-02	-2.392943e-02	
-1.024357e-01	5.578846e-02	3.567516e-02	6.890775e-01	-9.855077e-01	1.000000e+00	-9.864138e-01	4.376546e-01	-6.360902e-02	-4.965635e-02	6.261192e-02	-6.608135e-02	-1.094435e-01	9.248950e-02	3.658074e-03	-2.790668e-02	2.995745e-02	-2.852691e-02	-1.658092e-02	2.642814e-02	1.124419e-04	-1.240080e-03	4.501360e-03	-2.949454e-02	2.462074e-02	
8.480284e-02	-6.589167e-02	-2.894736e-02	-7.396993e-01	9.451370e-01	-9.864138e-01	1.000000e+00	-3.585719e-01	-1.237611e-02	5.686761e-02	-6.973199e-02	7.217120e-02	1.102237e-01	-1.060066e-01	-6.006173e-03	2.614882e-02	-2.898682e-02	2.884139e-02	1.283975e-02	-2.439028e-02	-4.045668e-03	5.231045e-03	-8.372581e-03	2.832546e-02	-2.312257e-02	
-7.894779e-02	1.841153e-01	3.711643e-03	-2.630477e-02	-5.123039e-01	4.376546e-01	-3.585719e-01	1.000000e+00	-9.079694e-01	1.597858e-01	-1.536927e-01	1.357831e-01	-9.220412e-02	-1.101956e-01	-4.182693e-02	2.003099e-02	-2.203500e-02	2.128836e-02	2.727321e-02	-3.070880e-02	2.794380e-02	-3.464721e-02	4.384007e-02	-2.490811e-02	8.982987e-03	
8.176946e-02	-1.626203e-01	-7.332157e-03	3.095507e-01	1.485650e-01	-6.360902e-02	-1.237611e-02	-9.079694e-01	1.000000e+00	-1.946436e-01	1.930582e-01	-1.738582e-01	6.458671e-02	1.655989e-01	5.207420e-02	-2.864750e-02	3.286224e-02	-3.365903e-02	-3.043054e-02	4.070937e-02	-2.419940e-02	2.971123e-02	-3.752614e-02	1.714326e-02	-1.821046e-03	
-2.317153e-02	7.510697e-02	-3.161206e-01	8.165755e-02	3.961583e-02	-4.965635e-02	5.686761e-02	1.597858e-01	-1.946436e-01	1.000000e+00	-9.871733e-01	9.319490e-01	-7.858764e-01	6.240685e-01	1.235198e-01	7.720330e-02	-8.093795e-02	7.888874e-02	2.556380e-02	-4.564836e-02	1.416702e-01	-1.772327e-01	2.202942e-01	4.260417e-02	-8.623816e-02	
6.150259e-02	-9.225953e-02	4.119227e-01	-1.305757e-01	-5.178028e-02	6.261192e-02	-6.973199e-02	-1.536927e-01	1.930582e-01	-9.871733e-01	1.000000e+00	-9.769152e-01	7.640962e-01	-5.985642e-01	-1.734837e-01	-9.264072e-02	9.720410e-02	-9.515499e-02	-2.664493e-02	5.188238e-02	-1.792763e-01	2.268206e-01	-2.853666e-01	-6.024487e-02	1.181073e-01	
-1.334689e-01	1.279251e-01	-5.393118e-01	2.112401e-01	5.549112e-02	-6.608135e-02	7.217120e-02	1.357831e-01	-1.738582e-01	9.319490e-01	-9.769152e-01	1.000000e+00	-6.929317e-01	5.295705e-01	2.409095e-01	1.117806e-01	-1.174289e-01	1.155608e-01	2.869598e-02	-6.079728e-02	2.292043e-01	-2.936488e-01	3.745943e-01	8.408009e-02	-1.624714e-01	
5.743831e-03	-1.065601e-01	-1.429663e-01	2.713140e-02	1.022485e-01	-1.094435e-01	1.102237e-01	-9.220412e-02	6.458671e-02	-7.858764e-01	7.640962e-01	-6.929317e-01	1.000000e+00	-9.473979e-01	1.072883e-01	9.922249e-03	-9.191822e-03	9.634038e-03	-2.586290e-02	2.403132e-02	3.087632e-02	-4.361081e-02	6.002895e-02	5.357995e-02	-6.314919e-02	
8.480157e-02	1.973058e-02	2.350986e-01	-2.207862e-02	-6.936467e-02	9.248950e-02	-1.060066e-01	-1.101956e-01	1.655989e-01	6.240685e-01	-5.985642e-01	5.295705e-01	-9.473979e-01	1.000000e+00	-1.402586e-01	-3.193537e-02	3.347098e-02	-3.443683e-02	1.184390e-02	-1.281314e-03	-7.564127e-02	1.031932e-01	-1.397397e-01	-6.489009e-02	9.562333e-02	
-9.328759e-03	-1.787393e-01	-5.209192e-01	3.232385e-01	-1.945883e-03	3.658074e-03	-6.006173e-03	-4.182693e-02	5.207420e-02	1.235198e-01	-1.734837e-01	2.409095e-01	1.072883e-01	-1.402586e-01	1.000000e+00	-5.325754e-01	6.062707e-01	-6.583708e-01	-1.528657e-01	3.799138e-01	6.471960e-02	-1.085434e-01	1.804277e-01	9.381627e-02	-1.112552e-01	
2.031300e-02	6.976280e-03	-1.730195e-01	6.854793e-02	2.703672e-02	-2.790668e-02	2.614882e-02	2.003099e-02	-2.864750e-02	7.720330e-02	-9.264072e-02	1.117806e-01	9.922249e-03	-3.193537e-02	-5.325754e-01	1.000000e+00	-9.837377e-01	9.394286e-01	-4.198847e-01	8.242795e-02	2.111824e-01	-2.374044e-01	2.520699e-01	2.094533e-02	-4.353609e-02	
-6.529037e-03	-7.704461e-03	1.771793e-01	-6.865115e-02	-2.833407e-02	2.995745e-02	-2.898682e-02	-2.203500e-02	3.286224e-02	-8.093795e-02	9.720410e-02	-1.174289e-01	-9.191822e-03	3.347098e-02	6.062707e-01	-9.837377e-01	1.000000e+00	-9.852322e-01	3.331378e-01	1.168385e-02	-2.184671e-01	2.474468e-01	-2.640667e-01	-3.414141e-02	6.505508e-02	
-1.200219e-02	-2.599941e-03	-1.732854e-01	6.843894e-02	2.604140e-02	-2.852691e-02	2.884139e-02	2.128836e-02	-3.365903e-02	7.888874e-02	-9.515499e-02	1.155608e-01	9.634038e-03	-3.443683e-02	-6.583708e-01	9.394286e-01	-9.852322e-01	1.000000e+00	-2.472244e-01	-9.254390e-02	2.161425e-01	-2.469948e-01	2.652415e-01	4.459106e-02	-8.055754e-02	
-3.136271e-02	1.857409e-01	3.026416e-02	-4.170479e-02	1.743224e-02	-1.658092e-02	1.283975e-02	2.727321e-02	-3.043054e-02	2.556380e-02	-2.664493e-02	2.869598e-02	-2.586290e-02	1.184390e-02	-1.528657e-01	-4.198847e-01	3.331378e-01	-2.472244e-01	1.000000e+00	-9.244771e-01	3.099040e-02	-3.088748e-02	2.557263e-02	2.517112e-02	-1.186789e-01	
7.144879e-02	-1.830427e-01	1.087607e-02	2.690608e-02	-2.546395e-02	2.642814e-02	-2.439028e-02	-3.070880e-02	4.070937e-02	-4.564836e-02	5.188238e-02	-6.079728e-02	2.403132e-02	-1.281314e-03	3.799138e-01	8.242795e-02	1.168385e-02	-9.254390e-02	-9.244771e-01	1.000000e+00	-1.095830e-01	1.172487e-01	-1.143938e-01	-3.398181e-02	1.533358e-01	
-4.660424e-02	4.223364e-02	-3.696623e-01	2.036248e-01	1.017522e-03	1.124419e-04	-4.045668e-03	2.794380e-02	-2.419940e-02	1.416702e-01	-1.792763e-01	2.292043e-01	3.087632e-02	-7.564127e-02	6.471960e-02	2.111824e-01	-2.184671e-01	2.161425e-01	3.099040e-02	-1.095830e-01	1.000000e+00	-9.856233e-01	9.251479e-01	-7.264970e-01	5.745570e-01	
9.579653e-02	-7.305059e-02	4.735494e-01	-2.600374e-01	6.741150e-04	-1.240080e-03	5.231045e-03	-3.464721e-02	2.971123e-02	-1.772327e-01	2.268206e-01	-2.936488e-01	-4.361081e-02	1.031932e-01	-1.085434e-01	-2.374044e-01	2.474468e-01	-2.469948e-01	-3.088748e-02	1.172487e-01	-9.856233e-01	1.000000e+00	-9.750995e-01	6.852399e-01	-5.270113e-01	
-1.788027e-01	1.252103e-01	-6.009796e-01	3.301519e-01	-4.714002e-03	4.501360e-03	-8.372581e-03	4.384007e-02	-3.752614e-02	2.202942e-01	-2.853666e-01	3.745943e-01	6.002895e-02	-1.397397e-01	1.804277e-01	2.520699e-01	-2.640667e-01	2.652415e-01	2.557263e-02	-1.143938e-01	9.251479e-01	-9.750995e-01	1.000000e+00	-5.905492e-01	4.303450e-01	
2.978879e-02	-9.369989e-02	-2.011686e-01	1.019732e-01	2.922179e-02	-2.949454e-02	2.832546e-02	-2.490811e-02	1.714326e-02	4.260417e-02	-6.024487e-02	8.408009e-02	5.357995e-02	-6.489009e-02	9.381627e-02	2.094533e-02	-3.414141e-02	4.459106e-02	2.517112e-02	-3.398181e-02	-7.264970e-01	6.852399e-01	-5.905492e-01	1.000000e+00	-9.644791e-01	
5.396994e-02	2.857958e-02	3.133790e-01	-1.634544e-01	-2.392943e-02	2.462074e-02	-2.312257e-02	8.982987e-03	-1.821046e-03	-8.623816e-02	1.181073e-01	-1.624714e-01	-6.314919e-02	9.562333e-02	-1.112552e-01	-4.353609e-02	6.505508e-02	-8.055754e-02	-1.186789e-01	1.533358e-01	5.745570e-01	-5.270113e-01	4.303450e-01	-9.644791e-01	1.000000e+00	

Time taken for mcmc chain: 25.266667 minutes
