Number of steps: 18825148
Number of accepted steps: 1000000
Burn-in number of steps: 320000
Accepted fraction of steps: 0.053120
Convergence Status
R[0]= 1.037264	R[1]= 1.000900	R[2]= 1.039480	R[3]= 1.012219	R[4]= 1.000466	R[5]= 1.000435	R[6]= 1.000504	R[7]= 1.000225	R[8]= 1.000269	R[9]= 1.003542	R[10]= 1.006740	R[11]= 1.012021	R[12]= 1.000312	R[13]= 1.002541	R[14]= 1.020512	R[15]= 1.000527	R[16]= 1.000446	R[17]= 1.000312	R[18]= 1.000886	R[19]= 1.001093	R[20]= 1.005475	R[21]= 1.009057	R[22]= 1.014870	R[23]= 1.002029	R[24]= 1.006928	
<R>= 1.007162

Mean parameters
A[0]= 9.098188e-01 pm 5.347628e-02
A[1]= 1.034589e+00 pm 3.259219e-02
A[2]= 7.099026e-01 pm 4.922290e-01
A[3]= 3.285025e+00 pm 1.215013e+00
A[4]= -2.934259e+03 pm 3.797079e+03
A[5]= 1.341808e+03 pm 2.488070e+03
A[6]= 1.124715e+02 pm 5.807249e+02
A[7]= 1.675845e+01 pm 1.302360e+01
A[8]= -2.975412e-01 pm 1.809520e-01
A[9]= -3.859340e+03 pm 8.237807e+03
A[10]= 1.729054e+03 pm 4.956338e+03
A[11]= -4.746308e+02 pm 1.046774e+03
A[12]= 2.171301e+01 pm 4.825294e+01
A[13]= -6.606290e-01 pm 9.462278e-01
A[14]= 4.827087e+00 pm 1.648110e+00
A[15]= -7.650056e+03 pm 5.185903e+03
A[16]= 5.288516e+03 pm 3.402013e+03
A[17]= -9.031514e+02 pm 7.937852e+02
A[18]= 9.254682e+00 pm 1.886254e+01
A[19]= 2.702595e-02 pm 2.644599e-01
A[20]= 3.747184e+03 pm 1.153860e+04
A[21]= -2.113147e+03 pm 7.091720e+03
A[22]= -7.017224e+00 pm 1.539227e+03
A[23]= -4.114003e+01 pm 6.650242e+01
A[24]= 5.064073e-01 pm 1.325052e+00

Best-fitting parameters
A[0]= 9.022123e-01
A[1]= 1.037997e+00
A[2]= 6.442251e-01
A[3]= 3.455007e+00
A[4]= -6.034531e+03
A[5]= 3.242892e+03
A[6]= -2.869552e+02
A[7]= 3.311905e+01
A[8]= -4.804594e-01
A[9]= -4.942020e+03
A[10]= 2.384741e+03
A[11]= -6.198524e+02
A[12]= 3.001663e+01
A[13]= -9.754028e-01
A[14]= 5.040073e+00
A[15]= -7.188754e+03
A[16]= 5.343855e+03
A[17]= -9.889931e+02
A[18]= 6.654631e+00
A[19]= 4.549791e-02
A[20]= 1.355376e+03
A[21]= -9.568070e+02
A[22]= -1.803476e+02
A[23]= -3.385717e+01
A[24]= 2.803174e-01
chi2_min= 9.544598e+01


Cross-Covariance parameters
1.000000e+00	-5.253341e-01	-7.682522e-03	1.759749e-02	-2.125409e-02	4.548524e-02	-7.669819e-02	4.342696e-02	3.964789e-02	-7.416596e-02	1.169327e-01	-1.838307e-01	6.389681e-02	2.117367e-02	-7.073146e-02	5.468528e-02	-3.891369e-02	1.100785e-02	3.034158e-02	1.304695e-02	-4.024278e-02	8.792193e-02	-1.632873e-01	5.159612e-02	2.242819e-02	
-5.253341e-01	1.000000e+00	1.534648e-01	-1.779836e-01	-1.557988e-02	7.579243e-03	-5.488425e-03	1.379166e-01	-1.594349e-01	4.162372e-02	-5.570478e-02	8.048978e-02	-1.058284e-01	3.081944e-02	-1.967661e-01	-4.155094e-03	-3.060463e-03	5.239640e-03	1.620794e-01	-1.777037e-01	-3.011289e-03	-1.726211e-02	5.569047e-02	-5.812763e-02	5.792098e-03	
-7.682522e-03	1.534648e-01	1.000000e+00	-7.158729e-01	3.943694e-02	-3.597052e-02	3.879238e-02	-5.345259e-02	2.357123e-02	-3.668962e-01	4.811736e-01	-6.130894e-01	-1.409077e-01	2.731723e-01	-6.785768e-01	-1.212644e-01	1.352530e-01	-1.403406e-01	-6.926280e-03	4.130157e-02	-4.250949e-01	5.435445e-01	-6.722852e-01	-1.960471e-01	3.471643e-01	
1.759749e-02	-1.779836e-01	-7.158729e-01	1.000000e+00	-5.369440e-01	5.877798e-01	-6.245819e-01	1.346276e-01	1.445111e-01	2.046200e-01	-2.660948e-01	3.420875e-01	2.584666e-02	-7.516470e-02	5.178100e-01	8.077540e-02	-9.094157e-02	9.535222e-02	-1.247474e-02	-9.604382e-03	3.131570e-01	-3.973778e-01	4.882225e-01	1.401435e-01	-2.471129e-01	
-2.125409e-02	-1.557988e-02	3.943694e-02	-5.369440e-01	1.000000e+00	-9.847992e-01	9.423996e-01	-6.311443e-01	2.362903e-01	5.665987e-02	-9.229735e-02	1.298075e-01	1.167960e-01	-1.096658e-01	-2.249126e-02	1.063602e-02	-1.081172e-02	1.228516e-02	-9.777998e-03	1.391910e-03	-1.911447e-02	2.052736e-02	-2.152287e-02	1.987656e-03	3.246390e-03	
4.548524e-02	7.579243e-03	-3.597052e-02	5.877798e-01	-9.847992e-01	1.000000e+00	-9.856984e-01	5.718475e-01	-1.604504e-01	-6.812399e-02	1.087680e-01	-1.521913e-01	-1.322183e-01	1.407805e-01	1.880845e-02	-1.298720e-02	1.395609e-02	-1.630736e-02	1.079394e-02	6.583541e-04	1.692249e-02	-1.628726e-02	1.455208e-02	-3.486107e-03	8.676592e-04	
-7.669819e-02	-5.488425e-03	3.879238e-02	-6.245819e-01	9.423996e-01	-9.856984e-01	1.000000e+00	-5.029235e-01	9.026749e-02	8.049469e-02	-1.238666e-01	1.705145e-01	1.339414e-01	-1.549801e-01	-1.686094e-02	1.272947e-02	-1.449768e-02	1.807304e-02	-1.517954e-02	8.734480e-04	-1.759719e-02	1.561220e-02	-1.179815e-02	2.703552e-03	-1.662938e-03	
4.342696e-02	1.379166e-01	-5.345259e-02	1.346276e-01	-6.311443e-01	5.718475e-01	-5.029235e-01	1.000000e+00	-8.816366e-01	9.748542e-02	-8.398442e-02	5.862417e-02	-5.004598e-02	-1.061728e-01	-4.876472e-04	1.285688e-02	-1.498315e-02	1.236161e-02	6.494571e-02	-6.495719e-02	3.631423e-02	-4.248350e-02	4.810964e-02	1.394446e-02	-3.043797e-02	
3.964789e-02	-1.594349e-01	2.357123e-02	1.445111e-01	2.362903e-01	-1.604504e-01	9.026749e-02	-8.816366e-01	1.000000e+00	-1.447251e-01	1.490153e-01	-1.409662e-01	-1.005348e-03	2.069854e-01	1.265116e-02	-1.441197e-02	1.764844e-02	-1.784652e-02	-5.844912e-02	6.672342e-02	-2.836042e-02	3.577577e-02	-4.428173e-02	-8.071709e-03	2.629601e-02	
-7.416596e-02	4.162372e-02	-3.668962e-01	2.046200e-01	5.665987e-02	-6.812399e-02	8.049469e-02	9.748542e-02	-1.447251e-01	1.000000e+00	-9.826299e-01	9.129615e-01	-7.380322e-01	5.473257e-01	2.562446e-01	6.520774e-02	-6.950177e-02	7.013839e-02	8.581294e-03	-3.241482e-02	1.818703e-01	-2.324235e-01	2.893743e-01	6.727312e-02	-1.378628e-01	
1.169327e-01	-5.570478e-02	4.811736e-01	-2.660948e-01	-9.229735e-02	1.087680e-01	-1.238666e-01	-8.398442e-02	1.490153e-01	-9.826299e-01	1.000000e+00	-9.720221e-01	6.799370e-01	-4.790660e-01	-3.382835e-01	-7.840593e-02	8.520427e-02	-8.752260e-02	-9.671575e-03	3.992293e-02	-2.322074e-01	2.993439e-01	-3.755176e-01	-8.981324e-02	1.816018e-01	
-1.838307e-01	8.048978e-02	-6.130894e-01	3.420875e-01	1.298075e-01	-1.521913e-01	1.705145e-01	5.862417e-02	-1.409662e-01	9.129615e-01	-9.720221e-01	1.000000e+00	-5.595652e-01	3.552335e-01	4.340494e-01	9.147658e-02	-1.016252e-01	1.065911e-01	1.031194e-02	-4.819849e-02	2.902982e-01	-3.774230e-01	4.771730e-01	1.145768e-01	-2.317544e-01	
6.389681e-02	-1.058284e-01	-1.409077e-01	2.584666e-02	1.167960e-01	-1.322183e-01	1.339414e-01	-5.004598e-02	-1.005348e-03	-7.380322e-01	6.799370e-01	-5.595652e-01	1.000000e+00	-9.476686e-01	8.884173e-02	1.522814e-02	-2.156295e-02	2.635813e-02	8.921168e-03	-1.468941e-02	5.120468e-02	-6.467417e-02	7.700361e-02	3.981495e-02	-5.357310e-02	
2.117367e-02	3.081944e-02	2.731723e-01	-7.516470e-02	-1.096658e-01	1.407805e-01	-1.549801e-01	-1.061728e-01	2.069854e-01	5.473257e-01	-4.790660e-01	3.552335e-01	-9.476686e-01	1.000000e+00	-1.767408e-01	-3.484860e-02	4.445576e-02	-5.138171e-02	-2.273113e-02	3.912333e-02	-1.213875e-01	1.559881e-01	-1.932165e-01	-5.947783e-02	1.046829e-01	
-7.073146e-02	-1.967661e-01	-6.785768e-01	5.178100e-01	-2.249126e-02	1.880845e-02	-1.686094e-02	-4.876472e-04	1.265116e-02	2.562446e-01	-3.382835e-01	4.340494e-01	8.884173e-02	-1.767408e-01	1.000000e+00	-4.380130e-01	4.876732e-01	-5.239208e-01	-8.162032e-03	2.265977e-01	1.919954e-01	-2.564118e-01	3.354681e-01	7.181441e-02	-1.315166e-01	
5.468528e-02	-4.155094e-03	-1.212644e-01	8.077540e-02	1.063602e-02	-1.298720e-02	1.272947e-02	1.285688e-02	-1.441197e-02	6.520774e-02	-7.840593e-02	9.147658e-02	1.522814e-02	-3.484860e-02	-4.380130e-01	1.000000e+00	-9.840246e-01	9.390210e-01	-5.288021e-01	1.559831e-01	2.177985e-01	-2.569976e-01	2.875209e-01	6.311358e-02	-1.113424e-01	
-3.891369e-02	-3.060463e-03	1.352530e-01	-9.094157e-02	-1.081172e-02	1.395609e-02	-1.449768e-02	-1.498315e-02	1.764844e-02	-6.950177e-02	8.520427e-02	-1.016252e-01	-2.156295e-02	4.445576e-02	4.876732e-01	-9.840246e-01	1.000000e+00	-9.847228e-01	4.553372e-01	-6.899164e-02	-2.303429e-01	2.763668e-01	-3.141344e-01	-8.529780e-02	1.457998e-01	
1.100785e-02	5.239640e-03	-1.403406e-01	9.535222e-02	1.228516e-02	-1.630736e-02	1.807304e-02	1.236161e-02	-1.784652e-02	7.013839e-02	-8.752260e-02	1.065911e-01	2.635813e-02	-5.138171e-02	-5.239208e-01	9.390210e-01	-9.847228e-01	1.000000e+00	-3.734514e-01	-1.279114e-02	2.349018e-01	-2.861169e-01	3.299829e-01	1.004159e-01	-1.698772e-01	
3.034158e-02	1.620794e-01	-6.926280e-03	-1.247474e-02	-9.777998e-03	1.079394e-02	-1.517954e-02	6.494571e-02	-5.844912e-02	8.581294e-03	-9.671575e-03	1.031194e-02	8.921168e-03	-2.273113e-02	-8.162032e-03	-5.288021e-01	4.553372e-01	-3.734514e-01	1.000000e+00	-9.037002e-01	-1.167505e-02	1.523659e-02	-1.892101e-02	8.169197e-02	-1.577677e-01	
1.304695e-02	-1.777037e-01	4.130157e-02	-9.604382e-03	1.391910e-03	6.583541e-04	8.734480e-04	-6.495719e-02	6.672342e-02	-3.241482e-02	3.992293e-02	-4.819849e-02	-1.468941e-02	3.912333e-02	2.265977e-01	1.559831e-01	-6.899164e-02	-1.279114e-02	-9.037002e-01	1.000000e+00	-7.925164e-02	9.429849e-02	-1.059661e-01	-1.233352e-01	2.429889e-01	
-4.024278e-02	-3.011289e-03	-4.250949e-01	3.131570e-01	-1.911447e-02	1.692249e-02	-1.759719e-02	3.631423e-02	-2.836042e-02	1.818703e-01	-2.322074e-01	2.902982e-01	5.120468e-02	-1.213875e-01	1.919954e-01	2.177985e-01	-2.303429e-01	2.349018e-01	-1.167505e-02	-7.925164e-02	1.000000e+00	-9.818327e-01	9.111335e-01	-6.698340e-01	4.774620e-01	
8.792193e-02	-1.726211e-02	5.435445e-01	-3.973778e-01	2.052736e-02	-1.628726e-02	1.561220e-02	-4.248350e-02	3.577577e-02	-2.324235e-01	2.993439e-01	-3.774230e-01	-6.467417e-02	1.559881e-01	-2.564118e-01	-2.569976e-01	2.763668e-01	-2.861169e-01	1.523659e-02	9.429849e-02	-9.818327e-01	1.000000e+00	-9.719932e-01	5.945571e-01	-3.895623e-01	
-1.632873e-01	5.569047e-02	-6.722852e-01	4.882225e-01	-2.152287e-02	1.455208e-02	-1.179815e-02	4.810964e-02	-4.428173e-02	2.893743e-01	-3.755176e-01	4.771730e-01	7.700361e-02	-1.932165e-01	3.354681e-01	2.875209e-01	-3.141344e-01	3.299829e-01	-1.892101e-02	-1.059661e-01	9.111335e-01	-9.719932e-01	1.000000e+00	-4.593806e-01	2.481644e-01	
5.159612e-02	-5.812763e-02	-1.960471e-01	1.401435e-01	1.987656e-03	-3.486107e-03	2.703552e-03	1.394446e-02	-8.071709e-03	6.727312e-02	-8.981324e-02	1.145768e-01	3.981495e-02	-5.947783e-02	7.181441e-02	6.311358e-02	-8.529780e-02	1.004159e-01	8.169197e-02	-1.233352e-01	-6.698340e-01	5.945571e-01	-4.593806e-01	1.000000e+00	-9.595648e-01	
2.242819e-02	5.792098e-03	3.471643e-01	-2.471129e-01	3.246390e-03	8.676592e-04	-1.662938e-03	-3.043797e-02	2.629601e-02	-1.378628e-01	1.816018e-01	-2.317544e-01	-5.357310e-02	1.046829e-01	-1.315166e-01	-1.113424e-01	1.457998e-01	-1.698772e-01	-1.577677e-01	2.429889e-01	4.774620e-01	-3.895623e-01	2.481644e-01	-9.595648e-01	1.000000e+00	

Time taken for mcmc chain: 3.101667 hours
