Number of steps: 1072364
Number of accepted steps: 1000000
Burn-in number of steps: 320000
Accepted fraction of steps: 0.932519
Convergence Status
R[0]= 1.036698	R[1]= 1.118184	R[2]= 1.061880	R[3]= 1.020681	R[4]= 1.059110	R[5]= 1.042377	R[6]= 1.029503	R[7]= 1.003344	R[8]= 1.008152	R[9]= 1.064229	R[10]= 1.062472	R[11]= 1.067259	R[12]= 1.011817	R[13]= 1.001553	R[14]= 1.217628	R[15]= 1.283267	R[16]= 1.316510	R[17]= 1.331706	R[18]= 1.103505	R[19]= 1.065889	R[20]= 1.065151	R[21]= 1.077054	R[22]= 1.087498	R[23]= 1.057019	R[24]= 1.072349	
<R>= 1.090593

Mean parameters
A[0]= 9.569661e-01 pm 2.599872e-02
A[1]= 1.055005e+00 pm 2.099945e-02
A[2]= 4.683740e-01 pm 2.021719e-01
A[3]= 4.449168e+00 pm 8.329917e-01
A[4]= -5.476518e+03 pm 3.445219e+03
A[5]= 3.079963e+03 pm 2.304983e+03
A[6]= -2.885033e+02 pm 5.505593e+02
A[7]= 8.712556e+00 pm 1.151645e+01
A[8]= -6.993741e-02 pm 1.679016e-01
A[9]= -5.756253e+01 pm 7.252110e+03
A[10]= -6.029161e+02 pm 4.334380e+03
A[11]= 2.429251e+01 pm 9.032397e+02
A[12]= -1.471579e+01 pm 4.051994e+01
A[13]= 3.501611e-01 pm 7.615255e-01
A[14]= 5.914389e+00 pm 1.044490e+00
A[15]= -6.711879e+03 pm 3.987303e+03
A[16]= 5.337682e+03 pm 2.624212e+03
A[17]= -1.068487e+03 pm 6.249415e+02
A[18]= 2.184674e+00 pm 1.662022e+01
A[19]= 1.677749e-01 pm 2.261690e-01
A[20]= 5.301731e+03 pm 9.139809e+03
A[21]= -2.679810e+03 pm 5.437700e+03
A[22]= 6.888398e+01 pm 1.117744e+03
A[23]= -1.730956e+01 pm 5.565411e+01
A[24]= 2.749411e-02 pm 1.110787e+00

Best-fitting parameters
A[0]= 9.419113e-01
A[1]= 1.060269e+00
A[2]= 4.469717e-01
A[3]= 4.300395e+00
A[4]= -6.263689e+03
A[5]= 3.416229e+03
A[6]= -3.133088e+02
A[7]= 1.696746e+01
A[8]= -1.715364e-01
A[9]= 3.661081e+03
A[10]= -3.039256e+03
A[11]= 5.803195e+02
A[12]= -4.333029e+01
A[13]= 8.785559e-01
A[14]= 6.299241e+00
A[15]= -7.600111e+03
A[16]= 6.122008e+03
A[17]= -1.287499e+03
A[18]= 3.520446e+00
A[19]= 1.517446e-01
A[20]= 1.317311e+04
A[21]= -6.922717e+03
A[22]= 8.518349e+02
A[23]= -6.386170e+01
A[24]= 7.665752e-01
chi2_min= 1.129073e+02


Cross-Covariance parameters
1.000000e+00	-5.467824e-01	-4.469124e-02	-9.480328e-02	6.616424e-02	-8.409754e-02	9.219900e-02	4.403042e-02	-7.344984e-02	-1.998965e-01	2.059052e-01	-2.207088e-01	2.604839e-01	-2.246482e-01	1.731210e-01	-1.973698e-02	5.893086e-02	-9.982734e-02	-1.173903e-02	8.938815e-02	-6.963586e-02	9.224994e-02	-1.454616e-01	9.323097e-02	-1.498654e-02	
-5.467824e-01	1.000000e+00	8.797975e-02	-1.103781e-01	-8.987165e-03	1.846832e-02	-3.295795e-02	1.076159e-01	-9.010946e-02	3.148542e-02	-6.177111e-02	1.003261e-01	-1.054200e-01	7.389784e-02	-8.801848e-02	-5.034358e-02	7.366419e-02	-9.664831e-02	1.600889e-01	-1.317711e-01	1.027830e-01	-9.860173e-02	1.195849e-01	-1.455893e-01	9.313766e-02	
-4.469124e-02	8.797975e-02	1.000000e+00	-3.128997e-01	-3.718860e-01	3.852011e-01	-3.883039e-01	1.710540e-01	-1.973270e-02	-5.563916e-01	6.422320e-01	-7.408528e-01	1.164085e-01	2.849313e-02	-5.440375e-01	-1.584653e-01	1.908702e-01	-2.067119e-01	-3.998736e-03	8.184411e-02	-3.666482e-01	4.714947e-01	-6.033119e-01	-1.274726e-01	2.733754e-01	
-9.480328e-02	-1.103781e-01	-3.128997e-01	1.000000e+00	-5.482740e-01	6.289775e-01	-6.837347e-01	-4.949039e-03	3.323463e-01	2.821736e-01	-2.512039e-01	2.127284e-01	-3.475250e-01	3.872346e-01	1.163498e-01	-9.499495e-02	1.501779e-02	6.054140e-02	1.002571e-01	-9.671914e-02	2.730769e-01	-2.955544e-01	3.103806e-01	-5.455131e-02	-8.761762e-03	
6.616424e-02	-8.987165e-03	-3.718860e-01	-5.482740e-01	1.000000e+00	-9.825496e-01	9.376870e-01	-5.918766e-01	1.564142e-01	1.495993e-01	-2.227491e-01	3.164425e-01	1.167237e-01	-1.655101e-01	1.716028e-01	2.586184e-01	-2.215581e-01	1.728348e-01	-1.158892e-01	3.816193e-02	-1.082367e-01	3.788864e-02	6.030603e-02	2.129059e-01	-2.319263e-01	
-8.409754e-02	1.846832e-02	3.852011e-01	6.289775e-01	-9.825496e-01	1.000000e+00	-9.854371e-01	5.230772e-01	-7.312744e-02	-1.155397e-01	1.966763e-01	-3.007133e-01	-1.911250e-01	2.551880e-01	-1.885045e-01	-2.708656e-01	2.269226e-01	-1.725686e-01	1.275084e-01	-4.660607e-02	9.135016e-02	-2.473028e-02	-7.069801e-02	-2.083455e-01	2.311837e-01	
9.219900e-02	-3.295795e-02	-3.883039e-01	-6.837347e-01	9.376870e-01	-9.854371e-01	1.000000e+00	-4.421648e-01	-3.783735e-03	9.856007e-02	-1.824661e-01	2.898026e-01	2.422322e-01	-3.200546e-01	2.073216e-01	2.702672e-01	-2.200557e-01	1.612492e-01	-1.340995e-01	5.365208e-02	-7.850289e-02	1.630297e-02	7.498330e-02	2.006706e-01	-2.251921e-01	
4.403042e-02	1.076159e-01	1.710540e-01	-4.949039e-03	-5.918766e-01	5.230772e-01	-4.421648e-01	1.000000e+00	-8.642526e-01	1.866924e-02	-4.577048e-03	-3.927524e-02	-6.354709e-02	-9.056145e-02	5.568469e-02	-2.626137e-01	2.551589e-01	-2.397395e-01	1.188180e-01	-4.131485e-02	1.224305e-01	-7.970178e-02	1.785286e-02	-1.835442e-01	1.688466e-01	
-7.344984e-02	-9.010946e-02	-1.973270e-02	3.323463e-01	1.564142e-01	-7.312744e-02	-3.783735e-03	-8.642526e-01	1.000000e+00	-5.339207e-02	8.281844e-02	-9.046570e-02	-2.205224e-02	2.519972e-01	-1.388355e-01	1.729367e-01	-1.787963e-01	1.812947e-01	-7.539752e-02	3.301136e-02	-1.103838e-01	9.333630e-02	-6.506375e-02	1.193986e-01	-8.157982e-02	
-1.998965e-01	3.148542e-02	-5.563916e-01	2.821736e-01	1.495993e-01	-1.155397e-01	9.856007e-02	1.866924e-02	-5.339207e-02	1.000000e+00	-9.866001e-01	9.353508e-01	-7.851949e-01	6.187143e-01	3.717036e-01	-3.725231e-02	6.317630e-03	1.404506e-02	5.585586e-02	-8.674747e-02	6.936285e-02	-1.619058e-01	2.752997e-01	1.164662e-01	-1.894345e-01	
2.059052e-01	-6.177111e-02	6.422320e-01	-2.512039e-01	-2.227491e-01	1.966763e-01	-1.824661e-01	-4.577048e-03	8.281844e-02	-9.866001e-01	1.000000e+00	-9.795202e-01	7.554764e-01	-5.765707e-01	-4.034690e-01	-6.432193e-03	3.619440e-02	-5.415618e-02	-2.943060e-02	7.116136e-02	-1.122881e-01	2.130597e-01	-3.383825e-01	-1.173475e-01	2.059521e-01	
-2.207088e-01	1.003261e-01	-7.408528e-01	2.127284e-01	3.164425e-01	-3.007133e-01	2.898026e-01	-3.927524e-02	-9.046570e-02	9.353508e-01	-9.795202e-01	1.000000e+00	-6.791838e-01	4.961114e-01	4.298487e-01	6.555926e-02	-9.365332e-02	1.084348e-01	6.551155e-03	-6.598839e-02	1.642427e-01	-2.729759e-01	4.113554e-01	1.248190e-01	-2.333865e-01	
2.604839e-01	-1.054200e-01	1.164085e-01	-3.475250e-01	1.167237e-01	-1.911250e-01	2.422322e-01	-6.354709e-02	-2.205224e-02	-7.851949e-01	7.554764e-01	-6.791838e-01	1.000000e+00	-9.444531e-01	-5.187367e-02	9.078260e-02	-4.721213e-02	1.106858e-02	-3.119865e-02	3.922837e-02	7.151083e-02	-2.327493e-02	-3.162970e-02	-6.450601e-02	8.653821e-02	
-2.246482e-01	7.389784e-02	2.849313e-02	3.872346e-01	-1.655101e-01	2.551880e-01	-3.200546e-01	-9.056145e-02	2.519972e-01	6.187143e-01	-5.765707e-01	4.961114e-01	-9.444531e-01	1.000000e+00	-7.257619e-02	-5.745695e-02	1.862047e-02	1.330411e-02	4.476559e-03	-1.498432e-02	-1.594989e-01	1.271651e-01	-8.962151e-02	9.224355e-02	-8.171586e-02	
1.731210e-01	-8.801848e-02	-5.440375e-01	1.163498e-01	1.716028e-01	-1.885045e-01	2.073216e-01	5.568469e-02	-1.388355e-01	3.717036e-01	-4.034690e-01	4.298487e-01	-5.187367e-02	-7.257619e-02	1.000000e+00	-5.104600e-01	5.816698e-01	-6.294875e-01	1.826197e-01	3.215416e-02	1.810281e-01	-2.091681e-01	2.357843e-01	-4.731742e-02	-1.162750e-02	
-1.973698e-02	-5.034358e-02	-1.584653e-01	-9.499495e-02	2.586184e-01	-2.708656e-01	2.702672e-01	-2.626137e-01	1.729367e-01	-3.725231e-02	-6.432193e-03	6.555926e-02	9.078260e-02	-5.745695e-02	-5.104600e-01	1.000000e+00	-9.764314e-01	9.127231e-01	-6.657839e-01	3.781338e-01	-5.586826e-03	-4.585617e-02	1.219016e-01	1.382669e-01	-9.999092e-02	
5.893086e-02	7.366419e-02	1.908702e-01	1.501779e-02	-2.215581e-01	2.269226e-01	-2.200557e-01	2.551589e-01	-1.787963e-01	6.317630e-03	3.619440e-02	-9.365332e-02	-4.721213e-02	1.862047e-02	5.816698e-01	-9.764314e-01	1.000000e+00	-9.788461e-01	6.303208e-01	-3.210568e-01	-2.644698e-02	8.366130e-02	-1.659655e-01	-1.514726e-01	1.359190e-01	
-9.982734e-02	-9.664831e-02	-2.067119e-01	6.054140e-02	1.728348e-01	-1.725686e-01	1.612492e-01	-2.397395e-01	1.812947e-01	1.404506e-02	-5.415618e-02	1.084348e-01	1.106858e-02	1.330411e-02	-6.294875e-01	9.127231e-01	-9.788461e-01	1.000000e+00	-5.722195e-01	2.589513e-01	5.925550e-02	-1.183050e-01	2.016496e-01	1.501325e-01	-1.539430e-01	
-1.173903e-02	1.600889e-01	-3.998736e-03	1.002571e-01	-1.158892e-01	1.275084e-01	-1.340995e-01	1.188180e-01	-7.539752e-02	5.585586e-02	-2.943060e-02	6.551155e-03	-3.119865e-02	4.476559e-03	1.826197e-01	-6.657839e-01	6.303208e-01	-5.722195e-01	1.000000e+00	-9.201695e-01	9.939978e-02	-8.052007e-02	4.912589e-02	-4.232747e-02	-7.070275e-02	
8.938815e-02	-1.317711e-01	8.184411e-02	-9.671914e-02	3.816193e-02	-4.660607e-02	5.365208e-02	-4.131485e-02	3.301136e-02	-8.674747e-02	7.116136e-02	-6.598839e-02	3.922837e-02	-1.498432e-02	3.215416e-02	3.781338e-01	-3.210568e-01	2.589513e-01	-9.201695e-01	1.000000e+00	-1.293477e-01	1.330860e-01	-1.316736e-01	-1.050591e-02	1.631208e-01	
-6.963586e-02	1.027830e-01	-3.666482e-01	2.730769e-01	-1.082367e-01	9.135016e-02	-7.850289e-02	1.224305e-01	-1.103838e-01	6.936285e-02	-1.122881e-01	1.642427e-01	7.151083e-02	-1.594989e-01	1.810281e-01	-5.586826e-03	-2.644698e-02	5.925550e-02	9.939978e-02	-1.293477e-01	1.000000e+00	-9.856065e-01	9.262719e-01	-7.604719e-01	5.701693e-01	
9.224994e-02	-9.860173e-02	4.714947e-01	-2.955544e-01	3.788864e-02	-2.473028e-02	1.630297e-02	-7.970178e-02	9.333630e-02	-1.619058e-01	2.130597e-01	-2.729759e-01	-2.327493e-02	1.271651e-01	-2.091681e-01	-4.585617e-02	8.366130e-02	-1.183050e-01	-8.052007e-02	1.330860e-01	-9.856065e-01	1.000000e+00	-9.754013e-01	7.348831e-01	-5.424427e-01	
-1.454616e-01	1.195849e-01	-6.033119e-01	3.103806e-01	6.030603e-02	-7.069801e-02	7.498330e-02	1.785286e-02	-6.506375e-02	2.752997e-01	-3.383825e-01	4.113554e-01	-3.162970e-02	-8.962151e-02	2.357843e-01	1.219016e-01	-1.659655e-01	2.016496e-01	4.912589e-02	-1.316736e-01	9.262719e-01	-9.754013e-01	1.000000e+00	-6.539686e-01	4.650739e-01	
9.323097e-02	-1.455893e-01	-1.274726e-01	-5.455131e-02	2.129059e-01	-2.083455e-01	2.006706e-01	-1.835442e-01	1.193986e-01	1.164662e-01	-1.173475e-01	1.248190e-01	-6.450601e-02	9.224355e-02	-4.731742e-02	1.382669e-01	-1.514726e-01	1.501325e-01	-4.232747e-02	-1.050591e-02	-7.604719e-01	7.348831e-01	-6.539686e-01	1.000000e+00	-9.493738e-01	
-1.498654e-02	9.313766e-02	2.733754e-01	-8.761762e-03	-2.319263e-01	2.311837e-01	-2.251921e-01	1.688466e-01	-8.157982e-02	-1.894345e-01	2.059521e-01	-2.333865e-01	8.653821e-02	-8.171586e-02	-1.162750e-02	-9.999092e-02	1.359190e-01	-1.539430e-01	-7.070275e-02	1.631208e-01	5.701693e-01	-5.424427e-01	4.650739e-01	-9.493738e-01	1.000000e+00	

Time taken for mcmc chain: 6.850000 minutes
