Number of steps: 1187687
Number of accepted steps: 1000000
Burn-in number of steps: 320000
Accepted fraction of steps: 0.841973
Convergence Status
R[0]= 1.122392	R[1]= 1.078791	R[2]= 1.023900	R[3]= 1.034111	R[4]= 1.040735	R[5]= 1.051844	R[6]= 1.064586	R[7]= 1.064674	R[8]= 1.035169	R[9]= 1.169962	R[10]= 1.170859	R[11]= 1.163281	R[12]= 1.170106	R[13]= 1.133700	R[14]= 1.114775	R[15]= 1.164019	R[16]= 1.172001	R[17]= 1.179618	R[18]= 1.051341	R[19]= 1.028045	R[20]= 1.230737	R[21]= 1.217849	R[22]= 1.200776	R[23]= 1.348770	R[24]= 1.294316	
<R>= 1.133054

Mean parameters
A[0]= 9.597740e-01 pm 3.376303e-02
A[1]= 1.055784e+00 pm 2.293959e-02
A[2]= 5.194831e-01 pm 2.708991e-01
A[3]= 4.376237e+00 pm 8.283845e-01
A[4]= -5.293526e+03 pm 3.529967e+03
A[5]= 3.060223e+03 pm 2.296585e+03
A[6]= -3.118538e+02 pm 5.279794e+02
A[7]= 9.557967e+00 pm 1.302665e+01
A[8]= -8.903280e-02 pm 1.789819e-01
A[9]= -9.573330e+02 pm 8.790649e+03
A[10]= -1.735308e+02 pm 5.297363e+03
A[11]= -6.014743e+01 pm 1.105089e+03
A[12]= -1.885554e+01 pm 4.600879e+01
A[13]= 4.428425e-01 pm 8.306929e-01
A[14]= 5.945797e+00 pm 1.337395e+00
A[15]= -7.490859e+03 pm 4.694425e+03
A[16]= 5.922985e+03 pm 3.052553e+03
A[17]= -1.224295e+03 pm 7.191816e+02
A[18]= 6.099735e+00 pm 2.007425e+01
A[19]= 1.199968e-01 pm 2.701600e-01
A[20]= 6.308036e+03 pm 1.142739e+04
A[21]= -3.109793e+03 pm 6.821026e+03
A[22]= 8.400294e+01 pm 1.421921e+03
A[23]= -3.018421e+01 pm 6.415561e+01
A[24]= 2.506442e-01 pm 1.253889e+00

Best-fitting parameters
A[0]= 9.636765e-01
A[1]= 1.042190e+00
A[2]= 6.845699e-01
A[3]= 4.174480e+00
A[4]= -6.977854e+03
A[5]= 4.328731e+03
A[6]= -5.986950e+02
A[7]= 1.830003e+01
A[8]= -1.720936e-01
A[9]= 8.352427e+03
A[10]= -4.185714e+03
A[11]= 3.393076e+02
A[12]= -7.484123e+01
A[13]= 1.530126e+00
A[14]= 5.456663e+00
A[15]= -8.827240e+03
A[16]= 6.623114e+03
A[17]= -1.346119e+03
A[18]= 8.724318e+00
A[19]= 7.208097e-02
A[20]= -3.929721e+03
A[21]= 3.146163e+03
A[22]= -1.209568e+03
A[23]= -1.602309e+00
A[24]= -1.068107e-01
chi2_min= 1.144353e+02


Cross-Covariance parameters
1.000000e+00	-6.365954e-01	-1.297653e-01	-6.197768e-02	1.701581e-01	-1.822523e-01	1.783221e-01	-5.707972e-02	-9.983932e-03	-8.381445e-02	9.219413e-02	-1.197210e-01	1.991882e-01	-1.797191e-01	2.642738e-01	-1.439679e-01	1.713191e-01	-2.014154e-01	1.150823e-01	-3.501991e-02	-2.454329e-02	5.035646e-02	-1.056595e-01	1.132754e-01	-6.968003e-02	
-6.365954e-01	1.000000e+00	1.254588e-01	-6.117464e-02	-7.973616e-02	1.051560e-01	-1.274711e-01	5.799564e-02	3.166224e-02	2.197085e-02	-2.648773e-02	4.838461e-02	-9.204552e-02	8.616428e-02	-1.826946e-01	-6.831904e-03	1.199009e-02	-1.655896e-02	1.194677e-01	-1.370964e-01	-2.891013e-02	1.038282e-02	3.543169e-02	-6.037877e-02	2.418684e-02	
-1.297653e-01	1.254588e-01	1.000000e+00	-5.570710e-01	-2.243040e-01	2.510560e-01	-2.732440e-01	-1.023785e-01	2.130520e-01	-5.368925e-01	6.266182e-01	-7.288371e-01	6.416971e-02	1.688516e-01	-6.333588e-01	-4.616933e-02	7.114910e-02	-7.768396e-02	-1.056429e-01	1.477135e-01	-4.907590e-01	5.957504e-01	-7.100550e-01	8.024616e-02	9.229075e-02	
-6.197768e-02	-6.117464e-02	-5.570710e-01	1.000000e+00	-4.962450e-01	5.350334e-01	-5.636144e-01	2.997586e-01	-6.292144e-02	3.071835e-01	-3.409847e-01	3.832290e-01	-2.197653e-01	1.605691e-01	3.366660e-01	-1.447803e-01	9.698292e-02	-5.113107e-02	2.301827e-01	-2.180510e-01	3.746750e-01	-4.175966e-01	4.595430e-01	-1.442300e-01	3.374958e-02	
1.701581e-01	-7.973616e-02	-2.243040e-01	-4.962450e-01	1.000000e+00	-9.879798e-01	9.505275e-01	-6.872954e-01	3.195628e-01	-2.760509e-02	-2.232874e-02	8.383047e-02	3.066828e-01	-3.559898e-01	1.261279e-01	2.723055e-01	-2.326846e-01	1.808353e-01	-1.715876e-01	9.305071e-02	8.754061e-02	-1.138017e-01	1.448477e-01	4.232156e-02	-8.936328e-02	
-1.822523e-01	1.051560e-01	2.510560e-01	5.350334e-01	-9.879798e-01	1.000000e+00	-9.865700e-01	6.481586e-01	-2.687192e-01	-6.187194e-04	5.118792e-02	-1.133525e-01	-3.103225e-01	3.769115e-01	-1.504418e-01	-2.755522e-01	2.377159e-01	-1.865436e-01	1.939202e-01	-1.168639e-01	-7.977999e-02	1.113008e-01	-1.494246e-01	-5.364863e-02	9.525356e-02	
1.783221e-01	-1.274711e-01	-2.732440e-01	-5.636144e-01	9.505275e-01	-9.865700e-01	1.000000e+00	-5.881269e-01	2.090224e-01	4.187210e-02	-9.207410e-02	1.532152e-01	2.916411e-01	-3.748474e-01	1.723690e-01	2.755591e-01	-2.399416e-01	1.901495e-01	-2.157111e-01	1.408883e-01	7.094543e-02	-1.075829e-01	1.526419e-01	6.408686e-02	-1.014404e-01	
-5.707972e-02	5.799564e-02	-1.023785e-01	2.997586e-01	-6.872954e-01	6.481586e-01	-5.881269e-01	1.000000e+00	-8.884280e-01	3.551903e-01	-3.392089e-01	2.980739e-01	-3.696460e-01	1.903388e-01	3.542654e-02	-1.517750e-01	1.024236e-01	-5.624187e-02	1.857158e-01	-1.656745e-01	-2.062152e-02	-1.294852e-02	4.848005e-02	4.364826e-02	-5.794608e-02	
-9.983932e-03	3.166224e-02	2.130520e-01	-6.292144e-02	3.195628e-01	-2.687192e-01	2.090224e-01	-8.884280e-01	1.000000e+00	-4.086082e-01	4.135142e-01	-3.913734e-01	2.918057e-01	-2.407648e-02	-9.938707e-02	6.883610e-02	-2.065721e-02	-1.863292e-02	-1.168403e-01	1.234273e-01	1.227146e-02	4.132299e-02	-1.001086e-01	-8.548470e-02	1.169487e-01	
-8.381445e-02	2.197085e-02	-5.368925e-01	3.071835e-01	-2.760509e-02	-6.187194e-04	4.187210e-02	3.551903e-01	-4.086082e-01	1.000000e+00	-9.891368e-01	9.468996e-01	-7.890892e-01	5.492733e-01	3.220057e-01	1.716061e-02	-4.625164e-02	5.915867e-02	6.045896e-02	-9.535412e-02	1.709223e-01	-2.556647e-01	3.500123e-01	2.073497e-02	-1.018343e-01	
9.219413e-02	-2.648773e-02	6.266182e-01	-3.409847e-01	-2.232874e-02	5.118792e-02	-9.207410e-02	-3.392089e-01	4.135142e-01	-9.891368e-01	1.000000e+00	-9.831294e-01	7.517042e-01	-4.980193e-01	-3.652315e-01	-4.387614e-02	7.413955e-02	-8.677836e-02	-6.238688e-02	1.081224e-01	-2.316857e-01	3.253734e-01	-4.297736e-01	-3.412834e-03	1.077781e-01	
-1.197210e-01	4.838461e-02	-7.288371e-01	3.832290e-01	8.383047e-02	-1.133525e-01	1.532152e-01	2.980739e-01	-3.913734e-01	9.468996e-01	-9.831294e-01	1.000000e+00	-6.728801e-01	4.116631e-01	4.169396e-01	7.049327e-02	-1.019653e-01	1.146278e-01	6.519513e-02	-1.225839e-01	3.051423e-01	-4.082911e-01	5.246700e-01	-2.110435e-02	-1.106354e-01	
1.991882e-01	-9.204552e-02	6.416971e-02	-2.197653e-01	3.066828e-01	-3.103225e-01	2.916411e-01	-3.696460e-01	2.918057e-01	-7.890892e-01	7.517042e-01	-6.728801e-01	1.000000e+00	-9.244226e-01	-3.136086e-02	7.125676e-02	-4.844452e-02	2.814928e-02	-6.551183e-02	5.897417e-02	1.386268e-02	1.518557e-02	-4.478514e-02	-1.156389e-02	2.824941e-02	
-1.797191e-01	8.616428e-02	1.688516e-01	1.605691e-01	-3.559898e-01	3.769115e-01	-3.748474e-01	1.903388e-01	-2.407648e-02	5.492733e-01	-4.980193e-01	4.116631e-01	-9.244226e-01	1.000000e+00	-9.257643e-02	-1.018213e-01	9.202444e-02	-7.681206e-02	3.657927e-02	-2.913734e-03	-1.047149e-01	1.107935e-01	-1.203686e-01	1.054618e-02	1.477094e-02	
2.642738e-01	-1.826946e-01	-6.333588e-01	3.366660e-01	1.261279e-01	-1.504418e-01	1.723690e-01	3.542654e-02	-9.938707e-02	3.220057e-01	-3.652315e-01	4.169396e-01	-3.136086e-02	-9.257643e-02	1.000000e+00	-4.870066e-01	5.565764e-01	-6.159822e-01	1.046318e-01	1.160148e-01	3.023294e-01	-3.378353e-01	3.703061e-01	-2.065864e-01	1.627143e-01	
-1.439679e-01	-6.831904e-03	-4.616933e-02	-1.447803e-01	2.723055e-01	-2.755522e-01	2.755591e-01	-1.517750e-01	6.883610e-02	1.716061e-02	-4.387614e-02	7.049327e-02	7.125676e-02	-1.018213e-01	-4.870066e-01	1.000000e+00	-9.796415e-01	9.214235e-01	-6.256238e-01	3.093725e-01	7.486414e-02	-1.146416e-01	1.605531e-01	8.348119e-02	-1.179791e-01	
1.713191e-01	1.199009e-02	7.114910e-02	9.698292e-02	-2.326846e-01	2.377159e-01	-2.399416e-01	1.024236e-01	-2.065721e-02	-4.625164e-02	7.413955e-02	-1.019653e-01	-4.844452e-02	9.202444e-02	5.565764e-01	-9.796415e-01	1.000000e+00	-9.801710e-01	5.678631e-01	-2.322582e-01	-7.035153e-02	1.196383e-01	-1.783689e-01	-1.146395e-01	1.615957e-01	
-2.014154e-01	-1.655896e-02	-7.768396e-02	-5.113107e-02	1.808353e-01	-1.865436e-01	1.901495e-01	-5.624187e-02	-1.863292e-02	5.915867e-02	-8.677836e-02	1.146278e-01	2.814928e-02	-7.681206e-02	-6.159822e-01	9.214235e-01	-9.801710e-01	1.000000e+00	-4.891480e-01	1.502682e-01	5.900399e-02	-1.139547e-01	1.813111e-01	1.375329e-01	-1.920574e-01	
1.150823e-01	1.194677e-01	-1.056429e-01	2.301827e-01	-1.715876e-01	1.939202e-01	-2.157111e-01	1.857158e-01	-1.168403e-01	6.045896e-02	-6.238688e-02	6.519513e-02	-6.551183e-02	3.657927e-02	1.046318e-01	-6.256238e-01	5.678631e-01	-4.891480e-01	1.000000e+00	-9.239316e-01	5.377883e-02	-3.782376e-02	1.677823e-02	9.215832e-02	-1.978034e-01	
-3.501991e-02	-1.370964e-01	1.477135e-01	-2.180510e-01	9.305071e-02	-1.168639e-01	1.408883e-01	-1.656745e-01	1.234273e-01	-9.535412e-02	1.081224e-01	-1.225839e-01	5.897417e-02	-2.913734e-03	1.160148e-01	3.093725e-01	-2.322582e-01	1.502682e-01	-9.239316e-01	1.000000e+00	-8.543688e-02	8.914348e-02	-9.186914e-02	-1.600009e-01	3.097866e-01	
-2.454329e-02	-2.891013e-02	-4.907590e-01	3.746750e-01	8.754061e-02	-7.977999e-02	7.094543e-02	-2.062152e-02	1.227146e-02	1.709223e-01	-2.316857e-01	3.051423e-01	1.386268e-02	-1.047149e-01	3.023294e-01	7.486414e-02	-7.035153e-02	5.900399e-02	5.377883e-02	-8.543688e-02	1.000000e+00	-9.845725e-01	9.199253e-01	-7.810198e-01	5.877168e-01	
5.035646e-02	1.038282e-02	5.957504e-01	-4.175966e-01	-1.138017e-01	1.113008e-01	-1.075829e-01	-1.294852e-02	4.132299e-02	-2.556647e-01	3.253734e-01	-4.082911e-01	1.518557e-02	1.107935e-01	-3.378353e-01	-1.146416e-01	1.196383e-01	-1.139547e-01	-3.782376e-02	8.914348e-02	-9.845725e-01	1.000000e+00	-9.735536e-01	7.563986e-01	-5.576867e-01	
-1.056595e-01	3.543169e-02	-7.100550e-01	4.595430e-01	1.448477e-01	-1.494246e-01	1.526419e-01	4.848005e-02	-1.001086e-01	3.500123e-01	-4.297736e-01	5.246700e-01	-4.478514e-02	-1.203686e-01	3.703061e-01	1.605531e-01	-1.783689e-01	1.813111e-01	1.677823e-02	-9.186914e-02	9.199253e-01	-9.735536e-01	1.000000e+00	-6.828501e-01	4.841207e-01	
1.132754e-01	-6.037877e-02	8.024616e-02	-1.442300e-01	4.232156e-02	-5.364863e-02	6.408686e-02	4.364826e-02	-8.548470e-02	2.073497e-02	-3.412834e-03	-2.110435e-02	-1.156389e-02	1.054618e-02	-2.065864e-01	8.348119e-02	-1.146395e-01	1.375329e-01	9.215832e-02	-1.600009e-01	-7.810198e-01	7.563986e-01	-6.828501e-01	1.000000e+00	-9.538040e-01	
-6.968003e-02	2.418684e-02	9.229075e-02	3.374958e-02	-8.936328e-02	9.525356e-02	-1.014404e-01	-5.794608e-02	1.169487e-01	-1.018343e-01	1.077781e-01	-1.106354e-01	2.824941e-02	1.477094e-02	1.627143e-01	-1.179791e-01	1.615957e-01	-1.920574e-01	-1.978034e-01	3.097866e-01	5.877168e-01	-5.576867e-01	4.841207e-01	-9.538040e-01	1.000000e+00	

Time taken for mcmc chain: 7.566667 minutes
