Number of steps: 2202157
Number of accepted steps: 960000
Burn-in number of steps: 200000
Accepted fraction of steps: 0.435936
Convergence Status
R[0]= 1.000894	R[1]= 1.000395	R[2]= 1.065193	R[3]= 1.035958	R[4]= 1.029221	R[5]= 1.040114	R[6]= 1.051003	R[7]= 1.043675	R[8]= 1.024136	R[9]= 1.016047	R[10]= 1.022005	R[11]= 1.035709	R[12]= 1.014787	R[13]= 1.020800	R[14]= 1.044893	R[15]= 1.012791	R[16]= 1.012577	R[17]= 1.014217	R[18]= 1.007084	R[19]= 1.006921	R[20]= 1.015872	R[21]= 1.021207	R[22]= 1.030274	R[23]= 1.009322	R[24]= 1.008211	
<R>= 1.023332

Mean parameters
A[0]= 1.037282e+00 pm 3.728777e-02
A[1]= 1.101695e+00 pm 2.822475e-02
A[2]= 5.725577e-01 pm 3.838154e-01
A[3]= 3.779683e+00 pm 1.073913e+00
A[4]= 1.027200e+03 pm 4.082293e+03
A[5]= -3.399172e+02 pm 2.725739e+03
A[6]= 3.604156e+02 pm 6.605708e+02
A[7]= -1.001317e+01 pm 1.480570e+01
A[8]= 1.075275e-01 pm 1.956967e-01
A[9]= 1.071851e+04 pm 9.608223e+03
A[10]= -6.610282e+03 pm 5.777343e+03
A[11]= 1.116899e+03 pm 1.236747e+03
A[12]= -8.858734e+01 pm 5.191460e+01
A[13]= 1.800285e+00 pm 9.936639e-01
A[14]= 4.734778e+00 pm 1.637341e+00
A[15]= -2.402785e+03 pm 6.061494e+03
A[16]= 2.736715e+03 pm 3.922083e+03
A[17]= -4.923877e+02 pm 9.213223e+02
A[18]= 4.912354e+00 pm 2.307720e+01
A[19]= 2.032848e-02 pm 2.883355e-01
A[20]= 1.326212e+04 pm 1.247712e+04
A[21]= -7.229870e+03 pm 7.401509e+03
A[22]= 8.737081e+02 pm 1.530080e+03
A[23]= -5.351209e+01 pm 7.328345e+01
A[24]= 4.035297e-01 pm 1.399417e+00

Best-fitting parameters
A[0]= 1.038976e+00
A[1]= 1.084079e+00
A[2]= 5.033620e-01
A[3]= 4.194171e+00
A[4]= -5.065641e+02
A[5]= 7.039554e+02
A[6]= 1.201438e+02
A[7]= -6.010269e+00
A[8]= 8.160666e-02
A[9]= 9.999622e+03
A[10]= -6.364984e+03
A[11]= 1.114327e+03
A[12]= -9.536489e+01
A[13]= 2.030401e+00
A[14]= 4.439843e+00
A[15]= 9.846336e+02
A[16]= 4.794354e+02
A[17]= 3.301981e+01
A[18]= -1.538798e+01
A[19]= 2.366341e-01
A[20]= 1.270885e+04
A[21]= -7.063476e+03
A[22]= 9.144535e+02
A[23]= -5.756772e+01
A[24]= 6.065635e-01
chi2_min= 9.381382e+01


Cross-Covariance parameters
1.000000e+00	-4.815303e-01	-1.564093e-01	1.063615e-01	2.508217e-02	-1.242187e-02	-7.231936e-03	5.778100e-02	-4.436378e-02	4.789968e-02	-2.725729e-02	-1.750820e-02	9.015029e-02	-7.507777e-02	1.036146e-01	-8.130205e-03	2.365094e-02	-4.207686e-02	5.817454e-02	-2.320496e-02	8.890280e-02	-6.534409e-02	1.138537e-02	1.655762e-02	1.659411e-03	
-4.815303e-01	1.000000e+00	1.896749e-01	-1.920341e-01	-3.767468e-02	3.899469e-02	-4.601387e-02	1.303514e-01	-1.126789e-01	-4.725438e-02	3.833017e-02	-1.953992e-02	-5.495549e-02	2.581599e-02	-2.229385e-01	7.724844e-02	-8.097520e-02	7.393443e-02	5.729857e-02	-1.007545e-01	-3.756114e-02	2.392475e-02	7.564213e-03	-2.440719e-02	2.955702e-03	
-1.564093e-01	1.896749e-01	1.000000e+00	-5.988989e-01	-1.586558e-01	1.701120e-01	-1.754119e-01	5.035599e-02	2.236893e-02	-4.667486e-01	5.761216e-01	-7.042791e-01	3.645557e-02	1.394943e-01	-7.075744e-01	1.403542e-01	-1.690761e-01	1.944558e-01	-1.022513e-01	1.257694e-02	-3.470756e-01	4.405285e-01	-5.597889e-01	2.593657e-02	1.151930e-01	
1.063615e-01	-1.920341e-01	-5.988989e-01	1.000000e+00	-4.995526e-01	5.600909e-01	-6.019144e-01	2.073570e-01	9.924967e-02	2.194031e-01	-2.492653e-01	2.835110e-01	-6.631445e-02	3.321438e-02	4.037427e-01	-5.784298e-02	6.993084e-02	-8.041975e-02	3.126074e-02	3.698941e-03	2.153478e-01	-2.697614e-01	3.407370e-01	-1.583695e-02	-6.716209e-02	
2.508217e-02	-3.767468e-02	-1.586558e-01	-4.995526e-01	1.000000e+00	-9.826157e-01	9.346195e-01	-7.212563e-01	3.016251e-01	1.329056e-01	-1.933150e-01	2.663752e-01	3.974684e-02	-7.759775e-02	1.515601e-01	-4.401478e-02	5.247483e-02	-5.738912e-02	2.005190e-02	1.886224e-02	7.930594e-02	-1.000039e-01	1.213517e-01	-4.546480e-02	2.633927e-02	
-1.242187e-02	3.899469e-02	1.701120e-01	5.600909e-01	-9.826157e-01	1.000000e+00	-9.838704e-01	6.835576e-01	-2.399274e-01	-1.392775e-01	2.062726e-01	-2.882480e-01	-5.610487e-02	1.118308e-01	-1.666254e-01	4.824131e-02	-5.711235e-02	6.262427e-02	-2.470664e-02	-1.362867e-02	-8.110894e-02	1.036398e-01	-1.278669e-01	4.058519e-02	-1.704447e-02	
-7.231936e-03	-4.601387e-02	-1.754119e-01	-6.019144e-01	9.346195e-01	-9.838704e-01	1.000000e+00	-6.250091e-01	1.754704e-01	1.442840e-01	-2.160338e-01	3.043035e-01	6.184452e-02	-1.314224e-01	1.772214e-01	-5.286600e-02	6.159604e-02	-6.701126e-02	2.678196e-02	1.036755e-02	7.779952e-02	-1.013373e-01	1.276360e-01	-3.286601e-02	6.322237e-03	
5.778100e-02	1.303514e-01	5.035599e-02	2.073570e-01	-7.212563e-01	6.835576e-01	-6.250091e-01	1.000000e+00	-8.530307e-01	4.479890e-02	-4.503843e-03	-5.570854e-02	-4.080366e-02	-9.034943e-02	-9.042981e-02	2.881316e-02	-3.482017e-02	3.557180e-02	2.140333e-02	-4.359762e-02	-4.813228e-02	5.678400e-02	-6.521256e-02	6.353499e-02	-6.548485e-02	
-4.436378e-02	-1.126789e-01	2.236893e-02	9.924967e-02	3.016251e-01	-2.399274e-01	1.754704e-01	-8.530307e-01	1.000000e+00	-1.454804e-01	1.340330e-01	-1.057727e-01	2.584501e-02	1.968088e-01	1.777838e-02	-6.471752e-03	1.048601e-02	-1.081284e-02	-2.718359e-02	3.180902e-02	1.926888e-02	-1.688289e-02	1.290956e-02	-5.338708e-02	6.782854e-02	
4.789968e-02	-4.725438e-02	-4.667486e-01	2.194031e-01	1.329056e-01	-1.392775e-01	1.442840e-01	4.479890e-02	-1.454804e-01	1.000000e+00	-9.825793e-01	9.097139e-01	-7.823773e-01	5.684796e-01	3.590744e-01	-7.042926e-02	9.147459e-02	-1.104727e-01	2.696695e-02	3.760987e-02	1.531557e-01	-1.930759e-01	2.474394e-01	7.709792e-03	-7.126912e-02	
-2.725729e-02	3.833017e-02	5.761216e-01	-2.492653e-01	-1.933150e-01	2.062726e-01	-2.160338e-01	-4.503843e-03	1.340330e-01	-9.825793e-01	1.000000e+00	-9.701162e-01	7.485578e-01	-5.248767e-01	-4.353797e-01	8.380598e-02	-1.065599e-01	1.271475e-01	-4.044468e-02	-3.002484e-02	-1.916694e-01	2.452605e-01	-3.176146e-01	-3.101192e-03	8.486742e-02	
-1.750820e-02	-1.953992e-02	-7.042791e-01	2.835110e-01	2.663752e-01	-2.882480e-01	3.043035e-01	-5.570854e-02	-1.057727e-01	9.097139e-01	-9.701162e-01	1.000000e+00	-6.477217e-01	4.215617e-01	5.257133e-01	-1.032547e-01	1.274281e-01	-1.490786e-01	5.955591e-02	1.717294e-02	2.374871e-01	-3.082581e-01	4.033691e-01	-5.913360e-03	-9.864385e-02	
9.015029e-02	-5.495549e-02	3.645557e-02	-6.631445e-02	3.974684e-02	-5.610487e-02	6.184452e-02	-4.080366e-02	2.584501e-02	-7.823773e-01	7.485578e-01	-6.477217e-01	1.000000e+00	-9.345696e-01	-4.323123e-02	1.873145e-02	-2.650092e-02	3.322739e-02	7.792400e-03	-3.176551e-02	1.602372e-02	-1.740187e-02	1.199972e-02	-2.763160e-02	2.707601e-02	
-7.507777e-02	2.581599e-02	1.394943e-01	3.321438e-02	-7.759775e-02	1.118308e-01	-1.314224e-01	-9.034943e-02	1.968088e-01	5.684796e-01	-5.248767e-01	4.215617e-01	-9.345696e-01	1.000000e+00	-8.218716e-02	3.368734e-03	-4.243336e-04	-1.702290e-03	-2.260078e-02	2.842962e-02	-7.471226e-02	9.562587e-02	-1.158228e-01	2.414292e-02	7.329496e-03	
1.036146e-01	-2.229385e-01	-7.075744e-01	4.037427e-01	1.515601e-01	-1.666254e-01	1.772214e-01	-9.042981e-02	1.777838e-02	3.590744e-01	-4.353797e-01	5.257133e-01	-4.323123e-02	-8.218716e-02	1.000000e+00	-5.950729e-01	6.741311e-01	-7.360378e-01	2.563738e-01	5.959355e-02	1.456353e-01	-1.855943e-01	2.399908e-01	-2.066238e-02	-3.648250e-02	
-8.130205e-03	7.724844e-02	1.403542e-01	-5.784298e-02	-4.401478e-02	4.824131e-02	-5.286600e-02	2.881316e-02	-6.471752e-03	-7.042926e-02	8.380598e-02	-1.032547e-01	1.873145e-02	3.368734e-03	-5.950729e-01	1.000000e+00	-9.840416e-01	9.350782e-01	-7.485741e-01	4.136178e-01	1.153247e-01	-1.393209e-01	1.621720e-01	-1.875234e-02	1.214588e-02	
2.365094e-02	-8.097520e-02	-1.690761e-01	6.993084e-02	5.247483e-02	-5.711235e-02	6.159604e-02	-3.482017e-02	1.048601e-02	9.147459e-02	-1.065599e-01	1.274281e-01	-2.650092e-02	-4.243336e-04	6.741311e-01	-9.840416e-01	1.000000e+00	-9.827462e-01	7.048980e-01	-3.448569e-01	-1.108958e-01	1.387438e-01	-1.670392e-01	1.036782e-02	2.004361e-03	
-4.207686e-02	7.393443e-02	1.944558e-01	-8.041975e-02	-5.738912e-02	6.262427e-02	-6.701126e-02	3.557180e-02	-1.081284e-02	-1.104727e-01	1.271475e-01	-1.490786e-01	3.322739e-02	-1.702290e-03	-7.360378e-01	9.350782e-01	-9.827462e-01	1.000000e+00	-6.352430e-01	2.628487e-01	1.042761e-01	-1.349427e-01	1.677446e-01	-4.790286e-03	-1.206006e-02	
5.817454e-02	5.729857e-02	-1.022513e-01	3.126074e-02	2.005190e-02	-2.470664e-02	2.678196e-02	2.140333e-02	-2.718359e-02	2.696695e-02	-4.044468e-02	5.955591e-02	7.792400e-03	-2.260078e-02	2.563738e-01	-7.485741e-01	7.048980e-01	-6.352430e-01	1.000000e+00	-8.974357e-01	2.679066e-03	1.244227e-02	-2.713536e-02	3.536347e-02	-1.085765e-01	
-2.320496e-02	-1.007545e-01	1.257694e-02	3.698941e-03	1.886224e-02	-1.362867e-02	1.036755e-02	-4.359762e-02	3.180902e-02	3.760987e-02	-3.002484e-02	1.717294e-02	-3.176551e-02	2.842962e-02	5.959355e-02	4.136178e-01	-3.448569e-01	2.628487e-01	-8.974357e-01	1.000000e+00	-6.324782e-02	5.851415e-02	-5.372506e-02	-3.528507e-02	1.439146e-01	
8.890280e-02	-3.756114e-02	-3.470756e-01	2.153478e-01	7.930594e-02	-8.110894e-02	7.779952e-02	-4.813228e-02	1.926888e-02	1.531557e-01	-1.916694e-01	2.374871e-01	1.602372e-02	-7.471226e-02	1.456353e-01	1.153247e-01	-1.108958e-01	1.042761e-01	2.679066e-03	-6.324782e-02	1.000000e+00	-9.852781e-01	9.215467e-01	-8.289270e-01	6.820583e-01	
-6.534409e-02	2.392475e-02	4.405285e-01	-2.697614e-01	-1.000039e-01	1.036398e-01	-1.013373e-01	5.678400e-02	-1.688289e-02	-1.930759e-01	2.452605e-01	-3.082581e-01	-1.740187e-02	9.562587e-02	-1.855943e-01	-1.393209e-01	1.387438e-01	-1.349427e-01	1.244227e-02	5.851415e-02	-9.852781e-01	1.000000e+00	-9.733906e-01	8.097705e-01	-6.521958e-01	
1.138537e-02	7.564213e-03	-5.597889e-01	3.407370e-01	1.213517e-01	-1.278669e-01	1.276360e-01	-6.521256e-02	1.290956e-02	2.474394e-01	-3.176146e-01	4.033691e-01	1.199972e-02	-1.158228e-01	2.399908e-01	1.621720e-01	-1.670392e-01	1.677446e-01	-2.713536e-02	-5.372506e-02	9.215467e-01	-9.733906e-01	1.000000e+00	-7.331998e-01	5.668022e-01	
1.655762e-02	-2.440719e-02	2.593657e-02	-1.583695e-02	-4.546480e-02	4.058519e-02	-3.286601e-02	6.353499e-02	-5.338708e-02	7.709792e-03	-3.101192e-03	-5.913360e-03	-2.763160e-02	2.414292e-02	-2.066238e-02	-1.875234e-02	1.036782e-02	-4.790286e-03	3.536347e-02	-3.528507e-02	-8.289270e-01	8.097705e-01	-7.331998e-01	1.000000e+00	-9.609764e-01	
1.659411e-03	2.955702e-03	1.151930e-01	-6.716209e-02	2.633927e-02	-1.704447e-02	6.322237e-03	-6.548485e-02	6.782854e-02	-7.126912e-02	8.486742e-02	-9.864385e-02	2.707601e-02	7.329496e-03	-3.648250e-02	1.214588e-02	2.004361e-03	-1.206006e-02	-1.085765e-01	1.439146e-01	6.820583e-01	-6.521958e-01	5.668022e-01	-9.609764e-01	1.000000e+00	

Time taken for mcmc chain: 20.666667 minutes
