Number of steps: 4390356
Number of accepted steps: 1000000
Burn-in number of steps: 320000
Accepted fraction of steps: 0.227772
Convergence Status
R[0]= 1.007571	R[1]= 1.014724	R[2]= 1.131479	R[3]= 1.080429	R[4]= 1.010179	R[5]= 1.011137	R[6]= 1.011843	R[7]= 1.005392	R[8]= 1.000774	R[9]= 1.017200	R[10]= 1.025340	R[11]= 1.037049	R[12]= 1.003344	R[13]= 1.006858	R[14]= 1.067075	R[15]= 1.005839	R[16]= 1.006196	R[17]= 1.006274	R[18]= 1.003129	R[19]= 1.001176	R[20]= 1.020846	R[21]= 1.030351	R[22]= 1.042656	R[23]= 1.001133	R[24]= 1.005722	
<R>= 1.022149

Mean parameters
A[0]= 9.629232e-01 pm 3.246819e-02
A[1]= 1.054368e+00 pm 2.571838e-02
A[2]= 6.000630e-01 pm 4.320014e-01
A[3]= 4.091220e+00 pm 1.307417e+00
A[4]= -4.586895e+03 pm 3.803711e+03
A[5]= 2.471061e+03 pm 2.501247e+03
A[6]= -1.462260e+02 pm 5.910511e+02
A[7]= 6.770609e+00 pm 1.362608e+01
A[8]= -6.877651e-02 pm 1.837298e-01
A[9]= -3.636381e+02 pm 8.927250e+03
A[10]= -3.253489e+02 pm 5.443531e+03
A[11]= -7.620145e+01 pm 1.169599e+03
A[12]= -1.688298e+01 pm 4.861178e+01
A[13]= 4.060055e-01 pm 9.317878e-01
A[14]= 5.769879e+00 pm 1.838060e+00
A[15]= -7.134850e+03 pm 5.397730e+03
A[16]= 5.689764e+03 pm 3.539752e+03
A[17]= -1.161313e+03 pm 8.340102e+02
A[18]= 3.118573e+00 pm 2.019653e+01
A[19]= 1.555005e-01 pm 2.678585e-01
A[20]= 5.506639e+03 pm 1.248563e+04
A[21]= -2.553103e+03 pm 7.677291e+03
A[22]= -4.800699e+01 pm 1.663403e+03
A[23]= -3.318045e+01 pm 6.826168e+01
A[24]= 3.337499e-01 pm 1.320516e+00

Best-fitting parameters
A[0]= 9.647577e-01
A[1]= 1.052636e+00
A[2]= 1.379991e-01
A[3]= 5.485736e+00
A[4]= -4.576625e+03
A[5]= 2.715028e+03
A[6]= -2.487276e+02
A[7]= 8.687782e+00
A[8]= -8.698964e-02
A[9]= 2.592355e+03
A[10]= -2.860876e+03
A[11]= 6.770892e+02
A[12]= 8.640142e+00
A[13]= -3.222364e-01
A[14]= 6.932181e+00
A[15]= -6.731542e+03
A[16]= 5.193012e+03
A[17]= -1.016178e+03
A[18]= 1.301073e+01
A[19]= -3.136565e-03
A[20]= 3.794862e+03
A[21]= -3.076245e+03
A[22]= 5.221717e+02
A[23]= 3.713624e+01
A[24]= -1.279123e+00
chi2_min= 1.114418e+02


Cross-Covariance parameters
1.000000e+00	-5.022728e-01	-1.959170e-01	1.338081e-01	6.300320e-03	6.526266e-04	-1.610333e-02	9.288918e-02	-7.809534e-02	1.672842e-03	1.237104e-03	-1.997053e-02	1.547467e-01	-1.382786e-01	9.988951e-02	4.713893e-02	-5.123472e-02	4.597462e-02	8.864739e-02	-9.567069e-02	2.581387e-02	-2.432400e-02	6.101965e-03	1.720054e-01	-1.660934e-01	
-5.022728e-01	1.000000e+00	2.502608e-01	-2.507150e-01	2.570252e-02	-2.301389e-02	1.293076e-02	9.296948e-02	-1.090900e-01	-4.328462e-02	4.821476e-02	-4.626469e-02	-7.668387e-02	4.261637e-02	-2.586843e-01	-5.750844e-03	3.554316e-03	-7.372395e-03	1.164285e-01	-1.166467e-01	-5.402741e-02	5.824376e-02	-5.247532e-02	-9.712641e-02	8.383796e-02	
-1.959170e-01	2.502608e-01	1.000000e+00	-7.594093e-01	7.421700e-02	-7.448525e-02	7.918754e-02	-9.993573e-02	6.019562e-02	-4.668989e-01	5.765883e-01	-6.998278e-01	-3.733909e-02	2.058560e-01	-7.411531e-01	-3.020758e-02	2.320182e-02	-9.605277e-03	-2.987996e-03	-1.030678e-02	-4.901166e-01	5.944960e-01	-7.110127e-01	-6.766340e-02	2.366118e-01	
1.338081e-01	-2.507150e-01	-7.594093e-01	1.000000e+00	-5.339812e-01	5.887196e-01	-6.289029e-01	2.130394e-01	6.425279e-02	2.851300e-01	-3.507850e-01	4.282870e-01	7.289693e-03	-9.497214e-02	5.924892e-01	-3.688668e-03	6.175626e-03	-1.227568e-02	-3.789870e-04	1.780419e-02	3.612190e-01	-4.421293e-01	5.334771e-01	6.692536e-02	-1.936523e-01	
6.300320e-03	2.570252e-02	7.421700e-02	-5.339812e-01	1.000000e+00	-9.837002e-01	9.376453e-01	-6.788653e-01	2.961634e-01	4.509811e-02	-7.149380e-02	9.868832e-02	4.872423e-02	-2.727377e-02	-6.004036e-02	3.318599e-02	-3.162027e-02	2.965616e-02	-1.926144e-02	9.412587e-03	-1.895767e-02	2.742882e-02	-3.741628e-02	-2.552134e-03	9.503242e-03	
6.526266e-04	-2.301389e-02	-7.448525e-02	5.887196e-01	-9.837002e-01	1.000000e+00	-9.843552e-01	6.316818e-01	-2.306909e-01	-5.387561e-02	8.392719e-02	-1.154284e-01	-5.624154e-02	4.763506e-02	6.001535e-02	-3.466753e-02	3.279737e-02	-3.066359e-02	2.163144e-02	-1.090723e-02	1.835839e-02	-2.652666e-02	3.618038e-02	5.254699e-03	-1.239720e-02	
-1.610333e-02	1.293076e-02	7.918754e-02	-6.289029e-01	9.376453e-01	-9.843552e-01	1.000000e+00	-5.691695e-01	1.664458e-01	6.416803e-02	-9.571115e-02	1.289258e-01	5.214444e-02	-5.341793e-02	-6.102904e-02	3.345618e-02	-3.136514e-02	2.946908e-02	-2.640149e-02	1.539596e-02	-2.006143e-02	2.853367e-02	-3.846633e-02	-9.941233e-03	1.848010e-02	
9.288918e-02	9.296948e-02	-9.993573e-02	2.130394e-01	-6.788653e-01	6.316818e-01	-5.691695e-01	1.000000e+00	-8.815735e-01	1.035415e-01	-8.898086e-02	6.388486e-02	-2.733932e-02	-1.397972e-01	4.964396e-02	-5.485514e-03	4.365434e-03	-6.903087e-03	5.511414e-02	-5.081949e-02	4.653490e-02	-5.759324e-02	6.898549e-02	9.480150e-03	-2.696299e-02	
-7.809534e-02	-1.090900e-01	6.019562e-02	6.425279e-02	2.961634e-01	-2.306909e-01	1.664458e-01	-8.815735e-01	1.000000e+00	-1.503206e-01	1.468048e-01	-1.302760e-01	1.158196e-02	2.042075e-01	-1.919322e-02	-7.767368e-03	8.012481e-03	-4.694443e-03	-4.528773e-02	4.551003e-02	-3.476707e-02	4.224293e-02	-4.957488e-02	-3.907151e-03	1.718792e-02	
1.672842e-03	-4.328462e-02	-4.668989e-01	2.851300e-01	4.509811e-02	-5.387561e-02	6.416803e-02	1.035415e-01	-1.503206e-01	1.000000e+00	-9.841100e-01	9.210589e-01	-7.566554e-01	5.509547e-01	3.519001e-01	-4.819757e-03	8.446544e-03	-1.406911e-02	1.364209e-02	-5.344594e-04	2.364857e-01	-2.874071e-01	3.459381e-01	1.050749e-02	-9.448723e-02	
1.237104e-03	4.821476e-02	5.765883e-01	-3.507850e-01	-7.149380e-02	8.392719e-02	-9.571115e-02	-8.898086e-02	1.468048e-01	-9.841100e-01	1.000000e+00	-9.748405e-01	7.060745e-01	-4.916890e-01	-4.358048e-01	-5.025096e-04	-4.045384e-03	1.144232e-02	-1.039984e-02	-3.823641e-03	-2.937834e-01	3.572618e-01	-4.303813e-01	-1.635123e-02	1.211424e-01	
-1.997053e-02	-4.626469e-02	-6.998278e-01	4.282870e-01	9.868832e-02	-1.154284e-01	1.289258e-01	6.388486e-02	-1.302760e-01	9.210589e-01	-9.748405e-01	1.000000e+00	-5.975756e-01	3.814742e-01	5.309258e-01	6.593076e-03	-9.396861e-04	-8.413721e-03	4.626886e-03	1.066074e-02	3.595217e-01	-4.375313e-01	5.278003e-01	2.094920e-02	-1.499588e-01	
1.547467e-01	-7.668387e-02	-3.733909e-02	7.289693e-03	4.872423e-02	-5.624154e-02	5.214444e-02	-2.733932e-02	1.158196e-02	-7.566554e-01	7.060745e-01	-5.975756e-01	1.000000e+00	-9.406900e-01	2.525737e-02	3.077783e-02	-3.153404e-02	2.996626e-02	-2.645675e-03	-7.004123e-03	1.808576e-02	-2.071403e-02	2.124956e-02	3.510440e-02	-3.932358e-02	
-1.382786e-01	4.261637e-02	2.058560e-01	-9.497214e-02	-2.727377e-02	4.763506e-02	-5.341793e-02	-1.397972e-01	2.042075e-01	5.509547e-01	-4.916890e-01	3.814742e-01	-9.406900e-01	1.000000e+00	-1.484605e-01	-3.625145e-02	3.541472e-02	-3.070833e-02	-4.828425e-03	1.190741e-02	-1.077740e-01	1.308472e-01	-1.553504e-01	-3.635705e-02	7.337281e-02	
9.988951e-02	-2.586843e-01	-7.411531e-01	5.924892e-01	-6.004036e-02	6.001535e-02	-6.102904e-02	4.964396e-02	-1.919322e-02	3.519001e-01	-4.358048e-01	5.309258e-01	2.525737e-02	-1.484605e-01	1.000000e+00	-4.626727e-01	5.279320e-01	-5.799621e-01	8.531264e-02	1.685074e-01	2.727379e-01	-3.323936e-01	4.065958e-01	3.058029e-02	-1.110556e-01	
4.713893e-02	-5.750844e-03	-3.020758e-02	-3.688668e-03	3.318599e-02	-3.466753e-02	3.345618e-02	-5.485514e-03	-7.767368e-03	-4.819757e-03	-5.025096e-04	6.593076e-03	3.077783e-02	-3.625145e-02	-4.626727e-01	1.000000e+00	-9.829562e-01	9.343206e-01	-6.459379e-01	2.869824e-01	1.637437e-01	-1.944920e-01	2.176712e-01	-1.156816e-02	-2.225494e-02	
-5.123472e-02	3.554316e-03	2.320182e-02	6.175626e-03	-3.162027e-02	3.279737e-02	-3.136514e-02	4.365434e-03	8.012481e-03	8.446544e-03	-4.045384e-03	-9.396861e-04	-3.153404e-02	3.541472e-02	5.279320e-01	-9.829562e-01	1.000000e+00	-9.834245e-01	5.816567e-01	-2.031688e-01	-1.680777e-01	2.024387e-01	-2.292236e-01	-3.017832e-03	4.600786e-02	
4.597462e-02	-7.372395e-03	-9.605277e-03	-1.227568e-02	2.965616e-02	-3.066359e-02	2.946908e-02	-6.903087e-03	-4.694443e-03	-1.406911e-02	1.144232e-02	-8.413721e-03	2.996626e-02	-3.070833e-02	-5.799621e-01	9.343206e-01	-9.834245e-01	1.000000e+00	-5.009163e-01	1.180257e-01	1.664157e-01	-2.025368e-01	2.312803e-01	1.192840e-02	-6.061349e-02	
8.864739e-02	1.164285e-01	-2.987996e-03	-3.789870e-04	-1.926144e-02	2.163144e-02	-2.640149e-02	5.511414e-02	-4.528773e-02	1.364209e-02	-1.039984e-02	4.626886e-03	-2.645675e-03	-4.828425e-03	8.531264e-02	-6.459379e-01	5.816567e-01	-5.009163e-01	1.000000e+00	-9.007594e-01	-3.157001e-02	4.476454e-02	-5.833300e-02	8.743653e-02	-1.583763e-01	
-9.567069e-02	-1.166467e-01	-1.030678e-02	1.780419e-02	9.412587e-03	-1.090723e-02	1.539596e-02	-5.081949e-02	4.551003e-02	-5.344594e-04	-3.823641e-03	1.066074e-02	-7.004123e-03	1.190741e-02	1.685074e-01	2.869824e-01	-2.031688e-01	1.180257e-01	-9.007594e-01	1.000000e+00	-3.211273e-02	3.036102e-02	-2.376269e-02	-1.008379e-01	2.109607e-01	
2.581387e-02	-5.402741e-02	-4.901166e-01	3.612190e-01	-1.895767e-02	1.835839e-02	-2.006143e-02	4.653490e-02	-3.476707e-02	2.364857e-01	-2.937834e-01	3.595217e-01	1.808576e-02	-1.077740e-01	2.727379e-01	1.637437e-01	-1.680777e-01	1.664157e-01	-3.157001e-02	-3.211273e-02	1.000000e+00	-9.847677e-01	9.256310e-01	-7.218097e-01	5.306671e-01	
-2.432400e-02	5.824376e-02	5.944960e-01	-4.421293e-01	2.742882e-02	-2.652666e-02	2.853367e-02	-5.759324e-02	4.224293e-02	-2.874071e-01	3.572618e-01	-4.375313e-01	-2.071403e-02	1.308472e-01	-3.323936e-01	-1.944920e-01	2.024387e-01	-2.025368e-01	4.476454e-02	3.036102e-02	-9.847677e-01	1.000000e+00	-9.765959e-01	6.673699e-01	-4.658363e-01	
6.101965e-03	-5.247532e-02	-7.110127e-01	5.334771e-01	-3.741628e-02	3.618038e-02	-3.846633e-02	6.898549e-02	-4.957488e-02	3.459381e-01	-4.303813e-01	5.278003e-01	2.124956e-02	-1.553504e-01	4.065958e-01	2.176712e-01	-2.292236e-01	2.312803e-01	-5.833300e-02	-2.376269e-02	9.256310e-01	-9.765959e-01	1.000000e+00	-5.596663e-01	3.533817e-01	
1.720054e-01	-9.712641e-02	-6.766340e-02	6.692536e-02	-2.552134e-03	5.254699e-03	-9.941233e-03	9.480150e-03	-3.907151e-03	1.050749e-02	-1.635123e-02	2.094920e-02	3.510440e-02	-3.635705e-02	3.058029e-02	-1.156816e-02	-3.017832e-03	1.192840e-02	8.743653e-02	-1.008379e-01	-7.218097e-01	6.673699e-01	-5.596663e-01	1.000000e+00	-9.568478e-01	
-1.660934e-01	8.383796e-02	2.366118e-01	-1.936523e-01	9.503242e-03	-1.239720e-02	1.848010e-02	-2.696299e-02	1.718792e-02	-9.448723e-02	1.211424e-01	-1.499588e-01	-3.932358e-02	7.337281e-02	-1.110556e-01	-2.225494e-02	4.600786e-02	-6.061349e-02	-1.583763e-01	2.109607e-01	5.306671e-01	-4.658363e-01	3.533817e-01	-9.568478e-01	1.000000e+00	

Time taken for mcmc chain: 30.366667 minutes
