Number of steps: 2324005
Number of accepted steps: 960000
Burn-in number of steps: 200000
Accepted fraction of steps: 0.413080
Convergence Status
R[0]= 1.003836	R[1]= 1.008658	R[2]= 1.133559	R[3]= 1.198908	R[4]= 1.080294	R[5]= 1.083321	R[6]= 1.083740	R[7]= 1.004387	R[8]= 1.005714	R[9]= 1.032032	R[10]= 1.048385	R[11]= 1.071479	R[12]= 1.005617	R[13]= 1.005315	R[14]= 1.056368	R[15]= 1.000321	R[16]= 1.000358	R[17]= 1.000444	R[18]= 1.007650	R[19]= 1.007678	R[20]= 1.038829	R[21]= 1.055965	R[22]= 1.079776	R[23]= 1.007310	R[24]= 1.013110	
<R>= 1.041322

Mean parameters
A[0]= 8.888768e-01 pm 3.201283e-02
A[1]= 9.995013e-01 pm 2.814291e-02
A[2]= 6.957723e-01 pm 4.594667e-01
A[3]= 3.447171e+00 pm 1.297801e+00
A[4]= -1.765495e+03 pm 3.751293e+03
A[5]= 7.678575e+02 pm 2.461816e+03
A[6]= 1.832746e+02 pm 5.668578e+02
A[7]= 6.922966e+00 pm 1.227374e+01
A[8]= -1.548061e-01 pm 1.836660e-01
A[9]= -5.816597e+03 pm 7.439963e+03
A[10]= 2.835724e+03 pm 4.477628e+03
A[11]= -6.898321e+02 pm 9.376382e+02
A[12]= 2.449222e+01 pm 4.435107e+01
A[13]= -4.929445e-01 pm 8.843647e-01
A[14]= 4.579777e+00 pm 1.484590e+00
A[15]= -8.289214e+03 pm 4.959679e+03
A[16]= 5.410706e+03 pm 3.239437e+03
A[17]= -8.815154e+02 pm 7.456111e+02
A[18]= 1.983468e+01 pm 1.746553e+01
A[19]= -1.529682e-01 pm 2.430480e-01
A[20]= -3.020340e+03 pm 1.085856e+04
A[21]= 1.803715e+03 pm 6.489396e+03
A[22]= -7.692420e+02 pm 1.343688e+03
A[23]= 1.357994e+01 pm 6.596994e+01
A[24]= -5.797992e-01 pm 1.304762e+00

Best-fitting parameters
A[0]= 8.856202e-01
A[1]= 1.015385e+00
A[2]= 6.713031e-01
A[3]= 3.629201e+00
A[4]= -4.552319e+03
A[5]= 2.537005e+03
A[6]= -1.945663e+02
A[7]= 1.629957e+01
A[8]= -2.387942e-01
A[9]= -4.814067e+03
A[10]= 2.492025e+03
A[11]= -6.929398e+02
A[12]= 1.446007e+01
A[13]= -3.476474e-01
A[14]= 4.284122e+00
A[15]= -6.617091e+03
A[16]= 4.347660e+03
A[17]= -6.649253e+02
A[18]= 1.170907e+01
A[19]= -6.615045e-02
A[20]= 1.174054e+03
A[21]= -4.009504e+02
A[22]= -4.212530e+02
A[23]= 5.880452e+00
A[24]= -6.197469e-01
chi2_min= 1.141414e+02


Cross-Covariance parameters
1.000000e+00	-5.162847e-01	-2.248281e-01	9.613124e-02	7.162240e-02	-7.450464e-02	6.957286e-02	3.328652e-02	-3.472102e-02	6.118441e-02	-6.088747e-02	4.317461e-02	1.100055e-01	-8.924931e-02	1.272988e-01	1.318576e-01	-1.252819e-01	1.098231e-01	-3.038277e-02	3.042190e-03	1.764260e-02	-1.860549e-02	4.583040e-03	1.878180e-01	-1.762114e-01	
-5.162847e-01	1.000000e+00	2.731420e-01	-2.505732e-01	1.073866e-02	-8.205941e-03	-2.520022e-03	1.439452e-01	-1.528639e-01	-1.794334e-02	2.466779e-02	-2.593053e-02	-1.084095e-01	5.887505e-02	-2.142683e-01	-1.247162e-01	1.269920e-01	-1.318022e-01	1.713849e-01	-1.170729e-01	6.850571e-03	7.706737e-03	-1.473188e-02	-1.726588e-01	1.536292e-01	
-2.248281e-01	2.731420e-01	1.000000e+00	-6.904200e-01	5.664770e-02	-5.110546e-02	5.084330e-02	-6.771107e-02	1.887651e-02	-3.755048e-01	4.893194e-01	-6.215671e-01	-2.159369e-01	3.250422e-01	-6.196325e-01	-2.035452e-01	2.187594e-01	-2.199063e-01	-2.568717e-02	9.662908e-02	-3.500608e-01	4.721424e-01	-6.160155e-01	-2.935264e-01	4.226573e-01	
9.613124e-02	-2.505732e-01	-6.904200e-01	1.000000e+00	-5.881836e-01	6.366978e-01	-6.704788e-01	5.230730e-02	2.586302e-01	2.106435e-01	-2.684936e-01	3.402049e-01	2.919183e-02	-3.389211e-02	5.006620e-01	1.159111e-01	-1.221090e-01	1.210558e-01	-2.951631e-02	-9.613107e-03	2.296425e-01	-3.153879e-01	4.190851e-01	2.120147e-01	-2.952233e-01	
7.162240e-02	1.073866e-02	5.664770e-02	-5.881836e-01	1.000000e+00	-9.867659e-01	9.513956e-01	-5.071135e-01	7.777987e-02	2.366363e-02	-5.998481e-02	9.833072e-02	1.546117e-01	-1.654029e-01	-1.033206e-01	2.957262e-02	-3.938441e-02	4.755323e-02	2.960878e-02	-4.662266e-02	-1.847375e-04	6.789600e-03	-1.769275e-02	-1.626323e-02	2.000660e-02	
-7.450464e-02	-8.205941e-03	-5.110546e-02	6.366978e-01	-9.867659e-01	1.000000e+00	-9.883433e-01	4.396638e-01	-7.824681e-04	-3.485943e-02	7.443551e-02	-1.158742e-01	-1.702016e-01	1.970451e-01	1.033933e-01	-3.147811e-02	4.099078e-02	-4.854157e-02	-3.643196e-02	5.469676e-02	-4.953033e-03	-1.177932e-03	1.213016e-02	1.898358e-02	-2.060518e-02	
6.957286e-02	-2.520022e-03	5.084330e-02	-6.704788e-01	9.513956e-01	-9.883433e-01	1.000000e+00	-3.716687e-01	-6.300752e-02	4.456329e-02	-8.549521e-02	1.278860e-01	1.744222e-01	-2.128096e-01	-1.056709e-01	3.354917e-02	-4.267053e-02	4.984681e-02	3.834409e-02	-5.832036e-02	5.655233e-03	4.412454e-04	-1.168048e-02	-2.155120e-02	2.252765e-02	
3.328652e-02	1.439452e-01	-6.771107e-02	5.230730e-02	-5.071135e-01	4.396638e-01	-3.716687e-01	1.000000e+00	-8.809528e-01	1.760960e-01	-1.632570e-01	1.354689e-01	-6.150531e-02	-1.266576e-01	4.186916e-02	2.173269e-02	-1.107366e-02	-2.628835e-03	2.074429e-02	-1.863893e-02	5.703487e-02	-6.752461e-02	7.768242e-02	-2.133830e-02	6.287121e-04	
-3.472102e-02	-1.528639e-01	1.887651e-02	2.586302e-01	7.777987e-02	-7.824681e-04	-6.300752e-02	-8.809528e-01	1.000000e+00	-2.017739e-01	2.027393e-01	-1.871290e-01	-1.691695e-03	2.338711e-01	1.205706e-02	-2.299515e-02	1.579264e-02	-5.726352e-03	-3.173440e-02	3.295296e-02	-5.893100e-02	6.368264e-02	-6.547738e-02	5.230682e-02	-3.478954e-02	
6.118441e-02	-1.794334e-02	-3.755048e-01	2.106435e-01	2.366363e-02	-3.485943e-02	4.456329e-02	1.760960e-01	-2.017739e-01	1.000000e+00	-9.826704e-01	9.153964e-01	-6.825006e-01	4.790041e-01	2.276377e-01	9.340105e-02	-9.518108e-02	9.229969e-02	2.043028e-02	-4.413488e-02	1.735617e-01	-2.216049e-01	2.765944e-01	7.385308e-02	-1.290289e-01	
-6.088747e-02	2.466779e-02	4.893194e-01	-2.684936e-01	-5.998481e-02	7.443551e-02	-8.549521e-02	-1.632570e-01	2.027393e-01	-9.826704e-01	1.000000e+00	-9.733879e-01	6.197487e-01	-4.124746e-01	-2.921542e-01	-1.202889e-01	1.255480e-01	-1.240314e-01	-3.009352e-02	6.525591e-02	-2.181289e-01	2.820946e-01	-3.561342e-01	-1.046614e-01	1.766875e-01	
4.317461e-02	-2.593053e-02	-6.215671e-01	3.402049e-01	9.833072e-02	-1.158742e-01	1.278860e-01	1.354689e-01	-1.871290e-01	9.153964e-01	-9.733879e-01	1.000000e+00	-4.990362e-01	2.976063e-01	3.707390e-01	1.454940e-01	-1.548074e-01	1.551157e-01	4.192684e-02	-8.887803e-02	2.687187e-01	-3.514621e-01	4.483586e-01	1.394308e-01	-2.318774e-01	
1.100055e-01	-1.084095e-01	-2.159369e-01	2.919183e-02	1.546117e-01	-1.702016e-01	1.744222e-01	-6.150531e-02	-1.691695e-03	-6.825006e-01	6.197487e-01	-4.990362e-01	1.000000e+00	-9.455264e-01	1.329621e-01	4.348646e-02	-4.986455e-02	5.083138e-02	1.066628e-03	-2.695585e-02	6.227568e-02	-8.641327e-02	1.145730e-01	8.195062e-02	-1.108638e-01	
-8.924931e-02	5.887505e-02	3.250422e-01	-3.389211e-02	-1.654029e-01	1.970451e-01	-2.128096e-01	-1.266576e-01	2.338711e-01	4.790041e-01	-4.124746e-01	2.976063e-01	-9.455264e-01	1.000000e+00	-1.951967e-01	-6.902979e-02	7.612917e-02	-7.567201e-02	-1.784946e-02	5.245619e-02	-1.274955e-01	1.670672e-01	-2.131391e-01	-8.864878e-02	1.396467e-01	
1.272988e-01	-2.142683e-01	-6.196325e-01	5.006620e-01	-1.033206e-01	1.033933e-01	-1.056709e-01	4.186916e-02	1.205706e-02	2.276377e-01	-2.921542e-01	3.707390e-01	1.329621e-01	-1.951967e-01	1.000000e+00	-4.275386e-01	4.838862e-01	-5.308714e-01	1.173136e-02	2.050226e-01	1.199452e-01	-1.772282e-01	2.510766e-01	1.047911e-01	-1.416632e-01	
1.318576e-01	-1.247162e-01	-2.035452e-01	1.159111e-01	2.957262e-02	-3.147811e-02	3.354917e-02	2.173269e-02	-2.299515e-02	9.340105e-02	-1.202889e-01	1.454940e-01	4.348646e-02	-6.902979e-02	-4.275386e-01	1.000000e+00	-9.851692e-01	9.436890e-01	-5.361465e-01	1.693107e-01	2.163187e-01	-2.616639e-01	3.068460e-01	1.055363e-01	-1.444150e-01	
-1.252819e-01	1.269920e-01	2.187594e-01	-1.221090e-01	-3.938441e-02	4.099078e-02	-4.267053e-02	-1.107366e-02	1.579264e-02	-9.518108e-02	1.255480e-01	-1.548074e-01	-4.986455e-02	7.612917e-02	4.838862e-01	-9.851692e-01	1.000000e+00	-9.859962e-01	4.632022e-01	-8.424577e-02	-2.271773e-01	2.772935e-01	-3.278187e-01	-1.275544e-01	1.771642e-01	
1.098231e-01	-1.318022e-01	-2.199063e-01	1.210558e-01	4.755323e-02	-4.854157e-02	4.984681e-02	-2.628835e-03	-5.726352e-03	9.229969e-02	-1.240314e-01	1.551157e-01	5.083138e-02	-7.567201e-02	-5.308714e-01	9.436890e-01	-9.859962e-01	1.000000e+00	-3.838952e-01	6.357793e-03	2.285213e-01	-2.813133e-01	3.350279e-01	1.413049e-01	-1.975324e-01	
-3.038277e-02	1.713849e-01	-2.568717e-02	-2.951631e-02	2.960878e-02	-3.643196e-02	3.834409e-02	2.074429e-02	-3.173440e-02	2.043028e-02	-3.009352e-02	4.192684e-02	1.066628e-03	-1.784946e-02	1.173136e-02	-5.361465e-01	4.632022e-01	-3.838952e-01	1.000000e+00	-9.080565e-01	-2.466886e-02	2.235082e-02	-1.840491e-02	8.413064e-02	-1.609862e-01	
3.042190e-03	-1.170729e-01	9.662908e-02	-9.613107e-03	-4.662266e-02	5.469676e-02	-5.832036e-02	-1.863893e-02	3.295296e-02	-4.413488e-02	6.525591e-02	-8.887803e-02	-2.695585e-02	5.245619e-02	2.050226e-01	1.693107e-01	-8.424577e-02	6.357793e-03	-9.080565e-01	1.000000e+00	-6.133132e-02	8.174988e-02	-1.028348e-01	-1.429818e-01	2.553198e-01	
1.764260e-02	6.850571e-03	-3.500608e-01	2.296425e-01	-1.847375e-04	-4.953033e-03	5.655233e-03	5.703487e-02	-5.893100e-02	1.735617e-01	-2.181289e-01	2.687187e-01	6.227568e-02	-1.274955e-01	1.199452e-01	2.163187e-01	-2.271773e-01	2.285213e-01	-2.466886e-02	-6.133132e-02	1.000000e+00	-9.839604e-01	9.189899e-01	-6.698386e-01	5.008207e-01	
-1.860549e-02	7.706737e-03	4.721424e-01	-3.153879e-01	6.789600e-03	-1.177932e-03	4.412454e-04	-6.752461e-02	6.368264e-02	-2.216049e-01	2.820946e-01	-3.514621e-01	-8.641327e-02	1.670672e-01	-1.772282e-01	-2.616639e-01	2.772935e-01	-2.813133e-01	2.235082e-02	8.174988e-02	-9.839604e-01	1.000000e+00	-9.739016e-01	6.027853e-01	-4.262272e-01	
4.583040e-03	-1.473188e-02	-6.160155e-01	4.190851e-01	-1.769275e-02	1.213016e-02	-1.168048e-02	7.768242e-02	-6.547738e-02	2.765944e-01	-3.561342e-01	4.483586e-01	1.145730e-01	-2.131391e-01	2.510766e-01	3.068460e-01	-3.278187e-01	3.350279e-01	-1.840491e-02	-1.028348e-01	9.189899e-01	-9.739016e-01	1.000000e+00	-4.771276e-01	2.989320e-01	
1.878180e-01	-1.726588e-01	-2.935264e-01	2.120147e-01	-1.626323e-02	1.898358e-02	-2.155120e-02	-2.133830e-02	5.230682e-02	7.385308e-02	-1.046614e-01	1.394308e-01	8.195062e-02	-8.864878e-02	1.047911e-01	1.055363e-01	-1.275544e-01	1.413049e-01	8.413064e-02	-1.429818e-01	-6.698386e-01	6.027853e-01	-4.771276e-01	1.000000e+00	-9.670701e-01	
-1.762114e-01	1.536292e-01	4.226573e-01	-2.952233e-01	2.000660e-02	-2.060518e-02	2.252765e-02	6.287121e-04	-3.478954e-02	-1.290289e-01	1.766875e-01	-2.318774e-01	-1.108638e-01	1.396467e-01	-1.416632e-01	-1.444150e-01	1.771642e-01	-1.975324e-01	-1.609862e-01	2.553198e-01	5.008207e-01	-4.262272e-01	2.989320e-01	-9.670701e-01	1.000000e+00	

Time taken for mcmc chain: 19.416667 minutes
