Number of steps: 22171180
Number of accepted steps: 1000000
Burn-in number of steps: 320000
Accepted fraction of steps: 0.045104
Convergence Status
R[0]= 1.002321	R[1]= 1.007542	R[2]= 1.014747	R[3]= 1.008008	R[4]= 1.001534	R[5]= 1.001966	R[6]= 1.002325	R[7]= 1.000214	R[8]= 1.001195	R[9]= 1.000706	R[10]= 1.001308	R[11]= 1.002208	R[12]= 1.000178	R[13]= 1.000196	R[14]= 1.008663	R[15]= 1.000410	R[16]= 1.000675	R[17]= 1.000929	R[18]= 1.000740	R[19]= 1.001360	R[20]= 1.001044	R[21]= 1.001375	R[22]= 1.001864	R[23]= 1.001022	R[24]= 1.001198	
<R>= 1.002549

Mean parameters
A[0]= 8.530765e-01 pm 3.981634e-02
A[1]= 9.978842e-01 pm 3.092531e-02
A[2]= 5.478574e-01 pm 4.085903e-01
A[3]= 3.704916e+00 pm 1.287753e+00
A[4]= -2.272228e+03 pm 3.509297e+03
A[5]= 9.463631e+02 pm 2.295009e+03
A[6]= 1.610999e+02 pm 5.290159e+02
A[7]= 7.066364e+00 pm 1.194374e+01
A[8]= -1.426219e-01 pm 1.783775e-01
A[9]= -7.479720e+03 pm 7.204923e+03
A[10]= 3.379639e+03 pm 4.276663e+03
A[11]= -6.794281e+02 pm 8.793562e+02
A[12]= 4.143314e+01 pm 4.076835e+01
A[13]= -7.980890e-01 pm 7.915021e-01
A[14]= 5.390066e+00 pm 1.710710e+00
A[15]= -9.657062e+03 pm 4.763295e+03
A[16]= 6.113925e+03 pm 3.128686e+03
A[17]= -1.028336e+03 pm 7.224687e+02
A[18]= 1.468920e+01 pm 1.737954e+01
A[19]= -4.638745e-02 pm 2.513857e-01
A[20]= -1.296523e+02 pm 1.016679e+04
A[21]= -2.503131e+02 pm 6.129963e+03
A[22]= -2.491834e+02 pm 1.279915e+03
A[23]= 4.735833e-01 pm 5.886248e+01
A[24]= -3.569503e-01 pm 1.169028e+00

Best-fitting parameters
A[0]= 8.389665e-01
A[1]= 9.868256e-01
A[2]= 9.714978e-01
A[3]= 2.349616e+00
A[4]= -1.721959e+03
A[5]= 2.768375e+02
A[6]= 3.960560e+02
A[7]= 8.358235e+00
A[8]= -1.855849e-01
A[9]= -1.354389e+04
A[10]= 7.371326e+03
A[11]= -1.579150e+03
A[12]= 6.817612e+01
A[13]= -1.293576e+00
A[14]= 4.566413e+00
A[15]= -1.145033e+04
A[16]= 7.316585e+03
A[17]= -1.297131e+03
A[18]= 6.254293e+00
A[19]= 7.967974e-02
A[20]= -9.247273e+03
A[21]= 6.416203e+03
A[22]= -1.839548e+03
A[23]= 6.081950e+00
A[24]= -1.926837e-01
chi2_min= 1.089535e+02


Cross-Covariance parameters
1.000000e+00	-5.282101e-01	-7.956394e-02	7.383000e-02	9.737101e-03	1.321919e-02	-4.045510e-02	-4.259386e-02	9.704382e-02	-3.241531e-03	3.553779e-02	-9.540172e-02	8.649376e-03	7.845075e-02	-2.825976e-02	1.142767e-01	-1.061078e-01	8.806355e-02	-1.359109e-02	1.921097e-02	1.424720e-02	1.961877e-02	-8.390953e-02	4.580694e-02	1.513141e-02	
-5.282101e-01	1.000000e+00	2.857720e-01	-2.900641e-01	5.454029e-02	-7.017194e-02	7.701321e-02	1.699849e-01	-2.076784e-01	2.023445e-02	-2.276037e-02	3.496926e-02	-8.732553e-02	4.816465e-03	-2.411673e-01	-3.473486e-02	3.112008e-02	-3.412641e-02	1.513744e-01	-1.420417e-01	-3.913779e-02	3.030842e-02	-6.056975e-03	-1.143749e-01	7.905065e-02	
-7.956394e-02	2.857720e-01	1.000000e+00	-6.860589e-01	2.231433e-02	-3.423195e-02	5.020783e-02	2.555872e-02	-6.621604e-02	-3.529913e-01	4.643356e-01	-5.971769e-01	-1.835044e-01	2.806802e-01	-6.512057e-01	-9.834058e-02	9.824887e-02	-9.190498e-02	-2.056477e-02	3.865205e-02	-4.169524e-01	5.213595e-01	-6.415327e-01	-2.333842e-01	3.619027e-01	
7.383000e-02	-2.900641e-01	-6.860589e-01	1.000000e+00	-5.590164e-01	6.240620e-01	-6.720052e-01	-3.675525e-02	3.145248e-01	1.473125e-01	-2.131925e-01	3.018700e-01	6.514058e-02	-6.485660e-02	4.688805e-01	7.045590e-02	-7.063594e-02	6.795156e-02	-9.555759e-03	-3.859731e-03	2.870140e-01	-3.579668e-01	4.386102e-01	1.634787e-01	-2.464925e-01	
9.737101e-03	5.454029e-02	2.231433e-02	-5.590164e-01	1.000000e+00	-9.848668e-01	9.436467e-01	-4.965220e-01	1.078957e-01	7.151954e-02	-9.340003e-02	1.111914e-01	1.232038e-01	-1.218985e-01	-2.732918e-02	1.955877e-02	-2.196799e-02	2.230376e-02	1.982157e-02	-3.092004e-02	5.158903e-03	-6.785038e-03	7.496575e-03	6.651612e-04	-4.485406e-03	
1.321919e-02	-7.017194e-02	-3.423195e-02	6.240620e-01	-9.848668e-01	1.000000e+00	-9.863063e-01	4.187057e-01	-1.988587e-02	-8.534163e-02	1.086917e-01	-1.272960e-01	-1.288798e-01	1.459999e-01	3.284017e-02	-1.753201e-02	2.038059e-02	-2.133474e-02	-2.027950e-02	3.223468e-02	-5.649113e-04	2.148261e-03	-3.462342e-03	-9.216428e-05	4.401700e-03	
-4.045510e-02	7.701321e-02	5.020783e-02	-6.720052e-01	9.436467e-01	-9.863063e-01	1.000000e+00	-3.372185e-01	-5.768369e-02	9.555121e-02	-1.188927e-01	1.368799e-01	1.267736e-01	-1.583411e-01	-3.855719e-02	1.328612e-02	-1.639783e-02	1.815174e-02	1.715309e-02	-2.959754e-02	-7.070916e-03	6.207438e-03	-4.996849e-03	-1.656804e-03	-2.038921e-03	
-4.259386e-02	1.699849e-01	2.555872e-02	-3.675525e-02	-4.965220e-01	4.187057e-01	-3.372185e-01	1.000000e+00	-8.986508e-01	1.730537e-01	-1.608219e-01	1.321015e-01	-1.236170e-01	-7.860231e-02	-3.276142e-02	-1.290507e-04	8.377014e-04	-3.515280e-03	2.839311e-02	-2.218187e-02	-4.864974e-03	3.269031e-03	1.183976e-03	-6.388629e-03	1.917776e-03	
9.704382e-02	-2.076784e-01	-6.621604e-02	3.145248e-01	1.078957e-01	-1.988587e-02	-5.768369e-02	-8.986508e-01	1.000000e+00	-2.191917e-01	2.147249e-01	-1.897668e-01	9.234113e-02	1.491547e-01	5.622698e-02	1.744298e-03	-4.544035e-04	8.660835e-04	-3.020418e-02	2.956612e-02	1.771820e-02	-1.647764e-02	1.137299e-02	1.134309e-02	-6.220122e-03	
-3.241531e-03	2.023445e-02	-3.529913e-01	1.473125e-01	7.151954e-02	-8.534163e-02	9.555121e-02	1.730537e-01	-2.191917e-01	1.000000e+00	-9.837263e-01	9.180228e-01	-7.075810e-01	5.106439e-01	2.336196e-01	4.108854e-02	-4.047326e-02	3.583859e-02	2.732553e-02	-3.463875e-02	1.548878e-01	-1.985234e-01	2.505538e-01	9.034666e-02	-1.441611e-01	
3.553779e-02	-2.276037e-02	4.643356e-01	-2.131925e-01	-9.340003e-02	1.086917e-01	-1.188927e-01	-1.608219e-01	2.147249e-01	-9.837263e-01	1.000000e+00	-9.734612e-01	6.551782e-01	-4.522118e-01	-3.078560e-01	-5.343325e-02	5.331389e-02	-4.843126e-02	-3.358160e-02	4.512148e-02	-2.054425e-01	2.636241e-01	-3.333781e-01	-1.164570e-01	1.890625e-01	
-9.540172e-02	3.496926e-02	-5.971769e-01	3.018700e-01	1.111914e-01	-1.272960e-01	1.368799e-01	1.321015e-01	-1.897668e-01	9.180228e-01	-9.734612e-01	1.000000e+00	-5.441926e-01	3.436092e-01	3.973633e-01	6.576536e-02	-6.659908e-02	6.201325e-02	4.176417e-02	-5.838523e-02	2.673591e-01	-3.436278e-01	4.358027e-01	1.454864e-01	-2.420598e-01	
8.649376e-03	-8.732553e-02	-1.835044e-01	6.514058e-02	1.232038e-01	-1.288798e-01	1.267736e-01	-1.236170e-01	9.234113e-02	-7.075810e-01	6.551782e-01	-5.441926e-01	1.000000e+00	-9.409513e-01	1.165054e-01	3.032108e-02	-3.480028e-02	3.794267e-02	8.367864e-04	-1.330537e-02	9.062593e-02	-1.102962e-01	1.315529e-01	4.371238e-02	-6.946232e-02	
7.845075e-02	4.816465e-03	2.806802e-01	-6.485660e-02	-1.218985e-01	1.459999e-01	-1.583411e-01	-7.860231e-02	1.491547e-01	5.106439e-01	-4.522118e-01	3.436092e-01	-9.409513e-01	1.000000e+00	-1.805857e-01	-3.828283e-02	4.421376e-02	-4.762907e-02	-1.615622e-02	3.283319e-02	-1.398309e-01	1.761907e-01	-2.194884e-01	-6.634527e-02	1.152727e-01	
-2.825976e-02	-2.411673e-01	-6.512057e-01	4.688805e-01	-2.732918e-02	3.284017e-02	-3.855719e-02	-3.276142e-02	5.622698e-02	2.336196e-01	-3.078560e-01	3.973633e-01	1.165054e-01	-1.805857e-01	1.000000e+00	-4.845140e-01	5.484606e-01	-5.958676e-01	-7.206417e-02	2.888935e-01	1.612596e-01	-2.206149e-01	3.024634e-01	1.076887e-01	-1.543210e-01	
1.142767e-01	-3.473486e-02	-9.834058e-02	7.045590e-02	1.955877e-02	-1.753201e-02	1.328612e-02	-1.290507e-04	1.744298e-03	4.108854e-02	-5.343325e-02	6.576536e-02	3.032108e-02	-3.828283e-02	-4.845140e-01	1.000000e+00	-9.843501e-01	9.410911e-01	-4.464832e-01	9.594650e-02	2.072021e-01	-2.326784e-01	2.451435e-01	5.139440e-02	-7.776038e-02	
-1.061078e-01	3.112008e-02	9.824887e-02	-7.063594e-02	-2.196799e-02	2.038059e-02	-1.639783e-02	8.377014e-04	-4.544035e-04	-4.047326e-02	5.331389e-02	-6.659908e-02	-3.480028e-02	4.421376e-02	5.484606e-01	-9.843501e-01	1.000000e+00	-9.854895e-01	3.616777e-01	-3.000124e-03	-2.164634e-01	2.449734e-01	-2.601259e-01	-6.790387e-02	1.032761e-01	
8.806355e-02	-3.412641e-02	-9.190498e-02	6.795156e-02	2.230376e-02	-2.133474e-02	1.815174e-02	-3.515280e-03	8.660835e-04	3.583859e-02	-4.843126e-02	6.201325e-02	3.794267e-02	-4.762907e-02	-5.958676e-01	9.410911e-01	-9.854895e-01	1.000000e+00	-2.751173e-01	-7.903372e-02	2.159918e-01	-2.465779e-01	2.640374e-01	8.052086e-02	-1.217052e-01	
-1.359109e-02	1.513744e-01	-2.056477e-02	-9.555759e-03	1.982157e-02	-2.027950e-02	1.715309e-02	2.839311e-02	-3.020418e-02	2.732553e-02	-3.358160e-02	4.176417e-02	8.367864e-04	-1.615622e-02	-7.206417e-02	-4.464832e-01	3.616777e-01	-2.751173e-01	1.000000e+00	-9.184757e-01	3.446949e-02	-3.736968e-02	3.869667e-02	6.375167e-02	-1.580389e-01	
1.921097e-02	-1.420417e-01	3.865205e-02	-3.859731e-03	-3.092004e-02	3.223468e-02	-2.959754e-02	-2.218187e-02	2.956612e-02	-3.463875e-02	4.512148e-02	-5.838523e-02	-1.330537e-02	3.283319e-02	2.888935e-01	9.594650e-02	-3.000124e-03	-7.903372e-02	-9.184757e-01	1.000000e+00	-1.153895e-01	1.269506e-01	-1.315414e-01	-8.537913e-02	2.083053e-01	
1.424720e-02	-3.913779e-02	-4.169524e-01	2.870140e-01	5.158903e-03	-5.649113e-04	-7.070916e-03	-4.864974e-03	1.771820e-02	1.548878e-01	-2.054425e-01	2.673591e-01	9.062593e-02	-1.398309e-01	1.612596e-01	2.072021e-01	-2.164634e-01	2.159918e-01	3.446949e-02	-1.153895e-01	1.000000e+00	-9.846084e-01	9.230997e-01	-6.481191e-01	4.687442e-01	
1.961877e-02	3.030842e-02	5.213595e-01	-3.579668e-01	-6.785038e-03	2.148261e-03	6.207438e-03	3.269031e-03	-1.647764e-02	-1.985234e-01	2.636241e-01	-3.436278e-01	-1.102962e-01	1.761907e-01	-2.206149e-01	-2.326784e-01	2.449734e-01	-2.465779e-01	-3.736968e-02	1.269506e-01	-9.846084e-01	1.000000e+00	-9.753087e-01	5.883163e-01	-4.017674e-01	
-8.390953e-02	-6.056975e-03	-6.415327e-01	4.386102e-01	7.496575e-03	-3.462342e-03	-4.996849e-03	1.183976e-03	1.137299e-02	2.505538e-01	-3.333781e-01	4.358027e-01	1.315529e-01	-2.194884e-01	3.024634e-01	2.451435e-01	-2.601259e-01	2.640374e-01	3.869667e-02	-1.315414e-01	9.230997e-01	-9.753087e-01	1.000000e+00	-4.750500e-01	2.867428e-01	
4.580694e-02	-1.143749e-01	-2.333842e-01	1.634787e-01	6.651612e-04	-9.216428e-05	-1.656804e-03	-6.388629e-03	1.134309e-02	9.034666e-02	-1.164570e-01	1.454864e-01	4.371238e-02	-6.634527e-02	1.076887e-01	5.139440e-02	-6.790387e-02	8.052086e-02	6.375167e-02	-8.537913e-02	-6.481191e-01	5.883163e-01	-4.750500e-01	1.000000e+00	-9.623406e-01	
1.513141e-02	7.905065e-02	3.619027e-01	-2.464925e-01	-4.485406e-03	4.401700e-03	-2.038921e-03	1.917776e-03	-6.220122e-03	-1.441611e-01	1.890625e-01	-2.420598e-01	-6.946232e-02	1.152727e-01	-1.543210e-01	-7.776038e-02	1.032761e-01	-1.217052e-01	-1.580389e-01	2.083053e-01	4.687442e-01	-4.017674e-01	2.867428e-01	-9.623406e-01	1.000000e+00	

Time taken for mcmc chain: 2.333056 hours
