Number of steps: 11973700
Number of accepted steps: 1000000
Burn-in number of steps: 320000
Accepted fraction of steps: 0.083516
Convergence Status
R[0]= 1.000813	R[1]= 1.001046	R[2]= 1.023295	R[3]= 1.005232	R[4]= 1.000546	R[5]= 1.000607	R[6]= 1.000707	R[7]= 1.001500	R[8]= 1.001614	R[9]= 1.002113	R[10]= 1.003194	R[11]= 1.004882	R[12]= 1.000327	R[13]= 1.000732	R[14]= 1.003762	R[15]= 1.000338	R[16]= 1.000335	R[17]= 1.000308	R[18]= 1.000621	R[19]= 1.000754	R[20]= 1.000926	R[21]= 1.001574	R[22]= 1.002804	R[23]= 1.001683	R[24]= 1.003043	
<R>= 1.002510

Mean parameters
A[0]= 8.823467e-01 pm 3.832677e-02
A[1]= 9.936174e-01 pm 2.864645e-02
A[2]= 4.428663e-01 pm 3.723637e-01
A[3]= 4.122096e+00 pm 1.365399e+00
A[4]= -3.828416e+03 pm 3.826980e+03
A[5]= 1.837085e+03 pm 2.510684e+03
A[6]= 2.822729e+00 pm 5.806209e+02
A[7]= 1.214644e+01 pm 1.283891e+01
A[8]= -2.092511e-01 pm 1.888349e-01
A[9]= -4.523867e+03 pm 8.240150e+03
A[10]= 1.495555e+03 pm 4.830227e+03
A[11]= -2.604054e+02 pm 9.705331e+02
A[12]= 2.485725e+01 pm 4.874122e+01
A[13]= -6.354518e-01 pm 9.365612e-01
A[14]= 5.641174e+00 pm 1.877040e+00
A[15]= -8.637613e+03 pm 5.347324e+03
A[16]= 5.551935e+03 pm 3.511723e+03
A[17]= -9.112508e+02 pm 8.149829e+02
A[18]= 1.168818e+01 pm 1.920022e+01
A[19]= -1.666098e-02 pm 2.771648e-01
A[20]= -1.751495e+03 pm 1.124240e+04
A[21]= 5.478748e+02 pm 6.619796e+03
A[22]= -3.214820e+02 pm 1.336935e+03
A[23]= 2.426012e+01 pm 6.823282e+01
A[24]= -8.081106e-01 pm 1.325827e+00

Best-fitting parameters
A[0]= 9.165993e-01
A[1]= 9.761388e-01
A[2]= 1.790740e-01
A[3]= 4.063355e+00
A[4]= -1.903464e+03
A[5]= 6.320729e+02
A[6]= 2.637201e+02
A[7]= 1.607483e+01
A[8]= -3.057490e-01
A[9]= -1.458592e+03
A[10]= -5.138487e+02
A[11]= 1.435281e+02
A[12]= 3.730814e+01
A[13]= -1.022535e+00
A[14]= 6.301601e+00
A[15]= -8.652151e+03
A[16]= 5.377342e+03
A[17]= -8.307354e+02
A[18]= 1.123510e+01
A[19]= 2.920509e-02
A[20]= -1.886125e+03
A[21]= 3.905343e+02
A[22]= -2.142330e+02
A[23]= 5.858135e+01
A[24]= -1.372915e+00
chi2_min= 8.883925e+01


Cross-Covariance parameters
1.000000e+00	-5.199171e-01	-1.382389e-01	7.876645e-02	1.759593e-02	-4.943405e-03	-1.366303e-02	2.180557e-02	1.459999e-02	4.213535e-03	2.019184e-02	-7.003721e-02	9.002406e-02	-4.986781e-02	5.685010e-02	4.328941e-02	-3.490226e-02	1.987145e-02	2.516233e-02	-1.012170e-02	1.519352e-02	7.920900e-03	-5.827542e-02	8.839889e-02	-5.675515e-02	
-5.199171e-01	1.000000e+00	2.141128e-01	-2.207289e-01	-8.157439e-03	3.819265e-04	-2.847897e-05	1.875823e-01	-1.930626e-01	1.961671e-02	-2.786990e-02	4.710267e-02	-1.155375e-01	5.577704e-02	-2.272137e-01	2.352670e-03	-4.448287e-03	-3.764374e-05	1.528442e-01	-1.466114e-01	-3.462754e-03	-1.761139e-03	2.300270e-02	-1.009416e-01	7.072090e-02	
-1.382389e-01	2.141128e-01	1.000000e+00	-6.258232e-01	2.499854e-02	-2.924736e-02	3.770994e-02	6.239358e-03	-4.444801e-02	-3.353725e-01	4.370612e-01	-5.648329e-01	-1.391053e-01	2.345228e-01	-5.599402e-01	-7.223739e-02	7.198688e-02	-6.447190e-02	1.202078e-02	2.412601e-03	-3.157247e-01	4.193187e-01	-5.508931e-01	-2.027403e-01	3.059504e-01	
7.876645e-02	-2.207289e-01	-6.258232e-01	1.000000e+00	-6.083773e-01	6.716673e-01	-7.167719e-01	1.308715e-02	2.980094e-01	1.335937e-01	-1.823497e-01	2.542190e-01	3.844138e-02	-3.365725e-02	3.945524e-01	2.776688e-02	-2.601034e-02	2.125401e-02	-3.335706e-02	2.896173e-02	1.995430e-01	-2.643015e-01	3.468516e-01	1.253986e-01	-1.855851e-01	
1.759593e-02	-8.157439e-03	2.499854e-02	-6.083773e-01	1.000000e+00	-9.855748e-01	9.460665e-01	-5.199854e-01	1.085200e-01	4.176913e-02	-6.588305e-02	8.770522e-02	9.582924e-02	-1.002483e-01	-3.806978e-02	3.339292e-02	-3.723581e-02	4.070181e-02	2.049550e-03	-1.508604e-02	5.805737e-03	-6.757535e-03	5.828264e-03	-1.760783e-03	-1.376450e-03	
-4.943405e-03	3.819265e-04	-2.924736e-02	6.716673e-01	-9.855748e-01	1.000000e+00	-9.868028e-01	4.516144e-01	-3.023625e-02	-4.909119e-02	7.529740e-02	-9.924629e-02	-1.034279e-01	1.214919e-01	4.205381e-02	-3.371790e-02	3.780966e-02	-4.161936e-02	-3.524448e-03	1.747121e-02	-3.516692e-03	4.614555e-03	-4.082872e-03	1.087830e-03	2.629263e-03	
-1.366303e-02	-2.847897e-05	3.770994e-02	-7.167719e-01	9.460665e-01	-9.868028e-01	1.000000e+00	-3.800513e-01	-3.634446e-02	5.809483e-02	-8.501129e-02	1.094922e-01	9.936140e-02	-1.270674e-01	-4.549307e-02	3.153741e-02	-3.582570e-02	4.019019e-02	2.430201e-03	-1.687365e-02	-1.264937e-03	5.435279e-04	-1.232192e-03	-1.198044e-03	-2.197884e-03	
2.180557e-02	1.875823e-01	6.239358e-03	1.308715e-02	-5.199854e-01	4.516144e-01	-3.800513e-01	1.000000e+00	-8.860950e-01	1.298471e-01	-1.185386e-01	9.399099e-02	-6.785942e-02	-1.027395e-01	-2.704457e-02	-5.654979e-03	6.108446e-03	-9.720688e-03	6.105323e-02	-5.418825e-02	6.681681e-03	-6.570570e-03	7.848061e-03	1.408692e-03	-8.521334e-03	
1.459999e-02	-1.930626e-01	-4.444801e-02	2.980094e-01	1.085200e-01	-3.023625e-02	-3.634446e-02	-8.860950e-01	1.000000e+00	-1.583171e-01	1.571016e-01	-1.395118e-01	3.449823e-02	1.765117e-01	5.481570e-02	-3.069371e-03	5.390348e-03	-5.039749e-03	-5.820403e-02	5.804202e-02	9.744759e-04	-1.941949e-03	1.819304e-03	4.119408e-03	2.980056e-03	
4.213535e-03	1.961671e-02	-3.353725e-01	1.335937e-01	4.176913e-02	-4.909119e-02	5.809483e-02	1.298471e-01	-1.583171e-01	1.000000e+00	-9.856998e-01	9.257352e-01	-7.692573e-01	6.047903e-01	1.883962e-01	1.996428e-02	-2.106704e-02	1.914211e-02	1.721968e-02	-1.970024e-02	1.191439e-01	-1.581915e-01	2.088669e-01	6.121487e-02	-1.025848e-01	
2.019184e-02	-2.786990e-02	4.370612e-01	-1.823497e-01	-6.588305e-02	7.529740e-02	-8.501129e-02	-1.185386e-01	1.571016e-01	-9.856998e-01	1.000000e+00	-9.753789e-01	7.353443e-01	-5.666943e-01	-2.449745e-01	-2.934440e-02	3.105185e-02	-2.903887e-02	-1.872829e-02	2.435554e-02	-1.555383e-01	2.076382e-01	-2.756376e-01	-7.998216e-02	1.351315e-01	
-7.003721e-02	4.710267e-02	-5.648329e-01	2.542190e-01	8.770522e-02	-9.924629e-02	1.094922e-01	9.399099e-02	-1.395118e-01	9.257352e-01	-9.753789e-01	1.000000e+00	-6.480291e-01	4.820706e-01	3.162606e-01	4.121924e-02	-4.390286e-02	4.209348e-02	1.943196e-02	-2.953069e-02	2.025813e-01	-2.717957e-01	3.628806e-01	1.020933e-01	-1.755771e-01	
9.002406e-02	-1.155375e-01	-1.391053e-01	3.844138e-02	9.582924e-02	-1.034279e-01	9.936140e-02	-6.785942e-02	3.449823e-02	-7.692573e-01	7.353443e-01	-6.480291e-01	1.000000e+00	-9.519436e-01	7.116105e-02	3.313843e-02	-3.377467e-02	3.301777e-02	-1.202593e-02	5.995143e-04	4.352815e-02	-5.589463e-02	6.945260e-02	4.243221e-02	-5.504498e-02	
-4.986781e-02	5.577704e-02	2.345228e-01	-3.365725e-02	-1.002483e-01	1.214919e-01	-1.270674e-01	-1.027395e-01	1.765117e-01	6.047903e-01	-5.666943e-01	4.820706e-01	-9.519436e-01	1.000000e+00	-1.160895e-01	-4.232993e-02	4.467772e-02	-4.426389e-02	-2.833297e-03	1.765634e-02	-8.341468e-02	1.091817e-01	-1.410999e-01	-5.710061e-02	8.623074e-02	
5.685010e-02	-2.272137e-01	-5.599402e-01	3.945524e-01	-3.806978e-02	4.205381e-02	-4.549307e-02	-2.704457e-02	5.481570e-02	1.883962e-01	-2.449745e-01	3.162606e-01	7.116105e-02	-1.160895e-01	1.000000e+00	-5.734759e-01	6.428893e-01	-6.942675e-01	-9.325825e-02	3.562146e-01	7.901392e-02	-1.228417e-01	1.897870e-01	6.416884e-02	-7.074721e-02	
4.328941e-02	2.352670e-03	-7.223739e-02	2.776688e-02	3.339292e-02	-3.371790e-02	3.153741e-02	-5.654979e-03	-3.069371e-03	1.996428e-02	-2.934440e-02	4.121924e-02	3.313843e-02	-4.232993e-02	-5.734759e-01	1.000000e+00	-9.845713e-01	9.416743e-01	-4.542461e-01	8.414657e-02	1.648784e-01	-1.915056e-01	2.123459e-01	3.722468e-02	-6.891838e-02	
-3.490226e-02	-4.448287e-03	7.198688e-02	-2.601034e-02	-3.723581e-02	3.780966e-02	-3.582570e-02	6.108446e-03	5.390348e-03	-2.106704e-02	3.105185e-02	-4.390286e-02	-3.377467e-02	4.467772e-02	6.428893e-01	-9.845713e-01	1.000000e+00	-9.855915e-01	3.723377e-01	6.708646e-03	-1.710485e-01	2.011864e-01	-2.254647e-01	-4.930592e-02	9.010301e-02	
1.987145e-02	-3.764374e-05	-6.447190e-02	2.125401e-02	4.070181e-02	-4.161936e-02	4.019019e-02	-9.720688e-03	-5.039749e-03	1.914211e-02	-2.903887e-02	4.209348e-02	3.301777e-02	-4.426389e-02	-6.942675e-01	9.416743e-01	-9.855915e-01	1.000000e+00	-2.856801e-01	-8.892990e-02	1.707909e-01	-2.031221e-01	2.297697e-01	5.635087e-02	-1.030798e-01	
2.516233e-02	1.528442e-01	1.202078e-02	-3.335706e-02	2.049550e-03	-3.524448e-03	2.430201e-03	6.105323e-02	-5.820403e-02	1.721968e-02	-1.872829e-02	1.943196e-02	-1.202593e-02	-2.833297e-03	-9.325825e-02	-4.542461e-01	3.723377e-01	-2.856801e-01	1.000000e+00	-9.114015e-01	-4.645590e-03	9.398954e-03	-1.660447e-02	7.675598e-02	-1.607379e-01	
-1.012170e-02	-1.466114e-01	2.412601e-03	2.896173e-02	-1.508604e-02	1.747121e-02	-1.687365e-02	-5.418825e-02	5.804202e-02	-1.970024e-02	2.435554e-02	-2.953069e-02	5.995143e-04	1.765634e-02	3.562146e-01	8.414657e-02	6.708646e-03	-8.892990e-02	-9.114015e-01	1.000000e+00	-5.706261e-02	6.272686e-02	-6.266004e-02	-1.024676e-01	2.164589e-01	
1.519352e-02	-3.462754e-03	-3.157247e-01	1.995430e-01	5.805737e-03	-3.516692e-03	-1.264937e-03	6.681681e-03	9.744759e-04	1.191439e-01	-1.555383e-01	2.025813e-01	4.352815e-02	-8.341468e-02	7.901392e-02	1.648784e-01	-1.710485e-01	1.707909e-01	-4.645590e-03	-5.706261e-02	1.000000e+00	-9.858187e-01	9.258886e-01	-7.465811e-01	6.046088e-01	
7.920900e-03	-1.761139e-03	4.193187e-01	-2.643015e-01	-6.757535e-03	4.614555e-03	5.435279e-04	-6.570570e-03	-1.941949e-03	-1.581915e-01	2.076382e-01	-2.717957e-01	-5.589463e-02	1.091817e-01	-1.228417e-01	-1.915056e-01	2.011864e-01	-2.031221e-01	9.398954e-03	6.272686e-02	-9.858187e-01	1.000000e+00	-9.752971e-01	7.067438e-01	-5.587319e-01	
-5.827542e-02	2.300270e-02	-5.508931e-01	3.468516e-01	5.828264e-03	-4.082872e-03	-1.232192e-03	7.848061e-03	1.819304e-03	2.088669e-01	-2.756376e-01	3.628806e-01	6.945260e-02	-1.410999e-01	1.897870e-01	2.123459e-01	-2.254647e-01	2.297697e-01	-1.660447e-02	-6.266004e-02	9.258886e-01	-9.752971e-01	1.000000e+00	-6.126415e-01	4.631710e-01	
8.839889e-02	-1.009416e-01	-2.027403e-01	1.253986e-01	-1.760783e-03	1.087830e-03	-1.198044e-03	1.408692e-03	4.119408e-03	6.121487e-02	-7.998216e-02	1.020933e-01	4.243221e-02	-5.710061e-02	6.416884e-02	3.722468e-02	-4.930592e-02	5.635087e-02	7.675598e-02	-1.024676e-01	-7.465811e-01	7.067438e-01	-6.126415e-01	1.000000e+00	-9.690543e-01	
-5.675515e-02	7.072090e-02	3.059504e-01	-1.855851e-01	-1.376450e-03	2.629263e-03	-2.197884e-03	-8.521334e-03	2.980056e-03	-1.025848e-01	1.351315e-01	-1.755771e-01	-5.504498e-02	8.623074e-02	-7.074721e-02	-6.891838e-02	9.010301e-02	-1.030798e-01	-1.607379e-01	2.164589e-01	6.046088e-01	-5.587319e-01	4.631710e-01	-9.690543e-01	1.000000e+00	

Time taken for mcmc chain: 1.158611 hours
