Number of steps: 10963734
Number of accepted steps: 1000000
Burn-in number of steps: 320000
Accepted fraction of steps: 0.091210
Convergence Status
R[0]= 1.000211	R[1]= 1.000168	R[2]= 1.015060	R[3]= 1.008732	R[4]= 1.002655	R[5]= 1.002821	R[6]= 1.002763	R[7]= 1.000823	R[8]= 1.000225	R[9]= 1.003181	R[10]= 1.004442	R[11]= 1.006117	R[12]= 1.000179	R[13]= 1.001088	R[14]= 1.007554	R[15]= 1.002163	R[16]= 1.003006	R[17]= 1.003790	R[18]= 1.000442	R[19]= 1.000076	R[20]= 1.000901	R[21]= 1.001472	R[22]= 1.002374	R[23]= 1.001115	R[24]= 1.001920	
<R>= 1.002931

Mean parameters
A[0]= 9.843375e-01 pm 2.832306e-02
A[1]= 1.072080e+00 pm 2.345178e-02
A[2]= 6.465321e-01 pm 3.941929e-01
A[3]= 4.153151e+00 pm 1.116068e+00
A[4]= -2.291728e+03 pm 3.704239e+03
A[5]= 1.738358e+03 pm 2.426246e+03
A[6]= -1.147539e+02 pm 5.720486e+02
A[7]= -1.890695e+00 pm 1.326923e+01
A[8]= 5.727524e-02 pm 1.755593e-01
A[9]= 3.283621e+03 pm 8.748572e+03
A[10]= -2.091048e+03 pm 5.390332e+03
A[11]= 1.738249e+02 pm 1.181317e+03
A[12]= -5.205559e+01 pm 4.816708e+01
A[13]= 1.263743e+00 pm 9.305603e-01
A[14]= 5.217230e+00 pm 1.578240e+00
A[15]= -5.591593e+03 pm 5.225661e+03
A[16]= 4.735724e+03 pm 3.441805e+03
A[17]= -9.459458e+02 pm 8.177775e+02
A[18]= 4.032326e+00 pm 1.963429e+01
A[19]= 9.730122e-02 pm 2.555287e-01
A[20]= 9.989821e+03 pm 1.150932e+04
A[21]= -4.785227e+03 pm 6.946068e+03
A[22]= 2.765206e+02 pm 1.473495e+03
A[23]= -5.417177e+01 pm 6.597180e+01
A[24]= 6.222439e-01 pm 1.272850e+00

Best-fitting parameters
A[0]= 9.863203e-01
A[1]= 1.064554e+00
A[2]= 7.258567e-01
A[3]= 3.919327e+00
A[4]= -7.486326e+02
A[5]= 1.059277e+03
A[6]= -2.407809e+01
A[7]= -7.901775e+00
A[8]= 1.257415e-01
A[9]= 1.398033e+03
A[10]= -7.479297e+02
A[11]= -1.674444e+02
A[12]= -5.337327e+01
A[13]= 1.456847e+00
A[14]= 4.327070e+00
A[15]= -3.796317e+03
A[16]= 3.435315e+03
A[17]= -5.942574e+02
A[18]= 2.224271e+00
A[19]= 8.148386e-02
A[20]= 1.059154e+04
A[21]= -4.112418e+03
A[22]= -9.865893e+01
A[23]= -3.068173e+01
A[24]= 9.641881e-02
chi2_min= 1.085770e+02


Cross-Covariance parameters
1.000000e+00	-4.789652e-01	-1.582496e-01	1.009768e-01	3.953158e-02	-4.387263e-02	3.711376e-02	6.296438e-02	-7.048091e-02	1.417311e-04	2.142328e-04	-1.555710e-02	1.465521e-01	-1.284329e-01	7.132825e-02	6.246491e-02	-6.582169e-02	6.051155e-02	5.797284e-02	-7.283468e-02	2.684593e-02	-2.633994e-02	8.850694e-03	1.286852e-01	-1.203470e-01	
-4.789652e-01	1.000000e+00	8.724363e-02	-1.478657e-01	1.139885e-03	8.557572e-03	-2.610410e-02	1.008091e-01	-9.611272e-02	2.381012e-02	-3.280767e-02	5.040075e-02	-9.257475e-02	4.330272e-02	-1.250995e-01	-3.865934e-02	4.770153e-02	-6.165828e-02	1.266555e-01	-1.106737e-01	-2.127544e-02	1.428201e-02	5.279932e-03	-5.738945e-02	2.935842e-02	
-1.582496e-01	8.724363e-02	1.000000e+00	-7.312094e-01	-8.914883e-02	9.969766e-02	-9.774380e-02	-2.279082e-03	3.396854e-02	-4.648960e-01	5.884068e-01	-7.221409e-01	-6.112211e-02	2.525624e-01	-7.264377e-01	4.857079e-02	-6.343354e-02	8.238968e-02	-6.773250e-02	3.372679e-02	-3.803206e-01	4.848184e-01	-6.118919e-01	-8.807158e-02	2.411208e-01	
1.009768e-01	-1.478657e-01	-7.312094e-01	1.000000e+00	-4.364312e-01	4.842662e-01	-5.241587e-01	1.891658e-01	4.566870e-02	2.706229e-01	-3.419478e-01	4.206782e-01	7.062898e-03	-1.075266e-01	5.531875e-01	-2.844786e-02	3.731021e-02	-4.835888e-02	2.996777e-02	-1.049469e-02	2.973206e-01	-3.763287e-01	4.717779e-01	5.516281e-02	-1.686661e-01	
3.953158e-02	1.139885e-03	-8.914883e-02	-4.364312e-01	1.000000e+00	-9.843179e-01	9.394600e-01	-7.169225e-01	3.462294e-01	1.058690e-01	-1.523518e-01	2.035465e-01	8.508707e-02	-9.267656e-02	5.413648e-02	2.160494e-02	-2.246719e-02	2.175646e-02	5.185661e-04	-6.830523e-03	2.615834e-02	-4.068573e-02	5.891159e-02	2.516862e-02	-3.902682e-02	
-4.387263e-02	8.557572e-03	9.969766e-02	4.842662e-01	-9.843179e-01	1.000000e+00	-9.846421e-01	6.726203e-01	-2.828026e-01	-1.203038e-01	1.708178e-01	-2.265862e-01	-9.450754e-02	1.160191e-01	-6.345265e-02	-2.147165e-02	2.258109e-02	-2.211190e-02	5.638234e-04	5.234051e-03	-3.080945e-02	4.646434e-02	-6.607182e-02	-2.749993e-02	4.349746e-02	
3.711376e-02	-2.610410e-02	-9.774380e-02	-5.241587e-01	9.394600e-01	-9.846421e-01	1.000000e+00	-6.117233e-01	2.183512e-01	1.336036e-01	-1.850769e-01	2.417531e-01	9.069139e-02	-1.221787e-01	6.586068e-02	2.048196e-02	-2.210302e-02	2.245065e-02	-4.967067e-03	-4.893947e-04	3.155276e-02	-4.691053e-02	6.625567e-02	2.688989e-02	-4.294835e-02	
6.296438e-02	1.008091e-01	-2.279082e-03	1.891658e-01	-7.169225e-01	6.726203e-01	-6.117233e-01	1.000000e+00	-8.822596e-01	6.071876e-02	-3.458226e-02	-4.304499e-03	-6.125760e-02	-7.617516e-02	-1.367185e-02	-1.902522e-03	2.283361e-03	-4.888816e-03	3.771249e-02	-3.720928e-02	1.720601e-02	-1.564785e-02	1.222963e-02	-5.557418e-03	-1.071353e-03	
-7.048091e-02	-9.611272e-02	3.396854e-02	4.566870e-02	3.462294e-01	-2.828026e-01	2.183512e-01	-8.822596e-01	1.000000e+00	-1.366060e-01	1.293436e-01	-1.079901e-01	3.180099e-02	1.673597e-01	-5.462029e-03	-8.802826e-03	9.391909e-03	-7.153697e-03	-3.403909e-02	3.655468e-02	-3.190658e-02	3.571488e-02	-3.901973e-02	9.325126e-04	1.126654e-02	
1.417311e-04	2.381012e-02	-4.648960e-01	2.706229e-01	1.058690e-01	-1.203038e-01	1.336036e-01	6.071876e-02	-1.366060e-01	1.000000e+00	-9.820665e-01	9.129422e-01	-7.489743e-01	5.332608e-01	3.444450e-01	-2.198944e-02	2.746638e-02	-3.497224e-02	3.177325e-02	-1.748849e-02	1.920700e-01	-2.457250e-01	3.121707e-01	2.426009e-02	-1.009296e-01	
2.142328e-04	-3.280767e-02	5.884068e-01	-3.419478e-01	-1.523518e-01	1.708178e-01	-1.850769e-01	-3.458226e-02	1.293436e-01	-9.820665e-01	1.000000e+00	-9.727741e-01	6.862074e-01	-4.577269e-01	-4.349773e-01	2.576011e-02	-3.270045e-02	4.228370e-02	-4.023535e-02	2.304048e-02	-2.406008e-01	3.088161e-01	-3.934951e-01	-3.568979e-02	1.332888e-01	
-1.555710e-02	5.040075e-02	-7.221409e-01	4.206782e-01	2.035465e-01	-2.265862e-01	2.417531e-01	-4.304499e-03	-1.079901e-01	9.129422e-01	-9.727741e-01	1.000000e+00	-5.616131e-01	3.277733e-01	5.333141e-01	-3.038839e-02	3.909106e-02	-5.097424e-02	4.859268e-02	-2.798406e-02	2.938804e-01	-3.780478e-01	4.829739e-01	4.655143e-02	-1.675562e-01	
1.465521e-01	-9.257475e-02	-6.112211e-02	7.062898e-03	8.508707e-02	-9.450754e-02	9.069139e-02	-6.125760e-02	3.180099e-02	-7.489743e-01	6.862074e-01	-5.616131e-01	1.000000e+00	-9.400656e-01	3.556883e-02	2.013167e-02	-2.120576e-02	2.071477e-02	1.885487e-03	-7.301006e-03	1.908488e-02	-2.443083e-02	2.864845e-02	3.063409e-02	-3.788058e-02	
-1.284329e-01	4.330272e-02	2.525624e-01	-1.075266e-01	-9.267656e-02	1.160191e-01	-1.221787e-01	-7.617516e-02	1.673597e-01	5.332608e-01	-4.577269e-01	3.277733e-01	-9.400656e-01	1.000000e+00	-1.730114e-01	-1.372982e-02	1.263800e-02	-8.721496e-03	-1.850778e-02	1.882848e-02	-1.032563e-01	1.315298e-01	-1.643694e-01	-3.725633e-02	7.900133e-02	
7.132825e-02	-1.250995e-01	-7.264377e-01	5.531875e-01	5.413648e-02	-6.345265e-02	6.586068e-02	-1.367185e-02	-5.462029e-03	3.444450e-01	-4.349773e-01	5.333141e-01	3.556883e-02	-1.730114e-01	1.000000e+00	-5.178397e-01	5.877456e-01	-6.426353e-01	1.681824e-01	1.031663e-01	1.739748e-01	-2.270044e-01	2.979000e-01	5.088226e-02	-1.196569e-01	
6.246491e-02	-3.865934e-02	4.857079e-02	-2.844786e-02	2.160494e-02	-2.147165e-02	2.048196e-02	-1.902522e-03	-8.802826e-03	-2.198944e-02	2.576011e-02	-3.038839e-02	2.013167e-02	-1.372982e-02	-5.178397e-01	1.000000e+00	-9.831509e-01	9.350323e-01	-6.879575e-01	3.339556e-01	1.701310e-01	-2.024333e-01	2.324594e-01	-2.775383e-02	4.644944e-03	
-6.582169e-02	4.770153e-02	-6.343354e-02	3.731021e-02	-2.246719e-02	2.258109e-02	-2.210302e-02	2.283361e-03	9.391909e-03	2.746638e-02	-3.270045e-02	3.909106e-02	-2.120576e-02	1.263800e-02	5.877456e-01	-9.831509e-01	1.000000e+00	-9.836124e-01	6.315033e-01	-2.566892e-01	-1.750233e-01	2.114539e-01	-2.459455e-01	1.813389e-02	1.251145e-02	
6.051155e-02	-6.165828e-02	8.238968e-02	-4.835888e-02	2.175646e-02	-2.211190e-02	2.245065e-02	-4.888816e-03	-7.153697e-03	-3.497224e-02	4.228370e-02	-5.097424e-02	2.071477e-02	-8.721496e-03	-6.426353e-01	9.350323e-01	-9.836124e-01	1.000000e+00	-5.566092e-01	1.758751e-01	1.729098e-01	-2.115200e-01	2.485839e-01	-1.148119e-02	-2.364459e-02	
5.797284e-02	1.266555e-01	-6.773250e-02	2.996777e-02	5.185661e-04	5.638234e-04	-4.967067e-03	3.771249e-02	-3.403909e-02	3.177325e-02	-4.023535e-02	4.859268e-02	1.885487e-03	-1.850778e-02	1.681824e-01	-6.879575e-01	6.315033e-01	-5.566092e-01	1.000000e+00	-8.982226e-01	-4.460791e-02	5.377990e-02	-6.282544e-02	8.873782e-02	-1.590884e-01	
-7.283468e-02	-1.106737e-01	3.372679e-02	-1.049469e-02	-6.830523e-03	5.234051e-03	-4.893947e-04	-3.720928e-02	3.655468e-02	-1.748849e-02	2.304048e-02	-2.798406e-02	-7.301006e-03	1.882848e-02	1.031663e-01	3.339556e-01	-2.566892e-01	1.758751e-01	-8.982226e-01	1.000000e+00	-3.179778e-02	3.656181e-02	-3.944294e-02	-9.630984e-02	2.055510e-01	
2.684593e-02	-2.127544e-02	-3.803206e-01	2.973206e-01	2.615834e-02	-3.080945e-02	3.155276e-02	1.720601e-02	-3.190658e-02	1.920700e-01	-2.406008e-01	2.938804e-01	1.908488e-02	-1.032563e-01	1.739748e-01	1.701310e-01	-1.750233e-01	1.729098e-01	-4.460791e-02	-3.179778e-02	1.000000e+00	-9.841681e-01	9.188309e-01	-7.666726e-01	5.978011e-01	
-2.633994e-02	1.428201e-02	4.848184e-01	-3.763287e-01	-4.068573e-02	4.646434e-02	-4.691053e-02	-1.564785e-02	3.571488e-02	-2.457250e-01	3.088161e-01	-3.780478e-01	-2.443083e-02	1.315298e-01	-2.270044e-01	-2.024333e-01	2.114539e-01	-2.115200e-01	5.377990e-02	3.656181e-02	-9.841681e-01	1.000000e+00	-9.733855e-01	7.206145e-01	-5.406677e-01	
8.850694e-03	5.279932e-03	-6.118919e-01	4.717779e-01	5.891159e-02	-6.607182e-02	6.625567e-02	1.222963e-02	-3.901973e-02	3.121707e-01	-3.934951e-01	4.829739e-01	2.864845e-02	-1.643694e-01	2.979000e-01	2.324594e-01	-2.459455e-01	2.485839e-01	-6.282544e-02	-3.944294e-02	9.188309e-01	-9.733855e-01	1.000000e+00	-6.122161e-01	4.252399e-01	
1.286852e-01	-5.738945e-02	-8.807158e-02	5.516281e-02	2.516862e-02	-2.749993e-02	2.688989e-02	-5.557418e-03	9.325126e-04	2.426009e-02	-3.568979e-02	4.655143e-02	3.063409e-02	-3.725633e-02	5.088226e-02	-2.775383e-02	1.813389e-02	-1.148119e-02	8.873782e-02	-9.630984e-02	-7.666726e-01	7.206145e-01	-6.122161e-01	1.000000e+00	-9.609663e-01	
-1.203470e-01	2.935842e-02	2.411208e-01	-1.686661e-01	-3.902682e-02	4.349746e-02	-4.294835e-02	-1.071353e-03	1.126654e-02	-1.009296e-01	1.332888e-01	-1.675562e-01	-3.788058e-02	7.900133e-02	-1.196569e-01	4.644944e-03	1.251145e-02	-2.364459e-02	-1.590884e-01	2.055510e-01	5.978011e-01	-5.406677e-01	4.252399e-01	-9.609663e-01	1.000000e+00	

Time taken for mcmc chain: 59.466667 minutes
