Number of steps: 3384354
Number of accepted steps: 1000000
Burn-in number of steps: 320000
Accepted fraction of steps: 0.295477
Convergence Status
R[0]= 1.002323	R[1]= 1.007434	R[2]= 1.009616	R[3]= 1.006396	R[4]= 1.003060	R[5]= 1.003349	R[6]= 1.003555	R[7]= 1.001152	R[8]= 1.000367	R[9]= 1.002372	R[10]= 1.002384	R[11]= 1.002662	R[12]= 1.002028	R[13]= 1.002063	R[14]= 1.001045	R[15]= 1.001583	R[16]= 1.001380	R[17]= 1.001374	R[18]= 1.002810	R[19]= 1.004239	R[20]= 1.005363	R[21]= 1.006300	R[22]= 1.007501	R[23]= 1.001417	R[24]= 1.002729	
<R>= 1.003380

Mean parameters
A[0]= 9.729256e-01 pm 2.869449e-02
A[1]= 1.060921e+00 pm 2.361608e-02
A[2]= 5.576223e-01 pm 3.322663e-01
A[3]= 4.314587e+00 pm 1.112715e+00
A[4]= -3.908489e+03 pm 3.670838e+03
A[5]= 2.379292e+03 pm 2.406041e+03
A[6]= -1.844087e+02 pm 5.672706e+02
A[7]= 2.777048e+00 pm 1.314414e+01
A[8]= -1.680535e-03 pm 1.758257e-01
A[9]= 1.604396e+03 pm 8.554354e+03
A[10]= -1.453881e+03 pm 5.206512e+03
A[11]= 1.425534e+02 pm 1.117291e+03
A[12]= -3.569594e+01 pm 4.811290e+01
A[13]= 8.614289e-01 pm 9.204650e-01
A[14]= 5.468854e+00 pm 1.519472e+00
A[15]= -5.462654e+03 pm 5.095079e+03
A[16]= 4.605364e+03 pm 3.327771e+03
A[17]= -9.092253e+02 pm 7.819358e+02
A[18]= 1.447691e+00 pm 1.923829e+01
A[19]= 1.382083e-01 pm 2.579447e-01
A[20]= 9.173638e+03 pm 1.183949e+04
A[21]= -4.574163e+03 pm 7.078208e+03
A[22]= 3.212631e+02 pm 1.479524e+03
A[23]= -4.374191e+01 pm 6.760934e+01
A[24]= 4.396061e-01 pm 1.295575e+00

Best-fitting parameters
A[0]= 9.731800e-01
A[1]= 1.050655e+00
A[2]= 4.797153e-01
A[3]= 4.291981e+00
A[4]= -3.448022e+03
A[5]= 2.011759e+03
A[6]= -8.477766e+01
A[7]= 3.286703e+00
A[8]= -1.996236e-02
A[9]= 1.742621e+03
A[10]= -1.886721e+03
A[11]= 3.175891e+02
A[12]= -3.989598e+01
A[13]= 9.162133e-01
A[14]= 5.493003e+00
A[15]= -6.920747e+03
A[16]= 5.138628e+03
A[17]= -9.600307e+02
A[18]= 1.159901e+01
A[19]= -5.307318e-02
A[20]= 7.598682e+03
A[21]= -3.521176e+03
A[22]= 8.499042e+01
A[23]= -9.280410e+00
A[24]= -3.910401e-01
chi2_min= 1.053059e+02


Cross-Covariance parameters
1.000000e+00	-4.792179e-01	-1.466390e-01	8.488336e-02	2.513901e-02	-2.720984e-02	1.855718e-02	7.990900e-02	-8.386090e-02	-3.117258e-02	3.529175e-02	-5.479761e-02	1.571104e-01	-1.348777e-01	5.394822e-02	5.315140e-02	-5.423988e-02	4.751422e-02	6.349034e-02	-7.222370e-02	-1.917240e-02	2.398550e-02	-4.421829e-02	1.490789e-01	-1.321758e-01	
-4.792179e-01	1.000000e+00	1.018907e-01	-1.526308e-01	4.599886e-03	2.290537e-03	-1.730799e-02	1.022580e-01	-9.997048e-02	4.751014e-02	-5.523156e-02	7.095312e-02	-1.028944e-01	4.864871e-02	-1.753745e-01	3.313875e-02	-3.032483e-02	1.936853e-02	1.234985e-01	-1.450703e-01	2.003905e-02	-3.219958e-02	5.696192e-02	-6.141554e-02	1.975392e-02	
-1.466390e-01	1.018907e-01	1.000000e+00	-6.944814e-01	-7.556502e-02	8.539814e-02	-8.580741e-02	-8.464947e-03	3.987450e-02	-4.353676e-01	5.538897e-01	-6.888146e-01	-6.071642e-02	2.318447e-01	-6.555851e-01	-2.943722e-02	4.103336e-02	-4.533907e-02	-5.061767e-02	5.908554e-02	-4.145580e-01	5.210953e-01	-6.537625e-01	-6.278501e-02	2.109368e-01	
8.488336e-02	-1.526308e-01	-6.944814e-01	1.000000e+00	-4.843936e-01	5.390043e-01	-5.808668e-01	1.815512e-01	7.402571e-02	2.208063e-01	-2.837124e-01	3.578416e-01	7.923132e-03	-8.084745e-02	4.707186e-01	1.437694e-02	-2.482148e-02	3.150535e-02	3.014758e-02	-3.568176e-02	2.865996e-01	-3.606204e-01	4.533801e-01	5.101501e-02	-1.521303e-01	
2.513901e-02	4.599886e-03	-7.556502e-02	-4.843936e-01	1.000000e+00	-9.836930e-01	9.375614e-01	-6.997307e-01	3.261283e-01	9.222577e-02	-1.334470e-01	1.806580e-01	7.668197e-02	-7.886288e-02	6.422037e-02	-6.788822e-03	9.258177e-03	-1.226439e-02	-2.853695e-03	9.790581e-03	1.064077e-02	-1.995085e-02	3.168009e-02	1.847230e-02	-2.807116e-02	
-2.720984e-02	2.290537e-03	8.539814e-02	5.390043e-01	-9.836930e-01	1.000000e+00	-9.842891e-01	6.520947e-01	-2.592323e-01	-1.069182e-01	1.520795e-01	-2.038000e-01	-8.333475e-02	9.887688e-02	-7.089540e-02	2.916176e-03	-5.650233e-03	8.944327e-03	8.715168e-03	-1.483619e-02	-1.795137e-02	2.817668e-02	-4.080954e-02	-1.491575e-02	2.541850e-02	
1.855718e-02	-1.730799e-02	-8.580741e-02	-5.808668e-01	9.375614e-01	-9.842891e-01	1.000000e+00	-5.880514e-01	1.923341e-01	1.218960e-01	-1.684477e-01	2.215322e-01	7.749417e-02	-1.030039e-01	7.440852e-02	-1.965280e-03	4.997729e-03	-8.221709e-03	-1.718827e-02	2.353197e-02	2.152173e-02	-3.155742e-02	4.385066e-02	9.293436e-03	-1.883106e-02	
7.990900e-02	1.022580e-01	-8.464947e-03	1.815512e-01	-6.997307e-01	6.520947e-01	-5.880514e-01	1.000000e+00	-8.833241e-01	8.020018e-02	-5.615157e-02	1.725643e-02	-6.506808e-02	-7.903494e-02	-4.023638e-02	3.211094e-02	-3.534101e-02	3.526818e-02	3.092893e-02	-4.709612e-02	2.169459e-02	-2.254056e-02	2.276252e-02	-6.902102e-04	-5.830365e-03	
-8.386090e-02	-9.997048e-02	3.987450e-02	7.402571e-02	3.261283e-01	-2.592323e-01	1.923341e-01	-8.833241e-01	1.000000e+00	-1.566120e-01	1.495411e-01	-1.264244e-01	4.585946e-02	1.561419e-01	1.562292e-02	-3.712258e-02	3.877880e-02	-3.696283e-02	-2.049486e-02	3.720757e-02	-3.311370e-02	3.717284e-02	-4.134618e-02	-1.159431e-03	1.272689e-02	
-3.117258e-02	4.751014e-02	-4.353676e-01	2.208063e-01	9.222577e-02	-1.069182e-01	1.218960e-01	8.020018e-02	-1.566120e-01	1.000000e+00	-9.834833e-01	9.180593e-01	-7.715071e-01	5.745923e-01	2.979874e-01	3.368687e-04	-2.610801e-03	1.320988e-03	2.566952e-02	-2.630622e-02	1.859738e-01	-2.345879e-01	2.969747e-01	1.103714e-02	-7.910442e-02	
3.529175e-02	-5.523156e-02	5.538897e-01	-2.837124e-01	-1.334470e-01	1.520795e-01	-1.684477e-01	-5.615157e-02	1.495411e-01	-9.834833e-01	1.000000e+00	-9.738859e-01	7.206594e-01	-5.138436e-01	-3.758103e-01	-4.315338e-03	8.268045e-03	-7.835128e-03	-2.993343e-02	3.143464e-02	-2.354746e-01	2.978264e-01	-3.778170e-01	-1.769799e-02	1.043631e-01	
-5.479761e-02	7.095312e-02	-6.888146e-01	3.578416e-01	1.806580e-01	-2.038000e-01	2.215322e-01	1.725643e-02	-1.264244e-01	9.180593e-01	-9.738859e-01	1.000000e+00	-6.094971e-01	3.991774e-01	4.645135e-01	8.827743e-03	-1.459061e-02	1.517620e-02	3.419652e-02	-3.665708e-02	2.935961e-01	-3.718120e-01	4.723178e-01	2.324942e-02	-1.319487e-01	
1.571104e-01	-1.028944e-01	-6.071642e-02	7.923132e-03	7.668197e-02	-8.333475e-02	7.749417e-02	-6.506808e-02	4.585946e-02	-7.715071e-01	7.206594e-01	-6.094971e-01	1.000000e+00	-9.445468e-01	2.607923e-02	2.598500e-02	-2.785230e-02	2.903880e-02	-3.675434e-03	-2.936647e-03	1.410135e-02	-1.910178e-02	2.269795e-02	2.916945e-02	-3.336305e-02	
-1.348777e-01	4.864871e-02	2.318447e-01	-8.084745e-02	-7.886288e-02	9.887688e-02	-1.030039e-01	-7.903494e-02	1.561419e-01	5.745923e-01	-5.138436e-01	3.991774e-01	-9.445468e-01	1.000000e+00	-1.322859e-01	-3.664076e-02	4.016558e-02	-4.105302e-02	-5.858562e-03	1.757891e-02	-9.277713e-02	1.180632e-01	-1.477188e-01	-2.986573e-02	6.345506e-02	
5.394822e-02	-1.753745e-01	-6.555851e-01	4.707186e-01	6.422037e-02	-7.089540e-02	7.440852e-02	-4.023638e-02	1.562292e-02	2.979874e-01	-3.758103e-01	4.645135e-01	2.607923e-02	-1.322859e-01	1.000000e+00	-5.285821e-01	5.915415e-01	-6.391882e-01	1.216823e-01	1.492119e-01	1.676451e-01	-2.152510e-01	2.810240e-01	1.167898e-02	-5.736983e-02	
5.315140e-02	3.313875e-02	-2.943722e-02	1.437694e-02	-6.788822e-03	2.916176e-03	-1.965280e-03	3.211094e-02	-3.712258e-02	3.368687e-04	-4.315338e-03	8.827743e-03	2.598500e-02	-3.664076e-02	-5.285821e-01	1.000000e+00	-9.829514e-01	9.337966e-01	-6.395582e-01	2.785250e-01	1.633599e-01	-1.927405e-01	2.201056e-01	-1.061346e-02	-2.096722e-02	
-5.423988e-02	-3.032483e-02	4.103336e-02	-2.482148e-02	9.258177e-03	-5.650233e-03	4.997729e-03	-3.534101e-02	3.877880e-02	-2.610801e-03	8.268045e-03	-1.459061e-02	-2.785230e-02	4.016558e-02	5.915415e-01	-9.829514e-01	1.000000e+00	-9.831607e-01	5.787536e-01	-1.997785e-01	-1.713277e-01	2.061792e-01	-2.402435e-01	-5.222907e-03	4.715959e-02	
4.751422e-02	1.936853e-02	-4.533907e-02	3.150535e-02	-1.226439e-02	8.944327e-03	-8.221709e-03	3.526818e-02	-3.696283e-02	1.320988e-03	-7.835128e-03	1.517620e-02	2.903880e-02	-4.105302e-02	-6.391882e-01	9.337966e-01	-9.831607e-01	1.000000e+00	-5.002153e-01	1.184392e-01	1.724865e-01	-2.110508e-01	2.500253e-01	1.766784e-02	-6.671108e-02	
6.349034e-02	1.234985e-01	-5.061767e-02	3.014758e-02	-2.853695e-03	8.715168e-03	-1.718827e-02	3.092893e-02	-2.049486e-02	2.566952e-02	-2.993343e-02	3.419652e-02	-3.675434e-03	-5.858562e-03	1.216823e-01	-6.395582e-01	5.787536e-01	-5.002153e-01	1.000000e+00	-9.009328e-01	-3.293801e-02	3.719017e-02	-4.000566e-02	9.529215e-02	-1.690495e-01	
-7.222370e-02	-1.450703e-01	5.908554e-02	-3.568176e-02	9.790581e-03	-1.483619e-02	2.353197e-02	-4.709612e-02	3.720757e-02	-2.630622e-02	3.143464e-02	-3.665708e-02	-2.936647e-03	1.757891e-02	1.492119e-01	2.785250e-01	-1.997785e-01	1.184392e-01	-9.009328e-01	1.000000e+00	-4.196248e-02	5.064857e-02	-5.925563e-02	-1.091752e-01	2.241943e-01	
-1.917240e-02	2.003905e-02	-4.145580e-01	2.865996e-01	1.064077e-02	-1.795137e-02	2.152173e-02	2.169459e-02	-3.311370e-02	1.859738e-01	-2.354746e-01	2.935961e-01	1.410135e-02	-9.277713e-02	1.676451e-01	1.633599e-01	-1.713277e-01	1.724865e-01	-3.293801e-02	-4.196248e-02	1.000000e+00	-9.855955e-01	9.247444e-01	-7.783150e-01	6.195931e-01	
2.398550e-02	-3.219958e-02	5.210953e-01	-3.606204e-01	-1.995085e-02	2.817668e-02	-3.155742e-02	-2.254056e-02	3.717284e-02	-2.345879e-01	2.978264e-01	-3.718120e-01	-1.910178e-02	1.180632e-01	-2.152510e-01	-1.927405e-01	2.061792e-01	-2.110508e-01	3.719017e-02	5.064857e-02	-9.855955e-01	1.000000e+00	-9.749841e-01	7.376972e-01	-5.692892e-01	
-4.421829e-02	5.696192e-02	-6.537625e-01	4.533801e-01	3.168009e-02	-4.080954e-02	4.385066e-02	2.276252e-02	-4.134618e-02	2.969747e-01	-3.778170e-01	4.723178e-01	2.269795e-02	-1.477188e-01	2.810240e-01	2.201056e-01	-2.402435e-01	2.500253e-01	-4.000566e-02	-5.925563e-02	9.247444e-01	-9.749841e-01	1.000000e+00	-6.372623e-01	4.623769e-01	
1.490789e-01	-6.141554e-02	-6.278501e-02	5.101501e-02	1.847230e-02	-1.491575e-02	9.293436e-03	-6.902102e-04	-1.159431e-03	1.103714e-02	-1.769799e-02	2.324942e-02	2.916945e-02	-2.986573e-02	1.167898e-02	-1.061346e-02	-5.222907e-03	1.766784e-02	9.529215e-02	-1.091752e-01	-7.783150e-01	7.376972e-01	-6.372623e-01	1.000000e+00	-9.636324e-01	
-1.321758e-01	1.975392e-02	2.109368e-01	-1.521303e-01	-2.807116e-02	2.541850e-02	-1.883106e-02	-5.830365e-03	1.272689e-02	-7.910442e-02	1.043631e-01	-1.319487e-01	-3.336305e-02	6.345506e-02	-5.736983e-02	-2.096722e-02	4.715959e-02	-6.671108e-02	-1.690495e-01	2.241943e-01	6.195931e-01	-5.692892e-01	4.623769e-01	-9.636324e-01	1.000000e+00	

Time taken for mcmc chain: 16.766667 minutes
