Number of steps: 3843915
Number of accepted steps: 500000
Burn-in number of steps: 320000
Accepted fraction of steps: 0.130076
Convergence Status
R[0]= -nan	R[1]= -nan	R[2]= -nan	R[3]= -nan	R[4]= -nan	R[5]= -nan	R[6]= -nan	R[7]= -nan	R[8]= -nan	R[9]= -nan	R[10]= -nan	R[11]= -nan	R[12]= -nan	R[13]= -nan	R[14]= -nan	R[15]= -nan	R[16]= -nan	R[17]= -nan	R[18]= -nan	R[19]= -nan	R[20]= -nan	R[21]= -nan	R[22]= -nan	R[23]= -nan	R[24]= -nan	
<R>= -nan

Mean parameters
A[0]= 9.354939e-01 pm 3.599590e-02
A[1]= 1.051446e+00 pm 3.251728e-02
A[2]= 5.092592e-01 pm 4.059456e-01
A[3]= 3.416234e+00 pm 1.111598e+00
A[4]= -3.771380e+03 pm 3.760454e+03
A[5]= 1.825283e+03 pm 2.463091e+03
A[6]= 1.667028e+01 pm 5.760753e+02
A[7]= 1.831549e+01 pm 1.308183e+01
A[8]= -2.921708e-01 pm 1.809769e-01
A[9]= -2.653343e+03 pm 8.353724e+03
A[10]= 7.584748e+02 pm 4.961920e+03
A[11]= -2.009973e+02 pm 1.030181e+03
A[12]= 2.242357e+01 pm 4.854906e+01
A[13]= -6.772684e-01 pm 9.302119e-01
A[14]= 1.539295e+00 pm 6.163595e-01
A[15]= -1.729336e+03 pm 2.273450e+03
A[16]= 8.227998e+02 pm 1.485959e+03
A[17]= 6.569273e+00 pm 3.486884e+02
A[18]= 1.035386e+01 pm 8.517743e+00
A[19]= -1.647890e-01 pm 1.167091e-01
A[20]= -9.825325e+02 pm 4.873616e+03
A[21]= 1.371143e+02 pm 2.846742e+03
A[22]= -3.738322e+01 pm 5.697361e+02
A[23]= 4.967806e+00 pm 2.973923e+01
A[24]= -1.530695e-01 pm 5.714089e-01

Best-fitting parameters
A[0]= 9.577950e-01
A[1]= 1.024734e+00
A[2]= 3.383078e-01
A[3]= 3.554473e+00
A[4]= -4.761277e+03
A[5]= 2.291827e+03
A[6]= -4.934107e+01
A[7]= 2.987196e+01
A[8]= -4.532120e-01
A[9]= -3.946964e+03
A[10]= 1.364027e+03
A[11]= -2.846334e+02
A[12]= 4.566122e+01
A[13]= -1.205567e+00
A[14]= 1.621827e+00
A[15]= -1.692304e+03
A[16]= 7.597895e+02
A[17]= 3.618721e+01
A[18]= 9.864711e+00
A[19]= -1.604719e-01
A[20]= 5.080310e+03
A[21]= -3.341931e+03
A[22]= 6.009991e+02
A[23]= -2.829923e+01
A[24]= 4.397747e-01
chi2_min= 6.933020e+01


Cross-Covariance parameters
1.000000e+00	-5.067316e-01	-8.814136e-02	-4.440454e-03	5.888667e-02	-6.535756e-02	6.261857e-02	4.324568e-02	-5.944290e-02	-8.743797e-02	1.008953e-01	-1.329427e-01	1.735926e-01	-1.324746e-01	6.611439e-02	-1.052707e-02	1.747342e-02	-2.825320e-02	2.440617e-02	-4.435969e-04	-2.869357e-02	4.965179e-02	-8.974624e-02	8.627777e-02	-5.662850e-02	
-5.067316e-01	1.000000e+00	1.025859e-01	-1.415359e-01	-1.844639e-02	2.423487e-02	-3.858958e-02	1.542078e-01	-1.481803e-01	7.698968e-02	-8.853812e-02	1.096028e-01	-1.354001e-01	7.031283e-02	-1.573411e-01	2.128047e-02	-2.189519e-02	1.570517e-02	1.306899e-01	-1.446034e-01	2.091345e-02	-3.303704e-02	5.932117e-02	-4.499402e-02	6.398064e-03	
-8.814136e-02	1.025859e-01	1.000000e+00	-6.849107e-01	2.170717e-02	-2.380283e-02	3.248762e-02	-6.748629e-02	5.149621e-02	-3.474326e-01	4.650997e-01	-6.067265e-01	-1.518405e-01	3.086279e-01	-5.501299e-01	-2.182647e-02	1.322698e-02	2.650667e-04	-1.016415e-02	1.338764e-02	-3.005630e-01	3.988879e-01	-5.308993e-01	-5.633716e-02	1.556446e-01	
-4.440454e-03	-1.415359e-01	-6.849107e-01	1.000000e+00	-5.606454e-01	6.173288e-01	-6.593603e-01	1.851921e-01	1.053738e-01	2.271730e-01	-2.889583e-01	3.681880e-01	1.059250e-02	-8.746493e-02	4.030397e-01	2.551677e-03	1.940837e-03	-8.334843e-03	-2.337054e-02	2.486974e-02	1.821826e-01	-2.525741e-01	3.493806e-01	4.659842e-02	-1.044942e-01	
5.888667e-02	-1.844639e-02	2.170717e-02	-5.606454e-01	1.000000e+00	-9.857277e-01	9.456154e-01	-6.599536e-01	2.680542e-01	-9.569049e-03	-2.175176e-02	5.824617e-02	1.440613e-01	-1.150180e-01	-2.482050e-02	3.876180e-02	-4.121735e-02	4.157570e-02	1.346028e-02	-3.155892e-02	2.189009e-02	-2.041081e-02	1.773284e-02	1.553531e-02	-2.479873e-02	
-6.535756e-02	2.423487e-02	-2.380283e-02	6.173288e-01	-9.857277e-01	1.000000e+00	-9.863766e-01	6.128895e-01	-2.068968e-01	5.427808e-03	2.816256e-02	-6.708735e-02	-1.516808e-01	1.320462e-01	2.828747e-02	-4.297146e-02	4.529088e-02	-4.553988e-02	-1.245185e-02	3.103336e-02	-2.453452e-02	2.282094e-02	-1.908805e-02	-1.439739e-02	2.449800e-02	
6.261857e-02	-3.858958e-02	3.248762e-02	-6.593603e-01	9.456154e-01	-9.863766e-01	1.000000e+00	-5.559773e-01	1.511376e-01	3.314073e-03	-3.722282e-02	7.602679e-02	1.443029e-01	-1.312848e-01	-3.319867e-02	4.594736e-02	-4.826475e-02	4.881379e-02	8.024639e-03	-2.648321e-02	2.394626e-02	-2.145526e-02	1.604659e-02	1.295447e-02	-2.254938e-02	
4.324568e-02	1.542078e-01	-6.748629e-02	1.851921e-01	-6.599536e-01	6.128895e-01	-5.559773e-01	1.000000e+00	-8.812081e-01	1.422432e-01	-1.280470e-01	9.870558e-02	-1.056407e-01	-6.275228e-02	2.846325e-02	-1.593004e-02	2.126436e-02	-2.711022e-02	1.203493e-02	4.743378e-03	2.338453e-02	-2.623644e-02	3.121722e-02	-1.797164e-02	1.282351e-02	
-5.944290e-02	-1.481803e-01	5.149621e-02	1.053738e-01	2.680542e-01	-2.068968e-01	1.511376e-01	-8.812081e-01	1.000000e+00	-1.639051e-01	1.620848e-01	-1.436922e-01	5.196112e-02	1.561191e-01	-1.475227e-02	5.323287e-03	-1.047955e-02	1.603987e-02	-1.791799e-02	7.430819e-03	-3.184142e-02	3.273769e-02	-3.505657e-02	2.187408e-02	-1.408043e-02	
-8.743797e-02	7.698968e-02	-3.474326e-01	2.271730e-01	-9.569049e-03	5.427808e-03	3.314073e-03	1.422432e-01	-1.639051e-01	1.000000e+00	-9.839692e-01	9.177134e-01	-7.721944e-01	5.829865e-01	1.779921e-01	1.500252e-02	-1.879235e-02	2.049098e-02	3.582882e-02	-4.627958e-02	1.002474e-01	-1.415626e-01	2.007438e-01	4.702842e-02	-9.032311e-02	
1.008953e-01	-8.853812e-02	4.650997e-01	-2.889583e-01	-2.175176e-02	2.816256e-02	-3.722282e-02	-1.280470e-01	1.620848e-01	-9.839692e-01	1.000000e+00	-9.730206e-01	7.236258e-01	-5.246137e-01	-2.410316e-01	-2.462787e-02	2.734866e-02	-2.718984e-02	-3.608403e-02	4.912168e-02	-1.378008e-01	1.922331e-01	-2.697423e-01	-5.624591e-02	1.135815e-01	
-1.329427e-01	1.096028e-01	-6.067265e-01	3.681880e-01	5.824617e-02	-6.708735e-02	7.602679e-02	9.870558e-02	-1.436922e-01	9.177134e-01	-9.730206e-01	1.000000e+00	-6.139708e-01	4.114637e-01	3.164485e-01	3.838859e-02	-3.967912e-02	3.711758e-02	3.299928e-02	-4.956565e-02	1.867206e-01	-2.574735e-01	3.576946e-01	6.279552e-02	-1.377432e-01	
1.735926e-01	-1.354001e-01	-1.518405e-01	1.059250e-02	1.440613e-01	-1.516808e-01	1.443029e-01	-1.056407e-01	5.196112e-02	-7.721944e-01	7.236258e-01	-6.139708e-01	1.000000e+00	-9.459969e-01	9.359453e-02	1.585891e-02	-7.863715e-03	-1.924165e-03	-3.425183e-02	3.612697e-02	6.993494e-02	-7.729600e-02	8.218600e-02	-2.220235e-02	1.355429e-02	
-1.324746e-01	7.031283e-02	3.086279e-01	-8.746493e-02	-1.150180e-01	1.320462e-01	-1.312848e-01	-6.275228e-02	1.561191e-01	5.829865e-01	-5.246137e-01	4.114637e-01	-9.459969e-01	1.000000e+00	-1.721425e-01	-2.248956e-02	1.348168e-02	-1.734970e-03	2.336331e-02	-2.236689e-02	-1.258926e-01	1.509711e-01	-1.807727e-01	2.166591e-02	6.614483e-03	
6.611439e-02	-1.573411e-01	-5.501299e-01	4.030397e-01	-2.482050e-02	2.828747e-02	-3.319867e-02	2.846325e-02	-1.475227e-02	1.779921e-01	-2.410316e-01	3.164485e-01	9.359453e-02	-1.721425e-01	1.000000e+00	-5.844294e-01	6.687394e-01	-7.329270e-01	5.981364e-02	2.344446e-01	1.110481e-01	-1.431227e-01	1.928508e-01	-5.054171e-02	3.684174e-02	
-1.052707e-02	2.128047e-02	-2.182647e-02	2.551677e-03	3.876180e-02	-4.297146e-02	4.594736e-02	-1.593004e-02	5.323287e-03	1.500252e-02	-2.462787e-02	3.838859e-02	1.585891e-02	-2.248956e-02	-5.844294e-01	1.000000e+00	-9.822729e-01	9.318663e-01	-6.085491e-01	2.472415e-01	1.123264e-01	-1.383071e-01	1.674541e-01	5.302610e-02	-7.018228e-02	
1.747342e-02	-2.189519e-02	1.322698e-02	1.940837e-03	-4.121735e-02	4.529088e-02	-4.826475e-02	2.126436e-02	-1.047955e-02	-1.879235e-02	2.734866e-02	-3.967912e-02	-7.863715e-03	1.348168e-02	6.687394e-01	-9.822729e-01	1.000000e+00	-9.828282e-01	5.411470e-01	-1.627524e-01	-1.094657e-01	1.396366e-01	-1.734871e-01	-6.994338e-02	9.441489e-02	
-2.825320e-02	1.570517e-02	2.650667e-04	-8.334843e-03	4.157570e-02	-4.553988e-02	4.881379e-02	-2.711022e-02	1.603987e-02	2.049098e-02	-2.718984e-02	3.711758e-02	-1.924165e-03	-1.734970e-03	-7.329270e-01	9.318663e-01	-9.828282e-01	1.000000e+00	-4.569615e-01	7.756959e-02	1.030721e-01	-1.360303e-01	1.729774e-01	8.036665e-02	-1.093792e-01	
2.440617e-02	1.306899e-01	-1.016415e-02	-2.337054e-02	1.346028e-02	-1.245185e-02	8.024639e-03	1.203493e-02	-1.791799e-02	3.582882e-02	-3.608403e-02	3.299928e-02	-3.425183e-02	2.336331e-02	5.981364e-02	-6.085491e-01	5.411470e-01	-4.569615e-01	1.000000e+00	-9.041820e-01	-3.733685e-02	3.978282e-02	-4.454977e-02	7.131123e-02	-1.507224e-01	
-4.435969e-04	-1.446034e-01	1.338764e-02	2.486974e-02	-3.155892e-02	3.103336e-02	-2.648321e-02	4.743378e-03	7.430819e-03	-4.627958e-02	4.912168e-02	-4.956565e-02	3.612697e-02	-2.236689e-02	2.344446e-01	2.472415e-01	-1.627524e-01	7.756959e-02	-9.041820e-01	1.000000e+00	-5.190455e-03	1.584277e-02	-2.439175e-02	-1.123950e-01	2.234436e-01	
-2.869357e-02	2.091345e-02	-3.005630e-01	1.821826e-01	2.189009e-02	-2.453452e-02	2.394626e-02	2.338453e-02	-3.184142e-02	1.002474e-01	-1.378008e-01	1.867206e-01	6.993494e-02	-1.258926e-01	1.110481e-01	1.123264e-01	-1.094657e-01	1.030721e-01	-3.733685e-02	-5.190455e-03	1.000000e+00	-9.860624e-01	9.265282e-01	-8.161576e-01	6.892797e-01	
4.965179e-02	-3.303704e-02	3.988879e-01	-2.525741e-01	-2.041081e-02	2.282094e-02	-2.145526e-02	-2.623644e-02	3.273769e-02	-1.415626e-01	1.922331e-01	-2.574735e-01	-7.729600e-02	1.509711e-01	-1.431227e-01	-1.383071e-01	1.396366e-01	-1.360303e-01	3.978282e-02	1.584277e-02	-9.860624e-01	1.000000e+00	-9.752859e-01	7.961663e-01	-6.637304e-01	
-8.974624e-02	5.932117e-02	-5.308993e-01	3.493806e-01	1.773284e-02	-1.908805e-02	1.604659e-02	3.121722e-02	-3.505657e-02	2.007438e-01	-2.697423e-01	3.576946e-01	8.218600e-02	-1.807727e-01	1.928508e-01	1.674541e-01	-1.734871e-01	1.729774e-01	-4.454977e-02	-2.439175e-02	9.265282e-01	-9.752859e-01	1.000000e+00	-7.217315e-01	5.873587e-01	
8.627777e-02	-4.499402e-02	-5.633716e-02	4.659842e-02	1.553531e-02	-1.439739e-02	1.295447e-02	-1.797164e-02	2.187408e-02	4.702842e-02	-5.624591e-02	6.279552e-02	-2.220235e-02	2.166591e-02	-5.054171e-02	5.302610e-02	-6.994338e-02	8.036665e-02	7.131123e-02	-1.123950e-01	-8.161576e-01	7.961663e-01	-7.217315e-01	1.000000e+00	-9.691702e-01	
-5.662850e-02	6.398064e-03	1.556446e-01	-1.044942e-01	-2.479873e-02	2.449800e-02	-2.254938e-02	1.282351e-02	-1.408043e-02	-9.032311e-02	1.135815e-01	-1.377432e-01	1.355429e-02	6.614483e-03	3.684174e-02	-7.018228e-02	9.441489e-02	-1.093792e-01	-1.507224e-01	2.234436e-01	6.892797e-01	-6.637304e-01	5.873587e-01	-9.691702e-01	1.000000e+00	

Time taken for mcmc chain: 27.216667 minutes
