Number of steps: 2354749
Number of accepted steps: 960000
Burn-in number of steps: 200000
Accepted fraction of steps: 0.407687
Convergence Status
R[0]= 1.000497	R[1]= 1.007648	R[2]= 1.030591	R[3]= 1.034855	R[4]= 1.032682	R[5]= 1.042185	R[6]= 1.049244	R[7]= 1.004114	R[8]= 1.002613	R[9]= 1.005914	R[10]= 1.010807	R[11]= 1.019288	R[12]= 1.004777	R[13]= 1.010602	R[14]= 1.009557	R[15]= 1.012831	R[16]= 1.011811	R[17]= 1.010681	R[18]= 1.009668	R[19]= 1.009523	R[20]= 1.013025	R[21]= 1.017111	R[22]= 1.022185	R[23]= 1.009607	R[24]= 1.015667	
<R>= 1.015899

Mean parameters
A[0]= 8.916261e-01 pm 3.332525e-02
A[1]= 9.937395e-01 pm 2.599205e-02
A[2]= 4.863198e-01 pm 3.506426e-01
A[3]= 4.083516e+00 pm 1.286315e+00
A[4]= -3.169335e+03 pm 3.718101e+03
A[5]= 1.721078e+03 pm 2.457240e+03
A[6]= -3.459075e+01 pm 5.706844e+02
A[7]= 1.170891e+01 pm 1.224804e+01
A[8]= -1.852198e-01 pm 1.815109e-01
A[9]= -3.543157e+03 pm 7.358108e+03
A[10]= 1.392365e+03 pm 4.411787e+03
A[11]= -3.512866e+02 pm 9.178294e+02
A[12]= 2.251299e+01 pm 4.340967e+01
A[13]= -5.066370e-01 pm 8.575025e-01
A[14]= 5.601825e+00 pm 1.616127e+00
A[15]= -8.873001e+03 pm 4.760191e+03
A[16]= 5.907512e+03 pm 3.112378e+03
A[17]= -1.026075e+03 pm 7.197852e+02
A[18]= 1.460451e+01 pm 1.737492e+01
A[19]= -4.730843e-02 pm 2.467806e-01
A[20]= -1.111185e+03 pm 1.018489e+04
A[21]= 3.934820e+02 pm 6.100984e+03
A[22]= -3.931373e+02 pm 1.269523e+03
A[23]= 1.862424e+01 pm 5.982295e+01
A[24]= -7.076959e-01 pm 1.170435e+00

Best-fitting parameters
A[0]= 8.860338e-01
A[1]= 9.938543e-01
A[2]= 6.448141e-01
A[3]= 3.900354e+00
A[4]= -3.538181e+03
A[5]= 2.171253e+03
A[6]= -1.723524e+02
A[7]= 8.293453e+00
A[8]= -9.844892e-02
A[9]= -4.869095e+03
A[10]= 2.669749e+03
A[11]= -7.253448e+02
A[12]= 1.383812e+01
A[13]= -1.884657e-01
A[14]= 5.584111e+00
A[15]= -8.948219e+03
A[16]= 6.286682e+03
A[17]= -1.219209e+03
A[18]= 6.079263e+00
A[19]= 9.183685e-02
A[20]= 8.002853e+01
A[21]= 6.349105e+02
A[22]= -6.383211e+02
A[23]= -1.713457e+01
A[24]= 1.084786e-01
chi2_min= 1.091143e+02


Cross-Covariance parameters
1.000000e+00	-4.950059e-01	-1.362019e-01	9.452906e-02	1.313435e-02	-8.935126e-04	-1.362625e-02	2.246387e-02	1.499953e-02	3.989819e-02	-2.160266e-02	-1.897795e-02	4.647411e-02	-1.547933e-04	4.460494e-02	8.743053e-02	-7.627641e-02	5.608533e-02	2.518135e-02	-3.224074e-02	3.155218e-02	-9.693615e-03	-3.633032e-02	9.584285e-02	-6.275297e-02	
-4.950059e-01	1.000000e+00	2.052098e-01	-2.458420e-01	2.036331e-02	-2.983222e-02	2.861276e-02	1.423860e-01	-1.531153e-01	3.194477e-02	-3.779331e-02	4.901851e-02	-1.271554e-01	6.051459e-02	-2.470629e-01	-2.084324e-04	-4.189057e-03	1.170609e-04	1.691656e-01	-1.639053e-01	-3.566005e-02	2.957702e-02	-7.546305e-03	-5.770792e-02	1.886250e-02	
-1.362019e-01	2.052098e-01	1.000000e+00	-6.075717e-01	-6.963610e-02	6.669197e-02	-5.799089e-02	-3.233642e-02	4.703658e-02	-3.812851e-01	4.977596e-01	-6.345757e-01	-1.955060e-01	3.147366e-01	-6.034025e-01	-1.001573e-01	1.103908e-01	-1.122049e-01	-4.394332e-02	6.880418e-02	-4.023322e-01	5.169638e-01	-6.492238e-01	-1.725624e-01	2.882927e-01	
9.452906e-02	-2.458420e-01	-6.075717e-01	1.000000e+00	-5.753850e-01	6.360148e-01	-6.797390e-01	4.517972e-02	2.437938e-01	1.296249e-01	-1.787276e-01	2.466570e-01	7.947607e-02	-8.166364e-02	3.368520e-01	1.100200e-01	-1.240374e-01	1.334292e-01	-1.809700e-02	-1.371180e-02	2.544875e-01	-3.260394e-01	4.083075e-01	9.036311e-02	-1.519006e-01	
1.313435e-02	2.036331e-02	-6.963610e-02	-5.753850e-01	1.000000e+00	-9.862329e-01	9.493078e-01	-5.273512e-01	1.184164e-01	1.202470e-01	-1.585887e-01	1.953301e-01	7.559277e-02	-8.422482e-02	9.534680e-02	-4.661244e-02	5.223521e-02	-5.819622e-02	4.360893e-02	-3.219536e-02	3.074909e-02	-3.419157e-02	3.753229e-02	3.253889e-02	-4.954992e-02	
-8.935126e-04	-2.983222e-02	6.669197e-02	6.360148e-01	-9.862329e-01	1.000000e+00	-9.878319e-01	4.579367e-01	-3.948253e-02	-1.213774e-01	1.631703e-01	-2.036100e-01	-9.068066e-02	1.142164e-01	-9.472864e-02	4.702534e-02	-5.320165e-02	5.963963e-02	-4.126418e-02	3.012670e-02	-2.900714e-02	3.252921e-02	-3.593867e-02	-3.214264e-02	4.998886e-02	
-1.362625e-02	2.861276e-02	-5.799089e-02	-6.797390e-01	9.493078e-01	-9.878319e-01	1.000000e+00	-3.865566e-01	-2.778294e-02	1.211878e-01	-1.642708e-01	2.060476e-01	9.631272e-02	-1.305635e-01	9.203893e-02	-4.950165e-02	5.587063e-02	-6.215692e-02	3.590004e-02	-2.461692e-02	2.245753e-02	-2.552285e-02	2.841595e-02	3.157098e-02	-4.860775e-02	
2.246387e-02	1.423860e-01	-3.233642e-02	4.517972e-02	-5.273512e-01	4.579367e-01	-3.865566e-01	1.000000e+00	-8.881113e-01	1.226508e-01	-1.119254e-01	8.726557e-02	-4.880806e-02	-1.401925e-01	-1.891329e-02	1.876867e-02	-1.948289e-02	1.801582e-02	2.651811e-02	-2.498549e-02	1.671518e-02	-2.207794e-02	3.055149e-02	-5.178487e-03	1.902636e-03	
1.499953e-02	-1.531153e-01	4.703658e-02	2.437938e-01	1.184164e-01	-3.948253e-02	-2.778294e-02	-8.881113e-01	1.000000e+00	-1.860477e-01	1.920182e-01	-1.811846e-01	1.724821e-02	2.190998e-01	-1.573753e-02	9.880699e-04	-2.320762e-03	4.951510e-03	-3.162616e-02	2.582592e-02	-3.394374e-02	3.974283e-02	-4.891156e-02	6.927301e-03	3.742731e-03	
3.989819e-02	3.194477e-02	-3.812851e-01	1.296249e-01	1.202470e-01	-1.213774e-01	1.211878e-01	1.226508e-01	-1.860477e-01	1.000000e+00	-9.833893e-01	9.174629e-01	-7.156380e-01	5.237576e-01	2.208310e-01	2.994544e-02	-3.391291e-02	3.394906e-02	5.103331e-02	-5.637161e-02	1.379400e-01	-1.877471e-01	2.454378e-01	8.254173e-02	-1.316381e-01	
-2.160266e-02	-3.779331e-02	4.977596e-01	-1.787276e-01	-1.585887e-01	1.631703e-01	-1.642708e-01	-1.119254e-01	1.920182e-01	-9.833893e-01	1.000000e+00	-9.736327e-01	6.583001e-01	-4.605109e-01	-2.905484e-01	-4.162366e-02	4.725203e-02	-4.781114e-02	-5.888879e-02	6.813973e-02	-1.871928e-01	2.512008e-01	-3.264493e-01	-1.037242e-01	1.687368e-01	
-1.897795e-02	4.901851e-02	-6.345757e-01	2.466570e-01	1.953301e-01	-2.036100e-01	2.060476e-01	8.726557e-02	-1.811846e-01	9.174629e-01	-9.736327e-01	1.000000e+00	-5.426397e-01	3.476272e-01	3.734143e-01	5.406906e-02	-6.199532e-02	6.368658e-02	6.647980e-02	-8.052785e-02	2.471357e-01	-3.284894e-01	4.254140e-01	1.242013e-01	-2.086647e-01	
4.647411e-02	-1.271554e-01	-1.955060e-01	7.947607e-02	7.559277e-02	-9.068066e-02	9.631272e-02	-4.880806e-02	1.724821e-02	-7.156380e-01	6.583001e-01	-5.426397e-01	1.000000e+00	-9.446508e-01	1.357265e-01	2.025989e-02	-2.231821e-02	2.324745e-02	-1.620658e-02	9.984264e-03	1.081434e-01	-1.230792e-01	1.389251e-01	1.524784e-02	-3.885162e-02	
-1.547933e-04	6.051459e-02	3.147366e-01	-8.166364e-02	-8.422482e-02	1.142164e-01	-1.305635e-01	-1.401925e-01	2.190998e-01	5.237576e-01	-4.605109e-01	3.476272e-01	-9.446508e-01	1.000000e+00	-2.058945e-01	-2.382204e-02	2.796635e-02	-2.980024e-02	1.813694e-03	3.900967e-03	-1.637777e-01	1.950733e-01	-2.310638e-01	-2.787973e-02	7.247580e-02	
4.460494e-02	-2.470629e-01	-6.034025e-01	3.368520e-01	9.534680e-02	-9.472864e-02	9.203893e-02	-1.891329e-02	-1.573753e-02	2.208310e-01	-2.905484e-01	3.734143e-01	1.357265e-01	-2.058945e-01	1.000000e+00	-5.248986e-01	5.854295e-01	-6.300459e-01	-2.761980e-02	2.638381e-01	1.487093e-01	-1.998081e-01	2.664303e-01	4.921124e-02	-6.991201e-02	
8.743053e-02	-2.084324e-04	-1.001573e-01	1.100200e-01	-4.661244e-02	4.702534e-02	-4.950165e-02	1.876867e-02	9.880699e-04	2.994544e-02	-4.162366e-02	5.406906e-02	2.025989e-02	-2.382204e-02	-5.248986e-01	1.000000e+00	-9.845150e-01	9.414423e-01	-4.795509e-01	1.240798e-01	1.732236e-01	-2.065327e-01	2.352730e-01	4.511356e-02	-7.890310e-02	
-7.627641e-02	-4.189057e-03	1.103908e-01	-1.240374e-01	5.223521e-02	-5.320165e-02	5.587063e-02	-1.948289e-02	-2.320762e-03	-3.391291e-02	4.725203e-02	-6.199532e-02	-2.231821e-02	2.796635e-02	5.854295e-01	-9.845150e-01	1.000000e+00	-9.854663e-01	4.045541e-01	-3.977073e-02	-1.825391e-01	2.199018e-01	-2.531708e-01	-6.391348e-02	1.078050e-01	
5.608533e-02	1.170609e-04	-1.122049e-01	1.334292e-01	-5.819622e-02	5.963963e-02	-6.215692e-02	1.801582e-02	4.951510e-03	3.394906e-02	-4.781114e-02	6.368658e-02	2.324745e-02	-2.980024e-02	-6.300459e-01	9.414423e-01	-9.854663e-01	1.000000e+00	-3.252697e-01	-3.538598e-02	1.830101e-01	-2.232267e-01	2.601230e-01	7.726137e-02	-1.273992e-01	
2.518135e-02	1.691656e-01	-4.394332e-02	-1.809700e-02	4.360893e-02	-4.126418e-02	3.590004e-02	2.651811e-02	-3.162616e-02	5.103331e-02	-5.888879e-02	6.647980e-02	-1.620658e-02	1.813694e-03	-2.761980e-02	-4.795509e-01	4.045541e-01	-3.252697e-01	1.000000e+00	-9.143472e-01	1.720694e-02	-1.888248e-02	1.898695e-02	8.413455e-02	-1.707342e-01	
-3.224074e-02	-1.639053e-01	6.880418e-02	-1.371180e-02	-3.219536e-02	3.012670e-02	-2.461692e-02	-2.498549e-02	2.582592e-02	-5.637161e-02	6.813973e-02	-8.052785e-02	9.984264e-03	3.900967e-03	2.638381e-01	1.240798e-01	-3.977073e-02	-3.538598e-02	-9.143472e-01	1.000000e+00	-8.970175e-02	1.031579e-01	-1.117018e-01	-1.077361e-01	2.276289e-01	
3.155218e-02	-3.566005e-02	-4.023322e-01	2.544875e-01	3.074909e-02	-2.900714e-02	2.245753e-02	1.671518e-02	-3.394374e-02	1.379400e-01	-1.871928e-01	2.471357e-01	1.081434e-01	-1.637777e-01	1.487093e-01	1.732236e-01	-1.825391e-01	1.830101e-01	1.720694e-02	-8.970175e-02	1.000000e+00	-9.837547e-01	9.193839e-01	-7.076674e-01	5.524874e-01	
-9.693615e-03	2.957702e-02	5.169638e-01	-3.260394e-01	-3.419157e-02	3.252921e-02	-2.552285e-02	-2.207794e-02	3.974283e-02	-1.877471e-01	2.512008e-01	-3.284894e-01	-1.230792e-01	1.950733e-01	-1.998081e-01	-2.065327e-01	2.199018e-01	-2.232267e-01	-1.888248e-02	1.031579e-01	-9.837547e-01	1.000000e+00	-9.741949e-01	6.540934e-01	-4.914273e-01	
-3.633032e-02	-7.546305e-03	-6.492238e-01	4.083075e-01	3.753229e-02	-3.593867e-02	2.841595e-02	3.055149e-02	-4.891156e-02	2.454378e-01	-3.264493e-01	4.254140e-01	1.389251e-01	-2.310638e-01	2.664303e-01	2.352730e-01	-2.531708e-01	2.601230e-01	1.898695e-02	-1.117018e-01	9.193839e-01	-9.741949e-01	1.000000e+00	-5.445126e-01	3.805409e-01	
9.584285e-02	-5.770792e-02	-1.725624e-01	9.036311e-02	3.253889e-02	-3.214264e-02	3.157098e-02	-5.178487e-03	6.927301e-03	8.254173e-02	-1.037242e-01	1.242013e-01	1.524784e-02	-2.787973e-02	4.921124e-02	4.511356e-02	-6.391348e-02	7.726137e-02	8.413455e-02	-1.077361e-01	-7.076674e-01	6.540934e-01	-5.445126e-01	1.000000e+00	-9.659986e-01	
-6.275297e-02	1.886250e-02	2.882927e-01	-1.519006e-01	-4.954992e-02	4.998886e-02	-4.860775e-02	1.902636e-03	3.742731e-03	-1.316381e-01	1.687368e-01	-2.086647e-01	-3.885162e-02	7.247580e-02	-6.991201e-02	-7.890310e-02	1.078050e-01	-1.273992e-01	-1.707342e-01	2.276289e-01	5.524874e-01	-4.914273e-01	3.805409e-01	-9.659986e-01	1.000000e+00	

Time taken for mcmc chain: 20.800000 minutes
