Number of steps: 2309677
Number of accepted steps: 960000
Burn-in number of steps: 200000
Accepted fraction of steps: 0.415643
Convergence Status
R[0]= 1.018463	R[1]= 1.041467	R[2]= 1.022349	R[3]= 1.047450	R[4]= 1.031705	R[5]= 1.037844	R[6]= 1.042002	R[7]= 1.008238	R[8]= 1.000898	R[9]= 1.016128	R[10]= 1.009240	R[11]= 1.005332	R[12]= 1.017836	R[13]= 1.018291	R[14]= 1.000375	R[15]= 1.025899	R[16]= 1.027963	R[17]= 1.026981	R[18]= 1.010144	R[19]= 1.008564	R[20]= 1.005077	R[21]= 1.009454	R[22]= 1.016885	R[23]= 1.005881	R[24]= 1.014668	
<R>= 1.018765

Mean parameters
A[0]= 9.458150e-01 pm 3.262935e-02
A[1]= 1.046427e+00 pm 2.600529e-02
A[2]= 5.776289e-01 pm 3.535660e-01
A[3]= 4.077926e+00 pm 1.181532e+00
A[4]= -5.470635e+03 pm 3.865666e+03
A[5]= 2.930211e+03 pm 2.541029e+03
A[6]= -2.270755e+02 pm 5.955363e+02
A[7]= 1.213828e+01 pm 1.351543e+01
A[8]= -1.516371e-01 pm 1.800634e-01
A[9]= -2.497045e+03 pm 8.648537e+03
A[10]= 8.752560e+02 pm 5.174984e+03
A[11]= -2.862066e+02 pm 1.084536e+03
A[12]= -8.848155e-01 pm 4.995699e+01
A[13]= 7.761903e-03 pm 9.467298e-01
A[14]= 5.592211e+00 pm 1.618418e+00
A[15]= -6.404910e+03 pm 5.255603e+03
A[16]= 5.016744e+03 pm 3.429490e+03
A[17]= -9.613411e+02 pm 8.030925e+02
A[18]= -3.920647e+00 pm 1.980272e+01
A[19]= 2.418004e-01 pm 2.713292e-01
A[20]= 5.372592e+03 pm 1.217605e+04
A[21]= -2.870995e+03 pm 7.322524e+03
A[22]= 1.038523e+02 pm 1.531082e+03
A[23]= -4.211946e+01 pm 6.927636e+01
A[24]= 5.966960e-01 pm 1.328063e+00

Best-fitting parameters
A[0]= 9.326675e-01
A[1]= 1.070310e+00
A[2]= 8.188202e-01
A[3]= 3.650684e+00
A[4]= -6.140503e+03
A[5]= 3.514591e+03
A[6]= -4.198357e+02
A[7]= 1.170871e+01
A[8]= -1.502640e-01
A[9]= -9.891722e+03
A[10]= 5.830807e+03
A[11]= -1.375056e+03
A[12]= 2.424250e+01
A[13]= -4.042762e-01
A[14]= 4.377553e+00
A[15]= -4.775430e+03
A[16]= 4.085757e+03
A[17]= -7.710221e+02
A[18]= -6.464713e+00
A[19]= 2.683609e-01
A[20]= 2.562504e+03
A[21]= -7.033823e+02
A[22]= -4.281439e+02
A[23]= -4.969870e+01
A[24]= 8.535482e-01
chi2_min= 1.001969e+02


Cross-Covariance parameters
1.000000e+00	-5.287274e-01	-1.732521e-01	6.761457e-02	3.110420e-02	-3.955047e-02	3.866699e-02	9.850304e-02	-1.034432e-01	-3.340972e-02	4.176880e-02	-6.521004e-02	1.825786e-01	-1.642566e-01	7.326717e-02	5.686130e-02	-6.723014e-02	6.394982e-02	5.130148e-02	-6.467176e-02	1.082304e-02	1.920792e-04	-3.025163e-02	1.502763e-01	-1.314670e-01	
-5.287274e-01	1.000000e+00	1.440280e-01	-1.399211e-01	-2.431524e-02	3.936864e-02	-5.916500e-02	1.073637e-01	-9.424855e-02	8.718674e-02	-8.997801e-02	9.895578e-02	-1.860039e-01	1.382424e-01	-2.310508e-01	4.865051e-02	-4.785595e-02	4.223404e-02	1.223310e-01	-1.365705e-01	2.861335e-02	-4.044900e-02	6.539499e-02	-9.101329e-02	4.712297e-02	
-1.732521e-01	1.440280e-01	1.000000e+00	-6.733514e-01	-6.882886e-02	7.768397e-02	-7.652286e-02	2.151257e-03	1.916116e-02	-3.756823e-01	4.969986e-01	-6.430892e-01	-1.365798e-01	2.789711e-01	-6.489849e-01	-8.105653e-02	8.290088e-02	-7.564034e-02	-1.646893e-02	4.107169e-02	-4.271670e-01	5.262681e-01	-6.474823e-01	-7.817409e-02	2.268820e-01	
6.761457e-02	-1.399211e-01	-6.733514e-01	1.000000e+00	-5.217646e-01	5.727170e-01	-6.115196e-01	1.827224e-01	9.177351e-02	1.705649e-01	-2.312410e-01	3.110927e-01	5.951156e-02	-1.173873e-01	4.764234e-01	1.948341e-02	-2.246270e-02	2.198535e-02	4.281082e-03	-6.063574e-03	2.647128e-01	-3.339779e-01	4.213312e-01	6.962353e-02	-1.650210e-01	
3.110420e-02	-2.431524e-02	-6.882886e-02	-5.217646e-01	1.000000e+00	-9.852013e-01	9.438127e-01	-6.838497e-01	2.984212e-01	1.038779e-01	-1.409666e-01	1.809426e-01	7.807652e-02	-8.239118e-02	1.283328e-02	3.582459e-02	-3.961476e-02	4.238951e-02	-5.192526e-05	-1.543262e-02	6.083454e-02	-6.778727e-02	7.395842e-02	-2.108951e-02	9.759973e-03	
-3.955047e-02	3.936864e-02	7.768397e-02	5.727170e-01	-9.852013e-01	1.000000e+00	-9.859972e-01	6.389437e-01	-2.373813e-01	-1.070080e-01	1.495379e-01	-1.959093e-01	-9.042628e-02	1.035921e-01	-1.952256e-02	-4.549528e-02	4.788516e-02	-4.899346e-02	9.497153e-03	9.205935e-03	-6.646805e-02	7.382649e-02	-8.027779e-02	1.970990e-02	-6.913805e-03	
3.866699e-02	-5.916500e-02	-7.652286e-02	-6.115196e-01	9.438127e-01	-9.859972e-01	1.000000e+00	-5.819864e-01	1.800708e-01	1.086599e-01	-1.542520e-01	2.041424e-01	9.242306e-02	-1.105395e-01	2.357342e-02	4.975094e-02	-5.081350e-02	5.071882e-02	-1.974954e-02	-9.501222e-04	6.606838e-02	-7.304319e-02	7.892052e-02	-2.009497e-02	7.906489e-03	
9.850304e-02	1.073637e-01	2.151257e-03	1.827224e-01	-6.838497e-01	6.389437e-01	-5.819864e-01	1.000000e+00	-8.811731e-01	7.771694e-02	-5.497174e-02	1.862536e-02	-7.784743e-02	-5.604865e-02	-2.795385e-02	1.780358e-02	-1.600419e-02	9.644528e-03	4.374787e-02	-4.839405e-02	-1.079236e-02	1.260372e-02	-1.591899e-02	3.751396e-02	-4.913480e-02	
-1.034432e-01	-9.424855e-02	1.916116e-02	9.177351e-02	2.984212e-01	-2.373813e-01	1.800708e-01	-8.811731e-01	1.000000e+00	-1.581710e-01	1.506473e-01	-1.271715e-01	6.040881e-02	1.285446e-01	2.840255e-02	-3.865717e-02	3.693947e-02	-3.050547e-02	-3.801520e-02	4.897093e-02	-1.688661e-02	1.611385e-02	-1.293742e-02	-2.803281e-02	4.542472e-02	
-3.340972e-02	8.718674e-02	-3.756823e-01	1.705649e-01	1.038779e-01	-1.070080e-01	1.086599e-01	7.771694e-02	-1.581710e-01	1.000000e+00	-9.838557e-01	9.160520e-01	-7.704283e-01	5.914859e-01	2.267864e-01	4.620651e-02	-4.649688e-02	4.398798e-02	2.947645e-03	-1.002268e-02	1.726448e-01	-2.149946e-01	2.690259e-01	2.484029e-02	-8.628377e-02	
4.176880e-02	-8.997801e-02	4.969986e-01	-2.312410e-01	-1.409666e-01	1.495379e-01	-1.542520e-01	-5.497174e-02	1.506473e-01	-9.838557e-01	1.000000e+00	-9.723028e-01	7.163953e-01	-5.295091e-01	-3.066115e-01	-5.396475e-02	5.469010e-02	-5.182126e-02	-7.590772e-03	1.855302e-02	-2.283461e-01	2.842967e-01	-3.553019e-01	-2.800949e-02	1.102143e-01	
-6.521004e-02	9.895578e-02	-6.430892e-01	3.110927e-01	1.809426e-01	-1.959093e-01	2.041424e-01	1.862536e-02	-1.271715e-01	9.160520e-01	-9.723028e-01	1.000000e+00	-5.990030e-01	4.103134e-01	4.033226e-01	6.463589e-02	-6.553567e-02	6.194833e-02	1.152724e-02	-2.792420e-02	2.977166e-01	-3.702061e-01	4.621502e-01	2.939978e-02	-1.376082e-01	
1.825786e-01	-1.860039e-01	-1.365798e-01	5.951156e-02	7.807652e-02	-9.042628e-02	9.242306e-02	-7.784743e-02	6.040881e-02	-7.704283e-01	7.163953e-01	-5.990030e-01	1.000000e+00	-9.509448e-01	7.995967e-02	3.915235e-02	-4.185587e-02	4.098617e-02	-5.232194e-03	-1.377303e-02	5.803722e-02	-6.601772e-02	7.219074e-02	2.571596e-02	-4.134467e-02	
-1.642566e-01	1.382424e-01	2.789711e-01	-1.173873e-01	-8.239118e-02	1.035921e-01	-1.105395e-01	-5.604865e-02	1.285446e-01	5.914859e-01	-5.295091e-01	4.103134e-01	-9.509448e-01	1.000000e+00	-1.549109e-01	-6.662911e-02	7.057877e-02	-6.910744e-02	-1.615486e-03	2.872520e-02	-1.253214e-01	1.497480e-01	-1.768136e-01	-4.030520e-02	8.348927e-02	
7.326717e-02	-2.310508e-01	-6.489849e-01	4.764234e-01	1.283328e-02	-1.952256e-02	2.357342e-02	-2.795385e-02	2.840255e-02	2.267864e-01	-3.066115e-01	4.033226e-01	7.995967e-02	-1.549109e-01	1.000000e+00	-4.916117e-01	5.625486e-01	-6.181645e-01	4.493011e-02	2.034311e-01	1.641178e-01	-2.092457e-01	2.713052e-01	1.999924e-02	-6.439626e-02	
5.686130e-02	4.865051e-02	-8.105653e-02	1.948341e-02	3.582459e-02	-4.549528e-02	4.975094e-02	1.780358e-02	-3.865717e-02	4.620651e-02	-5.396475e-02	6.463589e-02	3.915235e-02	-6.662911e-02	-4.916117e-01	1.000000e+00	-9.827402e-01	9.338039e-01	-6.030118e-01	2.477977e-01	2.269266e-01	-2.540811e-01	2.759554e-01	-2.629528e-02	-1.701382e-02	
-6.723014e-02	-4.785595e-02	8.290088e-02	-2.246270e-02	-3.961476e-02	4.788516e-02	-5.081350e-02	-1.600419e-02	3.693947e-02	-4.649688e-02	5.469010e-02	-6.553567e-02	-4.185587e-02	7.057877e-02	5.625486e-01	-9.827402e-01	1.000000e+00	-9.833903e-01	5.300092e-01	-1.584928e-01	-2.250778e-01	2.574181e-01	-2.854739e-01	4.049638e-03	4.724280e-02	
6.394982e-02	4.223404e-02	-7.564034e-02	2.198535e-02	4.238951e-02	-4.899346e-02	5.071882e-02	9.644528e-03	-3.050547e-02	4.398798e-02	-5.182126e-02	6.194833e-02	4.098617e-02	-6.910744e-02	-6.181645e-01	9.338039e-01	-9.833903e-01	1.000000e+00	-4.437751e-01	7.067265e-02	2.169139e-01	-2.527579e-01	2.854189e-01	1.151724e-02	-6.751600e-02	
5.130148e-02	1.223310e-01	-1.646893e-02	4.281082e-03	-5.192526e-05	9.497153e-03	-1.974954e-02	4.374787e-02	-3.801520e-02	2.947645e-03	-7.590772e-03	1.152724e-02	-5.232194e-03	-1.615486e-03	4.493011e-02	-6.030118e-01	5.300092e-01	-4.437751e-01	1.000000e+00	-9.086612e-01	-5.533457e-02	5.967059e-02	-6.060379e-02	1.067423e-01	-1.756623e-01	
-6.467176e-02	-1.365705e-01	4.107169e-02	-6.063574e-03	-1.543262e-02	9.205935e-03	-9.501222e-04	-4.839405e-02	4.897093e-02	-1.002268e-02	1.855302e-02	-2.792420e-02	-1.377303e-02	2.872520e-02	2.034311e-01	2.477977e-01	-1.584928e-01	7.067265e-02	-9.086612e-01	1.000000e+00	-3.671525e-02	4.415530e-02	-5.220409e-02	-1.136982e-01	2.232793e-01	
1.082304e-02	2.861335e-02	-4.271670e-01	2.647128e-01	6.083454e-02	-6.646805e-02	6.606838e-02	-1.079236e-02	-1.688661e-02	1.726448e-01	-2.283461e-01	2.977166e-01	5.803722e-02	-1.253214e-01	1.641178e-01	2.269266e-01	-2.250778e-01	2.169139e-01	-5.533457e-02	-3.671525e-02	1.000000e+00	-9.866064e-01	9.309062e-01	-7.573551e-01	5.940155e-01	
1.920792e-04	-4.044900e-02	5.262681e-01	-3.339779e-01	-6.778727e-02	7.382649e-02	-7.304319e-02	1.260372e-02	1.611385e-02	-2.149946e-01	2.842967e-01	-3.702061e-01	-6.601772e-02	1.497480e-01	-2.092457e-01	-2.540811e-01	2.574181e-01	-2.527579e-01	5.967059e-02	4.415530e-02	-9.866064e-01	1.000000e+00	-9.772545e-01	7.170478e-01	-5.442336e-01	
-3.025163e-02	6.539499e-02	-6.474823e-01	4.213312e-01	7.395842e-02	-8.027779e-02	7.892052e-02	-1.591899e-02	-1.293742e-02	2.690259e-01	-3.553019e-01	4.621502e-01	7.219074e-02	-1.768136e-01	2.713052e-01	2.759554e-01	-2.854739e-01	2.854189e-01	-6.060379e-02	-5.220409e-02	9.309062e-01	-9.772545e-01	1.000000e+00	-6.234709e-01	4.447540e-01	
1.502763e-01	-9.101329e-02	-7.817409e-02	6.962353e-02	-2.108951e-02	1.970990e-02	-2.009497e-02	3.751396e-02	-2.803281e-02	2.484029e-02	-2.800949e-02	2.939978e-02	2.571596e-02	-4.030520e-02	1.999924e-02	-2.629528e-02	4.049638e-03	1.151724e-02	1.067423e-01	-1.136982e-01	-7.573551e-01	7.170478e-01	-6.234709e-01	1.000000e+00	-9.632186e-01	
-1.314670e-01	4.712297e-02	2.268820e-01	-1.650210e-01	9.759973e-03	-6.913805e-03	7.906489e-03	-4.913480e-02	4.542472e-02	-8.628377e-02	1.102143e-01	-1.376082e-01	-4.134467e-02	8.348927e-02	-6.439626e-02	-1.701382e-02	4.724280e-02	-6.751600e-02	-1.756623e-01	2.232793e-01	5.940155e-01	-5.442336e-01	4.447540e-01	-9.632186e-01	1.000000e+00	

Time taken for mcmc chain: 17.916667 minutes
