Number of steps: 2360662
Number of accepted steps: 960000
Burn-in number of steps: 200000
Accepted fraction of steps: 0.406666
Convergence Status
R[0]= 1.009363	R[1]= 1.020760	R[2]= 1.044810	R[3]= 1.012535	R[4]= 1.016405	R[5]= 1.018541	R[6]= 1.021638	R[7]= 1.032246	R[8]= 1.023740	R[9]= 1.023412	R[10]= 1.029066	R[11]= 1.036722	R[12]= 1.026343	R[13]= 1.037875	R[14]= 1.001062	R[15]= 1.013397	R[16]= 1.021582	R[17]= 1.029327	R[18]= 1.003033	R[19]= 1.003938	R[20]= 1.034814	R[21]= 1.043384	R[22]= 1.054920	R[23]= 1.013425	R[24]= 1.010242	
<R>= 1.023303

Mean parameters
A[0]= 9.883784e-01 pm 3.241190e-02
A[1]= 1.061400e+00 pm 2.502847e-02
A[2]= 5.943445e-01 pm 3.772762e-01
A[3]= 3.842026e+00 pm 1.135131e+00
A[4]= -2.058560e+03 pm 4.032924e+03
A[5]= 1.200973e+03 pm 2.705010e+03
A[6]= 8.944502e+01 pm 6.500510e+02
A[7]= 2.331699e+00 pm 1.394249e+01
A[8]= -5.449723e-02 pm 1.898203e-01
A[9]= 7.228843e+03 pm 8.916475e+03
A[10]= -4.131805e+03 pm 5.473988e+03
A[11]= 5.417870e+02 pm 1.190908e+03
A[12]= -5.172622e+01 pm 5.022475e+01
A[13]= 9.658982e-01 pm 9.786494e-01
A[14]= 5.857470e+00 pm 1.718321e+00
A[15]= -7.909286e+03 pm 5.301908e+03
A[16]= 6.310120e+03 pm 3.491371e+03
A[17]= -1.310843e+03 pm 8.351903e+02
A[18]= 7.889828e+00 pm 1.996193e+01
A[19]= 1.072871e-01 pm 2.642570e-01
A[20]= 1.758623e+04 pm 1.274604e+04
A[21]= -9.325257e+03 pm 7.726217e+03
A[22]= 1.138885e+03 pm 1.656295e+03
A[23]= -1.136191e+02 pm 7.342164e+01
A[24]= 1.739706e+00 pm 1.424286e+00

Best-fitting parameters
A[0]= 9.766536e-01
A[1]= 1.076480e+00
A[2]= 4.907903e-01
A[3]= 4.041409e+00
A[4]= -9.404424e+02
A[5]= 7.755362e+02
A[6]= 1.094960e+02
A[7]= 8.130034e-01
A[8]= -4.444654e-02
A[9]= 6.118798e+03
A[10]= -3.772009e+03
A[11]= 6.006786e+02
A[12]= -4.733371e+01
A[13]= 9.819223e-01
A[14]= 5.225991e+00
A[15]= -5.381828e+03
A[16]= 4.317113e+03
A[17]= -7.985246e+02
A[18]= 3.470659e+00
A[19]= 1.108046e-01
A[20]= 2.929633e+04
A[21]= -1.599087e+04
A[22]= 2.452168e+03
A[23]= -1.613473e+02
A[24]= 2.504725e+00
chi2_min= 9.369505e+01


Cross-Covariance parameters
1.000000e+00	-5.058407e-01	-1.292204e-01	8.056342e-02	4.778052e-02	-3.925255e-02	2.286642e-02	4.380599e-02	-4.479032e-02	-1.180175e-02	1.941619e-02	-4.417739e-02	1.191575e-01	-9.247453e-02	9.829161e-02	1.790230e-02	-9.582477e-03	-5.243918e-03	8.680463e-02	-8.141149e-02	8.868433e-03	9.546916e-03	-4.843485e-02	1.439090e-01	-1.259479e-01	
-5.058407e-01	1.000000e+00	1.165281e-01	-1.230582e-01	-4.018026e-02	4.551930e-02	-5.580196e-02	1.372216e-01	-1.220704e-01	6.738048e-02	-6.896812e-02	7.637830e-02	-1.228276e-01	6.546502e-02	-1.703132e-01	3.656467e-02	-3.233536e-02	1.932327e-02	7.154940e-02	-7.459583e-02	8.823522e-04	-1.748868e-02	4.903135e-02	-8.014223e-02	5.506333e-02	
-1.292204e-01	1.165281e-01	1.000000e+00	-6.016512e-01	-1.310285e-01	1.428637e-01	-1.471415e-01	-3.857308e-03	7.443445e-02	-4.437823e-01	5.566410e-01	-6.844212e-01	-3.199510e-02	2.005947e-01	-7.048479e-01	6.918398e-03	9.313754e-03	-1.740197e-02	-4.148501e-02	4.736898e-02	-3.953932e-01	5.114490e-01	-6.532542e-01	-1.108212e-01	2.679054e-01	
8.056342e-02	-1.230582e-01	-6.016512e-01	1.000000e+00	-5.484137e-01	5.965474e-01	-6.301671e-01	2.216434e-01	7.743304e-02	1.642265e-01	-2.046419e-01	2.526141e-01	-1.145416e-02	-2.402059e-02	4.155011e-01	2.682326e-02	-3.867268e-02	4.705217e-02	-2.187066e-02	1.118572e-02	2.766876e-01	-3.457058e-01	4.286370e-01	2.101965e-02	-1.107153e-01	
4.778052e-02	-4.018026e-02	-1.310285e-01	-5.484137e-01	1.000000e+00	-9.856629e-01	9.462414e-01	-6.678356e-01	2.473893e-01	1.284787e-01	-1.843528e-01	2.484074e-01	7.270138e-02	-1.011526e-01	1.301031e-01	-4.348421e-02	4.920092e-02	-5.581843e-02	4.386783e-02	-2.938597e-02	-2.367377e-02	1.066034e-02	8.570649e-03	1.067816e-01	-1.269516e-01	
-3.925255e-02	4.551930e-02	1.428637e-01	5.965474e-01	-9.856629e-01	1.000000e+00	-9.868298e-01	6.251980e-01	-1.865859e-01	-1.527749e-01	2.126411e-01	-2.809328e-01	-7.062032e-02	1.157409e-01	-1.389677e-01	4.180630e-02	-4.698530e-02	5.329863e-02	-4.336362e-02	3.067376e-02	1.974102e-02	-4.601089e-03	-1.758220e-02	-1.083557e-01	1.301009e-01	
2.286642e-02	-5.580196e-02	-1.471415e-01	-6.301671e-01	9.462414e-01	-9.868298e-01	1.000000e+00	-5.692482e-01	1.280952e-01	1.746720e-01	-2.365651e-01	3.066375e-01	5.897310e-02	-1.169488e-01	1.437175e-01	-4.096566e-02	4.573278e-02	-5.156081e-02	4.006119e-02	-2.864493e-02	-1.567158e-02	-3.081953e-04	2.372823e-02	1.051955e-01	-1.276162e-01	
4.380599e-02	1.372216e-01	-3.857308e-03	2.216434e-01	-6.678356e-01	6.251980e-01	-5.692482e-01	1.000000e+00	-8.662742e-01	6.765156e-02	-3.517099e-02	-1.041289e-02	-1.999806e-02	-1.303368e-01	-3.446571e-02	3.099729e-02	-3.519073e-02	3.620612e-02	5.692485e-03	-1.040292e-02	6.856750e-02	-7.184848e-02	7.089292e-02	-6.947617e-02	6.162779e-02	
-4.479032e-02	-1.220704e-01	7.443445e-02	7.743304e-02	2.473893e-01	-1.865859e-01	1.280952e-01	-8.662742e-01	1.000000e+00	-1.696012e-01	1.618758e-01	-1.423681e-01	-1.414165e-02	2.415105e-01	-3.566063e-02	-8.834860e-03	1.154383e-02	-1.073290e-02	-1.831789e-02	1.630823e-02	-5.792623e-02	7.085688e-02	-8.377070e-02	2.195289e-02	-4.237596e-03	
-1.180175e-02	6.738048e-02	-4.437823e-01	1.642265e-01	1.284787e-01	-1.527749e-01	1.746720e-01	6.765156e-02	-1.696012e-01	1.000000e+00	-9.831035e-01	9.166234e-01	-7.628234e-01	5.476689e-01	3.413928e-01	-3.423182e-02	3.650043e-02	-4.013252e-02	6.982689e-02	-4.960291e-02	1.580844e-01	-2.110020e-01	2.805637e-01	7.527867e-02	-1.466386e-01	
1.941619e-02	-6.896812e-02	5.566410e-01	-2.046419e-01	-1.843528e-01	2.126411e-01	-2.365651e-01	-3.517099e-02	1.618758e-01	-9.831035e-01	1.000000e+00	-9.735147e-01	7.177037e-01	-4.950936e-01	-4.197404e-01	3.276965e-02	-3.286481e-02	3.569934e-02	-7.047539e-02	5.300989e-02	-2.012651e-01	2.678493e-01	-3.547144e-01	-8.929067e-02	1.796771e-01	
-4.417739e-02	7.637830e-02	-6.844212e-01	2.526141e-01	2.484074e-01	-2.809328e-01	3.066375e-01	-1.041289e-02	-1.423681e-01	9.166234e-01	-9.735147e-01	1.000000e+00	-6.109987e-01	3.881896e-01	5.079636e-01	-3.109923e-02	2.816497e-02	-2.947189e-02	6.684366e-02	-5.295679e-02	2.514013e-01	-3.343396e-01	4.419158e-01	1.006976e-01	-2.131264e-01	
1.191575e-01	-1.228276e-01	-3.199510e-02	-1.145416e-02	7.270138e-02	-7.062032e-02	5.897310e-02	-1.999806e-02	-1.414165e-02	-7.628234e-01	7.177037e-01	-6.109987e-01	1.000000e+00	-9.384886e-01	2.344057e-03	4.007503e-02	-4.554570e-02	4.742196e-02	-5.729327e-02	3.787944e-02	1.259368e-02	-1.529619e-02	1.420151e-02	2.317402e-03	-2.923354e-03	
-9.247453e-02	6.546502e-02	2.005947e-01	-2.402059e-02	-1.011526e-01	1.157409e-01	-1.169488e-01	-1.303368e-01	2.415105e-01	5.476689e-01	-4.950936e-01	3.881896e-01	-9.384886e-01	1.000000e+00	-1.227949e-01	-3.931057e-02	4.662866e-02	-4.826664e-02	5.158946e-02	-3.375815e-02	-7.892364e-02	1.042010e-01	-1.324024e-01	-2.024272e-02	5.015537e-02	
9.829161e-02	-1.703132e-01	-7.048479e-01	4.155011e-01	1.301031e-01	-1.389677e-01	1.437175e-01	-3.446571e-02	-3.566063e-02	3.413928e-01	-4.197404e-01	5.079636e-01	2.344057e-03	-1.227949e-01	1.000000e+00	-5.081110e-01	5.730040e-01	-6.191170e-01	1.352793e-01	1.214921e-01	1.955416e-01	-2.489802e-01	3.202622e-01	5.373757e-02	-1.170383e-01	
1.790230e-02	3.656467e-02	6.918398e-03	2.682326e-02	-4.348421e-02	4.180630e-02	-4.096566e-02	3.099729e-02	-8.834860e-03	-3.423182e-02	3.276965e-02	-3.109923e-02	4.007503e-02	-3.931057e-02	-5.081110e-01	1.000000e+00	-9.785131e-01	9.178030e-01	-6.564035e-01	3.014452e-01	1.457591e-01	-1.773703e-01	2.045515e-01	-2.969014e-02	1.258399e-03	
-9.582477e-03	-3.233536e-02	9.313754e-03	-3.867268e-02	4.920092e-02	-4.698530e-02	4.573278e-02	-3.519073e-02	1.154383e-02	3.650043e-02	-3.286481e-02	2.816497e-02	-4.554570e-02	4.662866e-02	5.730040e-01	-9.785131e-01	1.000000e+00	-9.793930e-01	5.950476e-01	-2.177839e-01	-1.552728e-01	1.958796e-01	-2.339523e-01	1.362260e-02	2.664915e-02	
-5.243918e-03	1.932327e-02	-1.740197e-02	4.705217e-02	-5.581843e-02	5.329863e-02	-5.156081e-02	3.620612e-02	-1.073290e-02	-4.013252e-02	3.569934e-02	-2.947189e-02	4.742196e-02	-4.826664e-02	-6.191170e-01	9.178030e-01	-9.793930e-01	1.000000e+00	-5.100265e-01	1.282725e-01	1.590053e-01	-2.058238e-01	2.518677e-01	-3.394640e-03	-4.538660e-02	
8.680463e-02	7.154940e-02	-4.148501e-02	-2.187066e-02	4.386783e-02	-4.336362e-02	4.006119e-02	5.692485e-03	-1.831789e-02	6.982689e-02	-7.047539e-02	6.684366e-02	-5.729327e-02	5.158946e-02	1.352793e-01	-6.564035e-01	5.950476e-01	-5.100265e-01	1.000000e+00	-9.003900e-01	-2.683789e-02	3.789117e-02	-4.885823e-02	1.031215e-01	-1.733272e-01	
-8.141149e-02	-7.459583e-02	4.736898e-02	1.118572e-02	-2.938597e-02	3.067376e-02	-2.864493e-02	-1.040292e-02	1.630823e-02	-4.960291e-02	5.300989e-02	-5.295679e-02	3.787944e-02	-3.375815e-02	1.214921e-01	3.014452e-01	-2.177839e-01	1.282725e-01	-9.003900e-01	1.000000e+00	-3.457983e-02	4.143198e-02	-4.681426e-02	-1.188237e-01	2.288105e-01	
8.868433e-03	8.823522e-04	-3.953932e-01	2.766876e-01	-2.367377e-02	1.974102e-02	-1.567158e-02	6.856750e-02	-5.792623e-02	1.580844e-01	-2.012651e-01	2.514013e-01	1.259368e-02	-7.892364e-02	1.955416e-01	1.457591e-01	-1.552728e-01	1.590053e-01	-2.683789e-02	-3.457983e-02	1.000000e+00	-9.831716e-01	9.120015e-01	-7.662440e-01	6.007088e-01	
9.546916e-03	-1.748868e-02	5.114490e-01	-3.457058e-01	1.066034e-02	-4.601089e-03	-3.081953e-04	-7.184848e-02	7.085688e-02	-2.110020e-01	2.678493e-01	-3.343396e-01	-1.529619e-02	1.042010e-01	-2.489802e-01	-1.773703e-01	1.958796e-01	-2.058238e-01	3.789117e-02	4.143198e-02	-9.831716e-01	1.000000e+00	-9.707233e-01	7.152243e-01	-5.367361e-01	
-4.843485e-02	4.903135e-02	-6.532542e-01	4.286370e-01	8.570649e-03	-1.758220e-02	2.372823e-02	7.089292e-02	-8.377070e-02	2.805637e-01	-3.547144e-01	4.419158e-01	1.420151e-02	-1.324024e-01	3.202622e-01	2.045515e-01	-2.339523e-01	2.518677e-01	-4.885823e-02	-4.681426e-02	9.120015e-01	-9.707233e-01	1.000000e+00	-5.976067e-01	4.105451e-01	
1.439090e-01	-8.014223e-02	-1.108212e-01	2.101965e-02	1.067816e-01	-1.083557e-01	1.051955e-01	-6.947617e-02	2.195289e-02	7.527867e-02	-8.929067e-02	1.006976e-01	2.317402e-03	-2.024272e-02	5.373757e-02	-2.969014e-02	1.362260e-02	-3.394640e-03	1.031215e-01	-1.188237e-01	-7.662440e-01	7.152243e-01	-5.976067e-01	1.000000e+00	-9.627455e-01	
-1.259479e-01	5.506333e-02	2.679054e-01	-1.107153e-01	-1.269516e-01	1.301009e-01	-1.276162e-01	6.162779e-02	-4.237596e-03	-1.466386e-01	1.796771e-01	-2.131264e-01	-2.923354e-03	5.015537e-02	-1.170383e-01	1.258399e-03	2.664915e-02	-4.538660e-02	-1.733272e-01	2.288105e-01	6.007088e-01	-5.367361e-01	4.105451e-01	-9.627455e-01	1.000000e+00	

Time taken for mcmc chain: 14.266667 minutes
