Number of steps: 2281126
Number of accepted steps: 960000
Burn-in number of steps: 200000
Accepted fraction of steps: 0.420845
Convergence Status
R[0]= 1.004043	R[1]= 1.014991	R[2]= 1.034683	R[3]= 1.053099	R[4]= 1.023694	R[5]= 1.027599	R[6]= 1.029421	R[7]= 1.002385	R[8]= 1.001413	R[9]= 1.001730	R[10]= 1.001260	R[11]= 1.001456	R[12]= 1.011777	R[13]= 1.012017	R[14]= 1.034601	R[15]= 1.029543	R[16]= 1.028636	R[17]= 1.027204	R[18]= 1.004583	R[19]= 1.006440	R[20]= 1.027570	R[21]= 1.031030	R[22]= 1.034113	R[23]= 1.009310	R[24]= 1.008639	
<R>= 1.018449

Mean parameters
A[0]= 8.929040e-01 pm 3.395391e-02
A[1]= 1.004807e+00 pm 2.878614e-02
A[2]= 6.038585e-01 pm 3.827488e-01
A[3]= 3.627918e+00 pm 1.178148e+00
A[4]= -2.865163e+03 pm 3.402675e+03
A[5]= 1.413103e+03 pm 2.226972e+03
A[6]= 6.637557e+01 pm 5.173503e+02
A[7]= 1.256649e+01 pm 1.231170e+01
A[8]= -2.148301e-01 pm 1.821973e-01
A[9]= -2.881345e+03 pm 7.811877e+03
A[10]= 1.110994e+03 pm 4.649097e+03
A[11]= -3.274300e+02 pm 9.654845e+02
A[12]= 1.130433e+01 pm 4.396816e+01
A[13]= -3.147321e-01 pm 8.618388e-01
A[14]= 5.223353e+00 pm 1.524754e+00
A[15]= -9.335301e+03 pm 4.857751e+03
A[16]= 6.126473e+03 pm 3.191897e+03
A[17]= -1.047752e+03 pm 7.423417e+02
A[18]= 1.302404e+01 pm 1.793918e+01
A[19]= -1.288826e-02 pm 2.576736e-01
A[20]= -2.581204e+03 pm 1.096086e+04
A[21]= 1.180040e+03 pm 6.625579e+03
A[22]= -5.516235e+02 pm 1.388307e+03
A[23]= 3.235816e+00 pm 6.365024e+01
A[24]= -3.435107e-01 pm 1.252007e+00

Best-fitting parameters
A[0]= 9.116759e-01
A[1]= 9.801299e-01
A[2]= 1.130192e+00
A[3]= 2.710918e+00
A[4]= -2.344332e+03
A[5]= 1.238997e+03
A[6]= 7.202714e+01
A[7]= 8.244944e+00
A[8]= -1.726183e-01
A[9]= -5.908010e+03
A[10]= 4.114337e+03
A[11]= -1.244504e+03
A[12]= -2.492871e+00
A[13]= 2.692513e-01
A[14]= 3.796976e+00
A[15]= -7.762424e+03
A[16]= 5.248600e+03
A[17]= -8.587012e+02
A[18]= -1.741469e+00
A[19]= 1.773575e-01
A[20]= -1.290541e+04
A[21]= 8.391310e+03
A[22]= -2.295957e+03
A[23]= 1.781246e+01
A[24]= -2.986032e-01
chi2_min= 9.995190e+01


Cross-Covariance parameters
1.000000e+00	-5.031744e-01	-9.385183e-02	9.169520e-02	-3.976641e-02	4.755963e-02	-6.078988e-02	5.854117e-02	-5.275962e-03	-5.785978e-02	8.146730e-02	-1.236527e-01	1.197041e-01	-6.439468e-02	1.050420e-01	-1.857546e-02	2.958400e-02	-4.612306e-02	3.699895e-02	8.176637e-03	-2.965928e-02	5.179900e-02	-9.742153e-02	8.231925e-02	-3.373821e-02	
-5.031744e-01	1.000000e+00	1.833350e-01	-2.708058e-01	4.041284e-02	-5.242831e-02	5.246628e-02	1.756503e-01	-1.954508e-01	5.188852e-02	-5.786311e-02	7.202214e-02	-1.092250e-01	3.574375e-02	-2.549387e-01	1.827591e-02	-1.641282e-02	8.094231e-03	1.438791e-01	-1.457053e-01	2.527290e-02	-3.072318e-02	4.919884e-02	-9.923798e-02	5.395034e-02	
-9.385183e-02	1.833350e-01	1.000000e+00	-6.720501e-01	-3.145252e-02	3.899823e-02	-4.037735e-02	-4.250109e-03	-7.007405e-03	-4.004718e-01	5.142871e-01	-6.443670e-01	-1.275718e-01	2.504702e-01	-6.006592e-01	-1.949848e-01	2.107183e-01	-2.144056e-01	-3.348896e-02	9.515142e-02	-4.168070e-01	5.242066e-01	-6.513935e-01	-2.138730e-01	3.513803e-01	
9.169520e-02	-2.708058e-01	-6.720501e-01	1.000000e+00	-5.189541e-01	5.802371e-01	-6.228596e-01	-1.769337e-02	2.719770e-01	1.929678e-01	-2.439710e-01	3.085493e-01	2.124540e-02	-3.039149e-02	4.648066e-01	1.044549e-01	-1.149906e-01	1.191180e-01	-2.770286e-04	-3.792314e-02	2.499860e-01	-3.201257e-01	4.051744e-01	1.846571e-01	-2.651409e-01	
-3.976641e-02	4.041284e-02	-3.145252e-02	-5.189541e-01	1.000000e+00	-9.830192e-01	9.374719e-01	-5.213844e-01	1.487226e-01	7.826020e-02	-1.184730e-01	1.597705e-01	9.394608e-02	-1.005038e-01	-1.787049e-02	3.447351e-02	-3.436195e-02	3.377862e-02	9.816604e-03	-2.227200e-02	3.966101e-02	-4.647240e-02	5.154878e-02	-3.046825e-02	1.410145e-02	
4.755963e-02	-5.242831e-02	3.899823e-02	5.802371e-01	-9.830192e-01	1.000000e+00	-9.849076e-01	4.454680e-01	-6.222276e-02	-8.802752e-02	1.333857e-01	-1.802572e-01	-1.115967e-01	1.367342e-01	1.573266e-02	-3.652730e-02	3.666822e-02	-3.631808e-02	-6.956434e-03	1.942260e-02	-4.187860e-02	4.988980e-02	-5.677738e-02	2.872794e-02	-1.023381e-02	
-6.078988e-02	5.246628e-02	-4.037735e-02	-6.228596e-01	9.374719e-01	-9.849076e-01	1.000000e+00	-3.653624e-01	-1.341888e-02	9.794103e-02	-1.457749e-01	1.952103e-01	1.172552e-01	-1.568392e-01	-1.468783e-02	3.690322e-02	-3.728985e-02	3.752678e-02	-4.459926e-04	-1.214819e-02	4.090513e-02	-4.934276e-02	5.719697e-02	-2.834981e-02	9.249597e-03	
5.854117e-02	1.756503e-01	-4.250109e-03	-1.769337e-02	-5.213844e-01	4.454680e-01	-3.653624e-01	1.000000e+00	-9.031987e-01	1.096027e-01	-9.791469e-02	7.491443e-02	-3.671190e-02	-1.499984e-01	-3.252643e-02	1.358823e-02	-1.078670e-02	3.720059e-03	3.198623e-02	-2.373256e-02	2.551346e-02	-2.388830e-02	2.134449e-02	-1.147098e-02	7.285585e-03	
-5.275962e-03	-1.954508e-01	-7.007405e-03	2.719770e-01	1.487226e-01	-6.222276e-02	-1.341888e-02	-9.031987e-01	1.000000e+00	-1.492225e-01	1.537634e-01	-1.458552e-01	6.251736e-03	2.213355e-01	5.046889e-02	-1.896236e-02	1.591540e-02	-9.203875e-03	-2.969827e-02	2.473070e-02	-3.175093e-02	3.032387e-02	-2.765232e-02	3.002869e-02	-2.169450e-02	
-5.785978e-02	5.188852e-02	-4.004718e-01	1.929678e-01	7.826020e-02	-8.802752e-02	9.794103e-02	1.096027e-01	-1.492225e-01	1.000000e+00	-9.832748e-01	9.176245e-01	-7.292779e-01	5.317191e-01	2.422473e-01	6.694269e-02	-6.890066e-02	6.742656e-02	2.403633e-02	-3.906162e-02	1.496443e-01	-2.002100e-01	2.624577e-01	9.609576e-02	-1.592839e-01	
8.146730e-02	-5.786311e-02	5.142871e-01	-2.439710e-01	-1.184730e-01	1.333857e-01	-1.457749e-01	-9.791469e-02	1.537634e-01	-9.832748e-01	1.000000e+00	-9.739181e-01	6.800834e-01	-4.762220e-01	-3.080350e-01	-9.356627e-02	9.762424e-02	-9.652912e-02	-2.439595e-02	4.999566e-02	-2.048382e-01	2.686062e-01	-3.469726e-01	-1.139445e-01	1.958653e-01	
-1.236527e-01	7.202214e-02	-6.443670e-01	3.085493e-01	1.597705e-01	-1.802572e-01	1.952103e-01	7.491443e-02	-1.458552e-01	9.176245e-01	-9.739181e-01	1.000000e+00	-5.743304e-01	3.726556e-01	3.801413e-01	1.267346e-01	-1.338278e-01	1.338329e-01	2.558802e-02	-6.495097e-02	2.696559e-01	-3.489182e-01	4.467081e-01	1.345183e-01	-2.391315e-01	
1.197041e-01	-1.092250e-01	-1.275718e-01	2.124540e-02	9.394608e-02	-1.115967e-01	1.172552e-01	-3.671190e-02	6.251736e-03	-7.292779e-01	6.800834e-01	-5.743304e-01	1.000000e+00	-9.425749e-01	6.572610e-02	4.061537e-02	-4.595185e-02	4.859902e-02	1.274327e-02	-2.762562e-02	7.565386e-02	-8.348201e-02	8.977942e-02	1.671480e-02	-3.319245e-02	
-6.439468e-02	3.574375e-02	2.504702e-01	-3.039149e-02	-1.005038e-01	1.367342e-01	-1.568392e-01	-1.499984e-01	2.213355e-01	5.317191e-01	-4.762220e-01	3.726556e-01	-9.425749e-01	1.000000e+00	-1.272744e-01	-6.786871e-02	7.473247e-02	-7.703444e-02	-2.555496e-02	4.797855e-02	-1.397844e-01	1.639226e-01	-1.903682e-01	-3.011955e-02	7.166733e-02	
1.050420e-01	-2.549387e-01	-6.006592e-01	4.648066e-01	-1.787049e-02	1.573266e-02	-1.468783e-02	-3.252643e-02	5.046889e-02	2.422473e-01	-3.080350e-01	3.801413e-01	6.572610e-02	-1.272744e-01	1.000000e+00	-4.535443e-01	5.126969e-01	-5.579735e-01	-6.048977e-02	2.751131e-01	1.559241e-01	-1.969939e-01	2.497388e-01	3.772653e-02	-6.288356e-02	
-1.857546e-02	1.827591e-02	-1.949848e-01	1.044549e-01	3.447351e-02	-3.652730e-02	3.690322e-02	1.358823e-02	-1.896236e-02	6.694269e-02	-9.356627e-02	1.267346e-01	4.061537e-02	-6.786871e-02	-4.535443e-01	1.000000e+00	-9.836622e-01	9.380869e-01	-4.612172e-01	9.786509e-02	2.343718e-01	-2.805379e-01	3.258438e-01	6.804051e-02	-1.262128e-01	
2.958400e-02	-1.641282e-02	2.107183e-01	-1.149906e-01	-3.436195e-02	3.666822e-02	-3.728985e-02	-1.078670e-02	1.591540e-02	-6.890066e-02	9.762424e-02	-1.338278e-01	-4.595185e-02	7.473247e-02	5.126969e-01	-9.836622e-01	1.000000e+00	-9.846295e-01	3.801973e-01	-8.078994e-03	-2.414705e-01	2.932601e-01	-3.455179e-01	-9.764455e-02	1.674817e-01	
-4.612306e-02	8.094231e-03	-2.144056e-01	1.191180e-01	3.377862e-02	-3.631808e-02	3.752678e-02	3.720059e-03	-9.203875e-03	6.742656e-02	-9.652912e-02	1.338329e-01	4.859902e-02	-7.703444e-02	-5.579735e-01	9.380869e-01	-9.846295e-01	1.000000e+00	-2.931789e-01	-7.374922e-02	2.395329e-01	-2.948807e-01	3.521345e-01	1.201827e-01	-1.974717e-01	
3.699895e-02	1.438791e-01	-3.348896e-02	-2.770286e-04	9.816604e-03	-6.956434e-03	-4.459926e-04	3.198623e-02	-2.969827e-02	2.403633e-02	-2.439595e-02	2.558802e-02	1.274327e-02	-2.555496e-02	-6.048977e-02	-4.612172e-01	3.801973e-01	-2.931789e-01	1.000000e+00	-9.129763e-01	-2.166975e-02	1.830251e-02	-1.039605e-02	1.175714e-01	-1.968586e-01	
8.176637e-03	-1.457053e-01	9.515142e-02	-3.792314e-02	-2.227200e-02	1.942260e-02	-1.214819e-02	-2.373256e-02	2.473070e-02	-3.906162e-02	4.999566e-02	-6.495097e-02	-2.762562e-02	4.797855e-02	2.751131e-01	9.786509e-02	-8.078994e-03	-7.374922e-02	-9.129763e-01	1.000000e+00	-6.747150e-02	8.897611e-02	-1.143913e-01	-1.556214e-01	2.750417e-01	
-2.965928e-02	2.527290e-02	-4.168070e-01	2.499860e-01	3.966101e-02	-4.187860e-02	4.090513e-02	2.551346e-02	-3.175093e-02	1.496443e-01	-2.048382e-01	2.696559e-01	7.565386e-02	-1.397844e-01	1.559241e-01	2.343718e-01	-2.414705e-01	2.395329e-01	-2.166975e-02	-6.747150e-02	1.000000e+00	-9.853966e-01	9.261537e-01	-6.828466e-01	5.062637e-01	
5.179900e-02	-3.072318e-02	5.242066e-01	-3.201257e-01	-4.647240e-02	4.988980e-02	-4.934276e-02	-2.388830e-02	3.032387e-02	-2.002100e-01	2.686062e-01	-3.489182e-01	-8.348201e-02	1.639226e-01	-1.969939e-01	-2.805379e-01	2.932601e-01	-2.948807e-01	1.830251e-02	8.897611e-02	-9.853966e-01	1.000000e+00	-9.760271e-01	6.197946e-01	-4.339249e-01	
-9.742153e-02	4.919884e-02	-6.513935e-01	4.051744e-01	5.154878e-02	-5.677738e-02	5.719697e-02	2.134449e-02	-2.765232e-02	2.624577e-01	-3.469726e-01	4.467081e-01	8.977942e-02	-1.903682e-01	2.497388e-01	3.258438e-01	-3.455179e-01	3.521345e-01	-1.039605e-02	-1.143913e-01	9.261537e-01	-9.760271e-01	1.000000e+00	-4.984314e-01	3.077076e-01	
8.231925e-02	-9.923798e-02	-2.138730e-01	1.846571e-01	-3.046825e-02	2.872794e-02	-2.834981e-02	-1.147098e-02	3.002869e-02	9.609576e-02	-1.139445e-01	1.345183e-01	1.671480e-02	-3.011955e-02	3.772653e-02	6.804051e-02	-9.764455e-02	1.201827e-01	1.175714e-01	-1.556214e-01	-6.828466e-01	6.197946e-01	-4.984314e-01	1.000000e+00	-9.636039e-01	
-3.373821e-02	5.395034e-02	3.513803e-01	-2.651409e-01	1.410145e-02	-1.023381e-02	9.249597e-03	7.285585e-03	-2.169450e-02	-1.592839e-01	1.958653e-01	-2.391315e-01	-3.319245e-02	7.166733e-02	-6.288356e-02	-1.262128e-01	1.674817e-01	-1.974717e-01	-1.968586e-01	2.750417e-01	5.062637e-01	-4.339249e-01	3.077076e-01	-9.636039e-01	1.000000e+00	

Time taken for mcmc chain: 20.250000 minutes
