Number of steps: 2356196
Number of accepted steps: 960000
Burn-in number of steps: 200000
Accepted fraction of steps: 0.407436
Convergence Status
R[0]= 1.007271	R[1]= 1.017924	R[2]= 1.005950	R[3]= 1.007359	R[4]= 1.000900	R[5]= 1.000687	R[6]= 1.001210	R[7]= 1.002770	R[8]= 1.008377	R[9]= 1.011586	R[10]= 1.009777	R[11]= 1.006807	R[12]= 1.008899	R[13]= 1.005097	R[14]= 1.006471	R[15]= 1.006637	R[16]= 1.010997	R[17]= 1.015301	R[18]= 1.001269	R[19]= 1.003008	R[20]= 1.011589	R[21]= 1.009472	R[22]= 1.006475	R[23]= 1.009594	R[24]= 1.010384	
<R>= 1.007432

Mean parameters
A[0]= 9.622844e-01 pm 3.235679e-02
A[1]= 1.053373e+00 pm 2.474362e-02
A[2]= 5.578524e-01 pm 3.599349e-01
A[3]= 4.208668e+00 pm 1.183623e+00
A[4]= -4.899248e+03 pm 3.948599e+03
A[5]= 2.687118e+03 pm 2.620694e+03
A[6]= -1.967148e+02 pm 6.210752e+02
A[7]= 7.059507e+00 pm 1.356003e+01
A[8]= -6.607813e-02 pm 1.831565e-01
A[9]= 5.413654e+00 pm 8.890872e+03
A[10]= -5.730155e+02 pm 5.329077e+03
A[11]= -1.777497e+01 pm 1.116856e+03
A[12]= -2.056244e+01 pm 5.075337e+01
A[13]= 4.820300e-01 pm 9.765098e-01
A[14]= 5.840675e+00 pm 1.629787e+00
A[15]= -6.934728e+03 pm 5.222033e+03
A[16]= 5.568910e+03 pm 3.378354e+03
A[17]= -1.134631e+03 pm 7.879451e+02
A[18]= 2.455614e+00 pm 2.016237e+01
A[19]= 1.578843e-01 pm 2.663154e-01
A[20]= 5.967244e+03 pm 1.224145e+04
A[21]= -2.948500e+03 pm 7.344066e+03
A[22]= 6.286717e+01 pm 1.535871e+03
A[23]= -3.545527e+01 pm 6.855568e+01
A[24]= 3.731992e-01 pm 1.309786e+00

Best-fitting parameters
A[0]= 9.481137e-01
A[1]= 1.060242e+00
A[2]= 5.076766e-01
A[3]= 3.991309e+00
A[4]= -3.383042e+03
A[5]= 1.832703e+03
A[6]= -4.478610e+01
A[7]= 9.146083e+00
A[8]= -1.525209e-01
A[9]= 1.800362e+03
A[10]= -1.778117e+03
A[11]= 2.727737e+02
A[12]= -2.895965e+01
A[13]= 4.835697e-01
A[14]= 6.178638e+00
A[15]= -7.154718e+03
A[16]= 5.800776e+03
A[17]= -1.207134e+03
A[18]= -5.796370e+00
A[19]= 2.744307e-01
A[20]= 6.292923e+03
A[21]= -3.208527e+03
A[22]= 1.678582e+02
A[23]= -4.527191e+01
A[24]= 5.481837e-01
chi2_min= 1.103562e+02


Cross-Covariance parameters
1.000000e+00	-5.021022e-01	-2.552784e-01	1.380003e-01	5.050473e-02	-5.053842e-02	3.963801e-02	6.716642e-02	-7.746067e-02	1.721721e-02	-2.567665e-02	1.951258e-02	1.496174e-01	-1.472377e-01	1.377488e-01	3.282707e-02	-3.879335e-02	3.502740e-02	8.376584e-02	-8.201699e-02	1.148769e-02	-1.685799e-02	7.607685e-03	1.765118e-01	-1.659944e-01	
-5.021022e-01	1.000000e+00	2.343833e-01	-2.294511e-01	-1.442133e-02	1.809939e-02	-2.683755e-02	8.987101e-02	-8.497662e-02	1.003481e-02	-1.357473e-03	-3.023898e-03	-1.285986e-01	1.022028e-01	-2.622644e-01	1.304201e-02	-9.627396e-03	-1.339804e-04	1.371081e-01	-1.434054e-01	-2.634580e-02	2.563050e-02	-1.622442e-02	-8.694623e-02	5.210874e-02	
-2.552784e-01	2.343833e-01	1.000000e+00	-6.548165e-01	-8.033236e-02	9.055986e-02	-9.214711e-02	-4.626520e-02	8.778030e-02	-3.881641e-01	5.035509e-01	-6.439159e-01	-1.430184e-01	2.976970e-01	-7.001756e-01	-5.047462e-02	4.968468e-02	-3.838330e-02	1.229787e-02	-1.398945e-02	-4.278016e-01	5.283504e-01	-6.496368e-01	-7.705090e-02	2.272371e-01	
1.380003e-01	-2.294511e-01	-6.548165e-01	1.000000e+00	-5.345592e-01	5.847016e-01	-6.204292e-01	2.275241e-01	6.565229e-02	1.844110e-01	-2.326871e-01	2.958505e-01	4.574011e-02	-9.855325e-02	4.834252e-01	5.406341e-02	-5.209814e-02	4.428924e-02	-6.964651e-02	6.459838e-02	3.576004e-01	-4.175318e-01	4.867278e-01	-2.147931e-02	-8.121291e-02	
5.050473e-02	-1.442133e-02	-8.033236e-02	-5.345592e-01	1.000000e+00	-9.850212e-01	9.436085e-01	-6.707642e-01	2.538909e-01	9.912749e-02	-1.478448e-01	2.040657e-01	7.361323e-02	-8.597704e-02	5.429314e-02	8.030021e-04	1.407384e-03	-4.843892e-03	1.580856e-02	-1.076644e-02	-4.514725e-02	3.047356e-02	-9.076719e-03	8.390195e-02	-8.661905e-02	
-5.053842e-02	1.809939e-02	9.055986e-02	5.847016e-01	-9.850212e-01	1.000000e+00	-9.861140e-01	6.281888e-01	-1.943710e-01	-1.053822e-01	1.592245e-01	-2.218262e-01	-8.795999e-02	1.113120e-01	-6.031311e-02	1.972403e-03	-3.200090e-03	5.685924e-03	-2.327397e-02	1.924893e-02	4.517384e-02	-2.901096e-02	5.553342e-03	-9.063717e-02	9.572971e-02	
3.963801e-02	-2.683755e-02	-9.214711e-02	-6.204292e-01	9.436085e-01	-9.861140e-01	1.000000e+00	-5.736611e-01	1.390258e-01	1.118339e-01	-1.684557e-01	2.344938e-01	9.041090e-02	-1.214736e-01	6.398304e-02	-8.058806e-03	8.325623e-03	-9.444415e-03	2.839875e-02	-2.435749e-02	-4.783378e-02	3.114013e-02	-6.680677e-03	9.429752e-02	-1.002593e-01	
6.716642e-02	8.987101e-02	-4.626520e-02	2.275241e-01	-6.707642e-01	6.281888e-01	-5.736611e-01	1.000000e+00	-8.676246e-01	9.532177e-02	-7.069546e-02	3.097917e-02	-4.641673e-02	-1.049635e-01	-4.605378e-03	3.496890e-02	-3.447001e-02	3.020545e-02	2.294214e-02	-3.416821e-02	5.316141e-02	-5.573138e-02	5.612176e-02	-1.686886e-02	2.957939e-03	
-7.746067e-02	-8.497662e-02	8.778030e-02	6.565229e-02	2.538909e-01	-1.943710e-01	1.390258e-01	-8.676246e-01	1.000000e+00	-1.794682e-01	1.777470e-01	-1.606951e-01	2.176450e-02	1.930662e-01	-1.233944e-02	-4.564039e-02	4.537101e-02	-4.071260e-02	-2.837089e-02	4.338495e-02	-3.372617e-02	4.474682e-02	-5.691921e-02	-2.164425e-02	3.822797e-02	
1.721721e-02	1.003481e-02	-3.881641e-01	1.844110e-01	9.912749e-02	-1.053822e-01	1.118339e-01	9.532177e-02	-1.794682e-01	1.000000e+00	-9.840334e-01	9.170658e-01	-7.540663e-01	5.560703e-01	2.595333e-01	5.197354e-02	-4.844183e-02	4.022163e-02	-2.597964e-02	2.464632e-02	2.081275e-01	-2.506051e-01	3.021369e-01	-1.733799e-02	-5.162935e-02	
-2.567665e-02	-1.357473e-03	5.035509e-01	-2.326871e-01	-1.478448e-01	1.592245e-01	-1.684557e-01	-7.069546e-02	1.777470e-01	-9.840334e-01	1.000000e+00	-9.726145e-01	7.012584e-01	-4.952783e-01	-3.385304e-01	-6.099207e-02	5.784779e-02	-4.865818e-02	2.704366e-02	-2.314818e-02	-2.584774e-01	3.138413e-01	-3.814557e-01	7.539256e-03	8.098267e-02	
1.951258e-02	-3.023898e-03	-6.439159e-01	2.958505e-01	2.040657e-01	-2.218262e-01	2.344938e-01	3.097917e-02	-1.606951e-01	9.170658e-01	-9.726145e-01	1.000000e+00	-5.841153e-01	3.773148e-01	4.372257e-01	6.975103e-02	-6.661158e-02	5.591468e-02	-2.965999e-02	2.322248e-02	3.178342e-01	-3.891112e-01	4.770961e-01	5.278566e-03	-1.178527e-01	
1.496174e-01	-1.285986e-01	-1.430184e-01	4.574011e-02	7.361323e-02	-8.795999e-02	9.041090e-02	-4.641673e-02	2.176450e-02	-7.540663e-01	7.012584e-01	-5.841153e-01	1.000000e+00	-9.456458e-01	1.233472e-01	-3.492792e-02	3.441066e-02	-3.481878e-02	3.904068e-02	-3.144254e-02	-5.171027e-03	-7.436273e-03	2.286450e-02	8.865980e-02	-9.839993e-02	
-1.472377e-01	1.022028e-01	2.976970e-01	-9.855325e-02	-8.597704e-02	1.113120e-01	-1.214736e-01	-1.049635e-01	1.930662e-01	5.560703e-01	-4.952783e-01	3.773148e-01	-9.456458e-01	1.000000e+00	-2.215620e-01	1.826341e-02	-1.778645e-02	2.026220e-02	-4.423243e-02	4.023468e-02	-5.853615e-02	9.006582e-02	-1.295005e-01	-1.047282e-01	1.426495e-01	
1.377488e-01	-2.622644e-01	-7.001756e-01	4.834252e-01	5.429314e-02	-6.031311e-02	6.398304e-02	-4.605378e-03	-1.233944e-02	2.595333e-01	-3.385304e-01	4.372257e-01	1.233472e-01	-2.215620e-01	1.000000e+00	-4.576817e-01	5.307119e-01	-5.911404e-01	5.881302e-02	1.907363e-01	2.062860e-01	-2.562180e-01	3.239795e-01	2.420734e-02	-8.196389e-02	
3.282707e-02	1.304201e-02	-5.047462e-02	5.406341e-02	8.030021e-04	1.972403e-03	-8.058806e-03	3.496890e-02	-4.564039e-02	5.197354e-02	-6.099207e-02	6.975103e-02	-3.492792e-02	1.826341e-02	-4.576817e-01	1.000000e+00	-9.814216e-01	9.267271e-01	-6.547836e-01	3.154643e-01	2.087619e-01	-2.364906e-01	2.591129e-01	-5.685615e-02	2.553448e-02	
-3.879335e-02	-9.627396e-03	4.968468e-02	-5.209814e-02	1.407384e-03	-3.200090e-03	8.325623e-03	-3.447001e-02	4.537101e-02	-4.844183e-02	5.784779e-02	-6.661158e-02	3.441066e-02	-1.778645e-02	5.307119e-01	-9.814216e-01	1.000000e+00	-9.810530e-01	5.913999e-01	-2.309570e-01	-2.098390e-01	2.420109e-01	-2.696614e-01	3.372397e-02	6.818229e-03	
3.502740e-02	-1.339804e-04	-3.838330e-02	4.428924e-02	-4.843892e-03	5.685924e-03	-9.444415e-03	3.020545e-02	-4.071260e-02	4.022163e-02	-4.865818e-02	5.591468e-02	-3.481878e-02	2.026220e-02	-5.911404e-01	9.267271e-01	-9.810530e-01	1.000000e+00	-5.080790e-01	1.422119e-01	2.027229e-01	-2.374391e-01	2.682511e-01	-1.597923e-02	-2.984093e-02	
8.376584e-02	1.371081e-01	1.229787e-02	-6.964651e-02	1.580856e-02	-2.327397e-02	2.839875e-02	2.294214e-02	-2.837089e-02	-2.597964e-02	2.704366e-02	-2.965999e-02	3.904068e-02	-4.423243e-02	5.881302e-02	-6.547836e-01	5.913999e-01	-5.080790e-01	1.000000e+00	-9.066058e-01	-9.689652e-02	1.045278e-01	-1.105571e-01	1.387842e-01	-2.057010e-01	
-8.201699e-02	-1.434054e-01	-1.398945e-02	6.459838e-02	-1.076644e-02	1.924893e-02	-2.435749e-02	-3.416821e-02	4.338495e-02	2.464632e-02	-2.314818e-02	2.322248e-02	-3.144254e-02	4.023468e-02	1.907363e-01	3.154643e-01	-2.309570e-01	1.422119e-01	-9.066058e-01	1.000000e+00	2.549012e-02	-2.269053e-02	2.093969e-02	-1.485771e-01	2.535659e-01	
1.148769e-02	-2.634580e-02	-4.278016e-01	3.576004e-01	-4.514725e-02	4.517384e-02	-4.783378e-02	5.316141e-02	-3.372617e-02	2.081275e-01	-2.584774e-01	3.178342e-01	-5.171027e-03	-5.853615e-02	2.062860e-01	2.087619e-01	-2.098390e-01	2.027229e-01	-9.689652e-02	2.549012e-02	1.000000e+00	-9.864736e-01	9.312555e-01	-7.617516e-01	5.961027e-01	
-1.685799e-02	2.563050e-02	5.283504e-01	-4.175318e-01	3.047356e-02	-2.901096e-02	3.114013e-02	-5.573138e-02	4.474682e-02	-2.506051e-01	3.138413e-01	-3.891112e-01	-7.436273e-03	9.006582e-02	-2.562180e-01	-2.364906e-01	2.420109e-01	-2.374391e-01	1.045278e-01	-2.269053e-02	-9.864736e-01	1.000000e+00	-9.776252e-01	7.204033e-01	-5.457039e-01	
7.607685e-03	-1.622442e-02	-6.496368e-01	4.867278e-01	-9.076719e-03	5.553342e-03	-6.680677e-03	5.612176e-02	-5.691921e-02	3.021369e-01	-3.814557e-01	4.770961e-01	2.286450e-02	-1.295005e-01	3.239795e-01	2.591129e-01	-2.696614e-01	2.682511e-01	-1.105571e-01	2.093969e-02	9.312555e-01	-9.776252e-01	1.000000e+00	-6.257010e-01	4.453104e-01	
1.765118e-01	-8.694623e-02	-7.705090e-02	-2.147931e-02	8.390195e-02	-9.063717e-02	9.429752e-02	-1.686886e-02	-2.164425e-02	-1.733799e-02	7.539256e-03	5.278566e-03	8.865980e-02	-1.047282e-01	2.420734e-02	-5.685615e-02	3.372397e-02	-1.597923e-02	1.387842e-01	-1.485771e-01	-7.617516e-01	7.204033e-01	-6.257010e-01	1.000000e+00	-9.617503e-01	
-1.659944e-01	5.210874e-02	2.272371e-01	-8.121291e-02	-8.661905e-02	9.572971e-02	-1.002593e-01	2.957939e-03	3.822797e-02	-5.162935e-02	8.098267e-02	-1.178527e-01	-9.839993e-02	1.426495e-01	-8.196389e-02	2.553448e-02	6.818229e-03	-2.984093e-02	-2.057010e-01	2.535659e-01	5.961027e-01	-5.457039e-01	4.453104e-01	-9.617503e-01	1.000000e+00	

Time taken for mcmc chain: 17.600000 minutes
