Number of steps: 2340461
Number of accepted steps: 960000
Burn-in number of steps: 200000
Accepted fraction of steps: 0.410176
Convergence Status
R[0]= 1.022356	R[1]= 1.007427	R[2]= 1.056136	R[3]= 1.003136	R[4]= 1.019663	R[5]= 1.021308	R[6]= 1.021988	R[7]= 1.018448	R[8]= 1.014106	R[9]= 1.017536	R[10]= 1.024963	R[11]= 1.037500	R[12]= 1.003025	R[13]= 1.011147	R[14]= 1.024286	R[15]= 1.005296	R[16]= 1.005090	R[17]= 1.006848	R[18]= 1.004954	R[19]= 1.008860	R[20]= 1.010497	R[21]= 1.006561	R[22]= 1.010865	R[23]= 1.008821	R[24]= 1.014788	
<R>= 1.015424

Mean parameters
A[0]= 9.771910e-01 pm 3.327960e-02
A[1]= 1.074958e+00 pm 2.760142e-02
A[2]= 6.264146e-01 pm 3.999436e-01
A[3]= 3.661975e+00 pm 1.097318e+00
A[4]= -1.179396e+03 pm 3.926335e+03
A[5]= 6.921456e+02 pm 2.606013e+03
A[6]= 1.976455e+02 pm 6.201300e+02
A[7]= -3.624335e-01 pm 1.382246e+01
A[8]= -2.197606e-02 pm 1.877574e-01
A[9]= 5.600576e+03 pm 9.049686e+03
A[10]= -3.498833e+03 pm 5.412552e+03
A[11]= 4.686120e+02 pm 1.137288e+03
A[12]= -5.146554e+01 pm 5.199632e+01
A[13]= 1.036473e+00 pm 1.003863e+00
A[14]= 5.539432e+00 pm 1.797909e+00
A[15]= -6.199312e+03 pm 5.656318e+03
A[16]= 5.235234e+03 pm 3.757414e+03
A[17]= -1.078043e+03 pm 9.031910e+02
A[18]= 1.635801e+00 pm 2.102900e+01
A[19]= 1.738514e-01 pm 2.746990e-01
A[20]= 1.330533e+04 pm 1.197954e+04
A[21]= -7.066211e+03 pm 7.254174e+03
A[22]= 7.928700e+02 pm 1.549324e+03
A[23]= -9.534925e+01 pm 7.155209e+01
A[24]= 1.515971e+00 pm 1.391228e+00

Best-fitting parameters
A[0]= 9.901840e-01
A[1]= 1.068600e+00
A[2]= 4.237481e-01
A[3]= 4.090967e+00
A[4]= -9.552450e+02
A[5]= 5.408971e+02
A[6]= 2.262279e+02
A[7]= -3.893751e+00
A[8]= 2.109752e-02
A[9]= 8.176615e+03
A[10]= -4.973366e+03
A[11]= 7.695001e+02
A[12]= -4.564822e+01
A[13]= 9.736941e-01
A[14]= 5.551101e+00
A[15]= -3.411514e+03
A[16]= 3.355994e+03
A[17]= -6.224003e+02
A[18]= -1.114941e+01
A[19]= 3.418939e-01
A[20]= 1.271453e+04
A[21]= -7.346264e+03
A[22]= 1.063291e+03
A[23]= -8.395308e+01
A[24]= 1.398093e+00
chi2_min= 9.503985e+01


Cross-Covariance parameters
1.000000e+00	-4.843581e-01	-1.839607e-01	1.128529e-01	1.211980e-02	-1.324008e-02	8.586939e-03	9.098670e-02	-7.680505e-02	8.272373e-03	-8.167005e-03	-9.863727e-03	1.217897e-01	-1.088519e-01	1.074068e-01	2.695182e-02	-2.628212e-02	1.581066e-02	6.466449e-02	-5.391851e-02	2.201019e-02	-1.245239e-02	-1.734507e-02	1.462053e-01	-1.313130e-01	
-4.843581e-01	1.000000e+00	2.307202e-01	-2.133451e-01	-1.134221e-02	2.300101e-02	-4.408734e-02	8.842492e-02	-7.552328e-02	-6.097384e-02	6.737333e-02	-6.218940e-02	-4.179762e-02	2.431628e-02	-2.249653e-01	-3.583742e-03	1.097348e-02	-2.404090e-02	1.058028e-01	-9.835100e-02	-7.502966e-02	7.686723e-02	-6.486102e-02	-5.040408e-02	3.196618e-02	
-1.839607e-01	2.307202e-01	1.000000e+00	-6.389792e-01	-1.196986e-01	1.409951e-01	-1.500752e-01	2.844539e-02	1.729505e-02	-3.547077e-01	4.799551e-01	-6.331561e-01	-1.242697e-01	2.732404e-01	-7.124469e-01	2.008630e-02	-2.511126e-02	3.815582e-02	-6.438855e-02	6.178496e-02	-3.811491e-01	5.001980e-01	-6.390842e-01	-1.420111e-01	2.986730e-01	
1.128529e-01	-2.133451e-01	-6.389792e-01	1.000000e+00	-5.104151e-01	5.530836e-01	-5.846464e-01	1.643341e-01	1.304140e-01	1.270903e-01	-1.809314e-01	2.529346e-01	6.197279e-02	-9.594201e-02	4.666558e-01	-3.257816e-02	3.085816e-02	-3.282166e-02	4.746412e-02	-3.860069e-02	2.335575e-01	-3.068022e-01	3.935965e-01	1.198051e-01	-2.213970e-01	
1.211980e-02	-1.134221e-02	-1.196986e-01	-5.104151e-01	1.000000e+00	-9.851521e-01	9.437849e-01	-6.757068e-01	2.593628e-01	1.391521e-01	-1.941917e-01	2.560419e-01	4.408030e-02	-6.945042e-02	1.004026e-01	3.209647e-02	-1.993313e-02	7.824513e-03	-2.508195e-02	2.174467e-02	6.763373e-02	-8.824092e-02	1.119122e-01	-2.913467e-02	1.126925e-02	
-1.324008e-02	2.300101e-02	1.409951e-01	5.530836e-01	-9.851521e-01	1.000000e+00	-9.860327e-01	6.295906e-01	-1.961133e-01	-1.592377e-01	2.195649e-01	-2.877698e-01	-5.227672e-02	9.370854e-02	-1.147929e-01	-3.347564e-02	2.276493e-02	-1.156201e-02	2.343947e-02	-1.607240e-02	-7.732393e-02	1.012971e-01	-1.286477e-01	2.570734e-02	-4.179616e-03	
8.586939e-03	-4.408734e-02	-1.500752e-01	-5.846464e-01	9.437849e-01	-9.860327e-01	1.000000e+00	-5.691001e-01	1.338012e-01	1.767587e-01	-2.394858e-01	3.104282e-01	5.044341e-02	-1.038147e-01	1.205603e-01	3.507850e-02	-2.606138e-02	1.645462e-02	-2.423459e-02	1.222950e-02	8.287359e-02	-1.083283e-01	1.371186e-01	-2.452223e-02	1.442878e-03	
9.098670e-02	8.842492e-02	2.844539e-02	1.643341e-01	-6.757068e-01	6.295906e-01	-5.691001e-01	1.000000e+00	-8.660282e-01	3.482115e-02	-4.068645e-03	-4.085227e-02	-2.217406e-02	-1.087000e-01	-3.646978e-02	-3.424132e-02	2.097110e-02	-1.286507e-02	6.163177e-02	-5.525005e-02	-2.333501e-02	3.118726e-02	-4.139059e-02	4.473252e-02	-3.837286e-02	
-7.680505e-02	-7.552328e-02	1.729505e-02	1.304140e-01	2.593628e-01	-1.961133e-01	1.338012e-01	-8.660282e-01	1.000000e+00	-1.315499e-01	1.244751e-01	-1.026740e-01	8.967238e-03	1.920227e-01	-9.867476e-03	2.316014e-02	-1.384277e-02	1.029398e-02	-4.974915e-02	4.805915e-02	-6.380158e-03	7.836002e-03	-8.215382e-03	-2.901014e-02	2.801681e-02	
8.272373e-03	-6.097384e-02	-3.547077e-01	1.270903e-01	1.391521e-01	-1.592377e-01	1.767587e-01	3.482115e-02	-1.315499e-01	1.000000e+00	-9.831445e-01	9.110511e-01	-7.787045e-01	5.869039e-01	2.518677e-01	2.028444e-02	-2.085988e-02	1.712610e-02	-2.074902e-02	7.062484e-03	1.114042e-01	-1.658257e-01	2.312912e-01	7.182558e-02	-1.293061e-01	
-8.167005e-03	6.737333e-02	4.799551e-01	-1.809314e-01	-1.941917e-01	2.195649e-01	-2.394858e-01	-4.068645e-03	1.244751e-01	-9.831445e-01	1.000000e+00	-9.702812e-01	7.244359e-01	-5.239621e-01	-3.406004e-01	-2.097399e-02	2.079952e-02	-1.504808e-02	9.286389e-03	6.983261e-03	-1.635775e-01	2.340959e-01	-3.188569e-01	-8.722170e-02	1.672294e-01	
-9.863727e-03	-6.218940e-02	-6.331561e-01	2.529346e-01	2.560419e-01	-2.877698e-01	3.104282e-01	-4.085227e-02	-1.026740e-01	9.110511e-01	-9.702812e-01	1.000000e+00	-6.022552e-01	4.000190e-01	4.512512e-01	1.768363e-02	-1.636242e-02	8.329416e-03	7.640310e-03	-2.481008e-02	2.310216e-01	-3.213329e-01	4.302178e-01	1.005822e-01	-2.087882e-01	
1.217897e-01	-4.179762e-02	-1.242697e-01	6.197279e-02	4.408030e-02	-5.227672e-02	5.044341e-02	-2.217406e-02	8.967238e-03	-7.787045e-01	7.244359e-01	-6.022552e-01	1.000000e+00	-9.459673e-01	1.051695e-01	-3.559131e-02	4.058561e-02	-4.528627e-02	6.504722e-02	-4.419865e-02	8.627121e-02	-8.938762e-02	9.018144e-02	-1.400232e-02	-3.491072e-03	
-1.088519e-01	2.431628e-02	2.732404e-01	-9.594201e-02	-6.945042e-02	9.370854e-02	-1.038147e-01	-1.087000e-01	1.920227e-01	5.869039e-01	-5.239621e-01	4.000190e-01	-9.459673e-01	1.000000e+00	-2.151646e-01	4.029905e-02	-4.602100e-02	5.380388e-02	-7.699048e-02	5.731436e-02	-1.450702e-01	1.684926e-01	-1.941156e-01	-7.082313e-03	5.124475e-02	
1.074068e-01	-2.249653e-01	-7.124469e-01	4.666558e-01	1.004026e-01	-1.147929e-01	1.205603e-01	-3.646978e-02	-9.867476e-03	2.518677e-01	-3.406004e-01	4.512512e-01	1.051695e-01	-2.151646e-01	1.000000e+00	-5.232037e-01	5.915553e-01	-6.438169e-01	1.664468e-01	1.003910e-01	1.979836e-01	-2.533243e-01	3.229827e-01	4.720670e-02	-1.172106e-01	
2.695182e-02	-3.583742e-03	2.008630e-02	-3.257816e-02	3.209647e-02	-3.347564e-02	3.507850e-02	-3.424132e-02	2.316014e-02	2.028444e-02	-2.097399e-02	1.768363e-02	-3.559131e-02	4.029905e-02	-5.232037e-01	1.000000e+00	-9.816467e-01	9.309112e-01	-6.711691e-01	3.052078e-01	1.374078e-01	-1.735307e-01	2.069804e-01	1.994109e-02	-4.450850e-02	
-2.628212e-02	1.097348e-02	-2.511126e-02	3.085816e-02	-1.993313e-02	2.276493e-02	-2.606138e-02	2.097110e-02	-1.384277e-02	-2.085988e-02	2.079952e-02	-1.636242e-02	4.058561e-02	-4.602100e-02	5.915553e-01	-9.816467e-01	1.000000e+00	-9.829941e-01	6.097661e-01	-2.219617e-01	-1.344560e-01	1.773144e-01	-2.188709e-01	-3.974233e-02	7.087610e-02	
1.581066e-02	-2.404090e-02	3.815582e-02	-3.282166e-02	7.824513e-03	-1.156201e-02	1.645462e-02	-1.286507e-02	1.029398e-02	1.712610e-02	-1.504808e-02	8.329416e-03	-4.528627e-02	5.380388e-02	-6.438169e-01	9.309112e-01	-9.829941e-01	1.000000e+00	-5.308723e-01	1.373509e-01	1.265846e-01	-1.735117e-01	2.203289e-01	5.062128e-02	-8.494534e-02	
6.466449e-02	1.058028e-01	-6.438855e-02	4.746412e-02	-2.508195e-02	2.343947e-02	-2.423459e-02	6.163177e-02	-4.974915e-02	-2.074902e-02	9.286389e-03	7.640310e-03	6.504722e-02	-7.699048e-02	1.664468e-01	-6.711691e-01	6.097661e-01	-5.308723e-01	1.000000e+00	-8.943736e-01	-4.391613e-02	4.840045e-02	-4.967494e-02	8.913105e-02	-1.577267e-01	
-5.391851e-02	-9.835100e-02	6.178496e-02	-3.860069e-02	2.174467e-02	-1.607240e-02	1.222950e-02	-5.525005e-02	4.805915e-02	7.062484e-03	6.983261e-03	-2.481008e-02	-4.419865e-02	5.731436e-02	1.003910e-01	3.052078e-01	-2.219617e-01	1.373509e-01	-8.943736e-01	1.000000e+00	-1.556810e-02	3.197030e-02	-5.098710e-02	-1.250566e-01	2.330283e-01	
2.201019e-02	-7.502966e-02	-3.811491e-01	2.335575e-01	6.763373e-02	-7.732393e-02	8.287359e-02	-2.333501e-02	-6.380158e-03	1.114042e-01	-1.635775e-01	2.310216e-01	8.627121e-02	-1.450702e-01	1.979836e-01	1.374078e-01	-1.344560e-01	1.265846e-01	-4.391613e-02	-1.556810e-02	1.000000e+00	-9.817600e-01	9.067596e-01	-7.539131e-01	5.863461e-01	
-1.245239e-02	7.686723e-02	5.001980e-01	-3.068022e-01	-8.824092e-02	1.012971e-01	-1.083283e-01	3.118726e-02	7.836002e-03	-1.658257e-01	2.340959e-01	-3.213329e-01	-8.938762e-02	1.684926e-01	-2.533243e-01	-1.735307e-01	1.773144e-01	-1.735117e-01	4.840045e-02	3.197030e-02	-9.817600e-01	1.000000e+00	-9.695624e-01	6.913741e-01	-5.096871e-01	
-1.734507e-02	-6.486102e-02	-6.390842e-01	3.935965e-01	1.119122e-01	-1.286477e-01	1.371186e-01	-4.139059e-02	-8.215382e-03	2.312912e-01	-3.188569e-01	4.302178e-01	9.018144e-02	-1.941156e-01	3.229827e-01	2.069804e-01	-2.188709e-01	2.203289e-01	-4.967494e-02	-5.098710e-02	9.067596e-01	-9.695624e-01	1.000000e+00	-5.609094e-01	3.697181e-01	
1.462053e-01	-5.040408e-02	-1.420111e-01	1.198051e-01	-2.913467e-02	2.570734e-02	-2.452223e-02	4.473252e-02	-2.901014e-02	7.182558e-02	-8.722170e-02	1.005822e-01	-1.400232e-02	-7.082313e-03	4.720670e-02	1.994109e-02	-3.974233e-02	5.062128e-02	8.913105e-02	-1.250566e-01	-7.539131e-01	6.913741e-01	-5.609094e-01	1.000000e+00	-9.620458e-01	
-1.313130e-01	3.196618e-02	2.986730e-01	-2.213970e-01	1.126925e-02	-4.179616e-03	1.442878e-03	-3.837286e-02	2.801681e-02	-1.293061e-01	1.672294e-01	-2.087882e-01	-3.491072e-03	5.124475e-02	-1.172106e-01	-4.450850e-02	7.087610e-02	-8.494534e-02	-1.577267e-01	2.330283e-01	5.863461e-01	-5.096871e-01	3.697181e-01	-9.620458e-01	1.000000e+00	

Time taken for mcmc chain: 19.433333 minutes
