Number of steps: 14406461
Number of accepted steps: 1000000
Burn-in number of steps: 320000
Accepted fraction of steps: 0.069413
Convergence Status
R[0]= 1.000606	R[1]= 1.000346	R[2]= 1.003893	R[3]= 1.001188	R[4]= 1.000988	R[5]= 1.001109	R[6]= 1.001125	R[7]= 1.000245	R[8]= 1.000479	R[9]= 1.003192	R[10]= 1.003486	R[11]= 1.003728	R[12]= 1.000997	R[13]= 1.000712	R[14]= 1.001449	R[15]= 1.002504	R[16]= 1.002328	R[17]= 1.002018	R[18]= 1.000349	R[19]= 1.000123	R[20]= 1.002148	R[21]= 1.001849	R[22]= 1.001599	R[23]= 1.001801	R[24]= 1.001888	
<R>= 1.001606

Mean parameters
A[0]= 8.905226e-01 pm 3.870974e-02
A[1]= 1.001947e+00 pm 2.979044e-02
A[2]= 5.936853e-01 pm 4.730211e-01
A[3]= 3.675030e+00 pm 1.338923e+00
A[4]= -3.222926e+03 pm 3.856964e+03
A[5]= 1.459458e+03 pm 2.548407e+03
A[6]= 9.287714e+01 pm 5.940194e+02
A[7]= 1.193362e+01 pm 1.282773e+01
A[8]= -2.238440e-01 pm 1.876865e-01
A[9]= -4.081874e+03 pm 8.456538e+03
A[10]= 1.563829e+03 pm 5.039623e+03
A[11]= -3.597128e+02 pm 1.040374e+03
A[12]= 1.794091e+01 pm 4.918339e+01
A[13]= -5.015197e-01 pm 9.543861e-01
A[14]= 5.443321e+00 pm 1.862555e+00
A[15]= -1.015024e+04 pm 5.307990e+03
A[16]= 6.493080e+03 pm 3.489592e+03
A[17]= -1.102464e+03 pm 8.111216e+02
A[18]= 1.330879e+01 pm 1.917184e+01
A[19]= -7.199035e-03 pm 2.752066e-01
A[20]= -2.392842e+03 pm 1.181796e+04
A[21]= 1.099206e+03 pm 7.138754e+03
A[22]= -5.076120e+02 pm 1.500217e+03
A[23]= 4.478875e+00 pm 6.904326e+01
A[24]= -3.468373e-01 pm 1.370294e+00

Best-fitting parameters
A[0]= 9.172171e-01
A[1]= 9.760697e-01
A[2]= 2.798947e-01
A[3]= 4.085854e+00
A[4]= 1.437714e+02
A[5]= -5.053946e+02
A[6]= 4.624806e+02
A[7]= -1.147001e+00
A[8]= -8.847670e-02
A[9]= -8.130091e+03
A[10]= 3.387917e+03
A[11]= -5.694938e+02
A[12]= 6.155531e+01
A[13]= -1.190535e+00
A[14]= 7.257278e+00
A[15]= -1.244216e+04
A[16]= 8.055988e+03
A[17]= -1.457727e+03
A[18]= 1.079308e+01
A[19]= 9.618583e-02
A[20]= 5.772346e+02
A[21]= -1.622337e+03
A[22]= 2.124047e+02
A[23]= -9.366271e+00
A[24]= -5.979878e-02
chi2_min= 8.794526e+01


Cross-Covariance parameters
1.000000e+00	-5.352601e-01	-1.044224e-01	9.103167e-02	-3.789940e-03	1.822465e-02	-3.760752e-02	2.225918e-02	2.086285e-02	-3.833974e-02	6.202889e-02	-1.067235e-01	1.132300e-01	-6.392015e-02	3.526941e-02	6.560560e-02	-6.140390e-02	4.891400e-02	4.523921e-02	-3.628386e-02	1.961078e-02	4.016011e-03	-5.376231e-02	1.006219e-01	-6.638103e-02	
-5.352601e-01	1.000000e+00	1.755888e-01	-2.149495e-01	5.656706e-03	-1.340991e-02	1.375624e-02	1.672801e-01	-1.760659e-01	4.102516e-02	-5.098721e-02	6.997391e-02	-1.204170e-01	5.710995e-02	-2.049989e-01	-3.277089e-02	3.455063e-02	-4.192128e-02	1.479601e-01	-1.305298e-01	-1.968107e-02	1.361064e-02	8.332987e-03	-1.050612e-01	7.320077e-02	
-1.044224e-01	1.755888e-01	1.000000e+00	-6.688291e-01	-1.151651e-03	-3.847077e-03	1.465463e-02	2.265336e-02	-4.573139e-02	-3.545777e-01	4.586868e-01	-5.856839e-01	-1.807053e-01	2.935223e-01	-6.438287e-01	-9.275370e-02	1.020266e-01	-1.010737e-01	-2.664920e-02	5.257145e-02	-4.165731e-01	5.255378e-01	-6.507462e-01	-2.298260e-01	3.634098e-01	
9.103167e-02	-2.149495e-01	-6.688291e-01	1.000000e+00	-5.614789e-01	6.188964e-01	-6.605880e-01	2.432554e-02	2.681201e-01	1.455037e-01	-1.976312e-01	2.706434e-01	6.687974e-02	-7.596188e-02	4.608996e-01	6.237844e-02	-6.875183e-02	6.981112e-02	-6.050202e-03	-1.272336e-02	2.852098e-01	-3.588607e-01	4.425617e-01	1.557469e-01	-2.429874e-01	
-3.789940e-03	5.656706e-03	-1.151651e-03	-5.614789e-01	1.000000e+00	-9.855475e-01	9.466578e-01	-5.313817e-01	1.187274e-01	9.527953e-02	-1.285517e-01	1.605816e-01	1.096961e-01	-1.314799e-01	1.137627e-04	1.236598e-02	-1.213330e-02	1.141995e-02	4.882485e-03	-1.205221e-02	2.298366e-03	-3.865899e-03	5.955367e-03	7.844116e-03	-1.048833e-02	
1.822465e-02	-1.340991e-02	-3.847077e-03	6.188964e-01	-9.855475e-01	1.000000e+00	-9.871350e-01	4.646836e-01	-4.099835e-02	-1.067392e-01	1.433301e-01	-1.786565e-01	-1.166747e-01	1.532318e-01	2.632332e-03	-1.275811e-02	1.294511e-02	-1.264876e-02	-3.742404e-03	1.209720e-02	-1.511008e-03	3.388714e-03	-6.072276e-03	-6.551141e-03	1.024853e-02	
-3.760752e-02	1.375624e-02	1.465463e-02	-6.605880e-01	9.466578e-01	-9.871350e-01	1.000000e+00	-3.948302e-01	-2.499111e-02	1.168959e-01	-1.548185e-01	1.912353e-01	1.122234e-01	-1.589247e-01	-7.018493e-03	1.149712e-02	-1.202414e-02	1.235841e-02	-7.355281e-04	-8.656741e-03	-2.584196e-03	1.031415e-03	1.596688e-03	3.740881e-03	-7.288103e-03	
2.225918e-02	1.672801e-01	2.265336e-02	2.432554e-02	-5.313817e-01	4.646836e-01	-3.948302e-01	1.000000e+00	-8.842390e-01	1.105894e-01	-9.642521e-02	6.835541e-02	-7.218661e-02	-8.796252e-02	-4.054830e-02	1.618624e-03	-1.886155e-03	-8.444421e-04	4.419903e-02	-3.674003e-02	-2.069095e-03	2.392832e-03	-2.331129e-03	-4.621437e-03	4.848029e-05	
2.086285e-02	-1.760659e-01	-4.573139e-02	2.681201e-01	1.187274e-01	-4.099835e-02	-2.499111e-02	-8.842390e-01	1.000000e+00	-1.682192e-01	1.681526e-01	-1.512100e-01	3.767960e-02	1.713520e-01	5.172477e-02	-9.162925e-04	1.801725e-03	-3.165917e-04	-3.955038e-02	3.468597e-02	1.333426e-02	-1.382076e-02	1.299790e-02	7.135781e-03	-3.786428e-03	
-3.833974e-02	4.102516e-02	-3.545777e-01	1.455037e-01	9.527953e-02	-1.067392e-01	1.168959e-01	1.105894e-01	-1.682192e-01	1.000000e+00	-9.847999e-01	9.228405e-01	-7.225511e-01	5.333889e-01	2.263546e-01	4.815632e-02	-5.133582e-02	4.961570e-02	1.293602e-02	-2.830514e-02	1.648788e-01	-2.079755e-01	2.599324e-01	7.801517e-02	-1.344478e-01	
6.202889e-02	-5.098721e-02	4.586868e-01	-1.976312e-01	-1.285517e-01	1.433301e-01	-1.548185e-01	-9.642521e-02	1.681526e-01	-9.847999e-01	1.000000e+00	-9.749218e-01	6.705005e-01	-4.744569e-01	-2.968463e-01	-5.762707e-02	6.196738e-02	-6.040839e-02	-1.698664e-02	3.623314e-02	-2.122641e-01	2.688846e-01	-3.372573e-01	-9.980904e-02	1.736934e-01	
-1.067235e-01	6.997391e-02	-5.856839e-01	2.706434e-01	1.605816e-01	-1.786565e-01	1.912353e-01	6.835541e-02	-1.512100e-01	9.228405e-01	-9.749218e-01	1.000000e+00	-5.616805e-01	3.661083e-01	3.835965e-01	6.694571e-02	-7.282650e-02	7.176745e-02	2.115312e-02	-4.480360e-02	2.701866e-01	-3.438266e-01	4.331127e-01	1.240905e-01	-2.198351e-01	
1.132300e-01	-1.204170e-01	-1.807053e-01	6.687974e-02	1.096961e-01	-1.166747e-01	1.122234e-01	-7.218661e-02	3.767960e-02	-7.225511e-01	6.705005e-01	-5.616805e-01	1.000000e+00	-9.489373e-01	1.216803e-01	1.561771e-02	-1.788657e-02	1.856133e-02	9.681365e-03	-1.476506e-02	6.582807e-02	-8.371058e-02	1.014848e-01	5.532597e-02	-7.589780e-02	
-6.392015e-02	5.710995e-02	2.935223e-01	-7.596188e-02	-1.314799e-01	1.532318e-01	-1.589247e-01	-8.796252e-02	1.713520e-01	5.333889e-01	-4.744569e-01	3.661083e-01	-9.489373e-01	1.000000e+00	-1.900034e-01	-2.866258e-02	3.250264e-02	-3.303603e-02	-2.187076e-02	3.157929e-02	-1.186635e-01	1.525661e-01	-1.905467e-01	-7.896619e-02	1.211453e-01	
3.526941e-02	-2.049989e-01	-6.438287e-01	4.608996e-01	1.137627e-04	2.632332e-03	-7.018493e-03	-4.054830e-02	5.172477e-02	2.263546e-01	-2.968463e-01	3.835965e-01	1.216803e-01	-1.900034e-01	1.000000e+00	-4.903761e-01	5.478372e-01	-5.920416e-01	-5.620535e-02	2.853383e-01	1.781901e-01	-2.341004e-01	3.067306e-01	8.645640e-02	-1.265099e-01	
6.560560e-02	-3.277089e-02	-9.275370e-02	6.237844e-02	1.236598e-02	-1.275811e-02	1.149712e-02	1.618624e-03	-9.162925e-04	4.815632e-02	-5.762707e-02	6.694571e-02	1.561771e-02	-2.866258e-02	-4.903761e-01	1.000000e+00	-9.845298e-01	9.416911e-01	-4.633827e-01	9.342945e-02	2.000916e-01	-2.305022e-01	2.538355e-01	5.320570e-02	-9.466934e-02	
-6.140390e-02	3.455063e-02	1.020266e-01	-6.875183e-02	-1.213330e-02	1.294511e-02	-1.202414e-02	-1.886155e-03	1.801725e-03	-5.133582e-02	6.196738e-02	-7.282650e-02	-1.788657e-02	3.250264e-02	5.478372e-01	-9.845298e-01	1.000000e+00	-9.856181e-01	3.823765e-01	-2.662823e-03	-2.064707e-01	2.419506e-01	-2.706407e-01	-7.469201e-02	1.259152e-01	
4.891400e-02	-4.192128e-02	-1.010737e-01	6.981112e-02	1.141995e-02	-1.264876e-02	1.235841e-02	-8.444421e-04	-3.165917e-04	4.961570e-02	-6.040839e-02	7.176745e-02	1.856133e-02	-3.303603e-02	-5.920416e-01	9.416911e-01	-9.856181e-01	1.000000e+00	-2.968964e-01	-7.929440e-02	2.044118e-01	-2.431984e-01	2.757541e-01	8.914757e-02	-1.463580e-01	
4.523921e-02	1.479601e-01	-2.664920e-02	-6.050202e-03	4.882485e-03	-3.742404e-03	-7.355281e-04	4.419903e-02	-3.955038e-02	1.293602e-02	-1.698664e-02	2.115312e-02	9.681365e-03	-2.187076e-02	-5.620535e-02	-4.633827e-01	3.823765e-01	-2.968964e-01	1.000000e+00	-9.106492e-01	4.354821e-03	-3.802405e-03	2.234747e-03	9.286034e-02	-1.752339e-01	
-3.628386e-02	-1.305298e-01	5.257145e-02	-1.272336e-02	-1.205221e-02	1.209720e-02	-8.656741e-03	-3.674003e-02	3.468597e-02	-2.830514e-02	3.623314e-02	-4.480360e-02	-1.476506e-02	3.157929e-02	2.853383e-01	9.342945e-02	-2.662823e-03	-7.929440e-02	-9.106492e-01	1.000000e+00	-8.105866e-02	9.344945e-02	-1.016017e-01	-1.263371e-01	2.426463e-01	
1.961078e-02	-1.968107e-02	-4.165731e-01	2.852098e-01	2.298366e-03	-1.511008e-03	-2.584196e-03	-2.069095e-03	1.333426e-02	1.648788e-01	-2.122641e-01	2.701866e-01	6.582807e-02	-1.186635e-01	1.781901e-01	2.000916e-01	-2.064707e-01	2.044118e-01	4.354821e-03	-8.105866e-02	1.000000e+00	-9.846449e-01	9.233671e-01	-6.626838e-01	4.880900e-01	
4.016011e-03	1.361064e-02	5.255378e-01	-3.588607e-01	-3.865899e-03	3.388714e-03	1.031415e-03	2.392832e-03	-1.382076e-02	-2.079755e-01	2.688846e-01	-3.438266e-01	-8.371058e-02	1.525661e-01	-2.341004e-01	-2.305022e-01	2.419506e-01	-2.431984e-01	-3.802405e-03	9.344945e-02	-9.846449e-01	1.000000e+00	-9.754554e-01	5.985308e-01	-4.153264e-01	
-5.376231e-02	8.332987e-03	-6.507462e-01	4.425617e-01	5.955367e-03	-6.072276e-03	1.596688e-03	-2.331129e-03	1.299790e-02	2.599324e-01	-3.372573e-01	4.331127e-01	1.014848e-01	-1.905467e-01	3.067306e-01	2.538355e-01	-2.706407e-01	2.757541e-01	2.234747e-03	-1.016017e-01	9.233671e-01	-9.754554e-01	1.000000e+00	-4.799326e-01	2.937154e-01	
1.006219e-01	-1.050612e-01	-2.298260e-01	1.557469e-01	7.844116e-03	-6.551141e-03	3.740881e-03	-4.621437e-03	7.135781e-03	7.801517e-02	-9.980904e-02	1.240905e-01	5.532597e-02	-7.896619e-02	8.645640e-02	5.320570e-02	-7.469201e-02	8.914757e-02	9.286034e-02	-1.263371e-01	-6.626838e-01	5.985308e-01	-4.799326e-01	1.000000e+00	-9.649893e-01	
-6.638103e-02	7.320077e-02	3.634098e-01	-2.429874e-01	-1.048833e-02	1.024853e-02	-7.288103e-03	4.848029e-05	-3.786428e-03	-1.344478e-01	1.736934e-01	-2.198351e-01	-7.589780e-02	1.211453e-01	-1.265099e-01	-9.466934e-02	1.259152e-01	-1.463580e-01	-1.752339e-01	2.426463e-01	4.880900e-01	-4.153264e-01	2.937154e-01	-9.649893e-01	1.000000e+00	

Time taken for mcmc chain: 1.147500 hours
