Number of steps: 18818005
Number of accepted steps: 1000000
Burn-in number of steps: 320000
Accepted fraction of steps: 0.053141
Convergence Status
R[0]= 1.000808	R[1]= 1.001196	R[2]= 1.004446	R[3]= 1.003209	R[4]= 1.000330	R[5]= 1.000287	R[6]= 1.000286	R[7]= 1.000493	R[8]= 1.000584	R[9]= 1.001094	R[10]= 1.001323	R[11]= 1.001790	R[12]= 1.000481	R[13]= 1.000477	R[14]= 1.004425	R[15]= 1.000505	R[16]= 1.000790	R[17]= 1.001057	R[18]= 1.000489	R[19]= 1.001067	R[20]= 1.000839	R[21]= 1.000974	R[22]= 1.001193	R[23]= 1.000005	R[24]= 1.000125	
<R>= 1.001131

Mean parameters
A[0]= 9.240779e-01 pm 3.569077e-02
A[1]= 1.048097e+00 pm 3.064743e-02
A[2]= 6.274466e-01 pm 4.363299e-01
A[3]= 3.599701e+00 pm 1.196078e+00
A[4]= -4.024367e+03 pm 3.825538e+03
A[5]= 2.028629e+03 pm 2.510320e+03
A[6]= -3.232106e+01 pm 5.876539e+02
A[7]= 1.663780e+01 pm 1.321916e+01
A[8]= -2.637912e-01 pm 1.815306e-01
A[9]= -3.769670e+03 pm 8.446200e+03
A[10]= 1.577648e+03 pm 5.072366e+03
A[11]= -4.101334e+02 pm 1.066106e+03
A[12]= 1.852990e+01 pm 4.918352e+01
A[13]= -5.453902e-01 pm 9.536767e-01
A[14]= 5.042991e+00 pm 1.611509e+00
A[15]= -6.475924e+03 pm 5.146254e+03
A[16]= 4.715374e+03 pm 3.381875e+03
A[17]= -8.131027e+02 pm 7.945053e+02
A[18]= 1.810225e+00 pm 1.919977e+01
A[19]= 1.425738e-01 pm 2.655437e-01
A[20]= 6.352157e+03 pm 1.159085e+04
A[21]= -3.638788e+03 pm 6.981732e+03
A[22]= 3.003077e+02 pm 1.467992e+03
A[23]= -4.869279e+01 pm 6.766375e+01
A[24]= 6.713979e-01 pm 1.325342e+00

Best-fitting parameters
A[0]= 9.345771e-01
A[1]= 1.033964e+00
A[2]= 5.195067e-01
A[3]= 4.504494e+00
A[4]= -7.806882e+03
A[5]= 4.589470e+03
A[6]= -6.344815e+02
A[7]= 2.564212e+01
A[8]= -3.231772e-01
A[9]= -1.707563e+03
A[10]= 6.548821e+02
A[11]= -3.358747e+02
A[12]= 5.835211e+00
A[13]= -3.801680e-01
A[14]= 5.158607e+00
A[15]= -6.928849e+03
A[16]= 4.750848e+03
A[17]= -7.906488e+02
A[18]= 4.286937e+00
A[19]= 8.117086e-02
A[20]= 4.596544e+03
A[21]= -2.759868e+03
A[22]= 1.870423e+02
A[23]= -3.218604e+01
A[24]= 2.874160e-01
chi2_min= 8.834076e+01


Cross-Covariance parameters
1.000000e+00	-5.160910e-01	-1.422993e-01	7.470693e-02	2.798129e-02	-2.712037e-02	1.847372e-02	5.630244e-02	-4.463891e-02	-2.310789e-02	3.658060e-02	-6.911816e-02	1.414398e-01	-1.079326e-01	5.497511e-02	6.421782e-02	-5.998997e-02	4.796493e-02	4.726016e-02	-4.732968e-02	1.047538e-02	5.450064e-03	-4.479094e-02	1.196978e-01	-9.412505e-02	
-5.160910e-01	1.000000e+00	2.121016e-01	-1.888558e-01	-2.952238e-02	3.654468e-02	-4.919242e-02	1.225360e-01	-1.075015e-01	5.750302e-03	-9.403839e-03	2.134260e-02	-1.226209e-01	8.196944e-02	-2.572216e-01	2.240037e-02	-2.749687e-02	2.360074e-02	1.476463e-01	-1.629723e-01	-3.236572e-02	2.338051e-02	1.243198e-03	-5.138006e-02	1.661003e-02	
-1.422993e-01	2.121016e-01	1.000000e+00	-6.875875e-01	-2.694690e-02	3.438012e-02	-3.308459e-02	-4.837126e-02	4.988902e-02	-3.877625e-01	5.041603e-01	-6.408357e-01	-1.354951e-01	2.767858e-01	-6.612686e-01	-7.766459e-02	7.941668e-02	-7.269607e-02	-2.055475e-02	3.715190e-02	-3.975438e-01	5.049987e-01	-6.318939e-01	-1.386072e-01	2.741754e-01	
7.470693e-02	-1.888558e-01	-6.875875e-01	1.000000e+00	-5.297337e-01	5.804683e-01	-6.189243e-01	1.727107e-01	1.072354e-01	2.114625e-01	-2.717189e-01	3.481447e-01	2.208475e-02	-7.973549e-02	4.834885e-01	6.182791e-02	-6.568413e-02	6.369791e-02	7.807728e-04	-1.839105e-02	2.871847e-01	-3.652233e-01	4.581275e-01	1.044119e-01	-2.031837e-01	
2.798129e-02	-2.952238e-02	-2.694690e-02	-5.297337e-01	1.000000e+00	-9.851449e-01	9.435799e-01	-6.537335e-01	2.615279e-01	5.940274e-02	-9.650371e-02	1.358725e-01	1.157805e-01	-1.070990e-01	1.440718e-02	-4.011297e-03	4.917673e-03	-5.398411e-03	3.214193e-03	-1.176812e-03	3.899991e-03	-4.534686e-03	4.328854e-03	2.743619e-04	5.168660e-04	
-2.712037e-02	3.654468e-02	3.438012e-02	5.804683e-01	-9.851449e-01	1.000000e+00	-9.859605e-01	5.977951e-01	-1.887810e-01	-6.889040e-02	1.103019e-01	-1.546093e-01	-1.290308e-01	1.333622e-01	-2.003639e-02	3.248636e-03	-4.307821e-03	4.827849e-03	-7.089373e-04	-1.042766e-03	-6.928551e-03	8.237345e-03	-8.674435e-03	-8.380023e-05	-1.086483e-04	
1.847372e-02	-4.919242e-02	-3.308459e-02	-6.189243e-01	9.435799e-01	-9.859605e-01	1.000000e+00	-5.309708e-01	1.205621e-01	7.883562e-02	-1.220705e-01	1.683270e-01	1.293092e-01	-1.432745e-01	2.258272e-02	-4.764355e-03	6.001603e-03	-6.257348e-03	-5.106134e-03	7.109272e-03	6.163540e-03	-7.196520e-03	7.293987e-03	-2.155367e-03	3.284164e-03	
5.630244e-02	1.225360e-01	-4.837126e-02	1.727107e-01	-6.537335e-01	5.977951e-01	-5.309708e-01	1.000000e+00	-8.816964e-01	1.062772e-01	-9.177468e-02	6.576867e-02	-5.641481e-02	-1.023455e-01	-5.242396e-03	3.197528e-02	-3.289385e-02	2.953603e-02	3.101416e-02	-3.923309e-02	2.259252e-02	-3.069572e-02	4.002630e-02	2.070760e-02	-3.461524e-02	
-4.463891e-02	-1.075015e-01	4.988902e-02	1.072354e-01	2.615279e-01	-1.887810e-01	1.205621e-01	-8.816964e-01	1.000000e+00	-1.599414e-01	1.614412e-01	-1.493213e-01	1.333719e-02	1.939640e-01	4.432427e-03	-2.966436e-02	2.994190e-02	-2.661897e-02	-2.497356e-02	3.280623e-02	-1.995836e-02	2.770439e-02	-3.641566e-02	-1.589149e-02	2.819775e-02	
-2.310789e-02	5.750302e-03	-3.877625e-01	2.114625e-01	5.940274e-02	-6.889040e-02	7.883562e-02	1.062772e-01	-1.599414e-01	1.000000e+00	-9.833862e-01	9.162059e-01	-7.465089e-01	5.579215e-01	2.509671e-01	5.036251e-02	-5.135083e-02	4.757156e-02	1.240090e-02	-2.925718e-02	1.650826e-01	-2.132948e-01	2.719135e-01	5.586424e-02	-1.196907e-01	
3.658060e-02	-9.403839e-03	5.041603e-01	-2.717189e-01	-9.650371e-02	1.103019e-01	-1.220705e-01	-9.177468e-02	1.614412e-01	-9.833862e-01	1.000000e+00	-9.729218e-01	6.926576e-01	-4.957776e-01	-3.286462e-01	-5.964923e-02	6.137509e-02	-5.727912e-02	-1.597068e-02	3.540806e-02	-2.133251e-01	2.759575e-01	-3.523820e-01	-7.085726e-02	1.526948e-01	
-6.911816e-02	2.134260e-02	-6.408357e-01	3.481447e-01	1.358725e-01	-1.546093e-01	1.683270e-01	6.576867e-02	-1.493213e-01	9.162059e-01	-9.729218e-01	1.000000e+00	-5.778600e-01	3.796510e-01	4.206222e-01	6.911688e-02	-7.180408e-02	6.758810e-02	1.949089e-02	-4.177302e-02	2.715255e-01	-3.514484e-01	4.495461e-01	8.570302e-02	-1.894495e-01	
1.414398e-01	-1.226209e-01	-1.354951e-01	2.208475e-02	1.157805e-01	-1.290308e-01	1.293092e-01	-5.641481e-02	1.333719e-02	-7.465089e-01	6.926576e-01	-5.778600e-01	1.000000e+00	-9.483391e-01	9.589107e-02	-2.102740e-03	2.119982e-03	-2.600204e-03	4.744593e-03	4.205070e-04	4.813247e-02	-5.580483e-02	6.207193e-02	2.198406e-02	-3.056095e-02	
-1.079326e-01	8.196944e-02	2.767858e-01	-7.973549e-02	-1.070990e-01	1.333622e-01	-1.432745e-01	-1.023455e-01	1.939640e-01	5.579215e-01	-4.957776e-01	3.796510e-01	-9.483391e-01	1.000000e+00	-1.833447e-01	-1.440655e-02	1.484623e-02	-1.297206e-02	-1.291868e-02	1.288795e-02	-1.090740e-01	1.352509e-01	-1.647170e-01	-3.919913e-02	7.279372e-02	
5.497511e-02	-2.572216e-01	-6.612686e-01	4.834885e-01	1.440718e-02	-2.003639e-02	2.258272e-02	-5.242396e-03	4.432427e-03	2.509671e-01	-3.286462e-01	4.206222e-01	9.589107e-02	-1.833447e-01	1.000000e+00	-4.818631e-01	5.464049e-01	-5.960545e-01	3.545636e-02	2.081423e-01	1.846309e-01	-2.354909e-01	3.027799e-01	1.930486e-02	-6.589944e-02	
6.421782e-02	2.240037e-02	-7.766459e-02	6.182791e-02	-4.011297e-03	3.248636e-03	-4.764355e-03	3.197528e-02	-2.966436e-02	5.036251e-02	-5.964923e-02	6.911688e-02	-2.102740e-03	-1.440655e-02	-4.818631e-01	1.000000e+00	-9.828652e-01	9.348030e-01	-5.617387e-01	1.961560e-01	1.672549e-01	-2.042193e-01	2.383506e-01	6.267966e-02	-9.814547e-02	
-5.998997e-02	-2.749687e-02	7.941668e-02	-6.568413e-02	4.917673e-03	-4.307821e-03	6.001603e-03	-3.289385e-02	2.994190e-02	-5.135083e-02	6.137509e-02	-7.180408e-02	2.119982e-03	1.484623e-02	5.464049e-01	-9.828652e-01	1.000000e+00	-9.837504e-01	4.893716e-01	-1.088571e-01	-1.748044e-01	2.172936e-01	-2.575141e-01	-8.155512e-02	1.271204e-01	
4.796493e-02	2.360074e-02	-7.269607e-02	6.369791e-02	-5.398411e-03	4.827849e-03	-6.257348e-03	2.953603e-02	-2.661897e-02	4.757156e-02	-5.727912e-02	6.758810e-02	-2.600204e-03	-1.297206e-02	-5.960545e-01	9.348030e-01	-9.837504e-01	1.000000e+00	-4.061409e-01	2.574085e-02	1.754274e-01	-2.212324e-01	2.653759e-01	9.307913e-02	-1.449983e-01	
4.726016e-02	1.476463e-01	-2.055475e-02	7.807728e-04	3.214193e-03	-7.089373e-04	-5.106134e-03	3.101416e-02	-2.497356e-02	1.240090e-02	-1.597068e-02	1.949089e-02	4.744593e-03	-1.291868e-02	3.545636e-02	-5.617387e-01	4.893716e-01	-4.061409e-01	1.000000e+00	-9.063411e-01	-8.677628e-03	1.065890e-02	-1.306947e-02	8.632288e-02	-1.692914e-01	
-4.732968e-02	-1.629723e-01	3.715190e-02	-1.839105e-02	-1.176812e-03	-1.042766e-03	7.109272e-03	-3.923309e-02	3.280623e-02	-2.925718e-02	3.540806e-02	-4.177302e-02	4.205070e-04	1.288795e-02	2.081423e-01	1.961560e-01	-1.088571e-01	2.574085e-02	-9.063411e-01	1.000000e+00	-6.034877e-02	7.418369e-02	-8.564138e-02	-1.297309e-01	2.500616e-01	
1.047538e-02	-3.236572e-02	-3.975438e-01	2.871847e-01	3.899991e-03	-6.928551e-03	6.163540e-03	2.259252e-02	-1.995836e-02	1.650826e-01	-2.133251e-01	2.715255e-01	4.813247e-02	-1.090740e-01	1.846309e-01	1.672549e-01	-1.748044e-01	1.754274e-01	-8.677628e-03	-6.034877e-02	1.000000e+00	-9.843626e-01	9.204694e-01	-7.249853e-01	5.541233e-01	
5.450064e-03	2.338051e-02	5.049987e-01	-3.652233e-01	-4.534686e-03	8.237345e-03	-7.196520e-03	-3.069572e-02	2.770439e-02	-2.132948e-01	2.759575e-01	-3.514484e-01	-5.580483e-02	1.352509e-01	-2.354909e-01	-2.042193e-01	2.172936e-01	-2.212324e-01	1.065890e-02	7.418369e-02	-9.843626e-01	1.000000e+00	-9.741068e-01	6.690187e-01	-4.884171e-01	
-4.479094e-02	1.243198e-03	-6.318939e-01	4.581275e-01	4.328854e-03	-8.674435e-03	7.293987e-03	4.002630e-02	-3.641566e-02	2.719135e-01	-3.523820e-01	4.495461e-01	6.207193e-02	-1.647170e-01	3.027799e-01	2.383506e-01	-2.575141e-01	2.653759e-01	-1.306947e-02	-8.564138e-02	9.204694e-01	-9.741068e-01	1.000000e+00	-5.544967e-01	3.692528e-01	
1.196978e-01	-5.138006e-02	-1.386072e-01	1.044119e-01	2.743619e-04	-8.380023e-05	-2.155367e-03	2.070760e-02	-1.589149e-02	5.586424e-02	-7.085726e-02	8.570302e-02	2.198406e-02	-3.919913e-02	1.930486e-02	6.267966e-02	-8.155512e-02	9.307913e-02	8.632288e-02	-1.297309e-01	-7.249853e-01	6.690187e-01	-5.544967e-01	1.000000e+00	-9.630672e-01	
-9.412505e-02	1.661003e-02	2.741754e-01	-2.031837e-01	5.168660e-04	-1.086483e-04	3.284164e-03	-3.461524e-02	2.819775e-02	-1.196907e-01	1.526948e-01	-1.894495e-01	-3.056095e-02	7.279372e-02	-6.589944e-02	-9.814547e-02	1.271204e-01	-1.449983e-01	-1.692914e-01	2.500616e-01	5.541233e-01	-4.884171e-01	3.692528e-01	-9.630672e-01	1.000000e+00	

Time taken for mcmc chain: 1.483333 hours
