Number of steps: 23369358
Number of accepted steps: 1000000
Burn-in number of steps: 320000
Accepted fraction of steps: 0.042791
Convergence Status
R[0]= 1.000526	R[1]= 1.000773	R[2]= 1.003792	R[3]= 1.004197	R[4]= 1.002162	R[5]= 1.002479	R[6]= 1.002661	R[7]= 1.000599	R[8]= 1.000294	R[9]= 1.000409	R[10]= 1.000523	R[11]= 1.000815	R[12]= 1.000366	R[13]= 1.000622	R[14]= 1.001421	R[15]= 1.001153	R[16]= 1.001518	R[17]= 1.001785	R[18]= 1.000112	R[19]= 1.000362	R[20]= 1.001518	R[21]= 1.001979	R[22]= 1.002538	R[23]= 1.000446	R[24]= 1.001017	
<R>= 1.001363

Mean parameters
A[0]= 8.997944e-01 pm 3.800507e-02
A[1]= 1.016416e+00 pm 3.349613e-02
A[2]= 7.213345e-01 pm 5.244165e-01
A[3]= 3.270628e+00 pm 1.262773e+00
A[4]= -2.846594e+03 pm 3.888187e+03
A[5]= 1.205319e+03 pm 2.551541e+03
A[6]= 1.570020e+02 pm 5.927737e+02
A[7]= 1.402517e+01 pm 1.296052e+01
A[8]= -2.637088e-01 pm 1.860491e-01
A[9]= -5.556991e+03 pm 8.395216e+03
A[10]= 2.640773e+03 pm 5.013713e+03
A[11]= -6.278431e+02 pm 1.043433e+03
A[12]= 2.882196e+01 pm 4.914555e+01
A[13]= -7.381107e-01 pm 9.533594e-01
A[14]= 5.033006e+00 pm 1.785475e+00
A[15]= -9.019564e+03 pm 5.366609e+03
A[16]= 6.027869e+03 pm 3.526705e+03
A[17]= -1.039578e+03 pm 8.205533e+02
A[18]= 1.034184e+01 pm 1.918098e+01
A[19]= 2.904302e-02 pm 2.738159e-01
A[20]= -5.249998e+02 pm 1.190020e+04
A[21]= 2.507804e+02 pm 7.275980e+03
A[22]= -4.315072e+02 pm 1.558662e+03
A[23]= -2.136799e+01 pm 6.895571e+01
A[24]= 2.063492e-01 pm 1.368366e+00

Best-fitting parameters
A[0]= 9.142302e-01
A[1]= 1.023950e+00
A[2]= 8.347150e-01
A[3]= 2.809014e+00
A[4]= -2.244674e+03
A[5]= 9.762441e+02
A[6]= 1.714259e+02
A[7]= 1.531270e+01
A[8]= -2.823372e-01
A[9]= -5.462377e+03
A[10]= 3.207502e+03
A[11]= -9.160304e+02
A[12]= 2.958211e+01
A[13]= -7.639727e-01
A[14]= 4.096126e+00
A[15]= -6.891298e+03
A[16]= 4.807084e+03
A[17]= -8.305359e+02
A[18]= 1.492360e+01
A[19]= -1.141198e-01
A[20]= 3.959048e+03
A[21]= -1.748117e+03
A[22]= -2.515656e+02
A[23]= -5.094805e+01
A[24]= 6.708923e-01
chi2_min= 8.673896e+01


Cross-Covariance parameters
1.000000e+00	-5.291553e-01	-1.336826e-01	9.403700e-02	2.863051e-02	-2.047624e-02	5.769170e-03	2.840836e-02	-8.788515e-03	-2.788597e-02	4.290607e-02	-7.687589e-02	1.302411e-01	-8.971947e-02	7.822280e-02	6.832183e-02	-6.559884e-02	5.544550e-02	3.619280e-02	-3.032689e-02	2.213089e-02	-6.209417e-03	-3.316377e-02	1.255456e-01	-9.449940e-02	
-5.291553e-01	1.000000e+00	1.942480e-01	-2.112866e-01	-2.841592e-02	2.615907e-02	-3.014405e-02	1.550301e-01	-1.455742e-01	2.855324e-02	-3.147372e-02	4.143899e-02	-1.239854e-01	6.913495e-02	-2.686950e-01	8.265598e-03	-1.004056e-02	3.184047e-03	1.666461e-01	-1.680774e-01	-1.590472e-03	-1.748626e-03	1.917022e-02	-1.028469e-01	6.251941e-02	
-1.336826e-01	1.942480e-01	1.000000e+00	-6.976698e-01	2.512369e-02	-2.852727e-02	3.685762e-02	-1.006517e-02	-2.422613e-02	-3.139722e-01	4.295753e-01	-5.685207e-01	-1.651523e-01	2.663368e-01	-6.818525e-01	-1.166311e-01	1.203040e-01	-1.149286e-01	4.604996e-03	2.290090e-02	-4.083824e-01	5.250312e-01	-6.547086e-01	-2.168881e-01	3.512672e-01	
9.403700e-02	-2.112866e-01	-6.976698e-01	1.000000e+00	-5.395757e-01	5.949845e-01	-6.364113e-01	7.217256e-02	2.150136e-01	1.432297e-01	-2.003194e-01	2.771438e-01	5.949585e-02	-7.483256e-02	5.094863e-01	8.574752e-02	-8.873270e-02	8.590672e-02	-2.452357e-02	1.554090e-03	2.933914e-01	-3.763529e-01	4.678335e-01	1.596520e-01	-2.533407e-01	
2.863051e-02	-2.841592e-02	2.512369e-02	-5.395757e-01	1.000000e+00	-9.856795e-01	9.461867e-01	-5.780608e-01	1.678429e-01	8.787498e-02	-1.276595e-01	1.676119e-01	1.171055e-01	-1.289326e-01	-1.145386e-02	1.903363e-03	-3.364410e-03	5.450755e-03	-6.527275e-04	-9.416267e-04	-3.671374e-03	6.346703e-03	-1.001565e-02	-1.861044e-03	4.733598e-03	
-2.047624e-02	2.615907e-02	-2.852727e-02	5.949845e-01	-9.856795e-01	1.000000e+00	-9.867702e-01	5.142119e-01	-9.104226e-02	-1.001439e-01	1.436168e-01	-1.873587e-01	-1.252606e-01	1.516579e-01	1.131887e-02	-1.906068e-03	3.492599e-03	-5.826711e-03	5.469792e-04	1.550105e-03	3.609242e-03	-5.936300e-03	9.030837e-03	2.385807e-03	-4.786972e-03	
5.769170e-03	-3.014405e-02	3.685762e-02	-6.364113e-01	9.461867e-01	-9.867702e-01	1.000000e+00	-4.444732e-01	2.333236e-02	1.124047e-01	-1.573203e-01	2.022106e-01	1.205784e-01	-1.574305e-01	-1.263308e-02	-4.185206e-04	-1.114805e-03	3.832350e-03	-3.825469e-03	1.604987e-03	-6.940821e-03	9.624946e-03	-1.283273e-02	-4.753374e-03	7.919458e-03	
2.840836e-02	1.550301e-01	-1.006517e-02	7.217256e-02	-5.780608e-01	5.142119e-01	-4.444732e-01	1.000000e+00	-8.825303e-01	1.150277e-01	-9.908816e-02	6.932018e-02	-7.398102e-02	-8.733122e-02	-2.942138e-02	2.281930e-02	-2.172203e-02	1.675938e-02	4.974827e-02	-5.193606e-02	2.366944e-02	-2.589801e-02	2.803757e-02	-2.365764e-03	-7.865852e-03	
-8.788515e-03	-1.455742e-01	-2.422613e-02	2.150136e-01	1.678429e-01	-9.104226e-02	2.333236e-02	-8.825303e-01	1.000000e+00	-1.746568e-01	1.756815e-01	-1.600780e-01	3.063102e-02	1.805899e-01	4.650365e-02	-1.952045e-02	1.917379e-02	-1.587758e-02	-4.466826e-02	4.822764e-02	-1.473495e-02	1.376724e-02	-1.263757e-02	1.163577e-02	-4.850052e-03	
-2.788597e-02	2.855324e-02	-3.139722e-01	1.432297e-01	8.787498e-02	-1.001439e-01	1.124047e-01	1.150277e-01	-1.746568e-01	1.000000e+00	-9.831453e-01	9.152849e-01	-7.420291e-01	5.608968e-01	2.242575e-01	5.130961e-02	-5.264270e-02	4.977807e-02	2.935649e-03	-1.719541e-02	1.551905e-01	-1.985839e-01	2.477311e-01	5.996964e-02	-1.145158e-01	
4.290607e-02	-3.147372e-02	4.295753e-01	-2.003194e-01	-1.276595e-01	1.436168e-01	-1.573203e-01	-9.908816e-02	1.756815e-01	-9.831453e-01	1.000000e+00	-9.727006e-01	6.855797e-01	-4.972949e-01	-3.036447e-01	-6.710075e-02	6.914646e-02	-6.599809e-02	-4.115491e-03	2.320011e-02	-2.071690e-01	2.657587e-01	-3.326370e-01	-8.356238e-02	1.564735e-01	
-7.687589e-02	4.143899e-02	-5.685207e-01	2.771438e-01	1.676119e-01	-1.873587e-01	2.022106e-01	6.932018e-02	-1.600780e-01	9.152849e-01	-9.727006e-01	1.000000e+00	-5.688366e-01	3.811194e-01	3.990969e-01	8.425912e-02	-8.740454e-02	8.428679e-02	5.642125e-03	-3.050525e-02	2.692605e-01	-3.465896e-01	4.357056e-01	1.110606e-01	-2.068160e-01	
1.302411e-01	-1.239854e-01	-1.651523e-01	5.949585e-02	1.171055e-01	-1.252606e-01	1.205784e-01	-7.398102e-02	3.063102e-02	-7.420291e-01	6.855797e-01	-5.688366e-01	1.000000e+00	-9.500968e-01	1.191472e-01	1.877895e-02	-2.095887e-02	2.174811e-02	5.176755e-03	-9.082700e-03	6.422684e-02	-7.989701e-02	9.479039e-02	5.012933e-02	-6.676273e-02	
-8.971947e-02	6.913495e-02	2.663368e-01	-7.483256e-02	-1.289326e-01	1.516579e-01	-1.574305e-01	-8.733122e-02	1.805899e-01	5.608968e-01	-4.972949e-01	3.811194e-01	-9.500968e-01	1.000000e+00	-1.837882e-01	-3.655380e-02	3.974981e-02	-3.985884e-02	-1.495403e-02	2.450121e-02	-1.183998e-01	1.493999e-01	-1.824931e-01	-6.616037e-02	1.038961e-01	
7.822280e-02	-2.686950e-01	-6.818525e-01	5.094863e-01	-1.145386e-02	1.131887e-02	-1.263308e-02	-2.942138e-02	4.650365e-02	2.242575e-01	-3.036447e-01	3.990969e-01	1.191472e-01	-1.837882e-01	1.000000e+00	-4.410078e-01	4.962954e-01	-5.394704e-01	-4.487450e-02	2.651182e-01	1.659927e-01	-2.279997e-01	3.050129e-01	9.729866e-02	-1.362533e-01	
6.832183e-02	8.265598e-03	-1.166311e-01	8.574752e-02	1.903363e-03	-1.906068e-03	-4.185206e-04	2.281930e-02	-1.952045e-02	5.130961e-02	-6.710075e-02	8.425912e-02	1.877895e-02	-3.655380e-02	-4.410078e-01	1.000000e+00	-9.848597e-01	9.426673e-01	-4.802539e-01	1.023241e-01	2.365783e-01	-2.758393e-01	3.066994e-01	7.094164e-02	-1.288264e-01	
-6.559884e-02	-1.004056e-02	1.203040e-01	-8.873270e-02	-3.364410e-03	3.492599e-03	-1.114805e-03	-2.172203e-02	1.917379e-02	-5.264270e-02	6.914646e-02	-8.740454e-02	-2.095887e-02	3.974981e-02	4.962954e-01	-9.848597e-01	1.000000e+00	-9.857929e-01	4.038743e-01	-1.595457e-02	-2.473755e-01	2.914809e-01	-3.272132e-01	-8.831880e-02	1.562251e-01	
5.544550e-02	3.184047e-03	-1.149286e-01	8.590672e-02	5.450755e-03	-5.826711e-03	3.832350e-03	1.675938e-02	-1.587758e-02	4.977807e-02	-6.599809e-02	8.428679e-02	2.174811e-02	-3.985884e-02	-5.394704e-01	9.426673e-01	-9.857929e-01	1.000000e+00	-3.230488e-01	-6.152210e-02	2.484593e-01	-2.954313e-01	3.343593e-01	9.946559e-02	-1.730567e-01	
3.619280e-02	1.666461e-01	4.604996e-03	-2.452357e-02	-6.527275e-04	5.469792e-04	-3.825469e-03	4.974827e-02	-4.466826e-02	2.935649e-03	-4.115491e-03	5.642125e-03	5.176755e-03	-1.495403e-02	-4.487450e-02	-4.802539e-01	4.038743e-01	-3.230488e-01	1.000000e+00	-9.067746e-01	-3.681718e-03	5.592798e-03	-7.501317e-03	7.977887e-02	-1.594023e-01	
-3.032689e-02	-1.680774e-01	2.290090e-02	1.554090e-03	-9.416267e-04	1.550105e-03	1.604987e-03	-5.193606e-02	4.822764e-02	-1.719541e-02	2.320011e-02	-3.050525e-02	-9.082700e-03	2.450121e-02	2.651182e-01	1.023241e-01	-1.595457e-02	-6.152210e-02	-9.067746e-01	1.000000e+00	-9.154006e-02	1.055218e-01	-1.153899e-01	-1.162419e-01	2.372780e-01	
2.213089e-02	-1.590472e-03	-4.083824e-01	2.933914e-01	-3.671374e-03	3.609242e-03	-6.940821e-03	2.366944e-02	-1.473495e-02	1.551905e-01	-2.071690e-01	2.692605e-01	6.422684e-02	-1.183998e-01	1.659927e-01	2.365783e-01	-2.473755e-01	2.484593e-01	-3.681718e-03	-9.154006e-02	1.000000e+00	-9.832439e-01	9.181129e-01	-6.560967e-01	4.716715e-01	
-6.209417e-03	-1.748626e-03	5.250312e-01	-3.763529e-01	6.346703e-03	-5.936300e-03	9.624946e-03	-2.589801e-02	1.376724e-02	-1.985839e-01	2.657587e-01	-3.465896e-01	-7.989701e-02	1.493999e-01	-2.279997e-01	-2.758393e-01	2.914809e-01	-2.954313e-01	5.592798e-03	1.055218e-01	-9.832439e-01	1.000000e+00	-9.742494e-01	5.812544e-01	-3.868361e-01	
-3.316377e-02	1.917022e-02	-6.547086e-01	4.678335e-01	-1.001565e-02	9.030837e-03	-1.283273e-02	2.803757e-02	-1.263757e-02	2.477311e-01	-3.326370e-01	4.357056e-01	9.479039e-02	-1.824931e-01	3.050129e-01	3.066994e-01	-3.272132e-01	3.343593e-01	-7.501317e-03	-1.153899e-01	9.181129e-01	-9.742494e-01	1.000000e+00	-4.516654e-01	2.537595e-01	
1.255456e-01	-1.028469e-01	-2.168881e-01	1.596520e-01	-1.861044e-03	2.385807e-03	-4.753374e-03	-2.365764e-03	1.163577e-02	5.996964e-02	-8.356238e-02	1.110606e-01	5.012933e-02	-6.616037e-02	9.729866e-02	7.094164e-02	-8.831880e-02	9.946559e-02	7.977887e-02	-1.162419e-01	-6.560967e-01	5.812544e-01	-4.516654e-01	1.000000e+00	-9.626425e-01	
-9.449940e-02	6.251941e-02	3.512672e-01	-2.533407e-01	4.733598e-03	-4.786972e-03	7.919458e-03	-7.865852e-03	-4.850052e-03	-1.145158e-01	1.564735e-01	-2.068160e-01	-6.676273e-02	1.038961e-01	-1.362533e-01	-1.288264e-01	1.562251e-01	-1.730567e-01	-1.594023e-01	2.372780e-01	4.716715e-01	-3.868361e-01	2.537595e-01	-9.626425e-01	1.000000e+00	

Time taken for mcmc chain: 1.879167 hours
