Number of steps: 17683278
Number of accepted steps: 1000000
Burn-in number of steps: 320000
Accepted fraction of steps: 0.056551
Convergence Status
R[0]= 1.000550	R[1]= 1.000734	R[2]= 1.009265	R[3]= 1.007555	R[4]= 1.001838	R[5]= 1.002305	R[6]= 1.002703	R[7]= 1.000903	R[8]= 1.000129	R[9]= 1.000446	R[10]= 1.000939	R[11]= 1.001849	R[12]= 1.000898	R[13]= 1.001596	R[14]= 1.004578	R[15]= 1.001306	R[16]= 1.001733	R[17]= 1.002112	R[18]= 1.000479	R[19]= 1.001643	R[20]= 1.001069	R[21]= 1.002226	R[22]= 1.004197	R[23]= 1.001590	R[24]= 1.002640	
<R>= 1.002211

Mean parameters
A[0]= 9.116074e-01 pm 3.707730e-02
A[1]= 1.033353e+00 pm 3.373776e-02
A[2]= 7.300082e-01 pm 4.861020e-01
A[3]= 3.177979e+00 pm 1.188579e+00
A[4]= -3.078415e+03 pm 3.832101e+03
A[5]= 1.386191e+03 pm 2.523544e+03
A[6]= 1.156577e+02 pm 5.898020e+02
A[7]= 1.832220e+01 pm 1.295684e+01
A[8]= -3.231011e-01 pm 1.812134e-01
A[9]= -5.741004e+03 pm 8.362099e+03
A[10]= 2.776042e+03 pm 5.017623e+03
A[11]= -6.646808e+02 pm 1.051282e+03
A[12]= 3.122916e+01 pm 4.843672e+01
A[13]= -8.401640e-01 pm 9.389314e-01
A[14]= 4.793273e+00 pm 1.651236e+00
A[15]= -7.851014e+03 pm 5.271688e+03
A[16]= 5.397158e+03 pm 3.469438e+03
A[17]= -9.187164e+02 pm 8.123403e+02
A[18]= 7.980235e+00 pm 1.936667e+01
A[19]= 5.493766e-02 pm 2.715548e-01
A[20]= 3.368508e+03 pm 1.189619e+04
A[21]= -1.870940e+03 pm 7.247094e+03
A[22]= -6.535460e+01 pm 1.546571e+03
A[23]= -4.383856e+01 pm 6.833597e+01
A[24]= 6.247038e-01 pm 1.351686e+00

Best-fitting parameters
A[0]= 9.174847e-01
A[1]= 1.028019e+00
A[2]= 5.820185e-01
A[3]= 4.034791e+00
A[4]= -5.879122e+03
A[5]= 3.424548e+03
A[6]= -4.057027e+02
A[7]= 2.495528e+01
A[8]= -3.684353e-01
A[9]= -3.393958e+03
A[10]= 1.639522e+03
A[11]= -5.147262e+02
A[12]= 1.453313e+01
A[13]= -6.328601e-01
A[14]= 4.777335e+00
A[15]= -8.362601e+03
A[16]= 5.514011e+03
A[17]= -8.807886e+02
A[18]= 1.211076e+01
A[19]= -1.026698e-02
A[20]= 8.465945e+02
A[21]= -8.329320e+02
A[22]= -1.523701e+02
A[23]= -2.052880e+01
A[24]= 1.854916e-01
chi2_min= 9.127786e+01


Cross-Covariance parameters
1.000000e+00	-5.342770e-01	-1.318828e-01	1.014702e-01	7.729440e-03	-2.620124e-03	-8.218493e-03	4.616898e-02	-1.942596e-02	-2.321500e-02	3.962839e-02	-7.557276e-02	1.291192e-01	-8.904735e-02	4.237515e-02	9.249874e-02	-9.284917e-02	8.402201e-02	4.483809e-02	-5.727145e-02	3.268638e-02	-1.334691e-02	-3.130914e-02	1.191926e-01	-9.290664e-02	
-5.342770e-01	1.000000e+00	1.593318e-01	-1.794068e-01	-2.368051e-02	2.735116e-02	-3.824555e-02	1.333406e-01	-1.237162e-01	2.291609e-02	-3.070390e-02	4.860598e-02	-1.108237e-01	5.853330e-02	-2.275903e-01	-1.544329e-02	1.577991e-02	-2.297267e-02	1.714016e-01	-1.639113e-01	-2.510707e-02	1.209511e-02	1.840476e-02	-6.811853e-02	3.119301e-02	
-1.318828e-01	1.593318e-01	1.000000e+00	-6.893692e-01	-6.956191e-03	8.548236e-03	-3.696498e-03	-5.562227e-02	4.034892e-02	-3.806915e-01	4.925373e-01	-6.224006e-01	-1.316177e-01	2.617035e-01	-6.655650e-01	-1.279988e-01	1.384432e-01	-1.386017e-01	-2.966683e-02	6.743869e-02	-4.411694e-01	5.522624e-01	-6.765282e-01	-1.736005e-01	3.221474e-01	
1.014702e-01	-1.794068e-01	-6.893692e-01	1.000000e+00	-5.371243e-01	5.889969e-01	-6.274927e-01	1.378036e-01	1.500554e-01	1.856198e-01	-2.388453e-01	3.062501e-01	2.341715e-02	-6.175128e-02	4.980514e-01	8.158027e-02	-8.859063e-02	8.935366e-02	-3.024256e-03	-2.049210e-02	3.097641e-01	-3.879799e-01	4.747603e-01	1.193790e-01	-2.199836e-01	
7.729440e-03	-2.368051e-02	-6.956191e-03	-5.371243e-01	1.000000e+00	-9.857131e-01	9.463344e-01	-6.151741e-01	2.096448e-01	7.337392e-02	-1.165838e-01	1.632275e-01	1.302149e-01	-1.344503e-01	6.381196e-04	1.616286e-02	-1.668581e-02	1.698613e-02	-9.807768e-03	4.866306e-03	-3.961936e-03	3.022550e-03	-1.483690e-03	1.642411e-02	-1.610828e-02	
-2.620124e-03	2.735116e-02	8.548236e-03	5.889969e-01	-9.857131e-01	1.000000e+00	-9.867912e-01	5.578050e-01	-1.382235e-01	-8.456946e-02	1.316515e-01	-1.826193e-01	-1.415147e-01	1.590147e-01	-1.286069e-03	-1.745509e-02	1.829433e-02	-1.898492e-02	9.859946e-03	-3.774437e-03	2.197276e-03	-8.345142e-04	-1.205046e-03	-1.609271e-02	1.668896e-02	
-8.218493e-03	-3.824555e-02	-3.696498e-03	-6.274927e-01	9.463344e-01	-9.867912e-01	1.000000e+00	-4.923341e-01	7.378291e-02	9.617303e-02	-1.447132e-01	1.970926e-01	1.398170e-01	-1.668917e-01	-1.090519e-04	1.631267e-02	-1.740203e-02	1.872702e-02	-1.320499e-02	6.374399e-03	-3.726372e-03	2.745800e-03	-1.081840e-03	1.348496e-02	-1.363828e-02	
4.616898e-02	1.333406e-01	-5.562227e-02	1.378036e-01	-6.151741e-01	5.578050e-01	-4.923341e-01	1.000000e+00	-8.797754e-01	1.227834e-01	-1.067671e-01	7.755218e-02	-7.798649e-02	-8.113444e-02	4.149018e-03	5.185159e-03	-5.410120e-03	2.199877e-03	6.938263e-02	-6.966394e-02	4.198748e-02	-4.723426e-02	5.211543e-02	1.706153e-03	-2.049275e-02	
-1.942596e-02	-1.237162e-01	4.034892e-02	1.500554e-01	2.096448e-01	-1.382235e-01	7.378291e-02	-8.797754e-01	1.000000e+00	-1.780756e-01	1.807397e-01	-1.687425e-01	3.022138e-02	1.791259e-01	2.505469e-03	-3.246629e-03	3.471747e-03	-1.155018e-03	-6.352972e-02	6.416431e-02	-3.204551e-02	3.592574e-02	-4.011265e-02	-3.306603e-03	2.014598e-02	
-2.321500e-02	2.291609e-02	-3.806915e-01	1.856198e-01	7.337392e-02	-8.456946e-02	9.617303e-02	1.227834e-01	-1.780756e-01	1.000000e+00	-9.833848e-01	9.170071e-01	-7.373996e-01	5.496706e-01	2.499186e-01	4.345374e-02	-4.717881e-02	4.654027e-02	3.498443e-02	-4.911057e-02	1.770308e-01	-2.236891e-01	2.772678e-01	5.053688e-02	-1.152543e-01	
3.962839e-02	-3.070390e-02	4.925373e-01	-2.388453e-01	-1.165838e-01	1.316515e-01	-1.447132e-01	-1.067671e-01	1.807397e-01	-9.833848e-01	1.000000e+00	-9.733930e-01	6.827196e-01	-4.870270e-01	-3.268899e-01	-5.626061e-02	6.149420e-02	-6.132302e-02	-3.995939e-02	5.799647e-02	-2.270619e-01	2.879416e-01	-3.584775e-01	-7.121993e-02	1.550685e-01	
-7.557276e-02	4.860598e-02	-6.224006e-01	3.062501e-01	1.632275e-01	-1.826193e-01	1.970926e-01	7.755218e-02	-1.687425e-01	9.170071e-01	-9.733930e-01	1.000000e+00	-5.688187e-01	3.724249e-01	4.169187e-01	7.165821e-02	-7.862057e-02	7.903657e-02	4.287970e-02	-6.597868e-02	2.860550e-01	-3.641260e-01	4.555101e-01	9.392202e-02	-2.008742e-01	
1.291192e-01	-1.108237e-01	-1.316177e-01	2.341715e-02	1.302149e-01	-1.415147e-01	1.398170e-01	-7.798649e-02	3.022138e-02	-7.373996e-01	6.827196e-01	-5.688187e-01	1.000000e+00	-9.485812e-01	9.101152e-02	3.765270e-02	-4.012523e-02	4.030052e-02	-1.525209e-02	5.057584e-03	6.047208e-02	-7.160801e-02	8.132366e-02	4.039774e-02	-5.409598e-02	
-8.904735e-02	5.853330e-02	2.617035e-01	-6.175128e-02	-1.344503e-01	1.590147e-01	-1.668917e-01	-8.113444e-02	1.791259e-01	5.496706e-01	-4.870270e-01	3.724249e-01	-9.485812e-01	1.000000e+00	-1.732832e-01	-5.079043e-02	5.520156e-02	-5.563595e-02	-4.150221e-03	1.890492e-02	-1.255375e-01	1.540095e-01	-1.845796e-01	-5.546147e-02	9.487301e-02	
4.237515e-02	-2.275903e-01	-6.655650e-01	4.980514e-01	6.381196e-04	-1.286069e-03	-1.090519e-04	4.149018e-03	2.505469e-03	2.499186e-01	-3.268899e-01	4.169187e-01	9.101152e-02	-1.732832e-01	1.000000e+00	-4.461587e-01	5.014818e-01	-5.439578e-01	4.744867e-03	2.203752e-01	1.859640e-01	-2.394734e-01	3.073814e-01	5.309929e-02	-1.021785e-01	
9.249874e-02	-1.544329e-02	-1.279988e-01	8.158027e-02	1.616286e-02	-1.745509e-02	1.631267e-02	5.185159e-03	-3.246629e-03	4.345374e-02	-5.626061e-02	7.165821e-02	3.765270e-02	-5.079043e-02	-4.461587e-01	1.000000e+00	-9.837502e-01	9.385904e-01	-5.256355e-01	1.558023e-01	2.109163e-01	-2.513365e-01	2.861137e-01	7.704447e-02	-1.252411e-01	
-9.284917e-02	1.577991e-02	1.384432e-01	-8.859063e-02	-1.668581e-02	1.829433e-02	-1.740203e-02	-5.410120e-03	3.471747e-03	-4.717881e-02	6.149420e-02	-7.862057e-02	-4.012523e-02	5.520156e-02	5.014818e-01	-9.837502e-01	1.000000e+00	-9.848120e-01	4.509500e-01	-6.811409e-02	-2.240464e-01	2.704236e-01	-3.113106e-01	-9.636947e-02	1.558604e-01	
8.402201e-02	-2.297267e-02	-1.386017e-01	8.935366e-02	1.698613e-02	-1.898492e-02	1.872702e-02	2.199877e-03	-1.155018e-03	4.654027e-02	-6.132302e-02	7.903657e-02	4.030052e-02	-5.563595e-02	-5.439578e-01	9.385904e-01	-9.848120e-01	1.000000e+00	-3.689625e-01	-1.269157e-02	2.281745e-01	-2.783751e-01	3.234744e-01	1.082069e-01	-1.748124e-01	
4.483809e-02	1.714016e-01	-2.966683e-02	-3.024256e-03	-9.807768e-03	9.859946e-03	-1.320499e-02	6.938263e-02	-6.352972e-02	3.498443e-02	-3.995939e-02	4.287970e-02	-1.525209e-02	-4.150221e-03	4.744867e-03	-5.256355e-01	4.509500e-01	-3.689625e-01	1.000000e+00	-9.072390e-01	-2.886690e-03	2.307551e-03	-1.604906e-03	8.226374e-02	-1.622948e-01	
-5.727145e-02	-1.639113e-01	6.743869e-02	-2.049210e-02	4.866306e-03	-3.774437e-03	6.374399e-03	-6.966394e-02	6.416431e-02	-4.911057e-02	5.799647e-02	-6.597868e-02	5.057584e-03	1.890492e-02	2.203752e-01	1.558023e-01	-6.811409e-02	-1.269157e-02	-9.072390e-01	1.000000e+00	-8.293920e-02	1.006782e-01	-1.154437e-01	-1.281023e-01	2.481083e-01	
3.268638e-02	-2.510707e-02	-4.411694e-01	3.097641e-01	-3.961936e-03	2.197276e-03	-3.726372e-03	4.198748e-02	-3.204551e-02	1.770308e-01	-2.270619e-01	2.860550e-01	6.047208e-02	-1.255375e-01	1.859640e-01	2.109163e-01	-2.240464e-01	2.281745e-01	-2.886690e-03	-8.293920e-02	1.000000e+00	-9.837292e-01	9.193209e-01	-6.768772e-01	4.933037e-01	
-1.334691e-02	1.209511e-02	5.522624e-01	-3.879799e-01	3.022550e-03	-8.345142e-04	2.745800e-03	-4.723426e-02	3.592574e-02	-2.236891e-01	2.879416e-01	-3.641260e-01	-7.160801e-02	1.540095e-01	-2.394734e-01	-2.513365e-01	2.704236e-01	-2.783751e-01	2.307551e-03	1.006782e-01	-9.837292e-01	1.000000e+00	-9.743114e-01	6.092465e-01	-4.150208e-01	
-3.130914e-02	1.840476e-02	-6.765282e-01	4.747603e-01	-1.483690e-03	-1.205046e-03	-1.081840e-03	5.211543e-02	-4.011265e-02	2.772678e-01	-3.584775e-01	4.555101e-01	8.132366e-02	-1.845796e-01	3.073814e-01	2.861137e-01	-3.113106e-01	3.234744e-01	-1.604906e-03	-1.154437e-01	9.193209e-01	-9.743114e-01	1.000000e+00	-4.854374e-01	2.864724e-01	
1.191926e-01	-6.811853e-02	-1.736005e-01	1.193790e-01	1.642411e-02	-1.609271e-02	1.348496e-02	1.706153e-03	-3.306603e-03	5.053688e-02	-7.121993e-02	9.392202e-02	4.039774e-02	-5.546147e-02	5.309929e-02	7.704447e-02	-9.636947e-02	1.082069e-01	8.226374e-02	-1.281023e-01	-6.768772e-01	6.092465e-01	-4.854374e-01	1.000000e+00	-9.620341e-01	
-9.290664e-02	3.119301e-02	3.221474e-01	-2.199836e-01	-1.610828e-02	1.668896e-02	-1.363828e-02	-2.049275e-02	2.014598e-02	-1.152543e-01	1.550685e-01	-2.008742e-01	-5.409598e-02	9.487301e-02	-1.021785e-01	-1.252411e-01	1.558604e-01	-1.748124e-01	-1.622948e-01	2.481083e-01	4.933037e-01	-4.150208e-01	2.864724e-01	-9.620341e-01	1.000000e+00	

Time taken for mcmc chain: 1.446389 hours
