Number of steps: 14474603
Number of accepted steps: 1000000
Burn-in number of steps: 320000
Accepted fraction of steps: 0.069087
Convergence Status
R[0]= 1.000811	R[1]= 1.001723	R[2]= 1.002826	R[3]= 1.002889	R[4]= 1.000596	R[5]= 1.000662	R[6]= 1.000702	R[7]= 1.000311	R[8]= 1.000116	R[9]= 1.001044	R[10]= 1.001201	R[11]= 1.001325	R[12]= 1.000169	R[13]= 1.000065	R[14]= 1.001052	R[15]= 1.000714	R[16]= 1.001025	R[17]= 1.001324	R[18]= 1.000163	R[19]= 1.000148	R[20]= 1.000491	R[21]= 1.000707	R[22]= 1.001103	R[23]= 1.000465	R[24]= 1.000903	
<R>= 1.000901

Mean parameters
A[0]= 9.837777e-01 pm 2.815156e-02
A[1]= 1.072615e+00 pm 2.302903e-02
A[2]= 6.212952e-01 pm 3.624470e-01
A[3]= 4.197541e+00 pm 1.101547e+00
A[4]= -2.269664e+03 pm 3.718430e+03
A[5]= 1.718783e+03 pm 2.436331e+03
A[6]= -1.102602e+02 pm 5.746562e+02
A[7]= -1.963191e+00 pm 1.326248e+01
A[8]= 5.726940e-02 pm 1.756494e-01
A[9]= 3.631822e+03 pm 8.667422e+03
A[10]= -2.339318e+03 pm 5.303173e+03
A[11]= 2.371889e+02 pm 1.149355e+03
A[12]= -5.269474e+01 pm 4.814648e+01
A[13]= 1.262227e+00 pm 9.292198e-01
A[14]= 5.260406e+00 pm 1.532993e+00
A[15]= -5.531749e+03 pm 5.154270e+03
A[16]= 4.707319e+03 pm 3.388476e+03
A[17]= -9.426294e+02 pm 8.035666e+02
A[18]= 4.100228e+00 pm 1.959035e+01
A[19]= 9.491931e-02 pm 2.560811e-01
A[20]= 1.028037e+04 pm 1.152944e+04
A[21]= -4.991047e+03 pm 6.948374e+03
A[22]= 3.286982e+02 pm 1.471968e+03
A[23]= -5.414963e+01 pm 6.596752e+01
A[24]= 6.095142e-01 pm 1.270793e+00

Best-fitting parameters
A[0]= 9.919235e-01
A[1]= 1.065259e+00
A[2]= 4.072851e-01
A[3]= 5.269847e+00
A[4]= -5.791969e+03
A[5]= 3.948678e+03
A[6]= -5.979578e+02
A[7]= 6.788095e+00
A[8]= 2.061744e-02
A[9]= 4.644447e+03
A[10]= -2.899880e+03
A[11]= 3.912133e+02
A[12]= -4.192987e+01
A[13]= 9.869840e-01
A[14]= 6.522428e+00
A[15]= -8.596334e+03
A[16]= 6.702745e+03
A[17]= -1.396068e+03
A[18]= 7.081570e+00
A[19]= 1.523015e-01
A[20]= 9.376099e+03
A[21]= -4.752550e+03
A[22]= 4.087093e+02
A[23]= -3.706886e+01
A[24]= 4.094685e-01
chi2_min= 1.074740e+02


Cross-Covariance parameters
1.000000e+00	-4.657962e-01	-1.699796e-01	9.980915e-02	3.703720e-02	-4.067480e-02	3.355737e-02	6.450579e-02	-6.970784e-02	8.881280e-03	-9.165705e-03	-6.277941e-03	1.277222e-01	-1.112430e-01	7.658687e-02	5.365573e-02	-5.359534e-02	4.488079e-02	6.885384e-02	-8.070791e-02	2.220685e-02	-2.029956e-02	1.165351e-03	1.279159e-01	-1.207475e-01	
-4.657962e-01	1.000000e+00	1.086289e-01	-1.496121e-01	8.854010e-03	2.172231e-03	-2.110611e-02	9.562694e-02	-9.431725e-02	1.663547e-02	-2.598151e-02	4.377849e-02	-8.428017e-02	3.565240e-02	-1.450231e-01	-9.466553e-03	1.496362e-02	-2.585909e-02	1.154323e-01	-1.115903e-01	-9.474237e-03	9.654478e-04	2.064797e-02	-5.335715e-02	2.320557e-02	
-1.699796e-01	1.086289e-01	1.000000e+00	-7.182616e-01	-7.911265e-02	8.892202e-02	-8.742039e-02	-2.287911e-02	5.750089e-02	-4.400429e-01	5.631800e-01	-7.004490e-01	-7.509625e-02	2.591585e-01	-6.991062e-01	-5.917649e-03	3.461363e-03	5.418131e-03	-4.482457e-02	3.579123e-02	-4.000961e-01	5.112493e-01	-6.464402e-01	-7.685942e-02	2.328011e-01	
9.980915e-02	-1.496121e-01	-7.182616e-01	1.000000e+00	-4.641286e-01	5.138055e-01	-5.541540e-01	2.105131e-01	3.421015e-02	2.376219e-01	-3.056609e-01	3.836677e-01	2.017117e-02	-1.108667e-01	5.153637e-01	6.777286e-03	-7.700103e-03	4.427771e-03	9.462780e-03	-5.856668e-03	2.888841e-01	-3.700502e-01	4.692167e-01	5.548821e-02	-1.665779e-01	
3.703720e-02	8.854010e-03	-7.911265e-02	-4.641286e-01	1.000000e+00	-9.843316e-01	9.394080e-01	-7.141483e-01	3.394336e-01	1.110680e-01	-1.550134e-01	2.040403e-01	6.700782e-02	-7.144278e-02	5.344321e-02	6.529215e-03	-7.173230e-03	6.984754e-03	1.500477e-02	-1.746781e-02	4.132520e-02	-5.073199e-02	6.140115e-02	8.513479e-03	-2.421493e-02	
-4.067480e-02	2.172231e-03	8.892202e-02	5.138055e-01	-9.843316e-01	1.000000e+00	-9.846090e-01	6.699724e-01	-2.762149e-01	-1.257072e-01	1.737657e-01	-2.274864e-01	-7.485181e-02	9.288989e-02	-6.339715e-02	-5.397046e-03	5.661960e-03	-5.224862e-03	-1.488193e-02	1.648609e-02	-4.519410e-02	5.558285e-02	-6.735281e-02	-9.081259e-03	2.591973e-02	
3.355737e-02	-2.110611e-02	-8.742039e-02	-5.541540e-01	9.394080e-01	-9.846090e-01	1.000000e+00	-6.088164e-01	2.118625e-01	1.395121e-01	-1.887628e-01	2.436333e-01	7.056315e-02	-9.862501e-02	6.739707e-02	3.080744e-03	-3.036395e-03	2.731076e-03	1.094772e-02	-1.145369e-02	4.425957e-02	-5.436494e-02	6.579767e-02	7.556069e-03	-2.333274e-02	
6.450579e-02	9.562694e-02	-2.287911e-02	2.105131e-01	-7.141483e-01	6.699724e-01	-6.088164e-01	1.000000e+00	-8.805156e-01	6.402899e-02	-4.123595e-02	6.057793e-03	-4.882907e-02	-9.330741e-02	3.491696e-04	2.878892e-03	-2.124333e-04	-4.545940e-03	2.666857e-02	-2.507071e-02	4.113750e-03	-6.108591e-03	8.171886e-03	9.793535e-03	-1.546582e-02	
-6.970784e-02	-9.431725e-02	5.750089e-02	3.421015e-02	3.394336e-01	-2.762149e-01	2.118625e-01	-8.805156e-01	1.000000e+00	-1.481278e-01	1.438984e-01	-1.260549e-01	2.990647e-02	1.738082e-01	-2.768693e-02	-3.257969e-03	-1.756498e-04	5.528184e-03	-3.131174e-02	2.875113e-02	-2.424504e-02	2.979436e-02	-3.599046e-02	-9.530136e-03	2.174359e-02	
8.881280e-03	1.663547e-02	-4.400429e-01	2.376219e-01	1.110680e-01	-1.257072e-01	1.395121e-01	6.402899e-02	-1.481278e-01	1.000000e+00	-9.825977e-01	9.141046e-01	-7.590256e-01	5.503091e-01	3.112629e-01	3.498901e-03	-2.350466e-03	-1.451738e-03	2.839948e-02	-2.540088e-02	1.927634e-01	-2.437494e-01	3.068221e-01	2.518666e-02	-1.020438e-01	
-9.165705e-03	-2.598151e-02	5.631800e-01	-3.056609e-01	-1.550134e-01	1.737657e-01	-1.887628e-01	-4.123595e-02	1.438984e-01	-9.825977e-01	1.000000e+00	-9.727731e-01	7.001838e-01	-4.793796e-01	-3.984802e-01	-3.861646e-03	2.488350e-03	2.365615e-03	-3.452255e-02	3.052252e-02	-2.442070e-01	3.099231e-01	-3.913547e-01	-3.236283e-02	1.299346e-01	
-6.277941e-03	4.377849e-02	-7.004490e-01	3.836677e-01	2.040403e-01	-2.274864e-01	2.436333e-01	6.057793e-03	-1.260549e-01	9.141046e-01	-9.727731e-01	1.000000e+00	-5.786467e-01	3.526180e-01	4.965532e-01	3.344398e-03	-1.706079e-03	-4.232290e-03	3.969172e-02	-3.424329e-02	3.020451e-01	-3.845793e-01	4.872444e-01	3.809082e-02	-1.591273e-01	
1.277222e-01	-8.428017e-02	-7.509625e-02	2.017117e-02	6.700782e-02	-7.485181e-02	7.056315e-02	-4.882907e-02	2.990647e-02	-7.590256e-01	7.001838e-01	-5.786467e-01	1.000000e+00	-9.416566e-01	5.179075e-02	1.095765e-03	-1.942675e-03	1.657052e-03	4.075369e-03	-3.406829e-03	1.414372e-02	-2.066633e-02	2.662509e-02	2.390560e-02	-2.812656e-02	
-1.112430e-01	3.565240e-02	2.591585e-01	-1.108667e-01	-7.144278e-02	9.288989e-02	-9.862501e-02	-9.330741e-02	1.738082e-01	5.503091e-01	-4.793796e-01	3.526180e-01	-9.416566e-01	1.000000e+00	-1.802953e-01	1.196645e-04	-1.106749e-04	2.494522e-03	-2.050029e-02	1.742352e-02	-9.431475e-02	1.230296e-01	-1.569828e-01	-3.246904e-02	6.997709e-02	
7.658687e-02	-1.450231e-01	-6.991062e-01	5.153637e-01	5.344321e-02	-6.339715e-02	6.739707e-02	3.491696e-04	-2.768693e-02	3.112629e-01	-3.984802e-01	4.965532e-01	5.179075e-02	-1.802953e-01	1.000000e+00	-5.145722e-01	5.813614e-01	-6.333145e-01	1.586390e-01	1.098895e-01	1.784586e-01	-2.305405e-01	3.003258e-01	2.937546e-02	-9.388367e-02	
5.365573e-02	-9.466553e-03	-5.917649e-03	6.777286e-03	6.529215e-03	-5.397046e-03	3.080744e-03	2.878892e-03	-3.257969e-03	3.498901e-03	-3.861646e-03	3.344398e-03	1.095765e-03	1.196645e-04	-5.145722e-01	1.000000e+00	-9.828832e-01	9.339994e-01	-6.824109e-01	3.317318e-01	1.563245e-01	-1.899230e-01	2.219645e-01	-5.654985e-03	-1.721573e-02	
-5.359534e-02	1.496362e-02	3.461363e-03	-7.700103e-03	-7.173230e-03	5.661960e-03	-3.036395e-03	-2.124333e-04	-1.756498e-04	-2.350466e-03	2.488350e-03	-1.706079e-03	-1.942675e-03	-1.106749e-04	5.813614e-01	-9.828832e-01	1.000000e+00	-9.833369e-01	6.252576e-01	-2.537031e-01	-1.650287e-01	2.035610e-01	-2.410542e-01	-4.754792e-03	3.725736e-02	
4.488079e-02	-2.585909e-02	5.418131e-03	4.427771e-03	6.984754e-03	-5.224862e-03	2.731076e-03	-4.545940e-03	5.528184e-03	-1.451738e-03	2.365615e-03	-4.232290e-03	1.657052e-03	2.494522e-03	-6.333145e-01	9.339994e-01	-9.833369e-01	1.000000e+00	-5.490933e-01	1.716166e-01	1.668980e-01	-2.084196e-01	2.494708e-01	1.131403e-02	-5.020936e-02	
6.885384e-02	1.154323e-01	-4.482457e-02	9.462780e-03	1.500477e-02	-1.488193e-02	1.094772e-02	2.666857e-02	-3.131174e-02	2.839948e-02	-3.452255e-02	3.969172e-02	4.075369e-03	-2.050029e-02	1.586390e-01	-6.824109e-01	6.252576e-01	-5.490933e-01	1.000000e+00	-9.002941e-01	-3.779499e-02	4.661877e-02	-5.576946e-02	8.238385e-02	-1.558636e-01	
-8.070791e-02	-1.115903e-01	3.579123e-02	-5.856668e-03	-1.746781e-02	1.648609e-02	-1.145369e-02	-2.507071e-02	2.875113e-02	-2.540088e-02	3.052252e-02	-3.424329e-02	-3.406829e-03	1.742352e-02	1.098895e-01	3.317318e-01	-2.537031e-01	1.716166e-01	-9.002941e-01	1.000000e+00	-3.349687e-02	3.932433e-02	-4.285034e-02	-9.865709e-02	2.120008e-01	
2.220685e-02	-9.474237e-03	-4.000961e-01	2.888841e-01	4.132520e-02	-4.519410e-02	4.425957e-02	4.113750e-03	-2.424504e-02	1.927634e-01	-2.442070e-01	3.020451e-01	1.414372e-02	-9.431475e-02	1.784586e-01	1.563245e-01	-1.650287e-01	1.668980e-01	-3.779499e-02	-3.349687e-02	1.000000e+00	-9.841903e-01	9.186215e-01	-7.711626e-01	6.025183e-01	
-2.029956e-02	9.654478e-04	5.112493e-01	-3.700502e-01	-5.073199e-02	5.558285e-02	-5.436494e-02	-6.108591e-03	2.979436e-02	-2.437494e-01	3.099231e-01	-3.845793e-01	-2.066633e-02	1.230296e-01	-2.305405e-01	-1.899230e-01	2.035610e-01	-2.084196e-01	4.661877e-02	3.932433e-02	-9.841903e-01	1.000000e+00	-9.732394e-01	7.244804e-01	-5.447847e-01	
1.165351e-03	2.064797e-02	-6.464402e-01	4.692167e-01	6.140115e-02	-6.735281e-02	6.579767e-02	8.171886e-03	-3.599046e-02	3.068221e-01	-3.913547e-01	4.872444e-01	2.662509e-02	-1.569828e-01	3.003258e-01	2.219645e-01	-2.410542e-01	2.494708e-01	-5.576946e-02	-4.285034e-02	9.186215e-01	-9.732394e-01	1.000000e+00	-6.153357e-01	4.288140e-01	
1.279159e-01	-5.335715e-02	-7.685942e-02	5.548821e-02	8.513479e-03	-9.081259e-03	7.556069e-03	9.793535e-03	-9.530136e-03	2.518666e-02	-3.236283e-02	3.809082e-02	2.390560e-02	-3.246904e-02	2.937546e-02	-5.654985e-03	-4.754792e-03	1.131403e-02	8.238385e-02	-9.865709e-02	-7.711626e-01	7.244804e-01	-6.153357e-01	1.000000e+00	-9.606869e-01	
-1.207475e-01	2.320557e-02	2.328011e-01	-1.665779e-01	-2.421493e-02	2.591973e-02	-2.333274e-02	-1.546582e-02	2.174359e-02	-1.020438e-01	1.299346e-01	-1.591273e-01	-2.812656e-02	6.997709e-02	-9.388367e-02	-1.721573e-02	3.725736e-02	-5.020936e-02	-1.558636e-01	2.120008e-01	6.025183e-01	-5.447847e-01	4.288140e-01	-9.606869e-01	1.000000e+00	

Time taken for mcmc chain: 1.107222 hours
