Number of steps: 9769116
Number of accepted steps: 1000000
Burn-in number of steps: 320000
Accepted fraction of steps: 0.102363
Convergence Status
R[0]= 1.002351	R[1]= 1.002783	R[2]= 1.005274	R[3]= 1.003051	R[4]= 1.000803	R[5]= 1.000879	R[6]= 1.001015	R[7]= 1.000876	R[8]= 1.000508	R[9]= 1.001765	R[10]= 1.002149	R[11]= 1.002446	R[12]= 1.000611	R[13]= 1.000299	R[14]= 1.002298	R[15]= 1.000268	R[16]= 1.000168	R[17]= 1.000164	R[18]= 1.000114	R[19]= 1.000112	R[20]= 1.000445	R[21]= 1.000506	R[22]= 1.000673	R[23]= 1.000846	R[24]= 1.001366	
<R>= 1.001271

Mean parameters
A[0]= 9.741692e-01 pm 3.315798e-02
A[1]= 1.058348e+00 pm 2.480425e-02
A[2]= 5.681346e-01 pm 3.762778e-01
A[3]= 4.166155e+00 pm 1.138944e+00
A[4]= -5.019515e+03 pm 3.736305e+03
A[5]= 2.812155e+03 pm 2.455121e+03
A[6]= -2.336876e+02 pm 5.784611e+02
A[7]= 8.857249e+00 pm 1.322935e+01
A[8]= -8.930790e-02 pm 1.780488e-01
A[9]= -5.252411e+02 pm 8.592251e+03
A[10]= -3.177142e+02 pm 5.224426e+03
A[11]= -6.437111e+01 pm 1.122586e+03
A[12]= -2.053096e+01 pm 4.871371e+01
A[13]= 4.849138e-01 pm 9.392319e-01
A[14]= 5.390374e+00 pm 1.632025e+00
A[15]= -5.860241e+03 pm 5.207916e+03
A[16]= 4.706336e+03 pm 3.418033e+03
A[17]= -9.112590e+02 pm 8.072770e+02
A[18]= 2.969957e+00 pm 1.948767e+01
A[19]= 1.296827e-01 pm 2.587244e-01
A[20]= 8.187569e+03 pm 1.153508e+04
A[21]= -4.163826e+03 pm 6.929018e+03
A[22]= 2.661535e+02 pm 1.458689e+03
A[23]= -4.121888e+01 pm 6.687146e+01
A[24]= 4.443827e-01 pm 1.291000e+00

Best-fitting parameters
A[0]= 9.789490e-01
A[1]= 1.054623e+00
A[2]= 4.362590e-01
A[3]= 4.792199e+00
A[4]= -6.546413e+03
A[5]= 3.886133e+03
A[6]= -5.134963e+02
A[7]= 1.506447e+01
A[8]= -1.765166e-01
A[9]= 1.307460e+03
A[10]= -1.437511e+03
A[11]= 1.808496e+02
A[12]= -2.576584e+01
A[13]= 4.556207e-01
A[14]= 5.977786e+00
A[15]= -8.997726e+03
A[16]= 6.535476e+03
A[17]= -1.267480e+03
A[18]= 1.189408e+01
A[19]= 1.064753e-01
A[20]= 5.918864e+03
A[21]= -3.395050e+03
A[22]= 2.587980e+02
A[23]= -2.979277e+01
A[24]= 1.862577e-01
chi2_min= 1.120162e+02


Cross-Covariance parameters
1.000000e+00	-4.923947e-01	-1.925435e-01	7.659157e-02	7.851632e-02	-8.172571e-02	7.267129e-02	6.116175e-02	-8.250360e-02	6.651609e-04	3.876949e-04	-1.742439e-02	1.656400e-01	-1.497361e-01	1.048331e-01	2.801817e-02	-2.361835e-02	1.138882e-02	7.633418e-02	-6.632353e-02	1.426530e-02	-7.880368e-03	-1.837604e-02	1.429200e-01	-1.296203e-01	
-4.923947e-01	1.000000e+00	1.823305e-01	-1.764094e-01	-3.792380e-02	4.758146e-02	-6.304290e-02	1.266815e-01	-1.092346e-01	8.916437e-03	-8.380058e-03	1.505232e-02	-1.188065e-01	7.433100e-02	-2.287501e-01	4.078116e-02	-4.160090e-02	3.495305e-02	1.120947e-01	-1.386555e-01	-1.074584e-02	5.489348e-03	1.290753e-02	-6.547405e-02	3.256092e-02	
-1.925435e-01	1.823305e-01	1.000000e+00	-6.967729e-01	-7.359612e-02	8.553649e-02	-8.716764e-02	-2.840065e-02	5.837495e-02	-4.187651e-01	5.416744e-01	-6.808220e-01	-1.011821e-01	2.662283e-01	-6.920953e-01	7.358349e-03	-1.406224e-02	2.436139e-02	-3.426721e-02	1.004753e-02	-3.860385e-01	4.967672e-01	-6.303504e-01	-9.639635e-02	2.387899e-01	
7.659157e-02	-1.764094e-01	-6.967729e-01	1.000000e+00	-4.830697e-01	5.328237e-01	-5.714894e-01	1.904220e-01	6.559717e-02	2.306560e-01	-2.963194e-01	3.737305e-01	1.752547e-02	-9.248536e-02	5.166346e-01	-1.883453e-02	2.456608e-02	-3.128410e-02	2.593692e-03	1.861145e-02	2.734929e-01	-3.522880e-01	4.481890e-01	6.208561e-02	-1.631534e-01	
7.851632e-02	-3.792380e-02	-7.359612e-02	-4.830697e-01	1.000000e+00	-9.845830e-01	9.409871e-01	-6.877636e-01	3.046293e-01	8.059052e-02	-1.245083e-01	1.736357e-01	9.968436e-02	-9.890667e-02	4.423336e-02	6.555094e-03	-9.147487e-03	1.092232e-02	1.879603e-02	-2.097313e-02	3.292255e-02	-4.054045e-02	4.830121e-02	1.740367e-02	-2.875872e-02	
-8.172571e-02	4.758146e-02	8.553649e-02	5.328237e-01	-9.845830e-01	1.000000e+00	-9.851724e-01	6.398696e-01	-2.384953e-01	-9.503760e-02	1.430798e-01	-1.968747e-01	-1.082892e-01	1.214621e-01	-5.039082e-02	-8.660733e-03	1.192910e-02	-1.432092e-02	-1.803275e-02	2.133505e-02	-3.872717e-02	4.765144e-02	-5.697549e-02	-1.761622e-02	3.027633e-02	
7.267129e-02	-6.304290e-02	-8.716764e-02	-5.714894e-01	9.409871e-01	-9.851724e-01	1.000000e+00	-5.782460e-01	1.744339e-01	1.094874e-01	-1.589265e-01	2.141085e-01	1.040999e-01	-1.277322e-01	5.196086e-02	9.885358e-03	-1.377613e-02	1.703060e-02	1.279258e-02	-1.706284e-02	4.025199e-02	-4.945183e-02	5.925756e-02	1.554927e-02	-2.774520e-02	
6.116175e-02	1.266815e-01	-2.840065e-02	1.904220e-01	-6.877636e-01	6.398696e-01	-5.782460e-01	1.000000e+00	-8.809050e-01	9.225650e-02	-6.966420e-02	3.363572e-02	-6.520668e-02	-8.409813e-02	-5.273062e-03	1.636184e-02	-1.486588e-02	1.002498e-02	2.649922e-02	-2.957320e-02	1.150045e-02	-1.592973e-02	2.129348e-02	1.313596e-02	-2.204706e-02	
-8.250360e-02	-1.092346e-01	5.837495e-02	6.559717e-02	3.046293e-01	-2.384953e-01	1.744339e-01	-8.809050e-01	1.000000e+00	-1.606124e-01	1.570382e-01	-1.390424e-01	3.112670e-02	1.742805e-01	-1.123367e-02	-2.059281e-02	2.155638e-02	-1.885263e-02	-3.273928e-02	3.820293e-02	-2.809013e-02	3.618564e-02	-4.555802e-02	-1.831692e-02	3.277794e-02	
6.651609e-04	8.916437e-03	-4.187651e-01	2.306560e-01	8.059052e-02	-9.503760e-02	1.094874e-01	9.225650e-02	-1.606124e-01	1.000000e+00	-9.826042e-01	9.136561e-01	-7.547012e-01	5.572024e-01	2.803325e-01	1.382240e-02	-1.460688e-02	1.256753e-02	1.100840e-02	-1.044260e-02	1.723337e-01	-2.235858e-01	2.877005e-01	4.300406e-02	-1.114551e-01	
3.876949e-04	-8.380058e-03	5.416744e-01	-2.963194e-01	-1.245083e-01	1.430798e-01	-1.589265e-01	-6.966420e-02	1.570382e-01	-9.826042e-01	1.000000e+00	-9.724733e-01	6.977132e-01	-4.893330e-01	-3.662197e-01	-1.305757e-02	1.321738e-02	-1.016840e-02	-1.703441e-02	1.423545e-02	-2.243088e-01	2.903445e-01	-3.727662e-01	-5.107665e-02	1.395419e-01	
-1.742439e-02	1.505232e-02	-6.808220e-01	3.737305e-01	1.736357e-01	-1.968747e-01	2.141085e-01	3.363572e-02	-1.390424e-01	9.136561e-01	-9.724733e-01	1.000000e+00	-5.780374e-01	3.655171e-01	4.646440e-01	1.074233e-02	-1.017620e-02	6.147248e-03	2.330721e-02	-1.770985e-02	2.842075e-01	-3.674583e-01	4.714823e-01	5.773298e-02	-1.696130e-01	
1.656400e-01	-1.188065e-01	-1.011821e-01	1.752547e-02	9.968436e-02	-1.082892e-01	1.040999e-01	-6.520668e-02	3.112670e-02	-7.547012e-01	6.977132e-01	-5.780374e-01	1.000000e+00	-9.452701e-01	8.187416e-02	-1.620841e-02	1.780128e-02	-1.932539e-02	1.988676e-02	-9.417157e-03	3.318587e-02	-3.969247e-02	4.408377e-02	1.593963e-02	-2.252149e-02	
-1.497361e-01	7.433100e-02	2.662283e-01	-9.248536e-02	-9.890667e-02	1.214621e-01	-1.277322e-01	-8.409813e-02	1.742805e-01	5.572024e-01	-4.893330e-01	3.655171e-01	-9.452701e-01	1.000000e+00	-1.904233e-01	1.345251e-02	-1.454200e-02	1.683487e-02	-3.249475e-02	2.081165e-02	-1.050762e-01	1.330222e-01	-1.645750e-01	-2.782785e-02	6.391498e-02	
1.048331e-01	-2.287501e-01	-6.920953e-01	5.166346e-01	4.423336e-02	-5.039082e-02	5.196086e-02	-5.273062e-03	-1.123367e-02	2.803325e-01	-3.662197e-01	4.646440e-01	8.187416e-02	-1.904233e-01	1.000000e+00	-5.292084e-01	5.975885e-01	-6.493356e-01	1.172857e-01	1.641594e-01	1.686923e-01	-2.222494e-01	2.926718e-01	3.893220e-02	-8.967302e-02	
2.801817e-02	4.078116e-02	7.358349e-03	-1.883453e-02	6.555094e-03	-8.660733e-03	9.885358e-03	1.636184e-02	-2.059281e-02	1.382240e-02	-1.305757e-02	1.074233e-02	-1.620841e-02	1.345251e-02	-5.292084e-01	1.000000e+00	-9.833126e-01	9.355322e-01	-6.491362e-01	2.877891e-01	1.502083e-01	-1.787059e-01	2.059662e-01	7.191012e-03	-3.424308e-02	
-2.361835e-02	-4.160090e-02	-1.406224e-02	2.456608e-02	-9.147487e-03	1.192910e-02	-1.377613e-02	-1.486588e-02	2.155638e-02	-1.460688e-02	1.321738e-02	-1.017620e-02	1.780128e-02	-1.454200e-02	5.975885e-01	-9.833126e-01	1.000000e+00	-9.837032e-01	5.888924e-01	-2.084878e-01	-1.560542e-01	1.892129e-01	-2.217107e-01	-1.642360e-02	5.245382e-02	
1.138882e-02	3.495305e-02	2.436139e-02	-3.128410e-02	1.092232e-02	-1.432092e-02	1.703060e-02	1.002498e-02	-1.885263e-02	1.256753e-02	-1.016840e-02	6.147248e-03	-1.932539e-02	1.683487e-02	-6.493356e-01	9.355322e-01	-9.837032e-01	1.000000e+00	-5.115813e-01	1.269446e-01	1.565691e-01	-1.928430e-01	2.291200e-01	2.152569e-02	-6.364463e-02	
7.633418e-02	1.120947e-01	-3.426721e-02	2.593692e-03	1.879603e-02	-1.803275e-02	1.279258e-02	2.649922e-02	-3.273928e-02	1.100840e-02	-1.703441e-02	2.330721e-02	1.988676e-02	-3.249475e-02	1.172857e-01	-6.491362e-01	5.888924e-01	-5.115813e-01	1.000000e+00	-8.995973e-01	-3.354666e-02	4.054099e-02	-4.907965e-02	7.460620e-02	-1.461691e-01	
-6.632353e-02	-1.386555e-01	1.004753e-02	1.861145e-02	-2.097313e-02	2.133505e-02	-1.706284e-02	-2.957320e-02	3.820293e-02	-1.044260e-02	1.423545e-02	-1.770985e-02	-9.417157e-03	2.081165e-02	1.641594e-01	2.877891e-01	-2.084878e-01	1.269446e-01	-8.995973e-01	1.000000e+00	-3.003045e-02	3.509140e-02	-3.691064e-02	-9.201644e-02	2.017466e-01	
1.426530e-02	-1.074584e-02	-3.860385e-01	2.734929e-01	3.292255e-02	-3.872717e-02	4.025199e-02	1.150045e-02	-2.809013e-02	1.723337e-01	-2.243088e-01	2.842075e-01	3.318587e-02	-1.050762e-01	1.686923e-01	1.502083e-01	-1.560542e-01	1.565691e-01	-3.354666e-02	-3.003045e-02	1.000000e+00	-9.842918e-01	9.188301e-01	-7.654659e-01	6.027720e-01	
-7.880368e-03	5.489348e-03	4.967672e-01	-3.522880e-01	-4.054045e-02	4.765144e-02	-4.945183e-02	-1.592973e-02	3.618564e-02	-2.235858e-01	2.903445e-01	-3.674583e-01	-3.969247e-02	1.330222e-01	-2.222494e-01	-1.787059e-01	1.892129e-01	-1.928430e-01	4.054099e-02	3.509140e-02	-9.842918e-01	1.000000e+00	-9.732289e-01	7.190719e-01	-5.460794e-01	
-1.837604e-02	1.290753e-02	-6.303504e-01	4.481890e-01	4.830121e-02	-5.697549e-02	5.925756e-02	2.129348e-02	-4.555802e-02	2.877005e-01	-3.727662e-01	4.714823e-01	4.408377e-02	-1.645750e-01	2.926718e-01	2.059662e-01	-2.217107e-01	2.291200e-01	-4.907965e-02	-3.691064e-02	9.188301e-01	-9.732289e-01	1.000000e+00	-6.113997e-01	4.322707e-01	
1.429200e-01	-6.547405e-02	-9.639635e-02	6.208561e-02	1.740367e-02	-1.761622e-02	1.554927e-02	1.313596e-02	-1.831692e-02	4.300406e-02	-5.107665e-02	5.773298e-02	1.593963e-02	-2.782785e-02	3.893220e-02	7.191012e-03	-1.642360e-02	2.152569e-02	7.460620e-02	-9.201644e-02	-7.654659e-01	7.190719e-01	-6.113997e-01	1.000000e+00	-9.628869e-01	
-1.296203e-01	3.256092e-02	2.387899e-01	-1.631534e-01	-2.875872e-02	3.027633e-02	-2.774520e-02	-2.204706e-02	3.277794e-02	-1.114551e-01	1.395419e-01	-1.696130e-01	-2.252149e-02	6.391498e-02	-8.967302e-02	-3.424308e-02	5.245382e-02	-6.364463e-02	-1.461691e-01	2.017466e-01	6.027720e-01	-5.460794e-01	4.322707e-01	-9.628869e-01	1.000000e+00	

Time taken for mcmc chain: 1.412222 hours
