Number of steps: 66021173
Number of accepted steps: 5000000
Burn-in number of steps: 320000
Accepted fraction of steps: 0.075733
Convergence Status
R[0]= 1.000634	R[1]= 1.000146	R[2]= 1.005950	R[3]= 1.001909	R[4]= 1.000358	R[5]= 1.000444	R[6]= 1.000556	R[7]= 1.000185	R[8]= 1.000086	R[9]= 1.000247	R[10]= 1.000233	R[11]= 1.000277	R[12]= 1.000692	R[13]= 1.000985	R[14]= 1.001025	R[15]= 1.000056	R[16]= 1.000069	R[17]= 1.000076	R[18]= 1.000199	R[19]= 1.000248	R[20]= 1.000449	R[21]= 1.000660	R[22]= 1.000937	R[23]= 1.000162	R[24]= 1.000393	
<R>= 1.000679

Mean parameters
A[0]= 9.397427e-01 pm 3.978808e-02
A[1]= 1.048390e+00 pm 3.002263e-02
A[2]= 6.542172e-01 pm 4.826807e-01
A[3]= 3.568656e+00 pm 1.219738e+00
A[4]= -4.175799e+03 pm 3.845158e+03
A[5]= 2.126198e+03 pm 2.532944e+03
A[6]= -5.895853e+01 pm 5.958707e+02
A[7]= 1.770030e+01 pm 1.319106e+01
A[8]= -2.741469e-01 pm 1.805535e-01
A[9]= -4.287074e+03 pm 8.495498e+03
A[10]= 1.938519e+03 pm 5.110931e+03
A[11]= -5.071730e+02 pm 1.078224e+03
A[12]= 2.060358e+01 pm 4.879468e+01
A[13]= -5.645730e-01 pm 9.437652e-01
A[14]= 5.066375e+00 pm 1.631431e+00
A[15]= -7.048484e+03 pm 5.308249e+03
A[16]= 5.116706e+03 pm 3.491267e+03
A[17]= -9.167223e+02 pm 8.201180e+02
A[18]= 3.837149e+00 pm 1.934531e+01
A[19]= 1.301937e-01 pm 2.638941e-01
A[20]= 5.203092e+03 pm 1.182032e+04
A[21]= -2.854308e+03 pm 7.220377e+03
A[22]= 1.014724e+02 pm 1.551677e+03
A[23]= -4.568312e+01 pm 6.787892e+01
A[24]= 6.588691e-01 pm 1.334611e+00

Best-fitting parameters
A[0]= 9.445920e-01
A[1]= 1.044269e+00
A[2]= 6.314708e-01
A[3]= 3.120699e+00
A[4]= -3.975729e+03
A[5]= 1.717687e+03
A[6]= 1.030768e+02
A[7]= 1.878030e+01
A[8]= -3.068987e-01
A[9]= -4.932085e+02
A[10]= 2.078769e+02
A[11]= -2.846228e+02
A[12]= 1.568282e+01
A[13]= -6.548389e-01
A[14]= 5.268483e+00
A[15]= -8.483308e+03
A[16]= 6.351580e+03
A[17]= -1.245217e+03
A[18]= 1.242627e+01
A[19]= 6.270403e-02
A[20]= 8.260873e+03
A[21]= -4.194747e+03
A[22]= 2.307627e+02
A[23]= -6.632604e+01
A[24]= 1.069544e+00
chi2_min= 8.783233e+01


Cross-Covariance parameters
1.000000e+00	-5.365265e-01	-1.903344e-01	1.087339e-01	2.437696e-02	-1.943726e-02	5.093452e-03	8.251010e-02	-6.572637e-02	-1.117526e-02	2.281030e-02	-5.483864e-02	1.614711e-01	-1.336192e-01	7.045496e-02	7.774183e-02	-7.828298e-02	6.815009e-02	8.288804e-02	-8.926846e-02	2.071920e-02	-8.804184e-03	-2.617543e-02	1.637981e-01	-1.411334e-01	
-5.365265e-01	1.000000e+00	1.931322e-01	-1.822081e-01	-3.596493e-02	3.836460e-02	-4.558171e-02	1.199834e-01	-1.113510e-01	8.587138e-03	-1.367177e-02	2.924360e-02	-1.236722e-01	7.609429e-02	-2.325428e-01	-3.452984e-03	4.950601e-03	-1.158290e-02	1.226475e-01	-1.264840e-01	-1.942068e-02	1.261642e-02	9.499378e-03	-9.394254e-02	5.948921e-02	
-1.903344e-01	1.931322e-01	1.000000e+00	-7.025201e-01	1.716944e-02	-2.090015e-02	3.282855e-02	-6.111153e-02	3.754311e-02	-3.699133e-01	4.806970e-01	-6.090815e-01	-1.320180e-01	2.741812e-01	-6.601330e-01	-1.083271e-01	1.150750e-01	-1.111969e-01	-4.075283e-02	7.414305e-02	-4.214437e-01	5.321570e-01	-6.558789e-01	-1.592621e-01	3.099283e-01	
1.087339e-01	-1.822081e-01	-7.025201e-01	1.000000e+00	-5.344545e-01	5.889246e-01	-6.315701e-01	1.797146e-01	1.074010e-01	2.091890e-01	-2.703555e-01	3.455722e-01	2.606934e-02	-8.523227e-02	4.981539e-01	8.508969e-02	-9.062978e-02	8.922996e-02	1.035102e-02	-3.880732e-02	3.130218e-01	-3.957765e-01	4.887562e-01	1.125513e-01	-2.232057e-01	
2.437696e-02	-3.596493e-02	1.716944e-02	-5.344545e-01	1.000000e+00	-9.854544e-01	9.447792e-01	-6.541090e-01	2.545426e-01	6.512192e-02	-1.011169e-01	1.405943e-01	1.111083e-01	-1.077653e-01	-3.866564e-03	7.699334e-03	-9.940295e-03	1.243538e-02	-5.957227e-03	1.468595e-03	2.800866e-03	-1.389488e-03	-1.180286e-03	3.161036e-03	-2.531644e-03	
-1.943726e-02	3.836460e-02	-2.090015e-02	5.889246e-01	-9.854544e-01	1.000000e+00	-9.862516e-01	6.018689e-01	-1.859539e-01	-7.422690e-02	1.134239e-01	-1.565774e-01	-1.203143e-01	1.293031e-01	4.886598e-03	-8.368909e-03	1.093949e-02	-1.390759e-02	7.496296e-03	-2.347030e-03	-1.799501e-03	5.392466e-04	1.726524e-03	-3.361755e-03	2.633451e-03	
5.093452e-03	-4.558171e-02	3.282855e-02	-6.315701e-01	9.447792e-01	-9.862516e-01	1.000000e+00	-5.395084e-01	1.226297e-01	8.358921e-02	-1.235977e-01	1.675376e-01	1.160396e-01	-1.336752e-01	-8.999284e-03	6.576558e-03	-9.315084e-03	1.293720e-02	-1.256634e-02	7.346001e-03	-3.271062e-03	5.255342e-03	-8.048122e-03	1.120451e-03	1.230510e-03	
8.251010e-02	1.199834e-01	-6.111153e-02	1.797146e-01	-6.541090e-01	6.018689e-01	-5.395084e-01	1.000000e+00	-8.779929e-01	1.078434e-01	-9.057432e-02	5.959644e-02	-6.467751e-02	-9.076735e-02	3.372872e-03	1.818751e-02	-1.789497e-02	1.358481e-02	5.485833e-02	-5.675479e-02	2.311149e-02	-3.037774e-02	3.797274e-02	2.232820e-02	-3.545840e-02	
-6.572637e-02	-1.113510e-01	3.754311e-02	1.074010e-01	2.545426e-01	-1.859539e-01	1.226297e-01	-8.779929e-01	1.000000e+00	-1.662735e-01	1.642856e-01	-1.469896e-01	2.681090e-02	1.801668e-01	5.352683e-03	-1.817894e-02	1.897236e-02	-1.645932e-02	-4.810212e-02	5.140844e-02	-1.933657e-02	2.533165e-02	-3.157155e-02	-1.805819e-02	2.983088e-02	
-1.117526e-02	8.587138e-03	-3.699133e-01	2.091890e-01	6.512192e-02	-7.422690e-02	8.358921e-02	1.078434e-01	-1.662735e-01	1.000000e+00	-9.834291e-01	9.164032e-01	-7.456182e-01	5.517058e-01	2.598929e-01	5.221637e-02	-5.532395e-02	5.440147e-02	2.042805e-02	-3.956299e-02	1.815928e-01	-2.301469e-01	2.867312e-01	5.347627e-02	-1.238178e-01	
2.281030e-02	-1.367177e-02	4.806970e-01	-2.703555e-01	-1.011169e-01	1.134239e-01	-1.235977e-01	-9.057432e-02	1.642856e-01	-9.834291e-01	1.000000e+00	-9.729756e-01	6.924281e-01	-4.893341e-01	-3.370903e-01	-6.685216e-02	7.134801e-02	-7.063024e-02	-2.451049e-02	4.949868e-02	-2.351955e-01	2.986687e-01	-3.727509e-01	-6.819531e-02	1.593467e-01	
-5.483864e-02	2.924360e-02	-6.090815e-01	3.455722e-01	1.405943e-01	-1.565774e-01	1.675376e-01	5.959644e-02	-1.469896e-01	9.164032e-01	-9.729756e-01	1.000000e+00	-5.790392e-01	3.736120e-01	4.271998e-01	8.312561e-02	-8.938746e-02	8.921287e-02	2.733149e-02	-5.935016e-02	2.983952e-01	-3.798519e-01	4.754230e-01	8.294061e-02	-1.991672e-01	
1.614711e-01	-1.236722e-01	-1.320180e-01	2.606934e-02	1.111083e-01	-1.203143e-01	1.160396e-01	-6.467751e-02	2.681090e-02	-7.456182e-01	6.924281e-01	-5.790392e-01	1.000000e+00	-9.465616e-01	8.140387e-02	2.198411e-02	-2.484523e-02	2.534027e-02	6.670511e-03	-1.188872e-02	4.497889e-02	-5.526069e-02	6.337235e-02	4.134401e-02	-5.159086e-02	
-1.336192e-01	7.609429e-02	2.741812e-01	-8.523227e-02	-1.077653e-01	1.293031e-01	-1.336752e-01	-9.076735e-02	1.801668e-01	5.517058e-01	-4.893341e-01	3.736120e-01	-9.465616e-01	1.000000e+00	-1.743454e-01	-4.108414e-02	4.541062e-02	-4.554040e-02	-2.108428e-02	3.357601e-02	-1.155937e-01	1.456940e-01	-1.775126e-01	-5.841531e-02	9.784437e-02	
7.045496e-02	-2.325428e-01	-6.601330e-01	4.981539e-01	-3.866564e-03	4.886598e-03	-8.999284e-03	3.372872e-03	5.352683e-03	2.598929e-01	-3.370903e-01	4.271998e-01	8.140387e-02	-1.743454e-01	1.000000e+00	-4.577877e-01	5.143804e-01	-5.594509e-01	6.976101e-02	1.688997e-01	1.844967e-01	-2.415558e-01	3.129446e-01	5.852654e-02	-1.144136e-01	
7.774183e-02	-3.452984e-03	-1.083271e-01	8.508969e-02	7.699334e-03	-8.368909e-03	6.576558e-03	1.818751e-02	-1.817894e-02	5.221637e-02	-6.685216e-02	8.312561e-02	2.198411e-02	-4.108414e-02	-4.577877e-01	1.000000e+00	-9.842381e-01	9.396464e-01	-5.823665e-01	2.092839e-01	2.066790e-01	-2.460374e-01	2.804858e-01	5.016825e-02	-9.706754e-02	
-7.828298e-02	4.950601e-03	1.150750e-01	-9.062978e-02	-9.940295e-03	1.093949e-02	-9.315084e-03	-1.789497e-02	1.897236e-02	-5.532395e-02	7.134801e-02	-8.938746e-02	-2.484523e-02	4.541062e-02	5.143804e-01	-9.842381e-01	1.000000e+00	-9.848597e-01	5.153165e-01	-1.266890e-01	-2.189232e-01	2.634997e-01	-3.032817e-01	-6.480854e-02	1.222601e-01	
6.815009e-02	-1.158290e-02	-1.111969e-01	8.922996e-02	1.243538e-02	-1.390759e-02	1.293720e-02	1.358481e-02	-1.645932e-02	5.440147e-02	-7.063024e-02	8.921287e-02	2.534027e-02	-4.554040e-02	-5.594509e-01	9.396464e-01	-9.848597e-01	1.000000e+00	-4.372069e-01	4.724319e-02	2.227609e-01	-2.705436e-01	3.139104e-01	7.287148e-02	-1.370231e-01	
8.288804e-02	1.226475e-01	-4.075283e-02	1.035102e-02	-5.957227e-03	7.496296e-03	-1.256634e-02	5.485833e-02	-4.810212e-02	2.042805e-02	-2.451049e-02	2.733149e-02	6.670511e-03	-2.108428e-02	6.976101e-02	-5.823665e-01	5.153165e-01	-4.372069e-01	1.000000e+00	-9.009539e-01	-1.414886e-02	1.885695e-02	-2.450418e-02	8.208617e-02	-1.579258e-01	
-8.926846e-02	-1.264840e-01	7.414305e-02	-3.880732e-02	1.468595e-03	-2.347030e-03	7.346001e-03	-5.675479e-02	5.140844e-02	-3.956299e-02	4.949868e-02	-5.935016e-02	-1.188872e-02	3.357601e-02	1.688997e-01	2.092839e-01	-1.266890e-01	4.724319e-02	-9.009539e-01	1.000000e+00	-7.668120e-02	8.928579e-02	-9.810606e-02	-1.169987e-01	2.370344e-01	
2.071920e-02	-1.942068e-02	-4.214437e-01	3.130218e-01	2.800866e-03	-1.799501e-03	-3.271062e-03	2.311149e-02	-1.933657e-02	1.815928e-01	-2.351955e-01	2.983952e-01	4.497889e-02	-1.155937e-01	1.844967e-01	2.066790e-01	-2.189232e-01	2.227609e-01	-1.414886e-02	-7.668120e-02	1.000000e+00	-9.835002e-01	9.181173e-01	-6.973108e-01	5.132112e-01	
-8.804184e-03	1.261642e-02	5.321570e-01	-3.957765e-01	-1.389488e-03	5.392466e-04	5.255342e-03	-3.037774e-02	2.533165e-02	-2.301469e-01	2.986687e-01	-3.798519e-01	-5.526069e-02	1.456940e-01	-2.415558e-01	-2.460374e-01	2.634997e-01	-2.705436e-01	1.885695e-02	8.928579e-02	-9.835002e-01	1.000000e+00	-9.738922e-01	6.334386e-01	-4.379650e-01	
-2.617543e-02	9.499378e-03	-6.558789e-01	4.887562e-01	-1.180286e-03	1.726524e-03	-8.048122e-03	3.797274e-02	-3.157155e-02	2.867312e-01	-3.727509e-01	4.754230e-01	6.337235e-02	-1.775126e-01	3.129446e-01	2.804858e-01	-3.032817e-01	3.139104e-01	-2.450418e-02	-9.810606e-02	9.181173e-01	-9.738922e-01	1.000000e+00	-5.126720e-01	3.114395e-01	
1.637981e-01	-9.394254e-02	-1.592621e-01	1.125513e-01	3.161036e-03	-3.361755e-03	1.120451e-03	2.232820e-02	-1.805819e-02	5.347627e-02	-6.819531e-02	8.294061e-02	4.134401e-02	-5.841531e-02	5.852654e-02	5.016825e-02	-6.480854e-02	7.287148e-02	8.208617e-02	-1.169987e-01	-6.973108e-01	6.334386e-01	-5.126720e-01	1.000000e+00	-9.607094e-01	
-1.411334e-01	5.948921e-02	3.099283e-01	-2.232057e-01	-2.531644e-03	2.633451e-03	1.230510e-03	-3.545840e-02	2.983088e-02	-1.238178e-01	1.593467e-01	-1.991672e-01	-5.159086e-02	9.784437e-02	-1.144136e-01	-9.706754e-02	1.222601e-01	-1.370231e-01	-1.579258e-01	2.370344e-01	5.132112e-01	-4.379650e-01	3.114395e-01	-9.607094e-01	1.000000e+00	

Time taken for mcmc chain: 12.565278 hours
