Number of steps: 12066903
Number of accepted steps: 1000000
Burn-in number of steps: 320000
Accepted fraction of steps: 0.082871
Convergence Status
R[0]= 1.000770	R[1]= 1.001436	R[2]= 1.001368	R[3]= 1.000214	R[4]= 1.000473	R[5]= 1.000701	R[6]= 1.000927	R[7]= 1.000485	R[8]= 1.001078	R[9]= 1.000650	R[10]= 1.000761	R[11]= 1.001017	R[12]= 1.000286	R[13]= 1.000399	R[14]= 1.003679	R[15]= 1.001189	R[16]= 1.001512	R[17]= 1.001658	R[18]= 1.000512	R[19]= 1.001060	R[20]= 1.000227	R[21]= 1.000331	R[22]= 1.000609	R[23]= 1.000135	R[24]= 1.000036	
<R>= 1.000861

Mean parameters
A[0]= 9.129963e-01 pm 4.337662e-02
A[1]= 1.017193e+00 pm 3.286944e-02
A[2]= 6.542212e-01 pm 4.357959e-01
A[3]= 3.422293e+00 pm 1.235667e+00
A[4]= -3.212975e+03 pm 3.930590e+03
A[5]= 1.463088e+03 pm 2.585198e+03
A[6]= 8.967673e+01 pm 6.022244e+02
A[7]= 1.497694e+01 pm 1.310860e+01
A[8]= -2.669460e-01 pm 1.853955e-01
A[9]= -5.646573e+03 pm 8.277578e+03
A[10]= 2.669592e+03 pm 4.935563e+03
A[11]= -6.343037e+02 pm 1.024801e+03
A[12]= 3.056491e+01 pm 4.853125e+01
A[13]= -7.669861e-01 pm 9.412224e-01
A[14]= 5.252911e+00 pm 1.707073e+00
A[15]= -9.649766e+03 pm 5.483849e+03
A[16]= 6.457452e+03 pm 3.606409e+03
A[17]= -1.147256e+03 pm 8.406137e+02
A[18]= 1.260478e+01 pm 1.939051e+01
A[19]= 1.351856e-02 pm 2.731316e-01
A[20]= -8.051846e+02 pm 1.193167e+04
A[21]= 3.749412e+02 pm 7.271104e+03
A[22]= -4.570287e+02 pm 1.551237e+03
A[23]= -1.696969e+01 pm 6.894873e+01
A[24]= 1.223040e-01 pm 1.356974e+00

Best-fitting parameters
A[0]= 8.883721e-01
A[1]= 1.037244e+00
A[2]= 7.759507e-01
A[3]= 3.223335e+00
A[4]= -4.287536e+03
A[5]= 2.294082e+03
A[6]= -1.278917e+02
A[7]= 2.052708e+01
A[8]= -3.570345e-01
A[9]= -3.793536e+03
A[10]= 2.015396e+03
A[11]= -6.146611e+02
A[12]= 1.230521e+01
A[13]= -6.040200e-01
A[14]= 3.994123e+00
A[15]= -8.031676e+03
A[16]= 5.253163e+03
A[17]= -8.329885e+02
A[18]= 2.298753e+01
A[19]= -1.879411e-01
A[20]= 4.744383e+03
A[21]= -2.472926e+03
A[22]= 6.606064e+00
A[23]= -4.397017e+01
A[24]= 5.557566e-01
chi2_min= 8.632823e+01


Cross-Covariance parameters
1.000000e+00	-5.660773e-01	-1.591458e-01	1.089527e-01	1.837610e-02	-8.568816e-03	-8.247194e-03	4.588579e-02	-1.687526e-02	-1.747857e-02	3.820006e-02	-8.326832e-02	1.372100e-01	-9.205537e-02	6.887138e-02	7.411893e-02	-7.168241e-02	5.981717e-02	6.348877e-02	-5.717273e-02	1.571291e-03	1.719887e-02	-6.241919e-02	1.610912e-01	-1.215527e-01	
-5.660773e-01	1.000000e+00	2.121634e-01	-2.116399e-01	-4.029891e-02	3.776262e-02	-3.988416e-02	1.531242e-01	-1.429782e-01	2.110274e-02	-2.653257e-02	4.368372e-02	-1.362416e-01	8.127810e-02	-2.647201e-01	-6.183197e-03	5.090859e-03	-9.165812e-03	1.522990e-01	-1.540377e-01	1.728546e-02	-2.350241e-02	4.569763e-02	-1.377108e-01	9.146795e-02	
-1.591458e-01	2.121634e-01	1.000000e+00	-6.621384e-01	-2.265867e-02	2.358215e-02	-1.815491e-02	-1.176264e-02	4.616875e-03	-3.756556e-01	4.834544e-01	-6.100840e-01	-1.345251e-01	2.471573e-01	-6.322798e-01	-1.623174e-01	1.777019e-01	-1.825059e-01	-8.428920e-03	6.281153e-02	-4.151088e-01	5.265152e-01	-6.516187e-01	-2.239315e-01	3.630067e-01	
1.089527e-01	-2.116399e-01	-6.621384e-01	1.000000e+00	-5.556488e-01	6.099208e-01	-6.501356e-01	9.457008e-02	1.999177e-01	1.630091e-01	-2.088234e-01	2.683535e-01	1.957880e-02	-3.233558e-02	4.516903e-01	9.578095e-02	-1.049271e-01	1.083297e-01	-1.250934e-02	-1.924719e-02	2.613920e-01	-3.365308e-01	4.209801e-01	1.594001e-01	-2.457449e-01	
1.837610e-02	-4.029891e-02	-2.265867e-02	-5.556488e-01	1.000000e+00	-9.863292e-01	9.485391e-01	-5.950899e-01	1.852459e-01	7.188373e-02	-1.146009e-01	1.621767e-01	1.381080e-01	-1.499595e-01	1.461988e-02	8.462225e-03	-9.494756e-03	1.068281e-02	-6.702019e-03	1.814902e-03	9.153260e-03	-1.092184e-02	1.256316e-02	5.654060e-03	-8.935197e-03	
-8.568816e-03	3.776262e-02	2.358215e-02	6.099208e-01	-9.863292e-01	1.000000e+00	-9.873236e-01	5.358264e-01	-1.126669e-01	-8.295637e-02	1.295439e-01	-1.815234e-01	-1.472217e-01	1.732020e-01	-1.612008e-02	-8.196094e-03	9.430682e-03	-1.094933e-02	8.747207e-03	-3.463551e-03	-1.207331e-02	1.394084e-02	-1.585368e-02	-3.928384e-03	8.391735e-03	
-8.247194e-03	-3.988416e-02	-1.815491e-02	-6.501356e-01	9.485391e-01	-9.873236e-01	1.000000e+00	-4.700131e-01	4.816870e-02	9.489997e-02	-1.432149e-01	1.970167e-01	1.436563e-01	-1.801189e-01	1.564811e-02	6.103174e-03	-7.408149e-03	9.384660e-03	-1.404339e-02	8.583661e-03	1.194018e-02	-1.328420e-02	1.488441e-02	-4.007961e-05	-4.427889e-03	
4.588579e-02	1.531242e-01	-1.176264e-02	9.457008e-02	-5.950899e-01	5.358264e-01	-4.700131e-01	1.000000e+00	-8.804119e-01	1.017843e-01	-8.391514e-02	5.185701e-02	-6.701502e-02	-9.065045e-02	-3.730469e-02	2.277353e-02	-2.219272e-02	1.757237e-02	5.363588e-02	-5.609953e-02	2.501252e-02	-2.631408e-02	2.659138e-02	-2.914853e-03	-7.576036e-03	
-1.687526e-02	-1.429782e-01	4.616875e-03	1.999177e-01	1.852459e-01	-1.126669e-01	4.816870e-02	-8.804119e-01	1.000000e+00	-1.522169e-01	1.542258e-01	-1.422162e-01	1.171541e-02	1.988838e-01	3.673671e-02	-2.120893e-02	2.062182e-02	-1.678851e-02	-4.253173e-02	4.708020e-02	-2.408149e-02	2.504593e-02	-2.548749e-02	9.553654e-03	1.780451e-03	
-1.747857e-02	2.110274e-02	-3.756556e-01	1.630091e-01	7.188373e-02	-8.295637e-02	9.489997e-02	1.017843e-01	-1.522169e-01	1.000000e+00	-9.840020e-01	9.186014e-01	-7.407872e-01	5.609836e-01	2.344848e-01	5.750085e-02	-6.464424e-02	6.710502e-02	2.133432e-02	-4.313984e-02	1.723608e-01	-2.187395e-01	2.728558e-01	7.070711e-02	-1.321251e-01	
3.820006e-02	-2.653257e-02	4.834544e-01	-2.088234e-01	-1.146009e-01	1.295439e-01	-1.432149e-01	-8.391514e-02	1.542258e-01	-9.840020e-01	1.000000e+00	-9.734772e-01	6.909778e-01	-5.038948e-01	-3.025420e-01	-7.441858e-02	8.350707e-02	-8.696501e-02	-2.155086e-02	5.019583e-02	-2.213373e-01	2.813459e-01	-3.517574e-01	-8.924002e-02	1.691579e-01	
-8.326832e-02	4.368372e-02	-6.100840e-01	2.683535e-01	1.621767e-01	-1.815234e-01	1.970167e-01	5.185701e-02	-1.422162e-01	9.186014e-01	-9.734772e-01	1.000000e+00	-5.828517e-01	3.952623e-01	3.834755e-01	9.378790e-02	-1.051321e-01	1.099531e-01	1.942280e-02	-5.645480e-02	2.802547e-01	-3.571283e-01	4.481681e-01	1.082510e-01	-2.113164e-01	
1.372100e-01	-1.362416e-01	-1.345251e-01	1.957880e-02	1.381080e-01	-1.472217e-01	1.436563e-01	-6.701502e-02	1.171541e-02	-7.407872e-01	6.909778e-01	-5.828517e-01	1.000000e+00	-9.494584e-01	9.334151e-02	3.097694e-02	-3.089861e-02	2.954615e-02	-1.486641e-02	8.011864e-03	3.975629e-02	-5.024824e-02	5.918125e-02	5.167872e-02	-6.161840e-02	
-9.205537e-02	8.127810e-02	2.471573e-01	-3.233558e-02	-1.499595e-01	1.732020e-01	-1.801189e-01	-9.065045e-02	1.988838e-01	5.609836e-01	-5.038948e-01	3.952623e-01	-9.494584e-01	1.000000e+00	-1.593470e-01	-4.950699e-02	5.130315e-02	-5.032066e-02	6.812535e-03	7.654018e-03	-9.522333e-02	1.214667e-01	-1.497643e-01	-6.760417e-02	1.004480e-01	
6.887138e-02	-2.647201e-01	-6.322798e-01	4.516903e-01	1.461988e-02	-1.612008e-02	1.564811e-02	-3.730469e-02	3.673671e-02	2.344848e-01	-3.025420e-01	3.834755e-01	9.334151e-02	-1.593470e-01	1.000000e+00	-4.637617e-01	5.140819e-01	-5.525974e-01	-2.097330e-02	2.518377e-01	1.209474e-01	-1.724992e-01	2.388714e-01	1.009575e-01	-1.290431e-01	
7.411893e-02	-6.183197e-03	-1.623174e-01	9.578095e-02	8.462225e-03	-8.196094e-03	6.103174e-03	2.277353e-02	-2.120893e-02	5.750085e-02	-7.441858e-02	9.378790e-02	3.097694e-02	-4.950699e-02	-4.637617e-01	1.000000e+00	-9.853872e-01	9.445889e-01	-5.041158e-01	1.245622e-01	2.509622e-01	-2.926206e-01	3.281347e-01	5.811829e-02	-1.171293e-01	
-7.168241e-02	5.090859e-03	1.777019e-01	-1.049271e-01	-9.494756e-03	9.430682e-03	-7.408149e-03	-2.219272e-02	2.062182e-02	-6.464424e-02	8.350707e-02	-1.051321e-01	-3.089861e-02	5.130315e-02	5.140819e-01	-9.853872e-01	1.000000e+00	-9.862537e-01	4.301353e-01	-3.913512e-02	-2.684466e-01	3.154943e-01	-3.565242e-01	-7.316662e-02	1.438906e-01	
5.981717e-02	-9.165812e-03	-1.825059e-01	1.083297e-01	1.068281e-02	-1.094933e-02	9.384660e-03	1.757237e-02	-1.678851e-02	6.710502e-02	-8.696501e-02	1.099531e-01	2.954615e-02	-5.032066e-02	-5.525974e-01	9.445889e-01	-9.862537e-01	1.000000e+00	-3.504071e-01	-3.895255e-02	2.762047e-01	-3.269082e-01	3.720787e-01	8.204305e-02	-1.605460e-01	
6.348877e-02	1.522990e-01	-8.428920e-03	-1.250934e-02	-6.702019e-03	8.747207e-03	-1.404339e-02	5.363588e-02	-4.253173e-02	2.133432e-02	-2.155086e-02	1.942280e-02	-1.486641e-02	6.812535e-03	-2.097330e-02	-5.041158e-01	4.301353e-01	-3.504071e-01	1.000000e+00	-9.041445e-01	-5.626816e-03	1.046792e-02	-1.688280e-02	7.942608e-02	-1.573094e-01	
-5.717273e-02	-1.540377e-01	6.281153e-02	-1.924719e-02	1.814902e-03	-3.463551e-03	8.583661e-03	-5.609953e-02	4.708020e-02	-4.313984e-02	5.019583e-02	-5.645480e-02	8.011864e-03	7.654018e-03	2.518377e-01	1.245622e-01	-3.913512e-02	-3.895255e-02	-9.041445e-01	1.000000e+00	-1.023975e-01	1.153415e-01	-1.237168e-01	-1.121856e-01	2.355564e-01	
1.571291e-03	1.728546e-02	-4.151088e-01	2.613920e-01	9.153260e-03	-1.207331e-02	1.194018e-02	2.501252e-02	-2.408149e-02	1.723608e-01	-2.213373e-01	2.802547e-01	3.975629e-02	-9.522333e-02	1.209474e-01	2.509622e-01	-2.684466e-01	2.762047e-01	-5.626816e-03	-1.023975e-01	1.000000e+00	-9.840928e-01	9.210719e-01	-6.668894e-01	4.848559e-01	
1.719887e-02	-2.350241e-02	5.265152e-01	-3.365308e-01	-1.092184e-02	1.394084e-02	-1.328420e-02	-2.631408e-02	2.504593e-02	-2.187395e-01	2.813459e-01	-3.571283e-01	-5.024824e-02	1.214667e-01	-1.724992e-01	-2.926206e-01	3.154943e-01	-3.269082e-01	1.046792e-02	1.153415e-01	-9.840928e-01	1.000000e+00	-9.748224e-01	6.004197e-01	-4.085915e-01	
-6.241919e-02	4.569763e-02	-6.516187e-01	4.209801e-01	1.256316e-02	-1.585368e-02	1.488441e-02	2.659138e-02	-2.548749e-02	2.728558e-01	-3.517574e-01	4.481681e-01	5.918125e-02	-1.497643e-01	2.388714e-01	3.281347e-01	-3.565242e-01	3.720787e-01	-1.688280e-02	-1.237168e-01	9.210719e-01	-9.748224e-01	1.000000e+00	-4.798959e-01	2.838096e-01	
1.610912e-01	-1.377108e-01	-2.239315e-01	1.594001e-01	5.654060e-03	-3.928384e-03	-4.007961e-05	-2.914853e-03	9.553654e-03	7.070711e-02	-8.924002e-02	1.082510e-01	5.167872e-02	-6.760417e-02	1.009575e-01	5.811829e-02	-7.316662e-02	8.204305e-02	7.942608e-02	-1.121856e-01	-6.668894e-01	6.004197e-01	-4.798959e-01	1.000000e+00	-9.622223e-01	
-1.215527e-01	9.146795e-02	3.630067e-01	-2.457449e-01	-8.935197e-03	8.391735e-03	-4.427889e-03	-7.576036e-03	1.780451e-03	-1.321251e-01	1.691579e-01	-2.113164e-01	-6.161840e-02	1.004480e-01	-1.290431e-01	-1.171293e-01	1.438906e-01	-1.605460e-01	-1.573094e-01	2.355564e-01	4.848559e-01	-4.085915e-01	2.838096e-01	-9.622223e-01	1.000000e+00	

Time taken for mcmc chain: 2.051389 hours
