Number of steps: 10777158
Number of accepted steps: 1000000
Burn-in number of steps: 320000
Accepted fraction of steps: 0.092789
Convergence Status
R[0]= 1.000910	R[1]= 1.002643	R[2]= 1.008245	R[3]= 1.003231	R[4]= 1.001375	R[5]= 1.001400	R[6]= 1.001280	R[7]= 1.000149	R[8]= 1.001182	R[9]= 1.002999	R[10]= 1.004064	R[11]= 1.005276	R[12]= 1.000096	R[13]= 1.000183	R[14]= 1.008612	R[15]= 1.003306	R[16]= 1.004530	R[17]= 1.005967	R[18]= 1.000502	R[19]= 1.001119	R[20]= 1.001502	R[21]= 1.001668	R[22]= 1.001734	R[23]= 1.000046	R[24]= 1.000269	
<R>= 1.002492

Mean parameters
A[0]= 9.055754e-01 pm 4.213241e-02
A[1]= 1.003886e+00 pm 3.002992e-02
A[2]= 6.375777e-01 pm 4.874650e-01
A[3]= 3.607845e+00 pm 1.373102e+00
A[4]= -3.468297e+03 pm 3.994904e+03
A[5]= 1.616668e+03 pm 2.642505e+03
A[6]= 5.255566e+01 pm 6.164995e+02
A[7]= 1.314707e+01 pm 1.287604e+01
A[8]= -2.359795e-01 pm 1.873468e-01
A[9]= -4.681596e+03 pm 8.401035e+03
A[10]= 2.020729e+03 pm 5.051177e+03
A[11]= -4.867167e+02 pm 1.057716e+03
A[12]= 1.961058e+01 pm 4.860755e+01
A[13]= -5.152990e-01 pm 9.468048e-01
A[14]= 5.417511e+00 pm 1.945211e+00
A[15]= -1.072922e+04 pm 5.557680e+03
A[16]= 6.892149e+03 pm 3.671283e+03
A[17]= -1.203539e+03 pm 8.581153e+02
A[18]= 1.554530e+01 pm 1.921432e+01
A[19]= -2.384756e-02 pm 2.734455e-01
A[20]= -3.384335e+03 pm 1.209047e+04
A[21]= 1.847508e+03 pm 7.416395e+03
A[22]= -7.118062e+02 pm 1.589418e+03
A[23]= 6.585061e+00 pm 6.817666e+01
A[24]= -3.480777e-01 pm 1.337363e+00

Best-fitting parameters
A[0]= 8.829847e-01
A[1]= 1.000177e+00
A[2]= 3.971089e-01
A[3]= 4.378124e+00
A[4]= -3.878380e+03
A[5]= 1.999229e+03
A[6]= -5.794063e+01
A[7]= 1.016129e+01
A[8]= -2.053468e-01
A[9]= -4.024442e+02
A[10]= -3.675664e+02
A[11]= -2.043879e+01
A[12]= 1.687450e+01
A[13]= -6.335543e-01
A[14]= 6.703197e+00
A[15]= -1.008775e+04
A[16]= 6.899264e+03
A[17]= -1.298192e+03
A[18]= 2.926457e+00
A[19]= 1.325738e-01
A[20]= 1.628183e+03
A[21]= -1.329882e+03
A[22]= 2.522911e+01
A[23]= -9.126115e+00
A[24]= -1.483752e-01
chi2_min= 8.661223e+01


Cross-Covariance parameters
1.000000e+00	-5.363292e-01	-1.279188e-01	6.456781e-02	5.524690e-02	-4.645178e-02	2.980583e-02	3.353270e-02	-1.655094e-02	-7.455016e-03	2.573508e-02	-6.601398e-02	1.320414e-01	-9.206317e-02	7.046889e-02	4.182266e-02	-3.514235e-02	1.961566e-02	6.822603e-02	-5.004902e-02	-6.435151e-04	2.305245e-02	-7.012621e-02	1.456915e-01	-1.091138e-01	
-5.363292e-01	1.000000e+00	2.752698e-01	-2.433331e-01	-2.930682e-02	2.557752e-02	-2.639398e-02	1.560913e-01	-1.555911e-01	-1.918652e-02	2.050443e-02	-1.343425e-02	-1.400746e-01	9.632145e-02	-2.873921e-01	2.006568e-02	-2.109248e-02	1.744154e-02	1.269054e-01	-1.327754e-01	-3.988805e-02	3.861547e-02	-2.298453e-02	-1.228078e-01	1.003260e-01	
-1.279188e-01	2.752698e-01	1.000000e+00	-6.931832e-01	9.940882e-03	-1.724296e-02	2.825375e-02	3.428333e-02	-6.728159e-02	-3.681676e-01	4.779754e-01	-6.057172e-01	-1.639142e-01	2.739483e-01	-6.846574e-01	-5.710511e-02	5.456287e-02	-4.611893e-02	1.730310e-02	-7.425558e-03	-4.374662e-01	5.412786e-01	-6.546560e-01	-1.618268e-01	3.004527e-01	
6.456781e-02	-2.433331e-01	-6.931832e-01	1.000000e+00	-5.584848e-01	6.143558e-01	-6.551438e-01	3.069726e-02	2.771144e-01	1.583018e-01	-2.130912e-01	2.846694e-01	5.756840e-02	-6.434579e-02	4.959533e-01	4.207269e-02	-4.255292e-02	3.961490e-02	-3.158262e-02	2.033161e-02	3.178105e-01	-3.917484e-01	4.730926e-01	1.077013e-01	-2.061453e-01	
5.524690e-02	-2.930682e-02	9.940882e-03	-5.584848e-01	1.000000e+00	-9.864715e-01	9.497421e-01	-5.487231e-01	1.134641e-01	1.121265e-01	-1.470760e-01	1.808465e-01	1.057002e-01	-1.347753e-01	7.049533e-04	-1.167474e-02	1.257635e-02	-1.311171e-02	7.635371e-03	1.201464e-03	-1.667923e-02	2.053989e-02	-2.630355e-02	1.078469e-02	-2.683007e-03	
-4.645178e-02	2.557752e-02	-1.724296e-02	6.143558e-01	-9.864715e-01	1.000000e+00	-9.878052e-01	4.830224e-01	-3.613989e-02	-1.219491e-01	1.595445e-01	-1.960771e-01	-1.134303e-01	1.571202e-01	3.825961e-03	1.053296e-02	-1.123571e-02	1.149223e-02	-7.022027e-03	-5.388141e-04	1.960005e-02	-2.371010e-02	2.956899e-02	-1.135170e-02	3.306917e-03	
2.980583e-02	-2.639398e-02	2.825375e-02	-6.551438e-01	9.497421e-01	-9.878052e-01	1.000000e+00	-4.133974e-01	-3.041028e-02	1.312418e-01	-1.697735e-01	2.071623e-01	1.097964e-01	-1.638698e-01	-9.625584e-03	-1.012568e-02	1.058923e-02	-1.032740e-02	3.140615e-03	2.716966e-03	-2.390737e-02	2.862946e-02	-3.485798e-02	9.916044e-03	-1.409250e-03	
3.353270e-02	1.560913e-01	3.428333e-02	3.069726e-02	-5.487231e-01	4.830224e-01	-4.133974e-01	1.000000e+00	-8.734174e-01	9.187529e-02	-7.143734e-02	3.744293e-02	-7.429965e-02	-7.849534e-02	-5.492172e-02	2.106493e-02	-1.962446e-02	1.527449e-02	4.701396e-02	-4.949540e-02	-7.830550e-03	8.794383e-03	-1.003723e-02	4.191193e-03	-8.227287e-03	
-1.655094e-02	-1.555911e-01	-6.728159e-02	2.771144e-01	1.134641e-01	-3.613989e-02	-3.041028e-02	-8.734174e-01	1.000000e+00	-1.636373e-01	1.578789e-01	-1.357020e-01	3.982014e-02	1.694621e-01	6.935561e-02	-1.027497e-02	8.383349e-03	-4.612135e-03	-4.469542e-02	4.278196e-02	2.864962e-02	-3.297819e-02	3.779900e-02	-9.773941e-04	-1.073086e-03	
-7.455016e-03	-1.918652e-02	-3.681676e-01	1.583018e-01	1.121265e-01	-1.219491e-01	1.312418e-01	9.187529e-02	-1.636373e-01	1.000000e+00	-9.839923e-01	9.204361e-01	-7.156479e-01	5.235556e-01	2.620737e-01	1.682183e-02	-1.356777e-02	8.263427e-03	-3.921196e-03	4.789976e-03	1.910875e-01	-2.308193e-01	2.738970e-01	2.637984e-02	-8.607610e-02	
2.573508e-02	2.050443e-02	4.779754e-01	-2.130912e-01	-1.470760e-01	1.595445e-01	-1.697735e-01	-7.143734e-02	1.578789e-01	-9.839923e-01	1.000000e+00	-9.745715e-01	6.613611e-01	-4.630042e-01	-3.364376e-01	-2.552391e-02	2.258886e-02	-1.695541e-02	4.346714e-03	-2.319647e-03	-2.420793e-01	2.951150e-01	-3.536829e-01	-4.423707e-02	1.221349e-01	
-6.601398e-02	-1.343425e-02	-6.057172e-01	2.846694e-01	1.808465e-01	-1.960771e-01	2.071623e-01	3.744293e-02	-1.357020e-01	9.204361e-01	-9.745715e-01	1.000000e+00	-5.505587e-01	3.534346e-01	4.239619e-01	3.389662e-02	-3.156340e-02	2.597045e-02	-5.843206e-03	4.089321e-04	3.006646e-01	-3.700157e-01	4.481176e-01	6.437883e-02	-1.642274e-01	
1.320414e-01	-1.400746e-01	-1.639142e-01	5.756840e-02	1.057002e-01	-1.134303e-01	1.097964e-01	-7.429965e-02	3.982014e-02	-7.156479e-01	6.613611e-01	-5.505587e-01	1.000000e+00	-9.476532e-01	1.143391e-01	1.036481e-02	-1.280139e-02	1.368841e-02	5.649415e-03	-6.993097e-03	4.160359e-02	-5.679267e-02	7.255037e-02	7.374869e-02	-8.650621e-02	
-9.206317e-02	9.632145e-02	2.739483e-01	-6.434579e-02	-1.347753e-01	1.571202e-01	-1.638698e-01	-7.849534e-02	1.694621e-01	5.235556e-01	-4.630042e-01	3.534346e-01	-9.476532e-01	1.000000e+00	-1.876168e-01	-1.478483e-02	1.676312e-02	-1.646597e-02	-1.216147e-02	1.329677e-02	-9.662345e-02	1.259796e-01	-1.585361e-01	-8.371978e-02	1.176079e-01	
7.046889e-02	-2.873921e-01	-6.846574e-01	4.959533e-01	7.049533e-04	3.825961e-03	-9.625584e-03	-5.492172e-02	6.935561e-02	2.620737e-01	-3.364376e-01	4.239619e-01	1.143391e-01	-1.876168e-01	1.000000e+00	-4.983839e-01	5.559127e-01	-5.993985e-01	-4.682021e-02	2.914857e-01	1.817953e-01	-2.365893e-01	3.031796e-01	6.298882e-02	-1.027726e-01	
4.182266e-02	2.006568e-02	-5.710511e-02	4.207269e-02	-1.167474e-02	1.053296e-02	-1.012568e-02	2.106493e-02	-1.027497e-02	1.682183e-02	-2.552391e-02	3.389662e-02	1.036481e-02	-1.478483e-02	-4.983839e-01	1.000000e+00	-9.853684e-01	9.448020e-01	-4.830508e-01	9.350400e-02	2.213856e-01	-2.527928e-01	2.776153e-01	4.853492e-02	-1.028141e-01	
-3.514235e-02	-2.109248e-02	5.456287e-02	-4.255292e-02	1.257635e-02	-1.123571e-02	1.058923e-02	-1.962446e-02	8.383349e-03	-1.356777e-02	2.258886e-02	-3.156340e-02	-1.280139e-02	1.676312e-02	5.559127e-01	-9.853684e-01	1.000000e+00	-9.863973e-01	4.055535e-01	-5.660385e-03	-2.314059e-01	2.666996e-01	-2.954006e-01	-6.198878e-02	1.265519e-01	
1.961566e-02	1.744154e-02	-4.611893e-02	3.961490e-02	-1.311171e-02	1.149223e-02	-1.032740e-02	1.527449e-02	-4.612135e-03	8.263427e-03	-1.695541e-02	2.597045e-02	1.368841e-02	-1.646597e-02	-5.993985e-01	9.448020e-01	-9.863973e-01	1.000000e+00	-3.233337e-01	-7.357245e-02	2.331743e-01	-2.710075e-01	3.026645e-01	6.999605e-02	-1.411146e-01	
6.822603e-02	1.269054e-01	1.730310e-02	-3.158262e-02	7.635371e-03	-7.022027e-03	3.140615e-03	4.701396e-02	-4.469542e-02	-3.921196e-03	4.346714e-03	-5.843206e-03	5.649415e-03	-1.216147e-02	-4.682021e-02	-4.830508e-01	4.055535e-01	-3.233337e-01	1.000000e+00	-9.017363e-01	-2.166937e-02	2.781610e-02	-3.594563e-02	8.271709e-02	-1.565935e-01	
-5.004902e-02	-1.327754e-01	-7.425558e-03	2.033161e-02	1.201464e-03	-5.388141e-04	2.716966e-03	-4.949540e-02	4.278196e-02	4.789976e-03	-2.319647e-03	4.089321e-04	-6.993097e-03	1.329677e-02	2.914857e-01	9.350400e-02	-5.660385e-03	-7.357245e-02	-9.017363e-01	1.000000e+00	-7.096834e-02	7.834793e-02	-8.065325e-02	-1.127438e-01	2.285866e-01	
-6.435151e-04	-3.988805e-02	-4.374662e-01	3.178105e-01	-1.667923e-02	1.960005e-02	-2.390737e-02	-7.830550e-03	2.864962e-02	1.910875e-01	-2.420793e-01	3.006646e-01	4.160359e-02	-9.662345e-02	1.817953e-01	2.213856e-01	-2.314059e-01	2.331743e-01	-2.166937e-02	-7.096834e-02	1.000000e+00	-9.846754e-01	9.253365e-01	-6.709661e-01	4.861273e-01	
2.305245e-02	3.861547e-02	5.412786e-01	-3.917484e-01	2.053989e-02	-2.371010e-02	2.862946e-02	8.794383e-03	-3.297819e-02	-2.308193e-01	2.951150e-01	-3.700157e-01	-5.679267e-02	1.259796e-01	-2.365893e-01	-2.527928e-01	2.666996e-01	-2.710075e-01	2.781610e-02	7.834793e-02	-9.846754e-01	1.000000e+00	-9.765658e-01	6.077030e-01	-4.137255e-01	
-7.012621e-02	-2.298453e-02	-6.546560e-01	4.730926e-01	-2.630355e-02	2.956899e-02	-3.485798e-02	-1.003723e-02	3.779900e-02	2.738970e-01	-3.536829e-01	4.481176e-01	7.255037e-02	-1.585361e-01	3.031796e-01	2.776153e-01	-2.954006e-01	3.026645e-01	-3.594563e-02	-8.065325e-02	9.253365e-01	-9.765658e-01	1.000000e+00	-4.942141e-01	2.967956e-01	
1.456915e-01	-1.228078e-01	-1.618268e-01	1.077013e-01	1.078469e-02	-1.135170e-02	9.916044e-03	4.191193e-03	-9.773941e-04	2.637984e-02	-4.423707e-02	6.437883e-02	7.374869e-02	-8.371978e-02	6.298882e-02	4.853492e-02	-6.198878e-02	6.999605e-02	8.271709e-02	-1.127438e-01	-6.709661e-01	6.077030e-01	-4.942141e-01	1.000000e+00	-9.617115e-01	
-1.091138e-01	1.003260e-01	3.004527e-01	-2.061453e-01	-2.683007e-03	3.306917e-03	-1.409250e-03	-8.227287e-03	-1.073086e-03	-8.607610e-02	1.221349e-01	-1.642274e-01	-8.650621e-02	1.176079e-01	-1.027726e-01	-1.028141e-01	1.265519e-01	-1.411146e-01	-1.565935e-01	2.285866e-01	4.861273e-01	-4.137255e-01	2.967956e-01	-9.617115e-01	1.000000e+00	

Time taken for mcmc chain: 1.940000 hours
