Number of steps: 18080725
Number of accepted steps: 1000000
Burn-in number of steps: 320000
Accepted fraction of steps: 0.055308
Convergence Status
R[0]= 1.000743	R[1]= 1.000809	R[2]= 1.002983	R[3]= 1.000971	R[4]= 1.000563	R[5]= 1.000668	R[6]= 1.000751	R[7]= 1.000040	R[8]= 1.000114	R[9]= 1.001639	R[10]= 1.002199	R[11]= 1.002916	R[12]= 1.000179	R[13]= 1.000171	R[14]= 1.000940	R[15]= 1.000114	R[16]= 1.000096	R[17]= 1.000107	R[18]= 1.000314	R[19]= 1.000374	R[20]= 1.000987	R[21]= 1.001405	R[22]= 1.001994	R[23]= 1.000050	R[24]= 1.000144	
<R>= 1.000851

Mean parameters
A[0]= 9.419596e-01 pm 3.870375e-02
A[1]= 1.048265e+00 pm 3.024676e-02
A[2]= 6.312900e-01 pm 4.344163e-01
A[3]= 3.591294e+00 pm 1.184124e+00
A[4]= -4.208082e+03 pm 3.775110e+03
A[5]= 2.148424e+03 pm 2.481898e+03
A[6]= -6.490085e+01 pm 5.831089e+02
A[7]= 1.795389e+01 pm 1.309430e+01
A[8]= -2.769629e-01 pm 1.799503e-01
A[9]= -4.326208e+03 pm 8.451303e+03
A[10]= 1.949814e+03 pm 5.079560e+03
A[11]= -5.074700e+02 pm 1.072651e+03
A[12]= 2.165337e+01 pm 4.834619e+01
A[13]= -5.893528e-01 pm 9.317987e-01
A[14]= 5.094756e+00 pm 1.630717e+00
A[15]= -6.970351e+03 pm 5.269252e+03
A[16]= 5.061518e+03 pm 3.466320e+03
A[17]= -9.046996e+02 pm 8.145253e+02
A[18]= 3.939692e+00 pm 1.934845e+01
A[19]= 1.274423e-01 pm 2.639285e-01
A[20]= 5.622117e+03 pm 1.180805e+04
A[21]= -3.118197e+03 pm 7.158982e+03
A[22]= 1.564912e+02 pm 1.525974e+03
A[23]= -4.574350e+01 pm 6.816223e+01
A[24]= 6.509702e-01 pm 1.323612e+00

Best-fitting parameters
A[0]= 9.494289e-01
A[1]= 1.040958e+00
A[2]= 6.748045e-01
A[3]= 3.094867e+00
A[4]= -3.575130e+03
A[5]= 1.665497e+03
A[6]= 4.017651e+01
A[7]= 2.589746e+01
A[8]= -4.337230e-01
A[9]= -3.251001e+03
A[10]= 1.437467e+03
A[11]= -4.566345e+02
A[12]= 1.203255e+01
A[13]= -5.149540e-01
A[14]= 5.145483e+00
A[15]= -7.967792e+03
A[16]= 5.772415e+03
A[17]= -1.090200e+03
A[18]= 1.023741e+00
A[19]= 1.885323e-01
A[20]= 4.242950e+02
A[21]= 4.533616e+02
A[22]= -7.060940e+02
A[23]= -1.248093e+01
A[24]= 2.234274e-02
chi2_min= 8.812338e+01


Cross-Covariance parameters
1.000000e+00	-5.138393e-01	-1.423688e-01	6.718247e-02	5.174732e-02	-5.177359e-02	4.138801e-02	6.220847e-02	-6.191143e-02	-2.837873e-02	4.175229e-02	-7.411953e-02	1.717154e-01	-1.392930e-01	4.370444e-02	8.352260e-02	-8.295988e-02	7.289775e-02	6.890373e-02	-7.770865e-02	-1.026217e-02	2.249801e-02	-5.718968e-02	1.697307e-01	-1.445151e-01	
-5.138393e-01	1.000000e+00	2.070491e-01	-1.939095e-01	-3.782920e-02	4.271185e-02	-5.301329e-02	1.382618e-01	-1.241560e-01	8.964002e-03	-1.139605e-02	2.269787e-02	-1.274928e-01	8.049221e-02	-2.407062e-01	-2.805964e-04	2.228325e-03	-1.108594e-02	1.386615e-01	-1.454639e-01	-4.420355e-03	2.767019e-03	1.198996e-02	-1.015538e-01	6.775067e-02	
-1.423688e-01	2.070491e-01	1.000000e+00	-6.933795e-01	-3.684118e-02	3.747734e-02	-2.986148e-02	-1.488405e-02	1.791536e-02	-3.920030e-01	5.075479e-01	-6.429003e-01	-1.130402e-01	2.574328e-01	-6.604080e-01	-8.298695e-02	9.138909e-02	-9.154746e-02	-4.150659e-02	6.728052e-02	-3.985652e-01	5.136035e-01	-6.478221e-01	-1.437934e-01	2.916146e-01	
6.718247e-02	-1.939095e-01	-6.933795e-01	1.000000e+00	-5.156170e-01	5.705641e-01	-6.130475e-01	1.464967e-01	1.298322e-01	1.948701e-01	-2.563267e-01	3.337360e-01	2.694307e-02	-8.009815e-02	4.867311e-01	5.700825e-02	-6.210455e-02	6.272643e-02	8.642629e-03	-2.607042e-02	2.822559e-01	-3.650242e-01	4.618163e-01	9.468167e-02	-1.964265e-01	
5.174732e-02	-3.782920e-02	-3.684118e-02	-5.156170e-01	1.000000e+00	-9.849851e-01	9.428937e-01	-6.505666e-01	2.571009e-01	8.312557e-02	-1.220801e-01	1.637654e-01	1.017410e-01	-1.022032e-01	1.609855e-02	2.648007e-02	-2.806633e-02	2.854589e-02	-1.194478e-02	4.652561e-04	2.335718e-02	-2.567260e-02	2.696616e-02	1.402261e-02	-2.097018e-02	
-5.177359e-02	4.271185e-02	3.747734e-02	5.705641e-01	-9.849851e-01	1.000000e+00	-9.857403e-01	5.986586e-01	-1.890772e-01	-9.276107e-02	1.352262e-01	-1.807866e-01	-1.114933e-01	1.241928e-01	-1.890868e-02	-2.465541e-02	2.667788e-02	-2.772172e-02	1.276651e-02	-1.903207e-03	-2.223226e-02	2.481930e-02	-2.642727e-02	-1.626689e-02	2.323187e-02	
4.138801e-02	-5.301329e-02	-2.986148e-02	-6.130475e-01	9.428937e-01	-9.857403e-01	1.000000e+00	-5.353089e-01	1.252255e-01	1.030746e-01	-1.466148e-01	1.931200e-01	1.080331e-01	-1.295214e-01	1.866058e-02	2.019524e-02	-2.259719e-02	2.450932e-02	-1.742799e-02	7.860627e-03	1.722472e-02	-1.923878e-02	2.032791e-02	1.564433e-02	-2.102121e-02	
6.220847e-02	1.382618e-01	-1.488405e-02	1.464967e-01	-6.505666e-01	5.986586e-01	-5.353089e-01	1.000000e+00	-8.812532e-01	9.262858e-02	-7.069830e-02	3.516666e-02	-6.306794e-02	-8.927216e-02	-1.989371e-02	6.636457e-03	-7.097516e-03	3.996914e-03	5.842669e-02	-5.660447e-02	1.251626e-02	-1.440042e-02	1.626123e-02	1.043821e-02	-1.824502e-02	
-6.191143e-02	-1.241560e-01	1.791536e-02	1.298322e-01	2.571009e-01	-1.890772e-01	1.252255e-01	-8.812532e-01	1.000000e+00	-1.551277e-01	1.495483e-01	-1.283819e-01	2.661556e-02	1.778145e-01	1.798841e-02	-1.416284e-02	1.552028e-02	-1.333903e-02	-4.931485e-02	5.153372e-02	-1.926203e-02	2.064447e-02	-2.187301e-02	-1.266515e-02	2.180794e-02	
-2.837873e-02	8.964002e-03	-3.920030e-01	1.948701e-01	8.312557e-02	-9.276107e-02	1.030746e-01	9.262858e-02	-1.551277e-01	1.000000e+00	-9.832653e-01	9.153880e-01	-7.523221e-01	5.612154e-01	2.558841e-01	3.822038e-02	-4.251519e-02	4.271325e-02	2.283244e-02	-3.726655e-02	1.704715e-01	-2.195836e-01	2.784147e-01	4.798393e-02	-1.153132e-01	
4.175229e-02	-1.139605e-02	5.075479e-01	-2.563267e-01	-1.220801e-01	1.352262e-01	-1.466148e-01	-7.069830e-02	1.495483e-01	-9.832653e-01	1.000000e+00	-9.726054e-01	7.008977e-01	-5.014242e-01	-3.339753e-01	-4.969514e-02	5.500341e-02	-5.530235e-02	-2.583738e-02	4.469271e-02	-2.216235e-01	2.855230e-01	-3.622252e-01	-6.154285e-02	1.489549e-01	
-7.411953e-02	2.269787e-02	-6.429003e-01	3.337360e-01	1.637654e-01	-1.807866e-01	1.931200e-01	3.516666e-02	-1.283819e-01	9.153880e-01	-9.726054e-01	1.000000e+00	-5.886251e-01	3.877665e-01	4.265202e-01	6.106836e-02	-6.773867e-02	6.849848e-02	2.833905e-02	-5.199509e-02	2.824359e-01	-3.642507e-01	4.629629e-01	7.450154e-02	-1.861145e-01	
1.717154e-01	-1.274928e-01	-1.130402e-01	2.694307e-02	1.017410e-01	-1.114933e-01	1.080331e-01	-6.306794e-02	2.661556e-02	-7.523221e-01	7.008977e-01	-5.886251e-01	1.000000e+00	-9.466261e-01	7.691531e-02	2.182607e-02	-2.309766e-02	2.299033e-02	-1.374433e-03	-2.365854e-03	3.942071e-02	-4.828483e-02	5.538942e-02	3.582104e-02	-4.424441e-02	
-1.392930e-01	8.049221e-02	2.574328e-01	-8.009815e-02	-1.022032e-01	1.241928e-01	-1.295214e-01	-8.927216e-02	1.778145e-01	5.612154e-01	-5.014242e-01	3.877665e-01	-9.466261e-01	1.000000e+00	-1.669603e-01	-3.636374e-02	3.931575e-02	-3.910195e-02	-1.240480e-02	2.159015e-02	-1.070257e-01	1.350214e-01	-1.656805e-01	-4.896051e-02	8.502205e-02	
4.370444e-02	-2.407062e-01	-6.604080e-01	4.867311e-01	1.609855e-02	-1.890868e-02	1.866058e-02	-1.989371e-02	1.798841e-02	2.558841e-01	-3.339753e-01	4.265202e-01	7.691531e-02	-1.669603e-01	1.000000e+00	-4.849985e-01	5.428626e-01	-5.870269e-01	6.394555e-02	1.869822e-01	1.564669e-01	-2.139484e-01	2.891183e-01	5.089988e-02	-9.649872e-02	
8.352260e-02	-2.805964e-04	-8.298695e-02	5.700825e-02	2.648007e-02	-2.465541e-02	2.019524e-02	6.636457e-03	-1.416284e-02	3.822038e-02	-4.969514e-02	6.106836e-02	2.182607e-02	-3.636374e-02	-4.849985e-01	1.000000e+00	-9.841092e-01	9.389776e-01	-5.809162e-01	2.063293e-01	2.044209e-01	-2.390265e-01	2.675617e-01	2.931890e-02	-7.591318e-02	
-8.295988e-02	2.228325e-03	9.138909e-02	-6.210455e-02	-2.806633e-02	2.667788e-02	-2.259719e-02	-7.097516e-03	1.552028e-02	-4.251519e-02	5.500341e-02	-6.773867e-02	-2.309766e-02	3.931575e-02	5.428626e-01	-9.841092e-01	1.000000e+00	-9.846525e-01	5.144319e-01	-1.242681e-01	-2.145130e-01	2.544421e-01	-2.888186e-01	-4.481112e-02	1.020985e-01	
7.289775e-02	-1.108594e-02	-9.154746e-02	6.272643e-02	2.854589e-02	-2.772172e-02	2.450932e-02	3.996914e-03	-1.333903e-02	4.271325e-02	-5.530235e-02	6.849848e-02	2.299033e-02	-3.910195e-02	-5.870269e-01	9.389776e-01	-9.846525e-01	1.000000e+00	-4.368837e-01	4.569702e-02	2.167394e-01	-2.601926e-01	2.988589e-01	5.483625e-02	-1.189470e-01	
6.890373e-02	1.386615e-01	-4.150659e-02	8.642629e-03	-1.194478e-02	1.276651e-02	-1.742799e-02	5.842669e-02	-4.931485e-02	2.283244e-02	-2.583738e-02	2.833905e-02	-1.374433e-03	-1.240480e-02	6.394555e-02	-5.809162e-01	5.144319e-01	-4.368837e-01	1.000000e+00	-9.005769e-01	-2.183638e-02	2.582355e-02	-2.937934e-02	8.698424e-02	-1.613973e-01	
-7.770865e-02	-1.454639e-01	6.728052e-02	-2.607042e-02	4.652561e-04	-1.903207e-03	7.860627e-03	-5.660447e-02	5.153372e-02	-3.726655e-02	4.469271e-02	-5.199509e-02	-2.365854e-03	2.159015e-02	1.869822e-01	2.063293e-01	-1.242681e-01	4.569702e-02	-9.005769e-01	1.000000e+00	-7.063678e-02	8.182828e-02	-9.014296e-02	-1.110029e-01	2.297413e-01	
-1.026217e-02	-4.420355e-03	-3.985652e-01	2.822559e-01	2.335718e-02	-2.223226e-02	1.722472e-02	1.251626e-02	-1.926203e-02	1.704715e-01	-2.216235e-01	2.824359e-01	3.942071e-02	-1.070257e-01	1.564669e-01	2.044209e-01	-2.145130e-01	2.167394e-01	-2.183638e-02	-7.063678e-02	1.000000e+00	-9.837705e-01	9.179328e-01	-7.264884e-01	5.511314e-01	
2.249801e-02	2.767019e-03	5.136035e-01	-3.650242e-01	-2.567260e-02	2.481930e-02	-1.923878e-02	-1.440042e-02	2.064447e-02	-2.195836e-01	2.855230e-01	-3.642507e-01	-4.828483e-02	1.350214e-01	-2.139484e-01	-2.390265e-01	2.544421e-01	-2.601926e-01	2.582355e-02	8.182828e-02	-9.837705e-01	1.000000e+00	-9.734093e-01	6.692903e-01	-4.828076e-01	
-5.718968e-02	1.198996e-02	-6.478221e-01	4.618163e-01	2.696616e-02	-2.642727e-02	2.032791e-02	1.626123e-02	-2.187301e-02	2.784147e-01	-3.622252e-01	4.629629e-01	5.538942e-02	-1.656805e-01	2.891183e-01	2.675617e-01	-2.888186e-01	2.988589e-01	-2.937934e-02	-9.014296e-02	9.179328e-01	-9.734093e-01	1.000000e+00	-5.528142e-01	3.602068e-01	
1.697307e-01	-1.015538e-01	-1.437934e-01	9.468167e-02	1.402261e-02	-1.626689e-02	1.564433e-02	1.043821e-02	-1.266515e-02	4.798393e-02	-6.154285e-02	7.450154e-02	3.582104e-02	-4.896051e-02	5.089988e-02	2.931890e-02	-4.481112e-02	5.483625e-02	8.698424e-02	-1.110029e-01	-7.264884e-01	6.692903e-01	-5.528142e-01	1.000000e+00	-9.616579e-01	
-1.445151e-01	6.775067e-02	2.916146e-01	-1.964265e-01	-2.097018e-02	2.323187e-02	-2.102121e-02	-1.824502e-02	2.180794e-02	-1.153132e-01	1.489549e-01	-1.861145e-01	-4.424441e-02	8.502205e-02	-9.649872e-02	-7.591318e-02	1.020985e-01	-1.189470e-01	-1.613973e-01	2.297413e-01	5.511314e-01	-4.828076e-01	3.602068e-01	-9.616579e-01	1.000000e+00	

Time taken for mcmc chain: 2.951667 hours
