Number of steps: 8998800
Number of accepted steps: 1000000
Burn-in number of steps: 320000
Accepted fraction of steps: 0.111126
Convergence Status
R[0]= 1.001047	R[1]= 1.000993	R[2]= 1.000862	R[3]= 1.000015	R[4]= 1.000162	R[5]= 1.000155	R[6]= 1.000134	R[7]= 1.000073	R[8]= 1.000266	R[9]= 1.000387	R[10]= 1.000384	R[11]= 1.000397	R[12]= 1.000334	R[13]= 1.000349	R[14]= 1.000409	R[15]= 1.000871	R[16]= 1.000988	R[17]= 1.001082	R[18]= 1.000404	R[19]= 1.000084	R[20]= 1.000254	R[21]= 1.000186	R[22]= 1.000240	R[23]= 1.000108	R[24]= 1.000096	
<R>= 1.000411

Mean parameters
A[0]= 9.909283e-01 pm 3.113333e-02
A[1]= 1.061382e+00 pm 2.355204e-02
A[2]= 5.509268e-01 pm 3.255064e-01
A[3]= 4.401234e+00 pm 1.091904e+00
A[4]= -4.371530e+03 pm 3.745548e+03
A[5]= 2.720425e+03 pm 2.454088e+03
A[6]= -2.773084e+02 pm 5.777243e+02
A[7]= 4.910583e+00 pm 1.335979e+01
A[8]= -1.925981e-02 pm 1.776456e-01
A[9]= 1.263781e+03 pm 8.554308e+03
A[10]= -1.184806e+03 pm 5.202410e+03
A[11]= 5.649041e+01 pm 1.117951e+03
A[12]= -3.412970e+01 pm 4.832844e+01
A[13]= 8.462537e-01 pm 9.335026e-01
A[14]= 5.591117e+00 pm 1.547222e+00
A[15]= -6.125029e+03 pm 5.125038e+03
A[16]= 5.075634e+03 pm 3.376289e+03
A[17]= -1.034032e+03 pm 8.024800e+02
A[18]= 4.637078e+00 pm 1.944382e+01
A[19]= 1.113999e-01 pm 2.570571e-01
A[20]= 8.759173e+03 pm 1.148376e+04
A[21]= -4.201861e+03 pm 6.879528e+03
A[22]= 1.982229e+02 pm 1.447065e+03
A[23]= -3.938513e+01 pm 6.750226e+01
A[24]= 3.717986e-01 pm 1.301392e+00

Best-fitting parameters
A[0]= 9.709636e-01
A[1]= 1.070006e+00
A[2]= 6.378203e-01
A[3]= 4.174669e+00
A[4]= -5.434561e+03
A[5]= 3.439384e+03
A[6]= -4.337627e+02
A[7]= 1.050879e+01
A[8]= -6.429207e-02
A[9]= 6.208482e+03
A[10]= -3.695561e+03
A[11]= 4.523561e+02
A[12]= -7.581179e+01
A[13]= 1.566132e+00
A[14]= 5.119847e+00
A[15]= -2.840751e+03
A[16]= 3.392443e+03
A[17]= -7.578283e+02
A[18]= -8.730593e+00
A[19]= 2.676546e-01
A[20]= 7.304681e+03
A[21]= -3.544231e+03
A[22]= 1.487983e+02
A[23]= -6.658802e+01
A[24]= 1.081921e+00
chi2_min= 1.048641e+02


Cross-Covariance parameters
1.000000e+00	-4.733190e-01	-1.934729e-01	8.046964e-02	8.017207e-02	-8.350968e-02	7.457726e-02	5.432294e-02	-7.913879e-02	-5.549150e-03	4.152108e-03	-1.787709e-02	1.710394e-01	-1.585917e-01	9.791002e-02	3.866845e-02	-3.600470e-02	2.478972e-02	7.571990e-02	-7.292310e-02	1.547392e-02	-1.004546e-02	-1.381964e-02	1.445789e-01	-1.342507e-01	
-4.733190e-01	1.000000e+00	1.508226e-01	-1.609014e-01	-3.128172e-02	4.113187e-02	-5.794581e-02	1.256980e-01	-1.089412e-01	1.639449e-02	-2.034670e-02	3.257775e-02	-1.119237e-01	6.713395e-02	-2.060365e-01	3.519975e-02	-3.541318e-02	2.713863e-02	1.111846e-01	-1.331923e-01	1.246185e-02	-2.109166e-02	4.207964e-02	-7.775832e-02	4.160356e-02	
-1.934729e-01	1.508226e-01	1.000000e+00	-6.807496e-01	-1.053490e-01	1.173644e-01	-1.192569e-01	-2.499467e-04	4.617008e-02	-4.391536e-01	5.587940e-01	-6.945913e-01	-7.314786e-02	2.467998e-01	-6.549588e-01	-3.353038e-02	3.658605e-02	-3.374438e-02	-2.427042e-02	2.723603e-02	-3.651553e-01	4.801910e-01	-6.224039e-01	-1.055876e-01	2.480825e-01	
8.046964e-02	-1.609014e-01	-6.807496e-01	1.000000e+00	-4.816211e-01	5.324838e-01	-5.720407e-01	1.965086e-01	5.767299e-02	2.247491e-01	-2.848414e-01	3.547658e-01	6.266627e-03	-8.004767e-02	4.719443e-01	5.610982e-03	-8.539190e-03	9.360268e-03	1.504466e-03	3.157943e-03	2.555110e-01	-3.342366e-01	4.318417e-01	5.935802e-02	-1.555012e-01	
8.017207e-02	-3.128172e-02	-1.053490e-01	-4.816211e-01	1.000000e+00	-9.848904e-01	9.415017e-01	-7.090112e-01	3.343386e-01	9.573416e-02	-1.408928e-01	1.933408e-01	8.975411e-02	-9.251210e-02	5.503425e-02	2.510748e-02	-2.529111e-02	2.368226e-02	1.396693e-03	-1.088581e-02	3.315552e-02	-4.504173e-02	5.865057e-02	2.416219e-02	-3.824986e-02	
-8.350968e-02	4.113187e-02	1.173644e-01	5.324838e-01	-9.848904e-01	1.000000e+00	-9.851296e-01	6.640107e-01	-2.706876e-01	-1.108061e-01	1.600728e-01	-2.173192e-01	-9.613918e-02	1.128179e-01	-6.419773e-02	-2.638488e-02	2.654612e-02	-2.489325e-02	5.659581e-04	9.356794e-03	-3.657411e-02	4.983366e-02	-6.520488e-02	-2.703728e-02	4.242334e-02	
7.457726e-02	-5.794581e-02	-1.192569e-01	-5.720407e-01	9.415017e-01	-9.851296e-01	1.000000e+00	-6.040808e-01	2.075511e-01	1.262979e-01	-1.771290e-01	2.359950e-01	8.982480e-02	-1.169993e-01	6.949778e-02	2.540479e-02	-2.558007e-02	2.430641e-02	-6.218340e-03	-3.414934e-03	3.619368e-02	-4.969633e-02	6.558423e-02	2.745750e-02	-4.238951e-02	
5.432294e-02	1.256980e-01	-2.499467e-04	1.965086e-01	-7.090112e-01	6.640107e-01	-6.040808e-01	1.000000e+00	-8.819184e-01	5.983233e-02	-3.567443e-02	-1.959506e-03	-5.217186e-02	-8.932200e-02	-2.041558e-02	7.888778e-03	-7.469056e-03	4.139424e-03	3.518150e-02	-3.761643e-02	8.899626e-03	-9.432951e-03	9.841000e-03	3.809452e-03	-9.654165e-03	
-7.913879e-02	-1.089412e-01	4.617008e-02	5.767299e-02	3.343386e-01	-2.706876e-01	2.075511e-01	-8.819184e-01	1.000000e+00	-1.348405e-01	1.298125e-01	-1.111221e-01	2.097744e-02	1.808491e-01	-6.367134e-03	-1.905809e-02	1.852096e-02	-1.436776e-02	-3.275082e-02	3.976716e-02	-2.345262e-02	2.958546e-02	-3.670291e-02	-1.366745e-02	2.528186e-02	
-5.549150e-03	1.639449e-02	-4.391536e-01	2.247491e-01	9.573416e-02	-1.108061e-01	1.262979e-01	5.983233e-02	-1.348405e-01	1.000000e+00	-9.832533e-01	9.163061e-01	-7.628622e-01	5.638768e-01	2.786722e-01	2.509210e-02	-2.680097e-02	2.545950e-02	6.664999e-03	-1.460802e-02	1.648261e-01	-2.206388e-01	2.913153e-01	3.681070e-02	-1.053590e-01	
4.152108e-03	-2.034670e-02	5.587940e-01	-2.848414e-01	-1.408928e-01	1.600728e-01	-1.771290e-01	-3.567443e-02	1.298125e-01	-9.832533e-01	1.000000e+00	-9.731716e-01	7.104581e-01	-5.011326e-01	-3.575318e-01	-3.005416e-02	3.206849e-02	-3.032095e-02	-9.136629e-03	1.809413e-02	-2.117554e-01	2.822794e-01	-3.716003e-01	-4.644650e-02	1.339051e-01	
-1.787709e-02	3.257775e-02	-6.945913e-01	3.547658e-01	1.933408e-01	-2.173192e-01	2.359950e-01	-1.959506e-03	-1.111221e-01	9.163061e-01	-9.731716e-01	1.000000e+00	-5.964415e-01	3.832226e-01	4.476380e-01	3.494224e-02	-3.744660e-02	3.547029e-02	1.079974e-02	-2.090269e-02	2.658630e-01	-3.535373e-01	4.648450e-01	5.562034e-02	-1.652395e-01	
1.710394e-01	-1.119237e-01	-7.314786e-02	6.266627e-03	8.975411e-02	-9.613918e-02	8.982480e-02	-5.217186e-02	2.097744e-02	-7.628622e-01	7.104581e-01	-5.964415e-01	1.000000e+00	-9.441616e-01	5.212973e-02	2.000364e-03	-2.335118e-03	1.475523e-03	1.220887e-02	-9.536285e-03	2.278597e-02	-2.484071e-02	2.452531e-02	2.728422e-02	-3.080197e-02	
-1.585917e-01	6.713395e-02	2.467998e-01	-8.004767e-02	-9.251210e-02	1.128179e-01	-1.169993e-01	-8.932200e-02	1.808491e-01	5.638768e-01	-5.011326e-01	3.832226e-01	-9.441616e-01	1.000000e+00	-1.595430e-01	-1.302050e-02	1.384117e-02	-1.170586e-02	-2.173229e-02	2.313693e-02	-9.363750e-02	1.180296e-01	-1.463504e-01	-3.869221e-02	7.174470e-02	
9.791002e-02	-2.060365e-01	-6.549588e-01	4.719443e-01	5.503425e-02	-6.419773e-02	6.949778e-02	-2.041558e-02	-6.367134e-03	2.786722e-01	-3.575318e-01	4.476380e-01	5.212973e-02	-1.595430e-01	1.000000e+00	-5.292061e-01	5.977128e-01	-6.490359e-01	1.239074e-01	1.532822e-01	1.347945e-01	-1.832625e-01	2.486565e-01	4.235147e-02	-8.575742e-02	
3.866845e-02	3.519975e-02	-3.353038e-02	5.610982e-03	2.510748e-02	-2.638488e-02	2.540479e-02	7.888778e-03	-1.905809e-02	2.509210e-02	-3.005416e-02	3.494224e-02	2.000364e-03	-1.302050e-02	-5.292061e-01	1.000000e+00	-9.825857e-01	9.329493e-01	-6.589580e-01	3.024512e-01	1.539637e-01	-1.900303e-01	2.274909e-01	1.076764e-03	-2.962405e-02	
-3.600470e-02	-3.541318e-02	3.658605e-02	-8.539190e-03	-2.529111e-02	2.654612e-02	-2.558007e-02	-7.469056e-03	1.852096e-02	-2.680097e-02	3.206849e-02	-3.744660e-02	-2.335118e-03	1.384117e-02	5.977128e-01	-9.825857e-01	1.000000e+00	-9.830881e-01	5.985214e-01	-2.219810e-01	-1.637330e-01	2.051726e-01	-2.489514e-01	-1.124604e-02	4.990051e-02	
2.478972e-02	2.713863e-02	-3.374438e-02	9.360268e-03	2.368226e-02	-2.489325e-02	2.430641e-02	4.139424e-03	-1.436776e-02	2.545950e-02	-3.032095e-02	3.547029e-02	1.475523e-03	-1.170586e-02	-6.490359e-01	9.329493e-01	-9.830881e-01	1.000000e+00	-5.200592e-01	1.387374e-01	1.673776e-01	-2.123130e-01	2.604955e-01	1.736288e-02	-6.297734e-02	
7.571990e-02	1.111846e-01	-2.427042e-02	1.504466e-03	1.396693e-03	5.659581e-04	-6.218340e-03	3.518150e-02	-3.275082e-02	6.664999e-03	-9.136629e-03	1.079974e-02	1.220887e-02	-2.173229e-02	1.239074e-01	-6.589580e-01	5.985214e-01	-5.200592e-01	1.000000e+00	-9.005193e-01	-3.082710e-02	4.273445e-02	-5.666736e-02	7.390508e-02	-1.436473e-01	
-7.292310e-02	-1.331923e-01	2.723603e-02	3.157943e-03	-1.088581e-02	9.356794e-03	-3.414934e-03	-3.761643e-02	3.976716e-02	-1.460802e-02	1.809413e-02	-2.090269e-02	-9.536285e-03	2.313693e-02	1.532822e-01	3.024512e-01	-2.219810e-01	1.387374e-01	-9.005193e-01	1.000000e+00	-3.892718e-02	4.275628e-02	-4.434677e-02	-9.070528e-02	2.005545e-01	
1.547392e-02	1.246185e-02	-3.651553e-01	2.555110e-01	3.315552e-02	-3.657411e-02	3.619368e-02	8.899626e-03	-2.345262e-02	1.648261e-01	-2.117554e-01	2.658630e-01	2.278597e-02	-9.363750e-02	1.347945e-01	1.539637e-01	-1.637330e-01	1.673776e-01	-3.082710e-02	-3.892718e-02	1.000000e+00	-9.839514e-01	9.159483e-01	-7.809687e-01	6.254467e-01	
-1.004546e-02	-2.109166e-02	4.801910e-01	-3.342366e-01	-4.504173e-02	4.983366e-02	-4.969633e-02	-9.432951e-03	2.958546e-02	-2.206388e-01	2.822794e-01	-3.535373e-01	-2.484071e-02	1.180296e-01	-1.832625e-01	-1.900303e-01	2.051726e-01	-2.123130e-01	4.273445e-02	4.275628e-02	-9.839514e-01	1.000000e+00	-9.719923e-01	7.363594e-01	-5.701354e-01	
-1.381964e-02	4.207964e-02	-6.224039e-01	4.318417e-01	5.865057e-02	-6.520488e-02	6.558423e-02	9.841000e-03	-3.670291e-02	2.913153e-01	-3.716003e-01	4.648450e-01	2.452531e-02	-1.463504e-01	2.486565e-01	2.274909e-01	-2.489514e-01	2.604955e-01	-5.666736e-02	-4.434677e-02	9.159483e-01	-9.719923e-01	1.000000e+00	-6.272562e-01	4.539629e-01	
1.445789e-01	-7.775832e-02	-1.055876e-01	5.935802e-02	2.416219e-02	-2.703728e-02	2.745750e-02	3.809452e-03	-1.366745e-02	3.681070e-02	-4.644650e-02	5.562034e-02	2.728422e-02	-3.869221e-02	4.235147e-02	1.076764e-03	-1.124604e-02	1.736288e-02	7.390508e-02	-9.070528e-02	-7.809687e-01	7.363594e-01	-6.272562e-01	1.000000e+00	-9.640001e-01	
-1.342507e-01	4.160356e-02	2.480825e-01	-1.555012e-01	-3.824986e-02	4.242334e-02	-4.238951e-02	-9.654165e-03	2.528186e-02	-1.053590e-01	1.339051e-01	-1.652395e-01	-3.080197e-02	7.174470e-02	-8.575742e-02	-2.962405e-02	4.990051e-02	-6.297734e-02	-1.436473e-01	2.005545e-01	6.254467e-01	-5.701354e-01	4.539629e-01	-9.640001e-01	1.000000e+00	

Time taken for mcmc chain: 1.238056 hours
