Number of steps: 5482130
Number of accepted steps: 1000000
Burn-in number of steps: 320000
Accepted fraction of steps: 0.182411
Convergence Status
R[0]= 1.001530	R[1]= 1.002488	R[2]= 1.007868	R[3]= 1.006123	R[4]= 1.001547	R[5]= 1.001940	R[6]= 1.002268	R[7]= 1.000605	R[8]= 1.001103	R[9]= 1.002546	R[10]= 1.003386	R[11]= 1.004568	R[12]= 1.000201	R[13]= 1.000287	R[14]= 1.005409	R[15]= 1.000482	R[16]= 1.000513	R[17]= 1.000570	R[18]= 1.000699	R[19]= 1.001331	R[20]= 1.000581	R[21]= 1.000054	R[22]= 1.000299	R[23]= 1.000846	R[24]= 1.000930	
<R>= 1.001927

Mean parameters
A[0]= 9.256645e-01 pm 3.463633e-02
A[1]= 1.046436e+00 pm 3.073646e-02
A[2]= 6.468424e-01 pm 4.237207e-01
A[3]= 3.506363e+00 pm 1.147923e+00
A[4]= -3.791357e+03 pm 3.802339e+03
A[5]= 1.869352e+03 pm 2.492615e+03
A[6]= 5.746681e+00 pm 5.827439e+02
A[7]= 1.585325e+01 pm 1.332035e+01
A[8]= -2.574278e-01 pm 1.831476e-01
A[9]= -3.870387e+03 pm 8.549746e+03
A[10]= 1.667232e+03 pm 5.148790e+03
A[11]= -4.384027e+02 pm 1.083922e+03
A[12]= 1.730194e+01 pm 4.861749e+01
A[13]= -5.037839e-01 pm 9.389272e-01
A[14]= 5.031968e+00 pm 1.617329e+00
A[15]= -6.709787e+03 pm 5.291586e+03
A[16]= 4.872640e+03 pm 3.486204e+03
A[17]= -8.495709e+02 pm 8.178204e+02
A[18]= 1.851094e+00 pm 1.910143e+01
A[19]= 1.481434e-01 pm 2.621440e-01
A[20]= 5.865716e+03 pm 1.168281e+04
A[21]= -3.296348e+03 pm 7.049656e+03
A[22]= 2.159127e+02 pm 1.488886e+03
A[23]= -4.952161e+01 pm 6.819879e+01
A[24]= 7.128347e-01 pm 1.335751e+00

Best-fitting parameters
A[0]= 9.067057e-01
A[1]= 1.048905e+00
A[2]= 6.704605e-01
A[3]= 3.706328e+00
A[4]= -4.949777e+03
A[5]= 2.682513e+03
A[6]= -1.944610e+02
A[7]= 1.315681e+01
A[8]= -1.835409e-01
A[9]= -5.556826e+03
A[10]= 2.776869e+03
A[11]= -6.751945e+02
A[12]= 1.655494e+01
A[13]= -4.465741e-01
A[14]= 5.503339e+00
A[15]= -7.589659e+03
A[16]= 5.981298e+03
A[17]= -1.202054e+03
A[18]= -3.997486e+00
A[19]= 2.908233e-01
A[20]= 1.603789e+03
A[21]= -5.538605e+02
A[22]= -3.256143e+02
A[23]= -4.447784e+01
A[24]= 7.534285e-01
chi2_min= 8.745765e+01


Cross-Covariance parameters
1.000000e+00	-5.221534e-01	-1.122097e-01	6.395939e-02	3.655417e-02	-3.265746e-02	2.121666e-02	4.342389e-02	-3.431683e-02	-2.165637e-02	3.887853e-02	-7.665454e-02	1.303368e-01	-9.336736e-02	3.257268e-04	1.076479e-01	-1.095304e-01	1.026082e-01	2.267061e-02	-5.173418e-02	3.589703e-02	-1.567064e-02	-3.063711e-02	9.712120e-02	-7.588347e-02	
-5.221534e-01	1.000000e+00	1.670917e-01	-1.763745e-01	-3.900081e-02	3.966600e-02	-4.728732e-02	1.433531e-01	-1.330787e-01	-1.292416e-03	-6.879154e-03	2.677323e-02	-8.237300e-02	2.778484e-02	-2.034190e-01	-1.467943e-02	1.814202e-02	-2.957268e-02	1.745324e-01	-1.688191e-01	-2.280298e-02	9.723708e-03	1.944192e-02	-6.551938e-02	3.066515e-02	
-1.122097e-01	1.670917e-01	1.000000e+00	-6.839168e-01	-3.779676e-02	4.584177e-02	-4.642426e-02	-6.493546e-02	7.600093e-02	-4.176887e-01	5.296263e-01	-6.585095e-01	-9.167233e-02	2.423830e-01	-6.631822e-01	-9.361454e-02	9.609266e-02	-9.052522e-02	-2.309847e-02	5.313635e-02	-3.953785e-01	5.065799e-01	-6.386629e-01	-1.591616e-01	3.037917e-01	
6.395939e-02	-1.763745e-01	-6.839168e-01	1.000000e+00	-5.184434e-01	5.703469e-01	-6.094528e-01	1.721127e-01	9.339407e-02	2.161628e-01	-2.712226e-01	3.387045e-01	-6.789313e-03	-4.989994e-02	4.796529e-01	5.698607e-02	-5.951812e-02	5.874792e-02	1.267959e-03	-2.016040e-02	2.703042e-01	-3.488086e-01	4.418568e-01	1.098732e-01	-2.068075e-01	
3.655417e-02	-3.900081e-02	-3.779676e-02	-5.184434e-01	1.000000e+00	-9.852347e-01	9.438142e-01	-6.495283e-01	2.681681e-01	7.527777e-02	-1.135446e-01	1.558997e-01	1.199918e-01	-1.159970e-01	1.908478e-02	3.180829e-02	-3.299209e-02	3.215499e-02	-1.668705e-02	1.968730e-03	2.929784e-02	-3.393496e-02	3.775692e-02	3.178478e-03	-1.033065e-02	
-3.265746e-02	3.966600e-02	4.584177e-02	5.703469e-01	-9.852347e-01	1.000000e+00	-9.859672e-01	5.952314e-01	-1.981454e-01	-8.647915e-02	1.292056e-01	-1.767341e-01	-1.316382e-01	1.412591e-01	-2.512576e-02	-3.157974e-02	3.291090e-02	-3.213559e-02	1.646828e-02	-2.057075e-03	-3.225968e-02	3.771195e-02	-4.276282e-02	-4.623163e-03	1.303951e-02	
2.121666e-02	-4.728732e-02	-4.642426e-02	-6.094528e-01	9.438142e-01	-9.859672e-01	1.000000e+00	-5.301452e-01	1.326892e-01	9.861264e-02	-1.434917e-01	1.933347e-01	1.296662e-01	-1.492507e-01	2.861386e-02	2.816359e-02	-2.964351e-02	2.933794e-02	-1.884375e-02	5.691808e-03	3.065822e-02	-3.602256e-02	4.139377e-02	4.825997e-03	-1.293806e-02	
4.342389e-02	1.433531e-01	-6.493546e-02	1.721127e-01	-6.495283e-01	5.952314e-01	-5.301452e-01	1.000000e+00	-8.873997e-01	1.137586e-01	-1.010419e-01	7.627761e-02	-7.085515e-02	-9.190940e-02	1.135788e-02	3.728345e-03	-2.039376e-03	-2.211296e-03	6.383039e-02	-5.789783e-02	2.594431e-02	-3.319343e-02	4.234321e-02	1.588109e-02	-3.037406e-02	
-3.431683e-02	-1.330787e-01	7.600093e-02	9.339407e-02	2.681681e-01	-1.981454e-01	1.326892e-01	-8.873997e-01	1.000000e+00	-1.702128e-01	1.745049e-01	-1.660549e-01	2.346388e-02	1.898194e-01	-2.324440e-02	-1.088390e-02	8.819231e-03	-3.739801e-03	-5.390938e-02	5.169617e-02	-3.492582e-02	4.415159e-02	-5.546070e-02	-1.389400e-02	3.074982e-02	
-2.165637e-02	-1.292416e-03	-4.176887e-01	2.161628e-01	7.527777e-02	-8.647915e-02	9.861264e-02	1.137586e-01	-1.702128e-01	1.000000e+00	-9.840834e-01	9.202188e-01	-7.499334e-01	5.574647e-01	2.632353e-01	5.287800e-02	-5.322112e-02	5.042263e-02	1.356074e-02	-3.229938e-02	1.814705e-01	-2.299527e-01	2.887316e-01	4.988370e-02	-1.161734e-01	
3.887853e-02	-6.879154e-03	5.296263e-01	-2.712226e-01	-1.135446e-01	1.292056e-01	-1.434917e-01	-1.010419e-01	1.745049e-01	-9.840834e-01	1.000000e+00	-9.743629e-01	6.997345e-01	-4.984082e-01	-3.386660e-01	-6.370674e-02	6.465525e-02	-6.145867e-02	-1.801849e-02	4.092773e-02	-2.272018e-01	2.901484e-01	-3.669504e-01	-6.744824e-02	1.521168e-01	
-7.665454e-02	2.677323e-02	-6.585095e-01	3.387045e-01	1.558997e-01	-1.767341e-01	1.933347e-01	7.627761e-02	-1.660549e-01	9.202188e-01	-9.743629e-01	1.000000e+00	-5.916789e-01	3.881985e-01	4.276930e-01	7.347432e-02	-7.503640e-02	7.140616e-02	2.339319e-02	-5.018410e-02	2.796219e-01	-3.599127e-01	4.587183e-01	8.636322e-02	-1.929153e-01	
1.303368e-01	-8.237300e-02	-9.167233e-02	-6.789313e-03	1.199918e-01	-1.316382e-01	1.296662e-01	-7.085515e-02	2.346388e-02	-7.499334e-01	6.997345e-01	-5.916789e-01	1.000000e+00	-9.460749e-01	6.988032e-02	1.015718e-02	-1.189065e-02	1.122883e-02	5.784653e-03	-7.023196e-03	3.457294e-02	-4.333186e-02	5.054263e-02	2.901336e-02	-3.972160e-02	
-9.336736e-02	2.778484e-02	2.423830e-01	-4.989994e-02	-1.159970e-01	1.412591e-01	-1.492507e-01	-9.190940e-02	1.898194e-01	5.574647e-01	-4.984082e-01	3.881985e-01	-9.460749e-01	1.000000e+00	-1.642294e-01	-2.698598e-02	2.867471e-02	-2.617371e-02	-2.047790e-02	2.686482e-02	-1.002938e-01	1.289098e-01	-1.610186e-01	-4.846179e-02	8.617736e-02	
3.257268e-04	-2.034190e-01	-6.631822e-01	4.796529e-01	1.908478e-02	-2.512576e-02	2.861386e-02	1.135788e-02	-2.324440e-02	2.632353e-01	-3.386660e-01	4.276930e-01	6.988032e-02	-1.642294e-01	1.000000e+00	-4.876580e-01	5.456353e-01	-5.896912e-01	6.030068e-02	1.948120e-01	1.623988e-01	-2.148149e-01	2.861980e-01	4.592468e-02	-9.454269e-02	
1.076479e-01	-1.467943e-02	-9.361454e-02	5.698607e-02	3.180829e-02	-3.157974e-02	2.816359e-02	3.728345e-03	-1.088390e-02	5.287800e-02	-6.370674e-02	7.347432e-02	1.015718e-02	-2.698598e-02	-4.876580e-01	1.000000e+00	-9.844607e-01	9.409796e-01	-5.758250e-01	1.906066e-01	1.835393e-01	-2.229124e-01	2.583599e-01	6.148957e-02	-1.021765e-01	
-1.095304e-01	1.814202e-02	9.609266e-02	-5.951812e-02	-3.299209e-02	3.291090e-02	-2.964351e-02	-2.039376e-03	8.819231e-03	-5.322112e-02	6.465525e-02	-7.503640e-02	-1.189065e-02	2.867471e-02	5.456353e-01	-9.844607e-01	1.000000e+00	-9.853194e-01	5.107910e-01	-1.096302e-01	-1.933173e-01	2.375179e-01	-2.778653e-01	-7.694453e-02	1.272055e-01	
1.026082e-01	-2.957268e-02	-9.052522e-02	5.874792e-02	3.215499e-02	-3.213559e-02	2.933794e-02	-2.211296e-03	-3.739801e-03	5.042263e-02	-6.145867e-02	7.140616e-02	1.122883e-02	-2.617371e-02	-5.896912e-01	9.409796e-01	-9.853194e-01	1.000000e+00	-4.356253e-01	3.311146e-02	1.959833e-01	-2.430289e-01	2.864130e-01	8.602023e-02	-1.421539e-01	
2.267061e-02	1.745324e-01	-2.309847e-02	1.267959e-03	-1.668705e-02	1.646828e-02	-1.884375e-02	6.383039e-02	-5.390938e-02	1.356074e-02	-1.801849e-02	2.339319e-02	5.784653e-03	-2.047790e-02	6.030068e-02	-5.758250e-01	5.107910e-01	-4.356253e-01	1.000000e+00	-8.965827e-01	-8.887196e-04	4.206196e-03	-8.896003e-03	5.521502e-02	-1.352491e-01	
-5.173418e-02	-1.688191e-01	5.313635e-02	-2.016040e-02	1.968730e-03	-2.057075e-03	5.691808e-03	-5.789783e-02	5.169617e-02	-3.229938e-02	4.092773e-02	-5.018410e-02	-7.023196e-03	2.686482e-02	1.948120e-01	1.906066e-01	-1.096302e-01	3.311146e-02	-8.965827e-01	1.000000e+00	-8.077715e-02	9.552817e-02	-1.062644e-01	-1.005966e-01	2.221235e-01	
3.589703e-02	-2.280298e-02	-3.953785e-01	2.703042e-01	2.929784e-02	-3.225968e-02	3.065822e-02	2.594431e-02	-3.492582e-02	1.814705e-01	-2.272018e-01	2.796219e-01	3.457294e-02	-1.002938e-01	1.623988e-01	1.835393e-01	-1.933173e-01	1.959833e-01	-8.887196e-04	-8.077715e-02	1.000000e+00	-9.837591e-01	9.177181e-01	-7.190009e-01	5.459715e-01	
-1.567064e-02	9.723708e-03	5.065799e-01	-3.488086e-01	-3.393496e-02	3.771195e-02	-3.602256e-02	-3.319343e-02	4.415159e-02	-2.299527e-01	2.901484e-01	-3.599127e-01	-4.333186e-02	1.289098e-01	-2.148149e-01	-2.229124e-01	2.375179e-01	-2.430289e-01	4.206196e-03	9.552817e-02	-9.837591e-01	1.000000e+00	-9.732768e-01	6.608335e-01	-4.767035e-01	
-3.063711e-02	1.944192e-02	-6.386629e-01	4.418568e-01	3.775692e-02	-4.276282e-02	4.139377e-02	4.234321e-02	-5.546070e-02	2.887316e-01	-3.669504e-01	4.587183e-01	5.054263e-02	-1.610186e-01	2.861980e-01	2.583599e-01	-2.778653e-01	2.864130e-01	-8.896003e-03	-1.062644e-01	9.177181e-01	-9.732768e-01	1.000000e+00	-5.422334e-01	3.521698e-01	
9.712120e-02	-6.551938e-02	-1.591616e-01	1.098732e-01	3.178478e-03	-4.623163e-03	4.825997e-03	1.588109e-02	-1.389400e-02	4.988370e-02	-6.744824e-02	8.636322e-02	2.901336e-02	-4.846179e-02	4.592468e-02	6.148957e-02	-7.694453e-02	8.602023e-02	5.521502e-02	-1.005966e-01	-7.190009e-01	6.608335e-01	-5.422334e-01	1.000000e+00	-9.629708e-01	
-7.588347e-02	3.066515e-02	3.037917e-01	-2.068075e-01	-1.033065e-02	1.303951e-02	-1.293806e-02	-3.037406e-02	3.074982e-02	-1.161734e-01	1.521168e-01	-1.929153e-01	-3.972160e-02	8.617736e-02	-9.454269e-02	-1.021765e-01	1.272055e-01	-1.421539e-01	-1.352491e-01	2.221235e-01	5.459715e-01	-4.767035e-01	3.521698e-01	-9.629708e-01	1.000000e+00	

Time taken for mcmc chain: 27.266667 minutes
