Number of steps: 9826999
Number of accepted steps: 500000
Burn-in number of steps: 320000
Accepted fraction of steps: 0.050880
Convergence Status
R[0]= -nan	R[1]= -nan	R[2]= -nan	R[3]= -nan	R[4]= -nan	R[5]= -nan	R[6]= -nan	R[7]= -nan	R[8]= -nan	R[9]= -nan	R[10]= -nan	R[11]= -nan	R[12]= -nan	R[13]= -nan	R[14]= -nan	R[15]= -nan	R[16]= -nan	R[17]= -nan	R[18]= -nan	R[19]= -nan	R[20]= -nan	R[21]= -nan	R[22]= -nan	R[23]= -nan	R[24]= -nan	
<R>= -nan

Mean parameters
A[0]= 9.365683e-01 pm 3.703668e-02
A[1]= 1.049114e+00 pm 3.727417e-02
A[2]= 5.019905e-01 pm 4.101913e-01
A[3]= 3.112321e+00 pm 9.657394e-01
A[4]= -3.693172e+03 pm 3.774346e+03
A[5]= 1.775976e+03 pm 2.470732e+03
A[6]= 2.782197e+01 pm 5.779000e+02
A[7]= 1.808423e+01 pm 1.336536e+01
A[8]= -2.918819e-01 pm 1.828352e-01
A[9]= -2.438462e+03 pm 8.404365e+03
A[10]= 6.167520e+02 pm 5.010002e+03
A[11]= -1.764876e+02 pm 1.048341e+03
A[12]= 2.091061e+01 pm 4.762143e+01
A[13]= -6.559349e-01 pm 9.122743e-01
A[14]= 1.400406e+00 pm 5.560424e-01
A[15]= -1.800396e+03 pm 2.350586e+03
A[16]= 8.612394e+02 pm 1.547297e+03
A[17]= 1.210623e-01 pm 3.652372e+02
A[18]= 1.099100e+01 pm 8.816646e+00
A[19]= -1.732676e-01 pm 1.174392e-01
A[20]= -7.916752e+02 pm 4.987552e+03
A[21]= 3.862218e+01 pm 2.902611e+03
A[22]= -2.263707e+01 pm 5.757909e+02
A[23]= 4.176639e+00 pm 3.068874e+01
A[24]= -1.400574e-01 pm 5.870847e-01

Best-fitting parameters
A[0]= 9.218761e-01
A[1]= 1.052000e+00
A[2]= 1.062124e-01
A[3]= 4.401673e+00
A[4]= -6.952579e+03
A[5]= 3.820589e+03
A[6]= -4.188421e+02
A[7]= 3.081022e+01
A[8]= -4.254990e-01
A[9]= 4.274298e+03
A[10]= -4.026921e+03
A[11]= 9.733348e+02
A[12]= 1.777833e+00
A[13]= -5.305238e-01
A[14]= 2.045472e+00
A[15]= -3.795296e+03
A[16]= 2.024305e+03
A[17]= -2.288804e+02
A[18]= 1.414503e+01
A[19]= -1.912613e-01
A[20]= 6.586381e+02
A[21]= -1.162601e+03
A[22]= 3.194841e+02
A[23]= 8.432320e+00
A[24]= -3.598564e-01
chi2_min= 6.975350e+01


Cross-Covariance parameters
1.000000e+00	-5.139775e-01	-7.826027e-03	-3.793321e-03	1.394265e-02	-1.891908e-02	1.881090e-02	5.425687e-02	-5.023981e-02	-6.684429e-02	9.147556e-02	-1.381537e-01	1.258910e-01	-8.296242e-02	5.204895e-02	-3.347835e-02	3.622025e-02	-4.311759e-02	6.767515e-02	-5.293050e-02	-3.568392e-02	6.003424e-02	-1.096765e-01	8.033128e-02	-5.561033e-02	
-5.139775e-01	1.000000e+00	-8.123996e-02	-6.226009e-02	-1.682475e-02	2.828253e-02	-5.103549e-02	1.442354e-01	-1.259245e-01	6.884474e-02	-9.842524e-02	1.436639e-01	-7.351280e-02	5.072184e-03	-5.967989e-02	-1.065272e-02	1.714534e-02	-2.849831e-02	5.603187e-02	-3.149261e-02	-8.393166e-04	-1.967815e-02	6.091247e-02	-8.058438e-03	-2.017981e-02	
-7.826027e-03	-8.123996e-02	1.000000e+00	-6.414120e-01	-1.487184e-02	2.381981e-02	-2.347373e-02	-6.383267e-02	6.684750e-02	-3.673991e-01	4.938413e-01	-6.426350e-01	-9.664636e-02	2.513173e-01	-4.887720e-01	-4.057338e-03	1.265225e-02	-1.650519e-02	-5.558433e-02	4.879853e-02	-2.255599e-01	3.228693e-01	-4.601338e-01	-1.441260e-01	2.479156e-01	
-3.793321e-03	-6.226009e-02	-6.414120e-01	1.000000e+00	-5.592170e-01	6.120744e-01	-6.506911e-01	1.890494e-01	8.837564e-02	1.761752e-01	-2.406970e-01	3.218027e-01	1.181104e-02	-7.039718e-02	3.149119e-01	1.018992e-02	-1.971472e-02	2.799724e-02	3.003307e-02	-3.345322e-02	1.723799e-01	-2.343731e-01	3.205162e-01	7.708818e-02	-1.493168e-01	
1.394265e-02	-1.682475e-02	-1.487184e-02	-5.592170e-01	1.000000e+00	-9.853744e-01	9.441360e-01	-6.669512e-01	2.914530e-01	5.946809e-02	-9.134329e-02	1.262514e-01	8.686875e-02	-7.027309e-02	3.456918e-02	1.110252e-03	2.071691e-03	-5.335774e-03	3.556395e-03	-1.508523e-03	1.018560e-03	-6.565125e-03	1.457354e-02	6.426930e-03	-3.708605e-03	
-1.891908e-02	2.828253e-02	2.381981e-02	6.120744e-01	-9.853744e-01	1.000000e+00	-9.859721e-01	6.153622e-01	-2.235871e-01	-7.075342e-02	1.058060e-01	-1.440279e-01	-9.796112e-02	9.503569e-02	-3.748970e-02	-6.263564e-03	3.755057e-03	-7.168480e-04	-4.523419e-04	1.360700e-03	-5.562289e-03	1.227891e-02	-2.170551e-02	-6.787985e-03	5.048888e-03	
1.881090e-02	-5.103549e-02	-2.347373e-02	-6.506911e-01	9.441360e-01	-9.859721e-01	1.000000e+00	-5.529803e-01	1.599667e-01	8.280749e-02	-1.185761e-01	1.570729e-01	9.751230e-02	-1.045994e-01	3.730307e-02	1.102919e-02	-9.256812e-03	6.757910e-03	-5.093556e-03	1.119799e-03	7.751231e-03	-1.463286e-02	2.414783e-02	6.155648e-03	-4.481125e-03	
5.425687e-02	1.442354e-01	-6.383267e-02	1.890494e-01	-6.669512e-01	6.153622e-01	-5.529803e-01	1.000000e+00	-8.874531e-01	1.200903e-01	-1.078739e-01	8.251739e-02	-7.422520e-02	-9.521805e-02	-1.658125e-02	2.058578e-02	-2.172793e-02	1.843078e-02	1.869904e-02	-2.791396e-02	9.377548e-03	-1.464734e-02	2.119838e-02	1.451127e-02	-2.740339e-02	
-5.023981e-02	-1.259245e-01	6.684750e-02	8.837564e-02	2.914530e-01	-2.235871e-01	1.599667e-01	-8.874531e-01	1.000000e+00	-1.822043e-01	1.835120e-01	-1.690309e-01	5.334958e-02	1.653950e-01	1.329296e-02	-3.390383e-02	3.485673e-02	-3.060919e-02	-1.871211e-02	3.611362e-02	-1.458933e-02	2.316059e-02	-3.416766e-02	-1.277832e-02	2.638181e-02	
-6.684429e-02	6.884474e-02	-3.673991e-01	1.761752e-01	5.946809e-02	-7.075342e-02	8.280749e-02	1.200903e-01	-1.822043e-01	1.000000e+00	-9.827464e-01	9.124218e-01	-7.780597e-01	5.877790e-01	1.648494e-01	1.955556e-02	-2.562200e-02	3.015406e-02	3.087134e-02	-4.208264e-02	1.068127e-01	-1.469688e-01	2.037645e-01	4.157573e-02	-8.852400e-02	
9.147556e-02	-9.842524e-02	4.938413e-01	-2.406970e-01	-9.134329e-02	1.058060e-01	-1.185761e-01	-1.078739e-01	1.835120e-01	-9.827464e-01	1.000000e+00	-9.715492e-01	7.281604e-01	-5.271861e-01	-2.264442e-01	-2.274828e-02	2.980203e-02	-3.439795e-02	-3.786705e-02	4.943174e-02	-1.390346e-01	1.922645e-01	-2.680683e-01	-5.842039e-02	1.200230e-01	
-1.381537e-01	1.436639e-01	-6.426350e-01	3.218027e-01	1.262514e-01	-1.440279e-01	1.570729e-01	8.251739e-02	-1.690309e-01	9.124218e-01	-9.715492e-01	1.000000e+00	-6.153268e-01	4.108156e-01	2.970572e-01	2.898892e-02	-3.728661e-02	4.201488e-02	4.197007e-02	-5.437409e-02	1.788426e-01	-2.480831e-01	3.473536e-01	7.497775e-02	-1.543182e-01	
1.258910e-01	-7.351280e-02	-9.664636e-02	1.181104e-02	8.686875e-02	-9.796112e-02	9.751230e-02	-7.422520e-02	5.334958e-02	-7.780597e-01	7.281604e-01	-6.153268e-01	1.000000e+00	-9.437634e-01	7.069089e-02	-1.173360e-02	1.311099e-02	-1.532062e-02	1.902563e-03	9.348691e-03	1.726714e-03	-1.054588e-02	2.125191e-02	2.350601e-02	-2.373531e-02	
-8.296242e-02	5.072184e-03	2.513173e-01	-7.039718e-02	-7.027309e-02	9.503569e-02	-1.045994e-01	-9.521805e-02	1.653950e-01	5.877790e-01	-5.271861e-01	4.108156e-01	-9.437634e-01	1.000000e+00	-1.382020e-01	1.021726e-02	-8.975112e-03	9.709248e-03	-2.613184e-02	1.627457e-02	-4.482277e-02	7.158468e-02	-1.080125e-01	-3.755969e-02	5.788333e-02	
5.204895e-02	-5.967989e-02	-4.887720e-01	3.149119e-01	3.456918e-02	-3.748970e-02	3.730307e-02	-1.658125e-02	1.329296e-02	1.648494e-01	-2.264442e-01	2.970572e-01	7.069089e-02	-1.382020e-01	1.000000e+00	-6.449380e-01	7.168803e-01	-7.676958e-01	1.695703e-01	1.482076e-01	1.556085e-02	-4.001130e-02	8.315608e-02	4.340458e-02	-5.544392e-02	
-3.347835e-02	-1.065272e-02	-4.057338e-03	1.018992e-02	1.110252e-03	-6.263564e-03	1.102919e-02	2.058578e-02	-3.390383e-02	1.955556e-02	-2.274828e-02	2.898892e-02	-1.173360e-02	1.021726e-02	-6.449380e-01	1.000000e+00	-9.837087e-01	9.378694e-01	-6.504139e-01	2.924677e-01	1.303811e-01	-1.585734e-01	1.892406e-01	-5.771352e-03	-8.099101e-03	
3.622025e-02	1.714534e-02	1.265225e-02	-1.971472e-02	2.071691e-03	3.755057e-03	-9.256812e-03	-2.172793e-02	3.485673e-02	-2.562200e-02	2.980203e-02	-3.728661e-02	1.311099e-02	-8.975112e-03	7.168803e-01	-9.837087e-01	1.000000e+00	-9.844997e-01	5.897642e-01	-2.146908e-01	-1.388053e-01	1.722999e-01	-2.090741e-01	-3.496887e-03	2.601989e-02	
-4.311759e-02	-2.849831e-02	-1.650519e-02	2.799724e-02	-5.335774e-03	-7.168480e-04	6.757910e-03	1.843078e-02	-3.060919e-02	3.015406e-02	-3.439795e-02	4.201488e-02	-1.532062e-02	9.709248e-03	-7.676958e-01	9.378694e-01	-9.844997e-01	1.000000e+00	-5.135642e-01	1.360845e-01	1.452819e-01	-1.825971e-01	2.238488e-01	6.596570e-03	-3.534171e-02	
6.767515e-02	5.603187e-02	-5.558433e-02	3.003307e-02	3.556395e-03	-4.523419e-04	-5.093556e-03	1.869904e-02	-1.871211e-02	3.087134e-02	-3.786705e-02	4.197007e-02	1.902563e-03	-2.613184e-02	1.695703e-01	-6.504139e-01	5.897642e-01	-5.135642e-01	1.000000e+00	-9.026852e-01	-9.267214e-04	6.367163e-03	-1.483729e-02	5.600314e-02	-1.325091e-01	
-5.293050e-02	-3.149261e-02	4.879853e-02	-3.345322e-02	-1.508523e-03	1.360700e-03	1.119799e-03	-2.791396e-02	3.611362e-02	-4.208264e-02	4.943174e-02	-5.437409e-02	9.348691e-03	1.627457e-02	1.482076e-01	2.924677e-01	-2.146908e-01	1.360845e-01	-9.026852e-01	1.000000e+00	-5.932597e-02	6.586848e-02	-6.877275e-02	-6.958643e-02	1.776756e-01	
-3.568392e-02	-8.393166e-04	-2.255599e-01	1.723799e-01	1.018560e-03	-5.562289e-03	7.751231e-03	9.377548e-03	-1.458933e-02	1.068127e-01	-1.390346e-01	1.788426e-01	1.726714e-03	-4.482277e-02	1.556085e-02	1.303811e-01	-1.388053e-01	1.452819e-01	-9.267214e-04	-5.932597e-02	1.000000e+00	-9.867573e-01	9.282005e-01	-8.303161e-01	7.026480e-01	
6.003424e-02	-1.967815e-02	3.228693e-01	-2.343731e-01	-6.565125e-03	1.227891e-02	-1.463286e-02	-1.464734e-02	2.316059e-02	-1.469688e-01	1.922645e-01	-2.480831e-01	-1.054588e-02	7.158468e-02	-4.001130e-02	-1.585734e-01	1.722999e-01	-1.825971e-01	6.367163e-03	6.586848e-02	-9.867573e-01	1.000000e+00	-9.753783e-01	8.091743e-01	-6.760634e-01	
-1.096765e-01	6.091247e-02	-4.601338e-01	3.205162e-01	1.457354e-02	-2.170551e-02	2.414783e-02	2.119838e-02	-3.416766e-02	2.037645e-01	-2.680683e-01	3.473536e-01	2.125191e-02	-1.080125e-01	8.315608e-02	1.892406e-01	-2.090741e-01	2.238488e-01	-1.483729e-02	-6.877275e-02	9.282005e-01	-9.753783e-01	1.000000e+00	-7.344741e-01	5.994534e-01	
8.033128e-02	-8.058438e-03	-1.441260e-01	7.708818e-02	6.426930e-03	-6.787985e-03	6.155648e-03	1.451127e-02	-1.277832e-02	4.157573e-02	-5.842039e-02	7.497775e-02	2.350601e-02	-3.755969e-02	4.340458e-02	-5.771352e-03	-3.496887e-03	6.596570e-03	5.600314e-02	-6.958643e-02	-8.303161e-01	8.091743e-01	-7.344741e-01	1.000000e+00	-9.692266e-01	
-5.561033e-02	-2.017981e-02	2.479156e-01	-1.493168e-01	-3.708605e-03	5.048888e-03	-4.481125e-03	-2.740339e-02	2.638181e-02	-8.852400e-02	1.200230e-01	-1.543182e-01	-2.373531e-02	5.788333e-02	-5.544392e-02	-8.099101e-03	2.601989e-02	-3.534171e-02	-1.325091e-01	1.776756e-01	7.026480e-01	-6.760634e-01	5.994534e-01	-9.692266e-01	1.000000e+00	

Time taken for mcmc chain: 1.085556 hours
