Number of steps: 17781582
Number of accepted steps: 1000000
Burn-in number of steps: 320000
Accepted fraction of steps: 0.056238
Convergence Status
R[0]= 1.001843	R[1]= 1.000593	R[2]= 1.004506	R[3]= 1.002251	R[4]= 1.002578	R[5]= 1.002828	R[6]= 1.002922	R[7]= 1.000476	R[8]= 1.000246	R[9]= 1.000602	R[10]= 1.001050	R[11]= 1.001709	R[12]= 1.000338	R[13]= 1.000781	R[14]= 1.000211	R[15]= 1.002181	R[16]= 1.002611	R[17]= 1.002877	R[18]= 1.000849	R[19]= 1.001104	R[20]= 1.001702	R[21]= 1.002469	R[22]= 1.003233	R[23]= 1.000417	R[24]= 1.000578	
<R>= 1.001638

Mean parameters
A[0]= 9.254428e-01 pm 3.470555e-02
A[1]= 1.047314e+00 pm 3.038492e-02
A[2]= 6.465583e-01 pm 4.474628e-01
A[3]= 3.535929e+00 pm 1.185185e+00
A[4]= -3.899062e+03 pm 3.774809e+03
A[5]= 1.936216e+03 pm 2.480100e+03
A[6]= -9.378237e+00 pm 5.810769e+02
A[7]= 1.639019e+01 pm 1.303167e+01
A[8]= -2.631131e-01 pm 1.795564e-01
A[9]= -3.867928e+03 pm 8.478799e+03
A[10]= 1.660157e+03 pm 5.093793e+03
A[11]= -4.342364e+02 pm 1.070477e+03
A[12]= 1.853009e+01 pm 4.837087e+01
A[13]= -5.409725e-01 pm 9.348952e-01
A[14]= 5.015740e+00 pm 1.623392e+00
A[15]= -6.581555e+03 pm 5.311183e+03
A[16]= 4.792820e+03 pm 3.489480e+03
A[17]= -8.326568e+02 pm 8.173227e+02
A[18]= 1.877019e+00 pm 1.944755e+01
A[19]= 1.434479e-01 pm 2.660102e-01
A[20]= 5.786510e+03 pm 1.175916e+04
A[21]= -3.259095e+03 pm 7.141567e+03
A[22]= 2.109316e+02 pm 1.520761e+03
A[23]= -4.760191e+01 pm 6.750279e+01
A[24]= 6.658256e-01 pm 1.320817e+00

Best-fitting parameters
A[0]= 9.395727e-01
A[1]= 1.022771e+00
A[2]= 3.133912e-01
A[3]= 4.304672e+00
A[4]= -3.055554e+03
A[5]= 1.488452e+03
A[6]= 5.472600e+01
A[7]= 1.198036e+01
A[8]= -2.369015e-01
A[9]= -5.007562e+03
A[10]= 1.580907e+03
A[11]= -2.565653e+02
A[12]= 4.306790e+01
A[13]= -1.094708e+00
A[14]= 6.789242e+00
A[15]= -9.827245e+03
A[16]= 6.791374e+03
A[17]= -1.231888e+03
A[18]= -5.271161e-01
A[19]= 2.749753e-01
A[20]= 4.955074e+03
A[21]= -3.660588e+03
A[22]= 5.343800e+02
A[23]= -2.909827e+01
A[24]= 3.956591e-01
chi2_min= 8.986361e+01


Cross-Covariance parameters
1.000000e+00	-4.954883e-01	-1.501170e-01	8.634195e-02	2.183003e-02	-2.039486e-02	1.132147e-02	6.923464e-02	-5.144911e-02	-7.329545e-03	1.903330e-02	-4.968426e-02	1.288716e-01	-1.000891e-01	4.497936e-02	7.286832e-02	-7.483926e-02	6.804418e-02	5.554644e-02	-6.394959e-02	-3.290191e-03	1.282977e-02	-4.316122e-02	1.485544e-01	-1.257800e-01	
-4.954883e-01	1.000000e+00	1.800121e-01	-1.687749e-01	-3.434419e-02	4.272464e-02	-5.836734e-02	1.339879e-01	-1.226710e-01	-1.030403e-02	3.810040e-03	1.203664e-02	-9.040982e-02	4.262877e-02	-2.330621e-01	1.250798e-02	-1.450540e-02	8.732382e-03	1.561388e-01	-1.683302e-01	7.159716e-03	-1.300707e-02	3.171338e-02	-7.820059e-02	3.851891e-02	
-1.501170e-01	1.800121e-01	1.000000e+00	-7.039345e-01	-3.018813e-03	6.804587e-03	-2.881939e-03	-5.613657e-02	4.322555e-02	-3.947218e-01	5.094345e-01	-6.432040e-01	-1.022802e-01	2.394281e-01	-6.606823e-01	-9.139051e-02	1.017509e-01	-1.018215e-01	-3.165139e-02	5.636731e-02	-4.175601e-01	5.298682e-01	-6.576253e-01	-1.444832e-01	2.922969e-01	
8.634195e-02	-1.687749e-01	-7.039345e-01	1.000000e+00	-5.297606e-01	5.806179e-01	-6.189896e-01	1.730011e-01	1.086831e-01	2.196708e-01	-2.805650e-01	3.570610e-01	4.109846e-03	-5.829347e-02	4.853215e-01	6.430202e-02	-7.298214e-02	7.498820e-02	1.163671e-02	-3.253072e-02	2.945205e-01	-3.758716e-01	4.690163e-01	1.094080e-01	-2.147338e-01	
2.183003e-02	-3.434419e-02	-3.018813e-03	-5.297606e-01	1.000000e+00	-9.852495e-01	9.440200e-01	-6.449513e-01	2.471762e-01	5.739151e-02	-9.489828e-02	1.353842e-01	1.187439e-01	-1.155039e-01	5.075240e-03	1.859488e-02	-1.793442e-02	1.777462e-02	-1.565688e-02	1.128991e-02	6.595151e-03	-7.764524e-03	8.612879e-03	2.298076e-03	-4.057093e-04	
-2.039486e-02	4.272464e-02	6.804587e-03	5.806179e-01	-9.852495e-01	1.000000e+00	-9.860560e-01	5.931058e-01	-1.798727e-01	-6.782494e-02	1.090687e-01	-1.537404e-01	-1.297780e-01	1.392591e-01	-9.449851e-03	-1.967267e-02	1.905856e-02	-1.899887e-02	1.880202e-02	-1.408954e-02	-7.379446e-03	9.223490e-03	-1.087201e-02	-3.568837e-03	1.944131e-03	
1.132147e-02	-5.836734e-02	-2.881939e-03	-6.189896e-01	9.440200e-01	-9.860560e-01	1.000000e+00	-5.311815e-01	1.181027e-01	7.918954e-02	-1.216999e-01	1.675363e-01	1.272745e-01	-1.456942e-01	1.132690e-02	1.808608e-02	-1.735924e-02	1.757483e-02	-2.539527e-02	2.113483e-02	4.422341e-03	-5.971868e-03	7.383605e-03	2.435426e-03	5.167628e-04	
6.923464e-02	1.339879e-01	-5.613657e-02	1.730011e-01	-6.449513e-01	5.931058e-01	-5.311815e-01	1.000000e+00	-8.798341e-01	1.107210e-01	-9.504936e-02	6.662582e-02	-6.198033e-02	-9.788166e-02	3.568831e-03	1.495688e-02	-1.560889e-02	1.160523e-02	5.424296e-02	-5.797698e-02	3.643162e-02	-4.167032e-02	4.649243e-02	1.162141e-02	-2.972687e-02	
-5.144911e-02	-1.226710e-01	4.322555e-02	1.086831e-01	2.471762e-01	-1.798727e-01	1.181027e-01	-8.798341e-01	1.000000e+00	-1.623879e-01	1.624976e-01	-1.480798e-01	1.722784e-02	1.935187e-01	2.706954e-04	-1.892624e-02	1.939544e-02	-1.594162e-02	-4.344756e-02	4.862759e-02	-3.794642e-02	4.220387e-02	-4.597440e-02	-4.432217e-03	2.086906e-02	
-7.329545e-03	-1.030403e-02	-3.947218e-01	2.196708e-01	5.739151e-02	-6.782494e-02	7.918954e-02	1.107210e-01	-1.623879e-01	1.000000e+00	-9.834304e-01	9.165701e-01	-7.534794e-01	5.648405e-01	2.610140e-01	4.104774e-02	-4.781331e-02	4.983614e-02	2.486409e-02	-4.125971e-02	1.801090e-01	-2.293395e-01	2.865392e-01	5.220955e-02	-1.201526e-01	
1.903330e-02	3.810040e-03	5.094345e-01	-2.805650e-01	-9.489828e-02	1.090687e-01	-1.216999e-01	-9.504936e-02	1.624976e-01	-9.834304e-01	1.000000e+00	-9.730766e-01	7.012906e-01	-5.044692e-01	-3.374604e-01	-5.441995e-02	6.237016e-02	-6.434991e-02	-2.793652e-02	4.838791e-02	-2.325756e-01	2.962704e-01	-3.705680e-01	-6.600766e-02	1.535373e-01	
-4.968426e-02	1.203664e-02	-6.432040e-01	3.570610e-01	1.353842e-01	-1.537404e-01	1.675363e-01	6.662582e-02	-1.480798e-01	9.165701e-01	-9.730766e-01	1.000000e+00	-5.884934e-01	3.905692e-01	4.276992e-01	6.918841e-02	-7.836288e-02	8.030229e-02	2.953866e-02	-5.444319e-02	2.937516e-01	-3.748249e-01	4.700863e-01	8.062313e-02	-1.913909e-01	
1.288716e-01	-9.040982e-02	-1.022802e-01	4.109846e-03	1.187439e-01	-1.297780e-01	1.272745e-01	-6.198033e-02	1.722784e-02	-7.534794e-01	7.012906e-01	-5.884934e-01	1.000000e+00	-9.473538e-01	6.863496e-02	2.710616e-02	-2.577911e-02	2.312413e-02	-9.961081e-03	5.689709e-03	3.407194e-02	-4.254402e-02	5.034682e-02	3.216673e-02	-3.938953e-02	
-1.000891e-01	4.262877e-02	2.394281e-01	-5.829347e-02	-1.155039e-01	1.392591e-01	-1.456942e-01	-9.788166e-02	1.935187e-01	5.648405e-01	-5.044692e-01	3.905692e-01	-9.473538e-01	1.000000e+00	-1.544820e-01	-4.528218e-02	4.601062e-02	-4.320047e-02	-4.586139e-03	1.616330e-02	-1.043626e-01	1.310400e-01	-1.605884e-01	-4.495074e-02	7.977274e-02	
4.497936e-02	-2.330621e-01	-6.606823e-01	4.853215e-01	5.075240e-03	-9.449851e-03	1.132690e-02	3.568831e-03	2.706954e-04	2.610140e-01	-3.374604e-01	4.276992e-01	6.863496e-02	-1.544820e-01	1.000000e+00	-4.784439e-01	5.345288e-01	-5.783958e-01	5.450631e-02	1.921058e-01	1.878501e-01	-2.414177e-01	3.098456e-01	2.637797e-02	-7.993932e-02	
7.286832e-02	1.250798e-02	-9.139051e-02	6.430202e-02	1.859488e-02	-1.967267e-02	1.808608e-02	1.495688e-02	-1.892624e-02	4.104774e-02	-5.441995e-02	6.918841e-02	2.710616e-02	-4.528218e-02	-4.784439e-01	1.000000e+00	-9.843279e-01	9.402250e-01	-5.791665e-01	2.079759e-01	1.843165e-01	-2.223449e-01	2.562001e-01	6.105887e-02	-9.876961e-02	
-7.483926e-02	-1.450540e-02	1.017509e-01	-7.298214e-02	-1.793442e-02	1.905856e-02	-1.735924e-02	-1.560889e-02	1.939544e-02	-4.781331e-02	6.237016e-02	-7.836288e-02	-2.577911e-02	4.601062e-02	5.345288e-01	-9.843279e-01	1.000000e+00	-9.850670e-01	5.093312e-01	-1.231074e-01	-1.954967e-01	2.391536e-01	-2.788825e-01	-7.895450e-02	1.273336e-01	
6.804418e-02	8.732382e-03	-1.018215e-01	7.498820e-02	1.777462e-02	-1.899887e-02	1.757483e-02	1.160523e-02	-1.594162e-02	4.983614e-02	-6.434991e-02	8.030229e-02	2.312413e-02	-4.320047e-02	-5.783958e-01	9.402250e-01	-9.850670e-01	1.000000e+00	-4.295954e-01	4.254078e-02	1.981578e-01	-2.454368e-01	2.892212e-01	9.030069e-02	-1.453083e-01	
5.554644e-02	1.561388e-01	-3.165139e-02	1.163671e-02	-1.565688e-02	1.880202e-02	-2.539527e-02	5.424296e-02	-4.344756e-02	2.486409e-02	-2.793652e-02	2.953866e-02	-9.961081e-03	-4.586139e-03	5.450631e-02	-5.791665e-01	5.093312e-01	-4.295954e-01	1.000000e+00	-9.026789e-01	-9.357442e-03	1.216119e-02	-1.540049e-02	7.244837e-02	-1.524405e-01	
-6.394959e-02	-1.683302e-01	5.636731e-02	-3.253072e-02	1.128991e-02	-1.408954e-02	2.113483e-02	-5.797698e-02	4.862759e-02	-4.125971e-02	4.838791e-02	-5.444319e-02	5.689709e-03	1.616330e-02	1.921058e-01	2.079759e-01	-1.231074e-01	4.254078e-02	-9.026789e-01	1.000000e+00	-7.035190e-02	8.387540e-02	-9.419602e-02	-1.129525e-01	2.324309e-01	
-3.290191e-03	7.159716e-03	-4.175601e-01	2.945205e-01	6.595151e-03	-7.379446e-03	4.422341e-03	3.643162e-02	-3.794642e-02	1.801090e-01	-2.325756e-01	2.937516e-01	3.407194e-02	-1.043626e-01	1.878501e-01	1.843165e-01	-1.954967e-01	1.981578e-01	-9.357442e-03	-7.035190e-02	1.000000e+00	-9.838841e-01	9.199451e-01	-7.117056e-01	5.347789e-01	
1.282977e-02	-1.300707e-02	5.298682e-01	-3.758716e-01	-7.764524e-03	9.223490e-03	-5.971868e-03	-4.167032e-02	4.220387e-02	-2.293395e-01	2.962704e-01	-3.748249e-01	-4.254402e-02	1.310400e-01	-2.414177e-01	-2.223449e-01	2.391536e-01	-2.454368e-01	1.216119e-02	8.387540e-02	-9.838841e-01	1.000000e+00	-9.744685e-01	6.513769e-01	-4.641351e-01	
-4.316122e-02	3.171338e-02	-6.576253e-01	4.690163e-01	8.612879e-03	-1.087201e-02	7.383605e-03	4.649243e-02	-4.597440e-02	2.865392e-01	-3.705680e-01	4.700863e-01	5.034682e-02	-1.605884e-01	3.098456e-01	2.562001e-01	-2.788825e-01	2.892212e-01	-1.540049e-02	-9.419602e-02	9.199451e-01	-9.744685e-01	1.000000e+00	-5.342724e-01	3.421822e-01	
1.485544e-01	-7.820059e-02	-1.444832e-01	1.094080e-01	2.298076e-03	-3.568837e-03	2.435426e-03	1.162141e-02	-4.432217e-03	5.220955e-02	-6.600766e-02	8.062313e-02	3.216673e-02	-4.495074e-02	2.637797e-02	6.105887e-02	-7.895450e-02	9.030069e-02	7.244837e-02	-1.129525e-01	-7.117056e-01	6.513769e-01	-5.342724e-01	1.000000e+00	-9.621481e-01	
-1.257800e-01	3.851891e-02	2.922969e-01	-2.147338e-01	-4.057093e-04	1.944131e-03	5.167628e-04	-2.972687e-02	2.086906e-02	-1.201526e-01	1.535373e-01	-1.913909e-01	-3.938953e-02	7.977274e-02	-7.993932e-02	-9.876961e-02	1.273336e-01	-1.453083e-01	-1.524405e-01	2.324309e-01	5.347789e-01	-4.641351e-01	3.421822e-01	-9.621481e-01	1.000000e+00	

Time taken for mcmc chain: 1.334167 hours
