Number of steps: 3882577
Number of accepted steps: 960000
Burn-in number of steps: 160000
Accepted fraction of steps: 0.247258
Convergence Status
R[0]= 1.008856	R[1]= 1.032044	R[2]= 1.117586	R[3]= 1.073233	R[4]= 1.028340	R[5]= 1.029125	R[6]= 1.029187	R[7]= 1.010573	R[8]= 1.007163	R[9]= 1.013814	R[10]= 1.017529	R[11]= 1.022009	R[12]= 1.009763	R[13]= 1.011152	R[14]= 1.034785	R[15]= 1.003543	R[16]= 1.003971	R[17]= 1.004781	R[18]= 1.004412	R[19]= 1.003863	R[20]= 1.010392	R[21]= 1.012087	R[22]= 1.013535	R[23]= 1.031481	R[24]= 1.031562	
<R>= 1.022591

Mean parameters
A[0]= 1.196848e+00 pm 7.245542e-02
A[1]= 1.203629e+00 pm 1.715407e-01
A[2]= 1.176055e+00 pm 1.106070e+00
A[3]= 3.043264e+00 pm 1.685314e+00
A[4]= 2.588205e+02 pm 4.101476e+03
A[5]= -1.792593e+03 pm 2.520298e+03
A[6]= 1.180876e+03 pm 5.086693e+02
A[7]= -9.654433e+00 pm 1.356252e+01
A[8]= -2.171286e-01 pm 1.927255e-01
A[9]= -3.243671e+03 pm 8.012176e+03
A[10]= 8.668562e+02 pm 4.569826e+03
A[11]= -1.222055e+02 pm 8.503063e+02
A[12]= 3.078514e+00 pm 5.339928e+01
A[13]= -4.650464e-01 pm 9.993517e-01
A[14]= 4.256225e+00 pm 2.150695e+00
A[15]= -7.731371e+02 pm 4.990881e+03
A[16]= -3.936772e+02 pm 3.040872e+03
A[17]= 8.295884e+02 pm 6.118373e+02
A[18]= -3.731575e+01 pm 2.079621e+01
A[19]= 2.417644e-01 pm 2.806832e-01
A[20]= 6.130501e+03 pm 1.127146e+04
A[21]= -3.995873e+03 pm 6.554572e+03
A[22]= 5.576977e+02 pm 1.251148e+03
A[23]= -7.505476e+01 pm 7.830151e+01
A[24]= 8.535805e-01 pm 1.455102e+00

Best-fitting parameters
A[0]= 1.164018e+00
A[1]= 1.287929e+00
A[2]= 3.707397e-01
A[3]= 5.249785e+00
A[4]= -2.988399e+03
A[5]= 4.422399e+02
A[6]= 6.786068e+02
A[7]= -1.351929e+01
A[8]= -1.697405e-01
A[9]= 2.712762e+03
A[10]= -2.390735e+03
A[11]= 4.722326e+02
A[12]= 1.748442e+00
A[13]= -5.369899e-01
A[14]= 6.811564e+00
A[15]= -3.913663e+03
A[16]= 1.615504e+03
A[17]= 4.144140e+02
A[18]= -4.345077e+01
A[19]= 3.845947e-01
A[20]= 7.881069e+03
A[21]= -5.159895e+03
A[22]= 8.382303e+02
A[23]= -2.168542e+01
A[24]= -8.208583e-02
chi2_min= 9.234794e+01


Cross-Covariance parameters
1.000000e+00	5.989439e-02	-4.565298e-02	1.218244e-01	-6.060961e-02	7.698226e-02	-9.170197e-02	-9.423846e-02	1.298561e-01	-4.482802e-02	6.763094e-02	-1.005523e-01	-5.669939e-03	5.267976e-02	1.323814e-01	-7.501375e-02	9.170580e-02	-1.068657e-01	-6.592421e-02	8.950452e-02	-5.998237e-02	7.273992e-02	-9.179552e-02	-3.895619e-02	7.110992e-02	
5.989439e-02	1.000000e+00	-1.872602e-01	1.298025e-01	-3.347013e-01	3.788886e-01	-4.280212e-01	-5.862709e-02	2.105884e-01	4.150497e-02	-5.204322e-02	6.564791e-02	8.107784e-02	-4.176167e-02	1.417571e-01	-3.257617e-01	3.814164e-01	-4.426439e-01	-1.386149e-01	2.606566e-01	3.943658e-02	-4.793867e-02	5.886205e-02	1.080455e-01	-8.831349e-02	
-4.565298e-02	-1.872602e-01	1.000000e+00	-7.506553e-01	3.900182e-01	-4.046647e-01	4.113924e-01	1.389156e-01	-1.816734e-01	-1.419955e-01	1.805656e-01	-2.236090e-01	-2.633771e-01	2.176345e-01	-6.903144e-01	4.125928e-02	-3.907221e-02	4.508903e-02	-1.628857e-02	-2.821966e-02	-3.276095e-01	4.040447e-01	-4.763200e-01	-4.703812e-01	4.511141e-01	
1.218244e-01	1.298025e-01	-7.506553e-01	1.000000e+00	-6.470277e-01	6.785889e-01	-6.899896e-01	-2.939833e-01	3.267816e-01	1.029297e-01	-1.186950e-01	1.399079e-01	1.156421e-01	-5.433342e-02	7.389045e-01	-1.140117e-01	1.247268e-01	-1.381682e-01	-9.198786e-02	1.183917e-01	2.514726e-01	-3.142270e-01	3.750759e-01	3.694046e-01	-3.414659e-01	
-6.060961e-02	-3.347013e-01	3.900182e-01	-6.470277e-01	1.000000e+00	-9.914260e-01	9.670321e-01	-1.384932e-01	1.147569e-02	1.777614e-02	-3.983313e-02	5.998534e-02	8.106144e-02	-7.598617e-02	-4.035143e-01	2.153521e-01	-2.376860e-01	2.605759e-01	1.204663e-01	-1.682941e-01	-9.089801e-02	1.195807e-01	-1.474037e-01	-1.746062e-01	1.557747e-01	
7.698226e-02	3.788886e-01	-4.046647e-01	6.785889e-01	-9.914260e-01	1.000000e+00	-9.914566e-01	8.291321e-02	3.839371e-02	-1.476995e-02	3.871825e-02	-6.111026e-02	-8.807067e-02	8.874117e-02	4.244564e-01	-2.365152e-01	2.620918e-01	-2.881950e-01	-1.329018e-01	1.866578e-01	9.629981e-02	-1.254436e-01	1.541081e-01	1.784664e-01	-1.575025e-01	
-9.170197e-02	-4.280212e-01	4.113924e-01	-6.899896e-01	9.670321e-01	-9.914566e-01	1.000000e+00	-5.067465e-02	-6.198979e-02	1.317780e-02	-3.816524e-02	6.223100e-02	8.155294e-02	-8.299081e-02	-4.356334e-01	2.569452e-01	-2.858406e-01	3.153114e-01	1.424775e-01	-2.031264e-01	-1.005706e-01	1.297154e-01	-1.587635e-01	-1.786645e-01	1.560440e-01	
-9.423846e-02	-5.862709e-02	1.389156e-01	-2.939833e-01	-1.384932e-01	8.291321e-02	-5.067465e-02	1.000000e+00	-9.531491e-01	1.313548e-01	-1.338333e-01	1.256198e-01	4.084136e-02	-2.042932e-01	-1.351050e-01	2.376866e-02	-2.835854e-02	3.120231e-02	4.573334e-02	-5.542181e-02	-3.178242e-02	3.683852e-02	-4.342073e-02	-6.860204e-02	5.443364e-02	
1.298561e-01	2.105884e-01	-1.816734e-01	3.267816e-01	1.147569e-02	3.839371e-02	-6.198979e-02	-9.531491e-01	1.000000e+00	-1.122687e-01	1.129637e-01	-1.020217e-01	-1.610351e-02	2.006302e-01	1.740459e-01	-6.885497e-02	8.225236e-02	-9.617300e-02	-6.235250e-02	8.931366e-02	4.248636e-02	-5.137429e-02	6.176706e-02	1.031655e-01	-8.505291e-02	
-4.482802e-02	4.150497e-02	-1.419955e-01	1.029297e-01	1.777614e-02	-1.476995e-02	1.317780e-02	1.313548e-01	-1.122687e-01	1.000000e+00	-9.901731e-01	9.552354e-01	-6.577733e-01	5.843901e-01	1.650400e-01	-3.913027e-02	4.262822e-02	-4.679985e-02	1.378604e-03	-2.621778e-05	3.786992e-02	-5.381632e-02	7.127179e-02	1.010870e-01	-1.057990e-01	
6.763094e-02	-5.204322e-02	1.805656e-01	-1.186950e-01	-3.983313e-02	3.871825e-02	-3.816524e-02	-1.338333e-01	1.129637e-01	-9.901731e-01	1.000000e+00	-9.867078e-01	6.311405e-01	-5.668304e-01	-1.938523e-01	3.265143e-02	-3.644935e-02	4.141802e-02	-1.649517e-03	-3.040739e-04	-5.894764e-02	7.864372e-02	-9.969002e-02	-1.241147e-01	1.289318e-01	
-1.005523e-01	6.564791e-02	-2.236090e-01	1.399079e-01	5.998534e-02	-6.111026e-02	6.223100e-02	1.256198e-01	-1.020217e-01	9.552354e-01	-9.867078e-01	1.000000e+00	-5.877172e-01	5.393822e-01	2.285289e-01	-2.707179e-02	3.133807e-02	-3.717572e-02	-1.311513e-03	4.021782e-03	8.253419e-02	-1.067335e-01	1.322240e-01	1.495250e-01	-1.540985e-01	
-5.669939e-03	8.107784e-02	-2.633771e-01	1.156421e-01	8.106144e-02	-8.807067e-02	8.155294e-02	4.084136e-02	-1.610351e-02	-6.577733e-01	6.311405e-01	-5.877172e-01	1.000000e+00	-9.680043e-01	1.512403e-01	5.952212e-02	-6.044140e-02	5.401804e-02	4.936597e-02	-3.090949e-02	1.523095e-01	-1.789009e-01	2.032023e-01	1.434037e-01	-1.341598e-01	
5.267976e-02	-4.176167e-02	2.176345e-01	-5.433342e-02	-7.598617e-02	8.874117e-02	-8.299081e-02	-2.042932e-01	2.006302e-01	5.843901e-01	-5.668304e-01	5.393822e-01	-9.680043e-01	1.000000e+00	-1.086740e-01	-6.760863e-02	7.212303e-02	-6.938999e-02	-6.497385e-02	5.242718e-02	-1.427186e-01	1.669233e-01	-1.891260e-01	-1.176691e-01	1.139893e-01	
1.323814e-01	1.417571e-01	-6.903144e-01	7.389045e-01	-4.035143e-01	4.244564e-01	-4.356334e-01	-1.351050e-01	1.740459e-01	1.650400e-01	-1.938523e-01	2.285289e-01	1.512403e-01	-1.086740e-01	1.000000e+00	-4.316591e-01	4.648349e-01	-4.826592e-01	-3.092317e-01	3.170926e-01	1.389035e-01	-1.840898e-01	2.317171e-01	2.225722e-01	-1.870520e-01	
-7.501375e-02	-3.257617e-01	4.125928e-02	-1.140117e-01	2.153521e-01	-2.365152e-01	2.569452e-01	2.376866e-02	-6.885497e-02	-3.913027e-02	3.265143e-02	-2.707179e-02	5.952212e-02	-6.760863e-02	-4.316591e-01	1.000000e+00	-9.882965e-01	9.541029e-01	-1.172715e-01	2.383197e-02	1.690485e-01	-1.920830e-01	2.105107e-01	1.098450e-01	-1.021206e-01	
9.170580e-02	3.814164e-01	-3.907221e-02	1.247268e-01	-2.376860e-01	2.620918e-01	-2.858406e-01	-2.835854e-02	8.225236e-02	4.262822e-02	-3.644935e-02	3.133807e-02	-6.044140e-02	7.212303e-02	4.648349e-01	-9.882965e-01	1.000000e+00	-9.879053e-01	4.625728e-02	4.109060e-02	-1.670880e-01	1.931387e-01	-2.145864e-01	-1.315217e-01	1.269608e-01	
-1.068657e-01	-4.426439e-01	4.508903e-02	-1.381682e-01	2.605759e-01	-2.881950e-01	3.153114e-01	3.120231e-02	-9.617300e-02	-4.679985e-02	4.141802e-02	-3.717572e-02	5.401804e-02	-6.938999e-02	-4.826592e-01	9.541029e-01	-9.879053e-01	1.000000e+00	1.230418e-03	-8.006586e-02	1.567822e-01	-1.843342e-01	2.078702e-01	1.356099e-01	-1.318109e-01	
-6.592421e-02	-1.386149e-01	-1.628857e-02	-9.198786e-02	1.204663e-01	-1.329018e-01	1.424775e-01	4.573334e-02	-6.235250e-02	1.378604e-03	-1.649517e-03	-1.311513e-03	4.936597e-02	-6.497385e-02	-3.092317e-01	-1.172715e-01	4.625728e-02	1.230418e-03	1.000000e+00	-9.674572e-01	7.116864e-02	-7.866438e-02	7.829939e-02	1.788368e-01	-2.503859e-01	
8.950452e-02	2.606566e-01	-2.821966e-02	1.183917e-01	-1.682941e-01	1.866578e-01	-2.031264e-01	-5.542181e-02	8.931366e-02	-2.621778e-05	-3.040739e-04	4.021782e-03	-3.090949e-02	5.242718e-02	3.170926e-01	2.383197e-02	4.109060e-02	-8.006586e-02	-9.674572e-01	1.000000e+00	-5.627096e-02	5.936848e-02	-5.352241e-02	-1.583646e-01	2.418871e-01	
-5.998237e-02	3.943658e-02	-3.276095e-01	2.514726e-01	-9.089801e-02	9.629981e-02	-1.005706e-01	-3.178242e-02	4.248636e-02	3.786992e-02	-5.894764e-02	8.253419e-02	1.523095e-01	-1.427186e-01	1.389035e-01	1.690485e-01	-1.670880e-01	1.567822e-01	7.116864e-02	-5.627096e-02	1.000000e+00	-9.885700e-01	9.502480e-01	-4.573083e-01	4.098262e-01	
7.273992e-02	-4.793867e-02	4.040447e-01	-3.142270e-01	1.195807e-01	-1.254436e-01	1.297154e-01	3.683852e-02	-5.137429e-02	-5.381632e-02	7.864372e-02	-1.067335e-01	-1.789009e-01	1.669233e-01	-1.840898e-01	-1.920830e-01	1.931387e-01	-1.843342e-01	-7.866438e-02	5.936848e-02	-9.885700e-01	1.000000e+00	-9.858743e-01	3.980075e-01	-3.598335e-01	
-9.179552e-02	5.886205e-02	-4.763200e-01	3.750759e-01	-1.474037e-01	1.541081e-01	-1.587635e-01	-4.342073e-02	6.176706e-02	7.127179e-02	-9.969002e-02	1.322240e-01	2.032023e-01	-1.891260e-01	2.317171e-01	2.105107e-01	-2.145864e-01	2.078702e-01	7.829939e-02	-5.352241e-02	9.502480e-01	-9.858743e-01	1.000000e+00	-3.260705e-01	3.022768e-01	
-3.895619e-02	1.080455e-01	-4.703812e-01	3.694046e-01	-1.746062e-01	1.784664e-01	-1.786645e-01	-6.860204e-02	1.031655e-01	1.010870e-01	-1.241147e-01	1.495250e-01	1.434037e-01	-1.176691e-01	2.225722e-01	1.098450e-01	-1.315217e-01	1.356099e-01	1.788368e-01	-1.583646e-01	-4.573083e-01	3.980075e-01	-3.260705e-01	1.000000e+00	-9.828868e-01	
7.110992e-02	-8.831349e-02	4.511141e-01	-3.414659e-01	1.557747e-01	-1.575025e-01	1.560440e-01	5.443364e-02	-8.505291e-02	-1.057990e-01	1.289318e-01	-1.540985e-01	-1.341598e-01	1.139893e-01	-1.870520e-01	-1.021206e-01	1.269608e-01	-1.318109e-01	-2.503859e-01	2.418871e-01	4.098262e-01	-3.598335e-01	3.022768e-01	-9.828868e-01	1.000000e+00	

Time taken for mcmc chain: 51.083333 minutes
