Number of steps: 97178034
Number of accepted steps: 812777
Burn-in number of steps: 160000
Accepted fraction of steps: 0.008364
Convergence Status
R[0]= 1.000530	R[1]= 1.000166	R[2]= 1.000505	R[3]= 1.000310	R[4]= 1.000073	R[5]= 1.000092	R[6]= 1.000142	R[7]= 1.000486	R[8]= 1.000775	R[9]= 1.000373	R[10]= 1.000463	R[11]= 1.000575	R[12]= 1.000045	R[13]= 1.000063	R[14]= 1.001568	R[15]= 1.000727	R[16]= 1.000820	R[17]= 1.000913	R[18]= 1.000753	R[19]= 1.000613	R[20]= 1.000312	R[21]= 1.000439	R[22]= 1.000552	R[23]= 1.000161	R[24]= 1.000173	
<R>= 1.000465

Mean parameters
A[0]= 1.199676e+00 pm 3.838012e-02
A[1]= 1.276115e+00 pm 1.953732e-02
A[2]= 5.343361e-01 pm 4.175810e-01
A[3]= 4.274761e+00 pm 1.411369e+00
A[4]= -1.560463e+03 pm 3.440233e+03
A[5]= -5.643111e+02 pm 2.046002e+03
A[6]= 9.142323e+02 pm 4.008396e+02
A[7]= -1.361407e+01 pm 1.331804e+01
A[8]= -1.451652e-01 pm 1.866651e-01
A[9]= -2.019355e+03 pm 7.966381e+03
A[10]= 3.555825e+01 pm 4.496781e+03
A[11]= 6.099445e+01 pm 8.268200e+02
A[12]= 1.171296e+01 pm 5.083748e+01
A[13]= -5.690608e-01 pm 9.440525e-01
A[14]= 5.816069e+00 pm 1.938105e+00
A[15]= -2.240612e+03 pm 4.650127e+03
A[16]= 6.143093e+02 pm 2.760597e+03
A[17]= 6.046556e+02 pm 5.406051e+02
A[18]= -4.156076e+01 pm 2.109264e+01
A[19]= 3.184799e-01 pm 2.793109e-01
A[20]= 8.462320e+03 pm 1.087209e+04
A[21]= -5.692670e+03 pm 6.163361e+03
A[22]= 9.536525e+02 pm 1.137393e+03
A[23]= -5.411067e+01 pm 7.019870e+01
A[24]= 5.164152e-01 pm 1.310905e+00

Best-fitting parameters
A[0]= 1.196496e+00
A[1]= 1.292965e+00
A[2]= 3.596973e-01
A[3]= 4.570094e+00
A[4]= -2.480134e+03
A[5]= -9.557749e+01
A[6]= 8.391232e+02
A[7]= -1.159388e+01
A[8]= -1.398562e-01
A[9]= -7.076151e+02
A[10]= -1.173163e+03
A[11]= 3.827264e+02
A[12]= 2.220984e+00
A[13]= -3.173932e-01
A[14]= 6.566317e+00
A[15]= -3.328512e+03
A[16]= 1.543216e+03
A[17]= 3.725919e+02
A[18]= -3.290066e+01
A[19]= 2.233295e-01
A[20]= 7.686248e+03
A[21]= -5.245185e+03
A[22]= 9.213448e+02
A[23]= -3.476082e+01
A[24]= 6.240389e-02
chi2_min= 9.235579e+01


Cross-Covariance parameters
1.000000e+00	-2.490545e-01	-1.195845e-01	3.249315e-02	-2.242114e-02	2.303465e-02	-3.457448e-02	1.334526e-01	-1.046334e-01	-3.350028e-02	3.980839e-02	-5.850661e-02	9.345242e-02	-8.687658e-02	-5.974166e-03	2.340451e-02	-2.137941e-02	8.044354e-03	1.439681e-01	-1.227889e-01	-3.410601e-02	4.131746e-02	-6.200508e-02	1.167688e-01	-1.079929e-01	
-2.490545e-01	1.000000e+00	-4.457924e-02	6.304482e-02	-1.103995e-01	1.212394e-01	-1.348036e-01	4.985738e-02	-3.373465e-02	6.238293e-02	-7.248580e-02	8.625230e-02	-3.730319e-02	1.615617e-02	-7.364848e-03	-3.803423e-02	4.416617e-02	-5.529727e-02	6.623091e-02	-5.422612e-02	4.881840e-02	-5.923030e-02	7.556780e-02	-8.136142e-03	-5.167319e-03	
-1.195845e-01	-4.457924e-02	1.000000e+00	-6.727302e-01	6.282629e-02	-6.796523e-02	7.519259e-02	4.360599e-02	-6.591686e-02	-2.398040e-01	3.046914e-01	-3.766891e-01	-2.884406e-01	2.591095e-01	-6.234705e-01	7.372359e-03	-7.761092e-03	1.190719e-02	1.990968e-02	-3.521516e-02	-2.578881e-01	3.169573e-01	-3.807515e-01	-3.156873e-01	3.007382e-01	
3.249315e-02	6.304482e-02	-6.727302e-01	1.000000e+00	-5.535946e-01	6.047491e-01	-6.394239e-01	-2.493731e-01	2.874551e-01	1.287190e-01	-1.628270e-01	2.051054e-01	1.206621e-01	-7.146412e-02	4.264935e-01	1.403908e-02	-1.585812e-02	1.510365e-02	-1.087697e-02	2.178338e-02	1.949724e-01	-2.380075e-01	2.848499e-01	2.180593e-01	-2.083614e-01	
-2.242114e-02	-1.103995e-01	6.282629e-02	-5.535946e-01	1.000000e+00	-9.896324e-01	9.592118e-01	-3.032226e-01	1.941122e-01	-2.250979e-03	-1.399362e-02	3.143634e-02	1.094196e-01	-6.833534e-02	-1.406422e-02	-1.796068e-03	8.354432e-04	1.298715e-03	-2.056375e-02	1.596939e-02	-1.260873e-02	1.595323e-02	-1.952678e-02	-1.985157e-02	2.008782e-02	
2.303465e-02	1.212394e-01	-6.796523e-02	6.047491e-01	-9.896324e-01	1.000000e+00	-9.891096e-01	2.496592e-01	-1.522070e-01	6.321024e-03	1.147892e-02	-3.080429e-02	-1.238858e-01	8.653093e-02	1.408224e-02	3.394390e-03	-2.548477e-03	3.683040e-04	2.153979e-02	-1.698384e-02	1.448505e-02	-1.808450e-02	2.191752e-02	2.098136e-02	-2.136678e-02	
-3.457448e-02	-1.348036e-01	7.519259e-02	-6.394239e-01	9.592118e-01	-9.891096e-01	1.000000e+00	-2.167153e-01	1.387323e-01	-6.761932e-03	-1.230011e-02	3.374788e-02	1.243697e-01	-8.472057e-02	-1.518909e-02	-4.755848e-03	3.947846e-03	-1.474869e-03	-2.457683e-02	1.968223e-02	-1.635374e-02	2.027650e-02	-2.431937e-02	-2.403771e-02	2.454889e-02	
1.334526e-01	4.985738e-02	4.360599e-02	-2.493731e-01	-3.032226e-01	2.496592e-01	-2.167153e-01	1.000000e+00	-9.657010e-01	1.261236e-01	-1.194915e-01	9.824164e-02	-1.356612e-02	-1.577163e-01	-4.243908e-02	2.806413e-03	-7.784835e-04	-3.753160e-03	3.631729e-02	-3.333450e-02	-2.697104e-02	3.065539e-02	-3.611690e-02	7.062797e-03	-8.895522e-03	
-1.046334e-01	-3.373465e-02	-6.591686e-02	2.874551e-01	1.941122e-01	-1.522070e-01	1.387323e-01	-9.657010e-01	1.000000e+00	-1.257934e-01	1.194642e-01	-9.727720e-02	1.589868e-02	1.748134e-01	5.351679e-02	-3.531126e-03	1.984686e-03	1.445020e-03	-2.842344e-02	2.677848e-02	3.090343e-02	-3.545244e-02	4.149480e-02	4.041300e-03	-2.001971e-03	
-3.350028e-02	6.238293e-02	-2.398040e-01	1.287190e-01	-2.250979e-03	6.321024e-03	-6.761932e-03	1.261236e-01	-1.257934e-01	1.000000e+00	-9.907841e-01	9.571619e-01	-7.362222e-01	6.528377e-01	1.462915e-01	1.137596e-02	-1.250273e-02	1.258854e-02	-4.123820e-03	7.814104e-03	7.291287e-02	-8.836929e-02	1.058958e-01	7.918175e-02	-7.697438e-02	
3.980839e-02	-7.248580e-02	3.046914e-01	-1.628270e-01	-1.399362e-02	1.147892e-02	-1.230011e-02	-1.194915e-01	1.194642e-01	-9.907841e-01	1.000000e+00	-9.870117e-01	7.232607e-01	-6.503045e-01	-1.912604e-01	-1.040747e-02	1.157732e-02	-1.154191e-02	7.014604e-03	-1.145861e-02	-9.156076e-02	1.114695e-01	-1.340257e-01	-1.002988e-01	9.699917e-02	
-5.850661e-02	8.625230e-02	-3.766891e-01	2.051054e-01	3.143634e-02	-3.080429e-02	3.374788e-02	9.824164e-02	-9.727720e-02	9.571619e-01	-9.870117e-01	1.000000e+00	-6.941107e-01	6.399289e-01	2.423665e-01	9.391646e-03	-1.053291e-02	1.045749e-02	-1.255401e-02	1.756389e-02	1.132396e-01	-1.382752e-01	1.667454e-01	1.226639e-01	-1.182645e-01	
9.345242e-02	-3.730319e-02	-2.884406e-01	1.206621e-01	1.094196e-01	-1.238858e-01	1.243697e-01	-1.356612e-02	1.589868e-02	-7.362222e-01	7.232607e-01	-6.941107e-01	1.000000e+00	-9.644878e-01	1.999053e-01	-4.135684e-03	4.054851e-03	-5.469213e-03	-2.038494e-03	6.885045e-03	7.999749e-02	-9.830270e-02	1.172036e-01	9.783967e-02	-9.309925e-02	
-8.687658e-02	1.615617e-02	2.591095e-01	-7.146412e-02	-6.833534e-02	8.653093e-02	-8.472057e-02	-1.577163e-01	1.748134e-01	6.528377e-01	-6.503045e-01	6.399289e-01	-9.644878e-01	1.000000e+00	-1.786622e-01	4.200798e-03	-4.234294e-03	5.809948e-03	-1.324078e-03	-3.426118e-03	-7.284200e-02	8.936733e-02	-1.064730e-01	-8.808609e-02	8.441694e-02	
-5.974166e-03	-7.364848e-03	-6.234705e-01	4.264935e-01	-1.406422e-02	1.408224e-02	-1.518909e-02	-4.243908e-02	5.351679e-02	1.462915e-01	-1.912604e-01	2.423665e-01	1.999053e-01	-1.786622e-01	1.000000e+00	-5.076806e-01	5.663293e-01	-6.067043e-01	-3.441849e-01	3.681368e-01	8.281455e-02	-1.100134e-01	1.453040e-01	1.435511e-01	-1.095333e-01	
2.340451e-02	-3.803423e-02	7.372359e-03	1.403908e-02	-1.796068e-03	3.394390e-03	-4.755848e-03	2.806413e-03	-3.531126e-03	1.137596e-02	-1.040747e-02	9.391646e-03	-4.135684e-03	4.200798e-03	-5.076806e-01	1.000000e+00	-9.883465e-01	9.539829e-01	-2.517756e-01	1.677994e-01	1.291755e-01	-1.445839e-01	1.560126e-01	3.090680e-02	-1.884739e-02	
-2.137941e-02	4.416617e-02	-7.761092e-03	-1.585812e-02	8.354432e-04	-2.548477e-03	3.947846e-03	-7.784835e-04	1.984686e-03	-1.250273e-02	1.157732e-02	-1.053291e-02	4.054851e-03	-4.234294e-03	5.663293e-01	-9.883465e-01	1.000000e+00	-9.877083e-01	1.892481e-01	-1.157497e-01	-1.313029e-01	1.491872e-01	-1.631862e-01	-4.357179e-02	3.358686e-02	
8.044354e-03	-5.529727e-02	1.190719e-02	1.510365e-02	1.298715e-03	3.683040e-04	-1.474869e-03	-3.753160e-03	1.445020e-03	1.258854e-02	-1.154191e-02	1.045749e-02	-5.469213e-03	5.809948e-03	-6.067043e-01	9.539829e-01	-9.877083e-01	1.000000e+00	-1.481506e-01	9.161545e-02	1.289788e-01	-1.490865e-01	1.661664e-01	4.806231e-02	-3.650807e-02	
1.439681e-01	6.623091e-02	1.990968e-02	-1.087697e-02	-2.056375e-02	2.153979e-02	-2.457683e-02	3.631729e-02	-2.842344e-02	-4.123820e-03	7.014604e-03	-1.255401e-02	-2.038494e-03	-1.324078e-03	-3.441849e-01	-2.517756e-01	1.892481e-01	-1.481506e-01	1.000000e+00	-9.769643e-01	2.948074e-02	-2.815719e-02	1.844241e-02	1.074797e-01	-1.901864e-01	
-1.227889e-01	-5.422612e-02	-3.521516e-02	2.178338e-02	1.596939e-02	-1.698384e-02	1.968223e-02	-3.333450e-02	2.677848e-02	7.814104e-03	-1.145861e-02	1.756389e-02	6.885045e-03	-3.426118e-03	3.681368e-01	1.677994e-01	-1.157497e-01	9.161545e-02	-9.769643e-01	1.000000e+00	-3.873151e-02	3.626181e-02	-2.353575e-02	-1.025258e-01	1.975123e-01	
-3.410601e-02	4.881840e-02	-2.578881e-01	1.949724e-01	-1.260873e-02	1.448505e-02	-1.635374e-02	-2.697104e-02	3.090343e-02	7.291287e-02	-9.156076e-02	1.132396e-01	7.999749e-02	-7.284200e-02	8.281455e-02	1.291755e-01	-1.313029e-01	1.289788e-01	2.948074e-02	-3.873151e-02	1.000000e+00	-9.912686e-01	9.594248e-01	-7.039086e-01	6.407134e-01	
4.131746e-02	-5.923030e-02	3.169573e-01	-2.380075e-01	1.595323e-02	-1.808450e-02	2.027650e-02	3.065539e-02	-3.545244e-02	-8.836929e-02	1.114695e-01	-1.382752e-01	-9.830270e-02	8.936733e-02	-1.100134e-01	-1.445839e-01	1.491872e-01	-1.490865e-01	-2.815719e-02	3.626181e-02	-9.912686e-01	1.000000e+00	-9.876661e-01	6.919320e-01	-6.365467e-01	
-6.200508e-02	7.556780e-02	-3.807515e-01	2.848499e-01	-1.952678e-02	2.191752e-02	-2.431937e-02	-3.611690e-02	4.149480e-02	1.058958e-01	-1.340257e-01	1.667454e-01	1.172036e-01	-1.064730e-01	1.453040e-01	1.560126e-01	-1.631862e-01	1.661664e-01	1.844241e-02	-2.353575e-02	9.594248e-01	-9.876661e-01	1.000000e+00	-6.674044e-01	6.265888e-01	
1.167688e-01	-8.136142e-03	-3.156873e-01	2.180593e-01	-1.985157e-02	2.098136e-02	-2.403771e-02	7.062797e-03	4.041300e-03	7.918175e-02	-1.002988e-01	1.226639e-01	9.783967e-02	-8.808609e-02	1.435511e-01	3.090680e-02	-4.357179e-02	4.806231e-02	1.074797e-01	-1.025258e-01	-7.039086e-01	6.919320e-01	-6.674044e-01	1.000000e+00	-9.794111e-01	
-1.079929e-01	-5.167319e-03	3.007382e-01	-2.083614e-01	2.008782e-02	-2.136678e-02	2.454889e-02	-8.895522e-03	-2.001971e-03	-7.697438e-02	9.699917e-02	-1.182645e-01	-9.309925e-02	8.441694e-02	-1.095333e-01	-1.884739e-02	3.358686e-02	-3.650807e-02	-1.901864e-01	1.975123e-01	6.407134e-01	-6.365467e-01	6.265888e-01	-9.794111e-01	1.000000e+00	

Time taken for mcmc chain: 15.345000 hours
