Number of steps: 27282255
Number of accepted steps: 960000
Burn-in number of steps: 320000
Accepted fraction of steps: 0.035188
Convergence Status
R[0]= 1.000979	R[1]= 1.000476	R[2]= 1.006386	R[3]= 1.003235	R[4]= 1.001058	R[5]= 1.000945	R[6]= 1.000791	R[7]= 1.000896	R[8]= 1.000238	R[9]= 1.001949	R[10]= 1.002284	R[11]= 1.002435	R[12]= 1.000448	R[13]= 1.000070	R[14]= 1.001704	R[15]= 1.000066	R[16]= 1.000078	R[17]= 1.000097	R[18]= 1.000352	R[19]= 1.000666	R[20]= 1.002022	R[21]= 1.002402	R[22]= 1.002509	R[23]= 1.000502	R[24]= 1.000195	
<R>= 1.001311

Mean parameters
A[0]= 8.161428e-01 pm 3.187126e-02
A[1]= 9.320359e-01 pm 2.650424e-02
A[2]= 6.645281e-01 pm 4.696153e-01
A[3]= 3.592625e+00 pm 1.266180e+00
A[4]= -3.474893e+03 pm 3.911806e+03
A[5]= 2.220918e+03 pm 2.721636e+03
A[6]= -3.151128e+02 pm 7.020394e+02
A[7]= 2.870622e+01 pm 1.434456e+01
A[8]= -3.239237e-01 pm 1.803040e-01
A[9]= -4.751828e+03 pm 8.659859e+03
A[10]= 2.453317e+03 pm 5.362964e+03
A[11]= -6.992208e+02 pm 1.209107e+03
A[12]= 2.810285e+01 pm 4.852120e+01
A[13]= -6.357242e-01 pm 9.352635e-01
A[14]= 5.723296e+00 pm 1.831735e+00
A[15]= -8.507052e+03 pm 5.577837e+03
A[16]= 7.068850e+03 pm 3.873599e+03
A[17]= -1.763728e+03 pm 9.953322e+02
A[18]= 2.485917e+01 pm 2.036516e+01
A[19]= 5.930617e-02 pm 2.600495e-01
A[20]= 4.448742e+03 pm 1.218444e+04
A[21]= -1.839472e+03 pm 7.806339e+03
A[22]= -2.939412e+02 pm 1.841215e+03
A[23]= -4.236021e+01 pm 6.702941e+01
A[24]= 7.510637e-01 pm 1.324839e+00

Best-fitting parameters
A[0]= 8.074191e-01
A[1]= 9.271091e-01
A[2]= 6.880761e-01
A[3]= 3.279308e+00
A[4]= -2.052194e+03
A[5]= 1.394523e+03
A[6]= -1.295167e+02
A[7]= 2.241261e+01
A[8]= -2.831032e-01
A[9]= -8.851613e+02
A[10]= 2.813439e+02
A[11]= -3.329287e+02
A[12]= -3.161663e+00
A[13]= -1.474504e-01
A[14]= 5.507347e+00
A[15]= -1.001118e+04
A[16]= 7.857426e+03
A[17]= -1.902640e+03
A[18]= 3.064832e+01
A[19]= -2.350464e-02
A[20]= -2.826759e+03
A[21]= 2.421031e+03
A[22]= -1.120356e+03
A[23]= -4.859743e+00
A[24]= 1.910602e-01
chi2_min= 9.048441e+01


Cross-Covariance parameters
1.000000e+00	-4.976274e-01	-1.293060e-01	1.023074e-01	-2.556068e-03	9.255596e-03	-2.390765e-02	7.855651e-02	-5.336978e-02	-9.532308e-04	1.615745e-02	-5.326534e-02	1.265597e-01	-9.584606e-02	2.282154e-02	1.291112e-01	-1.271143e-01	1.123218e-01	1.321426e-02	-5.824367e-02	4.119286e-02	-2.790337e-02	-1.145384e-02	1.476800e-01	-1.259962e-01	
-4.976274e-01	1.000000e+00	1.219149e-01	-1.300895e-01	-3.311680e-02	4.016792e-02	-5.271078e-02	1.193149e-01	-1.091291e-01	2.641806e-03	-9.466968e-03	2.870079e-02	-9.742943e-02	5.045719e-02	-1.742678e-01	-2.890262e-02	2.891527e-02	-3.496819e-02	1.597475e-01	-1.620730e-01	-1.827249e-02	7.738636e-03	2.038883e-02	-8.197347e-02	4.147132e-02	
-1.293060e-01	1.219149e-01	1.000000e+00	-6.774221e-01	4.537203e-04	4.970625e-05	8.062025e-03	-8.302829e-02	7.906850e-02	-4.044402e-01	5.306522e-01	-6.740622e-01	-3.304180e-03	2.246252e-01	-6.764118e-01	-1.178380e-01	1.270636e-01	-1.230513e-01	-3.137181e-02	9.695656e-02	-4.876127e-01	6.206289e-01	-7.549522e-01	-2.053210e-02	2.717942e-01	
1.023074e-01	-1.300895e-01	-6.774221e-01	1.000000e+00	-5.531514e-01	6.136617e-01	-6.564913e-01	3.428091e-01	3.779842e-02	1.859566e-01	-2.474227e-01	3.253789e-01	-3.194524e-02	-6.045580e-02	4.748151e-01	9.095348e-02	-9.589921e-02	9.219294e-02	3.503947e-03	-5.039847e-02	3.326075e-01	-4.241684e-01	5.166853e-01	2.249115e-02	-1.928976e-01	
-2.556068e-03	-3.311680e-02	4.537203e-04	-5.531514e-01	1.000000e+00	-9.816476e-01	9.335240e-01	-7.749389e-01	3.007748e-01	1.081007e-01	-1.543330e-01	2.000436e-01	6.203289e-02	-8.516988e-02	1.486607e-02	6.780762e-03	-1.041173e-02	1.405953e-02	-6.342779e-03	-2.362172e-03	8.961642e-03	-1.308784e-02	1.712258e-02	5.786050e-03	-1.194182e-02	
9.255596e-03	4.016792e-02	4.970625e-05	6.136617e-01	-9.816476e-01	1.000000e+00	-9.842990e-01	7.291288e-01	-2.168483e-01	-1.253188e-01	1.761802e-01	-2.264145e-01	-6.783663e-02	1.102626e-01	-1.665069e-02	-7.209950e-03	1.157284e-02	-1.614098e-02	7.307879e-03	2.914624e-03	-1.254268e-02	1.721272e-02	-2.183475e-02	-2.805172e-03	1.060992e-02	
-2.390765e-02	-5.271078e-02	8.062025e-03	-6.564913e-01	9.335240e-01	-9.842990e-01	1.000000e+00	-6.640624e-01	1.350227e-01	1.400857e-01	-1.920161e-01	2.426165e-01	6.243729e-02	-1.188214e-01	1.447986e-02	4.706664e-03	-9.511660e-03	1.511401e-02	-1.145509e-02	1.696580e-03	1.109581e-02	-1.492680e-02	1.884100e-02	-1.477497e-03	-5.001097e-03	
7.855651e-02	1.193149e-01	-8.302829e-02	3.428091e-01	-7.749389e-01	7.291288e-01	-6.640624e-01	1.000000e+00	-8.101915e-01	6.270749e-02	-3.763922e-02	2.483295e-03	-6.376869e-02	-6.512533e-02	1.190249e-02	3.081497e-02	-3.015927e-02	2.487199e-02	4.147187e-02	-5.722195e-02	4.783167e-02	-5.631383e-02	6.382720e-02	2.866102e-03	-2.780753e-02	
-5.336978e-02	-1.091291e-01	7.906850e-02	3.779842e-02	3.007748e-01	-2.168483e-01	1.350227e-01	-8.101915e-01	1.000000e+00	-1.758266e-01	1.783065e-01	-1.654075e-01	4.231986e-02	1.810503e-01	-1.643094e-02	-3.522691e-02	3.752858e-02	-3.544972e-02	-3.780733e-02	6.095597e-02	-5.701888e-02	6.838595e-02	-7.905705e-02	2.914527e-03	2.769581e-02	
-9.532308e-04	2.641806e-03	-4.044402e-01	1.859566e-01	1.081007e-01	-1.253188e-01	1.400857e-01	6.270749e-02	-1.758266e-01	1.000000e+00	-9.797804e-01	8.971965e-01	-7.952982e-01	5.618234e-01	2.789915e-01	6.744017e-02	-7.257036e-02	7.190712e-02	6.777970e-03	-4.609163e-02	2.265636e-01	-2.854840e-01	3.460620e-01	-8.116799e-03	-1.080832e-01	
1.615745e-02	-9.466968e-03	5.306522e-01	-2.474227e-01	-1.543330e-01	1.761802e-01	-1.920161e-01	-3.763922e-02	1.783065e-01	-9.797804e-01	1.000000e+00	-9.664792e-01	7.388271e-01	-4.823839e-01	-3.680045e-01	-8.255280e-02	8.990936e-02	-8.986522e-02	-1.183851e-02	6.150689e-02	-2.923319e-01	3.706554e-01	-4.518780e-01	8.723306e-03	1.440670e-01	
-5.326534e-02	2.870079e-02	-6.740622e-01	3.253789e-01	2.000436e-01	-2.264145e-01	2.426165e-01	2.483295e-03	-1.654075e-01	8.971965e-01	-9.664792e-01	1.000000e+00	-6.081890e-01	3.351777e-01	4.707361e-01	9.621918e-02	-1.060443e-01	1.068693e-01	1.855126e-02	-7.855194e-02	3.663674e-01	-4.673196e-01	5.732132e-01	-1.167907e-02	-1.835909e-01	
1.265597e-01	-9.742943e-02	-3.304180e-03	-3.194524e-02	6.203289e-02	-6.783663e-02	6.243729e-02	-6.376869e-02	4.231986e-02	-7.952982e-01	7.388271e-01	-6.081890e-01	1.000000e+00	-9.275336e-01	-1.022605e-03	1.684168e-03	-2.095667e-03	1.916779e-03	8.243707e-03	-1.052638e-02	-1.896425e-02	2.230920e-02	-2.837623e-02	3.250284e-02	-2.220685e-02	
-9.584606e-02	5.045719e-02	2.246252e-01	-6.045580e-02	-8.516988e-02	1.102626e-01	-1.188214e-01	-6.512533e-02	1.810503e-01	5.618234e-01	-4.823839e-01	3.351777e-01	-9.275336e-01	1.000000e+00	-1.457692e-01	-3.341047e-02	3.729331e-02	-3.727643e-02	-2.447137e-02	4.874069e-02	-1.008165e-01	1.315551e-01	-1.618333e-01	-2.660365e-02	8.273155e-02	
2.282154e-02	-1.742678e-01	-6.764118e-01	4.748151e-01	1.486607e-02	-1.665069e-02	1.447986e-02	1.190249e-02	-1.643094e-02	2.789915e-01	-3.680045e-01	4.707361e-01	-1.022605e-03	-1.457692e-01	1.000000e+00	-4.598753e-01	5.172130e-01	-5.607608e-01	2.277368e-01	1.031493e-01	2.320173e-01	-3.026519e-01	3.839587e-01	-3.929246e-02	-7.316578e-02	
1.291112e-01	-2.890262e-02	-1.178380e-01	9.095348e-02	6.780762e-03	-7.209950e-03	4.706664e-03	3.081497e-02	-3.522691e-02	6.744017e-02	-8.255280e-02	9.621918e-02	1.684168e-03	-3.341047e-02	-4.598753e-01	1.000000e+00	-9.814181e-01	9.315622e-01	-7.163267e-01	2.329291e-01	2.247225e-01	-2.687249e-01	2.984793e-01	3.823983e-02	-1.209068e-01	
-1.271143e-01	2.891527e-02	1.270636e-01	-9.589921e-02	-1.041173e-02	1.157284e-02	-9.511660e-03	-3.015927e-02	3.752858e-02	-7.257036e-02	8.990936e-02	-1.060443e-01	-2.095667e-03	3.729331e-02	5.172130e-01	-9.814181e-01	1.000000e+00	-9.835559e-01	6.575332e-01	-1.375496e-01	-2.383208e-01	2.889786e-01	-3.250656e-01	-5.487569e-02	1.534295e-01	
1.123218e-01	-3.496819e-02	-1.230513e-01	9.219294e-02	1.405953e-02	-1.614098e-02	1.511401e-02	2.487199e-02	-3.544972e-02	7.190712e-02	-8.986522e-02	1.068693e-01	1.916779e-03	-3.727643e-02	-5.607608e-01	9.315622e-01	-9.835559e-01	1.000000e+00	-5.805605e-01	4.437795e-02	2.402841e-01	-2.944589e-01	3.343442e-01	6.605713e-02	-1.739027e-01	
1.321426e-02	1.597475e-01	-3.137181e-02	3.503947e-03	-6.342779e-03	7.307879e-03	-1.145509e-02	4.147187e-02	-3.780733e-02	6.777970e-03	-1.183851e-02	1.855126e-02	8.243707e-03	-2.447137e-02	2.277368e-01	-7.163267e-01	6.575332e-01	-5.805605e-01	1.000000e+00	-8.229256e-01	-5.273518e-02	6.431716e-02	-6.963586e-02	4.959906e-02	-1.004989e-01	
-5.824367e-02	-1.620730e-01	9.695656e-02	-5.039847e-02	-2.362172e-03	2.914624e-03	1.696580e-03	-5.722195e-02	6.095597e-02	-4.609163e-02	6.150689e-02	-7.855194e-02	-1.052638e-02	4.874069e-02	1.031493e-01	2.329291e-01	-1.375496e-01	4.437795e-02	-8.229256e-01	1.000000e+00	-8.786013e-02	1.055942e-01	-1.210153e-01	-9.979475e-02	2.385747e-01	
4.119286e-02	-1.827249e-02	-4.876127e-01	3.326075e-01	8.961642e-03	-1.254268e-02	1.109581e-02	4.783167e-02	-5.701888e-02	2.265636e-01	-2.923319e-01	3.663674e-01	-1.896425e-02	-1.008165e-01	2.320173e-01	2.247225e-01	-2.383208e-01	2.402841e-01	-5.273518e-02	-8.786013e-02	1.000000e+00	-9.781580e-01	8.957014e-01	-7.337235e-01	4.844487e-01	
-2.790337e-02	7.738636e-03	6.206289e-01	-4.241684e-01	-1.308784e-02	1.721272e-02	-1.492680e-02	-5.631383e-02	6.838595e-02	-2.854840e-01	3.706554e-01	-4.673196e-01	2.230920e-02	1.315551e-01	-3.026519e-01	-2.687249e-01	2.889786e-01	-2.944589e-01	6.431716e-02	1.055942e-01	-9.781580e-01	1.000000e+00	-9.677073e-01	6.556107e-01	-3.791535e-01	
-1.145384e-02	2.038883e-02	-7.549522e-01	5.166853e-01	1.712258e-02	-2.183475e-02	1.884100e-02	6.382720e-02	-7.905705e-02	3.460620e-01	-4.518780e-01	5.732132e-01	-2.837623e-02	-1.618333e-01	3.839587e-01	2.984793e-01	-3.250656e-01	3.343442e-01	-6.963586e-02	-1.210153e-01	8.957014e-01	-9.677073e-01	1.000000e+00	-5.111819e-01	2.158610e-01	
1.476800e-01	-8.197347e-02	-2.053210e-02	2.249115e-02	5.786050e-03	-2.805172e-03	-1.477497e-03	2.866102e-03	2.914527e-03	-8.116799e-03	8.723306e-03	-1.167907e-02	3.250284e-02	-2.660365e-02	-3.929246e-02	3.823983e-02	-5.487569e-02	6.605713e-02	4.959906e-02	-9.979475e-02	-7.337235e-01	6.556107e-01	-5.111819e-01	1.000000e+00	-9.355835e-01	
-1.259962e-01	4.147132e-02	2.717942e-01	-1.928976e-01	-1.194182e-02	1.060992e-02	-5.001097e-03	-2.780753e-02	2.769581e-02	-1.080832e-01	1.440670e-01	-1.835909e-01	-2.220685e-02	8.273155e-02	-7.316578e-02	-1.209068e-01	1.534295e-01	-1.739027e-01	-1.004989e-01	2.385747e-01	4.844487e-01	-3.791535e-01	2.158610e-01	-9.355835e-01	1.000000e+00	

Time taken for mcmc chain: 2.200278 hours
