Number of steps: 5857782
Number of accepted steps: 960000
Burn-in number of steps: 320000
Accepted fraction of steps: 0.163885
Convergence Status
R[0]= 1.207573	R[1]= 1.023704	R[2]= 1.065797	R[3]= 1.032540	R[4]= 1.042988	R[5]= 1.051695	R[6]= 1.058636	R[7]= 1.020479	R[8]= 1.004439	R[9]= 1.009196	R[10]= 1.007557	R[11]= 1.009082	R[12]= 1.004683	R[13]= 1.006794	R[14]= 1.017295	R[15]= 1.016220	R[16]= 1.016101	R[17]= 1.014573	R[18]= 1.007022	R[19]= 1.011584	R[20]= 1.057138	R[21]= 1.055759	R[22]= 1.046890	R[23]= 1.026597	R[24]= 1.017817	
<R>= 1.033286

Mean parameters
A[0]= 8.807818e-01 pm 1.791818e-01
A[1]= 1.054304e+00 pm 1.010314e-01
A[2]= 6.701753e-01 pm 5.522776e-01
A[3]= 8.214596e-01 pm 9.287258e-01
A[4]= 6.160459e+03 pm 3.640468e+03
A[5]= -5.110046e+03 pm 2.506750e+03
A[6]= 1.635317e+03 pm 6.569539e+02
A[7]= 1.432600e+01 pm 1.473725e+01
A[8]= -4.309708e-01 pm 1.753442e-01
A[9]= 5.270664e+01 pm 8.173439e+03
A[10]= -1.315880e+03 pm 4.585445e+03
A[11]= 3.063168e+02 pm 8.569838e+02
A[12]= 3.380858e+01 pm 4.885377e+01
A[13]= -1.095006e+00 pm 8.984036e-01
A[14]= 1.306537e+00 pm 1.734371e+00
A[15]= 6.621677e+03 pm 5.680870e+03
A[16]= -4.522032e+03 pm 4.064434e+03
A[17]= 1.348823e+03 pm 1.094914e+03
A[18]= 6.564072e+00 pm 2.110537e+01
A[19]= -1.712823e-01 pm 2.481286e-01
A[20]= 1.145967e+04 pm 1.076488e+04
A[21]= -7.521702e+03 pm 6.133933e+03
A[22]= 1.250224e+03 pm 1.171975e+03
A[23]= -2.232527e+01 pm 6.687645e+01
A[24]= -1.226581e-01 pm 1.250647e+00

Best-fitting parameters
A[0]= 7.999887e-01
A[1]= 8.898210e-01
A[2]= 4.647331e-01
A[3]= 3.088799e+00
A[4]= 3.183834e+02
A[5]= -1.159244e+02
A[6]= 1.493468e+02
A[7]= 3.127520e+01
A[8]= -4.411655e-01
A[9]= -2.390779e+03
A[10]= 1.352501e+03
A[11]= -5.228915e+02
A[12]= 5.472950e+01
A[13]= -1.328782e+00
A[14]= 5.228302e+00
A[15]= -3.497549e+03
A[16]= 3.913061e+03
A[17]= -1.120701e+03
A[18]= 2.102292e+01
A[19]= 9.316273e-02
A[20]= 3.922986e+03
A[21]= -2.069599e+03
A[22]= -1.027096e+02
A[23]= -7.339023e+00
A[24]= 1.640627e-01
chi2_min= 9.517977e+01


Cross-Covariance parameters
1.000000e+00	5.389446e-03	-2.660860e-01	-3.717372e-01	3.922205e-01	-4.498992e-01	4.854394e-01	-2.928337e-01	6.607290e-02	1.260682e-02	-3.649929e-02	5.280923e-02	1.149003e-01	-1.116179e-01	-2.691799e-01	3.388745e-01	-3.492862e-01	3.360092e-01	-1.551945e-01	-4.570985e-02	8.372780e-02	-9.303996e-02	7.304418e-02	7.209995e-02	-7.931469e-02	
5.389446e-03	1.000000e+00	2.406234e-01	-5.081206e-01	2.517645e-01	-2.881511e-01	2.941542e-01	-1.179238e-02	-1.890823e-01	1.436343e-02	-2.536100e-02	4.763246e-02	-2.925860e-03	-6.171637e-02	-6.226751e-01	4.279140e-01	-4.855523e-01	5.119933e-01	-1.715986e-01	-1.645333e-01	6.756776e-02	-8.030323e-02	9.263435e-02	7.147516e-03	-4.594833e-02	
-2.660860e-01	2.406234e-01	1.000000e+00	-2.615884e-01	-1.362249e-01	1.360423e-01	-1.301187e-01	1.147887e-01	-5.814946e-02	-6.316892e-02	1.355991e-01	-2.638181e-01	-5.847053e-02	1.057211e-01	-2.747130e-01	-2.247920e-02	4.703541e-03	1.245286e-02	4.210000e-02	-6.871997e-02	-1.345508e-01	1.877178e-01	-2.780893e-01	2.411898e-02	2.698383e-02	
-3.717372e-01	-5.081206e-01	-2.615884e-01	1.000000e+00	-6.680807e-01	7.692614e-01	-8.336734e-01	4.084890e-01	3.830669e-02	-3.231847e-02	4.367850e-02	-4.341737e-02	-7.089020e-02	1.058063e-01	7.202536e-01	-5.296149e-01	5.862957e-01	-6.083273e-01	2.404128e-01	1.648065e-01	-2.698097e-02	3.247997e-02	-1.629112e-02	-7.395452e-02	9.835989e-02	
3.922205e-01	2.517645e-01	-1.362249e-01	-6.680807e-01	1.000000e+00	-9.780619e-01	9.163326e-01	-8.386595e-01	4.501090e-01	8.175607e-03	-5.308488e-02	1.131494e-01	1.131699e-01	-8.383536e-02	-4.321750e-01	4.357030e-01	-4.623781e-01	4.638530e-01	-2.170393e-01	-8.219607e-02	7.205270e-02	-9.443805e-02	1.108731e-01	5.024156e-02	-8.366437e-02	
-4.498992e-01	-2.881511e-01	1.360423e-01	7.692614e-01	-9.780619e-01	1.000000e+00	-9.789448e-01	8.069353e-01	-3.734586e-01	-2.784220e-02	7.648706e-02	-1.407546e-01	-1.140022e-01	1.022306e-01	4.898353e-01	-4.795194e-01	5.126293e-01	-5.169612e-01	2.331223e-01	1.013737e-01	-7.712583e-02	1.017251e-01	-1.191638e-01	-5.836598e-02	9.590878e-02	
4.854394e-01	2.941542e-01	-1.301187e-01	-8.336734e-01	9.163326e-01	-9.789448e-01	1.000000e+00	-7.435007e-01	2.861971e-01	5.421439e-02	-1.046155e-01	1.698677e-01	1.017973e-01	-1.064611e-01	-5.146745e-01	4.957390e-01	-5.323868e-01	5.383959e-01	-2.372193e-01	-1.122090e-01	7.928402e-02	-1.045562e-01	1.214656e-01	6.210030e-02	-1.016194e-01	
-2.928337e-01	-1.179238e-02	1.147887e-01	4.084890e-01	-8.386595e-01	8.069353e-01	-7.435007e-01	1.000000e+00	-8.334094e-01	7.782227e-02	-4.258461e-02	-1.006165e-02	-1.168859e-01	-9.881459e-03	2.041847e-01	-2.368763e-01	2.445947e-01	-2.394583e-01	1.188448e-01	3.309597e-02	-4.131520e-02	5.102813e-02	-5.325091e-02	-3.400748e-02	4.995429e-02	
6.607290e-02	-1.890823e-01	-5.814946e-02	3.830669e-02	4.501090e-01	-3.734586e-01	2.861971e-01	-8.334094e-01	1.000000e+00	-1.512662e-01	1.404163e-01	-1.154780e-01	8.869737e-02	1.131689e-01	7.323270e-02	-2.130072e-02	3.323372e-02	-4.177232e-02	6.259342e-03	2.230135e-02	1.958686e-02	-1.428290e-02	3.474810e-03	-5.379553e-03	6.302395e-03	
1.260682e-02	1.436343e-02	-6.316892e-02	-3.231847e-02	8.175607e-03	-2.784220e-02	5.421439e-02	7.782227e-02	-1.512662e-01	1.000000e+00	-9.894802e-01	9.363808e-01	-8.945767e-01	7.798215e-01	-8.939716e-06	4.912435e-02	-4.618681e-02	4.057031e-02	-1.230649e-02	-2.261164e-02	1.798486e-02	-3.483068e-02	5.959676e-02	-1.332624e-02	3.590203e-03	
-3.649929e-02	-2.536100e-02	1.355991e-01	4.367850e-02	-5.308488e-02	7.648706e-02	-1.046155e-01	-4.258461e-02	1.404163e-01	-9.894802e-01	1.000000e+00	-9.760566e-01	9.048690e-01	-7.908792e-01	9.140186e-04	-6.665551e-02	6.494448e-02	-5.898052e-02	1.894885e-02	2.677196e-02	-3.359400e-02	5.566420e-02	-8.842438e-02	1.586458e-02	3.860858e-04	
5.280923e-02	4.763246e-02	-2.638181e-01	-4.341737e-02	1.131494e-01	-1.407546e-01	1.698677e-01	-1.006165e-02	-1.154780e-01	9.363808e-01	-9.760566e-01	1.000000e+00	-8.770793e-01	7.672301e-01	6.671071e-03	8.895195e-02	-8.897766e-02	8.284299e-02	-3.000547e-02	-2.833958e-02	5.949806e-02	-9.032140e-02	1.381419e-01	-2.116116e-02	-6.386588e-03	
1.149003e-01	-2.925860e-03	-5.847053e-02	-7.089020e-02	1.131699e-01	-1.140022e-01	1.017973e-01	-1.168859e-01	8.869737e-02	-8.945767e-01	9.048690e-01	-8.770793e-01	1.000000e+00	-9.564890e-01	-4.891267e-02	5.380393e-02	-5.750457e-02	5.971425e-02	-4.523646e-02	1.667480e-02	1.107846e-02	-8.528636e-03	2.403628e-03	2.261534e-02	-2.587190e-02	
-1.116179e-01	-6.171637e-02	1.057211e-01	1.058063e-01	-8.383536e-02	1.022306e-01	-1.064611e-01	-9.881459e-03	1.131689e-01	7.798215e-01	-7.908792e-01	7.672301e-01	-9.564890e-01	1.000000e+00	7.631344e-02	-9.025689e-02	9.771280e-02	-1.011987e-01	6.499321e-02	-1.061314e-02	-1.843406e-02	2.550335e-02	-3.430147e-02	-2.013117e-02	2.946550e-02	
-2.691799e-01	-6.226751e-01	-2.747130e-01	7.202536e-01	-4.321750e-01	4.898353e-01	-5.146745e-01	2.041847e-01	7.323270e-02	-8.939716e-06	9.140186e-04	6.671071e-03	-4.891267e-02	7.631344e-02	1.000000e+00	-7.474571e-01	8.424915e-01	-8.980760e-01	4.069784e-01	1.830451e-01	-5.834930e-02	7.475003e-02	-7.597717e-02	-9.243318e-02	1.384477e-01	
3.388745e-01	4.279140e-01	-2.247920e-02	-5.296149e-01	4.357030e-01	-4.795194e-01	4.957390e-01	-2.368763e-01	-2.130072e-02	4.912435e-02	-6.665551e-02	8.895195e-02	5.380393e-02	-9.025689e-02	-7.474571e-01	1.000000e+00	-9.788707e-01	9.238540e-01	-7.942725e-01	2.816022e-01	1.180229e-01	-1.509589e-01	1.844599e-01	5.863807e-02	-8.858258e-02	
-3.492862e-01	-4.855523e-01	4.703541e-03	5.862957e-01	-4.623781e-01	5.126293e-01	-5.323868e-01	2.445947e-01	3.323372e-02	-4.618681e-02	6.494448e-02	-8.897766e-02	-5.750457e-02	9.771280e-02	8.424915e-01	-9.788707e-01	1.000000e+00	-9.820890e-01	7.490688e-01	-1.830621e-01	-1.295659e-01	1.675334e-01	-2.064317e-01	-6.428148e-02	1.079194e-01	
3.360092e-01	5.119933e-01	1.245286e-02	-6.083273e-01	4.638530e-01	-5.169612e-01	5.383959e-01	-2.394583e-01	-4.177232e-02	4.057031e-02	-5.898052e-02	8.284299e-02	5.971425e-02	-1.011987e-01	-8.980760e-01	9.238540e-01	-9.820890e-01	1.000000e+00	-6.804904e-01	8.635532e-02	1.377557e-01	-1.790333e-01	2.223648e-01	6.417198e-02	-1.189078e-01	
-1.551945e-01	-1.715986e-01	4.210000e-02	2.404128e-01	-2.170393e-01	2.331223e-01	-2.372193e-01	1.188448e-01	6.259342e-03	-1.230649e-02	1.894885e-02	-3.000547e-02	-4.523646e-02	6.499321e-02	4.069784e-01	-7.942725e-01	7.490688e-01	-6.804904e-01	1.000000e+00	-7.740885e-01	-7.253102e-02	1.011768e-01	-1.409744e-01	1.886999e-02	-5.619296e-02	
-4.570985e-02	-1.645333e-01	-6.871997e-02	1.648065e-01	-8.219607e-02	1.013737e-01	-1.122090e-01	3.309597e-02	2.230135e-02	-2.261164e-02	2.677196e-02	-2.833958e-02	1.667480e-02	-1.061314e-02	1.830451e-01	2.816022e-01	-1.830621e-01	8.635532e-02	-7.740885e-01	1.000000e+00	-2.736629e-02	2.214475e-02	-3.406805e-03	-7.276571e-02	1.818965e-01	
8.372780e-02	6.756776e-02	-1.345508e-01	-2.698097e-02	7.205270e-02	-7.712583e-02	7.928402e-02	-4.131520e-02	1.958686e-02	1.798486e-02	-3.359400e-02	5.949806e-02	1.107846e-02	-1.843406e-02	-5.834930e-02	1.180229e-01	-1.295659e-01	1.377557e-01	-7.253102e-02	-2.736629e-02	1.000000e+00	-9.895583e-01	9.407169e-01	-8.767108e-01	7.750761e-01	
-9.303996e-02	-8.030323e-02	1.877178e-01	3.247997e-02	-9.443805e-02	1.017251e-01	-1.045562e-01	5.102813e-02	-1.428290e-02	-3.483068e-02	5.566420e-02	-9.032140e-02	-8.528636e-03	2.550335e-02	7.475003e-02	-1.509589e-01	1.675334e-01	-1.790333e-01	1.011768e-01	2.214475e-02	-9.895583e-01	1.000000e+00	-9.782102e-01	8.891861e-01	-7.850798e-01	
7.304418e-02	9.263435e-02	-2.780893e-01	-1.629112e-02	1.108731e-01	-1.191638e-01	1.214656e-01	-5.325091e-02	3.474810e-03	5.959676e-02	-8.842438e-02	1.381419e-01	2.403628e-03	-3.430147e-02	-7.597717e-02	1.844599e-01	-2.064317e-01	2.223648e-01	-1.409744e-01	-3.406805e-03	9.407169e-01	-9.782102e-01	1.000000e+00	-8.695496e-01	7.653345e-01	
7.209995e-02	7.147516e-03	2.411898e-02	-7.395452e-02	5.024156e-02	-5.836598e-02	6.210030e-02	-3.400748e-02	-5.379553e-03	-1.332624e-02	1.586458e-02	-2.116116e-02	2.261534e-02	-2.013117e-02	-9.243318e-02	5.863807e-02	-6.428148e-02	6.417198e-02	1.886999e-02	-7.276571e-02	-8.767108e-01	8.891861e-01	-8.695496e-01	1.000000e+00	-9.705454e-01	
-7.931469e-02	-4.594833e-02	2.698383e-02	9.835989e-02	-8.366437e-02	9.590878e-02	-1.016194e-01	4.995429e-02	6.302395e-03	3.590203e-03	3.860858e-04	-6.386588e-03	-2.587190e-02	2.946550e-02	1.384477e-01	-8.858258e-02	1.079194e-01	-1.189078e-01	-5.619296e-02	1.818965e-01	7.750761e-01	-7.850798e-01	7.653345e-01	-9.705454e-01	1.000000e+00	

Time taken for mcmc chain: 1.023056 hours
