Number of steps: 7657740
Number of accepted steps: 960000
Burn-in number of steps: 320000
Accepted fraction of steps: 0.125363
Convergence Status
R[0]= 1.062528	R[1]= 1.195864	R[2]= 1.256684	R[3]= 1.277931	R[4]= 1.039938	R[5]= 1.052437	R[6]= 1.060976	R[7]= 1.015312	R[8]= 1.006367	R[9]= 1.009980	R[10]= 1.019686	R[11]= 1.042308	R[12]= 1.000645	R[13]= 1.007891	R[14]= 1.035700	R[15]= 1.017167	R[16]= 1.041760	R[17]= 1.068583	R[18]= 1.002531	R[19]= 1.020995	R[20]= 1.032326	R[21]= 1.076270	R[22]= 1.153608	R[23]= 1.001399	R[24]= 1.022917	
<R>= 1.060872

Mean parameters
A[0]= 7.447605e-01 pm 2.569943e-02
A[1]= 8.433461e-01 pm 2.338967e-02
A[2]= 5.695857e-01 pm 2.868337e-01
A[3]= 3.878928e+00 pm 1.132398e+00
A[4]= -2.581017e+03 pm 3.881293e+03
A[5]= 2.147356e+03 pm 2.835387e+03
A[6]= -5.321591e+02 pm 7.889936e+02
A[7]= 3.897297e+01 pm 1.554301e+01
A[8]= -3.896762e-01 pm 1.732641e-01
A[9]= -4.869662e+03 pm 8.065708e+03
A[10]= 2.691906e+03 pm 4.785277e+03
A[11]= -8.286605e+02 pm 1.023831e+03
A[12]= 3.997818e+01 pm 4.778977e+01
A[13]= -8.492150e-01 pm 9.042949e-01
A[14]= 6.134145e+00 pm 1.705404e+00
A[15]= -6.992235e+03 pm 5.417823e+03
A[16]= 6.820804e+03 pm 3.916324e+03
A[17]= -2.060814e+03 pm 1.093185e+03
A[18]= 4.099910e+01 pm 2.175913e+01
A[19]= -4.724080e-02 pm 2.494559e-01
A[20]= 5.887957e+03 pm 1.120891e+04
A[21]= -2.458160e+03 pm 6.838463e+03
A[22]= -2.914838e+02 pm 1.538757e+03
A[23]= -3.430874e+01 pm 6.745916e+01
A[24]= 6.535780e-01 pm 1.301557e+00

Best-fitting parameters
A[0]= 7.328170e-01
A[1]= 8.493017e-01
A[2]= 9.381548e-01
A[3]= 3.636397e+00
A[4]= -5.423833e+03
A[5]= 4.232885e+03
A[6]= -1.088348e+03
A[7]= 4.129214e+01
A[8]= -2.875311e-01
A[9]= -9.171466e+03
A[10]= 6.361917e+03
A[11]= -1.925122e+03
A[12]= 3.223679e+01
A[13]= -2.052251e-01
A[14]= 4.022201e+00
A[15]= -4.589712e+03
A[16]= 4.544344e+03
A[17]= -1.330804e+03
A[18]= 3.101842e+01
A[19]= -4.502542e-02
A[20]= 1.779135e+03
A[21]= 3.013649e+02
A[22]= -1.015183e+03
A[23]= -3.651121e+01
A[24]= 9.790122e-01
chi2_min= 9.587468e+01


Cross-Covariance parameters
1.000000e+00	-4.159404e-01	-2.444385e-01	1.909564e-02	1.561438e-01	-1.546582e-01	1.394398e-01	-5.295664e-02	-2.726403e-02	7.951735e-02	-8.544115e-02	6.745013e-02	1.043494e-01	-1.181542e-01	-3.851723e-03	2.028910e-01	-2.079466e-01	1.942097e-01	-6.022495e-02	-5.949904e-02	1.001816e-01	-1.097651e-01	9.064407e-02	1.279583e-01	-1.503309e-01	
-4.159404e-01	1.000000e+00	2.299361e-01	-1.770537e-01	-2.835438e-02	3.099500e-02	-4.143104e-02	1.475119e-01	-1.630890e-01	-5.155124e-02	4.690579e-02	-2.561905e-02	-4.901627e-02	1.961535e-02	-1.863136e-01	-6.418605e-02	7.117141e-02	-8.361753e-02	1.705121e-01	-1.386258e-01	-8.939319e-02	9.968963e-02	-8.485150e-02	-4.611606e-02	5.507209e-02	
-2.444385e-01	2.299361e-01	1.000000e+00	-4.407131e-01	-4.586807e-02	5.913930e-02	-6.471319e-02	-3.795166e-02	9.655716e-02	-3.176743e-01	4.347037e-01	-5.951709e-01	7.449186e-02	1.080230e-01	-4.720614e-01	-1.249455e-01	1.446896e-01	-1.520591e-01	3.933420e-02	5.724656e-02	-3.519718e-01	5.009977e-01	-6.806198e-01	3.861772e-02	1.807503e-01	
1.909564e-02	-1.770537e-01	-4.407131e-01	1.000000e+00	-6.916297e-01	7.711131e-01	-8.174549e-01	5.214885e-01	1.687415e-03	2.915602e-02	-1.558388e-02	1.115387e-02	-8.973129e-02	1.052732e-01	3.100153e-01	-4.631454e-02	4.880631e-02	-5.010547e-02	-3.031526e-03	5.340522e-02	1.433479e-01	-1.986632e-01	2.669706e-01	-6.357147e-02	-6.101315e-03	
1.561438e-01	-2.835438e-02	-4.586807e-02	-6.916297e-01	1.000000e+00	-9.784888e-01	9.248820e-01	-8.516558e-01	3.559877e-01	7.226563e-02	-1.430114e-01	2.288072e-01	1.015509e-01	-1.418974e-01	-1.036908e-01	1.387178e-01	-1.565904e-01	1.657690e-01	-5.616258e-02	-5.643505e-02	1.181319e-02	-3.214628e-02	5.260242e-02	7.234591e-02	-1.027404e-01	
-1.546582e-01	3.099500e-02	5.913930e-02	7.711131e-01	-9.784888e-01	1.000000e+00	-9.829662e-01	8.210700e-01	-2.686918e-01	-9.636105e-02	1.759910e-01	-2.724249e-01	-9.915648e-02	1.637490e-01	9.759546e-02	-1.471301e-01	1.650713e-01	-1.740827e-01	5.880374e-02	6.247888e-02	-2.524657e-02	4.828252e-02	-7.168463e-02	-6.778431e-02	1.052243e-01	
1.394398e-01	-4.143104e-02	-6.471319e-02	-8.174549e-01	9.248820e-01	-9.829662e-01	1.000000e+00	-7.636678e-01	1.816368e-01	1.197313e-01	-2.037053e-01	3.047150e-01	8.593026e-02	-1.686610e-01	-8.652658e-02	1.458078e-01	-1.630913e-01	1.720281e-01	-5.999079e-02	-6.218812e-02	3.507801e-02	-5.909226e-02	8.346512e-02	5.976049e-02	-1.010610e-01	
-5.295664e-02	1.475119e-01	-3.795166e-02	5.214885e-01	-8.516558e-01	8.210700e-01	-7.636678e-01	1.000000e+00	-7.542799e-01	4.208497e-02	5.644093e-03	-7.057346e-02	-1.084479e-01	2.818761e-02	9.632279e-02	-9.378276e-02	1.074955e-01	-1.183812e-01	8.812455e-02	-1.671157e-02	1.733774e-02	-1.269741e-02	1.210337e-02	-4.393263e-02	4.355066e-02	
-2.726403e-02	-1.630890e-01	9.655716e-02	1.687415e-03	3.559877e-01	-2.686918e-01	1.816368e-01	-7.542799e-01	1.000000e+00	-1.712880e-01	1.779905e-01	-1.730958e-01	7.958416e-02	1.367288e-01	-5.454776e-02	1.224313e-02	-1.528572e-02	2.046067e-02	-7.935104e-02	8.531824e-02	-3.589728e-02	4.976534e-02	-7.126915e-02	-6.227308e-03	3.984986e-02	
7.951735e-02	-5.155124e-02	-3.176743e-01	2.915602e-02	7.226563e-02	-9.636105e-02	1.197313e-01	4.208497e-02	-1.712880e-01	1.000000e+00	-9.803617e-01	8.885907e-01	-8.487715e-01	6.616448e-01	1.667087e-01	3.330644e-02	-3.599897e-02	3.550988e-02	2.249250e-02	-5.304304e-02	1.064608e-01	-1.557966e-01	2.161606e-01	6.465069e-03	-7.899613e-02	
-8.544115e-02	4.690579e-02	4.347037e-01	-1.558388e-02	-1.430114e-01	1.759910e-01	-2.037053e-01	5.644093e-03	1.779905e-01	-9.803617e-01	1.000000e+00	-9.602395e-01	8.302712e-01	-6.236709e-01	-2.120659e-01	-6.041918e-02	6.581982e-02	-6.622655e-02	-1.320875e-02	6.528900e-02	-1.537673e-01	2.240246e-01	-3.101128e-01	5.338946e-03	9.782690e-02	
6.745013e-02	-2.561905e-02	-5.951709e-01	1.115387e-02	2.288072e-01	-2.724249e-01	3.047150e-01	-7.057346e-02	-1.730958e-01	8.885907e-01	-9.602395e-01	1.000000e+00	-7.313703e-01	5.065457e-01	2.739253e-01	9.432265e-02	-1.043232e-01	1.068587e-01	-1.089175e-03	-7.854839e-02	2.158117e-01	-3.156174e-01	4.393095e-01	-2.222943e-02	-1.240286e-01	
1.043494e-01	-4.901627e-02	7.449186e-02	-8.973129e-02	1.015509e-01	-9.915648e-02	8.593026e-02	-1.084479e-01	7.958416e-02	-8.487715e-01	8.302712e-01	-7.313703e-01	1.000000e+00	-9.349743e-01	-7.376846e-02	2.236179e-02	-3.241779e-02	3.858973e-02	-3.502645e-02	1.843906e-02	-2.162471e-02	3.614878e-02	-5.726781e-02	2.895398e-02	-1.409395e-02	
-1.181542e-01	1.961535e-02	1.080230e-01	1.052732e-01	-1.418974e-01	1.637490e-01	-1.686610e-01	2.818761e-02	1.367288e-01	6.616448e-01	-6.236709e-01	5.065457e-01	-9.349743e-01	1.000000e+00	-1.137005e-02	-3.947718e-02	5.492580e-02	-6.355387e-02	1.764451e-02	2.163462e-02	-3.585190e-02	5.215052e-02	-7.171853e-02	-3.488710e-02	6.810975e-02	
-3.851723e-03	-1.863136e-01	-4.720614e-01	3.100153e-01	-1.036908e-01	9.759546e-02	-8.652658e-02	9.632279e-02	-5.454776e-02	1.667087e-01	-2.120659e-01	2.739253e-01	-7.376846e-02	-1.137005e-02	1.000000e+00	-5.924517e-01	6.855055e-01	-7.410363e-01	3.815607e-01	1.095572e-01	6.103555e-02	-8.639401e-02	1.269375e-01	-8.662303e-02	6.061272e-02	
2.028910e-01	-6.418605e-02	-1.249455e-01	-4.631454e-02	1.387178e-01	-1.471301e-01	1.458078e-01	-9.378276e-02	1.224313e-02	3.330644e-02	-6.041918e-02	9.432265e-02	2.236179e-02	-3.947718e-02	-5.924517e-01	1.000000e+00	-9.727036e-01	9.029321e-01	-8.285475e-01	3.393865e-01	1.912406e-01	-2.462372e-01	2.948967e-01	2.543459e-03	-7.047140e-02	
-2.079466e-01	7.117141e-02	1.446896e-01	4.880631e-02	-1.565904e-01	1.650713e-01	-1.630913e-01	1.074955e-01	-1.528572e-02	-3.599897e-02	6.581982e-02	-1.043232e-01	-3.241779e-02	5.492580e-02	6.855055e-01	-9.727036e-01	1.000000e+00	-9.775255e-01	7.814249e-01	-2.239473e-01	-2.011240e-01	2.688572e-01	-3.329198e-01	-2.357047e-02	1.129859e-01	
1.942097e-01	-8.361753e-02	-1.520591e-01	-5.010547e-02	1.657690e-01	-1.740827e-01	1.720281e-01	-1.183812e-01	2.046067e-02	3.550988e-02	-6.622655e-02	1.068587e-01	3.858973e-02	-6.355387e-02	-7.410363e-01	9.029321e-01	-9.775255e-01	1.000000e+00	-7.005285e-01	1.069357e-01	1.997752e-01	-2.755697e-01	3.503067e-01	4.046053e-02	-1.442016e-01	
-6.022495e-02	1.705121e-01	3.933420e-02	-3.031526e-03	-5.616258e-02	5.880374e-02	-5.999079e-02	8.812455e-02	-7.935104e-02	2.249250e-02	-1.320875e-02	-1.089175e-03	-3.502645e-02	1.764451e-02	3.815607e-01	-8.285475e-01	7.814249e-01	-7.005285e-01	1.000000e+00	-7.691480e-01	-1.391482e-01	1.730218e-01	-1.978247e-01	8.458621e-02	-9.647271e-02	
-5.949904e-02	-1.386258e-01	5.724656e-02	5.340522e-02	-5.643505e-02	6.247888e-02	-6.218812e-02	-1.671157e-02	8.531824e-02	-5.304304e-02	6.528900e-02	-7.854839e-02	1.843906e-02	2.163462e-02	1.095572e-01	3.393865e-01	-2.239473e-01	1.069357e-01	-7.691480e-01	1.000000e+00	1.475000e-02	-2.269339e-03	-1.878624e-02	-1.467264e-01	2.612757e-01	
1.001816e-01	-8.939319e-02	-3.519718e-01	1.433479e-01	1.181319e-02	-2.524657e-02	3.507801e-02	1.733774e-02	-3.589728e-02	1.064608e-01	-1.537673e-01	2.158117e-01	-2.162471e-02	-3.585190e-02	6.103555e-02	1.912406e-01	-2.011240e-01	1.997752e-01	-1.391482e-01	1.475000e-02	1.000000e+00	-9.765979e-01	8.731614e-01	-8.356063e-01	6.587419e-01	
-1.097651e-01	9.968963e-02	5.009977e-01	-1.986632e-01	-3.214628e-02	4.828252e-02	-5.909226e-02	-1.269741e-02	4.976534e-02	-1.557966e-01	2.240246e-01	-3.156174e-01	3.614878e-02	5.215052e-02	-8.639401e-02	-2.462372e-01	2.688572e-01	-2.755697e-01	1.730218e-01	-2.269339e-03	-9.765979e-01	1.000000e+00	-9.563423e-01	7.937351e-01	-5.882918e-01	
9.064407e-02	-8.485150e-02	-6.806198e-01	2.669706e-01	5.260242e-02	-7.168463e-02	8.346512e-02	1.210337e-02	-7.126915e-02	2.161606e-01	-3.101128e-01	4.393095e-01	-5.726781e-02	-7.171853e-02	1.269375e-01	2.948967e-01	-3.329198e-01	3.503067e-01	-1.978247e-01	-1.878624e-02	8.731614e-01	-9.563423e-01	1.000000e+00	-6.653123e-01	4.326593e-01	
1.279583e-01	-4.611606e-02	3.861772e-02	-6.357147e-02	7.234591e-02	-6.778431e-02	5.976049e-02	-4.393263e-02	-6.227308e-03	6.465069e-03	5.338946e-03	-2.222943e-02	2.895398e-02	-3.488710e-02	-8.662303e-02	2.543459e-03	-2.357047e-02	4.046053e-02	8.458621e-02	-1.467264e-01	-8.356063e-01	7.937351e-01	-6.653123e-01	1.000000e+00	-9.478350e-01	
-1.503309e-01	5.507209e-02	1.807503e-01	-6.101315e-03	-1.027404e-01	1.052243e-01	-1.010610e-01	4.355066e-02	3.984986e-02	-7.899613e-02	9.782690e-02	-1.240286e-01	-1.409395e-02	6.810975e-02	6.061272e-02	-7.047140e-02	1.129859e-01	-1.442016e-01	-9.647271e-02	2.612757e-01	6.587419e-01	-5.882918e-01	4.326593e-01	-9.478350e-01	1.000000e+00	

Time taken for mcmc chain: 39.566667 minutes
