Number of steps: 12293810
Number of accepted steps: 960000
Burn-in number of steps: 320000
Accepted fraction of steps: 0.078088
Convergence Status
R[0]= 1.000140	R[1]= 1.000317	R[2]= 1.008348	R[3]= 1.002872	R[4]= 1.001535	R[5]= 1.001777	R[6]= 1.001915	R[7]= 1.000048	R[8]= 1.000347	R[9]= 1.000065	R[10]= 1.000085	R[11]= 1.000139	R[12]= 1.000798	R[13]= 1.000950	R[14]= 1.001530	R[15]= 1.001312	R[16]= 1.001439	R[17]= 1.001521	R[18]= 1.000598	R[19]= 1.000270	R[20]= 1.001702	R[21]= 1.002675	R[22]= 1.004062	R[23]= 1.001763	R[24]= 1.002102	
<R>= 1.001532

Mean parameters
A[0]= 9.897240e-01 pm 3.642581e-02
A[1]= 1.120943e+00 pm 3.259630e-02
A[2]= 6.745983e-01 pm 4.959183e-01
A[3]= 3.429364e+00 pm 1.231509e+00
A[4]= -3.387752e+03 pm 3.769349e+03
A[5]= 1.252668e+03 pm 2.418724e+03
A[6]= 2.774872e+02 pm 5.407724e+02
A[7]= 8.233639e+00 pm 1.284699e+01
A[8]= -2.333074e-01 pm 1.806005e-01
A[9]= -3.043154e+03 pm 8.276545e+03
A[10]= 9.838446e+02 pm 4.873202e+03
A[11]= -2.353838e+02 pm 9.791528e+02
A[12]= 1.250556e+01 pm 4.938942e+01
A[13]= -4.899399e-01 pm 9.489581e-01
A[14]= 4.801136e+00 pm 1.572655e+00
A[15]= -5.713674e+03 pm 5.084854e+03
A[16]= 3.739097e+03 pm 3.236703e+03
A[17]= -4.091137e+02 pm 7.185122e+02
A[18]= -1.057416e+01 pm 1.914237e+01
A[19]= 1.974642e-01 pm 2.670966e-01
A[20]= 6.857242e+03 pm 1.150403e+04
A[21]= -4.155474e+03 pm 6.870466e+03
A[22]= 4.759174e+02 pm 1.414231e+03
A[23]= -5.852700e+01 pm 7.058509e+01
A[24]= 7.853297e-01 pm 1.384604e+00

Best-fitting parameters
A[0]= 9.884437e-01
A[1]= 1.111634e+00
A[2]= 5.266481e-01
A[3]= 4.026585e+00
A[4]= -4.187555e+03
A[5]= 1.903241e+03
A[6]= 1.317654e+02
A[7]= -1.748774e+00
A[8]= -4.420174e-02
A[9]= -2.577889e+02
A[10]= -4.388557e+02
A[11]= -5.912280e+00
A[12]= -3.382992e+00
A[13]= -1.041897e-01
A[14]= 5.471338e+00
A[15]= -7.407146e+03
A[16]= 4.791676e+03
A[17]= -6.147302e+02
A[18]= -1.255653e+01
A[19]= 2.478147e-01
A[20]= 5.176066e+03
A[21]= -3.413886e+03
A[22]= 4.225745e+02
A[23]= -5.057678e+01
A[24]= 7.511921e-01
chi2_min= 8.755241e+01


Cross-Covariance parameters
1.000000e+00	-5.087987e-01	-1.376175e-01	8.062242e-02	1.582447e-02	-1.611817e-02	9.122799e-03	6.863387e-02	-5.325883e-02	-3.311118e-02	4.315104e-02	-7.027490e-02	1.323906e-01	-1.031863e-01	6.983654e-02	4.736896e-02	-4.921921e-02	4.394767e-02	8.064262e-02	-7.308225e-02	-1.434775e-02	2.423002e-02	-5.226719e-02	1.440035e-01	-1.212775e-01	
-5.087987e-01	1.000000e+00	1.743021e-01	-1.699396e-01	-3.466048e-02	4.353258e-02	-5.865560e-02	1.271214e-01	-1.106151e-01	2.646883e-02	-2.975668e-02	4.016359e-02	-1.214812e-01	7.600154e-02	-2.373438e-01	-8.055376e-03	1.018207e-02	-1.964657e-02	1.386351e-01	-1.334177e-01	1.046283e-02	-1.337834e-02	2.754286e-02	-9.888068e-02	6.456550e-02	
-1.376175e-01	1.743021e-01	1.000000e+00	-7.453843e-01	1.363332e-01	-1.462002e-01	1.583561e-01	-8.306953e-02	1.522708e-02	-3.349555e-01	4.295564e-01	-5.433498e-01	-1.358578e-01	2.142426e-01	-6.624770e-01	-1.811836e-01	1.966893e-01	-1.997225e-01	-3.382311e-02	7.949290e-02	-3.695317e-01	4.858978e-01	-6.209375e-01	-3.040604e-01	4.035129e-01	
8.062242e-02	-1.699396e-01	-7.453843e-01	1.000000e+00	-5.589269e-01	6.098797e-01	-6.484386e-01	8.967092e-02	1.434574e-01	2.082149e-01	-2.662463e-01	3.408069e-01	3.652864e-02	-6.481112e-02	5.232883e-01	1.349177e-01	-1.463384e-01	1.487476e-01	6.267586e-03	-4.060180e-02	2.912194e-01	-3.787990e-01	4.797511e-01	2.195841e-01	-2.956867e-01	
1.582447e-02	-3.466048e-02	1.363332e-01	-5.589269e-01	1.000000e+00	-9.870595e-01	9.505537e-01	-5.725983e-01	2.413734e-01	1.658470e-02	-3.984483e-02	6.527814e-02	1.354799e-01	-1.096977e-01	-5.844009e-02	-4.278677e-02	4.623294e-02	-4.692318e-02	-1.917953e-03	1.273088e-02	-3.942801e-02	5.786837e-02	-8.072633e-02	-4.949929e-02	6.224588e-02	
-1.611817e-02	4.353258e-02	-1.462002e-01	6.098797e-01	-9.870595e-01	1.000000e+00	-9.875584e-01	5.193932e-01	-1.821072e-01	-1.994407e-02	4.549738e-02	-7.363946e-02	-1.486998e-01	1.314968e-01	6.199531e-02	4.472314e-02	-4.842029e-02	4.894259e-02	4.522067e-03	-1.621211e-02	4.345384e-02	-6.323183e-02	8.763449e-02	5.150840e-02	-6.582868e-02	
9.122799e-03	-5.865560e-02	1.583561e-01	-6.484386e-01	9.505537e-01	-9.875584e-01	1.000000e+00	-4.624538e-01	1.319239e-01	2.571350e-02	-5.200462e-02	8.100074e-02	1.481125e-01	-1.361003e-01	-6.600328e-02	-4.747529e-02	5.135478e-02	-5.144488e-02	-1.070296e-02	2.303284e-02	-4.926610e-02	7.052879e-02	-9.652279e-02	-5.477027e-02	7.137905e-02	
6.863387e-02	1.271214e-01	-8.306953e-02	8.967092e-02	-5.725983e-01	5.193932e-01	-4.624538e-01	1.000000e+00	-9.135867e-01	1.329685e-01	-1.235167e-01	1.009592e-01	-6.608735e-02	-9.953580e-02	1.365991e-02	3.128591e-02	-3.260394e-02	2.983215e-02	4.611398e-02	-4.811548e-02	1.817772e-02	-2.978277e-02	4.383118e-02	4.919152e-02	-5.945398e-02	
-5.325883e-02	-1.106151e-01	1.522708e-02	1.434574e-01	2.413734e-01	-1.821072e-01	1.319239e-01	-9.135867e-01	1.000000e+00	-1.534141e-01	1.504939e-01	-1.324007e-01	2.562164e-02	1.709355e-01	1.591341e-02	-1.037185e-02	9.938522e-03	-7.144962e-03	-3.870458e-02	3.559042e-02	4.868374e-03	-1.840803e-03	-2.069617e-03	-2.547655e-02	2.913195e-02	
-3.311118e-02	2.646883e-02	-3.349555e-01	2.082149e-01	1.658470e-02	-1.994407e-02	2.571350e-02	1.329685e-01	-1.534141e-01	1.000000e+00	-9.862643e-01	9.315884e-01	-7.419566e-01	5.906392e-01	2.438390e-01	5.346953e-02	-5.529942e-02	5.227480e-02	8.543533e-03	-2.053326e-02	1.346297e-01	-1.760133e-01	2.251820e-01	9.546858e-02	-1.339733e-01	
4.315104e-02	-2.975668e-02	4.295564e-01	-2.662463e-01	-3.984483e-02	4.549738e-02	-5.200462e-02	-1.235167e-01	1.504939e-01	-9.862643e-01	1.000000e+00	-9.781224e-01	7.006788e-01	-5.487240e-01	-3.108401e-01	-6.893006e-02	7.220323e-02	-6.950328e-02	-1.257955e-02	2.839438e-02	-1.753436e-01	2.285961e-01	-2.917831e-01	-1.205091e-01	1.705449e-01	
-7.027490e-02	4.016359e-02	-5.433498e-01	3.408069e-01	6.527814e-02	-7.363946e-02	8.100074e-02	1.009592e-01	-1.324007e-01	9.315884e-01	-9.781224e-01	1.000000e+00	-6.105687e-01	4.649189e-01	3.920426e-01	8.702481e-02	-9.213691e-02	9.005322e-02	1.627516e-02	-3.684584e-02	2.261948e-01	-2.940569e-01	3.747584e-01	1.484936e-01	-2.130164e-01	
1.323906e-01	-1.214812e-01	-1.358578e-01	3.652864e-02	1.354799e-01	-1.486998e-01	1.481125e-01	-6.608735e-02	2.562164e-02	-7.419566e-01	7.006788e-01	-6.105687e-01	1.000000e+00	-9.574787e-01	1.013817e-01	2.279058e-02	-2.662762e-02	2.938571e-02	1.770594e-02	-2.185969e-02	5.903894e-02	-7.122360e-02	8.292321e-02	4.442362e-02	-5.640337e-02	
-1.031863e-01	7.600154e-02	2.142426e-01	-6.481112e-02	-1.096977e-01	1.314968e-01	-1.361003e-01	-9.953580e-02	1.709355e-01	5.906392e-01	-5.487240e-01	4.649189e-01	-9.574787e-01	1.000000e+00	-1.532575e-01	-3.732199e-02	4.166799e-02	-4.349518e-02	-2.668747e-02	3.401747e-02	-9.469760e-02	1.175704e-01	-1.424036e-01	-6.509809e-02	8.872011e-02	
6.983654e-02	-2.373438e-01	-6.624770e-01	5.232883e-01	-5.844009e-02	6.199531e-02	-6.600328e-02	1.365991e-02	1.591341e-02	2.438390e-01	-3.108401e-01	3.920426e-01	1.013817e-01	-1.532575e-01	1.000000e+00	-3.918104e-01	4.432232e-01	-4.863769e-01	-6.007901e-02	2.138772e-01	1.699194e-01	-2.298911e-01	3.066720e-01	1.247103e-01	-1.572197e-01	
4.736896e-02	-8.055376e-03	-1.811836e-01	1.349177e-01	-4.278677e-02	4.472314e-02	-4.747529e-02	3.128591e-02	-1.037185e-02	5.346953e-02	-6.893006e-02	8.702481e-02	2.279058e-02	-3.732199e-02	-3.918104e-01	1.000000e+00	-9.854080e-01	9.432710e-01	-4.728016e-01	1.789509e-01	1.962267e-01	-2.388614e-01	2.783658e-01	1.055518e-01	-1.330770e-01	
-4.921921e-02	1.018207e-02	1.966893e-01	-1.463384e-01	4.623294e-02	-4.842029e-02	5.135478e-02	-3.260394e-02	9.938522e-03	-5.529942e-02	7.220323e-02	-9.213691e-02	-2.662762e-02	4.166799e-02	4.432232e-01	-9.854080e-01	1.000000e+00	-9.855057e-01	4.013327e-01	-1.024471e-01	-2.055724e-01	2.534827e-01	-2.985318e-01	-1.271003e-01	1.619449e-01	
4.394767e-02	-1.964657e-02	-1.997225e-01	1.487476e-01	-4.692318e-02	4.894259e-02	-5.144488e-02	2.983215e-02	-7.144962e-03	5.227480e-02	-6.950328e-02	9.005322e-02	2.938571e-02	-4.349518e-02	-4.863769e-01	9.432710e-01	-9.855057e-01	1.000000e+00	-3.256054e-01	3.319767e-02	2.072762e-01	-2.583965e-01	3.070727e-01	1.398180e-01	-1.786130e-01	
8.064262e-02	1.386351e-01	-3.382311e-02	6.267586e-03	-1.917953e-03	4.522067e-03	-1.070296e-02	4.611398e-02	-3.870458e-02	8.543533e-03	-1.257955e-02	1.627516e-02	1.770594e-02	-2.668747e-02	-6.007901e-02	-4.728016e-01	4.013327e-01	-3.256054e-01	1.000000e+00	-9.366886e-01	7.591809e-03	-8.185000e-03	7.059658e-03	9.765147e-02	-1.774495e-01	
-7.308225e-02	-1.334177e-01	7.949290e-02	-4.060180e-02	1.273088e-02	-1.621211e-02	2.303284e-02	-4.811548e-02	3.559042e-02	-2.053326e-02	2.839438e-02	-3.684584e-02	-2.185969e-02	3.401747e-02	2.138772e-01	1.789509e-01	-1.024471e-01	3.319767e-02	-9.366886e-01	1.000000e+00	-6.985511e-02	8.328157e-02	-9.285158e-02	-1.371476e-01	2.420571e-01	
-1.434775e-02	1.046283e-02	-3.695317e-01	2.912194e-01	-3.942801e-02	4.345384e-02	-4.926610e-02	1.817772e-02	4.868374e-03	1.346297e-01	-1.753436e-01	2.261948e-01	5.903894e-02	-9.469760e-02	1.699194e-01	1.962267e-01	-2.055724e-01	2.072762e-01	7.591809e-03	-6.985511e-02	1.000000e+00	-9.845176e-01	9.237128e-01	-6.503922e-01	5.041241e-01	
2.423002e-02	-1.337834e-02	4.858978e-01	-3.787990e-01	5.786837e-02	-6.323183e-02	7.052879e-02	-2.978277e-02	-1.840803e-03	-1.760133e-01	2.285961e-01	-2.940569e-01	-7.122360e-02	1.175704e-01	-2.298911e-01	-2.388614e-01	2.534827e-01	-2.583965e-01	-8.185000e-03	8.328157e-02	-9.845176e-01	1.000000e+00	-9.758617e-01	5.830776e-01	-4.327605e-01	
-5.226719e-02	2.754286e-02	-6.209375e-01	4.797511e-01	-8.072633e-02	8.763449e-02	-9.652279e-02	4.383118e-02	-2.069617e-03	2.251820e-01	-2.917831e-01	3.747584e-01	8.292321e-02	-1.424036e-01	3.066720e-01	2.783658e-01	-2.985318e-01	3.070727e-01	7.059658e-03	-9.285158e-02	9.237128e-01	-9.758617e-01	1.000000e+00	-4.638411e-01	3.157129e-01	
1.440035e-01	-9.888068e-02	-3.040604e-01	2.195841e-01	-4.949929e-02	5.150840e-02	-5.477027e-02	4.919152e-02	-2.547655e-02	9.546858e-02	-1.205091e-01	1.484936e-01	4.442362e-02	-6.509809e-02	1.247103e-01	1.055518e-01	-1.271003e-01	1.398180e-01	9.765147e-02	-1.371476e-01	-6.503922e-01	5.830776e-01	-4.638411e-01	1.000000e+00	-9.724397e-01	
-1.212775e-01	6.456550e-02	4.035129e-01	-2.956867e-01	6.224588e-02	-6.582868e-02	7.137905e-02	-5.945398e-02	2.913195e-02	-1.339733e-01	1.705449e-01	-2.130164e-01	-5.640337e-02	8.872011e-02	-1.572197e-01	-1.330770e-01	1.619449e-01	-1.786130e-01	-1.774495e-01	2.420571e-01	5.041241e-01	-4.327605e-01	3.157129e-01	-9.724397e-01	1.000000e+00	

Time taken for mcmc chain: 1.010833 hours
