Number of steps: 15340080
Number of accepted steps: 960000
Burn-in number of steps: 320000
Accepted fraction of steps: 0.062581
Convergence Status
R[0]= 1.000452	R[1]= 1.005930	R[2]= 1.067015	R[3]= 1.023226	R[4]= 1.001428	R[5]= 1.001381	R[6]= 1.001372	R[7]= 1.000074	R[8]= 1.001788	R[9]= 1.013775	R[10]= 1.023074	R[11]= 1.035444	R[12]= 1.003934	R[13]= 1.002779	R[14]= 1.032111	R[15]= 1.001324	R[16]= 1.001417	R[17]= 1.001414	R[18]= 1.001957	R[19]= 1.003044	R[20]= 1.008102	R[21]= 1.014880	R[22]= 1.023846	R[23]= 1.000635	R[24]= 1.002353	
<R>= 1.010910

Mean parameters
A[0]= 7.429776e-01 pm 2.485245e-02
A[1]= 8.447190e-01 pm 2.403250e-02
A[2]= 6.647064e-01 pm 4.901035e-01
A[3]= 3.616620e+00 pm 1.381071e+00
A[4]= -2.018355e+03 pm 3.884886e+03
A[5]= 1.688288e+03 pm 2.846112e+03
A[6]= -3.970323e+02 pm 7.972320e+02
A[7]= 3.675149e+01 pm 1.566020e+01
A[8]= -3.801776e-01 pm 1.790892e-01
A[9]= -4.811365e+03 pm 8.685103e+03
A[10]= 2.683603e+03 pm 5.534928e+03
A[11]= -8.412868e+02 pm 1.333135e+03
A[12]= 3.741824e+01 pm 4.857791e+01
A[13]= -7.749067e-01 pm 9.269293e-01
A[14]= 6.289908e+00 pm 2.038748e+00
A[15]= -8.259016e+03 pm 5.513801e+03
A[16]= 7.831431e+03 pm 4.027858e+03
A[17]= -2.350746e+03 pm 1.124430e+03
A[18]= 4.514261e+01 pm 2.179700e+01
A[19]= -5.843249e-02 pm 2.567225e-01
A[20]= 4.136538e+03 pm 1.244841e+04
A[21]= -1.037073e+03 pm 8.374120e+03
A[22]= -6.989856e+02 pm 2.161454e+03
A[23]= -3.040718e+01 pm 6.637874e+01
A[24]= 6.565598e-01 pm 1.300402e+00

Best-fitting parameters
A[0]= 7.324984e-01
A[1]= 8.509038e-01
A[2]= 8.453554e-01
A[3]= 3.193014e+00
A[4]= -3.285553e+03
A[5]= 2.522170e+03
A[6]= -5.795660e+02
A[7]= 4.009855e+01
A[8]= -3.571157e-01
A[9]= -7.414463e+03
A[10]= 4.842075e+03
A[11]= -1.447052e+03
A[12]= 3.842867e+01
A[13]= -4.330474e-01
A[14]= 5.801871e+00
A[15]= -1.028267e+04
A[16]= 9.372758e+03
A[17]= -2.773685e+03
A[18]= 5.018964e+01
A[19]= -5.027370e-02
A[20]= 4.032218e+03
A[21]= 2.838327e+02
A[22]= -1.354561e+03
A[23]= -5.632522e+01
A[24]= 1.467270e+00
chi2_min= 9.496244e+01


Cross-Covariance parameters
1.000000e+00	-4.164948e-01	-1.767704e-01	8.802638e-02	5.589910e-02	-5.648545e-02	4.684640e-02	3.006795e-02	-5.845882e-02	5.769955e-02	-6.254896e-02	4.806140e-02	9.505758e-02	-1.105044e-01	4.494387e-02	1.493548e-01	-1.565420e-01	1.484724e-01	-8.358285e-03	-8.990334e-02	9.699696e-02	-1.035090e-01	8.387873e-02	1.204114e-01	-1.516616e-01	
-4.164948e-01	1.000000e+00	1.734077e-01	-1.457267e-01	-2.399289e-02	3.655349e-02	-5.582053e-02	1.084830e-01	-9.136932e-02	-5.608802e-02	6.077163e-02	-5.520557e-02	-5.392020e-02	4.991206e-02	-2.543351e-01	2.888053e-02	-3.443095e-02	2.837958e-02	1.346960e-01	-1.833002e-01	-3.231273e-02	3.492979e-02	-2.249537e-02	-5.870974e-02	3.684019e-02	
-1.767704e-01	1.734077e-01	1.000000e+00	-6.490037e-01	-2.087814e-02	2.806257e-02	-2.671988e-02	-9.256061e-02	1.471703e-01	-4.167039e-01	5.651458e-01	-7.252015e-01	9.468579e-02	1.992335e-01	-6.744399e-01	-1.880470e-01	2.020306e-01	-1.974545e-01	3.917234e-02	9.877329e-02	-5.321595e-01	6.875209e-01	-8.242271e-01	1.159130e-01	2.519816e-01	
8.802638e-02	-1.457267e-01	-6.490037e-01	1.000000e+00	-5.712635e-01	6.385051e-01	-6.794890e-01	4.758174e-01	-5.053905e-02	1.743218e-01	-2.396900e-01	3.195920e-01	-9.066020e-02	-2.441460e-02	4.608262e-01	1.187348e-01	-1.297428e-01	1.291876e-01	-3.825125e-02	-4.887023e-02	3.480543e-01	-4.529960e-01	5.462192e-01	-7.195442e-02	-1.714713e-01	
5.589910e-02	-2.399289e-02	-2.087814e-02	-5.712635e-01	1.000000e+00	-9.771999e-01	9.214237e-01	-8.486390e-01	3.404192e-01	1.258004e-01	-1.790985e-01	2.269496e-01	3.150667e-02	-8.238734e-02	1.525708e-02	-3.657866e-03	4.652809e-03	-5.559006e-03	1.693406e-02	-1.743166e-02	1.502342e-02	-1.218548e-02	8.342836e-03	-1.749254e-03	-2.087587e-03	
-5.648545e-02	3.655349e-02	2.806257e-02	6.385051e-01	-9.771999e-01	1.000000e+00	-9.824600e-01	8.137295e-01	-2.437374e-01	-1.507447e-01	2.101209e-01	-2.630039e-01	-3.137940e-02	1.102702e-01	-2.151673e-02	1.316937e-03	-2.448803e-03	3.270110e-03	-1.582469e-02	1.858480e-02	-1.991363e-02	1.822016e-02	-1.523183e-02	4.419523e-03	1.566469e-03	
4.684640e-02	-5.582053e-02	-2.671988e-02	-6.794890e-01	9.214237e-01	-9.824600e-01	1.000000e+00	-7.526193e-01	1.506718e-01	1.697547e-01	-2.305241e-01	2.835179e-01	2.371338e-02	-1.218690e-01	2.506692e-02	-3.022848e-03	4.612884e-03	-5.160499e-03	1.224136e-02	-1.364201e-02	1.865669e-02	-1.692377e-02	1.391514e-02	-6.187076e-03	1.882056e-03	
3.006795e-02	1.084830e-01	-9.256061e-02	4.758174e-01	-8.486390e-01	8.137295e-01	-7.526193e-01	1.000000e+00	-7.470967e-01	2.259207e-02	7.258529e-03	-4.076196e-02	-5.708518e-02	-3.780892e-02	2.468807e-02	6.018376e-02	-6.222139e-02	5.811706e-02	-6.132844e-03	-3.414920e-02	5.979296e-02	-7.990090e-02	9.703010e-02	-1.296941e-02	-3.407969e-02	
-5.845882e-02	-9.136932e-02	1.471703e-01	-5.053905e-02	3.404192e-01	-2.437374e-01	1.506718e-01	-7.470967e-01	1.000000e+00	-1.945877e-01	2.064051e-01	-2.040511e-01	6.577582e-02	1.833414e-01	-5.636107e-02	-7.613913e-02	7.665222e-02	-7.039258e-02	3.652776e-03	4.873956e-02	-9.460170e-02	1.197076e-01	-1.400356e-01	2.675617e-02	3.909425e-02	
5.769955e-02	-5.608802e-02	-4.167039e-01	1.743218e-01	1.258004e-01	-1.507447e-01	1.697547e-01	2.259207e-02	-1.945877e-01	1.000000e+00	-9.747641e-01	8.753321e-01	-8.357744e-01	5.711145e-01	2.871161e-01	7.392761e-02	-7.925941e-02	7.679488e-02	-4.423860e-03	-5.526421e-02	2.213033e-01	-2.861003e-01	3.440724e-01	-4.901328e-02	-1.064300e-01	
-6.254896e-02	6.077163e-02	5.651458e-01	-2.396900e-01	-1.790985e-01	2.101209e-01	-2.305241e-01	7.258529e-03	2.064051e-01	-9.747641e-01	1.000000e+00	-9.601893e-01	7.796242e-01	-4.758316e-01	-3.884044e-01	-1.024370e-01	1.099519e-01	-1.069704e-01	8.440293e-03	7.286794e-02	-3.048713e-01	3.936132e-01	-4.732069e-01	7.231730e-02	1.411856e-01	
4.806140e-02	-5.520557e-02	-7.252015e-01	3.195920e-01	2.269496e-01	-2.630039e-01	2.835179e-01	-4.076196e-02	-2.040511e-01	8.753321e-01	-9.601893e-01	1.000000e+00	-6.390341e-01	3.041115e-01	4.986396e-01	1.313550e-01	-1.411502e-01	1.377426e-01	-1.226843e-02	-9.127207e-02	3.960644e-01	-5.110762e-01	6.148641e-01	-1.009766e-01	-1.763022e-01	
9.505758e-02	-5.392020e-02	9.468579e-02	-9.066020e-02	3.150667e-02	-3.137940e-02	2.371338e-02	-5.708518e-02	6.577582e-02	-8.357744e-01	7.796242e-01	-6.390341e-01	1.000000e+00	-9.047132e-01	-6.926989e-02	-4.338928e-03	6.045335e-03	-6.285833e-03	9.113195e-04	5.988804e-03	-4.478726e-02	6.277941e-02	-8.221421e-02	2.230482e-02	1.823554e-02	
-1.105044e-01	4.991206e-02	1.992335e-01	-2.441460e-02	-8.238734e-02	1.102702e-01	-1.218690e-01	-3.780892e-02	1.833414e-01	5.711145e-01	-4.758316e-01	3.041115e-01	-9.047132e-01	1.000000e+00	-1.237870e-01	-5.873138e-02	6.042134e-02	-5.769291e-02	4.141012e-03	3.678647e-02	-1.189193e-01	1.480595e-01	-1.712987e-01	2.162283e-02	5.223828e-02	
4.494387e-02	-2.543351e-01	-6.744399e-01	4.608262e-01	1.525708e-02	-2.151673e-02	2.506692e-02	2.468807e-02	-5.636107e-02	2.871161e-01	-3.884044e-01	4.986396e-01	-6.926989e-02	-1.237870e-01	1.000000e+00	-4.133948e-01	4.779387e-01	-5.241663e-01	2.963772e-01	5.540077e-02	2.645580e-01	-3.440020e-01	4.232148e-01	-1.174828e-01	-5.389825e-02	
1.493548e-01	2.888053e-02	-1.880470e-01	1.187348e-01	-3.657866e-03	1.316937e-03	-3.022848e-03	6.018376e-02	-7.613913e-02	7.392761e-02	-1.024370e-01	1.313550e-01	-4.338928e-03	-5.873138e-02	-4.133948e-01	1.000000e+00	-9.761351e-01	9.168065e-01	-8.033687e-01	2.782426e-01	2.558509e-01	-3.149288e-01	3.527367e-01	-1.478326e-02	-1.255877e-01	
-1.565420e-01	-3.443095e-02	2.020306e-01	-1.297428e-01	4.652809e-03	-2.448803e-03	4.612884e-03	-6.222139e-02	7.665222e-02	-7.925941e-02	1.099519e-01	-1.411502e-01	6.045335e-03	6.042134e-02	4.779387e-01	-9.761351e-01	1.000000e+00	-9.811536e-01	7.533216e-01	-1.670168e-01	-2.721235e-01	3.402200e-01	-3.855759e-01	-1.411174e-03	1.664924e-01	
1.484724e-01	2.837958e-02	-1.974545e-01	1.291876e-01	-5.559006e-03	3.270110e-03	-5.160499e-03	5.811706e-02	-7.039258e-02	7.679488e-02	-1.069704e-01	1.377426e-01	-6.285833e-03	-5.769291e-02	-5.241663e-01	9.168065e-01	-9.811536e-01	1.000000e+00	-6.789586e-01	6.161419e-02	2.720126e-01	-3.440499e-01	3.931211e-01	1.470561e-02	-1.916352e-01	
-8.358285e-03	1.346960e-01	3.917234e-02	-3.825125e-02	1.693406e-02	-1.582469e-02	1.224136e-02	-6.132844e-03	3.652776e-03	-4.423860e-03	8.440293e-03	-1.226843e-02	9.113195e-04	4.141012e-03	2.963772e-01	-8.033687e-01	7.533216e-01	-6.789586e-01	1.000000e+00	-7.604823e-01	-1.129108e-01	1.379225e-01	-1.508766e-01	5.419677e-02	-5.565080e-02	
-8.990334e-02	-1.833002e-01	9.877329e-02	-4.887023e-02	-1.743166e-02	1.858480e-02	-1.364201e-02	-3.414920e-02	4.873956e-02	-5.526421e-02	7.286794e-02	-9.127207e-02	5.988804e-03	3.678647e-02	5.540077e-02	2.782426e-01	-1.670168e-01	6.161419e-02	-7.604823e-01	1.000000e+00	-7.349172e-02	9.685248e-02	-1.165209e-01	-8.493330e-02	2.407352e-01	
9.699696e-02	-3.231273e-02	-5.321595e-01	3.480543e-01	1.502342e-02	-1.991363e-02	1.865669e-02	5.979296e-02	-9.460170e-02	2.213033e-01	-3.048713e-01	3.960644e-01	-4.478726e-02	-1.189193e-01	2.645580e-01	2.558509e-01	-2.721235e-01	2.720126e-01	-1.129108e-01	-7.349172e-02	1.000000e+00	-9.713925e-01	8.734673e-01	-7.888267e-01	4.717948e-01	
-1.035090e-01	3.492979e-02	6.875209e-01	-4.529960e-01	-1.218548e-02	1.822016e-02	-1.692377e-02	-7.990090e-02	1.197076e-01	-2.861003e-01	3.936132e-01	-5.110762e-01	6.277941e-02	1.480595e-01	-3.440020e-01	-3.149288e-01	3.402200e-01	-3.440499e-01	1.379225e-01	9.685248e-02	-9.713925e-01	1.000000e+00	-9.632652e-01	7.011864e-01	-3.342174e-01	
8.387873e-02	-2.249537e-02	-8.242271e-01	5.462192e-01	8.342836e-03	-1.523183e-02	1.391514e-02	9.703010e-02	-1.400356e-01	3.440724e-01	-4.732069e-01	6.148641e-01	-8.221421e-02	-1.712987e-01	4.232148e-01	3.527367e-01	-3.855759e-01	3.931211e-01	-1.508766e-01	-1.165209e-01	8.734673e-01	-9.632652e-01	1.000000e+00	-5.434685e-01	1.427365e-01	
1.204114e-01	-5.870974e-02	1.159130e-01	-7.195442e-02	-1.749254e-03	4.419523e-03	-6.187076e-03	-1.296941e-02	2.675617e-02	-4.901328e-02	7.231730e-02	-1.009766e-01	2.230482e-02	2.162283e-02	-1.174828e-01	-1.478326e-02	-1.411174e-03	1.470561e-02	5.419677e-02	-8.493330e-02	-7.888267e-01	7.011864e-01	-5.434685e-01	1.000000e+00	-8.951025e-01	
-1.516616e-01	3.684019e-02	2.519816e-01	-1.714713e-01	-2.087587e-03	1.566469e-03	1.882056e-03	-3.407969e-02	3.909425e-02	-1.064300e-01	1.411856e-01	-1.763022e-01	1.823554e-02	5.223828e-02	-5.389825e-02	-1.255877e-01	1.664924e-01	-1.916352e-01	-5.565080e-02	2.407352e-01	4.717948e-01	-3.342174e-01	1.427365e-01	-8.951025e-01	1.000000e+00	

Time taken for mcmc chain: 1.272778 hours
