Number of steps: 4048811
Number of accepted steps: 960000
Burn-in number of steps: 160000
Accepted fraction of steps: 0.237107
Convergence Status
R[0]= 1.056252	R[1]= 1.613647	R[2]= 1.403107	R[3]= 1.325006	R[4]= 1.024905	R[5]= 1.021490	R[6]= 1.014300	R[7]= 1.008929	R[8]= 1.008761	R[9]= 1.003049	R[10]= 1.004597	R[11]= 1.007096	R[12]= 1.001104	R[13]= 1.004545	R[14]= 1.342814	R[15]= 1.010338	R[16]= 1.008708	R[17]= 1.005728	R[18]= 1.010921	R[19]= 1.009036	R[20]= 1.002166	R[21]= 1.002388	R[22]= 1.002833	R[23]= 1.002064	R[24]= 1.004027	
<R>= 1.075912

Mean parameters
A[0]= 9.484106e-01 pm 2.094794e-01
A[1]= 8.957275e-01 pm 1.383414e-01
A[2]= 1.309806e+00 pm 8.378036e-01
A[3]= 1.494800e+00 pm 1.030683e+00
A[4]= 5.228587e+03 pm 3.167907e+03
A[5]= -5.201223e+03 pm 1.768394e+03
A[6]= 1.930512e+03 pm 3.171653e+02
A[7]= -1.191872e+00 pm 1.276268e+01
A[8]= -3.913624e-01 pm 1.797231e-01
A[9]= -2.374096e+03 pm 7.863308e+03
A[10]= 1.094052e+01 pm 4.403962e+03
A[11]= 1.143163e+02 pm 7.976072e+02
A[12]= 2.404666e+01 pm 5.232412e+01
A[13]= -1.034062e+00 pm 9.819201e-01
A[14]= 2.326562e+00 pm 1.514583e+00
A[15]= 5.752840e+03 pm 4.347064e+03
A[16]= -4.910881e+03 pm 2.467561e+03
A[17]= 1.831546e+03 pm 4.534601e+02
A[18]= -2.005261e+01 pm 2.116734e+01
A[19]= -5.383015e-02 pm 2.760825e-01
A[20]= 9.827503e+03 pm 1.133709e+04
A[21]= -6.662061e+03 pm 6.484031e+03
A[22]= 1.164502e+03 pm 1.201791e+03
A[23]= -5.523836e+01 pm 7.219456e+01
A[24]= 3.289624e-01 pm 1.380111e+00

Best-fitting parameters
A[0]= 1.170721e+00
A[1]= 1.213020e+00
A[2]= 3.253622e+00
A[3]= 6.297540e-01
A[4]= 3.032039e+03
A[5]= -3.596840e+03
A[6]= 1.572478e+03
A[7]= -7.451057e+00
A[8]= -2.249542e-01
A[9]= -1.677477e+03
A[10]= 2.785456e+02
A[11]= -6.749297e+01
A[12]= -4.100528e+01
A[13]= 3.653295e-01
A[14]= 1.623196e+00
A[15]= 2.433804e+02
A[16]= -5.809812e+02
A[17]= 8.030999e+02
A[18]= -5.581053e+01
A[19]= 4.386228e-01
A[20]= -1.372034e+04
A[21]= 7.829876e+03
A[22]= -1.670573e+03
A[23]= -1.174132e+02
A[24]= 1.695089e+00
chi2_min= 1.070925e+02


Cross-Covariance parameters
1.000000e+00	-5.336536e-02	-8.992671e-02	-1.012124e-01	1.433216e-01	-1.139812e-01	6.913177e-02	-9.557422e-02	2.117053e-01	6.093007e-02	-2.425707e-02	-3.766036e-02	-1.929921e-01	2.881094e-01	2.777949e-01	-1.844654e-01	2.372242e-01	-2.893702e-01	-2.912074e-01	3.358865e-01	-1.289857e-01	1.799696e-01	-2.447401e-01	-2.827514e-01	3.537810e-01	
-5.336536e-02	1.000000e+00	4.024396e-01	-6.512802e-01	2.455332e-01	-2.481209e-01	2.321600e-01	4.004474e-02	7.536308e-02	6.192125e-02	-7.159727e-02	8.229547e-02	9.593543e-02	-7.740482e-02	-6.928699e-01	2.247352e-01	-2.232662e-01	1.914664e-01	1.151637e-01	-1.233233e-02	4.157615e-02	-5.103514e-02	6.075495e-02	9.689352e-02	-7.786054e-02	
-8.992671e-02	4.024396e-01	1.000000e+00	-3.392453e-01	-2.602904e-01	2.911495e-01	-3.195595e-01	-2.275877e-02	-8.429690e-04	-1.117482e-01	1.519066e-01	-1.850833e-01	-2.117016e-01	1.392357e-01	-4.278366e-01	-1.085703e-01	1.401265e-01	-1.735702e-01	-7.860159e-02	8.572298e-02	-2.077001e-01	2.318126e-01	-2.493733e-01	-1.455468e-01	1.231454e-01	
-1.012124e-01	-6.512802e-01	-3.392453e-01	1.000000e+00	-4.739037e-01	4.968456e-01	-4.908881e-01	-1.458679e-01	-2.601915e-02	-1.386265e-01	1.504852e-01	-1.566259e-01	-6.466527e-02	3.133257e-02	5.312778e-01	-1.730902e-01	1.674108e-01	-1.422649e-01	-5.612891e-02	-1.531062e-02	-5.084533e-03	6.372153e-03	-9.006786e-03	-4.223399e-02	3.100049e-02	
1.433216e-01	2.455332e-01	-2.602904e-01	-4.739037e-01	1.000000e+00	-9.913239e-01	9.600871e-01	-4.660018e-01	5.153173e-01	1.002764e-01	-1.308744e-01	1.558405e-01	2.137804e-01	-6.933419e-02	-9.626791e-02	1.443552e-01	-1.504882e-01	1.440438e-01	6.678596e-02	-2.953022e-02	1.000795e-01	-1.064812e-01	1.101939e-01	9.965215e-02	-7.926800e-02	
-1.139812e-01	-2.481209e-01	2.911495e-01	4.968456e-01	-9.913239e-01	1.000000e+00	-9.872389e-01	4.459250e-01	-5.093648e-01	-1.046316e-01	1.403360e-01	-1.713752e-01	-2.420922e-01	9.427037e-02	1.044765e-01	-1.660284e-01	1.766688e-01	-1.743179e-01	-8.261770e-02	4.457378e-02	-1.174126e-01	1.278483e-01	-1.359114e-01	-1.198745e-01	1.004873e-01	
6.913177e-02	2.321600e-01	-3.195595e-01	-4.908881e-01	9.600871e-01	-9.872389e-01	1.000000e+00	-4.541206e-01	5.333602e-01	1.104420e-01	-1.513872e-01	1.899409e-01	2.534086e-01	-9.873856e-02	-1.056786e-01	1.846375e-01	-2.001938e-01	2.030052e-01	9.980339e-02	-6.349634e-02	1.335195e-01	-1.482423e-01	1.612085e-01	1.408020e-01	-1.239812e-01	
-9.557422e-02	4.004474e-02	-2.275877e-02	-1.458679e-01	-4.660018e-01	4.459250e-01	-4.541206e-01	1.000000e+00	-9.351201e-01	1.498133e-01	-1.560042e-01	1.526798e-01	2.379026e-02	-1.754289e-01	-8.138081e-02	5.802999e-02	-7.511978e-02	9.264045e-02	5.857410e-02	-4.912862e-02	4.638979e-02	-6.067524e-02	7.727741e-02	5.130275e-02	-5.563461e-02	
2.117053e-01	7.536308e-02	-8.429690e-04	-2.601915e-02	5.153173e-01	-5.093648e-01	5.333602e-01	-9.351201e-01	1.000000e+00	-9.661056e-02	1.012446e-01	-1.006099e-01	-1.612705e-02	2.134222e-01	4.688753e-02	-4.379165e-02	6.559880e-02	-9.046840e-02	-8.498213e-02	9.682421e-02	-5.670246e-02	7.355508e-02	-9.365780e-02	-5.608530e-02	7.527565e-02	
6.093007e-02	6.192125e-02	-1.117482e-01	-1.386265e-01	1.002764e-01	-1.046316e-01	1.104420e-01	1.498133e-01	-9.661056e-02	1.000000e+00	-9.911662e-01	9.583515e-01	-7.488475e-01	6.924108e-01	-2.214398e-02	4.930515e-02	-5.618665e-02	5.862324e-02	4.633911e-02	-2.731097e-02	5.794691e-02	-6.254401e-02	6.496589e-02	2.619709e-02	-1.332545e-02	
-2.425707e-02	-7.159727e-02	1.519066e-01	1.504852e-01	-1.308744e-01	1.403360e-01	-1.513872e-01	-1.560042e-01	1.012446e-01	-9.911662e-01	1.000000e+00	-9.871201e-01	7.389829e-01	-6.903468e-01	3.590945e-02	-7.657231e-02	8.840167e-02	-9.475477e-02	-7.246047e-02	5.197861e-02	-7.995166e-02	8.905735e-02	-9.628555e-02	-5.526379e-02	4.311402e-02	
-3.766036e-02	8.229547e-02	-1.850833e-01	-1.566259e-01	1.558405e-01	-1.713752e-01	1.899409e-01	1.526798e-01	-1.006099e-01	9.583515e-01	-9.871201e-01	1.000000e+00	-7.187069e-01	6.810232e-01	-5.962295e-02	1.093889e-01	-1.276045e-01	1.392400e-01	1.069499e-01	-8.613724e-02	1.041484e-01	-1.191937e-01	1.330850e-01	9.196478e-02	-8.250119e-02	
-1.929921e-01	9.593543e-02	-2.117016e-01	-6.466527e-02	2.137804e-01	-2.420922e-01	2.534086e-01	2.379026e-02	-1.612705e-02	-7.488475e-01	7.389829e-01	-7.187069e-01	1.000000e+00	-9.588727e-01	-4.044794e-02	1.098287e-01	-1.305714e-01	1.472233e-01	9.366001e-02	-9.107059e-02	1.003721e-01	-1.213157e-01	1.446724e-01	1.389874e-01	-1.488104e-01	
2.881094e-01	-7.740482e-02	1.392357e-01	3.133257e-02	-6.933419e-02	9.427037e-02	-9.873856e-02	-1.754289e-01	2.134222e-01	6.924108e-01	-6.903468e-01	6.810232e-01	-9.588727e-01	1.000000e+00	7.999628e-02	-1.123881e-01	1.371281e-01	-1.585344e-01	-1.182812e-01	1.230337e-01	-1.040639e-01	1.285567e-01	-1.570228e-01	-1.447564e-01	1.654678e-01	
2.777949e-01	-6.928699e-01	-4.278366e-01	5.312778e-01	-9.626791e-02	1.044765e-01	-1.056786e-01	-8.138081e-02	4.688753e-02	-2.214398e-02	3.590945e-02	-5.962295e-02	-4.044794e-02	7.999628e-02	1.000000e+00	-4.710016e-01	5.017992e-01	-4.933819e-01	-3.064285e-01	1.982208e-01	-1.367494e-01	1.667488e-01	-1.985109e-01	-1.673727e-01	1.683560e-01	
-1.844654e-01	2.247352e-01	-1.085703e-01	-1.730902e-01	1.443552e-01	-1.660284e-01	1.846375e-01	5.802999e-02	-4.379165e-02	4.930515e-02	-7.657231e-02	1.093889e-01	1.098287e-01	-1.123881e-01	-4.710016e-01	1.000000e+00	-9.883691e-01	9.484453e-01	-2.952544e-01	2.998815e-01	2.678503e-01	-3.036601e-01	3.377590e-01	1.156241e-01	-6.936225e-02	
2.372242e-01	-2.232662e-01	1.401265e-01	1.674108e-01	-1.504882e-01	1.766688e-01	-2.001938e-01	-7.511978e-02	6.559880e-02	-5.618665e-02	8.840167e-02	-1.276045e-01	-1.305714e-01	1.371281e-01	5.017992e-01	-9.883691e-01	1.000000e+00	-9.841790e-01	2.505793e-01	-2.684089e-01	-2.920918e-01	3.345267e-01	-3.759652e-01	-1.507084e-01	1.044790e-01	
-2.893702e-01	1.914664e-01	-1.735702e-01	-1.422649e-01	1.440438e-01	-1.743179e-01	2.030052e-01	9.264045e-02	-9.046840e-02	5.862324e-02	-9.475477e-02	1.392400e-01	1.472233e-01	-1.585344e-01	-4.933819e-01	9.484453e-01	-9.841790e-01	1.000000e+00	-2.402535e-01	2.728974e-01	3.045022e-01	-3.529089e-01	4.021500e-01	1.725216e-01	-1.236655e-01	
-2.912074e-01	1.151637e-01	-7.860159e-02	-5.612891e-02	6.678596e-02	-8.261770e-02	9.980339e-02	5.857410e-02	-8.498213e-02	4.633911e-02	-7.246047e-02	1.069499e-01	9.366001e-02	-1.182812e-01	-3.064285e-01	-2.952544e-01	2.505793e-01	-2.402535e-01	1.000000e+00	-9.650652e-01	1.293371e-01	-1.517322e-01	1.694522e-01	2.753469e-01	-3.562261e-01	
3.358865e-01	-1.233233e-02	8.572298e-02	-1.531062e-02	-2.953022e-02	4.457378e-02	-6.349634e-02	-4.912862e-02	9.682421e-02	-2.731097e-02	5.197861e-02	-8.613724e-02	-9.107059e-02	1.230337e-01	1.982208e-01	2.998815e-01	-2.684089e-01	2.728974e-01	-9.650652e-01	1.000000e+00	-1.066892e-01	1.270074e-01	-1.430521e-01	-2.675858e-01	3.712642e-01	
-1.289857e-01	4.157615e-02	-2.077001e-01	-5.084533e-03	1.000795e-01	-1.174126e-01	1.335195e-01	4.638979e-02	-5.670246e-02	5.794691e-02	-7.995166e-02	1.041484e-01	1.003721e-01	-1.040639e-01	-1.367494e-01	2.678503e-01	-2.920918e-01	3.045022e-01	1.293371e-01	-1.066892e-01	1.000000e+00	-9.915911e-01	9.611929e-01	-6.184217e-01	5.481953e-01	
1.799696e-01	-5.103514e-02	2.318126e-01	6.372153e-03	-1.064812e-01	1.278483e-01	-1.482423e-01	-6.067524e-02	7.355508e-02	-6.254401e-02	8.905735e-02	-1.191937e-01	-1.213157e-01	1.285567e-01	1.667488e-01	-3.036601e-01	3.345267e-01	-3.529089e-01	-1.517322e-01	1.270074e-01	-9.915911e-01	1.000000e+00	-9.882998e-01	5.948400e-01	-5.297314e-01	
-2.447401e-01	6.075495e-02	-2.493733e-01	-9.006786e-03	1.101939e-01	-1.359114e-01	1.612085e-01	7.727741e-02	-9.365780e-02	6.496589e-02	-9.628555e-02	1.330850e-01	1.446724e-01	-1.570228e-01	-1.985109e-01	3.377590e-01	-3.759652e-01	4.021500e-01	1.694522e-01	-1.430521e-01	9.611929e-01	-9.882998e-01	1.000000e+00	-5.592699e-01	5.033656e-01	
-2.827514e-01	9.689352e-02	-1.455468e-01	-4.223399e-02	9.965215e-02	-1.198745e-01	1.408020e-01	5.130275e-02	-5.608530e-02	2.619709e-02	-5.526379e-02	9.196478e-02	1.389874e-01	-1.447564e-01	-1.673727e-01	1.156241e-01	-1.507084e-01	1.725216e-01	2.753469e-01	-2.675858e-01	-6.184217e-01	5.948400e-01	-5.592699e-01	1.000000e+00	-9.763854e-01	
3.537810e-01	-7.786054e-02	1.231454e-01	3.100049e-02	-7.926800e-02	1.004873e-01	-1.239812e-01	-5.563461e-02	7.527565e-02	-1.332545e-02	4.311402e-02	-8.250119e-02	-1.488104e-01	1.654678e-01	1.683560e-01	-6.936225e-02	1.044790e-01	-1.236655e-01	-3.562261e-01	3.712642e-01	5.481953e-01	-5.297314e-01	5.033656e-01	-9.763854e-01	1.000000e+00	

Time taken for mcmc chain: 1.357500 hours
