Number of steps: 41500248
Number of accepted steps: 960000
Burn-in number of steps: 320000
Accepted fraction of steps: 0.023132
Convergence Status
R[0]= 1.000464	R[1]= 1.000182	R[2]= 1.001268	R[3]= 1.001039	R[4]= 1.000455	R[5]= 1.000402	R[6]= 1.000346	R[7]= 1.000120	R[8]= 1.000098	R[9]= 1.000163	R[10]= 1.000189	R[11]= 1.000290	R[12]= 1.000208	R[13]= 1.000450	R[14]= 1.000959	R[15]= 1.000326	R[16]= 1.000361	R[17]= 1.000354	R[18]= 1.000179	R[19]= 1.000218	R[20]= 1.000238	R[21]= 1.000412	R[22]= 1.000662	R[23]= 1.000035	R[24]= 1.000118	
<R>= 1.000381

Mean parameters
A[0]= 9.250157e-01 pm 3.533956e-02
A[1]= 1.048418e+00 pm 3.030933e-02
A[2]= 6.347378e-01 pm 4.435202e-01
A[3]= 3.575626e+00 pm 1.205652e+00
A[4]= -3.932791e+03 pm 3.809455e+03
A[5]= 1.976628e+03 pm 2.507239e+03
A[6]= -2.352926e+01 pm 5.893080e+02
A[7]= 1.652041e+01 pm 1.328425e+01
A[8]= -2.616718e-01 pm 1.812953e-01
A[9]= -3.888995e+03 pm 8.378231e+03
A[10]= 1.657536e+03 pm 5.043272e+03
A[11]= -4.273637e+02 pm 1.063615e+03
A[12]= 1.943463e+01 pm 4.834424e+01
A[13]= -5.563537e-01 pm 9.344210e-01
A[14]= 5.057125e+00 pm 1.617798e+00
A[15]= -6.704130e+03 pm 5.244961e+03
A[16]= 4.884867e+03 pm 3.453152e+03
A[17]= -8.580975e+02 pm 8.115735e+02
A[18]= 2.248382e+00 pm 1.916544e+01
A[19]= 1.434770e-01 pm 2.634811e-01
A[20]= 5.878087e+03 pm 1.171662e+04
A[21]= -3.328534e+03 pm 7.121090e+03
A[22]= 2.310289e+02 pm 1.519467e+03
A[23]= -4.794640e+01 pm 6.733625e+01
A[24]= 6.716008e-01 pm 1.321959e+00

Best-fitting parameters
A[0]= 9.055114e-01
A[1]= 1.060997e+00
A[2]= 9.209593e-01
A[3]= 2.817029e+00
A[4]= -3.440629e+03
A[5]= 1.804226e+03
A[6]= 1.143097e+00
A[7]= 1.559551e+01
A[8]= -2.438477e-01
A[9]= -7.369839e+03
A[10]= 3.673613e+03
A[11]= -8.391869e+02
A[12]= 2.267579e+00
A[13]= -6.963579e-02
A[14]= 4.115589e+00
A[15]= -6.467204e+03
A[16]= 4.573375e+03
A[17]= -7.581791e+02
A[18]= -9.033494e+00
A[19]= 2.937844e-01
A[20]= -4.338559e+03
A[21]= 2.592081e+03
A[22]= -8.883383e+02
A[23]= -4.207521e+01
A[24]= 9.713172e-01
chi2_min= 8.920928e+01


Cross-Covariance parameters
1.000000e+00	-5.185387e-01	-1.369535e-01	8.784659e-02	-2.603778e-03	4.766762e-03	-1.389607e-02	8.585042e-02	-6.523574e-02	-3.018493e-02	4.599242e-02	-8.127924e-02	1.456366e-01	-1.145865e-01	4.295243e-02	8.029981e-02	-8.340028e-02	7.697161e-02	5.189380e-02	-6.529573e-02	1.237949e-02	-4.150477e-04	-3.376178e-02	1.346603e-01	-1.097572e-01	
-5.185387e-01	1.000000e+00	1.866307e-01	-1.718817e-01	-1.322280e-02	1.955448e-02	-3.304100e-02	1.143357e-01	-1.102151e-01	2.026682e-02	-2.667643e-02	4.246734e-02	-1.107038e-01	6.121744e-02	-2.198305e-01	-1.239673e-02	1.442798e-02	-2.222691e-02	1.432270e-01	-1.381380e-01	-2.415364e-02	1.781719e-02	3.683193e-03	-7.542439e-02	4.210118e-02	
-1.369535e-01	1.866307e-01	1.000000e+00	-7.062698e-01	3.202723e-02	-3.035290e-02	3.518996e-02	-7.924812e-02	5.682619e-02	-3.850188e-01	4.989532e-01	-6.314304e-01	-1.011003e-01	2.433211e-01	-6.509584e-01	-1.157956e-01	1.306226e-01	-1.347942e-01	-4.005054e-02	7.691145e-02	-4.231760e-01	5.402406e-01	-6.733272e-01	-1.556781e-01	3.088214e-01	
8.784659e-02	-1.718817e-01	-7.062698e-01	1.000000e+00	-5.430430e-01	5.973559e-01	-6.382528e-01	1.859194e-01	9.862911e-02	2.088427e-01	-2.704403e-01	3.479142e-01	1.242146e-02	-7.230525e-02	4.728688e-01	9.153321e-02	-1.023791e-01	1.060233e-01	1.442612e-02	-4.584378e-02	3.037252e-01	-3.884093e-01	4.847475e-01	1.124616e-01	-2.215813e-01	
-2.603778e-03	-1.322280e-02	3.202723e-02	-5.430430e-01	1.000000e+00	-9.850033e-01	9.432369e-01	-6.587504e-01	2.704756e-01	5.572734e-02	-9.057723e-02	1.271540e-01	1.054643e-01	-9.404822e-02	-3.474111e-04	-5.636272e-03	5.767227e-03	-5.266102e-03	-6.850497e-03	6.478710e-03	-6.044105e-03	9.546900e-03	-1.360727e-02	5.059604e-04	2.826672e-03	
4.766762e-03	1.955448e-02	-3.035290e-02	5.973559e-01	-9.850033e-01	1.000000e+00	-9.859097e-01	6.057149e-01	-2.005175e-01	-6.535462e-02	1.035398e-01	-1.437252e-01	-1.163076e-01	1.174646e-01	-2.413724e-03	5.602596e-03	-5.594525e-03	4.850444e-03	9.610722e-03	-9.331558e-03	5.952903e-03	-9.162659e-03	1.287820e-02	-1.356816e-03	-1.882713e-03	
-1.389607e-02	-3.304100e-02	3.518996e-02	-6.382528e-01	9.432369e-01	-9.859097e-01	1.000000e+00	-5.418328e-01	1.352606e-01	7.586678e-02	-1.150318e-01	1.559741e-01	1.139195e-01	-1.241796e-01	2.697091e-03	-7.579878e-03	7.597583e-03	-6.459170e-03	-1.572760e-02	1.609705e-02	-9.330710e-03	1.308608e-02	-1.733886e-02	2.200402e-04	4.372519e-03	
8.585042e-02	1.143357e-01	-7.924812e-02	1.859194e-01	-6.587504e-01	6.057149e-01	-5.418328e-01	1.000000e+00	-8.831121e-01	1.118441e-01	-9.581053e-02	6.767805e-02	-5.887691e-02	-1.010123e-01	1.113001e-02	2.488732e-02	-2.700544e-02	2.467450e-02	5.185569e-02	-5.445378e-02	3.687490e-02	-4.672742e-02	5.726791e-02	2.058353e-02	-3.777139e-02	
-6.523574e-02	-1.102151e-01	5.682619e-02	9.862911e-02	2.704756e-01	-2.005175e-01	1.352606e-01	-8.831121e-01	1.000000e+00	-1.629811e-01	1.615316e-01	-1.456192e-01	1.893375e-02	1.884342e-01	-6.209705e-03	-2.053023e-02	2.303444e-02	-2.176056e-02	-4.550241e-02	4.756705e-02	-3.280499e-02	4.054102e-02	-4.895416e-02	-1.611845e-02	3.118094e-02	
-3.018493e-02	2.026682e-02	-3.850188e-01	2.088427e-01	5.572734e-02	-6.535462e-02	7.586678e-02	1.118441e-01	-1.629811e-01	1.000000e+00	-9.832368e-01	9.160906e-01	-7.553014e-01	5.658020e-01	2.594360e-01	4.493397e-02	-5.154930e-02	5.381130e-02	1.989181e-02	-3.266373e-02	1.706692e-01	-2.212393e-01	2.811772e-01	6.132574e-02	-1.273121e-01	
4.599242e-02	-2.667643e-02	4.989532e-01	-2.704403e-01	-9.057723e-02	1.035398e-01	-1.150318e-01	-9.581053e-02	1.615316e-01	-9.832368e-01	1.000000e+00	-9.730428e-01	7.049484e-01	-5.071856e-01	-3.367635e-01	-5.723352e-02	6.554906e-02	-6.837468e-02	-2.553141e-02	4.260725e-02	-2.221899e-01	2.877444e-01	-3.655238e-01	-7.692003e-02	1.630534e-01	
-8.127924e-02	4.246734e-02	-6.314304e-01	3.479142e-01	1.271540e-01	-1.437252e-01	1.559741e-01	6.767805e-02	-1.456192e-01	9.160906e-01	-9.730428e-01	1.000000e+00	-5.946449e-01	3.955309e-01	4.268558e-01	7.098862e-02	-8.125147e-02	8.481425e-02	3.087227e-02	-5.332873e-02	2.834260e-01	-3.668077e-01	4.661078e-01	9.242605e-02	-2.029875e-01	
1.456366e-01	-1.107038e-01	-1.011003e-01	1.242146e-02	1.054643e-01	-1.163076e-01	1.139195e-01	-5.887691e-02	1.893375e-02	-7.553014e-01	7.049484e-01	-5.946449e-01	1.000000e+00	-9.474177e-01	6.188798e-02	2.799124e-02	-2.961366e-02	2.890182e-02	3.572859e-03	-1.557648e-02	4.409080e-02	-5.134715e-02	5.626529e-02	2.890284e-02	-4.155093e-02	
-1.145865e-01	6.121744e-02	2.433211e-01	-7.230525e-02	-9.404822e-02	1.174646e-01	-1.241796e-01	-1.010123e-01	1.884342e-01	5.658020e-01	-5.071856e-01	3.955309e-01	-9.474177e-01	1.000000e+00	-1.515427e-01	-4.658960e-02	5.092591e-02	-5.085358e-02	-1.771039e-02	3.534334e-02	-1.104989e-01	1.375663e-01	-1.665277e-01	-4.896127e-02	8.922511e-02	
4.295243e-02	-2.198305e-01	-6.509584e-01	4.728688e-01	-3.474111e-04	-2.413724e-03	2.697091e-03	1.113001e-02	-6.209705e-03	2.594360e-01	-3.367635e-01	4.268558e-01	6.188798e-02	-1.515427e-01	1.000000e+00	-4.671517e-01	5.230254e-01	-5.662683e-01	5.392873e-02	1.896930e-01	1.829054e-01	-2.405163e-01	3.148629e-01	3.979411e-02	-9.370981e-02	
8.029981e-02	-1.239673e-02	-1.157956e-01	9.153321e-02	-5.636272e-03	5.602596e-03	-7.579878e-03	2.488732e-02	-2.053023e-02	4.493397e-02	-5.723352e-02	7.098862e-02	2.799124e-02	-4.658960e-02	-4.671517e-01	1.000000e+00	-9.836092e-01	9.375057e-01	-5.735119e-01	1.992863e-01	1.947363e-01	-2.324770e-01	2.636208e-01	5.659825e-02	-9.870803e-02	
-8.340028e-02	1.442798e-02	1.306226e-01	-1.023791e-01	5.767227e-03	-5.594525e-03	7.597583e-03	-2.700544e-02	2.303444e-02	-5.154930e-02	6.554906e-02	-8.125147e-02	-2.961366e-02	5.092591e-02	5.230254e-01	-9.836092e-01	1.000000e+00	-9.843993e-01	5.003366e-01	-1.110991e-01	-2.073092e-01	2.509972e-01	-2.882534e-01	-7.586078e-02	1.293822e-01	
7.697161e-02	-2.222691e-02	-1.347942e-01	1.060233e-01	-5.266102e-03	4.850444e-03	-6.459170e-03	2.467450e-02	-2.176056e-02	5.381130e-02	-6.837468e-02	8.481425e-02	2.890182e-02	-5.085358e-02	-5.662683e-01	9.375057e-01	-9.843993e-01	1.000000e+00	-4.165328e-01	2.705833e-02	2.112825e-01	-2.588076e-01	3.003320e-01	8.852613e-02	-1.493973e-01	
5.189380e-02	1.432270e-01	-4.005054e-02	1.442612e-02	-6.850497e-03	9.610722e-03	-1.572760e-02	5.185569e-02	-4.550241e-02	1.989181e-02	-2.553141e-02	3.087227e-02	3.572859e-03	-1.771039e-02	5.392873e-02	-5.735119e-01	5.003366e-01	-4.165328e-01	1.000000e+00	-9.015945e-01	-1.196574e-02	1.302376e-02	-1.320774e-02	8.263465e-02	-1.618281e-01	
-6.529573e-02	-1.381380e-01	7.691145e-02	-4.584378e-02	6.478710e-03	-9.331558e-03	1.609705e-02	-5.445378e-02	4.756705e-02	-3.266373e-02	4.260725e-02	-5.332873e-02	-1.557648e-02	3.534334e-02	1.896930e-01	1.992863e-01	-1.110991e-01	2.705833e-02	-9.015945e-01	1.000000e+00	-7.086344e-02	8.577017e-02	-9.777341e-02	-1.226406e-01	2.424592e-01	
1.237949e-02	-2.415364e-02	-4.231760e-01	3.037252e-01	-6.044105e-03	5.952903e-03	-9.330710e-03	3.687490e-02	-3.280499e-02	1.706692e-01	-2.221899e-01	2.834260e-01	4.409080e-02	-1.104989e-01	1.829054e-01	1.947363e-01	-2.073092e-01	2.112825e-01	-1.196574e-02	-7.086344e-02	1.000000e+00	-9.833380e-01	9.170943e-01	-7.054296e-01	5.246345e-01	
-4.150477e-04	1.781719e-02	5.402406e-01	-3.884093e-01	9.546900e-03	-9.162659e-03	1.308608e-02	-4.672742e-02	4.054102e-02	-2.212393e-01	2.877444e-01	-3.668077e-01	-5.134715e-02	1.375663e-01	-2.405163e-01	-2.324770e-01	2.509972e-01	-2.588076e-01	1.302376e-02	8.577017e-02	-9.833380e-01	1.000000e+00	-9.735136e-01	6.415819e-01	-4.495833e-01	
-3.376178e-02	3.683193e-03	-6.733272e-01	4.847475e-01	-1.360727e-02	1.287820e-02	-1.733886e-02	5.726791e-02	-4.895416e-02	2.811772e-01	-3.655238e-01	4.661078e-01	5.626529e-02	-1.665277e-01	3.148629e-01	2.636208e-01	-2.882534e-01	3.003320e-01	-1.320774e-02	-9.777341e-02	9.170943e-01	-9.735136e-01	1.000000e+00	-5.196431e-01	3.222542e-01	
1.346603e-01	-7.542439e-02	-1.556781e-01	1.124616e-01	5.059604e-04	-1.356816e-03	2.200402e-04	2.058353e-02	-1.611845e-02	6.132574e-02	-7.692003e-02	9.242605e-02	2.890284e-02	-4.896127e-02	3.979411e-02	5.659825e-02	-7.586078e-02	8.852613e-02	8.263465e-02	-1.226406e-01	-7.054296e-01	6.415819e-01	-5.196431e-01	1.000000e+00	-9.611517e-01	
-1.097572e-01	4.210118e-02	3.088214e-01	-2.215813e-01	2.826672e-03	-1.882713e-03	4.372519e-03	-3.777139e-02	3.118094e-02	-1.273121e-01	1.630534e-01	-2.029875e-01	-4.155093e-02	8.922511e-02	-9.370981e-02	-9.870803e-02	1.293822e-01	-1.493973e-01	-1.618281e-01	2.424592e-01	5.246345e-01	-4.495833e-01	3.222542e-01	-9.611517e-01	1.000000e+00	

Time taken for mcmc chain: 4.182500 hours
