Number of steps: 15819403
Number of accepted steps: 960000
Burn-in number of steps: 320000
Accepted fraction of steps: 0.060685
Convergence Status
R[0]= 1.001353	R[1]= 1.001784	R[2]= 1.042411	R[3]= 1.009507	R[4]= 1.004423	R[5]= 1.005734	R[6]= 1.006267	R[7]= 1.000626	R[8]= 1.002287	R[9]= 1.014127	R[10]= 1.023577	R[11]= 1.034908	R[12]= 1.001390	R[13]= 1.001628	R[14]= 1.025684	R[15]= 1.001510	R[16]= 1.001754	R[17]= 1.001835	R[18]= 1.003259	R[19]= 1.002474	R[20]= 1.009186	R[21]= 1.014189	R[22]= 1.019986	R[23]= 1.000697	R[24]= 1.001862	
<R>= 1.009298

Mean parameters
A[0]= 7.425569e-01 pm 2.588314e-02
A[1]= 8.441755e-01 pm 2.442276e-02
A[2]= 6.816636e-01 pm 5.087842e-01
A[3]= 3.658943e+00 pm 1.392811e+00
A[4]= -2.207287e+03 pm 3.914203e+03
A[5]= 1.869187e+03 pm 2.881125e+03
A[6]= -4.540252e+02 pm 8.086969e+02
A[7]= 3.725884e+01 pm 1.568078e+01
A[8]= -3.783616e-01 pm 1.792862e-01
A[9]= -5.020960e+03 pm 8.768784e+03
A[10]= 2.901351e+03 pm 5.653661e+03
A[11]= -9.118268e+02 pm 1.383943e+03
A[12]= 3.783521e+01 pm 4.801568e+01
A[13]= -7.680206e-01 pm 9.198031e-01
A[14]= 6.232153e+00 pm 2.111743e+00
A[15]= -8.087256e+03 pm 5.609312e+03
A[16]= 7.708234e+03 pm 4.120387e+03
A[17]= -2.318041e+03 pm 1.156187e+03
A[18]= 4.445964e+01 pm 2.232736e+01
A[19]= -5.608108e-02 pm 2.626590e-01
A[20]= 4.022536e+03 pm 1.258229e+04
A[21]= -9.594401e+02 pm 8.435959e+03
A[22]= -7.191085e+02 pm 2.168155e+03
A[23]= -2.979093e+01 pm 6.696967e+01
A[24]= 6.427236e-01 pm 1.315960e+00

Best-fitting parameters
A[0]= 7.547311e-01
A[1]= 8.456240e-01
A[2]= 1.986178e-01
A[3]= 5.018585e+00
A[4]= -2.455478e+03
A[5]= 2.165305e+03
A[6]= -5.920726e+02
A[7]= 3.990105e+01
A[8]= -3.809033e-01
A[9]= -4.166651e+03
A[10]= 1.120402e+03
A[11]= -1.215223e+02
A[12]= 5.033126e+01
A[13]= -1.275900e+00
A[14]= 8.425993e+00
A[15]= -9.814549e+03
A[16]= 8.741529e+03
A[17]= -2.574632e+03
A[18]= 5.267072e+01
A[19]= -1.189895e-01
A[20]= 6.070269e+03
A[21]= -4.459951e+03
A[22]= 7.468929e+02
A[23]= -1.680550e+01
A[24]= 2.079888e-03
chi2_min= 9.502622e+01


Cross-Covariance parameters
1.000000e+00	-4.316121e-01	-2.401044e-01	1.195828e-01	8.241636e-02	-8.568499e-02	7.647204e-02	1.233578e-02	-6.497396e-02	8.035921e-02	-9.722078e-02	9.583746e-02	1.103826e-01	-1.482371e-01	8.970350e-02	1.461588e-01	-1.511352e-01	1.410167e-01	-6.564181e-03	-8.599109e-02	1.191416e-01	-1.325182e-01	1.208393e-01	1.200744e-01	-1.653262e-01	
-4.316121e-01	1.000000e+00	2.115321e-01	-1.575893e-01	-5.836238e-02	7.112308e-02	-8.785527e-02	1.409311e-01	-1.021772e-01	-4.341975e-02	5.966511e-02	-6.718629e-02	-8.359722e-02	8.442292e-02	-2.403942e-01	2.137738e-03	-3.922535e-03	-3.827567e-03	1.455163e-01	-1.777901e-01	-7.518277e-02	7.550912e-02	-5.895681e-02	-4.341330e-02	3.974668e-02	
-2.401044e-01	2.115321e-01	1.000000e+00	-6.479477e-01	-4.248675e-02	6.696948e-02	-7.564981e-02	-6.415104e-02	1.419507e-01	-4.385543e-01	5.931529e-01	-7.481693e-01	9.285051e-02	2.199241e-01	-6.924939e-01	-1.276095e-01	1.363595e-01	-1.312140e-01	-3.066235e-02	1.261727e-01	-4.947767e-01	6.478440e-01	-7.871192e-01	6.542698e-02	2.877183e-01	
1.195828e-01	-1.575893e-01	-6.479477e-01	1.000000e+00	-5.525794e-01	6.071691e-01	-6.409647e-01	4.561071e-01	-4.458089e-02	1.772994e-01	-2.484121e-01	3.304672e-01	-7.208298e-02	-5.568148e-02	4.711580e-01	8.048379e-02	-8.895058e-02	8.875053e-02	8.595291e-03	-7.110379e-02	3.380215e-01	-4.410795e-01	5.343482e-01	-5.781174e-02	-1.798299e-01	
8.241636e-02	-5.836238e-02	-4.248675e-02	-5.525794e-01	1.000000e+00	-9.771475e-01	9.222955e-01	-8.463119e-01	3.281031e-01	1.479001e-01	-2.044874e-01	2.513204e-01	1.988448e-02	-8.031266e-02	2.554658e-02	1.264918e-02	-1.403730e-02	1.408698e-02	3.323002e-03	-1.624859e-02	2.024315e-02	-2.385979e-02	2.615995e-02	1.014358e-02	-2.179639e-02	
-8.568499e-02	7.112308e-02	6.696948e-02	6.071691e-01	-9.771475e-01	1.000000e+00	-9.829090e-01	8.104145e-01	-2.299129e-01	-1.782575e-01	2.440113e-01	-2.987596e-01	-1.860706e-02	1.115438e-01	-4.335501e-02	-1.624276e-02	1.744944e-02	-1.728630e-02	-1.742236e-03	1.640617e-02	-3.431749e-02	4.103694e-02	-4.599055e-02	-5.973588e-03	2.599493e-02	
7.647204e-02	-8.785527e-02	-7.564981e-02	-6.409647e-01	9.222955e-01	-9.829090e-01	1.000000e+00	-7.497382e-01	1.375543e-01	1.989956e-01	-2.679115e-01	3.246036e-01	1.095302e-02	-1.252184e-01	5.286763e-02	1.532940e-02	-1.612674e-02	1.607445e-02	-2.230977e-03	-1.056727e-02	3.988862e-02	-4.732122e-02	5.281977e-02	1.623201e-03	-2.396607e-02	
1.233578e-02	1.409311e-01	-6.415104e-02	4.561071e-01	-8.463119e-01	8.104145e-01	-7.497382e-01	1.000000e+00	-7.411752e-01	6.809718e-04	3.344913e-02	-6.863159e-02	-3.901857e-02	-4.887329e-02	3.129567e-02	1.425516e-02	-1.427922e-02	1.038243e-02	3.202935e-02	-4.215624e-02	4.114356e-02	-5.542106e-02	6.880678e-02	-1.559340e-02	-1.718203e-02	
-6.497396e-02	-1.021772e-01	1.419507e-01	-4.458089e-02	3.281031e-01	-2.299129e-01	1.375543e-01	-7.411752e-01	1.000000e+00	-1.825404e-01	1.949826e-01	-1.931818e-01	4.638457e-02	2.037276e-01	-8.625903e-02	-2.414414e-02	2.490420e-02	-2.057014e-02	-4.161710e-02	6.095219e-02	-8.352304e-02	1.073308e-01	-1.289586e-01	2.092806e-02	3.763549e-02	
8.035921e-02	-4.341975e-02	-4.385543e-01	1.772994e-01	1.479001e-01	-1.782575e-01	1.989956e-01	6.809718e-04	-1.825404e-01	1.000000e+00	-9.724658e-01	8.695224e-01	-8.243351e-01	5.407156e-01	3.141667e-01	5.672227e-02	-6.097561e-02	5.789829e-02	2.487703e-02	-7.048524e-02	2.346892e-01	-3.047816e-01	3.683500e-01	-4.563390e-02	-1.198662e-01	
-9.722078e-02	5.966511e-02	5.931529e-01	-2.484121e-01	-2.044874e-01	2.440113e-01	-2.679115e-01	3.344913e-02	1.949826e-01	-9.724658e-01	1.000000e+00	-9.597690e-01	7.577836e-01	-4.318601e-01	-4.233217e-01	-7.549591e-02	8.143147e-02	-7.796919e-02	-3.192845e-02	9.323992e-02	-3.150277e-01	4.096610e-01	-4.961962e-01	6.109463e-02	1.623863e-01	
9.583746e-02	-6.718629e-02	-7.481693e-01	3.304672e-01	2.513204e-01	-2.987596e-01	3.246036e-01	-6.863159e-02	-1.931818e-01	8.695224e-01	-9.597690e-01	1.000000e+00	-6.084843e-01	2.520616e-01	5.329905e-01	9.328200e-02	-1.010922e-01	9.762457e-02	3.837474e-02	-1.150207e-01	3.957779e-01	-5.155875e-01	6.262197e-01	-7.912943e-02	-2.034792e-01	
1.103826e-01	-8.359722e-02	9.285051e-02	-7.208298e-02	1.988448e-02	-1.860706e-02	1.095302e-02	-3.901857e-02	4.638457e-02	-8.243351e-01	7.577836e-01	-6.084843e-01	1.000000e+00	-8.981240e-01	-7.809435e-02	3.693258e-03	-5.046684e-03	7.066206e-03	-1.795135e-02	1.745001e-02	-5.222816e-02	7.137743e-02	-9.197838e-02	3.125566e-02	1.310379e-02	
-1.482371e-01	8.442292e-02	2.199241e-01	-5.568148e-02	-8.031266e-02	1.115438e-01	-1.252184e-01	-4.887329e-02	2.037276e-01	5.407156e-01	-4.318601e-01	2.520616e-01	-8.981240e-01	1.000000e+00	-1.412230e-01	-4.349368e-02	4.870812e-02	-4.934317e-02	-4.472436e-03	3.853476e-02	-1.153653e-01	1.470146e-01	-1.735671e-01	3.869090e-03	7.222051e-02	
8.970350e-02	-2.403942e-01	-6.924939e-01	4.711580e-01	2.554658e-02	-4.335501e-02	5.286763e-02	3.129567e-02	-8.625903e-02	3.141667e-01	-4.233217e-01	5.329905e-01	-7.809435e-02	-1.412230e-01	1.000000e+00	-4.462320e-01	5.099794e-01	-5.531779e-01	3.392569e-01	3.384993e-02	2.313216e-01	-3.136223e-01	3.992321e-01	-7.309943e-02	-9.243120e-02	
1.461588e-01	2.137738e-03	-1.276095e-01	8.048379e-02	1.264918e-02	-1.624276e-02	1.532940e-02	1.425516e-02	-2.414414e-02	5.672227e-02	-7.549591e-02	9.328200e-02	3.693258e-03	-4.349368e-02	-4.462320e-01	1.000000e+00	-9.763148e-01	9.180932e-01	-8.045150e-01	2.744488e-01	2.584644e-01	-3.099404e-01	3.396539e-01	-2.851958e-02	-1.016051e-01	
-1.511352e-01	-3.922535e-03	1.363595e-01	-8.895058e-02	-1.403730e-02	1.744944e-02	-1.612674e-02	-1.427922e-02	2.490420e-02	-6.097561e-02	8.143147e-02	-1.010922e-01	-5.046684e-03	4.870812e-02	5.099794e-01	-9.763148e-01	1.000000e+00	-9.816399e-01	7.524895e-01	-1.601911e-01	-2.802511e-01	3.398372e-01	-3.759758e-01	1.915127e-02	1.356272e-01	
1.410167e-01	-3.827567e-03	-1.312140e-01	8.875053e-02	1.408698e-02	-1.728630e-02	1.607445e-02	1.038243e-02	-2.057014e-02	5.789829e-02	-7.796919e-02	9.762457e-02	7.066206e-03	-4.934317e-02	-5.531779e-01	9.180932e-01	-9.816399e-01	1.000000e+00	-6.774962e-01	5.357341e-02	2.857924e-01	-3.489548e-01	3.881699e-01	-1.208370e-02	-1.553144e-01	
-6.564181e-03	1.455163e-01	-3.066235e-02	8.595291e-03	3.323002e-03	-1.742236e-03	-2.230977e-03	3.202935e-02	-4.161710e-02	2.487703e-02	-3.192845e-02	3.837474e-02	-1.795135e-02	-4.472436e-03	3.392569e-01	-8.045150e-01	7.524895e-01	-6.774962e-01	1.000000e+00	-7.569474e-01	-9.631907e-02	1.123033e-01	-1.157482e-01	5.889648e-02	-7.721836e-02	
-8.599109e-02	-1.777901e-01	1.261727e-01	-7.110379e-02	-1.624859e-02	1.640617e-02	-1.056727e-02	-4.215624e-02	6.095219e-02	-7.048524e-02	9.323992e-02	-1.150207e-01	1.745001e-02	3.853476e-02	3.384993e-02	2.744488e-01	-1.601911e-01	5.357341e-02	-7.569474e-01	1.000000e+00	-1.070169e-01	1.332184e-01	-1.553844e-01	-6.871127e-02	2.376882e-01	
1.191416e-01	-7.518277e-02	-4.947767e-01	3.380215e-01	2.024315e-02	-3.431749e-02	3.988862e-02	4.114356e-02	-8.352304e-02	2.346892e-01	-3.150277e-01	3.957779e-01	-5.222816e-02	-1.153653e-01	2.313216e-01	2.584644e-01	-2.802511e-01	2.857924e-01	-9.631907e-02	-1.070169e-01	1.000000e+00	-9.718349e-01	8.738522e-01	-7.831323e-01	4.666775e-01	
-1.325182e-01	7.550912e-02	6.478440e-01	-4.410795e-01	-2.385979e-02	4.103694e-02	-4.732122e-02	-5.542106e-02	1.073308e-01	-3.047816e-01	4.096610e-01	-5.155875e-01	7.137743e-02	1.470146e-01	-3.136223e-01	-3.099404e-01	3.398372e-01	-3.489548e-01	1.123033e-01	1.332184e-01	-9.718349e-01	1.000000e+00	-9.629922e-01	6.947561e-01	-3.298948e-01	
1.208393e-01	-5.895681e-02	-7.871192e-01	5.343482e-01	2.615995e-02	-4.599055e-02	5.281977e-02	6.880678e-02	-1.289586e-01	3.683500e-01	-4.961962e-01	6.262197e-01	-9.197838e-02	-1.735671e-01	3.992321e-01	3.396539e-01	-3.759758e-01	3.881699e-01	-1.157482e-01	-1.553844e-01	8.738522e-01	-9.629922e-01	1.000000e+00	-5.348162e-01	1.368887e-01	
1.200744e-01	-4.341330e-02	6.542698e-02	-5.781174e-02	1.014358e-02	-5.973588e-03	1.623201e-03	-1.559340e-02	2.092806e-02	-4.563390e-02	6.109463e-02	-7.912943e-02	3.125566e-02	3.869090e-03	-7.309943e-02	-2.851958e-02	1.915127e-02	-1.208370e-02	5.889648e-02	-6.871127e-02	-7.831323e-01	6.947561e-01	-5.348162e-01	1.000000e+00	-8.969814e-01	
-1.653262e-01	3.974668e-02	2.877183e-01	-1.798299e-01	-2.179639e-02	2.599493e-02	-2.396607e-02	-1.718203e-02	3.763549e-02	-1.198662e-01	1.623863e-01	-2.034792e-01	1.310379e-02	7.222051e-02	-9.243120e-02	-1.016051e-01	1.356272e-01	-1.553144e-01	-7.721836e-02	2.376882e-01	4.666775e-01	-3.298948e-01	1.368887e-01	-8.969814e-01	1.000000e+00	

Time taken for mcmc chain: 1.549722 hours
