Number of steps: 22128286
Number of accepted steps: 960000
Burn-in number of steps: 320000
Accepted fraction of steps: 0.043383
Convergence Status
R[0]= 1.000668	R[1]= 1.002378	R[2]= 1.001694	R[3]= 1.001508	R[4]= 1.000074	R[5]= 1.000116	R[6]= 1.000161	R[7]= 1.000402	R[8]= 1.000844	R[9]= 1.000554	R[10]= 1.000610	R[11]= 1.000857	R[12]= 1.000819	R[13]= 1.001307	R[14]= 1.001561	R[15]= 1.000546	R[16]= 1.000634	R[17]= 1.000683	R[18]= 1.000291	R[19]= 1.000232	R[20]= 1.000479	R[21]= 1.000602	R[22]= 1.000725	R[23]= 1.000007	R[24]= 1.000068	
<R>= 1.000713

Mean parameters
A[0]= 8.661176e-01 pm 3.295337e-02
A[1]= 9.858798e-01 pm 2.815424e-02
A[2]= 6.740521e-01 pm 4.455298e-01
A[3]= 3.551236e+00 pm 1.220333e+00
A[4]= -4.030925e+03 pm 3.892295e+03
A[5]= 2.325043e+03 pm 2.633223e+03
A[6]= -2.237222e+02 pm 6.472350e+02
A[7]= 2.359725e+01 pm 1.356855e+01
A[8]= -2.962770e-01 pm 1.780860e-01
A[9]= -4.534697e+03 pm 8.500161e+03
A[10]= 2.256492e+03 pm 5.201802e+03
A[11]= -6.253458e+02 pm 1.141222e+03
A[12]= 2.270432e+01 pm 4.832825e+01
A[13]= -5.623784e-01 pm 9.403750e-01
A[14]= 5.293244e+00 pm 1.667148e+00
A[15]= -7.818270e+03 pm 5.429903e+03
A[16]= 6.107619e+03 pm 3.683033e+03
A[17]= -1.333674e+03 pm 9.079457e+02
A[18]= 1.347470e+01 pm 1.951589e+01
A[19]= 1.062406e-01 pm 2.621352e-01
A[20]= 4.762233e+03 pm 1.202382e+04
A[21]= -2.263158e+03 pm 7.492233e+03
A[22]= -1.190125e+02 pm 1.677882e+03
A[23]= -4.563383e+01 pm 6.777207e+01
A[24]= 7.412483e-01 pm 1.339498e+00

Best-fitting parameters
A[0]= 8.713746e-01
A[1]= 9.854445e-01
A[2]= 6.758625e-01
A[3]= 3.326937e+00
A[4]= -3.349152e+03
A[5]= 1.924699e+03
A[6]= -1.516445e+02
A[7]= 2.327673e+01
A[8]= -3.500109e-01
A[9]= -4.737138e+03
A[10]= 2.582910e+03
A[11]= -7.660980e+02
A[12]= 2.792052e+01
A[13]= -8.030508e-01
A[14]= 4.030400e+00
A[15]= -4.771919e+03
A[16]= 3.688489e+03
A[17]= -6.640333e+02
A[18]= 1.706928e+01
A[19]= -7.466393e-02
A[20]= 1.041462e+04
A[21]= -5.650392e+03
A[22]= 5.323155e+02
A[23]= -6.372917e+01
A[24]= 9.728672e-01
chi2_min= 8.916810e+01


Cross-Covariance parameters
1.000000e+00	-5.070631e-01	-1.350828e-01	9.455013e-02	1.079714e-02	-7.951164e-03	-3.585842e-03	6.285974e-02	-4.354470e-02	-2.124573e-02	3.303679e-02	-6.482260e-02	1.462485e-01	-1.125111e-01	4.240735e-02	9.340206e-02	-9.434469e-02	8.476878e-02	5.333782e-02	-7.969119e-02	1.668859e-02	-6.807739e-03	-2.663480e-02	1.528982e-01	-1.314186e-01	
-5.070631e-01	1.000000e+00	1.549833e-01	-1.537754e-01	-3.758736e-02	4.471025e-02	-5.776907e-02	1.426513e-01	-1.336971e-01	9.124090e-03	-1.449627e-02	2.976184e-02	-1.106433e-01	6.142826e-02	-2.182833e-01	5.030018e-03	-4.531604e-03	-3.081315e-03	1.267942e-01	-1.313838e-01	3.320409e-03	-8.750012e-03	2.865296e-02	-9.596547e-02	5.798643e-02	
-1.350828e-01	1.549833e-01	1.000000e+00	-6.918920e-01	-1.780097e-02	2.237601e-02	-1.795197e-02	-7.082397e-02	7.674892e-02	-3.991568e-01	5.286376e-01	-6.752199e-01	-7.196850e-02	2.602186e-01	-6.595844e-01	-1.411117e-01	1.525532e-01	-1.516087e-01	-2.340991e-02	8.768766e-02	-4.449925e-01	5.717130e-01	-7.095004e-01	-1.002426e-01	2.995699e-01	
9.455013e-02	-1.537754e-01	-6.918920e-01	1.000000e+00	-5.405529e-01	5.928250e-01	-6.319256e-01	2.726732e-01	6.309745e-02	2.088783e-01	-2.740456e-01	3.529013e-01	-1.916287e-02	-5.967012e-02	4.789185e-01	9.787104e-02	-1.071140e-01	1.079399e-01	-1.301903e-04	-4.412754e-02	3.124100e-01	-4.018113e-01	4.988939e-01	7.413925e-02	-2.134994e-01	
1.079714e-02	-3.758736e-02	-1.780097e-02	-5.405529e-01	1.000000e+00	-9.844083e-01	9.418983e-01	-7.199220e-01	2.681112e-01	7.792245e-02	-1.221058e-01	1.684458e-01	1.142406e-01	-1.273825e-01	5.039234e-03	1.535554e-02	-1.663863e-02	1.802978e-02	-2.773733e-03	-9.642641e-03	1.233885e-02	-1.441291e-02	1.574205e-02	2.604644e-03	-6.627184e-03	
-7.951164e-03	4.471025e-02	2.237601e-02	5.928250e-01	-9.844083e-01	1.000000e+00	-9.858282e-01	6.726673e-01	-1.950897e-01	-9.207437e-02	1.402040e-01	-1.906849e-01	-1.224309e-01	1.508818e-01	-9.809272e-03	-1.519432e-02	1.638413e-02	-1.794475e-02	3.188786e-03	9.494707e-03	-1.530090e-02	1.772538e-02	-1.953693e-02	-2.141173e-03	6.934299e-03	
-3.585842e-03	-5.776907e-02	-1.795197e-02	-6.319256e-01	9.418983e-01	-9.858282e-01	1.000000e+00	-6.108555e-01	1.252327e-01	1.056843e-01	-1.547274e-01	2.057516e-01	1.177863e-01	-1.573424e-01	1.159307e-02	1.145347e-02	-1.238397e-02	1.435165e-02	-6.845243e-03	-4.384413e-03	1.319765e-02	-1.488221e-02	1.615314e-02	-3.890349e-05	-3.183436e-03	
6.285974e-02	1.426513e-01	-7.082397e-02	2.726732e-01	-7.199220e-01	6.726673e-01	-6.108555e-01	1.000000e+00	-8.397287e-01	9.305734e-02	-7.216029e-02	3.966896e-02	-7.996380e-02	-6.339891e-02	1.751861e-02	2.467456e-02	-2.564907e-02	2.184272e-02	3.967597e-02	-4.563429e-02	3.644940e-02	-4.764692e-02	5.987533e-02	1.621875e-02	-3.686292e-02	
-4.354470e-02	-1.336971e-01	7.674892e-02	6.309745e-02	2.681112e-01	-1.950897e-01	1.252327e-01	-8.397287e-01	1.000000e+00	-1.740576e-01	1.765080e-01	-1.647246e-01	2.992374e-02	1.874630e-01	-1.867027e-02	-3.308175e-02	3.450263e-02	-3.148085e-02	-3.471699e-02	4.770534e-02	-4.344094e-02	5.609577e-02	-6.995845e-02	-1.347241e-02	3.686771e-02	
-2.124573e-02	9.124090e-03	-3.991568e-01	2.088783e-01	7.792245e-02	-9.207437e-02	1.056843e-01	9.305734e-02	-1.740576e-01	1.000000e+00	-9.806035e-01	9.027367e-01	-7.653080e-01	5.477289e-01	2.665550e-01	7.189176e-02	-7.656058e-02	7.577076e-02	-2.778668e-03	-2.941135e-02	1.973459e-01	-2.529686e-01	3.151811e-01	2.358422e-02	-1.113657e-01	
3.303679e-02	-1.449627e-02	5.286376e-01	-2.740456e-01	-1.221058e-01	1.402040e-01	-1.547274e-01	-7.216029e-02	1.765080e-01	-9.806035e-01	1.000000e+00	-9.686752e-01	7.054267e-01	-4.714990e-01	-3.510045e-01	-9.070898e-02	9.734572e-02	-9.696689e-02	-2.392479e-03	4.473536e-02	-2.591366e-01	3.324787e-01	-4.146459e-01	-3.295318e-02	1.500197e-01	
-6.482260e-02	2.976184e-02	-6.752199e-01	3.529013e-01	1.684458e-01	-1.906849e-01	2.057516e-01	3.966896e-02	-1.647246e-01	9.027367e-01	-9.686752e-01	1.000000e+00	-5.765049e-01	3.334594e-01	4.476781e-01	1.092302e-01	-1.181327e-01	1.184954e-01	8.550143e-03	-6.158402e-02	3.291979e-01	-4.230180e-01	5.287046e-01	4.140780e-02	-1.924567e-01	
1.462485e-01	-1.106433e-01	-7.196850e-02	-1.916287e-02	1.142406e-01	-1.224309e-01	1.177863e-01	-7.996380e-02	2.992374e-02	-7.653080e-01	7.054267e-01	-5.765049e-01	1.000000e+00	-9.374922e-01	4.413774e-02	8.040193e-03	-9.521673e-03	9.700086e-03	1.613555e-02	-2.129109e-02	1.870064e-02	-2.213377e-02	2.246165e-02	3.292068e-02	-3.903612e-02	
-1.125111e-01	6.142826e-02	2.602186e-01	-5.967012e-02	-1.273825e-01	1.508818e-01	-1.573424e-01	-6.339891e-02	1.874630e-01	5.477289e-01	-4.714990e-01	3.334594e-01	-9.374922e-01	1.000000e+00	-1.632568e-01	-4.051270e-02	4.439134e-02	-4.400050e-02	-2.424526e-02	4.485186e-02	-1.131702e-01	1.436440e-01	-1.748117e-01	-4.158308e-02	9.257382e-02	
4.240735e-02	-2.182833e-01	-6.595844e-01	4.789185e-01	5.039234e-03	-9.809272e-03	1.159307e-02	1.751861e-02	-1.867027e-02	2.665550e-01	-3.510045e-01	4.476781e-01	4.413774e-02	-1.632568e-01	1.000000e+00	-4.573325e-01	5.139287e-01	-5.574343e-01	1.376915e-01	1.551137e-01	1.824413e-01	-2.439605e-01	3.200852e-01	1.262802e-02	-8.599684e-02	
9.340206e-02	5.030018e-03	-1.411117e-01	9.787104e-02	1.535554e-02	-1.519432e-02	1.145347e-02	2.467456e-02	-3.308175e-02	7.189176e-02	-9.070898e-02	1.092302e-01	8.040193e-03	-4.051270e-02	-4.573325e-01	1.000000e+00	-9.826894e-01	9.354760e-01	-6.401772e-01	1.937894e-01	2.252216e-01	-2.724190e-01	3.113636e-01	5.063500e-02	-1.223513e-01	
-9.434469e-02	-4.531604e-03	1.525532e-01	-1.071140e-01	-1.663863e-02	1.638413e-02	-1.238397e-02	-2.564907e-02	3.450263e-02	-7.656058e-02	9.734572e-02	-1.181327e-01	-9.521673e-03	4.439134e-02	5.139287e-01	-9.826894e-01	1.000000e+00	-9.842859e-01	5.732611e-01	-1.015012e-01	-2.407942e-01	2.939478e-01	-3.387236e-01	-6.701682e-02	1.526297e-01	
8.476878e-02	-3.081315e-03	-1.516087e-01	1.079399e-01	1.802978e-02	-1.794475e-02	1.435165e-02	2.184272e-02	-3.148085e-02	7.577076e-02	-9.696689e-02	1.184954e-01	9.700086e-03	-4.400050e-02	-5.574343e-01	9.354760e-01	-9.842859e-01	1.000000e+00	-4.924286e-01	1.286959e-02	2.459409e-01	-3.023330e-01	3.505658e-01	7.705926e-02	-1.711192e-01	
5.333782e-02	1.267942e-01	-2.340991e-02	-1.301903e-04	-2.773733e-03	3.188786e-03	-6.845243e-03	3.967597e-02	-3.471699e-02	-2.778668e-03	-2.392479e-03	8.550143e-03	1.613555e-02	-2.424526e-02	1.376915e-01	-6.401772e-01	5.732611e-01	-4.924286e-01	1.000000e+00	-8.596197e-01	-2.883887e-02	3.839594e-02	-4.700750e-02	5.919454e-02	-1.225520e-01	
-7.969119e-02	-1.313838e-01	8.768766e-02	-4.412754e-02	-9.642641e-03	9.494707e-03	-4.384413e-03	-4.563429e-02	4.770534e-02	-2.941135e-02	4.473536e-02	-6.158402e-02	-2.129109e-02	4.485186e-02	1.551137e-01	1.937894e-01	-1.015012e-01	1.286959e-02	-8.596197e-01	1.000000e+00	-9.591503e-02	1.122377e-01	-1.242088e-01	-1.051175e-01	2.352010e-01	
1.668859e-02	3.320409e-03	-4.449925e-01	3.124100e-01	1.233885e-02	-1.530090e-02	1.319765e-02	3.644940e-02	-4.344094e-02	1.973459e-01	-2.591366e-01	3.291979e-01	1.870064e-02	-1.131702e-01	1.824413e-01	2.252216e-01	-2.407942e-01	2.459409e-01	-2.883887e-02	-9.591503e-02	1.000000e+00	-9.809189e-01	9.064564e-01	-7.180189e-01	5.031372e-01	
-6.807739e-03	-8.750012e-03	5.717130e-01	-4.018113e-01	-1.441291e-02	1.772538e-02	-1.488221e-02	-4.764692e-02	5.609577e-02	-2.529686e-01	3.324787e-01	-4.230180e-01	-2.213377e-02	1.436440e-01	-2.439605e-01	-2.724190e-01	2.939478e-01	-3.023330e-01	3.839594e-02	1.122377e-01	-9.809189e-01	1.000000e+00	-9.704343e-01	6.463100e-01	-4.130336e-01	
-2.663480e-02	2.865296e-02	-7.095004e-01	4.988939e-01	1.574205e-02	-1.953693e-02	1.615314e-02	5.987533e-02	-6.995845e-02	3.151811e-01	-4.146459e-01	5.287046e-01	2.246165e-02	-1.748117e-01	3.200852e-01	3.113636e-01	-3.387236e-01	3.505658e-01	-4.700750e-02	-1.242088e-01	9.064564e-01	-9.704343e-01	1.000000e+00	-5.111091e-01	2.661595e-01	
1.528982e-01	-9.596547e-02	-1.002426e-01	7.413925e-02	2.604644e-03	-2.141173e-03	-3.890349e-05	1.621875e-02	-1.347241e-02	2.358422e-02	-3.295318e-02	4.140780e-02	3.292068e-02	-4.158308e-02	1.262802e-02	5.063500e-02	-6.701682e-02	7.705926e-02	5.919454e-02	-1.051175e-01	-7.180189e-01	6.463100e-01	-5.111091e-01	1.000000e+00	-9.504924e-01	
-1.314186e-01	5.798643e-02	2.995699e-01	-2.134994e-01	-6.627184e-03	6.934299e-03	-3.183436e-03	-3.686292e-02	3.686771e-02	-1.113657e-01	1.500197e-01	-1.924567e-01	-3.903612e-02	9.257382e-02	-8.599684e-02	-1.223513e-01	1.526297e-01	-1.711192e-01	-1.225520e-01	2.352010e-01	5.031372e-01	-4.130336e-01	2.661595e-01	-9.504924e-01	1.000000e+00	

Time taken for mcmc chain: 1.703889 hours
