Number of steps: 2554639
Number of accepted steps: 960000
Burn-in number of steps: 320000
Accepted fraction of steps: 0.375787
Convergence Status
R[0]= 1.018981	R[1]= 1.017651	R[2]= 1.004168	R[3]= 1.005210	R[4]= 1.019998	R[5]= 1.018637	R[6]= 1.016250	R[7]= 1.006414	R[8]= 1.008493	R[9]= 1.002980	R[10]= 1.001636	R[11]= 1.000553	R[12]= 1.011336	R[13]= 1.012599	R[14]= 1.011068	R[15]= 1.000490	R[16]= 1.001056	R[17]= 1.002409	R[18]= 1.008251	R[19]= 1.009515	R[20]= 1.001770	R[21]= 1.001977	R[22]= 1.002351	R[23]= 1.004451	R[24]= 1.004720	
<R>= 1.007719

Mean parameters
A[0]= 9.890035e-01 pm 3.751506e-02
A[1]= 1.117893e+00 pm 3.632265e-02
A[2]= 6.789256e-01 pm 4.262103e-01
A[3]= 3.297024e+00 pm 1.127609e+00
A[4]= -3.226187e+03 pm 3.678499e+03
A[5]= 1.120320e+03 pm 2.347647e+03
A[6]= 3.133338e+02 pm 5.232475e+02
A[7]= 8.530846e+00 pm 1.260584e+01
A[8]= -2.413463e-01 pm 1.782169e-01
A[9]= -3.285968e+03 pm 8.230563e+03
A[10]= 1.131398e+03 pm 4.825141e+03
A[11]= -2.673091e+02 pm 9.605735e+02
A[12]= 1.243866e+01 pm 4.946895e+01
A[13]= -4.887337e-01 pm 9.419815e-01
A[14]= 4.773504e+00 pm 1.505508e+00
A[15]= -5.532017e+03 pm 5.173893e+03
A[16]= 3.638550e+03 pm 3.240539e+03
A[17]= -3.890559e+02 pm 7.092992e+02
A[18]= -1.179747e+01 pm 1.986988e+01
A[19]= 2.103902e-01 pm 2.714927e-01
A[20]= 6.409006e+03 pm 1.130804e+04
A[21]= -3.890531e+03 pm 6.683101e+03
A[22]= 4.278576e+02 pm 1.347719e+03
A[23]= -5.698085e+01 pm 6.772092e+01
A[24]= 7.647832e-01 pm 1.322810e+00

Best-fitting parameters
A[0]= 9.860369e-01
A[1]= 1.126334e+00
A[2]= 7.306546e-01
A[3]= 3.215447e+00
A[4]= -3.581843e+03
A[5]= 1.605271e+03
A[6]= 1.435620e+02
A[7]= 1.443906e+01
A[8]= -3.372985e-01
A[9]= -6.726617e+03
A[10]= 3.091243e+03
A[11]= -6.563840e+02
A[12]= 2.628363e+01
A[13]= -9.010951e-01
A[14]= 4.696076e+00
A[15]= -5.849007e+03
A[16]= 3.923891e+03
A[17]= -4.796408e+02
A[18]= -1.667683e+01
A[19]= 2.602804e-01
A[20]= 7.117244e+02
A[21]= -7.713343e+02
A[22]= -1.390340e+02
A[23]= -4.723498e+01
A[24]= 7.181412e-01
chi2_min= 8.843587e+01


Cross-Covariance parameters
1.000000e+00	-5.296438e-01	-1.593533e-01	5.528150e-02	7.580277e-02	-7.830116e-02	7.212868e-02	6.486973e-02	-6.662869e-02	-4.069231e-02	4.577761e-02	-6.667959e-02	1.486475e-01	-1.113036e-01	-3.779023e-03	1.228149e-01	-1.381284e-01	1.437402e-01	1.076795e-01	-1.296400e-01	7.545260e-03	4.006159e-03	-3.748907e-02	1.779280e-01	-1.618111e-01	
-5.296438e-01	1.000000e+00	5.883121e-02	-1.751207e-03	-1.685310e-01	1.842450e-01	-2.047080e-01	1.612908e-01	-1.010218e-01	8.614153e-02	-9.373288e-02	1.092339e-01	-1.407570e-01	7.400238e-02	-2.133190e-02	-1.504612e-01	1.696206e-01	-1.916193e-01	1.378575e-01	-8.585265e-02	2.403462e-02	-3.662734e-02	6.657963e-02	-9.379089e-02	5.749641e-02	
-1.593533e-01	5.883121e-02	1.000000e+00	-7.006136e-01	-1.231005e-02	1.119873e-02	-2.320616e-04	-2.088033e-02	-1.784778e-03	-3.546489e-01	4.503727e-01	-5.679686e-01	-1.872465e-01	2.735368e-01	-6.918825e-01	-8.256423e-02	9.057479e-02	-8.694047e-02	-7.225659e-02	8.113169e-02	-3.739494e-01	4.779454e-01	-5.999547e-01	-2.553780e-01	3.655965e-01	
5.528150e-02	-1.751207e-03	-7.006136e-01	1.000000e+00	-5.165113e-01	5.718652e-01	-6.170821e-01	5.319145e-02	1.708173e-01	1.992737e-01	-2.484814e-01	3.137701e-01	4.423781e-02	-7.543722e-02	5.658559e-01	-2.778248e-02	2.840712e-02	-3.245152e-02	5.786789e-02	-3.318513e-02	2.618915e-01	-3.333576e-01	4.189423e-01	1.620481e-01	-2.403541e-01	
7.580277e-02	-1.685310e-01	-1.231005e-02	-5.165113e-01	1.000000e+00	-9.866628e-01	9.480231e-01	-5.643621e-01	2.338666e-01	1.676529e-02	-5.056782e-02	8.933424e-02	1.576239e-01	-1.262167e-01	-5.020848e-02	1.045336e-01	-1.139730e-01	1.192996e-01	-4.360234e-02	7.366689e-03	1.960241e-02	-2.314712e-02	2.487300e-02	8.131514e-03	-1.596338e-03	
-7.830116e-02	1.842450e-01	1.119873e-02	5.718652e-01	-9.866628e-01	1.000000e+00	-9.866258e-01	5.084974e-01	-1.727319e-01	-2.087358e-02	5.710408e-02	-9.876542e-02	-1.714522e-01	1.484790e-01	5.711028e-02	-1.142009e-01	1.245143e-01	-1.305939e-01	4.698545e-02	-7.121556e-03	-2.115343e-02	2.512806e-02	-2.694878e-02	-7.464715e-03	1.248877e-03	
7.212868e-02	-2.047080e-01	-2.320616e-04	-6.170821e-01	9.480231e-01	-9.866258e-01	1.000000e+00	-4.483413e-01	1.207877e-01	2.550170e-02	-6.242749e-02	1.048184e-01	1.714253e-01	-1.533653e-01	-6.694973e-02	1.197249e-01	-1.306864e-01	1.377845e-01	-5.443439e-02	1.207039e-02	1.795120e-02	-2.135460e-02	2.213347e-02	3.594483e-03	3.530208e-03	
6.486973e-02	1.612908e-01	-2.088033e-02	5.319145e-02	-5.643621e-01	5.084974e-01	-4.483413e-01	1.000000e+00	-9.138606e-01	1.428021e-01	-1.272133e-01	9.751527e-02	-6.941347e-02	-9.911902e-02	-2.198850e-02	8.464858e-03	-6.300655e-03	1.882950e-03	6.219339e-02	-5.622970e-02	-1.634712e-03	-1.495799e-03	5.962713e-03	3.374574e-02	-4.296080e-02	
-6.662869e-02	-1.010218e-01	-1.784778e-03	1.708173e-01	2.338666e-01	-1.727319e-01	1.207877e-01	-9.138606e-01	1.000000e+00	-1.606297e-01	1.537574e-01	-1.321178e-01	2.235638e-02	1.729746e-01	6.242633e-02	-4.863083e-02	5.046773e-02	-4.903674e-02	-3.857736e-02	4.726659e-02	6.857243e-03	-4.521257e-03	8.818851e-04	-3.082042e-02	3.374068e-02	
-4.069231e-02	8.614153e-02	-3.546489e-01	1.992737e-01	1.676529e-02	-2.087358e-02	2.550170e-02	1.428021e-01	-1.606297e-01	1.000000e+00	-9.868075e-01	9.343234e-01	-7.333767e-01	5.779455e-01	2.261219e-01	3.412091e-02	-3.979898e-02	4.149518e-02	6.312625e-02	-7.284310e-02	1.280705e-01	-1.714342e-01	2.265748e-01	1.111986e-01	-1.591826e-01	
4.577761e-02	-9.373288e-02	4.503727e-01	-2.484814e-01	-5.056782e-02	5.710408e-02	-6.242749e-02	-1.272133e-01	1.537574e-01	-9.868075e-01	1.000000e+00	-9.789863e-01	6.954723e-01	-5.407931e-01	-2.952928e-01	-3.997169e-02	4.684087e-02	-4.863573e-02	-6.956143e-02	7.943337e-02	-1.721463e-01	2.267388e-01	-2.950675e-01	-1.256834e-01	1.859140e-01	
-6.667959e-02	1.092339e-01	-5.679686e-01	3.137701e-01	8.933424e-02	-9.876542e-02	1.048184e-01	9.751527e-02	-1.321178e-01	9.343234e-01	-9.789863e-01	1.000000e+00	-6.098250e-01	4.621758e-01	3.823756e-01	4.689349e-02	-5.478453e-02	5.634477e-02	7.208805e-02	-8.195861e-02	2.268104e-01	-2.955232e-01	3.807499e-01	1.412583e-01	-2.168327e-01	
1.486475e-01	-1.407570e-01	-1.872465e-01	4.423781e-02	1.576239e-01	-1.714522e-01	1.714253e-01	-6.941347e-02	2.235638e-02	-7.333767e-01	6.954723e-01	-6.098250e-01	1.000000e+00	-9.572047e-01	1.304370e-01	5.156423e-02	-5.156804e-02	4.832650e-02	-3.538242e-02	3.100532e-02	7.344322e-02	-8.951498e-02	1.044599e-01	3.989206e-02	-4.865683e-02	
-1.113036e-01	7.400238e-02	2.735368e-01	-7.543722e-02	-1.262167e-01	1.484790e-01	-1.533653e-01	-9.911902e-02	1.729746e-01	5.779455e-01	-5.407931e-01	4.621758e-01	-9.572047e-01	1.000000e+00	-1.821862e-01	-5.914019e-02	5.947100e-02	-5.538810e-02	1.690752e-02	-1.182098e-02	-1.024287e-01	1.306465e-01	-1.618863e-01	-6.530107e-02	8.601276e-02	
-3.779023e-03	-2.133190e-02	-6.918825e-01	5.658559e-01	-5.020848e-02	5.711028e-02	-6.694973e-02	-2.198850e-02	6.242633e-02	2.261219e-01	-2.952928e-01	3.823756e-01	1.304370e-01	-1.821862e-01	1.000000e+00	-4.472270e-01	5.007324e-01	-5.472183e-01	1.194110e-02	1.591309e-01	1.811022e-01	-2.375783e-01	3.114238e-01	9.247027e-02	-1.427804e-01	
1.228149e-01	-1.504612e-01	-8.256423e-02	-2.778248e-02	1.045336e-01	-1.142009e-01	1.197249e-01	8.464858e-03	-4.863083e-02	3.412091e-02	-3.997169e-02	4.689349e-02	5.156423e-02	-5.914019e-02	-4.472270e-01	1.000000e+00	-9.860639e-01	9.440997e-01	-5.228444e-01	2.438516e-01	1.507124e-01	-1.816871e-01	2.088696e-01	7.450598e-02	-7.971926e-02	
-1.381284e-01	1.696206e-01	9.057479e-02	2.840712e-02	-1.139730e-01	1.245143e-01	-1.306864e-01	-6.300655e-03	5.046773e-02	-3.979898e-02	4.684087e-02	-5.478453e-02	-5.156804e-02	5.947100e-02	5.007324e-01	-9.860639e-01	1.000000e+00	-9.852817e-01	4.642292e-01	-1.800636e-01	-1.584597e-01	1.930639e-01	-2.236685e-01	-9.288819e-02	1.034385e-01	
1.437402e-01	-1.916193e-01	-8.694047e-02	-3.245152e-02	1.192996e-01	-1.305939e-01	1.377845e-01	1.882950e-03	-4.903674e-02	4.149518e-02	-4.863573e-02	5.634477e-02	4.832650e-02	-5.538810e-02	-5.472183e-01	9.440997e-01	-9.852817e-01	1.000000e+00	-3.978540e-01	1.193970e-01	1.583257e-01	-1.950088e-01	2.276942e-01	1.040415e-01	-1.169257e-01	
1.076795e-01	1.378575e-01	-7.225659e-02	5.786789e-02	-4.360234e-02	4.698545e-02	-5.443439e-02	6.219339e-02	-3.857736e-02	6.312625e-02	-6.956143e-02	7.208805e-02	-3.538242e-02	1.690752e-02	1.194110e-02	-5.228444e-01	4.642292e-01	-3.978540e-01	1.000000e+00	-9.400585e-01	3.985254e-02	-3.552195e-02	2.786792e-02	1.063276e-01	-2.038382e-01	
-1.296400e-01	-8.585265e-02	8.113169e-02	-3.318513e-02	7.366689e-03	-7.121556e-03	1.207039e-02	-5.622970e-02	4.726659e-02	-7.284310e-02	7.943337e-02	-8.195861e-02	3.100532e-02	-1.182098e-02	1.591309e-01	2.438516e-01	-1.800636e-01	1.193970e-01	-9.400585e-01	1.000000e+00	-8.820476e-02	9.153868e-02	-8.901001e-02	-1.366815e-01	2.551716e-01	
7.545260e-03	2.403462e-02	-3.739494e-01	2.618915e-01	1.960241e-02	-2.115343e-02	1.795120e-02	-1.634712e-03	6.857243e-03	1.280705e-01	-1.721463e-01	2.268104e-01	7.344322e-02	-1.024287e-01	1.811022e-01	1.507124e-01	-1.584597e-01	1.583257e-01	3.985254e-02	-8.820476e-02	1.000000e+00	-9.859725e-01	9.306967e-01	-6.721869e-01	5.172713e-01	
4.006159e-03	-3.662734e-02	4.779454e-01	-3.333576e-01	-2.314712e-02	2.512806e-02	-2.135460e-02	-1.495799e-03	-4.521257e-03	-1.714342e-01	2.267388e-01	-2.955232e-01	-8.951498e-02	1.306465e-01	-2.375783e-01	-1.816871e-01	1.930639e-01	-1.950088e-01	-3.552195e-02	9.153868e-02	-9.859725e-01	1.000000e+00	-9.779383e-01	6.235236e-01	-4.651083e-01	
-3.748907e-02	6.657963e-02	-5.999547e-01	4.189423e-01	2.487300e-02	-2.694878e-02	2.213347e-02	5.962713e-03	8.818851e-04	2.265748e-01	-2.950675e-01	3.807499e-01	1.044599e-01	-1.618863e-01	3.114238e-01	2.088696e-01	-2.236685e-01	2.276942e-01	2.786792e-02	-8.901001e-02	9.306967e-01	-9.779383e-01	1.000000e+00	-5.292175e-01	3.731526e-01	
1.779280e-01	-9.379089e-02	-2.553780e-01	1.620481e-01	8.131514e-03	-7.464715e-03	3.594483e-03	3.374574e-02	-3.082042e-02	1.111986e-01	-1.256834e-01	1.412583e-01	3.989206e-02	-6.530107e-02	9.247027e-02	7.450598e-02	-9.288819e-02	1.040415e-01	1.063276e-01	-1.366815e-01	-6.721869e-01	6.235236e-01	-5.292175e-01	1.000000e+00	-9.685759e-01	
-1.618111e-01	5.749641e-02	3.655965e-01	-2.403541e-01	-1.596338e-03	1.248877e-03	3.530208e-03	-4.296080e-02	3.374068e-02	-1.591826e-01	1.859140e-01	-2.168327e-01	-4.865683e-02	8.601276e-02	-1.427804e-01	-7.971926e-02	1.034385e-01	-1.169257e-01	-2.038382e-01	2.551716e-01	5.172713e-01	-4.651083e-01	3.731526e-01	-9.685759e-01	1.000000e+00	

Time taken for mcmc chain: 22.183333 minutes
