Number of steps: 6282331
Number of accepted steps: 960000
Burn-in number of steps: 320000
Accepted fraction of steps: 0.152810
Convergence Status
R[0]= 1.003876	R[1]= 1.001254	R[2]= 1.055684	R[3]= 1.039827	R[4]= 1.009300	R[5]= 1.010800	R[6]= 1.012182	R[7]= 1.002213	R[8]= 1.002911	R[9]= 1.018695	R[10]= 1.022819	R[11]= 1.030176	R[12]= 1.006255	R[13]= 1.003999	R[14]= 1.057039	R[15]= 1.007705	R[16]= 1.007580	R[17]= 1.008583	R[18]= 1.000908	R[19]= 1.000865	R[20]= 1.004751	R[21]= 1.004459	R[22]= 1.005246	R[23]= 1.028159	R[24]= 1.030695	
<R>= 1.015039

Mean parameters
A[0]= 1.071602e+00 pm 3.902066e-02
A[1]= 1.208994e+00 pm 3.373391e-02
A[2]= 5.994391e-01 pm 4.824278e-01
A[3]= 3.864364e+00 pm 1.361969e+00
A[4]= -3.354749e+03 pm 3.618955e+03
A[5]= 9.210530e+02 pm 2.242105e+03
A[6]= 4.721876e+02 pm 4.737517e+02
A[7]= -1.303290e+00 pm 1.305054e+01
A[8]= -1.858445e-01 pm 1.878910e-01
A[9]= -1.930693e+03 pm 8.201850e+03
A[10]= 9.107819e+01 pm 4.731116e+03
A[11]= 1.476133e+01 pm 9.095325e+02
A[12]= 7.435702e+00 pm 5.070999e+01
A[13]= -4.674342e-01 pm 9.585197e-01
A[14]= 4.752633e+00 pm 1.536907e+00
A[15]= -3.396051e+03 pm 4.607738e+03
A[16]= 1.746598e+03 pm 2.832531e+03
A[17]= 2.058852e+02 pm 5.939874e+02
A[18]= -2.306504e+01 pm 1.929811e+01
A[19]= 2.221115e-01 pm 2.623617e-01
A[20]= 8.677855e+03 pm 1.126760e+04
A[21]= -5.656575e+03 pm 6.512767e+03
A[22]= 8.998328e+02 pm 1.251750e+03
A[23]= -5.674192e+01 pm 6.881518e+01
A[24]= 6.195760e-01 pm 1.304907e+00

Best-fitting parameters
A[0]= 1.061471e+00
A[1]= 1.207656e+00
A[2]= 1.045859e+00
A[3]= 2.960594e+00
A[4]= -8.346962e+02
A[5]= -2.063156e+02
A[6]= 6.178991e+02
A[7]= -1.611681e+01
A[8]= -2.468323e-02
A[9]= -6.837280e+03
A[10]= 3.502872e+03
A[11]= -7.622434e+02
A[12]= -5.851716e+00
A[13]= -2.921799e-02
A[14]= 3.685555e+00
A[15]= -3.307855e+03
A[16]= 1.900295e+03
A[17]= 1.576216e+02
A[18]= -3.064086e+01
A[19]= 3.388967e-01
A[20]= 5.337660e+03
A[21]= -3.010864e+03
A[22]= 2.174785e+02
A[23]= -8.470582e+01
A[24]= 1.298277e+00
chi2_min= 8.942002e+01


Cross-Covariance parameters
1.000000e+00	-4.777853e-01	-1.502425e-01	9.261868e-02	-2.646951e-02	2.384390e-02	-2.899538e-02	1.074212e-01	-7.593200e-02	-4.397275e-02	5.373893e-02	-7.857783e-02	1.254067e-01	-9.879105e-02	5.362383e-02	1.599858e-02	-2.431742e-02	2.739471e-02	1.112679e-01	-9.879006e-02	-7.666451e-03	1.713167e-02	-4.297910e-02	1.148587e-01	-9.532583e-02	
-4.777853e-01	1.000000e+00	1.763699e-01	-1.564540e-01	-4.959700e-02	5.819500e-02	-7.322142e-02	1.279249e-01	-1.078657e-01	2.014027e-02	-2.620008e-02	3.959914e-02	-9.927841e-02	4.821549e-02	-2.479390e-01	2.856811e-02	-2.331846e-02	1.011419e-02	1.116039e-01	-1.050918e-01	-1.405639e-02	7.272539e-03	9.665529e-03	-5.775309e-02	3.124100e-02	
-1.502425e-01	1.763699e-01	1.000000e+00	-7.301996e-01	6.966987e-02	-8.603170e-02	1.066986e-01	6.564138e-02	-1.129244e-01	-2.809251e-01	3.683149e-01	-4.734942e-01	-2.576120e-01	2.746436e-01	-6.620328e-01	-7.578944e-02	8.837072e-02	-9.225295e-02	-2.682778e-02	2.787389e-02	-3.228358e-01	4.050997e-01	-5.039953e-01	-2.708470e-01	3.128558e-01	
9.261868e-02	-1.564540e-01	-7.301996e-01	1.000000e+00	-5.218101e-01	5.808098e-01	-6.269920e-01	-1.430787e-01	2.932132e-01	1.346442e-01	-1.940386e-01	2.729062e-01	1.570178e-01	-1.293689e-01	5.268511e-01	6.892989e-02	-7.706318e-02	7.770254e-02	-9.001293e-04	-3.407670e-03	2.481692e-01	-3.112596e-01	3.879421e-01	2.147373e-01	-2.457987e-01	
-2.646951e-02	-4.959700e-02	6.966987e-02	-5.218101e-01	1.000000e+00	-9.876205e-01	9.520870e-01	-4.225499e-01	1.820446e-01	4.833399e-02	-6.352409e-02	7.766891e-02	8.200877e-02	-6.050140e-02	-3.186624e-02	5.927816e-03	-5.494341e-03	6.156599e-03	-2.190857e-02	1.640132e-02	1.190855e-02	-8.950322e-03	3.709986e-03	-6.339768e-02	6.363137e-02	
2.384390e-02	5.819500e-02	-8.603170e-02	5.808098e-01	-9.876205e-01	1.000000e+00	-9.876798e-01	3.635746e-01	-1.251992e-01	-5.191012e-02	6.684382e-02	-8.017506e-02	-8.651011e-02	7.161610e-02	4.337761e-02	-1.549040e-03	2.356938e-03	-4.445577e-03	1.824827e-02	-1.225601e-02	-5.264324e-03	-2.204890e-05	8.085615e-03	6.251042e-02	-6.251426e-02	
-2.899538e-02	-7.322142e-02	1.066986e-01	-6.269920e-01	9.520870e-01	-9.876798e-01	1.000000e+00	-3.108568e-01	8.496706e-02	5.728305e-02	-7.098258e-02	8.266784e-02	7.783230e-02	-6.508997e-02	-5.333144e-02	-5.682530e-03	4.124823e-03	-7.912695e-04	-1.889081e-02	1.276892e-02	-4.043619e-03	1.210271e-02	-2.334005e-02	-6.297221e-02	6.325613e-02	
1.074212e-01	1.279249e-01	6.564138e-02	-1.430787e-01	-4.225499e-01	3.635746e-01	-3.108568e-01	1.000000e+00	-9.458238e-01	1.039592e-01	-9.005949e-02	5.827728e-02	-4.149060e-02	-1.268127e-01	-1.061083e-01	5.851170e-03	-1.216343e-02	1.816819e-02	4.987715e-02	-4.319879e-02	-3.129983e-02	3.640441e-02	-4.441226e-02	1.166450e-03	3.184585e-03	
-7.593200e-02	-1.078657e-01	-1.129244e-01	2.932132e-01	1.820446e-01	-1.251992e-01	8.496706e-02	-9.458238e-01	1.000000e+00	-1.179025e-01	1.048971e-01	-7.122968e-02	3.508573e-02	1.558830e-01	1.339248e-01	-1.028232e-02	1.650654e-02	-2.303132e-02	-3.277211e-02	2.870320e-02	3.388240e-02	-4.248567e-02	5.495049e-02	2.766705e-02	-3.347965e-02	
-4.397275e-02	2.014027e-02	-2.809251e-01	1.346442e-01	4.833399e-02	-5.191012e-02	5.728305e-02	1.039592e-01	-1.179025e-01	1.000000e+00	-9.885661e-01	9.441498e-01	-7.288046e-01	6.144633e-01	1.880774e-01	1.991749e-02	-3.080179e-02	3.913513e-02	1.480552e-03	-1.176652e-03	7.173245e-02	-9.824979e-02	1.335886e-01	1.123191e-01	-1.271496e-01	
5.373893e-02	-2.620008e-02	3.683149e-01	-1.940386e-01	-6.352409e-02	6.684382e-02	-7.098258e-02	-9.005949e-02	1.048971e-01	-9.885661e-01	1.000000e+00	-9.824307e-01	6.948164e-01	-5.864371e-01	-2.482066e-01	-3.218318e-02	4.374614e-02	-5.180484e-02	-1.988950e-03	3.203956e-03	-1.067903e-01	1.421541e-01	-1.882316e-01	-1.328931e-01	1.528916e-01	
-7.857783e-02	3.959914e-02	-4.734942e-01	2.729062e-01	7.766891e-02	-8.017506e-02	8.266784e-02	5.827728e-02	-7.122968e-02	9.441498e-01	-9.824307e-01	1.000000e+00	-6.261967e-01	5.325879e-01	3.223937e-01	4.596192e-02	-5.800210e-02	6.539431e-02	2.118579e-03	-5.167975e-03	1.499329e-01	-1.961781e-01	2.557336e-01	1.565826e-01	-1.832495e-01	
1.254067e-01	-9.927841e-02	-2.576120e-01	1.570178e-01	8.200877e-02	-8.651011e-02	7.783230e-02	-4.149060e-02	3.508573e-02	-7.288046e-01	6.948164e-01	-6.261967e-01	1.000000e+00	-9.623971e-01	1.824626e-01	3.228561e-02	-3.400152e-02	3.184807e-02	1.641796e-02	-2.103820e-02	1.427180e-01	-1.628211e-01	1.828038e-01	2.136791e-02	-3.641203e-02	
-9.879105e-02	4.821549e-02	2.746436e-01	-1.293689e-01	-6.050140e-02	7.161610e-02	-6.508997e-02	-1.268127e-01	1.558830e-01	6.144633e-01	-5.864371e-01	5.325879e-01	-9.623971e-01	1.000000e+00	-1.819513e-01	-4.007810e-02	4.321386e-02	-4.193334e-02	-1.866871e-02	2.326905e-02	-1.607363e-01	1.835644e-01	-2.069828e-01	-1.365630e-02	3.181394e-02	
5.362383e-02	-2.479390e-01	-6.620328e-01	5.268511e-01	-3.186624e-02	4.337761e-02	-5.333144e-02	-1.061083e-01	1.339248e-01	1.880774e-01	-2.482066e-01	3.223937e-01	1.824626e-01	-1.819513e-01	1.000000e+00	-4.277782e-01	4.804932e-01	-5.231330e-01	-1.494996e-01	2.357780e-01	1.664089e-01	-2.064062e-01	2.614136e-01	1.042225e-01	-1.134043e-01	
1.599858e-02	2.856811e-02	-7.578944e-02	6.892989e-02	5.927816e-03	-1.549040e-03	-5.682530e-03	5.851170e-03	-1.028232e-02	1.991749e-02	-3.218318e-02	4.596192e-02	3.228561e-02	-4.007810e-02	-4.277782e-01	1.000000e+00	-9.855881e-01	9.431761e-01	-4.391858e-01	2.605404e-01	1.301991e-01	-1.583295e-01	1.860423e-01	6.535341e-02	-5.517084e-02	
-2.431742e-02	-2.331846e-02	8.837072e-02	-7.706318e-02	-5.494341e-03	2.356938e-03	4.124823e-03	-1.216343e-02	1.650654e-02	-3.080179e-02	4.374614e-02	-5.800210e-02	-3.400152e-02	4.321386e-02	4.804932e-01	-9.855881e-01	1.000000e+00	-9.851156e-01	3.718655e-01	-1.965236e-01	-1.367641e-01	1.690705e-01	-2.010501e-01	-8.897470e-02	8.404339e-02	
2.739471e-02	1.011419e-02	-9.225295e-02	7.770254e-02	6.156599e-03	-4.445577e-03	-7.912695e-04	1.816819e-02	-2.303132e-02	3.913513e-02	-5.180484e-02	6.539431e-02	3.184807e-02	-4.193334e-02	-5.231330e-01	9.431761e-01	-9.851156e-01	1.000000e+00	-3.048195e-01	1.425973e-01	1.364814e-01	-1.718181e-01	2.071853e-01	1.051162e-01	-1.023024e-01	
1.112679e-01	1.116039e-01	-2.682778e-02	-9.001293e-04	-2.190857e-02	1.824827e-02	-1.889081e-02	4.987715e-02	-3.277211e-02	1.480552e-03	-1.988950e-03	2.118579e-03	1.641796e-02	-1.866871e-02	-1.494996e-01	-4.391858e-01	3.718655e-01	-3.048195e-01	1.000000e+00	-9.642271e-01	2.950448e-02	-3.222735e-02	2.722788e-02	8.543355e-02	-1.690767e-01	
-9.879006e-02	-1.050918e-01	2.787389e-02	-3.407670e-03	1.640132e-02	-1.225601e-02	1.276892e-02	-4.319879e-02	2.870320e-02	-1.176652e-03	3.203956e-03	-5.167975e-03	-2.103820e-02	2.326905e-02	2.357780e-01	2.605404e-01	-1.965236e-01	1.425973e-01	-9.642271e-01	1.000000e+00	-5.688781e-02	6.283544e-02	-5.914995e-02	-9.681012e-02	1.945554e-01	
-7.666451e-03	-1.405639e-02	-3.228358e-01	2.481692e-01	1.190855e-02	-5.264324e-03	-4.043619e-03	-3.129983e-02	3.388240e-02	7.173245e-02	-1.067903e-01	1.499329e-01	1.427180e-01	-1.607363e-01	1.664089e-01	1.301991e-01	-1.367641e-01	1.364814e-01	2.950448e-02	-5.688781e-02	1.000000e+00	-9.891320e-01	9.468748e-01	-7.018932e-01	5.994764e-01	
1.713167e-02	7.272539e-03	4.050997e-01	-3.112596e-01	-8.950322e-03	-2.204890e-05	1.210271e-02	3.640441e-02	-4.248567e-02	-9.824979e-02	1.421541e-01	-1.961781e-01	-1.628211e-01	1.835644e-01	-2.064062e-01	-1.583295e-01	1.690705e-01	-1.718181e-01	-3.222735e-02	6.283544e-02	-9.891320e-01	1.000000e+00	-9.832854e-01	6.676848e-01	-5.681010e-01	
-4.297910e-02	9.665529e-03	-5.039953e-01	3.879421e-01	3.709986e-03	8.085615e-03	-2.334005e-02	-4.441226e-02	5.495049e-02	1.335886e-01	-1.882316e-01	2.557336e-01	1.828038e-01	-2.069828e-01	2.614136e-01	1.860423e-01	-2.010501e-01	2.071853e-01	2.722788e-02	-5.914995e-02	9.468748e-01	-9.832854e-01	1.000000e+00	-6.010462e-01	5.107189e-01	
1.148587e-01	-5.775309e-02	-2.708470e-01	2.147373e-01	-6.339768e-02	6.251042e-02	-6.297221e-02	1.166450e-03	2.766705e-02	1.123191e-01	-1.328931e-01	1.565826e-01	2.136791e-02	-1.365630e-02	1.042225e-01	6.535341e-02	-8.897470e-02	1.051162e-01	8.543355e-02	-9.681012e-02	-7.018932e-01	6.676848e-01	-6.010462e-01	1.000000e+00	-9.762706e-01	
-9.532583e-02	3.124100e-02	3.128558e-01	-2.457987e-01	6.363137e-02	-6.251426e-02	6.325613e-02	3.184585e-03	-3.347965e-02	-1.271496e-01	1.528916e-01	-1.832495e-01	-3.641203e-02	3.181394e-02	-1.134043e-01	-5.517084e-02	8.404339e-02	-1.023024e-01	-1.690767e-01	1.945554e-01	5.994764e-01	-5.681010e-01	5.107189e-01	-9.762706e-01	1.000000e+00	

Time taken for mcmc chain: 49.833333 minutes
