Number of steps: 5881872
Number of accepted steps: 960000
Burn-in number of steps: 320000
Accepted fraction of steps: 0.163213
Convergence Status
R[0]= 1.019292	R[1]= 1.005561	R[2]= 1.228464	R[3]= 1.135033	R[4]= 1.030185	R[5]= 1.040340	R[6]= 1.053281	R[7]= 1.014806	R[8]= 1.012344	R[9]= 1.037782	R[10]= 1.048244	R[11]= 1.062235	R[12]= 1.006060	R[13]= 1.008468	R[14]= 1.072960	R[15]= 1.023255	R[16]= 1.027103	R[17]= 1.030471	R[18]= 1.021959	R[19]= 1.016274	R[20]= 1.047218	R[21]= 1.067369	R[22]= 1.091059	R[23]= 1.000992	R[24]= 1.015834	
<R>= 1.044664

Mean parameters
A[0]= 8.161171e-01 pm 3.204243e-02
A[1]= 9.326276e-01 pm 2.711816e-02
A[2]= 9.146920e-01 pm 7.822944e-01
A[3]= 3.291994e+00 pm 1.555032e+00
A[4]= -3.438816e+03 pm 3.936512e+03
A[5]= 2.124991e+03 pm 2.792452e+03
A[6]= -2.710669e+02 pm 7.358064e+02
A[7]= 2.888755e+01 pm 1.462435e+01
A[8]= -3.337984e-01 pm 1.805097e-01
A[9]= -5.016014e+03 pm 8.869691e+03
A[10]= 2.837098e+03 pm 5.536079e+03
A[11]= -8.505936e+02 pm 1.265724e+03
A[12]= 2.563227e+01 pm 4.878638e+01
A[13]= -5.493680e-01 pm 9.504863e-01
A[14]= 5.234698e+00 pm 2.175285e+00
A[15]= -8.293342e+03 pm 5.832926e+03
A[16]= 6.895445e+03 pm 4.065477e+03
A[17]= -1.711716e+03 pm 1.043411e+03
A[18]= 2.365422e+01 pm 2.112633e+01
A[19]= 6.402440e-02 pm 2.563396e-01
A[20]= 3.345446e+03 pm 1.293856e+04
A[21]= -7.061130e+02 pm 8.496502e+03
A[22]= -6.730445e+02 pm 2.059298e+03
A[23]= -4.331431e+01 pm 6.759903e+01
A[24]= 8.531470e-01 pm 1.341597e+00

Best-fitting parameters
A[0]= 8.311483e-01
A[1]= 9.161121e-01
A[2]= 8.996626e-01
A[3]= 2.370688e+00
A[4]= 3.594657e+01
A[5]= -2.515399e+02
A[6]= 3.161624e+02
A[7]= 1.941948e+01
A[8]= -2.911748e-01
A[9]= -7.160983e+01
A[10]= 5.017020e+02
A[11]= -5.571586e+02
A[12]= 8.413921e+00
A[13]= -2.552142e-01
A[14]= 5.351858e+00
A[15]= -9.315387e+03
A[16]= 8.203043e+03
A[17]= -2.174254e+03
A[18]= 2.789505e+01
A[19]= 9.102019e-02
A[20]= -2.177021e+03
A[21]= 3.416653e+03
A[22]= -1.761139e+03
A[23]= -4.084035e+01
A[24]= 1.236623e+00
chi2_min= 9.092440e+01


Cross-Covariance parameters
1.000000e+00	-4.855116e-01	-3.062808e-01	2.894698e-01	-9.795685e-02	1.213704e-01	-1.494254e-01	1.279374e-01	-3.063915e-02	3.784275e-02	-4.716880e-02	4.313582e-02	1.493297e-01	-1.471152e-01	1.905962e-01	4.125384e-02	-4.392723e-02	3.507862e-02	1.226605e-01	-1.360801e-01	9.249938e-02	-1.110915e-01	1.087047e-01	1.824803e-01	-2.096743e-01	
-4.855116e-01	1.000000e+00	2.388002e-01	-2.657523e-01	4.283599e-02	-5.594813e-02	6.134004e-02	1.156183e-01	-1.858888e-01	-7.381464e-04	1.120483e-02	-1.786533e-02	-1.242735e-01	8.873395e-02	-2.610606e-01	3.010807e-02	-3.067550e-02	2.483644e-02	8.085054e-02	-1.172403e-01	-2.856602e-02	4.449729e-02	-4.926659e-02	-1.064536e-01	9.195943e-02	
-3.062808e-01	2.388002e-01	1.000000e+00	-7.893867e-01	2.069249e-01	-2.523348e-01	2.985358e-01	-1.796936e-01	1.137225e-02	-3.023844e-01	4.250208e-01	-5.629895e-01	-7.089977e-02	2.581437e-01	-8.007901e-01	1.345912e-01	-1.426300e-01	1.565816e-01	-2.055094e-01	1.017133e-01	-4.918115e-01	6.041023e-01	-7.092483e-01	1.123219e-02	2.380652e-01	
2.894698e-01	-2.657523e-01	-7.893867e-01	1.000000e+00	-5.567014e-01	6.319337e-01	-6.892404e-01	3.516737e-01	5.223666e-02	2.475890e-01	-3.306644e-01	4.260044e-01	-5.276629e-03	-1.150808e-01	6.933172e-01	-8.897759e-02	9.249909e-02	-1.015824e-01	1.538407e-01	-9.407304e-02	4.484675e-01	-5.436760e-01	6.295917e-01	-1.615510e-02	-2.050215e-01	
-9.795685e-02	4.283599e-02	2.069249e-01	-5.567014e-01	1.000000e+00	-9.808273e-01	9.326249e-01	-7.806142e-01	2.952913e-01	8.268146e-02	-1.111096e-01	1.371077e-01	5.152276e-02	-6.333631e-02	-1.800885e-01	1.220934e-01	-1.340798e-01	1.438142e-01	-1.093628e-01	3.934638e-02	-9.353303e-02	9.416471e-02	-9.126046e-02	4.926519e-02	-1.975541e-02	
1.213704e-01	-5.594813e-02	-2.523348e-01	6.319337e-01	-9.808273e-01	1.000000e+00	-9.846016e-01	7.380233e-01	-2.122149e-01	-8.204310e-02	1.113537e-01	-1.378438e-01	-5.685747e-02	8.083461e-02	2.138942e-01	-1.302239e-01	1.427626e-01	-1.530776e-01	1.178945e-01	-4.125960e-02	1.098045e-01	-1.144687e-01	1.151631e-01	-4.208682e-02	3.981564e-03	
-1.494254e-01	6.134004e-02	2.985358e-01	-6.892404e-01	9.326249e-01	-9.846016e-01	1.000000e+00	-6.772847e-01	1.339475e-01	7.863503e-02	-1.050760e-01	1.278271e-01	5.079233e-02	-8.080061e-02	-2.468158e-01	1.350386e-01	-1.474828e-01	1.581757e-01	-1.287035e-01	4.776790e-02	-1.275512e-01	1.373433e-01	-1.427664e-01	3.307679e-02	1.535066e-02	
1.279374e-01	1.156183e-01	-1.796936e-01	3.516737e-01	-7.806142e-01	7.380233e-01	-6.772847e-01	1.000000e+00	-8.016402e-01	5.458976e-02	-4.184392e-02	2.130609e-02	-5.537417e-02	-7.061447e-02	1.168076e-01	-7.522529e-03	1.553748e-02	-2.819298e-02	8.155860e-02	-8.185724e-02	1.196590e-01	-1.308555e-01	1.369411e-01	-2.136996e-02	-3.358299e-02	
-3.063915e-02	-1.858888e-01	1.137225e-02	5.223666e-02	2.952913e-01	-2.122149e-01	1.339475e-01	-8.016402e-01	1.000000e+00	-1.348818e-01	1.382744e-01	-1.272905e-01	4.039963e-02	1.668725e-01	3.339910e-02	-1.002860e-01	9.809314e-02	-8.892749e-02	7.816413e-03	5.589519e-02	-6.160504e-02	6.934214e-02	-7.408574e-02	7.816068e-03	2.695512e-02	
3.784275e-02	-7.381464e-04	-3.023844e-01	2.475890e-01	8.268146e-02	-8.204310e-02	7.863503e-02	5.458976e-02	-1.348818e-01	1.000000e+00	-9.780771e-01	8.917033e-01	-7.756542e-01	5.307821e-01	2.753885e-01	1.207953e-01	-1.264604e-01	1.232674e-01	-3.036113e-02	-3.032576e-02	2.849863e-01	-3.473860e-01	4.046707e-01	-2.228536e-02	-1.234300e-01	
-4.716880e-02	1.120483e-02	4.250208e-01	-3.306644e-01	-1.111096e-01	1.113537e-01	-1.050760e-01	-4.184392e-02	1.382744e-01	-9.780771e-01	1.000000e+00	-9.655394e-01	7.092282e-01	-4.393778e-01	-3.817021e-01	-1.153658e-01	1.217245e-01	-1.178465e-01	7.960628e-03	4.999149e-02	-3.557368e-01	4.377325e-01	-5.144147e-01	2.444125e-02	1.615592e-01	
4.313582e-02	-1.786533e-02	-5.629895e-01	4.260044e-01	1.371077e-01	-1.378438e-01	1.278271e-01	2.130609e-02	-1.272905e-01	8.917033e-01	-9.655394e-01	1.000000e+00	-5.672075e-01	2.808982e-01	5.023550e-01	9.787080e-02	-1.048882e-01	1.006937e-01	2.217037e-02	-7.091098e-02	4.302614e-01	-5.333232e-01	6.313954e-01	-2.884593e-02	-2.004455e-01	
1.493297e-01	-1.242735e-01	-7.089977e-02	-5.276629e-03	5.152276e-02	-5.685747e-02	5.079233e-02	-5.537417e-02	4.039963e-02	-7.756542e-01	7.092282e-01	-5.672075e-01	1.000000e+00	-9.254675e-01	3.979057e-02	-6.901637e-02	6.885738e-02	-6.737946e-02	6.118511e-02	-2.874892e-02	-2.354227e-02	2.843251e-02	-3.542842e-02	2.950657e-02	-1.777153e-02	
-1.471152e-01	8.873395e-02	2.581437e-01	-1.150808e-01	-6.333631e-02	8.083461e-02	-8.080061e-02	-7.061447e-02	1.668725e-01	5.307821e-01	-4.393778e-01	2.808982e-01	-9.254675e-01	1.000000e+00	-1.953357e-01	2.911599e-02	-2.730663e-02	2.836228e-02	-7.138690e-02	6.167330e-02	-1.276367e-01	1.560944e-01	-1.807546e-01	-8.153814e-03	7.650876e-02	
1.905962e-01	-2.610606e-01	-8.007901e-01	6.933172e-01	-1.800885e-01	2.138942e-01	-2.468158e-01	1.168076e-01	3.339910e-02	2.753885e-01	-3.817021e-01	5.023550e-01	3.979057e-02	-1.953357e-01	1.000000e+00	-4.859203e-01	5.330829e-01	-5.716513e-01	3.187818e-01	2.772926e-02	3.651431e-01	-4.447727e-01	5.244826e-01	-7.121692e-02	-9.867957e-02	
4.125384e-02	3.010807e-02	1.345912e-01	-8.897759e-02	1.220934e-01	-1.302239e-01	1.350386e-01	-7.522529e-03	-1.002860e-01	1.207953e-01	-1.153658e-01	9.787080e-02	-6.901637e-02	2.911599e-02	-4.859203e-01	1.000000e+00	-9.846107e-01	9.427224e-01	-7.457597e-01	2.565064e-01	1.602507e-01	-1.908238e-01	2.065207e-01	3.679991e-02	-9.868526e-02	
-4.392723e-02	-3.067550e-02	-1.426300e-01	9.249909e-02	-1.340798e-01	1.427626e-01	-1.474828e-01	1.553748e-02	9.809314e-02	-1.264604e-01	1.217245e-01	-1.048882e-01	6.885738e-02	-2.730663e-02	5.330829e-01	-9.846107e-01	1.000000e+00	-9.861079e-01	6.918883e-01	-1.667456e-01	-1.623578e-01	1.982157e-01	-2.190125e-01	-6.015618e-02	1.350702e-01	
3.507862e-02	2.483644e-02	1.565816e-01	-1.015824e-01	1.438142e-01	-1.530776e-01	1.581757e-01	-2.819298e-02	-8.892749e-02	1.232674e-01	-1.178465e-01	1.006937e-01	-6.737946e-02	2.836228e-02	-5.716513e-01	9.427224e-01	-9.861079e-01	1.000000e+00	-6.226321e-01	7.880815e-02	1.542792e-01	-1.929240e-01	2.169566e-01	7.815141e-02	-1.599376e-01	
1.226605e-01	8.085054e-02	-2.055094e-01	1.538407e-01	-1.093628e-01	1.178945e-01	-1.287035e-01	8.155860e-02	7.816413e-03	-3.036113e-02	7.960628e-03	2.217037e-02	6.118511e-02	-7.138690e-02	3.187818e-01	-7.457597e-01	6.918883e-01	-6.226321e-01	1.000000e+00	-8.127195e-01	-1.365222e-02	1.492892e-02	-9.562157e-03	7.784461e-02	-1.440189e-01	
-1.360801e-01	-1.172403e-01	1.017133e-01	-9.407304e-02	3.934638e-02	-4.125960e-02	4.776790e-02	-8.185724e-02	5.589519e-02	-3.032576e-02	4.999149e-02	-7.091098e-02	-2.874892e-02	6.167330e-02	2.772926e-02	2.565064e-01	-1.667456e-01	7.880815e-02	-8.127195e-01	1.000000e+00	-7.482328e-02	9.260926e-02	-1.088381e-01	-1.507914e-01	2.910288e-01	
9.249938e-02	-2.856602e-02	-4.918115e-01	4.484675e-01	-9.353303e-02	1.098045e-01	-1.275512e-01	1.196590e-01	-6.160504e-02	2.849863e-01	-3.557368e-01	4.302614e-01	-2.354227e-02	-1.276367e-01	3.651431e-01	1.602507e-01	-1.623578e-01	1.542792e-01	-1.365222e-02	-7.482328e-02	1.000000e+00	-9.785898e-01	9.036159e-01	-7.087515e-01	4.203759e-01	
-1.110915e-01	4.449729e-02	6.041023e-01	-5.436760e-01	9.416471e-02	-1.144687e-01	1.373433e-01	-1.308555e-01	6.934214e-02	-3.473860e-01	4.377325e-01	-5.333232e-01	2.843251e-02	1.560944e-01	-4.447727e-01	-1.908238e-01	1.982157e-01	-1.929240e-01	1.492892e-02	9.260926e-02	-9.785898e-01	1.000000e+00	-9.717707e-01	6.209936e-01	-3.059922e-01	
1.087047e-01	-4.926659e-02	-7.092483e-01	6.295917e-01	-9.126046e-02	1.151631e-01	-1.427664e-01	1.369411e-01	-7.408574e-02	4.046707e-01	-5.144147e-01	6.313954e-01	-3.542842e-02	-1.807546e-01	5.244826e-01	2.065207e-01	-2.190125e-01	2.169566e-01	-9.562157e-03	-1.088381e-01	9.036159e-01	-9.717707e-01	1.000000e+00	-4.783908e-01	1.472724e-01	
1.824803e-01	-1.064536e-01	1.123219e-02	-1.615510e-02	4.926519e-02	-4.208682e-02	3.307679e-02	-2.136996e-02	7.816068e-03	-2.228536e-02	2.444125e-02	-2.884593e-02	2.950657e-02	-8.153814e-03	-7.121692e-02	3.679991e-02	-6.015618e-02	7.815141e-02	7.784461e-02	-1.507914e-01	-7.087515e-01	6.209936e-01	-4.783908e-01	1.000000e+00	-9.256577e-01	
-2.096743e-01	9.195943e-02	2.380652e-01	-2.050215e-01	-1.975541e-02	3.981564e-03	1.535066e-02	-3.358299e-02	2.695512e-02	-1.234300e-01	1.615592e-01	-2.004455e-01	-1.777153e-02	7.650876e-02	-9.867957e-02	-9.868526e-02	1.350702e-01	-1.599376e-01	-1.440189e-01	2.910288e-01	4.203759e-01	-3.059922e-01	1.472724e-01	-9.256577e-01	1.000000e+00	

Time taken for mcmc chain: 45.800000 minutes
