Number of steps: 14321962
Number of accepted steps: 960000
Burn-in number of steps: 320000
Accepted fraction of steps: 0.067030
Convergence Status
R[0]= 1.003644	R[1]= 1.008876	R[2]= 1.007195	R[3]= 1.003239	R[4]= 1.001421	R[5]= 1.001673	R[6]= 1.001894	R[7]= 1.000197	R[8]= 1.000557	R[9]= 1.000138	R[10]= 1.000360	R[11]= 1.001253	R[12]= 1.001606	R[13]= 1.002677	R[14]= 1.004944	R[15]= 1.000554	R[16]= 1.000865	R[17]= 1.001242	R[18]= 1.000411	R[19]= 1.000232	R[20]= 1.000627	R[21]= 1.000789	R[22]= 1.001135	R[23]= 1.000252	R[24]= 1.000688	
<R>= 1.001859

Mean parameters
A[0]= 8.659703e-01 pm 3.348564e-02
A[1]= 9.861842e-01 pm 3.027382e-02
A[2]= 6.926276e-01 pm 4.636095e-01
A[3]= 3.488170e+00 pm 1.229367e+00
A[4]= -3.909163e+03 pm 3.910583e+03
A[5]= 2.230076e+03 pm 2.652469e+03
A[6]= -1.980578e+02 pm 6.535876e+02
A[7]= 2.362633e+01 pm 1.367151e+01
A[8]= -3.012809e-01 pm 1.798689e-01
A[9]= -4.646911e+03 pm 8.544488e+03
A[10]= 2.326344e+03 pm 5.226403e+03
A[11]= -6.406692e+02 pm 1.144509e+03
A[12]= 2.317515e+01 pm 4.837134e+01
A[13]= -5.741249e-01 pm 9.330387e-01
A[14]= 5.295172e+00 pm 1.709621e+00
A[15]= -8.036478e+03 pm 5.441167e+03
A[16]= 6.256807e+03 pm 3.683818e+03
A[17]= -1.369230e+03 pm 9.060042e+02
A[18]= 1.362285e+01 pm 1.947353e+01
A[19]= 1.101130e-01 pm 2.619321e-01
A[20]= 4.391658e+03 pm 1.203391e+04
A[21]= -2.009235e+03 pm 7.558759e+03
A[22]= -1.793197e+02 pm 1.709434e+03
A[23]= -4.623561e+01 pm 6.739979e+01
A[24]= 7.717402e-01 pm 1.339787e+00

Best-fitting parameters
A[0]= 8.432741e-01
A[1]= 1.001613e+00
A[2]= 6.538126e-01
A[3]= 3.387156e+00
A[4]= -4.949064e+03
A[5]= 2.575342e+03
A[6]= -2.081213e+02
A[7]= 2.148905e+01
A[8]= -2.577477e-01
A[9]= -3.186334e+03
A[10]= 1.628411e+03
A[11]= -5.047848e+02
A[12]= 1.700198e+01
A[13]= -4.237811e-01
A[14]= 5.733142e+00
A[15]= -1.133233e+04
A[16]= 8.325532e+03
A[17]= -1.839774e+03
A[18]= 1.744972e+01
A[19]= 1.051757e-01
A[20]= 2.241586e+03
A[21]= -6.325983e+02
A[22]= -4.027600e+02
A[23]= -4.245092e+01
A[24]= 7.210917e-01
chi2_min= 8.909051e+01


Cross-Covariance parameters
1.000000e+00	-5.251885e-01	-1.684358e-01	1.239404e-01	-6.435329e-03	1.073799e-02	-2.242594e-02	6.758719e-02	-3.689045e-02	-1.858091e-02	3.061308e-02	-6.150689e-02	1.552618e-01	-1.247335e-01	4.708630e-02	1.131751e-01	-1.184847e-01	1.132982e-01	3.636702e-02	-7.191870e-02	2.931486e-02	-2.106257e-02	-9.676690e-03	1.645589e-01	-1.423133e-01	
-5.251885e-01	1.000000e+00	1.983401e-01	-1.874243e-01	-1.144118e-02	1.381161e-02	-2.269074e-02	1.230166e-01	-1.291074e-01	1.138727e-02	-1.765783e-02	3.363232e-02	-1.168516e-01	6.948821e-02	-2.353255e-01	-5.140545e-04	5.452214e-03	-1.761434e-02	1.387772e-01	-1.434339e-01	-1.758307e-02	1.350104e-02	5.213134e-03	-9.818025e-02	6.070945e-02	
-1.684358e-01	1.983401e-01	1.000000e+00	-7.066614e-01	1.361153e-02	-1.254506e-02	1.854392e-02	-6.571847e-02	4.312832e-02	-3.894878e-01	5.116942e-01	-6.508048e-01	-7.018164e-02	2.441644e-01	-6.715518e-01	-1.517003e-01	1.623508e-01	-1.616423e-01	-2.698595e-02	9.845672e-02	-4.742115e-01	5.987574e-01	-7.293510e-01	-1.058533e-01	3.158980e-01	
1.239404e-01	-1.874243e-01	-7.066614e-01	1.000000e+00	-5.506605e-01	6.043731e-01	-6.433169e-01	2.739846e-01	7.224486e-02	2.031043e-01	-2.620568e-01	3.347718e-01	-9.605479e-03	-6.184128e-02	5.007414e-01	9.801473e-02	-1.054394e-01	1.054272e-01	1.571178e-02	-6.159066e-02	3.426830e-01	-4.312149e-01	5.230146e-01	7.060932e-02	-2.203791e-01	
-6.435329e-03	-1.144118e-02	1.361153e-02	-5.506605e-01	1.000000e+00	-9.840326e-01	9.410961e-01	-7.201999e-01	2.669697e-01	7.372310e-02	-1.197665e-01	1.684340e-01	1.059591e-01	-1.196207e-01	-1.763669e-03	6.407253e-04	-2.033961e-03	3.877597e-03	-1.159440e-02	1.123539e-02	-1.163891e-02	1.157105e-02	-1.024481e-02	8.308002e-03	-1.878097e-03	
1.073799e-02	1.381161e-02	-1.254506e-02	6.043731e-01	-9.840326e-01	1.000000e+00	-9.857950e-01	6.714716e-01	-1.922357e-01	-8.820365e-02	1.385777e-01	-1.917354e-01	-1.136991e-01	1.435131e-01	9.015540e-04	-2.473180e-03	4.227858e-03	-6.559926e-03	1.396476e-02	-1.217542e-02	8.887381e-03	-8.488388e-03	6.719807e-03	-6.822322e-03	1.191601e-03	
-2.242594e-02	-2.269074e-02	1.854392e-02	-6.433169e-01	9.410961e-01	-9.857950e-01	1.000000e+00	-6.084903e-01	1.212992e-01	1.024329e-01	-1.541009e-01	2.081066e-01	1.084992e-01	-1.500092e-01	-2.094527e-03	9.228608e-04	-2.800431e-03	5.743805e-03	-1.925283e-02	1.761262e-02	-1.053601e-02	1.076286e-02	-9.464214e-03	3.467301e-03	3.462228e-03	
6.758719e-02	1.230166e-01	-6.571847e-02	2.739846e-01	-7.201999e-01	6.714716e-01	-6.084903e-01	1.000000e+00	-8.393253e-01	1.048858e-01	-8.236288e-02	4.685642e-02	-9.081862e-02	-5.439505e-02	-1.121127e-03	4.890680e-02	-4.985954e-02	4.607097e-02	3.976114e-02	-5.952703e-02	5.262921e-02	-6.316307e-02	7.254460e-02	4.832608e-03	-3.138843e-02	
-3.689045e-02	-1.291074e-01	4.312832e-02	7.224486e-02	2.669697e-01	-1.922357e-01	1.212992e-01	-8.393253e-01	1.000000e+00	-1.848390e-01	1.862873e-01	-1.718474e-01	5.044453e-02	1.691528e-01	1.274568e-02	-5.389547e-02	5.558392e-02	-5.309215e-02	-2.643859e-02	4.859471e-02	-4.610872e-02	5.604804e-02	-6.584364e-02	-1.813319e-03	2.477412e-02	
-1.858091e-02	1.138727e-02	-3.894878e-01	2.031043e-01	7.372310e-02	-8.820365e-02	1.024329e-01	1.048858e-01	-1.848390e-01	1.000000e+00	-9.810185e-01	9.047051e-01	-7.684106e-01	5.522025e-01	2.655767e-01	7.110408e-02	-7.540432e-02	7.463397e-02	1.424478e-02	-4.871705e-02	2.137030e-01	-2.690159e-01	3.285700e-01	1.020819e-02	-1.036840e-01	
3.061308e-02	-1.765783e-02	5.116942e-01	-2.620568e-01	-1.197665e-01	1.385777e-01	-1.541009e-01	-8.236288e-02	1.862873e-01	-9.810185e-01	1.000000e+00	-9.692957e-01	7.096783e-01	-4.775896e-01	-3.494683e-01	-8.882685e-02	9.476812e-02	-9.426085e-02	-1.854613e-02	6.205849e-02	-2.742175e-01	3.465962e-01	-4.250665e-01	-2.115675e-02	1.436491e-01	
-6.150689e-02	3.363232e-02	-6.508048e-01	3.347718e-01	1.684340e-01	-1.917354e-01	2.081066e-01	4.685642e-02	-1.718474e-01	9.047051e-01	-9.692957e-01	1.000000e+00	-5.829672e-01	3.423625e-01	4.462517e-01	1.065608e-01	-1.143071e-01	1.142358e-01	2.289276e-02	-7.586324e-02	3.435124e-01	-4.356874e-01	5.364992e-01	3.137547e-02	-1.878490e-01	
1.552618e-01	-1.168516e-01	-7.018164e-02	-9.605479e-03	1.059591e-01	-1.136991e-01	1.084992e-01	-9.081862e-02	5.044453e-02	-7.684106e-01	7.096783e-01	-5.829672e-01	1.000000e+00	-9.372891e-01	4.498303e-02	1.198544e-02	-1.381361e-02	1.462243e-02	2.981408e-03	-5.490465e-03	1.291929e-02	-1.550402e-02	1.559475e-02	4.388649e-02	-4.642392e-02	
-1.247335e-01	6.948821e-02	2.441644e-01	-6.184128e-02	-1.196207e-01	1.435131e-01	-1.500092e-01	-5.439505e-02	1.691528e-01	5.522025e-01	-4.775896e-01	3.423625e-01	-9.372891e-01	1.000000e+00	-1.578161e-01	-4.650436e-02	5.048057e-02	-5.077759e-02	-1.524710e-02	3.438237e-02	-1.087325e-01	1.374019e-01	-1.664371e-01	-5.112222e-02	9.910014e-02	
4.708630e-02	-2.353255e-01	-6.715518e-01	5.007414e-01	-1.763669e-03	9.015540e-04	-2.094527e-03	-1.121127e-03	1.274568e-02	2.655767e-01	-3.494683e-01	4.462517e-01	4.498303e-02	-1.578161e-01	1.000000e+00	-4.429807e-01	4.977363e-01	-5.394546e-01	1.386960e-01	1.453943e-01	2.242458e-01	-2.871565e-01	3.611675e-01	4.108727e-03	-9.140112e-02	
1.131751e-01	-5.140545e-04	-1.517003e-01	9.801473e-02	6.407253e-04	-2.473180e-03	9.228608e-04	4.890680e-02	-5.389547e-02	7.110408e-02	-8.882685e-02	1.065608e-01	1.198544e-02	-4.650436e-02	-4.429807e-01	1.000000e+00	-9.827803e-01	9.355346e-01	-6.380787e-01	1.905745e-01	2.202213e-01	-2.655695e-01	3.018945e-01	6.434760e-02	-1.363996e-01	
-1.184847e-01	5.452214e-03	1.623508e-01	-1.054394e-01	-2.033961e-03	4.227858e-03	-2.800431e-03	-4.985954e-02	5.558392e-02	-7.540432e-02	9.476812e-02	-1.143071e-01	-1.381361e-02	5.048057e-02	4.977363e-01	-9.827803e-01	1.000000e+00	-9.842382e-01	5.715567e-01	-9.885489e-02	-2.332823e-01	2.847317e-01	-3.269868e-01	-8.273796e-02	1.678416e-01	
1.132982e-01	-1.761434e-02	-1.616423e-01	1.054272e-01	3.877597e-03	-6.559926e-03	5.743805e-03	4.607097e-02	-5.309215e-02	7.463397e-02	-9.426085e-02	1.142358e-01	1.462243e-02	-5.077759e-02	-5.394546e-01	9.355346e-01	-9.842382e-01	1.000000e+00	-4.913502e-01	1.108612e-02	2.366441e-01	-2.916013e-01	3.375131e-01	9.409851e-02	-1.870341e-01	
3.636702e-02	1.387772e-01	-2.698595e-02	1.571178e-02	-1.159440e-02	1.396476e-02	-1.925283e-02	3.976114e-02	-2.643859e-02	1.424478e-02	-1.854613e-02	2.289276e-02	2.981408e-03	-1.524710e-02	1.386960e-01	-6.380787e-01	5.715567e-01	-4.913502e-01	1.000000e+00	-8.593246e-01	-2.950983e-02	3.536319e-02	-3.884245e-02	5.830228e-02	-1.220389e-01	
-7.191870e-02	-1.434339e-01	9.845672e-02	-6.159066e-02	1.123539e-02	-1.217542e-02	1.761262e-02	-5.952703e-02	4.859471e-02	-4.871705e-02	6.205849e-02	-7.586324e-02	-5.490465e-03	3.438237e-02	1.453943e-01	1.905745e-01	-9.885489e-02	1.108612e-02	-8.593246e-01	1.000000e+00	-8.747212e-02	1.074684e-01	-1.247249e-01	-1.160214e-01	2.455865e-01	
2.931486e-02	-1.758307e-02	-4.742115e-01	3.426830e-01	-1.163891e-02	8.887381e-03	-1.053601e-02	5.262921e-02	-4.610872e-02	2.137030e-01	-2.742175e-01	3.435124e-01	1.291929e-02	-1.087325e-01	2.242458e-01	2.202213e-01	-2.332823e-01	2.366441e-01	-2.950983e-02	-8.747212e-02	1.000000e+00	-9.807986e-01	9.076370e-01	-7.002959e-01	4.755046e-01	
-2.106257e-02	1.350104e-02	5.987574e-01	-4.312149e-01	1.157105e-02	-8.488388e-03	1.076286e-02	-6.316307e-02	5.604804e-02	-2.690159e-01	3.465962e-01	-4.356874e-01	-1.550402e-02	1.374019e-01	-2.871565e-01	-2.655695e-01	2.847317e-01	-2.916013e-01	3.536319e-02	1.074684e-01	-9.807986e-01	1.000000e+00	-9.712856e-01	6.245050e-01	-3.805867e-01	
-9.676690e-03	5.213134e-03	-7.293510e-01	5.230146e-01	-1.024481e-02	6.719807e-03	-9.464214e-03	7.254460e-02	-6.584364e-02	3.285700e-01	-4.250665e-01	5.364992e-01	1.559475e-02	-1.664371e-01	3.611675e-01	3.018945e-01	-3.269868e-01	3.375131e-01	-3.884245e-02	-1.247249e-01	9.076370e-01	-9.712856e-01	1.000000e+00	-4.878821e-01	2.319608e-01	
1.645589e-01	-9.818025e-02	-1.058533e-01	7.060932e-02	8.308002e-03	-6.822322e-03	3.467301e-03	4.832608e-03	-1.813319e-03	1.020819e-02	-2.115675e-02	3.137547e-02	4.388649e-02	-5.112222e-02	4.108727e-03	6.434760e-02	-8.273796e-02	9.409851e-02	5.830228e-02	-1.160214e-01	-7.002959e-01	6.245050e-01	-4.878821e-01	1.000000e+00	-9.483051e-01	
-1.423133e-01	6.070945e-02	3.158980e-01	-2.203791e-01	-1.878097e-03	1.191601e-03	3.462228e-03	-3.138843e-02	2.477412e-02	-1.036840e-01	1.436491e-01	-1.878490e-01	-4.642392e-02	9.910014e-02	-9.140112e-02	-1.363996e-01	1.678416e-01	-1.870341e-01	-1.220389e-01	2.455865e-01	4.755046e-01	-3.805867e-01	2.319608e-01	-9.483051e-01	1.000000e+00	

Time taken for mcmc chain: 2.413611 hours
