Number of steps: 2404267
Number of accepted steps: 960000
Burn-in number of steps: 320000
Accepted fraction of steps: 0.399290
Convergence Status
R[0]= 1.045913	R[1]= 1.149101	R[2]= 1.378750	R[3]= 1.136583	R[4]= 1.017996	R[5]= 1.020067	R[6]= 1.022166	R[7]= 1.001137	R[8]= 1.012032	R[9]= 1.007924	R[10]= 1.015640	R[11]= 1.030399	R[12]= 1.023180	R[13]= 1.029935	R[14]= 1.102380	R[15]= 1.074809	R[16]= 1.085757	R[17]= 1.090817	R[18]= 1.001073	R[19]= 1.016894	R[20]= 1.077906	R[21]= 1.119155	R[22]= 1.165771	R[23]= 1.046161	R[24]= 1.093680	
<R>= 1.070609

Mean parameters
A[0]= 9.198877e-01 pm 3.547397e-02
A[1]= 1.055210e+00 pm 3.318620e-02
A[2]= 8.814902e-01 pm 8.328109e-01
A[3]= 3.275172e+00 pm 1.480815e+00
A[4]= -3.392141e+03 pm 3.898617e+03
A[5]= 1.611614e+03 pm 2.578319e+03
A[6]= 6.326035e+01 pm 6.092121e+02
A[7]= 1.577657e+01 pm 1.304772e+01
A[8]= -2.677049e-01 pm 1.816853e-01
A[9]= -3.717588e+03 pm 8.412842e+03
A[10]= 1.685919e+03 pm 5.101473e+03
A[11]= -4.690854e+02 pm 1.089351e+03
A[12]= 1.438111e+01 pm 5.091491e+01
A[13]= -4.595705e-01 pm 9.930748e-01
A[14]= 4.707004e+00 pm 1.799118e+00
A[15]= -7.228488e+03 pm 5.360652e+03
A[16]= 5.262118e+03 pm 3.598069e+03
A[17]= -9.498231e+02 pm 8.566946e+02
A[18]= 9.018562e-01 pm 1.948151e+01
A[19]= 1.744588e-01 pm 2.737644e-01
A[20]= 4.256260e+03 pm 1.321404e+04
A[21]= -1.880593e+03 pm 8.626743e+03
A[22]= -1.872056e+02 pm 2.002369e+03
A[23]= -5.395405e+01 pm 6.998578e+01
A[24]= 8.559546e-01 pm 1.452901e+00

Best-fitting parameters
A[0]= 9.068619e-01
A[1]= 1.045056e+00
A[2]= 3.767265e-01
A[3]= 4.073610e+00
A[4]= -3.449989e+03
A[5]= 1.636502e+03
A[6]= 6.068730e+01
A[7]= 1.118829e+01
A[8]= -1.886404e-01
A[9]= -3.722901e+02
A[10]= -6.145047e+02
A[11]= 9.735914e+01
A[12]= 1.860405e+01
A[13]= -5.877928e-01
A[14]= 6.060513e+00
A[15]= -5.435143e+03
A[16]= 4.157259e+03
A[17]= -7.334309e+02
A[18]= -1.325946e+01
A[19]= 3.157883e-01
A[20]= 9.969102e+03
A[21]= -6.383212e+03
A[22]= 1.015397e+03
A[23]= -5.199062e+01
A[24]= 7.138536e-01
chi2_min= 8.950788e+01


Cross-Covariance parameters
1.000000e+00	-5.782342e-01	-3.151705e-01	2.502543e-01	-1.035348e-01	1.150977e-01	-1.314410e-01	6.121673e-02	3.520433e-02	2.340412e-03	4.130062e-03	-2.285695e-02	1.933394e-01	-1.705236e-01	2.100253e-01	1.475021e-01	-1.479041e-01	1.385982e-01	8.707168e-02	-1.139147e-01	1.168914e-01	-1.414228e-01	1.488025e-01	1.880664e-01	-1.874053e-01	
-5.782342e-01	1.000000e+00	5.202680e-01	-4.273838e-01	1.292686e-01	-1.424502e-01	1.482478e-01	1.138824e-01	-2.166666e-01	-4.211485e-02	6.529768e-02	-8.931662e-02	-1.807629e-01	1.530368e-01	-4.338497e-01	-1.859507e-01	2.034105e-01	-2.184995e-01	1.179097e-01	-5.186283e-02	-2.103485e-01	2.699979e-01	-3.149341e-01	-1.971880e-01	2.324288e-01	
-3.151705e-01	5.202680e-01	1.000000e+00	-8.104212e-01	2.500964e-01	-2.717510e-01	2.962265e-01	-6.926711e-02	-1.194078e-01	-2.777170e-01	3.802273e-01	-5.050067e-01	-2.677475e-01	3.643778e-01	-7.430523e-01	-3.705297e-01	4.000300e-01	-4.109263e-01	-5.656810e-02	1.971184e-01	-5.523164e-01	6.820261e-01	-7.970819e-01	-3.185663e-01	5.096647e-01	
2.502543e-01	-4.273838e-01	-8.104212e-01	1.000000e+00	-5.746591e-01	6.291311e-01	-6.731297e-01	1.494566e-01	2.036020e-01	2.377728e-01	-3.123634e-01	4.070071e-01	1.579419e-01	-2.228680e-01	6.562664e-01	2.952688e-01	-3.129426e-01	3.162478e-01	1.834799e-02	-1.271403e-01	4.451288e-01	-5.540413e-01	6.519580e-01	2.729322e-01	-4.278918e-01	
-1.035348e-01	1.292686e-01	2.500964e-01	-5.746591e-01	1.000000e+00	-9.865270e-01	9.495121e-01	-6.327723e-01	1.921810e-01	-6.289811e-03	-2.302795e-02	5.137039e-02	3.874798e-02	-1.689405e-02	-1.868539e-01	-6.920017e-02	6.817223e-02	-6.515063e-02	-8.651075e-03	2.379824e-02	-8.454631e-02	1.183646e-01	-1.507515e-01	-1.050785e-01	1.316687e-01	
1.150977e-01	-1.424502e-01	-2.717510e-01	6.291311e-01	-9.865270e-01	1.000000e+00	-9.875819e-01	5.758818e-01	-1.189280e-01	1.711448e-03	2.926079e-02	-5.870515e-02	-3.868209e-02	2.673732e-02	2.024194e-01	7.574857e-02	-7.429809e-02	7.051111e-02	1.094436e-02	-2.865432e-02	8.975222e-02	-1.264664e-01	1.616611e-01	1.179541e-01	-1.475087e-01	
-1.314410e-01	1.482478e-01	2.962265e-01	-6.731297e-01	9.495121e-01	-9.875819e-01	1.000000e+00	-5.112991e-01	5.285882e-02	5.071897e-03	-3.511798e-02	6.251462e-02	2.563679e-02	-2.003521e-02	-2.176769e-01	-8.683127e-02	8.549992e-02	-8.104534e-02	-1.681876e-02	3.894948e-02	-1.017557e-01	1.415081e-01	-1.793989e-01	-1.292360e-01	1.639318e-01	
6.121673e-02	1.138824e-01	-6.926711e-02	1.494566e-01	-6.327723e-01	5.758818e-01	-5.112991e-01	1.000000e+00	-8.618787e-01	1.305107e-01	-1.125133e-01	8.125100e-02	-5.958065e-02	-9.329534e-02	4.673622e-02	2.069010e-02	-1.796585e-02	1.289266e-02	3.576972e-02	-2.809044e-02	4.943955e-02	-5.940370e-02	6.716942e-02	4.460668e-03	-1.733294e-02	
3.520433e-02	-2.166666e-01	-1.194078e-01	2.036020e-01	1.921810e-01	-1.189280e-01	5.285882e-02	-8.618787e-01	1.000000e+00	-1.383822e-01	1.286806e-01	-1.010219e-01	7.007377e-02	1.139175e-01	9.042435e-02	3.286232e-02	-3.523898e-02	3.757230e-02	-1.089787e-02	-1.276890e-02	1.238182e-02	-2.722524e-02	4.300584e-02	8.689522e-02	-9.701023e-02	
2.340412e-03	-4.211485e-02	-2.777170e-01	2.377728e-01	-6.289811e-03	1.711448e-03	5.071897e-03	1.305107e-01	-1.383822e-01	1.000000e+00	-9.814725e-01	9.070474e-01	-7.185128e-01	5.426732e-01	2.979490e-01	2.364639e-02	-2.270833e-02	1.749295e-02	1.820227e-02	-1.658901e-02	1.415417e-01	-1.811665e-01	2.186073e-01	8.307075e-02	-1.395925e-01	
4.130062e-03	6.529768e-02	3.802273e-01	-3.123634e-01	-2.302795e-02	2.926079e-02	-3.511798e-02	-1.125133e-01	1.286806e-01	-9.814725e-01	1.000000e+00	-9.701221e-01	6.528641e-01	-4.680643e-01	-3.775593e-01	-7.853335e-02	8.217026e-02	-7.887558e-02	-1.212723e-02	3.340693e-02	-2.200806e-01	2.746601e-01	-3.253427e-01	-1.042954e-01	1.885646e-01	
-2.285695e-02	-8.931662e-02	-5.050067e-01	4.070071e-01	5.137039e-02	-5.870515e-02	6.251462e-02	8.125100e-02	-1.010219e-01	9.070474e-01	-9.701221e-01	1.000000e+00	-5.203669e-01	3.339050e-01	4.714407e-01	1.455293e-01	-1.555459e-01	1.553965e-01	7.030268e-03	-5.751778e-02	3.162055e-01	-3.890269e-01	4.561168e-01	1.305911e-01	-2.496800e-01	
1.933394e-01	-1.807629e-01	-2.677475e-01	1.579419e-01	3.874798e-02	-3.868209e-02	2.563679e-02	-5.958065e-02	7.007377e-02	-7.185128e-01	6.528641e-01	-5.203669e-01	1.000000e+00	-9.551620e-01	1.462834e-01	1.651233e-01	-1.811640e-01	1.896724e-01	4.933111e-02	-1.220573e-01	1.898254e-01	-2.203739e-01	2.442011e-01	8.976659e-02	-1.513789e-01	
-1.705236e-01	1.530368e-01	3.643778e-01	-2.228680e-01	-1.689405e-02	2.673732e-02	-2.003521e-02	-9.329534e-02	1.139175e-01	5.426732e-01	-4.680643e-01	3.339050e-01	-9.551620e-01	1.000000e+00	-2.370613e-01	-1.922847e-01	2.101587e-01	-2.182560e-01	-6.349731e-02	1.448571e-01	-2.631858e-01	3.077736e-01	-3.444729e-01	-1.047549e-01	1.942238e-01	
2.100253e-01	-4.338497e-01	-7.430523e-01	6.562664e-01	-1.868539e-01	2.024194e-01	-2.176769e-01	4.673622e-02	9.042435e-02	2.979490e-01	-3.775593e-01	4.714407e-01	1.462834e-01	-2.370613e-01	1.000000e+00	-1.518282e-01	1.761954e-01	-2.010155e-01	4.615898e-02	6.873771e-02	3.407768e-01	-4.329375e-01	5.217722e-01	1.964281e-01	-3.045384e-01	
1.475021e-01	-1.859507e-01	-3.705297e-01	2.952688e-01	-6.920017e-02	7.574857e-02	-8.683127e-02	2.069010e-02	3.286232e-02	2.364639e-02	-7.853335e-02	1.455293e-01	1.651233e-01	-1.922847e-01	-1.518282e-01	1.000000e+00	-9.847220e-01	9.434459e-01	-4.978635e-01	1.044908e-01	3.341298e-01	-3.965777e-01	4.445380e-01	1.328387e-01	-2.270174e-01	
-1.479041e-01	2.034105e-01	4.000300e-01	-3.129426e-01	6.817223e-02	-7.429809e-02	8.549992e-02	-1.796585e-02	-3.523898e-02	-2.270833e-02	8.217026e-02	-1.555459e-01	-1.811640e-01	2.101587e-01	1.761954e-01	-9.847220e-01	1.000000e+00	-9.863404e-01	4.311434e-01	-2.504487e-02	-3.637159e-01	4.312740e-01	-4.829758e-01	-1.501249e-01	2.591122e-01	
1.385982e-01	-2.184995e-01	-4.109263e-01	3.162478e-01	-6.515063e-02	7.051111e-02	-8.104534e-02	1.289266e-02	3.757230e-02	1.749295e-02	-7.887558e-02	1.553965e-01	1.896724e-01	-2.182560e-01	-2.010155e-01	9.434459e-01	-9.863404e-01	1.000000e+00	-3.595697e-01	-4.545489e-02	3.809696e-01	-4.504374e-01	5.032681e-01	1.557622e-01	-2.739651e-01	
8.707168e-02	1.179097e-01	-5.656810e-02	1.834799e-02	-8.651075e-03	1.094436e-02	-1.681876e-02	3.576972e-02	-1.089787e-02	1.820227e-02	-1.212723e-02	7.030268e-03	4.933111e-02	-6.349731e-02	4.615898e-02	-4.978635e-01	4.311434e-01	-3.595697e-01	1.000000e+00	-8.992234e-01	2.719116e-02	-2.189817e-02	1.445420e-02	9.241305e-02	-1.694780e-01	
-1.139147e-01	-5.186283e-02	1.971184e-01	-1.271403e-01	2.379824e-02	-2.865432e-02	3.894948e-02	-2.809044e-02	-1.276890e-02	-1.658901e-02	3.340693e-02	-5.751778e-02	-1.220573e-01	1.448571e-01	6.873771e-02	1.044908e-01	-2.504487e-02	-4.545489e-02	-8.992234e-01	1.000000e+00	-1.677115e-01	1.876467e-01	-1.985822e-01	-1.617747e-01	2.962017e-01	
1.168914e-01	-2.103485e-01	-5.523164e-01	4.451288e-01	-8.454631e-02	8.975222e-02	-1.017557e-01	4.943955e-02	1.238182e-02	1.415417e-01	-2.200806e-01	3.162055e-01	1.898254e-01	-2.631858e-01	3.407768e-01	3.341298e-01	-3.637159e-01	3.809696e-01	2.719116e-02	-1.677115e-01	1.000000e+00	-9.807585e-01	9.180595e-01	-5.066758e-01	2.590462e-01	
-1.414228e-01	2.699979e-01	6.820261e-01	-5.540413e-01	1.183646e-01	-1.264664e-01	1.415081e-01	-5.940370e-02	-2.722524e-02	-1.811665e-01	2.746601e-01	-3.890269e-01	-2.203739e-01	3.077736e-01	-4.329375e-01	-3.965777e-01	4.312740e-01	-4.504374e-01	-2.189817e-02	1.876467e-01	-9.807585e-01	1.000000e+00	-9.773449e-01	3.836705e-01	-1.271434e-01	
1.488025e-01	-3.149341e-01	-7.970819e-01	6.519580e-01	-1.507515e-01	1.616611e-01	-1.793989e-01	6.716942e-02	4.300584e-02	2.186073e-01	-3.253427e-01	4.561168e-01	2.442011e-01	-3.444729e-01	5.217722e-01	4.445380e-01	-4.829758e-01	5.032681e-01	1.445420e-02	-1.985822e-01	9.180595e-01	-9.773449e-01	1.000000e+00	-2.259405e-01	-2.911388e-02	
1.880664e-01	-1.971880e-01	-3.185663e-01	2.729322e-01	-1.050785e-01	1.179541e-01	-1.292360e-01	4.460668e-03	8.689522e-02	8.307075e-02	-1.042954e-01	1.305911e-01	8.976659e-02	-1.047549e-01	1.964281e-01	1.328387e-01	-1.501249e-01	1.557622e-01	9.241305e-02	-1.617747e-01	-5.066758e-01	3.836705e-01	-2.259405e-01	1.000000e+00	-9.532544e-01	
-1.874053e-01	2.324288e-01	5.096647e-01	-4.278918e-01	1.316687e-01	-1.475087e-01	1.639318e-01	-1.733294e-02	-9.701023e-02	-1.395925e-01	1.885646e-01	-2.496800e-01	-1.513789e-01	1.942238e-01	-3.045384e-01	-2.270174e-01	2.591122e-01	-2.739651e-01	-1.694780e-01	2.962017e-01	2.590462e-01	-1.271434e-01	-2.911388e-02	-9.532544e-01	1.000000e+00	

Time taken for mcmc chain: 1.241389 hours
