Number of steps: 16702375
Number of accepted steps: 960000
Burn-in number of steps: 320000
Accepted fraction of steps: 0.057477
Convergence Status
R[0]= 1.001037	R[1]= 1.003244	R[2]= 1.001044	R[3]= 1.000723	R[4]= 1.001886	R[5]= 1.001891	R[6]= 1.001902	R[7]= 1.000666	R[8]= 1.000151	R[9]= 1.000327	R[10]= 1.000222	R[11]= 1.000127	R[12]= 1.000598	R[13]= 1.000322	R[14]= 1.001338	R[15]= 1.000782	R[16]= 1.000819	R[17]= 1.000804	R[18]= 1.000206	R[19]= 1.000248	R[20]= 1.000127	R[21]= 1.000164	R[22]= 1.000284	R[23]= 1.000073	R[24]= 1.000095	
<R>= 1.000763

Mean parameters
A[0]= 9.906299e-01 pm 3.742837e-02
A[1]= 1.119613e+00 pm 3.234363e-02
A[2]= 6.446493e-01 pm 4.703495e-01
A[3]= 3.504323e+00 pm 1.215063e+00
A[4]= -3.552298e+03 pm 3.704289e+03
A[5]= 1.358214e+03 pm 2.354187e+03
A[6]= 2.544256e+02 pm 5.218378e+02
A[7]= 8.301721e+00 pm 1.299350e+01
A[8]= -2.313856e-01 pm 1.829186e-01
A[9]= -3.034425e+03 pm 8.225964e+03
A[10]= 9.628904e+02 pm 4.843374e+03
A[11]= -2.276382e+02 pm 9.765905e+02
A[12]= 1.282893e+01 pm 4.936527e+01
A[13]= -4.938799e-01 pm 9.492732e-01
A[14]= 4.884464e+00 pm 1.640356e+00
A[15]= -5.564441e+03 pm 5.110580e+03
A[16]= 3.644326e+03 pm 3.256969e+03
A[17]= -3.887547e+02 pm 7.244706e+02
A[18]= -1.074673e+01 pm 1.946982e+01
A[19]= 1.975412e-01 pm 2.700481e-01
A[20]= 7.024976e+03 pm 1.129647e+04
A[21]= -4.315667e+03 pm 6.701890e+03
A[22]= 5.258233e+02 pm 1.360675e+03
A[23]= -5.520170e+01 pm 6.841873e+01
A[24]= 7.152647e-01 pm 1.333533e+00

Best-fitting parameters
A[0]= 9.947488e-01
A[1]= 1.120030e+00
A[2]= 5.086366e-01
A[3]= 3.919853e+00
A[4]= -4.447498e+03
A[5]= 1.960135e+03
A[6]= 1.124812e+02
A[7]= 6.452418e+00
A[8]= -1.782424e-01
A[9]= -1.139930e+03
A[10]= -1.046117e+02
A[11]= -4.323997e+01
A[12]= 9.403800e+00
A[13]= -4.514204e-01
A[14]= 6.021439e+00
A[15]= -7.282272e+03
A[16]= 4.983857e+03
A[17]= -7.537660e+02
A[18]= -2.102536e+01
A[19]= 4.158627e-01
A[20]= 3.264535e+03
A[21]= -2.795868e+03
A[22]= 3.945670e+02
A[23]= -5.919868e+01
A[24]= 9.182285e-01
chi2_min= 8.823148e+01


Cross-Covariance parameters
1.000000e+00	-5.072588e-01	-1.199226e-01	7.849292e-02	-3.794537e-04	1.530985e-03	-9.456532e-03	8.964452e-02	-7.023908e-02	-3.929942e-02	5.348915e-02	-8.547936e-02	1.320048e-01	-1.032197e-01	3.543683e-02	5.293955e-02	-5.723745e-02	5.350727e-02	8.638798e-02	-8.372582e-02	-4.893996e-03	1.889364e-02	-5.439592e-02	1.247166e-01	-1.012841e-01	
-5.072588e-01	1.000000e+00	1.664446e-01	-1.815275e-01	-3.092430e-02	3.449384e-02	-4.565409e-02	1.379960e-01	-1.272206e-01	3.202059e-02	-3.738796e-02	5.053114e-02	-1.165604e-01	6.391201e-02	-2.233666e-01	5.984287e-03	-4.291209e-03	-4.563667e-03	1.430932e-01	-1.394106e-01	-6.450958e-03	-8.671139e-04	2.249230e-02	-6.561892e-02	3.283623e-02	
-1.199226e-01	1.664446e-01	1.000000e+00	-7.227829e-01	4.323055e-02	-4.468915e-02	5.177138e-02	-3.522343e-02	-2.893072e-03	-3.323302e-01	4.395831e-01	-5.686692e-01	-1.984753e-01	2.817266e-01	-6.746493e-01	-5.849303e-02	6.280100e-02	-5.898253e-02	-1.258408e-02	1.458068e-02	-3.693529e-01	4.707483e-01	-5.910940e-01	-2.315016e-01	3.313675e-01	
7.849292e-02	-1.815275e-01	-7.227829e-01	1.000000e+00	-5.285558e-01	5.787956e-01	-6.176882e-01	6.275600e-02	1.564727e-01	2.032015e-01	-2.664054e-01	3.470637e-01	7.236910e-02	-1.009523e-01	5.319853e-01	4.665366e-02	-4.881487e-02	4.566635e-02	-1.586560e-02	1.207531e-02	2.716981e-01	-3.490819e-01	4.415844e-01	1.779962e-01	-2.479207e-01	
-3.794537e-04	-3.092430e-02	4.323055e-02	-5.285558e-01	1.000000e+00	-9.868548e-01	9.491380e-01	-5.719146e-01	2.529073e-01	1.554525e-02	-4.315842e-02	7.301828e-02	1.248737e-01	-9.873410e-02	-3.601417e-02	7.588911e-03	-8.862140e-03	1.062957e-02	2.138036e-03	-5.613245e-03	-1.018027e-02	1.534893e-02	-2.207487e-02	-1.214473e-02	1.731412e-02	
1.530985e-03	3.449384e-02	-4.468915e-02	5.787956e-01	-9.868548e-01	1.000000e+00	-9.870263e-01	5.182323e-01	-1.930231e-01	-1.899331e-02	4.954676e-02	-8.281519e-02	-1.389166e-01	1.215131e-01	3.669277e-02	-9.395825e-03	1.060713e-02	-1.241335e-02	-4.855256e-05	4.438676e-03	9.373003e-03	-1.469923e-02	2.168871e-02	1.292307e-02	-1.787821e-02	
-9.456532e-03	-4.565409e-02	5.177138e-02	-6.176882e-01	9.491380e-01	-9.870263e-01	1.000000e+00	-4.600859e-01	1.414210e-01	2.505160e-02	-5.675217e-02	9.130363e-02	1.392490e-01	-1.272639e-01	-3.867934e-02	9.259022e-03	-1.026697e-02	1.226861e-02	-5.805579e-03	6.824550e-04	-1.083306e-02	1.704534e-02	-2.510048e-02	-1.649510e-02	2.216870e-02	
8.964452e-02	1.379960e-01	-3.522343e-02	6.275600e-02	-5.719146e-01	5.182323e-01	-4.600859e-01	1.000000e+00	-9.189338e-01	1.369316e-01	-1.235994e-01	9.606432e-02	-6.261920e-02	-1.039262e-01	-1.096360e-02	1.292503e-02	-1.366893e-02	1.061746e-02	6.252590e-02	-6.377112e-02	1.653030e-02	-2.073009e-02	2.534367e-02	2.458466e-02	-3.485218e-02	
-7.023908e-02	-1.272206e-01	-2.893072e-03	1.564727e-01	2.529073e-01	-1.930231e-01	1.414210e-01	-9.189338e-01	1.000000e+00	-1.534209e-01	1.476025e-01	-1.256368e-01	2.606926e-02	1.698895e-01	3.484897e-02	-1.204864e-02	1.300081e-02	-1.095165e-02	-5.970989e-02	6.271826e-02	-4.637687e-03	4.861186e-03	-4.978502e-03	-1.527109e-02	2.220055e-02	
-3.929942e-02	3.202059e-02	-3.323302e-01	2.032015e-01	1.554525e-02	-1.899331e-02	2.505160e-02	1.369316e-01	-1.534209e-01	1.000000e+00	-9.850873e-01	9.257121e-01	-7.350004e-01	5.811456e-01	2.256336e-01	2.347690e-02	-2.436752e-02	2.203323e-02	1.877322e-02	-2.276449e-02	1.364757e-01	-1.738403e-01	2.203130e-01	7.222604e-02	-1.131000e-01	
5.348915e-02	-3.738796e-02	4.395831e-01	-2.664054e-01	-4.315842e-02	4.954676e-02	-5.675217e-02	-1.235994e-01	1.476025e-01	-9.850873e-01	1.000000e+00	-9.762565e-01	6.879600e-01	-5.330026e-01	-3.003670e-01	-3.089936e-02	3.225916e-02	-2.947410e-02	-2.052304e-02	2.524845e-02	-1.795533e-01	2.293244e-01	-2.911825e-01	-9.614500e-02	1.492897e-01	
-8.547936e-02	5.053114e-02	-5.686692e-01	3.470637e-01	7.301828e-02	-8.281519e-02	9.130363e-02	9.606432e-02	-1.256368e-01	9.257121e-01	-9.762565e-01	1.000000e+00	-5.892659e-01	4.407189e-01	3.912941e-01	3.911062e-02	-4.095711e-02	3.768514e-02	2.066331e-02	-2.629663e-02	2.322961e-01	-2.974306e-01	3.785618e-01	1.231393e-01	-1.915446e-01	
1.320048e-01	-1.165604e-01	-1.984753e-01	7.236910e-02	1.248737e-01	-1.389166e-01	1.392490e-01	-6.261920e-02	2.606926e-02	-7.350004e-01	6.879600e-01	-5.892659e-01	1.000000e+00	-9.575835e-01	1.396312e-01	3.010335e-02	-3.164534e-02	3.092203e-02	-3.056917e-03	-9.917290e-04	7.431673e-02	-9.349284e-02	1.139314e-01	6.085549e-02	-7.469972e-02	
-1.032197e-01	6.391201e-02	2.817266e-01	-1.009523e-01	-9.873410e-02	1.215131e-01	-1.272639e-01	-1.039262e-01	1.698895e-01	5.811456e-01	-5.330026e-01	4.407189e-01	-9.575835e-01	1.000000e+00	-1.921534e-01	-3.662430e-02	3.828873e-02	-3.646640e-02	-1.040865e-02	1.588272e-02	-1.105072e-01	1.402184e-01	-1.744674e-01	-7.993168e-02	1.061455e-01	
3.543683e-02	-2.233666e-01	-6.746493e-01	5.319853e-01	-3.601417e-02	3.669277e-02	-3.867934e-02	-1.096360e-02	3.484897e-02	2.256336e-01	-3.003670e-01	3.912941e-01	1.396312e-01	-1.921534e-01	1.000000e+00	-4.686551e-01	5.271545e-01	-5.740495e-01	-6.717283e-02	2.438212e-01	1.676140e-01	-2.197729e-01	2.896484e-01	9.184219e-02	-1.240713e-01	
5.293955e-02	5.984287e-03	-5.849303e-02	4.665366e-02	7.588911e-03	-9.395825e-03	9.259022e-03	1.292503e-02	-1.204864e-02	2.347690e-02	-3.089936e-02	3.911062e-02	3.010335e-02	-3.662430e-02	-4.686551e-01	1.000000e+00	-9.853966e-01	9.434636e-01	-4.844241e-01	1.964886e-01	1.634458e-01	-1.942345e-01	2.218076e-01	6.575044e-02	-8.125940e-02	
-5.723745e-02	-4.291209e-03	6.280100e-02	-4.881487e-02	-8.862140e-03	1.060713e-02	-1.026697e-02	-1.366893e-02	1.300081e-02	-2.436752e-02	3.225916e-02	-4.095711e-02	-3.164534e-02	3.828873e-02	5.271545e-01	-9.853966e-01	1.000000e+00	-9.856115e-01	4.124867e-01	-1.192704e-01	-1.706382e-01	2.057598e-01	-2.376676e-01	-8.267933e-02	1.052360e-01	
5.350727e-02	-4.563667e-03	-5.898253e-02	4.566635e-02	1.062957e-02	-1.241335e-02	1.226861e-02	1.061746e-02	-1.095165e-02	2.203323e-02	-2.947410e-02	3.768514e-02	3.092203e-02	-3.646640e-02	-5.740495e-01	9.434636e-01	-9.856115e-01	1.000000e+00	-3.363201e-01	4.914644e-02	1.707884e-01	-2.086142e-01	2.434821e-01	9.284744e-02	-1.193494e-01	
8.638798e-02	1.430932e-01	-1.258408e-02	-1.586560e-02	2.138036e-03	-4.855256e-05	-5.805579e-03	6.252590e-02	-5.970989e-02	1.877322e-02	-2.052304e-02	2.066331e-02	-3.056917e-03	-1.040865e-02	-6.717283e-02	-4.844241e-01	4.124867e-01	-3.363201e-01	1.000000e+00	-9.385412e-01	-4.674116e-03	6.202459e-03	-1.019189e-02	9.846019e-02	-1.792466e-01	
-8.372582e-02	-1.394106e-01	1.458068e-02	1.207531e-02	-5.613245e-03	4.438676e-03	6.824550e-04	-6.377112e-02	6.271826e-02	-2.276449e-02	2.524845e-02	-2.629663e-02	-9.917290e-04	1.588272e-02	2.438212e-01	1.964886e-01	-1.192704e-01	4.914644e-02	-9.385412e-01	1.000000e+00	-4.501476e-02	5.225591e-02	-5.452175e-02	-1.255704e-01	2.280490e-01	
-4.893996e-03	-6.450958e-03	-3.693529e-01	2.716981e-01	-1.018027e-02	9.373003e-03	-1.083306e-02	1.653030e-02	-4.637687e-03	1.364757e-01	-1.795533e-01	2.322961e-01	7.431673e-02	-1.105072e-01	1.676140e-01	1.634458e-01	-1.706382e-01	1.707884e-01	-4.674116e-03	-4.501476e-02	1.000000e+00	-9.860129e-01	9.302118e-01	-6.864095e-01	5.441750e-01	
1.889364e-02	-8.671139e-04	4.707483e-01	-3.490819e-01	1.534893e-02	-1.469923e-02	1.704534e-02	-2.073009e-02	4.861186e-03	-1.738403e-01	2.293244e-01	-2.974306e-01	-9.349284e-02	1.402184e-01	-2.197729e-01	-1.942345e-01	2.057598e-01	-2.086142e-01	6.202459e-03	5.225591e-02	-9.860129e-01	1.000000e+00	-9.776199e-01	6.348913e-01	-4.889680e-01	
-5.439592e-02	2.249230e-02	-5.910940e-01	4.415844e-01	-2.207487e-02	2.168871e-02	-2.510048e-02	2.534367e-02	-4.978502e-03	2.203130e-01	-2.911825e-01	3.785618e-01	1.139314e-01	-1.744674e-01	2.896484e-01	2.218076e-01	-2.376676e-01	2.434821e-01	-1.019189e-02	-5.452175e-02	9.302118e-01	-9.776199e-01	1.000000e+00	-5.342854e-01	3.903492e-01	
1.247166e-01	-6.561892e-02	-2.315016e-01	1.779962e-01	-1.214473e-02	1.292307e-02	-1.649510e-02	2.458466e-02	-1.527109e-02	7.222604e-02	-9.614500e-02	1.231393e-01	6.085549e-02	-7.993168e-02	9.184219e-02	6.575044e-02	-8.267933e-02	9.284744e-02	9.846019e-02	-1.255704e-01	-6.864095e-01	6.348913e-01	-5.342854e-01	1.000000e+00	-9.712769e-01	
-1.012841e-01	3.283623e-02	3.313675e-01	-2.479207e-01	1.731412e-02	-1.787821e-02	2.216870e-02	-3.485218e-02	2.220055e-02	-1.131000e-01	1.492897e-01	-1.915446e-01	-7.469972e-02	1.061455e-01	-1.240713e-01	-8.125940e-02	1.052360e-01	-1.193494e-01	-1.792466e-01	2.280490e-01	5.441750e-01	-4.889680e-01	3.903492e-01	-9.712769e-01	1.000000e+00	

Time taken for mcmc chain: 2.170278 hours
