Number of steps: 12143750
Number of accepted steps: 960000
Burn-in number of steps: 320000
Accepted fraction of steps: 0.079053
Convergence Status
R[0]= 1.000278	R[1]= 1.000505	R[2]= 1.002852	R[3]= 1.000182	R[4]= 1.000640	R[5]= 1.000698	R[6]= 1.000792	R[7]= 1.000063	R[8]= 1.000023	R[9]= 1.000180	R[10]= 1.000278	R[11]= 1.000495	R[12]= 1.000405	R[13]= 1.000357	R[14]= 1.001465	R[15]= 1.001761	R[16]= 1.001859	R[17]= 1.001940	R[18]= 1.000871	R[19]= 1.000692	R[20]= 1.000179	R[21]= 1.000168	R[22]= 1.000195	R[23]= 1.000418	R[24]= 1.000333	
<R>= 1.000705

Mean parameters
A[0]= 1.072974e+00 pm 3.937259e-02
A[1]= 1.207628e+00 pm 3.384333e-02
A[2]= 6.018209e-01 pm 4.296755e-01
A[3]= 3.677240e+00 pm 1.218826e+00
A[4]= -2.957859e+03 pm 3.558525e+03
A[5]= 6.528258e+02 pm 2.193238e+03
A[6]= 5.321053e+02 pm 4.601029e+02
A[7]= -8.133982e-01 pm 1.285121e+01
A[8]= -1.989787e-01 pm 1.835382e-01
A[9]= -2.055315e+03 pm 8.108194e+03
A[10]= 2.045911e+02 pm 4.680012e+03
A[11]= -1.751493e+01 pm 9.009368e+02
A[12]= 8.809395e+00 pm 5.006315e+01
A[13]= -4.910128e-01 pm 9.472342e-01
A[14]= 4.943648e+00 pm 1.647490e+00
A[15]= -4.077948e+03 pm 4.848895e+03
A[16]= 2.213668e+03 pm 2.982120e+03
A[17]= 9.993207e+01 pm 6.243430e+02
A[18]= -2.315420e+01 pm 1.972138e+01
A[19]= 2.315140e-01 pm 2.718514e-01
A[20]= 8.126143e+03 pm 1.091979e+04
A[21]= -5.290641e+03 pm 6.299166e+03
A[22]= 8.198917e+02 pm 1.208542e+03
A[23]= -5.627170e+01 pm 6.980036e+01
A[24]= 6.241474e-01 pm 1.333967e+00

Best-fitting parameters
A[0]= 1.048982e+00
A[1]= 1.234004e+00
A[2]= 6.505673e-01
A[3]= 3.660973e+00
A[4]= -4.231456e+03
A[5]= 1.632121e+03
A[6]= 2.873315e+02
A[7]= 6.305556e+00
A[8]= -2.975166e-01
A[9]= 6.841216e+02
A[10]= -1.162386e+03
A[11]= 2.033659e+02
A[12]= -1.465820e+01
A[13]= -2.395114e-01
A[14]= 4.875007e+00
A[15]= -5.807876e+03
A[16]= 3.346218e+03
A[17]= -1.451960e+02
A[18]= -1.952681e+01
A[19]= 1.682488e-01
A[20]= 5.291102e+03
A[21]= -3.884443e+03
A[22]= 5.780449e+02
A[23]= -5.352823e+01
A[24]= 4.917620e-01
chi2_min= 8.834987e+01


Cross-Covariance parameters
1.000000e+00	-4.908847e-01	-1.376309e-01	6.634103e-02	1.399135e-02	-1.619474e-02	1.054518e-02	8.469086e-02	-6.858728e-02	-3.727182e-02	4.993755e-02	-7.946801e-02	1.225101e-01	-9.894512e-02	5.145463e-02	4.614742e-02	-4.669955e-02	4.015076e-02	7.520469e-02	-6.297249e-02	-3.231512e-02	4.282526e-02	-7.149689e-02	1.249548e-01	-1.010834e-01	
-4.908847e-01	1.000000e+00	1.781574e-01	-1.509598e-01	-7.542860e-02	8.460308e-02	-9.989762e-02	1.291600e-01	-1.026469e-01	3.134631e-02	-3.484203e-02	4.582571e-02	-1.116534e-01	6.380527e-02	-2.265127e-01	-8.170008e-03	9.136348e-03	-1.818285e-02	1.505951e-01	-1.425719e-01	1.595686e-02	-2.169975e-02	3.844943e-02	-7.581026e-02	4.087184e-02	
-1.376309e-01	1.781574e-01	1.000000e+00	-7.028528e-01	1.096816e-02	-1.126826e-02	1.772523e-02	-2.510415e-02	7.754809e-03	-3.145813e-01	4.042480e-01	-5.094367e-01	-2.411262e-01	2.809567e-01	-6.603492e-01	-5.446445e-02	5.208365e-02	-4.263131e-02	8.834321e-03	-1.272928e-02	-2.732435e-01	3.572413e-01	-4.588546e-01	-2.992047e-01	3.351694e-01	
6.634103e-02	-1.509598e-01	-7.028528e-01	1.000000e+00	-5.146399e-01	5.658412e-01	-6.053664e-01	-5.541603e-02	1.855489e-01	1.922339e-01	-2.434008e-01	3.077936e-01	8.216922e-02	-8.350060e-02	4.986905e-01	2.727188e-02	-2.658403e-02	2.213716e-02	-1.354848e-02	1.708392e-02	2.052415e-01	-2.672983e-01	3.427173e-01	2.091135e-01	-2.346573e-01	
1.399135e-02	-7.542860e-02	1.096816e-02	-5.146399e-01	1.000000e+00	-9.878718e-01	9.524765e-01	-4.666585e-01	2.395088e-01	-2.377856e-03	-1.891175e-02	4.215917e-02	1.484386e-01	-1.093886e-01	-9.436878e-03	2.044596e-02	-2.096608e-02	2.221629e-02	-1.605370e-02	1.078358e-02	-2.011500e-03	2.811204e-03	-4.440701e-03	-5.471006e-03	9.574350e-03	
-1.619474e-02	8.460308e-02	-1.126826e-02	5.658412e-01	-9.878718e-01	1.000000e+00	-9.876208e-01	4.105214e-01	-1.865340e-01	1.816040e-03	2.152498e-02	-4.726132e-02	-1.629487e-01	1.295021e-01	1.004438e-02	-2.324054e-02	2.391392e-02	-2.526172e-02	1.748434e-02	-1.161975e-02	1.941324e-03	-2.853733e-03	4.714926e-03	5.002787e-03	-9.178238e-03	
1.054518e-02	-9.989762e-02	1.772523e-02	-6.053664e-01	9.524765e-01	-9.876208e-01	1.000000e+00	-3.592312e-01	1.489421e-01	1.721114e-03	-2.592612e-02	5.296889e-02	1.629185e-01	-1.310864e-01	-1.206395e-02	2.420446e-02	-2.494150e-02	2.658658e-02	-2.234308e-02	1.568552e-02	-4.218808e-03	5.858108e-03	-8.581649e-03	-6.767298e-03	1.140656e-02	
8.469086e-02	1.291600e-01	-2.510415e-02	-5.541603e-02	-4.666585e-01	4.105214e-01	-3.592312e-01	1.000000e+00	-9.483105e-01	1.389926e-01	-1.334490e-01	1.147782e-01	-3.923623e-02	-1.309902e-01	-1.571020e-02	4.072980e-03	-5.503077e-03	3.324446e-03	5.314021e-02	-4.558863e-02	1.682425e-03	-3.505974e-03	5.633622e-03	2.987092e-02	-3.562348e-02	
-6.858728e-02	-1.026469e-01	7.754809e-03	1.855489e-01	2.395088e-01	-1.865340e-01	1.489421e-01	-9.483105e-01	1.000000e+00	-1.465081e-01	1.449496e-01	-1.286098e-01	1.531924e-02	1.756147e-01	2.274357e-02	-3.493684e-03	5.255232e-03	-4.182221e-03	-4.469104e-02	3.829856e-02	3.258374e-03	-2.635652e-03	1.890586e-03	-2.140115e-02	2.547705e-02	
-3.727182e-02	3.134631e-02	-3.145813e-01	1.922339e-01	-2.377856e-03	1.816040e-03	1.721114e-03	1.389926e-01	-1.465081e-01	1.000000e+00	-9.881401e-01	9.429025e-01	-7.274269e-01	6.058771e-01	2.157715e-01	1.149876e-02	-1.140124e-02	8.899221e-03	4.922391e-03	-2.547998e-03	9.717114e-02	-1.285479e-01	1.681203e-01	9.017715e-02	-1.057094e-01	
4.993755e-02	-3.484203e-02	4.042480e-01	-2.434008e-01	-1.891175e-02	2.152498e-02	-2.592612e-02	-1.334490e-01	1.449496e-01	-9.881401e-01	1.000000e+00	-9.822338e-01	6.964304e-01	-5.792507e-01	-2.757493e-01	-1.625555e-02	1.606776e-02	-1.283592e-02	-5.296264e-03	2.912148e-03	-1.257964e-01	1.655150e-01	-2.155997e-01	-1.155402e-01	1.356853e-01	
-7.946801e-02	4.582571e-02	-5.094367e-01	3.077936e-01	4.215917e-02	-4.726132e-02	5.296889e-02	1.147782e-01	-1.286098e-01	9.429025e-01	-9.822338e-01	1.000000e+00	-6.312074e-01	5.261513e-01	3.465072e-01	2.203567e-02	-2.168272e-02	1.762396e-02	4.480943e-03	-2.387264e-03	1.606693e-01	-2.105242e-01	2.735970e-01	1.441330e-01	-1.701193e-01	
1.225101e-01	-1.116534e-01	-2.411262e-01	8.216922e-02	1.484386e-01	-1.629487e-01	1.629185e-01	-3.923623e-02	1.531924e-02	-7.274269e-01	6.964304e-01	-6.312074e-01	1.000000e+00	-9.628289e-01	1.515664e-01	3.351907e-02	-3.448754e-02	3.310082e-02	1.810224e-03	-2.080919e-03	6.386461e-02	-8.274187e-02	1.039838e-01	8.299341e-02	-8.852438e-02	
-9.894512e-02	6.380527e-02	2.809567e-01	-8.350060e-02	-1.093886e-01	1.295021e-01	-1.310864e-01	-1.309902e-01	1.756147e-01	6.058771e-01	-5.792507e-01	5.261513e-01	-9.628289e-01	1.000000e+00	-1.713653e-01	-3.517411e-02	3.656826e-02	-3.480809e-02	-1.136245e-02	1.048168e-02	-7.732534e-02	1.011067e-01	-1.289737e-01	-9.498581e-02	1.045905e-01	
5.145463e-02	-2.265127e-01	-6.603492e-01	4.986905e-01	-9.436878e-03	1.004438e-02	-1.206395e-02	-1.571020e-02	2.274357e-02	2.157715e-01	-2.757493e-01	3.465072e-01	1.515664e-01	-1.713653e-01	1.000000e+00	-4.711392e-01	5.323710e-01	-5.807432e-01	-1.869776e-01	2.909443e-01	1.215913e-01	-1.634668e-01	2.206400e-01	1.135491e-01	-1.114815e-01	
4.614742e-02	-8.170008e-03	-5.446445e-02	2.727188e-02	2.044596e-02	-2.324054e-02	2.420446e-02	4.072980e-03	-3.493684e-03	1.149876e-02	-1.625555e-02	2.203567e-02	3.351907e-02	-3.517411e-02	-4.711392e-01	1.000000e+00	-9.866289e-01	9.471797e-01	-3.882412e-01	1.930415e-01	1.282316e-01	-1.528858e-01	1.749419e-01	7.202059e-02	-6.838796e-02	
-4.669955e-02	9.136348e-03	5.208365e-02	-2.658403e-02	-2.096608e-02	2.391392e-02	-2.494150e-02	-5.503077e-03	5.255232e-03	-1.140124e-02	1.606776e-02	-2.168272e-02	-3.448754e-02	3.656826e-02	5.323710e-01	-9.866289e-01	1.000000e+00	-9.861678e-01	3.208717e-01	-1.289926e-01	-1.302237e-01	1.578483e-01	-1.829796e-01	-8.843111e-02	8.844852e-02	
4.015076e-02	-1.818285e-02	-4.263131e-02	2.213716e-02	2.221629e-02	-2.526172e-02	2.658658e-02	3.324446e-03	-4.182221e-03	8.899221e-03	-1.283592e-02	1.762396e-02	3.310082e-02	-3.480809e-02	-5.807432e-01	9.471797e-01	-9.861678e-01	1.000000e+00	-2.580840e-01	7.869145e-02	1.274921e-01	-1.570912e-01	1.846200e-01	9.668230e-02	-9.748233e-02	
7.520469e-02	1.505951e-01	8.834321e-03	-1.354848e-02	-1.605370e-02	1.748434e-02	-2.234308e-02	5.314021e-02	-4.469104e-02	4.922391e-03	-5.296264e-03	4.480943e-03	1.810224e-03	-1.136245e-02	-1.869776e-01	-3.882412e-01	3.208717e-01	-2.580840e-01	1.000000e+00	-9.631103e-01	1.316426e-02	-1.197495e-02	5.759531e-03	1.064818e-01	-1.917660e-01	
-6.297249e-02	-1.425719e-01	-1.272928e-02	1.708392e-02	1.078358e-02	-1.161975e-02	1.568552e-02	-4.558863e-02	3.829856e-02	-2.547998e-03	2.912148e-03	-2.387264e-03	-2.080919e-03	1.048168e-02	2.909443e-01	1.930415e-01	-1.289926e-01	7.869145e-02	-9.631103e-01	1.000000e+00	-3.901164e-02	4.087707e-02	-3.569759e-02	-1.206118e-01	2.196315e-01	
-3.231512e-02	1.595686e-02	-2.732435e-01	2.052415e-01	-2.011500e-03	1.941324e-03	-4.218808e-03	1.682425e-03	3.258374e-03	9.717114e-02	-1.257964e-01	1.606693e-01	6.386461e-02	-7.732534e-02	1.215913e-01	1.282316e-01	-1.302237e-01	1.274921e-01	1.316426e-02	-3.901164e-02	1.000000e+00	-9.887637e-01	9.451350e-01	-7.094096e-01	6.114698e-01	
4.282526e-02	-2.169975e-02	3.572413e-01	-2.672983e-01	2.811204e-03	-2.853733e-03	5.858108e-03	-3.505974e-03	-2.635652e-03	-1.285479e-01	1.655150e-01	-2.105242e-01	-8.274187e-02	1.011067e-01	-1.634668e-01	-1.528858e-01	1.578483e-01	-1.570912e-01	-1.197495e-02	4.087707e-02	-9.887637e-01	1.000000e+00	-9.827038e-01	6.781147e-01	-5.833405e-01	
-7.149689e-02	3.844943e-02	-4.588546e-01	3.427173e-01	-4.440701e-03	4.714926e-03	-8.581649e-03	5.633622e-03	1.890586e-03	1.681203e-01	-2.155997e-01	2.735970e-01	1.039838e-01	-1.289737e-01	2.206400e-01	1.749419e-01	-1.829796e-01	1.846200e-01	5.759531e-03	-3.569759e-02	9.451350e-01	-9.827038e-01	1.000000e+00	-6.140848e-01	5.284662e-01	
1.249548e-01	-7.581026e-02	-2.992047e-01	2.091135e-01	-5.471006e-03	5.002787e-03	-6.767298e-03	2.987092e-02	-2.140115e-02	9.017715e-02	-1.155402e-01	1.441330e-01	8.299341e-02	-9.498581e-02	1.135491e-01	7.202059e-02	-8.843111e-02	9.668230e-02	1.064818e-01	-1.206118e-01	-7.094096e-01	6.781147e-01	-6.140848e-01	1.000000e+00	-9.778780e-01	
-1.010834e-01	4.087184e-02	3.351694e-01	-2.346573e-01	9.574350e-03	-9.178238e-03	1.140656e-02	-3.562348e-02	2.547705e-02	-1.057094e-01	1.356853e-01	-1.701193e-01	-8.852438e-02	1.045905e-01	-1.114815e-01	-6.838796e-02	8.844852e-02	-9.748233e-02	-1.917660e-01	2.196315e-01	6.114698e-01	-5.833405e-01	5.284662e-01	-9.778780e-01	1.000000e+00	

Time taken for mcmc chain: 56.350000 minutes
