Number of steps: 34741653
Number of accepted steps: 960000
Burn-in number of steps: 320000
Accepted fraction of steps: 0.027633
Convergence Status
R[0]= 1.000769	R[1]= 1.000929	R[2]= 1.002355	R[3]= 1.000800	R[4]= 1.000168	R[5]= 1.000075	R[6]= 1.000078	R[7]= 1.000780	R[8]= 1.001540	R[9]= 1.001858	R[10]= 1.002414	R[11]= 1.002878	R[12]= 1.000771	R[13]= 1.000084	R[14]= 1.000318	R[15]= 1.001631	R[16]= 1.001816	R[17]= 1.001850	R[18]= 1.000933	R[19]= 1.000778	R[20]= 1.001078	R[21]= 1.001583	R[22]= 1.002148	R[23]= 1.000238	R[24]= 1.000108	
<R>= 1.001119

Mean parameters
A[0]= 7.758231e-01 pm 3.023324e-02
A[1]= 8.861734e-01 pm 2.590728e-02
A[2]= 6.562727e-01 pm 4.605716e-01
A[3]= 3.644657e+00 pm 1.324278e+00
A[4]= -2.926380e+03 pm 4.010591e+03
A[5]= 2.102781e+03 pm 2.865741e+03
A[6]= -3.992548e+02 pm 7.695872e+02
A[7]= 3.365372e+01 pm 1.519115e+01
A[8]= -3.562100e-01 pm 1.776525e-01
A[9]= -4.883072e+03 pm 8.703068e+03
A[10]= 2.635587e+03 pm 5.479115e+03
A[11]= -7.825772e+02 pm 1.278548e+03
A[12]= 3.334880e+01 pm 4.846256e+01
A[13]= -7.181088e-01 pm 9.258235e-01
A[14]= 6.055758e+00 pm 1.903246e+00
A[15]= -8.563820e+03 pm 5.543060e+03
A[16]= 7.611226e+03 pm 3.970146e+03
A[17]= -2.104729e+03 pm 1.069953e+03
A[18]= 3.531091e+01 pm 2.112382e+01
A[19]= 5.136514e-03 pm 2.617369e-01
A[20]= 4.300831e+03 pm 1.256187e+04
A[21]= -1.432535e+03 pm 8.219430e+03
A[22]= -4.946461e+02 pm 2.020676e+03
A[23]= -3.761916e+01 pm 6.747410e+01
A[24]= 7.280392e-01 pm 1.323427e+00

Best-fitting parameters
A[0]= 7.619184e-01
A[1]= 9.036454e-01
A[2]= 8.152701e-01
A[3]= 3.087304e+00
A[4]= -2.636905e+03
A[5]= 2.127799e+03
A[6]= -4.304581e+02
A[7]= 3.627949e+01
A[8]= -3.766512e-01
A[9]= -1.851137e+03
A[10]= 1.391958e+03
A[11]= -7.190801e+02
A[12]= 9.346255e+00
A[13]= -2.518354e-01
A[14]= 5.481037e+00
A[15]= -1.008170e+04
A[16]= 8.576280e+03
A[17]= -2.335482e+03
A[18]= 3.483856e+01
A[19]= 5.656709e-02
A[20]= 8.595996e+03
A[21]= -2.824287e+03
A[22]= -5.058709e+02
A[23]= -8.870531e+01
A[24]= 1.983862e+00
chi2_min= 9.305177e+01


Cross-Covariance parameters
1.000000e+00	-4.956635e-01	-1.563942e-01	8.859700e-02	4.344611e-02	-3.871838e-02	2.428746e-02	3.702423e-02	-4.172215e-02	1.568686e-02	-8.572848e-03	-1.934552e-02	1.357866e-01	-1.190741e-01	5.173952e-02	1.136564e-01	-1.131604e-01	9.959078e-02	1.910937e-02	-6.921941e-02	4.357584e-02	-3.604818e-02	3.122413e-03	1.602945e-01	-1.475329e-01	
-4.956635e-01	1.000000e+00	1.163065e-01	-1.143535e-01	-4.416646e-02	4.796649e-02	-5.754828e-02	1.395518e-01	-1.375483e-01	2.037236e-02	-2.567038e-02	4.233528e-02	-1.125685e-01	6.288901e-02	-2.058718e-01	1.743239e-02	-2.027749e-02	1.426100e-02	1.350445e-01	-1.691121e-01	-9.702383e-04	-1.063372e-02	3.935954e-02	-8.699666e-02	3.756863e-02	
-1.563942e-01	1.163065e-01	1.000000e+00	-6.550895e-01	-1.248320e-03	9.485681e-03	-7.267353e-03	-1.124731e-01	1.449311e-01	-4.219999e-01	5.586053e-01	-7.066711e-01	6.123301e-02	2.019120e-01	-6.574392e-01	-1.718401e-01	1.873292e-01	-1.856804e-01	-8.162245e-03	1.278227e-01	-4.900169e-01	6.338602e-01	-7.725871e-01	3.298937e-03	3.067825e-01	
8.859700e-02	-1.143535e-01	-6.550895e-01	1.000000e+00	-5.794861e-01	6.394341e-01	-6.795120e-01	4.452843e-01	-3.307164e-02	1.716652e-01	-2.325299e-01	3.081264e-01	-6.761749e-02	-3.360358e-02	4.430743e-01	1.138320e-01	-1.257451e-01	1.269091e-01	-6.142555e-03	-7.320690e-02	3.337698e-01	-4.276998e-01	5.178665e-01	-7.419536e-03	-2.006126e-01	
4.344611e-02	-4.416646e-02	-1.248320e-03	-5.794861e-01	1.000000e+00	-9.805967e-01	9.315003e-01	-8.270266e-01	3.335803e-01	1.171423e-01	-1.667840e-01	2.121935e-01	5.808727e-02	-9.803431e-02	5.870120e-03	2.443767e-02	-2.261640e-02	2.043199e-02	-1.443927e-02	8.696704e-05	8.257686e-03	-1.039164e-02	1.055145e-02	8.830333e-04	-1.523170e-03	
-3.871838e-02	4.796649e-02	9.485681e-03	6.394341e-01	-9.805967e-01	1.000000e+00	-9.842833e-01	7.886650e-01	-2.459046e-01	-1.401902e-01	1.954590e-01	-2.459495e-01	-5.805003e-02	1.213549e-01	-1.388650e-02	-2.220667e-02	2.095024e-02	-1.937831e-02	1.434741e-02	-7.676836e-04	-9.708984e-03	1.338128e-02	-1.537873e-02	-2.044399e-03	4.641850e-03	
2.428746e-02	-5.754828e-02	-7.267353e-03	-6.795120e-01	9.315003e-01	-9.842833e-01	1.000000e+00	-7.287720e-01	1.609416e-01	1.582102e-01	-2.149277e-01	2.659467e-01	4.902287e-02	-1.284687e-01	1.748508e-02	1.558767e-02	-1.478055e-02	1.422718e-02	-1.612258e-02	6.141957e-03	5.990474e-03	-9.591002e-03	1.199581e-02	1.470877e-03	-2.399477e-03	
3.702423e-02	1.395518e-01	-1.124731e-01	4.452843e-01	-8.270266e-01	7.886650e-01	-7.287720e-01	1.000000e+00	-7.744453e-01	4.448385e-02	-1.727478e-02	-1.503328e-02	-7.014200e-02	-3.789684e-02	4.150509e-02	1.219715e-02	-1.646228e-02	1.526466e-02	4.684351e-02	-5.917002e-02	4.886645e-02	-6.460260e-02	8.091753e-02	1.027557e-02	-5.052815e-02	
-4.172215e-02	-1.375483e-01	1.449311e-01	-3.307164e-02	3.335803e-01	-2.459046e-01	1.609416e-01	-7.744453e-01	1.000000e+00	-1.919530e-01	1.996233e-01	-1.941264e-01	5.747449e-02	1.781003e-01	-6.640152e-02	-2.297685e-02	2.772434e-02	-2.612242e-02	-4.347380e-02	6.433905e-02	-6.394374e-02	8.647719e-02	-1.093939e-01	-1.158746e-02	6.277403e-02	
1.568686e-02	2.037236e-02	-4.219999e-01	1.716652e-01	1.171423e-01	-1.401902e-01	1.582102e-01	4.448385e-02	-1.919530e-01	1.000000e+00	-9.772116e-01	8.868747e-01	-8.159940e-01	5.642973e-01	2.734412e-01	8.821377e-02	-9.642461e-02	9.622001e-02	8.247399e-03	-7.252083e-02	2.177676e-01	-2.840868e-01	3.497931e-01	-6.120098e-03	-1.375009e-01	
-8.572848e-03	-2.567038e-02	5.586053e-01	-2.325299e-01	-1.667840e-01	1.954590e-01	-2.149277e-01	-1.727478e-02	1.996233e-01	-9.772116e-01	1.000000e+00	-9.637693e-01	7.598158e-01	-4.771206e-01	-3.656281e-01	-1.112259e-01	1.217056e-01	-1.215462e-01	-8.730089e-03	8.998555e-02	-2.877356e-01	3.751342e-01	-4.619981e-01	1.207744e-02	1.772394e-01	
-1.934552e-02	4.233528e-02	-7.066711e-01	3.081264e-01	2.121935e-01	-2.459495e-01	2.659467e-01	-1.503328e-02	-1.941264e-01	8.868747e-01	-9.637693e-01	1.000000e+00	-6.261552e-01	3.193420e-01	4.664231e-01	1.341247e-01	-1.471842e-01	1.474015e-01	9.066684e-03	-1.079353e-01	3.646079e-01	-4.754846e-01	5.864124e-01	-2.248913e-02	-2.177045e-01	
1.357866e-01	-1.125685e-01	6.123301e-02	-6.761749e-02	5.808727e-02	-5.805003e-02	4.902287e-02	-7.014200e-02	5.747449e-02	-8.159940e-01	7.598158e-01	-6.261552e-01	1.000000e+00	-9.156975e-01	-3.752349e-02	-8.630273e-03	9.623698e-03	-1.009530e-02	-5.550294e-03	1.470400e-02	-3.439016e-02	4.914256e-02	-6.826921e-02	1.738736e-02	1.530704e-02	
-1.190741e-01	6.288901e-02	2.019120e-01	-3.360358e-02	-9.803431e-02	1.213549e-01	-1.284687e-01	-3.789684e-02	1.781003e-01	5.642973e-01	-4.771206e-01	3.193420e-01	-9.156975e-01	1.000000e+00	-1.302529e-01	-4.121807e-02	4.585790e-02	-4.559192e-02	-3.821491e-03	3.289895e-02	-1.033825e-01	1.304848e-01	-1.534782e-01	-6.394656e-03	6.576772e-02	
5.173952e-02	-2.058718e-01	-6.574392e-01	4.430743e-01	5.870120e-03	-1.388650e-02	1.748508e-02	4.150509e-02	-6.640152e-02	2.734412e-01	-3.656281e-01	4.664231e-01	-3.752349e-02	-1.302529e-01	1.000000e+00	-4.392903e-01	5.001428e-01	-5.442538e-01	2.725945e-01	7.352058e-02	2.079945e-01	-2.789002e-01	3.578940e-01	-2.647126e-02	-1.059259e-01	
1.136564e-01	1.743239e-02	-1.718401e-01	1.138320e-01	2.443767e-02	-2.220667e-02	1.558767e-02	1.219715e-02	-2.297685e-02	8.821377e-02	-1.112259e-01	1.341247e-01	-8.630273e-03	-4.121807e-02	-4.392903e-01	1.000000e+00	-9.784823e-01	9.234176e-01	-7.575842e-01	2.441372e-01	2.694954e-01	-3.214787e-01	3.553029e-01	-1.861355e-02	-1.003476e-01	
-1.131604e-01	-2.027749e-02	1.873292e-01	-1.257451e-01	-2.261640e-02	2.095024e-02	-1.478055e-02	-1.646228e-02	2.772434e-02	-9.642461e-02	1.217056e-01	-1.471842e-01	9.623698e-03	4.585790e-02	5.001428e-01	-9.784823e-01	1.000000e+00	-9.822628e-01	7.001611e-01	-1.381314e-01	-2.884961e-01	3.491071e-01	-3.906487e-01	8.044951e-03	1.320286e-01	
9.959078e-02	1.426100e-02	-1.856804e-01	1.269091e-01	2.043199e-02	-1.937831e-02	1.422718e-02	1.526466e-02	-2.612242e-02	9.622001e-02	-1.215462e-01	1.474015e-01	-1.009530e-02	-4.559192e-02	-5.442538e-01	9.234176e-01	-9.822628e-01	1.000000e+00	-6.225587e-01	3.760221e-02	2.923959e-01	-3.574351e-01	4.033632e-01	-7.828290e-04	-1.505950e-01	
1.910937e-02	1.350445e-01	-8.162245e-03	-6.142555e-03	-1.443927e-02	1.434741e-02	-1.612258e-02	4.684351e-02	-4.347380e-02	8.247399e-03	-8.730089e-03	9.066684e-03	-5.550294e-03	-3.821491e-03	2.725945e-01	-7.575842e-01	7.001611e-01	-6.225587e-01	1.000000e+00	-7.901807e-01	-8.812154e-02	1.041067e-01	-1.112259e-01	6.747185e-02	-9.737027e-02	
-6.921941e-02	-1.691121e-01	1.278227e-01	-7.320690e-02	8.696704e-05	-7.676836e-04	6.141957e-03	-5.917002e-02	6.433905e-02	-7.252083e-02	8.998555e-02	-1.079353e-01	1.470400e-02	3.289895e-02	7.352058e-02	2.441372e-01	-1.381314e-01	3.760221e-02	-7.901807e-01	1.000000e+00	-1.011113e-01	1.249374e-01	-1.452988e-01	-8.290421e-02	2.383275e-01	
4.357584e-02	-9.702383e-04	-4.900169e-01	3.337698e-01	8.257686e-03	-9.708984e-03	5.990474e-03	4.886645e-02	-6.394374e-02	2.177676e-01	-2.877356e-01	3.646079e-01	-3.439016e-02	-1.033825e-01	2.079945e-01	2.694954e-01	-2.884961e-01	2.923959e-01	-8.812154e-02	-1.011113e-01	1.000000e+00	-9.754391e-01	8.856421e-01	-7.596249e-01	4.720185e-01	
-3.604818e-02	-1.063372e-02	6.338602e-01	-4.276998e-01	-1.039164e-02	1.338128e-02	-9.591002e-03	-6.460260e-02	8.647719e-02	-2.840868e-01	3.751342e-01	-4.754846e-01	4.914256e-02	1.304848e-01	-2.789002e-01	-3.214787e-01	3.491071e-01	-3.574351e-01	1.041067e-01	1.249374e-01	-9.754391e-01	1.000000e+00	-9.653344e-01	6.767665e-01	-3.515367e-01	
3.122413e-03	3.935954e-02	-7.725871e-01	5.178665e-01	1.055145e-02	-1.537873e-02	1.199581e-02	8.091753e-02	-1.093939e-01	3.497931e-01	-4.619981e-01	5.864124e-01	-6.826921e-02	-1.534782e-01	3.578940e-01	3.553029e-01	-3.906487e-01	4.033632e-01	-1.112259e-01	-1.452988e-01	8.856421e-01	-9.653344e-01	1.000000e+00	-5.250042e-01	1.730746e-01	
1.602945e-01	-8.699666e-02	3.298937e-03	-7.419536e-03	8.830333e-04	-2.044399e-03	1.470877e-03	1.027557e-02	-1.158746e-02	-6.120098e-03	1.207744e-02	-2.248913e-02	1.738736e-02	-6.394656e-03	-2.647126e-02	-1.861355e-02	8.044951e-03	-7.828290e-04	6.747185e-02	-8.290421e-02	-7.596249e-01	6.767665e-01	-5.250042e-01	1.000000e+00	-9.156911e-01	
-1.475329e-01	3.756863e-02	3.067825e-01	-2.006126e-01	-1.523170e-03	4.641850e-03	-2.399477e-03	-5.052815e-02	6.277403e-02	-1.375009e-01	1.772394e-01	-2.177045e-01	1.530704e-02	6.576772e-02	-1.059259e-01	-1.003476e-01	1.320286e-01	-1.505950e-01	-9.737027e-02	2.383275e-01	4.720185e-01	-3.515367e-01	1.730746e-01	-9.156911e-01	1.000000e+00	

Time taken for mcmc chain: 2.907500 hours
