Number of steps: 3694357
Number of accepted steps: 960000
Burn-in number of steps: 320000
Accepted fraction of steps: 0.259856
Convergence Status
R[0]= 1.045761	R[1]= 1.093658	R[2]= 1.233610	R[3]= 1.109165	R[4]= 1.022084	R[5]= 1.027811	R[6]= 1.031063	R[7]= 1.006496	R[8]= 1.012765	R[9]= 1.008978	R[10]= 1.017551	R[11]= 1.031764	R[12]= 1.004997	R[13]= 1.011414	R[14]= 1.103357	R[15]= 1.038921	R[16]= 1.045690	R[17]= 1.049643	R[18]= 1.007680	R[19]= 1.013129	R[20]= 1.020652	R[21]= 1.036366	R[22]= 1.058387	R[23]= 1.000115	R[24]= 1.006910	
<R>= 1.041519

Mean parameters
A[0]= 8.383106e-01 pm 1.077745e-01
A[1]= 9.782862e-01 pm 6.589169e-02
A[2]= 7.381212e-01 pm 5.807417e-01
A[3]= 2.154146e+00 pm 1.395995e+00
A[4]= 8.855091e+02 pm 5.053257e+03
A[5]= -1.146565e+03 pm 3.684532e+03
A[6]= 6.010058e+02 pm 9.728948e+02
A[7]= 2.114375e+01 pm 1.479945e+01
A[8]= -3.670002e-01 pm 1.843374e-01
A[9]= -3.348400e+03 pm 8.528654e+03
A[10]= 1.267649e+03 pm 5.292226e+03
A[11]= -3.659039e+02 pm 1.190033e+03
A[12]= 3.039162e+01 pm 4.747401e+01
A[13]= -7.989791e-01 pm 9.446606e-01
A[14]= 3.599386e+00 pm 2.381720e+00
A[15]= -2.005519e+03 pm 7.931858e+03
A[16]= 2.059927e+03 pm 5.886270e+03
A[17]= -4.026915e+02 pm 1.578666e+03
A[18]= 1.597882e+01 pm 2.160512e+01
A[19]= -3.992810e-02 pm 2.788273e-01
A[20]= 7.268091e+03 pm 1.224532e+04
A[21]= -3.990624e+03 pm 7.748654e+03
A[22]= 2.676274e+02 pm 1.788207e+03
A[23]= -3.693576e+01 pm 6.847694e+01
A[24]= 4.469670e-01 pm 1.371716e+00

Best-fitting parameters
A[0]= 8.112684e-01
A[1]= 9.389524e-01
A[2]= 7.768942e-01
A[3]= 3.495998e+00
A[4]= -3.340872e+03
A[5]= 2.399931e+03
A[6]= -4.332364e+02
A[7]= 2.135525e+01
A[8]= -1.978088e-01
A[9]= -1.087613e+04
A[10]= 6.416518e+03
A[11]= -1.594187e+03
A[12]= 5.506739e+01
A[13]= -1.024452e+00
A[14]= 6.634202e+00
A[15]= -1.382656e+04
A[16]= 1.146701e+04
A[17]= -3.028778e+03
A[18]= 3.619783e+01
A[19]= 1.127733e-01
A[20]= -2.710210e+02
A[21]= 1.930232e+03
A[22]= -1.321066e+03
A[23]= -6.939801e+01
A[24]= 1.592287e+00
chi2_min= 9.076360e+01


Cross-Covariance parameters
1.000000e+00	-1.283387e-01	-2.682868e-01	-2.614380e-01	3.360856e-01	-3.509975e-01	3.549025e-01	-1.612380e-01	-1.128413e-01	1.303145e-01	-1.459736e-01	1.421971e-01	1.098879e-01	-1.648104e-01	-2.246507e-01	3.141602e-01	-3.221558e-01	3.205247e-01	-1.239410e-01	-1.403298e-01	1.291551e-01	-1.439714e-01	1.352503e-01	1.111412e-01	-1.433193e-01	
-1.283387e-01	1.000000e+00	1.805744e-01	-5.778312e-01	4.540955e-01	-4.775956e-01	4.833458e-01	-1.785848e-01	-2.333384e-01	1.561562e-01	-2.010067e-01	2.499422e-01	-5.606961e-02	-7.413590e-02	-6.330231e-01	5.242292e-01	-5.556972e-01	5.705521e-01	-1.717639e-01	-3.500677e-01	8.187591e-02	-1.492011e-01	2.288585e-01	9.360158e-02	-2.201566e-01	
-2.682868e-01	1.805744e-01	1.000000e+00	-2.917581e-01	-2.053915e-01	2.128053e-01	-2.141179e-01	7.142994e-02	8.251147e-02	-3.855329e-01	4.895641e-01	-6.031967e-01	-4.679556e-02	2.441563e-01	-3.197961e-01	-1.476853e-01	1.429249e-01	-1.357586e-01	1.764085e-02	8.350260e-02	-4.298092e-01	5.245910e-01	-6.187869e-01	7.569003e-03	1.761029e-01	
-2.614380e-01	-5.778312e-01	-2.917581e-01	1.000000e+00	-7.491358e-01	7.959214e-01	-8.220547e-01	4.508984e-01	2.074486e-01	-6.436161e-02	8.710251e-02	-1.044403e-01	-8.054441e-02	1.538951e-01	7.523687e-01	-5.450861e-01	5.777000e-01	-5.946518e-01	2.515167e-01	2.731215e-01	5.328257e-03	1.400933e-02	-2.621001e-02	-1.135100e-01	1.588200e-01	
3.360856e-01	4.540955e-01	-2.053915e-01	-7.491358e-01	1.000000e+00	-9.879604e-01	9.596486e-01	-7.666942e-01	6.053333e-02	2.699705e-01	-3.513661e-01	4.347869e-01	9.085674e-02	-2.243254e-01	-5.064472e-01	5.723298e-01	-6.001500e-01	6.116437e-01	-2.403761e-01	-2.931736e-01	2.026385e-01	-2.741582e-01	3.422074e-01	1.279950e-01	-2.691973e-01	
-3.509975e-01	-4.775956e-01	2.128053e-01	7.959214e-01	-9.879604e-01	1.000000e+00	-9.913754e-01	7.201144e-01	2.017495e-02	-2.826759e-01	3.705243e-01	-4.610845e-01	-1.002353e-01	2.535993e-01	5.374434e-01	-6.045153e-01	6.345084e-01	-6.474227e-01	2.546440e-01	3.101729e-01	-2.206496e-01	2.962455e-01	-3.675291e-01	-1.247125e-01	2.747057e-01	
3.549025e-01	4.833458e-01	-2.141179e-01	-8.220547e-01	9.596486e-01	-9.913754e-01	1.000000e+00	-6.682866e-01	-8.524204e-02	2.911451e-01	-3.820827e-01	4.759977e-01	1.013909e-01	-2.675153e-01	-5.519952e-01	6.186211e-01	-6.496794e-01	6.635104e-01	-2.632534e-01	-3.153301e-01	2.297918e-01	-3.070921e-01	3.794591e-01	1.192484e-01	-2.728484e-01	
-1.612380e-01	-1.785848e-01	7.142994e-02	4.508984e-01	-7.666942e-01	7.201144e-01	-6.682866e-01	1.000000e+00	-6.646566e-01	-5.697701e-02	1.058461e-01	-1.648219e-01	-6.826586e-02	7.027049e-03	2.926665e-01	-3.239695e-01	3.367413e-01	-3.417715e-01	1.927974e-01	1.017396e-01	-7.740474e-02	1.099734e-01	-1.404561e-01	-8.299629e-02	1.478781e-01	
-1.128413e-01	-2.333384e-01	8.251147e-02	2.074486e-01	6.053333e-02	2.017495e-02	-8.524204e-02	-6.646566e-01	1.000000e+00	-1.966085e-01	2.161812e-01	-2.238658e-01	-5.066649e-03	2.599431e-01	1.479728e-01	-1.554444e-01	1.692641e-01	-1.770693e-01	-3.665537e-03	1.642473e-01	-1.059319e-01	1.342587e-01	-1.616358e-01	-1.927124e-03	5.884472e-02	
1.303145e-01	1.561562e-01	-3.855329e-01	-6.436161e-02	2.699705e-01	-2.826759e-01	2.911451e-01	-5.697701e-02	-1.966085e-01	1.000000e+00	-9.800521e-01	9.014116e-01	-7.569932e-01	4.949017e-01	-1.582607e-02	2.078556e-01	-2.167242e-01	2.190900e-01	-2.214316e-02	-1.722930e-01	2.248895e-01	-2.913850e-01	3.600293e-01	3.414408e-02	-1.587872e-01	
-1.459736e-01	-2.010067e-01	4.895641e-01	8.710251e-02	-3.513661e-01	3.705243e-01	-3.820827e-01	1.058461e-01	2.161812e-01	-9.800521e-01	1.000000e+00	-9.685772e-01	6.937341e-01	-4.073336e-01	2.050652e-02	-2.672891e-01	2.784251e-01	-2.814511e-01	4.360736e-02	2.052245e-01	-2.862426e-01	3.717899e-01	-4.609120e-01	-4.029223e-02	2.001760e-01	
1.421971e-01	2.499422e-01	-6.031967e-01	-1.044403e-01	4.347869e-01	-4.610845e-01	4.759977e-01	-1.648219e-01	-2.238658e-01	9.014116e-01	-9.685772e-01	1.000000e+00	-5.615240e-01	2.595087e-01	-1.939943e-02	3.270147e-01	-3.402877e-01	3.440286e-01	-6.802735e-02	-2.347343e-01	3.546747e-01	-4.610508e-01	5.731698e-01	4.183972e-02	-2.407456e-01	
1.098879e-01	-5.606961e-02	-4.679556e-02	-8.054441e-02	9.085674e-02	-1.002353e-01	1.013909e-01	-6.826586e-02	-5.066649e-03	-7.569932e-01	6.937341e-01	-5.615240e-01	1.000000e+00	-9.205429e-01	-3.855731e-02	5.000684e-02	-5.233071e-02	5.353085e-02	-4.883167e-02	1.009683e-02	3.049126e-02	-2.749878e-02	1.934967e-02	4.528801e-03	-3.630731e-03	
-1.648104e-01	-7.413590e-02	2.441563e-01	1.538951e-01	-2.243254e-01	2.535993e-01	-2.675153e-01	7.027049e-03	2.599431e-01	4.949017e-01	-4.073336e-01	2.595087e-01	-9.205429e-01	1.000000e+00	7.646568e-02	-1.810145e-01	1.910091e-01	-1.956783e-01	7.114246e-02	9.375968e-02	-1.619759e-01	1.976494e-01	-2.301794e-01	-1.487212e-02	8.735366e-02	
-2.246507e-01	-6.330231e-01	-3.197961e-01	7.523687e-01	-5.064472e-01	5.374434e-01	-5.519952e-01	2.926665e-01	1.479728e-01	-1.582607e-02	2.050652e-02	-1.939943e-02	-3.855731e-02	7.646568e-02	1.000000e+00	-7.771367e-01	8.231429e-01	-8.496325e-01	4.042866e-01	3.414991e-01	-3.597502e-02	7.206671e-02	-9.673675e-02	-1.600972e-01	2.400455e-01	
3.141602e-01	5.242292e-01	-1.476853e-01	-5.450861e-01	5.723298e-01	-6.045153e-01	6.186211e-01	-3.239695e-01	-1.554444e-01	2.078556e-01	-2.672891e-01	3.270147e-01	5.000684e-02	-1.810145e-01	-7.771367e-01	1.000000e+00	-9.894849e-01	9.650478e-01	-7.106978e-01	-9.187990e-02	2.909508e-01	-3.787083e-01	4.552654e-01	1.165873e-01	-2.805429e-01	
-3.221558e-01	-5.556972e-01	1.429249e-01	5.777000e-01	-6.001500e-01	6.345084e-01	-6.496794e-01	3.367413e-01	1.692641e-01	-2.167242e-01	2.784251e-01	-3.402877e-01	-5.233071e-02	1.910091e-01	8.231429e-01	-9.894849e-01	1.000000e+00	-9.926146e-01	6.553500e-01	1.778939e-01	-2.925581e-01	3.861703e-01	-4.688809e-01	-1.353914e-01	3.117932e-01	
3.205247e-01	5.705521e-01	-1.357586e-01	-5.946518e-01	6.116437e-01	-6.474227e-01	6.635104e-01	-3.417715e-01	-1.770693e-01	2.190900e-01	-2.814511e-01	3.440286e-01	5.353085e-02	-1.956783e-01	-8.496325e-01	9.650478e-01	-9.926146e-01	1.000000e+00	-5.982705e-01	-2.467858e-01	2.902743e-01	-3.872384e-01	4.737046e-01	1.454534e-01	-3.293099e-01	
-1.239410e-01	-1.717639e-01	1.764085e-02	2.515167e-01	-2.403761e-01	2.546440e-01	-2.632534e-01	1.927974e-01	-3.665537e-03	-2.214316e-02	4.360736e-02	-6.802735e-02	-4.883167e-02	7.114246e-02	4.042866e-01	-7.106978e-01	6.553500e-01	-5.982705e-01	1.000000e+00	-6.156346e-01	-1.345853e-01	1.685345e-01	-1.951707e-01	2.326311e-02	-1.220023e-02	
-1.403298e-01	-3.500677e-01	8.350260e-02	2.731215e-01	-2.931736e-01	3.101729e-01	-3.153301e-01	1.017396e-01	1.642473e-01	-1.722930e-01	2.052245e-01	-2.347343e-01	1.009683e-02	9.375968e-02	3.414991e-01	-9.187990e-02	1.778939e-01	-2.467858e-01	-6.156346e-01	1.000000e+00	-1.074327e-01	1.572038e-01	-2.051305e-01	-1.697797e-01	3.385559e-01	
1.291551e-01	8.187591e-02	-4.298092e-01	5.328257e-03	2.026385e-01	-2.206496e-01	2.297918e-01	-7.740474e-02	-1.059319e-01	2.248895e-01	-2.862426e-01	3.546747e-01	3.049126e-02	-1.619759e-01	-3.597502e-02	2.909508e-01	-2.925581e-01	2.902743e-01	-1.345853e-01	-1.074327e-01	1.000000e+00	-9.785909e-01	8.965105e-01	-7.319183e-01	4.867148e-01	
-1.439714e-01	-1.492011e-01	5.245910e-01	1.400933e-02	-2.741582e-01	2.962455e-01	-3.070921e-01	1.099734e-01	1.342587e-01	-2.913850e-01	3.717899e-01	-4.610508e-01	-2.749878e-02	1.976494e-01	7.206671e-02	-3.787083e-01	3.861703e-01	-3.872384e-01	1.685345e-01	1.572038e-01	-9.785909e-01	1.000000e+00	-9.676224e-01	6.538412e-01	-3.805945e-01	
1.352503e-01	2.288585e-01	-6.187869e-01	-2.621001e-02	3.422074e-01	-3.675291e-01	3.794591e-01	-1.404561e-01	-1.616358e-01	3.600293e-01	-4.609120e-01	5.731698e-01	1.934967e-02	-2.301794e-01	-9.673675e-02	4.552654e-01	-4.688809e-01	4.737046e-01	-1.951707e-01	-2.051305e-01	8.965105e-01	-9.676224e-01	1.000000e+00	-5.116318e-01	2.187792e-01	
1.111412e-01	9.360158e-02	7.569003e-03	-1.135100e-01	1.279950e-01	-1.247125e-01	1.192484e-01	-8.299629e-02	-1.927124e-03	3.414408e-02	-4.029223e-02	4.183972e-02	4.528801e-03	-1.487212e-02	-1.600972e-01	1.165873e-01	-1.353914e-01	1.454534e-01	2.326311e-02	-1.697797e-01	-7.319183e-01	6.538412e-01	-5.116318e-01	1.000000e+00	-9.375067e-01	
-1.433193e-01	-2.201566e-01	1.761029e-01	1.588200e-01	-2.691973e-01	2.747057e-01	-2.728484e-01	1.478781e-01	5.884472e-02	-1.587872e-01	2.001760e-01	-2.407456e-01	-3.630731e-03	8.735366e-02	2.400455e-01	-2.805429e-01	3.117932e-01	-3.293099e-01	-1.220023e-02	3.385559e-01	4.867148e-01	-3.805945e-01	2.187792e-01	-9.375067e-01	1.000000e+00	

Time taken for mcmc chain: 32.216667 minutes
