Number of steps: 2780130
Number of accepted steps: 960000
Burn-in number of steps: 320000
Accepted fraction of steps: 0.345308
Convergence Status
R[0]= 1.005056	R[1]= 1.017242	R[2]= 1.068910	R[3]= 1.087652	R[4]= 1.026246	R[5]= 1.029824	R[6]= 1.031719	R[7]= 1.015531	R[8]= 1.006256	R[9]= 1.027950	R[10]= 1.029439	R[11]= 1.032105	R[12]= 1.007950	R[13]= 1.004961	R[14]= 1.018781	R[15]= 1.007515	R[16]= 1.008835	R[17]= 1.009582	R[18]= 1.004353	R[19]= 1.000611	R[20]= 1.024600	R[21]= 1.035791	R[22]= 1.047472	R[23]= 1.002691	R[24]= 1.002546	
<R>= 1.022145

Mean parameters
A[0]= 8.655691e-01 pm 3.370892e-02
A[1]= 9.868932e-01 pm 2.868335e-02
A[2]= 6.581623e-01 pm 4.659230e-01
A[3]= 3.521102e+00 pm 1.273733e+00
A[4]= -3.672224e+03 pm 3.897100e+03
A[5]= 2.054445e+03 pm 2.630930e+03
A[6]= -1.527496e+02 pm 6.448214e+02
A[7]= 2.281572e+01 pm 1.395094e+01
A[8]= -2.956643e-01 pm 1.879221e-01
A[9]= -4.120365e+03 pm 8.660404e+03
A[10]= 1.929006e+03 pm 5.272027e+03
A[11]= -5.358802e+02 pm 1.144242e+03
A[12]= 2.261906e+01 pm 4.844981e+01
A[13]= -5.742518e-01 pm 9.423139e-01
A[14]= 5.215678e+00 pm 1.786664e+00
A[15]= -7.151903e+03 pm 5.670181e+03
A[16]= 5.659685e+03 pm 3.882663e+03
A[17]= -1.224330e+03 pm 9.640577e+02
A[18]= 1.236570e+01 pm 1.964501e+01
A[19]= 1.038033e-01 pm 2.627064e-01
A[20]= 4.736305e+03 pm 1.179128e+04
A[21]= -2.323947e+03 pm 7.398705e+03
A[22]= -7.585932e+01 pm 1.680649e+03
A[23]= -4.151106e+01 pm 6.477518e+01
A[24]= 6.470506e-01 pm 1.291142e+00

Best-fitting parameters
A[0]= 8.848246e-01
A[1]= 9.657684e-01
A[2]= 8.552778e-01
A[3]= 2.933688e+00
A[4]= -3.021700e+03
A[5]= 1.696764e+03
A[6]= -8.246457e+01
A[7]= 2.290224e+01
A[8]= -3.139735e-01
A[9]= -7.124933e+02
A[10]= 1.016385e+03
A[11]= -6.801158e+02
A[12]= 4.483735e+00
A[13]= -1.906080e-01
A[14]= 4.759408e+00
A[15]= -6.939380e+03
A[16]= 5.755310e+03
A[17]= -1.285848e+03
A[18]= 3.370912e+00
A[19]= 2.164069e-01
A[20]= 2.214766e+03
A[21]= 1.254211e+02
A[22]= -8.877882e+02
A[23]= -5.015756e+01
A[24]= 9.739283e-01
chi2_min= 8.932293e+01


Cross-Covariance parameters
1.000000e+00	-4.533167e-01	-1.526411e-01	1.489768e-01	-3.037301e-02	4.280735e-02	-6.229064e-02	6.584533e-02	-7.299996e-03	-4.230407e-02	5.180057e-02	-7.397705e-02	1.571344e-01	-1.176909e-01	6.739934e-02	1.030755e-01	-9.629783e-02	8.026288e-02	4.015697e-02	-5.642667e-02	4.258003e-02	-3.714137e-02	7.305310e-03	1.414694e-01	-1.162530e-01	
-4.533167e-01	1.000000e+00	1.899599e-01	-2.736071e-01	5.205857e-02	-6.312668e-02	6.416044e-02	1.431659e-01	-2.032995e-01	4.984915e-02	-5.077639e-02	5.465107e-02	-1.361095e-01	7.621449e-02	-3.242853e-01	6.531236e-02	-7.865395e-02	8.416969e-02	1.477713e-01	-2.108626e-01	-9.714737e-02	8.655811e-02	-5.596923e-02	1.279561e-02	-4.051075e-02	
-1.526411e-01	1.899599e-01	1.000000e+00	-7.096404e-01	9.950123e-02	-8.918454e-02	8.531149e-02	-1.817325e-01	1.390709e-01	-4.363198e-01	5.480479e-01	-6.774762e-01	-3.457088e-02	2.381259e-01	-6.214117e-01	-1.734993e-01	1.883555e-01	-1.874779e-01	8.757765e-03	7.861121e-02	-4.812614e-01	6.122066e-01	-7.465279e-01	-1.078987e-01	3.180653e-01	
1.489768e-01	-2.736071e-01	-7.096404e-01	1.000000e+00	-5.944116e-01	6.449257e-01	-6.790212e-01	3.017885e-01	5.402379e-02	2.845221e-01	-3.338501e-01	3.935281e-01	-6.700839e-02	-2.420974e-02	5.173041e-01	6.055937e-02	-6.784878e-02	6.605109e-02	-3.779565e-03	-1.702643e-02	3.713663e-01	-4.559668e-01	5.377913e-01	3.876141e-02	-1.866308e-01	
-3.037301e-02	5.205857e-02	9.950123e-02	-5.944116e-01	1.000000e+00	-9.835842e-01	9.398184e-01	-7.056845e-01	2.586962e-01	-1.098929e-02	-2.659056e-02	6.807281e-02	1.246424e-01	-1.109686e-01	-9.608677e-02	4.767466e-02	-4.669072e-02	4.689754e-02	-1.415640e-02	-1.838645e-02	-8.324265e-02	8.552023e-02	-8.362913e-02	6.033068e-02	-4.352450e-02	
4.280735e-02	-6.312668e-02	-8.918454e-02	6.449257e-01	-9.835842e-01	1.000000e+00	-9.855916e-01	6.498518e-01	-1.753398e-01	5.479943e-05	4.355214e-02	-9.229152e-02	-1.393426e-01	1.451218e-01	9.978873e-02	-5.938612e-02	5.969197e-02	-6.078025e-02	1.795779e-02	2.335851e-02	7.456717e-02	-7.415100e-02	6.922514e-02	-5.529670e-02	4.156175e-02	
-6.229064e-02	6.416044e-02	8.531149e-02	-6.790212e-01	9.398184e-01	-9.855916e-01	1.000000e+00	-5.821552e-01	9.834423e-02	1.096668e-02	-5.778576e-02	1.103383e-01	1.414053e-01	-1.620207e-01	-1.017261e-01	6.337330e-02	-6.483513e-02	6.708419e-02	-2.379184e-02	-2.198880e-02	-6.800502e-02	6.636313e-02	-5.999246e-02	4.499390e-02	-3.223410e-02	
6.584533e-02	1.431659e-01	-1.817325e-01	3.017885e-01	-7.056845e-01	6.498518e-01	-5.821552e-01	1.000000e+00	-8.469142e-01	1.501877e-01	-1.429983e-01	1.276976e-01	-6.989140e-02	-1.013878e-01	7.789641e-02	5.911820e-02	-6.241191e-02	5.807161e-02	2.714598e-02	-5.238671e-02	1.008308e-01	-1.296070e-01	1.596567e-01	1.667324e-02	-6.251635e-02	
-7.299996e-03	-2.032995e-01	1.390709e-01	5.402379e-02	2.586962e-01	-1.753398e-01	9.834423e-02	-8.469142e-01	1.000000e+00	-1.775047e-01	1.941124e-01	-2.030784e-01	4.923392e-03	2.267788e-01	-2.807104e-02	-9.895282e-02	1.016064e-01	-9.668462e-02	-1.199741e-02	6.602955e-02	-6.446193e-02	9.608654e-02	-1.329347e-01	-4.808414e-02	9.194306e-02	
-4.230407e-02	4.984915e-02	-4.363198e-01	2.845221e-01	-1.098929e-02	5.479943e-05	1.096668e-02	1.501877e-01	-1.775047e-01	1.000000e+00	-9.830990e-01	9.139974e-01	-7.754323e-01	5.551106e-01	2.599676e-01	9.484056e-02	-1.030946e-01	1.039221e-01	1.839228e-02	-7.409543e-02	2.304579e-01	-2.968945e-01	3.677291e-01	3.987947e-02	-1.474784e-01	
5.180057e-02	-5.077639e-02	5.480479e-01	-3.338501e-01	-2.659056e-02	4.355214e-02	-5.778576e-02	-1.429983e-01	1.941124e-01	-9.830990e-01	1.000000e+00	-9.720299e-01	7.208425e-01	-4.828270e-01	-3.299107e-01	-1.147185e-01	1.254565e-01	-1.269663e-01	-1.987138e-02	8.794613e-02	-2.841007e-01	3.671088e-01	-4.561666e-01	-5.359083e-02	1.877951e-01	
-7.397705e-02	5.465107e-02	-6.774762e-01	3.935281e-01	6.807281e-02	-9.229152e-02	1.103383e-01	1.276976e-01	-2.030784e-01	9.139974e-01	-9.720299e-01	1.000000e+00	-6.011474e-01	3.503665e-01	4.112733e-01	1.372802e-01	-1.508656e-01	1.532102e-01	1.785519e-02	-9.995777e-02	3.460775e-01	-4.484956e-01	5.590842e-01	6.733942e-02	-2.326995e-01	
1.571344e-01	-1.361095e-01	-3.457088e-02	-6.700839e-02	1.246424e-01	-1.393426e-01	1.414053e-01	-6.989140e-02	4.923392e-03	-7.754323e-01	7.208425e-01	-6.011474e-01	1.000000e+00	-9.360533e-01	8.239746e-03	4.117239e-02	-4.041856e-02	3.829116e-02	-3.542092e-02	2.130111e-02	7.148438e-05	-1.753561e-03	-3.299464e-04	3.223077e-02	-2.946595e-02	
-1.176909e-01	7.621449e-02	2.381259e-01	-2.420974e-02	-1.109686e-01	1.451218e-01	-1.620207e-01	-1.013878e-01	2.267788e-01	5.551106e-01	-4.828270e-01	3.503665e-01	-9.360533e-01	1.000000e+00	-1.204086e-01	-9.671021e-02	9.967992e-02	-9.712523e-02	3.222122e-02	1.475214e-02	-1.009384e-01	1.356970e-01	-1.705058e-01	-5.990472e-02	1.107810e-01	
6.739934e-02	-3.242853e-01	-6.214117e-01	5.173041e-01	-9.608677e-02	9.978873e-02	-1.017261e-01	7.789641e-02	-2.807104e-02	2.599676e-01	-3.299107e-01	4.112733e-01	8.239746e-03	-1.204086e-01	1.000000e+00	-4.751062e-01	5.280274e-01	-5.706776e-01	1.346381e-01	1.695467e-01	1.883384e-01	-2.478712e-01	3.176152e-01	2.100778e-02	-9.676761e-02	
1.030755e-01	6.531236e-02	-1.734993e-01	6.055937e-02	4.767466e-02	-5.938612e-02	6.337330e-02	5.911820e-02	-9.895282e-02	9.484056e-02	-1.147185e-01	1.372802e-01	4.117239e-02	-9.671021e-02	-4.751062e-01	1.000000e+00	-9.839418e-01	9.410810e-01	-6.388745e-01	1.769390e-01	2.379754e-01	-2.888821e-01	3.300152e-01	6.308159e-02	-1.353903e-01	
-9.629783e-02	-7.865395e-02	1.883555e-01	-6.784878e-02	-4.669072e-02	5.969197e-02	-6.483513e-02	-6.241191e-02	1.016064e-01	-1.030946e-01	1.254565e-01	-1.508656e-01	-4.041856e-02	9.967992e-02	5.280274e-01	-9.839418e-01	1.000000e+00	-9.858954e-01	5.719974e-01	-8.534442e-02	-2.550405e-01	3.128740e-01	-3.604645e-01	-7.336746e-02	1.610198e-01	
8.026288e-02	8.416969e-02	-1.874779e-01	6.605109e-02	4.689754e-02	-6.078025e-02	6.708419e-02	5.807161e-02	-9.668462e-02	1.039221e-01	-1.269663e-01	1.532102e-01	3.829116e-02	-9.712523e-02	-5.706776e-01	9.410810e-01	-9.858954e-01	1.000000e+00	-4.935794e-01	-8.634141e-04	2.611777e-01	-3.225293e-01	3.734935e-01	7.642191e-02	-1.735849e-01	
4.015697e-02	1.477713e-01	8.757765e-03	-3.779565e-03	-1.415640e-02	1.795779e-02	-2.379184e-02	2.714598e-02	-1.199741e-02	1.839228e-02	-1.987138e-02	1.785519e-02	-3.542092e-02	3.222122e-02	1.346381e-01	-6.388745e-01	5.719974e-01	-4.935794e-01	1.000000e+00	-8.527060e-01	-6.571852e-02	7.302725e-02	-7.751560e-02	6.715756e-02	-1.227212e-01	
-5.642667e-02	-2.108626e-01	7.861121e-02	-1.702643e-02	-1.838645e-02	2.335851e-02	-2.198880e-02	-5.238671e-02	6.602955e-02	-7.409543e-02	8.794613e-02	-9.995777e-02	2.130111e-02	1.475214e-02	1.695467e-01	1.769390e-01	-8.534442e-02	-8.634141e-04	-8.527060e-01	1.000000e+00	-6.906940e-02	9.265234e-02	-1.130756e-01	-1.148236e-01	2.402189e-01	
4.258003e-02	-9.714737e-02	-4.812614e-01	3.713663e-01	-8.324265e-02	7.456717e-02	-6.800502e-02	1.008308e-01	-6.446193e-02	2.304579e-01	-2.841007e-01	3.460775e-01	7.148438e-05	-1.009384e-01	1.883384e-01	2.379754e-01	-2.550405e-01	2.611777e-01	-6.571852e-02	-6.906940e-02	1.000000e+00	-9.787214e-01	8.984245e-01	-6.919621e-01	4.648839e-01	
-3.714137e-02	8.655811e-02	6.122066e-01	-4.559668e-01	8.552023e-02	-7.415100e-02	6.636313e-02	-1.296070e-01	9.608654e-02	-2.968945e-01	3.671088e-01	-4.484956e-01	-1.753561e-03	1.356970e-01	-2.478712e-01	-2.888821e-01	3.128740e-01	-3.225293e-01	7.302725e-02	9.265234e-02	-9.787214e-01	1.000000e+00	-9.685743e-01	6.080919e-01	-3.612894e-01	
7.305310e-03	-5.596923e-02	-7.465279e-01	5.377913e-01	-8.362913e-02	6.922514e-02	-5.999246e-02	1.596567e-01	-1.329347e-01	3.677291e-01	-4.561666e-01	5.590842e-01	-3.299464e-04	-1.705058e-01	3.176152e-01	3.300152e-01	-3.604645e-01	3.734935e-01	-7.751560e-02	-1.130756e-01	8.984245e-01	-9.685743e-01	1.000000e+00	-4.591683e-01	2.011286e-01	
1.414694e-01	1.279561e-02	-1.078987e-01	3.876141e-02	6.033068e-02	-5.529670e-02	4.499390e-02	1.667324e-02	-4.808414e-02	3.987947e-02	-5.359083e-02	6.733942e-02	3.223077e-02	-5.990472e-02	2.100778e-02	6.308159e-02	-7.336746e-02	7.642191e-02	6.715756e-02	-1.148236e-01	-6.919621e-01	6.080919e-01	-4.591683e-01	1.000000e+00	-9.475706e-01	
-1.162530e-01	-4.051075e-02	3.180653e-01	-1.866308e-01	-4.352450e-02	4.156175e-02	-3.223410e-02	-6.251635e-02	9.194306e-02	-1.474784e-01	1.877951e-01	-2.326995e-01	-2.946595e-02	1.107810e-01	-9.676761e-02	-1.353903e-01	1.610198e-01	-1.735849e-01	-1.227212e-01	2.402189e-01	4.648839e-01	-3.612894e-01	2.011286e-01	-9.475706e-01	1.000000e+00	

Time taken for mcmc chain: 37.366667 minutes
