Number of steps: 8799902
Number of accepted steps: 960000
Burn-in number of steps: 320000
Accepted fraction of steps: 0.109092
Convergence Status
R[0]= 1.009410	R[1]= 1.013703	R[2]= 1.036237	R[3]= 1.007341	R[4]= 1.003068	R[5]= 1.003948	R[6]= 1.004292	R[7]= 1.000779	R[8]= 1.002909	R[9]= 1.020568	R[10]= 1.029267	R[11]= 1.038585	R[12]= 1.012316	R[13]= 1.006077	R[14]= 1.007145	R[15]= 1.010384	R[16]= 1.011056	R[17]= 1.010130	R[18]= 1.001953	R[19]= 1.000327	R[20]= 1.002134	R[21]= 1.006235	R[22]= 1.014194	R[23]= 1.002017	R[24]= 1.006383	
<R>= 1.010418

Mean parameters
A[0]= 7.767578e-01 pm 2.984236e-02
A[1]= 8.856803e-01 pm 2.574233e-02
A[2]= 5.506546e-01 pm 4.844963e-01
A[3]= 3.938267e+00 pm 1.393531e+00
A[4]= -3.042105e+03 pm 3.925882e+03
A[5]= 2.214649e+03 pm 2.815331e+03
A[6]= -4.368625e+02 pm 7.620220e+02
A[7]= 3.458186e+01 pm 1.449054e+01
A[8]= -3.631281e-01 pm 1.765034e-01
A[9]= -4.201826e+03 pm 9.096886e+03
A[10]= 2.014984e+03 pm 5.837017e+03
A[11]= -5.875041e+02 pm 1.409341e+03
A[12]= 3.367997e+01 pm 4.888367e+01
A[13]= -7.826068e-01 pm 9.246941e-01
A[14]= 6.186219e+00 pm 1.919057e+00
A[15]= -7.571113e+03 pm 5.292762e+03
A[16]= 6.825744e+03 pm 3.751068e+03
A[17]= -1.886119e+03 pm 1.007723e+03
A[18]= 3.394743e+01 pm 2.139083e+01
A[19]= -1.345165e-02 pm 2.637123e-01
A[20]= 6.469252e+03 pm 1.220418e+04
A[21]= -3.201229e+03 pm 7.980348e+03
A[22]= 1.552364e+01 pm 1.986464e+03
A[23]= -3.747889e+01 pm 6.632495e+01
A[24]= 5.913070e-01 pm 1.301898e+00

Best-fitting parameters
A[0]= 7.702499e-01
A[1]= 9.002672e-01
A[2]= 4.052987e-01
A[3]= 3.253063e+00
A[4]= -7.702749e+02
A[5]= 2.389300e+02
A[6]= 1.505337e+02
A[7]= 2.759672e+01
A[8]= -3.280725e-01
A[9]= -1.205185e+03
A[10]= -3.294152e+02
A[11]= 6.755338e+01
A[12]= 1.588374e+01
A[13]= -4.656745e-01
A[14]= 6.678701e+00
A[15]= -7.898348e+03
A[16]= 7.304934e+03
A[17]= -2.070822e+03
A[18]= 3.988006e+01
A[19]= -7.170380e-02
A[20]= 2.307706e+03
A[21]= -1.521311e+03
A[22]= -2.287350e+01
A[23]= -1.577122e+01
A[24]= 8.853592e-02
chi2_min= 9.296594e+01


Cross-Covariance parameters
1.000000e+00	-4.666443e-01	4.335837e-02	-1.913578e-02	-1.628596e-02	2.138013e-02	-3.207086e-02	5.215910e-02	-1.687482e-02	-6.564079e-02	1.022836e-01	-1.592786e-01	1.238224e-01	-4.783713e-02	-8.058460e-02	8.062421e-02	-8.011753e-02	6.886650e-02	-7.001637e-04	-2.748584e-02	-3.716225e-02	7.932412e-02	-1.432753e-01	1.620830e-01	-9.344709e-02	
-4.666443e-01	1.000000e+00	-1.294223e-02	-5.605277e-02	2.038354e-02	-6.707038e-03	-1.548624e-02	1.079911e-01	-1.176328e-01	7.937064e-02	-9.649606e-02	1.222853e-01	-1.129743e-01	3.266115e-02	-7.718331e-02	-1.448045e-02	2.002858e-02	-3.376532e-02	1.750468e-01	-1.728496e-01	3.699406e-02	-6.640271e-02	1.116659e-01	-9.746163e-02	2.375200e-02	
4.335837e-02	-1.294223e-02	1.000000e+00	-6.112098e-01	-8.620558e-02	1.059543e-01	-1.125469e-01	-2.557606e-02	1.096547e-01	-4.825037e-01	6.264434e-01	-7.718459e-01	1.236842e-01	1.782974e-01	-6.630146e-01	-1.140664e-01	1.395611e-01	-1.502295e-01	-1.246305e-02	9.909377e-02	-4.944309e-01	6.475258e-01	-7.945950e-01	4.488752e-02	2.727962e-01	
-1.913578e-02	-5.605277e-02	-6.112098e-01	1.000000e+00	-5.525032e-01	6.092758e-01	-6.444227e-01	3.950862e-01	2.574902e-02	2.220057e-01	-2.952948e-01	3.772638e-01	-1.163170e-01	-7.230814e-03	4.150622e-01	7.883343e-02	-9.869709e-02	1.093594e-01	-4.973024e-03	-5.185143e-02	2.923374e-01	-3.870084e-01	4.797975e-01	1.095792e-02	-2.027322e-01	
-1.628596e-02	2.038354e-02	-8.620558e-02	-5.525032e-01	1.000000e+00	-9.791235e-01	9.269898e-01	-8.064333e-01	2.663662e-01	1.334517e-01	-1.797000e-01	2.209711e-01	3.434682e-02	-8.835041e-02	5.713937e-02	6.646026e-03	-1.407736e-02	1.854254e-02	1.476100e-02	-3.713699e-02	6.781687e-02	-8.455316e-02	9.814207e-02	-3.966573e-02	-1.521972e-03	
2.138013e-02	-6.707038e-03	1.059543e-01	6.092758e-01	-9.791235e-01	1.000000e+00	-9.834382e-01	7.664147e-01	-1.755747e-01	-1.550502e-01	2.073555e-01	-2.535458e-01	-3.809783e-02	1.189136e-01	-6.986523e-02	-1.406434e-02	2.330558e-02	-2.962327e-02	-1.003531e-02	4.004416e-02	-8.222375e-02	1.033355e-01	-1.206455e-01	4.509563e-02	4.734361e-03	
-3.207086e-02	-1.548624e-02	-1.125469e-01	-6.444227e-01	9.269898e-01	-9.834382e-01	1.000000e+00	-7.046283e-01	9.065677e-02	1.706092e-01	-2.248738e-01	2.718525e-01	3.368863e-02	-1.327554e-01	7.680541e-02	1.787350e-02	-2.793729e-02	3.569424e-02	2.119276e-03	-3.594689e-02	8.773936e-02	-1.109065e-01	1.299947e-01	-4.880312e-02	-3.911977e-03	
5.215910e-02	1.079911e-01	-2.557606e-02	3.950862e-01	-8.064333e-01	7.664147e-01	-7.046283e-01	1.000000e+00	-7.505402e-01	3.434538e-02	-2.770632e-03	-3.533303e-02	-5.172663e-02	-5.787384e-02	1.287560e-02	-5.883833e-03	9.420775e-03	-1.485668e-02	4.093145e-02	-3.295119e-02	1.024348e-03	-3.921256e-03	8.056569e-03	2.255262e-02	-2.946382e-02	
-1.687482e-02	-1.176328e-01	1.096547e-01	2.574902e-02	2.663662e-01	-1.755747e-01	9.065677e-02	-7.505402e-01	1.000000e+00	-1.866934e-01	1.876034e-01	-1.728243e-01	3.514578e-02	2.161571e-01	-7.669009e-02	2.651988e-03	8.409247e-04	-7.045471e-04	-5.257658e-02	6.655481e-02	-7.484016e-02	9.455907e-02	-1.115197e-01	2.762726e-02	2.099611e-02	
-6.564079e-02	7.937064e-02	-4.825037e-01	2.220057e-01	1.334517e-01	-1.550502e-01	1.706092e-01	3.434538e-02	-1.866934e-01	1.000000e+00	-9.760444e-01	8.843182e-01	-8.259498e-01	5.497776e-01	2.933234e-01	7.982783e-02	-9.884326e-02	1.094011e-01	2.225459e-02	-9.093731e-02	2.584427e-01	-3.392249e-01	4.165986e-01	-3.731787e-02	-1.331910e-01	
1.022836e-01	-9.649606e-02	6.264434e-01	-2.952948e-01	-1.797000e-01	2.073555e-01	-2.248738e-01	-2.770632e-03	1.876034e-01	-9.760444e-01	1.000000e+00	-9.638968e-01	7.661098e-01	-4.550698e-01	-3.900922e-01	-9.742041e-02	1.224504e-01	-1.364843e-01	-2.349529e-02	1.100012e-01	-3.320524e-01	4.383149e-01	-5.409514e-01	4.865815e-02	1.724478e-01	
-1.592786e-01	1.222853e-01	-7.718459e-01	3.772638e-01	2.209711e-01	-2.535458e-01	2.718525e-01	-3.533303e-02	-1.728243e-01	8.843182e-01	-9.638968e-01	1.000000e+00	-6.305554e-01	2.942806e-01	4.916295e-01	1.108308e-01	-1.414660e-01	1.588795e-01	2.529175e-02	-1.272316e-01	4.053778e-01	-5.378842e-01	6.672008e-01	-6.186719e-02	-2.112210e-01	
1.238224e-01	-1.129743e-01	1.236842e-01	-1.163170e-01	3.434682e-02	-3.809783e-02	3.368863e-02	-5.172663e-02	3.514578e-02	-8.259498e-01	7.661098e-01	-6.305554e-01	1.000000e+00	-9.031933e-01	-3.532263e-02	-4.901019e-02	5.796599e-02	-6.370314e-02	3.086516e-03	3.410245e-02	-6.055000e-02	8.958612e-02	-1.202485e-01	1.978447e-02	3.263405e-02	
-4.783713e-02	3.266115e-02	1.782974e-01	-7.230814e-03	-8.835041e-02	1.189136e-01	-1.327554e-01	-5.787384e-02	2.161571e-01	5.497776e-01	-4.550698e-01	2.942806e-01	-9.031933e-01	1.000000e+00	-1.694616e-01	2.220177e-02	-2.117136e-02	2.151545e-02	-2.877095e-02	2.301887e-02	-1.055611e-01	1.274002e-01	-1.462586e-01	1.670737e-02	4.074337e-02	
-8.058460e-02	-7.718331e-02	-6.630146e-01	4.150622e-01	5.713937e-02	-6.986523e-02	7.680541e-02	1.287560e-02	-7.669009e-02	2.933234e-01	-3.900922e-01	4.916295e-01	-3.532263e-02	-1.694616e-01	1.000000e+00	-4.553476e-01	5.144328e-01	-5.521601e-01	2.770488e-01	5.420707e-02	2.636432e-01	-3.511466e-01	4.459338e-01	-7.860073e-02	-8.175655e-02	
8.062421e-02	-1.448045e-02	-1.140664e-01	7.883343e-02	6.646026e-03	-1.406434e-02	1.787350e-02	-5.883833e-03	2.651988e-03	7.982783e-02	-9.742041e-02	1.108308e-01	-4.901019e-02	2.220177e-02	-4.553476e-01	1.000000e+00	-9.757211e-01	9.125841e-01	-7.867015e-01	3.304377e-01	1.714964e-01	-2.108737e-01	2.350087e-01	3.265279e-02	-1.106414e-01	
-8.011753e-02	2.002858e-02	1.395611e-01	-9.869709e-02	-1.407736e-02	2.330558e-02	-2.793729e-02	9.420775e-03	8.409247e-04	-9.884326e-02	1.224504e-01	-1.414660e-01	5.796599e-02	-2.117136e-02	5.144328e-01	-9.757211e-01	1.000000e+00	-9.794734e-01	7.254186e-01	-2.153342e-01	-1.954425e-01	2.446100e-01	-2.770223e-01	-4.506482e-02	1.482494e-01	
6.886650e-02	-3.376532e-02	-1.502295e-01	1.093594e-01	1.854254e-02	-2.962327e-02	3.569424e-02	-1.485668e-02	-7.045471e-04	1.094011e-01	-1.364843e-01	1.588795e-01	-6.370314e-02	2.151545e-02	-5.521601e-01	9.125841e-01	-9.794734e-01	1.000000e+00	-6.385426e-01	1.014385e-01	2.079420e-01	-2.630449e-01	3.006681e-01	5.145920e-02	-1.711267e-01	
-7.001637e-04	1.750468e-01	-1.246305e-02	-4.973024e-03	1.476100e-02	-1.003531e-02	2.119276e-03	4.093145e-02	-5.257658e-02	2.225459e-02	-2.349529e-02	2.529175e-02	3.086516e-03	-2.877095e-02	2.770488e-01	-7.867015e-01	7.254186e-01	-6.385426e-01	1.000000e+00	-8.145036e-01	-2.566690e-02	4.085420e-02	-4.985808e-02	1.704940e-02	-7.138894e-02	
-2.748584e-02	-1.728496e-01	9.909377e-02	-5.185143e-02	-3.713699e-02	4.004416e-02	-3.594689e-02	-3.295119e-02	6.655481e-02	-9.093731e-02	1.100012e-01	-1.272316e-01	3.410245e-02	2.301887e-02	5.420707e-02	3.304377e-01	-2.153342e-01	1.014385e-01	-8.145036e-01	1.000000e+00	-1.045413e-01	1.183869e-01	-1.270058e-01	-5.998621e-02	2.176457e-01	
-3.716225e-02	3.699406e-02	-4.944309e-01	2.923374e-01	6.781687e-02	-8.222375e-02	8.773936e-02	1.024348e-03	-7.484016e-02	2.584427e-01	-3.320524e-01	4.053778e-01	-6.055000e-02	-1.055611e-01	2.636432e-01	1.714964e-01	-1.954425e-01	2.079420e-01	-2.566690e-02	-1.045413e-01	1.000000e+00	-9.733254e-01	8.742114e-01	-7.733968e-01	4.891932e-01	
7.932412e-02	-6.640271e-02	6.475258e-01	-3.870084e-01	-8.455316e-02	1.033355e-01	-1.109065e-01	-3.921256e-03	9.455907e-02	-3.392249e-01	4.383149e-01	-5.378842e-01	8.958612e-02	1.274002e-01	-3.511466e-01	-2.108737e-01	2.446100e-01	-2.630449e-01	4.085420e-02	1.183869e-01	-9.733254e-01	1.000000e+00	-9.614097e-01	6.914932e-01	-3.661403e-01	
-1.432753e-01	1.116659e-01	-7.945950e-01	4.797975e-01	9.814207e-02	-1.206455e-01	1.299947e-01	8.056569e-03	-1.115197e-01	4.165986e-01	-5.409514e-01	6.672008e-01	-1.202485e-01	-1.462586e-01	4.459338e-01	2.350087e-01	-2.770223e-01	3.006681e-01	-4.985808e-02	-1.270058e-01	8.742114e-01	-9.614097e-01	1.000000e+00	-5.326555e-01	1.780789e-01	
1.620830e-01	-9.746163e-02	4.488752e-02	1.095792e-02	-3.966573e-02	4.509563e-02	-4.880312e-02	2.255262e-02	2.762726e-02	-3.731787e-02	4.865815e-02	-6.186719e-02	1.978447e-02	1.670737e-02	-7.860073e-02	3.265279e-02	-4.506482e-02	5.145920e-02	1.704940e-02	-5.998621e-02	-7.733968e-01	6.914932e-01	-5.326555e-01	1.000000e+00	-9.132906e-01	
-9.344709e-02	2.375200e-02	2.727962e-01	-2.027322e-01	-1.521972e-03	4.734361e-03	-3.911977e-03	-2.946382e-02	2.099611e-02	-1.331910e-01	1.724478e-01	-2.112210e-01	3.263405e-02	4.074337e-02	-8.175655e-02	-1.106414e-01	1.482494e-01	-1.711267e-01	-7.138894e-02	2.176457e-01	4.891932e-01	-3.661403e-01	1.780789e-01	-9.132906e-01	1.000000e+00	

Time taken for mcmc chain: 48.283333 minutes
