Number of steps: 5353597
Number of accepted steps: 960000
Burn-in number of steps: 320000
Accepted fraction of steps: 0.179319
Convergence Status
R[0]= 1.112018	R[1]= 1.087910	R[2]= 1.312856	R[3]= 1.113583	R[4]= 1.047422	R[5]= 1.057612	R[6]= 1.063312	R[7]= 1.008566	R[8]= 1.012442	R[9]= 1.029210	R[10]= 1.043506	R[11]= 1.061182	R[12]= 1.046568	R[13]= 1.052556	R[14]= 1.102356	R[15]= 1.011918	R[16]= 1.015830	R[17]= 1.017865	R[18]= 1.005086	R[19]= 1.006653	R[20]= 1.053495	R[21]= 1.071240	R[22]= 1.090134	R[23]= 1.014230	R[24]= 1.013302	
<R>= 1.058034

Mean parameters
A[0]= 1.070085e+00 pm 1.020496e-01
A[1]= 1.115129e+00 pm 1.370752e-01
A[2]= 1.973546e+00 pm 1.197503e+00
A[3]= 1.266322e+00 pm 8.484077e-01
A[4]= 1.539605e+03 pm 4.237927e+03
A[5]= -2.399644e+03 pm 2.693457e+03
A[6]= 1.226991e+03 pm 5.763314e+02
A[7]= -4.530014e-01 pm 1.271845e+01
A[8]= -2.716413e-01 pm 1.847162e-01
A[9]= -4.796848e+03 pm 8.220124e+03
A[10]= 2.359068e+03 pm 4.908841e+03
A[11]= -5.803091e+02 pm 9.940938e+02
A[12]= -2.745990e+00 pm 5.325579e+01
A[13]= -2.599818e-01 pm 1.035334e+00
A[14]= 1.771414e+00 pm 1.225092e+00
A[15]= 1.362616e+03 pm 5.617334e+03
A[16]= -1.528866e+03 pm 3.579491e+03
A[17]= 9.580439e+02 pm 7.709403e+02
A[18]= -2.004659e+01 pm 1.999770e+01
A[19]= 1.051610e-01 pm 2.841103e-01
A[20]= 3.881966e+03 pm 1.214099e+04
A[21]= -2.141377e+03 pm 7.225963e+03
A[22]= 2.553728e+01 pm 1.443011e+03
A[23]= -6.984370e+01 pm 7.567700e+01
A[24]= 9.344474e-01 pm 1.479820e+00

Best-fitting parameters
A[0]= 1.075893e+00
A[1]= 1.207865e+00
A[2]= 8.546517e-01
A[3]= 3.008040e+00
A[4]= -3.568356e+02
A[5]= -5.385186e+02
A[6]= 7.091654e+02
A[7]= -1.089661e+01
A[8]= -5.834914e-02
A[9]= -6.055217e+03
A[10]= 2.856825e+03
A[11]= -6.154205e+02
A[12]= 1.661495e+01
A[13]= -4.477701e-01
A[14]= 4.626752e+00
A[15]= -3.579852e+03
A[16]= 2.261049e+03
A[17]= 3.074436e+01
A[18]= -4.148135e+01
A[19]= 5.238140e-01
A[20]= 2.232973e+03
A[21]= -9.586379e+02
A[22]= -1.651054e+02
A[23]= -5.546652e+01
A[24]= 8.840446e-01
chi2_min= 9.150293e+01


Cross-Covariance parameters
1.000000e+00	-1.211660e-01	2.405413e-02	2.091066e-01	-1.323696e-01	1.490423e-01	-1.657426e-01	-2.367543e-02	7.702933e-02	-6.488653e-02	1.107544e-01	-1.720844e-01	-8.447691e-02	1.346438e-01	9.819276e-02	-8.027128e-02	9.896880e-02	-1.183829e-01	-4.670965e-02	9.890035e-02	-5.536634e-02	9.094553e-02	-1.423375e-01	-6.941819e-02	1.155641e-01	
-1.211660e-01	1.000000e+00	4.920918e-01	-2.885277e-01	-3.801551e-01	4.247459e-01	-4.680310e-01	5.675172e-02	1.440402e-01	-1.616019e-01	1.980585e-01	-2.250091e-01	-1.937533e-01	2.008472e-01	-1.284949e-01	-3.757015e-01	4.318278e-01	-4.818896e-01	-1.033599e-01	2.356835e-01	-2.278979e-01	2.705618e-01	-3.022780e-01	-1.725404e-01	2.002994e-01	
2.405413e-02	4.920918e-01	1.000000e+00	-5.011486e-01	-4.752156e-01	5.132789e-01	-5.339203e-01	-8.450765e-03	1.569705e-01	-3.680277e-01	4.717285e-01	-5.768768e-01	-4.240693e-01	4.563810e-01	-5.319299e-01	-3.156835e-01	3.619898e-01	-3.933256e-01	-1.444750e-01	2.148931e-01	-3.728734e-01	4.661844e-01	-5.571838e-01	-3.579622e-01	4.091922e-01	
2.091066e-01	-2.885277e-01	-5.011486e-01	1.000000e+00	-2.967716e-01	3.022770e-01	-3.018594e-01	-1.034328e-01	1.424299e-01	7.795515e-03	-2.469893e-02	4.244137e-02	7.883001e-02	-5.144381e-02	5.870306e-01	-3.357983e-02	2.470284e-02	-1.802476e-02	2.980478e-02	-2.422276e-02	1.667455e-01	-2.023316e-01	2.357620e-01	1.046301e-01	-1.198163e-01	
-1.323696e-01	-3.801551e-01	-4.752156e-01	-2.967716e-01	1.000000e+00	-9.900671e-01	9.627992e-01	-3.602002e-01	8.007810e-02	3.032514e-01	-3.886917e-01	4.771765e-01	3.373855e-01	-3.345606e-01	4.783243e-03	3.471727e-01	-3.921614e-01	4.263082e-01	1.122193e-01	-1.966520e-01	2.229985e-01	-2.783927e-01	3.304325e-01	2.308290e-01	-2.658416e-01	
1.490423e-01	4.247459e-01	5.132789e-01	3.022770e-01	-9.900671e-01	1.000000e+00	-9.907918e-01	3.006500e-01	-2.087493e-02	-3.207974e-01	4.130412e-01	-5.083101e-01	-3.688993e-01	3.742128e-01	-1.501264e-02	-3.734775e-01	4.213327e-01	-4.578884e-01	-1.197046e-01	2.131439e-01	-2.347539e-01	2.950277e-01	-3.520086e-01	-2.519861e-01	2.900318e-01	
-1.657426e-01	-4.680310e-01	-5.339203e-01	-3.018594e-01	9.627992e-01	-9.907918e-01	1.000000e+00	-2.521659e-01	-1.978211e-02	3.318079e-01	-4.281561e-01	5.273406e-01	3.833510e-01	-3.933380e-01	1.900388e-02	3.923517e-01	-4.426710e-01	4.816577e-01	1.233951e-01	-2.250229e-01	2.417705e-01	-3.049466e-01	3.649308e-01	2.639525e-01	-3.044180e-01	
-2.367543e-02	5.675172e-02	-8.450765e-03	-1.034328e-01	-3.602002e-01	3.006500e-01	-2.521659e-01	1.000000e+00	-9.281722e-01	1.353032e-01	-1.303322e-01	1.132294e-01	1.796611e-02	-1.760317e-01	2.074421e-02	8.385619e-03	3.155426e-03	-1.500596e-02	-1.152988e-02	1.550395e-02	-3.193405e-02	3.285063e-02	-3.183694e-02	3.339317e-02	-2.954245e-02	
7.702933e-02	1.440402e-01	1.569705e-01	1.424299e-01	8.007810e-02	-2.087493e-02	-1.978211e-02	-9.281722e-01	1.000000e+00	-2.287845e-01	2.462277e-01	-2.504575e-01	-1.019638e-01	2.842553e-01	-2.473318e-02	-1.331762e-01	1.388333e-01	-1.414859e-01	-3.502674e-02	6.911725e-02	-3.920501e-02	5.724357e-02	-7.593673e-02	-1.059138e-01	1.139256e-01	
-6.488653e-02	-1.616019e-01	-3.680277e-01	7.795515e-03	3.032514e-01	-3.207974e-01	3.318079e-01	1.353032e-01	-2.287845e-01	1.000000e+00	-9.840652e-01	9.274473e-01	-4.959526e-01	3.607421e-01	1.512631e-01	1.415110e-01	-1.557546e-01	1.629715e-01	6.651086e-02	-1.029303e-01	1.744095e-01	-2.016202e-01	2.295111e-01	1.277359e-01	-1.503296e-01	
1.107544e-01	1.980585e-01	4.717285e-01	-2.469893e-02	-3.886917e-01	4.130412e-01	-4.281561e-01	-1.303322e-01	2.462277e-01	-9.840652e-01	1.000000e+00	-9.785817e-01	4.061579e-01	-2.759557e-01	-1.937896e-01	-1.908424e-01	2.104185e-01	-2.211435e-01	-8.176466e-02	1.287096e-01	-2.154340e-01	2.562176e-01	-2.980954e-01	-1.770964e-01	2.080491e-01	
-1.720844e-01	-2.250091e-01	-5.768768e-01	4.244137e-02	4.771765e-01	-5.083101e-01	5.273406e-01	1.132294e-01	-2.504575e-01	9.274473e-01	-9.785817e-01	1.000000e+00	-2.795881e-01	1.623868e-01	2.393753e-01	2.371380e-01	-2.621758e-01	2.766193e-01	9.638888e-02	-1.530640e-01	2.566546e-01	-3.122478e-01	3.695962e-01	2.253938e-01	-2.654225e-01	
-8.447691e-02	-1.937533e-01	-4.240693e-01	7.883001e-02	3.373855e-01	-3.688993e-01	3.833510e-01	1.796611e-02	-1.019638e-01	-4.959526e-01	4.061579e-01	-2.795881e-01	1.000000e+00	-9.668780e-01	1.833089e-01	1.698061e-01	-1.996469e-01	2.230712e-01	7.938991e-02	-1.088016e-01	1.238225e-01	-1.787312e-01	2.339788e-01	2.216284e-01	-2.453340e-01	
1.346438e-01	2.008472e-01	4.563810e-01	-5.144381e-02	-3.345606e-01	3.742128e-01	-3.933380e-01	-1.760317e-01	2.842553e-01	3.607421e-01	-2.759557e-01	1.623868e-01	-9.668780e-01	1.000000e+00	-1.936552e-01	-1.868598e-01	2.173813e-01	-2.412865e-01	-8.607424e-02	1.205184e-01	-1.351486e-01	1.934589e-01	-2.535352e-01	-2.427852e-01	2.693670e-01	
9.819276e-02	-1.284949e-01	-5.319299e-01	5.870306e-01	4.783243e-03	-1.501264e-02	1.900388e-02	2.074421e-02	-2.473318e-02	1.512631e-01	-1.937896e-01	2.393753e-01	1.833089e-01	-1.936552e-01	1.000000e+00	-3.706699e-01	3.897510e-01	-3.989647e-01	-1.308816e-01	2.002276e-01	2.546173e-02	-4.078970e-02	5.534780e-02	3.709015e-02	-2.398121e-02	
-8.027128e-02	-3.757015e-01	-3.156835e-01	-3.357983e-02	3.471727e-01	-3.734775e-01	3.923517e-01	8.385619e-03	-1.331762e-01	1.415110e-01	-1.908424e-01	2.371380e-01	1.698061e-01	-1.868598e-01	-3.706699e-01	1.000000e+00	-9.876297e-01	9.539129e-01	-2.464891e-01	1.220211e-02	3.136575e-01	-3.812587e-01	4.468064e-01	2.797718e-01	-3.173133e-01	
9.896880e-02	4.318278e-01	3.619898e-01	2.470284e-02	-3.921614e-01	4.213327e-01	-4.426710e-01	3.155426e-03	1.388333e-01	-1.557546e-01	2.104185e-01	-2.621758e-01	-1.996469e-01	2.173813e-01	3.897510e-01	-9.876297e-01	1.000000e+00	-9.887616e-01	1.659912e-01	6.397516e-02	-3.377327e-01	4.138524e-01	-4.880705e-01	-3.138884e-01	3.579220e-01	
-1.183829e-01	-4.818896e-01	-3.933256e-01	-1.802476e-02	4.263082e-01	-4.578884e-01	4.816577e-01	-1.500596e-02	-1.414859e-01	1.629715e-01	-2.211435e-01	2.766193e-01	2.230712e-01	-2.412865e-01	-3.989647e-01	9.539129e-01	-9.887616e-01	1.000000e+00	-9.609177e-02	-1.231819e-01	3.497876e-01	-4.318167e-01	5.124387e-01	3.359160e-01	-3.833503e-01	
-4.670965e-02	-1.033599e-01	-1.444750e-01	2.980478e-02	1.122193e-01	-1.197046e-01	1.233951e-01	-1.152988e-02	-3.502674e-02	6.651086e-02	-8.176466e-02	9.638888e-02	7.938991e-02	-8.607424e-02	-1.308816e-01	-2.464891e-01	1.659912e-01	-9.609177e-02	1.000000e+00	-9.549963e-01	1.427912e-01	-1.645890e-01	1.828269e-01	1.552384e-01	-2.386182e-01	
9.890035e-02	2.356835e-01	2.148931e-01	-2.422276e-02	-1.966520e-01	2.131439e-01	-2.250229e-01	1.550395e-02	6.911725e-02	-1.029303e-01	1.287096e-01	-1.530640e-01	-1.088016e-01	1.205184e-01	2.002276e-01	1.220211e-02	6.397516e-02	-1.231819e-01	-9.549963e-01	1.000000e+00	-2.154366e-01	2.516083e-01	-2.826075e-01	-2.133075e-01	3.162371e-01	
-5.536634e-02	-2.278979e-01	-3.728734e-01	1.667455e-01	2.229985e-01	-2.347539e-01	2.417705e-01	-3.193405e-02	-3.920501e-02	1.744095e-01	-2.154340e-01	2.566546e-01	1.238225e-01	-1.351486e-01	2.546173e-02	3.136575e-01	-3.377327e-01	3.497876e-01	1.427912e-01	-2.154366e-01	1.000000e+00	-9.868342e-01	9.405356e-01	-5.145699e-01	3.905053e-01	
9.094553e-02	2.705618e-01	4.661844e-01	-2.023316e-01	-2.783927e-01	2.950277e-01	-3.049466e-01	3.285063e-02	5.724357e-02	-2.016202e-01	2.562176e-01	-3.122478e-01	-1.787312e-01	1.934589e-01	-4.078970e-02	-3.812587e-01	4.138524e-01	-4.318167e-01	-1.645890e-01	2.516083e-01	-9.868342e-01	1.000000e+00	-9.826350e-01	4.281245e-01	-3.034322e-01	
-1.423375e-01	-3.022780e-01	-5.571838e-01	2.357620e-01	3.304325e-01	-3.520086e-01	3.649308e-01	-3.183694e-02	-7.593673e-02	2.295111e-01	-2.980954e-01	3.695962e-01	2.339788e-01	-2.535352e-01	5.534780e-02	4.468064e-01	-4.880705e-01	5.124387e-01	1.828269e-01	-2.826075e-01	9.405356e-01	-9.826350e-01	1.000000e+00	-3.132935e-01	1.932917e-01	
-6.941819e-02	-1.725404e-01	-3.579622e-01	1.046301e-01	2.308290e-01	-2.519861e-01	2.639525e-01	3.339317e-02	-1.059138e-01	1.277359e-01	-1.770964e-01	2.253938e-01	2.216284e-01	-2.427852e-01	3.709015e-02	2.797718e-01	-3.138884e-01	3.359160e-01	1.552384e-01	-2.133075e-01	-5.145699e-01	4.281245e-01	-3.132935e-01	1.000000e+00	-9.792269e-01	
1.155641e-01	2.002994e-01	4.091922e-01	-1.198163e-01	-2.658416e-01	2.900318e-01	-3.044180e-01	-2.954245e-02	1.139256e-01	-1.503296e-01	2.080491e-01	-2.654225e-01	-2.453340e-01	2.693670e-01	-2.398121e-02	-3.173133e-01	3.579220e-01	-3.833503e-01	-2.386182e-01	3.162371e-01	3.905053e-01	-3.034322e-01	1.932917e-01	-9.792269e-01	1.000000e+00	

Time taken for mcmc chain: 2.643333 hours
