Number of steps: 7679627
Number of accepted steps: 960000
Burn-in number of steps: 320000
Accepted fraction of steps: 0.125006
Convergence Status
R[0]= 1.058372	R[1]= 1.180688	R[2]= 1.138263	R[3]= 1.041563	R[4]= 1.008492	R[5]= 1.009866	R[6]= 1.019931	R[7]= 1.015744	R[8]= 1.013188	R[9]= 1.004278	R[10]= 1.006713	R[11]= 1.011673	R[12]= 1.006277	R[13]= 1.005355	R[14]= 1.082307	R[15]= 1.019377	R[16]= 1.032658	R[17]= 1.047429	R[18]= 1.009266	R[19]= 1.000819	R[20]= 1.000214	R[21]= 1.000324	R[22]= 1.000801	R[23]= 1.002337	R[24]= 1.003293	
<R>= 1.028769

Mean parameters
A[0]= 9.795727e-01 pm 1.883350e-01
A[1]= 1.086619e+00 pm 9.485069e-02
A[2]= 5.579378e-01 pm 4.372265e-01
A[3]= 3.923704e-01 pm 4.560120e-01
A[4]= 8.101505e+03 pm 2.602072e+03
A[5]= -6.536289e+03 pm 1.599728e+03
A[6]= 1.999020e+03 pm 4.018068e+02
A[7]= 1.057945e+01 pm 1.346805e+01
A[8]= -4.361363e-01 pm 1.727887e-01
A[9]= -2.351225e+02 pm 7.481727e+03
A[10]= -1.293061e+03 pm 4.167325e+03
A[11]= 3.302656e+02 pm 7.662372e+02
A[12]= 4.292520e+01 pm 4.758994e+01
A[13]= -1.269741e+00 pm 8.888531e-01
A[14]= 5.687695e-01 pm 6.582602e-01
A[15]= 9.238994e+03 pm 3.713574e+03
A[16]= -6.526691e+03 pm 2.287130e+03
A[17]= 1.883627e+03 pm 5.739067e+02
A[18]= 3.257398e+00 pm 1.997655e+01
A[19]= -2.102500e-01 pm 2.458816e-01
A[20]= 1.442541e+04 pm 1.079937e+04
A[21]= -9.357959e+03 pm 5.951083e+03
A[22]= 1.621376e+03 pm 1.061974e+03
A[23]= -2.841414e+01 pm 6.756389e+01
A[24]= -8.242507e-02 pm 1.252045e+00

Best-fitting parameters
A[0]= 7.636299e-01
A[1]= 8.268255e-01
A[2]= 4.037941e-01
A[3]= 3.241329e+00
A[4]= 6.264223e+02
A[5]= -4.018203e+02
A[6]= 2.197640e+02
A[7]= 2.643728e+01
A[8]= -3.286000e-01
A[9]= -5.712358e+03
A[10]= 2.160786e+03
A[11]= -4.787037e+02
A[12]= 4.966850e+01
A[13]= -1.129116e+00
A[14]= 5.471012e+00
A[15]= -4.502013e+03
A[16]= 4.186974e+03
A[17]= -1.154401e+03
A[18]= 2.555167e+01
A[19]= 7.479652e-02
A[20]= 3.936819e+03
A[21]= -2.426726e+03
A[22]= -2.232367e+01
A[23]= -7.212734e-01
A[24]= 1.021123e-01
chi2_min= 1.003909e+02


Cross-Covariance parameters
1.000000e+00	3.508901e-01	-1.337754e-01	-2.456058e-01	1.703413e-01	-2.117513e-01	1.953193e-01	-7.172878e-03	-4.906577e-02	1.331325e-02	-1.666518e-02	-1.561545e-02	7.325771e-02	-7.695318e-02	-3.311417e-01	1.873181e-01	-2.418471e-01	2.556486e-01	-4.393933e-02	-4.245173e-02	8.102040e-02	-7.362692e-02	2.868356e-02	3.173533e-02	-3.444621e-02	
3.508901e-01	1.000000e+00	7.219869e-03	-2.716544e-01	1.929104e-01	-1.996866e-01	1.456785e-01	1.228012e-03	-4.114127e-02	-2.678511e-02	2.122351e-02	-1.345379e-02	5.668781e-02	-6.517624e-02	-3.467773e-01	1.566833e-01	-1.742161e-01	1.450614e-01	3.359515e-02	-7.539256e-02	3.337995e-02	-3.374124e-02	2.754807e-02	-1.041360e-02	7.186167e-03	
-1.337754e-01	7.219869e-03	1.000000e+00	-2.583835e-01	-6.964895e-03	-9.213225e-03	4.519165e-02	-4.643472e-02	1.734086e-02	-8.445617e-02	1.030851e-01	-1.475716e-01	1.428392e-02	2.734891e-02	-2.669663e-01	2.964219e-02	-5.140072e-02	7.884872e-02	-5.778043e-02	3.161149e-02	-6.281603e-03	2.831192e-02	-7.978837e-02	-2.479089e-02	5.243352e-02	
-2.456058e-01	-2.716544e-01	-2.583835e-01	1.000000e+00	-4.531483e-01	6.433890e-01	-8.149610e-01	3.598062e-01	-5.108249e-02	-1.997710e-02	4.440480e-02	-7.032120e-02	-3.530882e-02	5.039112e-02	5.639672e-01	-2.488275e-01	3.238958e-01	-3.688250e-01	8.523004e-02	4.950291e-02	-5.534570e-02	6.191410e-02	-5.949148e-02	1.086123e-02	-2.779450e-04	
1.703413e-01	1.929104e-01	-6.964895e-03	-4.531483e-01	1.000000e+00	-9.604137e-01	8.051728e-01	-8.099622e-01	6.060230e-01	-5.820359e-02	3.687305e-02	-6.773599e-03	7.118368e-02	7.469019e-03	-2.545909e-01	1.513608e-01	-1.818262e-01	1.918054e-01	-5.073078e-02	-2.230647e-02	5.351019e-02	-6.026003e-02	6.583753e-02	-2.271831e-02	5.260285e-03	
-2.117513e-01	-1.996866e-01	-9.213225e-03	6.433890e-01	-9.604137e-01	1.000000e+00	-9.360185e-01	8.343463e-01	-5.780006e-01	4.178983e-02	-1.273139e-02	-2.886843e-02	-6.744339e-02	8.185689e-05	3.288780e-01	-1.867248e-01	2.279719e-01	-2.436493e-01	5.709870e-02	3.590521e-02	-6.311027e-02	7.190066e-02	-7.854483e-02	2.303143e-02	-3.894222e-03	
1.953193e-01	1.456785e-01	4.519165e-02	-8.149610e-01	8.051728e-01	-9.360185e-01	1.000000e+00	-7.751000e-01	4.803897e-01	-4.020166e-03	-3.186938e-02	8.459273e-02	3.814338e-02	7.788156e-03	-3.656364e-01	1.963363e-01	-2.435551e-01	2.645655e-01	-5.421097e-02	-4.842928e-02	6.597910e-02	-7.608177e-02	8.386877e-02	-2.429217e-02	5.952380e-03	
-7.172878e-03	1.228012e-03	-4.643472e-02	3.598062e-01	-8.099622e-01	8.343463e-01	-7.751000e-01	1.000000e+00	-9.070685e-01	1.095350e-01	-8.670032e-02	4.573437e-02	-5.169049e-02	-9.784804e-02	9.860933e-02	-7.467448e-02	7.536068e-02	-6.570266e-02	2.308918e-02	-1.205410e-03	-3.953995e-02	4.216176e-02	-4.095620e-02	3.661329e-02	-3.182335e-02	
-4.906577e-02	-4.114127e-02	1.734086e-02	-5.108249e-02	6.060230e-01	-5.780006e-01	4.803897e-01	-9.070685e-01	1.000000e+00	-1.562631e-01	1.444226e-01	-1.173913e-01	5.884331e-02	1.366393e-01	4.239454e-02	1.112814e-02	1.067442e-02	-3.578560e-02	-6.880164e-03	2.839037e-02	2.092834e-02	-1.964864e-02	1.369209e-02	-3.532757e-02	4.019875e-02	
1.331325e-02	-2.678511e-02	-8.445617e-02	-1.997710e-02	-5.820359e-02	4.178983e-02	-4.020166e-03	1.095350e-01	-1.562631e-01	1.000000e+00	-9.908454e-01	9.502112e-01	-8.936193e-01	7.835848e-01	1.373654e-02	1.238974e-02	-1.212444e-02	1.096634e-02	-5.852875e-03	-7.904803e-03	-2.007835e-02	1.875502e-02	-1.276990e-02	3.043287e-02	-3.374902e-02	
-1.666518e-02	2.122351e-02	1.030851e-01	4.440480e-02	3.687305e-02	-1.273139e-02	-3.186938e-02	-8.670032e-02	1.444226e-01	-9.908454e-01	1.000000e+00	-9.820614e-01	9.297033e-01	-8.260137e-01	-4.218959e-03	-1.569630e-02	1.910368e-02	-2.155517e-02	3.993992e-03	1.437553e-02	1.399578e-02	-1.085142e-02	9.345486e-04	-2.646035e-02	3.241593e-02	
-1.561545e-02	-1.345379e-02	-1.475716e-01	-7.032120e-02	-6.773599e-03	-2.886843e-02	8.459273e-02	4.573437e-02	-1.173913e-01	9.502112e-01	-9.820614e-01	1.000000e+00	-9.496052e-01	8.579536e-01	2.836666e-03	1.596794e-02	-2.238157e-02	2.836914e-02	3.740235e-03	-2.666930e-02	-6.145125e-03	-9.685628e-04	2.046219e-02	1.759903e-02	-2.861264e-02	
7.325771e-02	5.668781e-02	1.428392e-02	-3.530882e-02	7.118368e-02	-6.744339e-02	3.814338e-02	-5.169049e-02	5.884331e-02	-8.936193e-01	9.297033e-01	-9.496052e-01	1.000000e+00	-9.597326e-01	-4.107754e-02	2.425811e-02	-2.702210e-02	2.322891e-02	-6.455561e-03	5.398409e-03	1.663082e-02	-1.678386e-02	1.077419e-02	-1.346067e-02	1.581721e-02	
-7.695318e-02	-6.517624e-02	2.734891e-02	5.039112e-02	7.469019e-03	8.185689e-05	7.788156e-03	-9.784804e-02	1.366393e-01	7.835848e-01	-8.260137e-01	8.579536e-01	-9.597326e-01	1.000000e+00	4.992955e-02	-2.655346e-02	3.390542e-02	-3.508091e-02	2.270649e-03	6.621449e-03	-1.480592e-02	1.731467e-02	-1.707190e-02	7.479424e-03	-7.382556e-03	
-3.311417e-01	-3.467773e-01	-2.669663e-01	5.639672e-01	-2.545909e-01	3.288780e-01	-3.656364e-01	9.860933e-02	4.239454e-02	1.373654e-02	-4.218959e-03	2.836666e-03	-4.107754e-02	4.992955e-02	1.000000e+00	-4.538036e-01	6.354554e-01	-7.975932e-01	3.125468e-01	-2.147823e-02	-2.194088e-02	3.601267e-02	-5.137781e-02	-4.627008e-02	5.499514e-02	
1.873181e-01	1.566833e-01	2.964219e-02	-2.488275e-01	1.513608e-01	-1.867248e-01	1.963363e-01	-7.467448e-02	1.112814e-02	1.238974e-02	-1.569630e-02	1.596794e-02	2.425811e-02	-2.655346e-02	-4.538036e-01	1.000000e+00	-9.625866e-01	8.149635e-01	-8.119547e-01	6.227449e-01	4.584731e-02	-5.681720e-02	7.287398e-02	-1.458023e-02	5.140974e-02	
-2.418471e-01	-1.742161e-01	-5.140072e-02	3.238958e-01	-1.818262e-01	2.279719e-01	-2.435551e-01	7.536068e-02	1.067442e-02	-1.212444e-02	1.910368e-02	-2.238157e-02	-2.702210e-02	3.390542e-02	6.354554e-01	-9.625866e-01	1.000000e+00	-9.394407e-01	8.335861e-01	-5.971638e-01	-3.030371e-02	4.759985e-02	-7.577134e-02	-1.175309e-02	-1.988359e-02	
2.556486e-01	1.450614e-01	7.884872e-02	-3.688250e-01	1.918054e-01	-2.436493e-01	2.645655e-01	-6.570266e-02	-3.578560e-02	1.096634e-02	-2.155517e-02	2.836914e-02	2.322891e-02	-3.508091e-02	-7.975932e-01	8.149635e-01	-9.394407e-01	1.000000e+00	-7.716145e-01	4.976612e-01	3.678430e-03	-2.787051e-02	7.161162e-02	4.291466e-02	-2.076035e-02	
-4.393933e-02	3.359515e-02	-5.778043e-02	8.523004e-02	-5.073078e-02	5.709870e-02	-5.421097e-02	2.308918e-02	-6.880164e-03	-5.852875e-03	3.993992e-03	3.740235e-03	-6.455561e-03	2.270649e-03	3.125468e-01	-8.119547e-01	8.335861e-01	-7.716145e-01	1.000000e+00	-9.196315e-01	3.463051e-02	-2.057176e-02	-1.258592e-02	-1.666249e-03	-7.469666e-02	
-4.245173e-02	-7.539256e-02	3.161149e-02	4.950291e-02	-2.230647e-02	3.590521e-02	-4.842928e-02	-1.205410e-03	2.839037e-02	-7.904803e-03	1.437553e-02	-2.666930e-02	5.398409e-03	6.621449e-03	-2.147823e-02	6.227449e-01	-5.971638e-01	4.976612e-01	-9.196315e-01	1.000000e+00	-5.171497e-02	4.503722e-02	-2.346567e-02	-2.141088e-02	1.256724e-01	
8.102040e-02	3.337995e-02	-6.281603e-03	-5.534570e-02	5.351019e-02	-6.311027e-02	6.597910e-02	-3.953995e-02	2.092834e-02	-2.007835e-02	1.399578e-02	-6.145125e-03	1.663082e-02	-1.480592e-02	-2.194088e-02	4.584731e-02	-3.030371e-02	3.678430e-03	3.463051e-02	-5.171497e-02	1.000000e+00	-9.927577e-01	9.548619e-01	-9.107483e-01	8.374625e-01	
-7.362692e-02	-3.374124e-02	2.831192e-02	6.191410e-02	-6.026003e-02	7.190066e-02	-7.608177e-02	4.216176e-02	-1.964864e-02	1.875502e-02	-1.085142e-02	-9.685628e-04	-1.678386e-02	1.731467e-02	3.601267e-02	-5.681720e-02	4.759985e-02	-2.787051e-02	-2.057176e-02	4.503722e-02	-9.927577e-01	1.000000e+00	-9.821720e-01	9.401332e-01	-8.705996e-01	
2.868356e-02	2.754807e-02	-7.978837e-02	-5.949148e-02	6.583753e-02	-7.854483e-02	8.386877e-02	-4.095620e-02	1.369209e-02	-1.276990e-02	9.345486e-04	2.046219e-02	1.077419e-02	-1.707190e-02	-5.137781e-02	7.287398e-02	-7.577134e-02	7.161162e-02	-1.258592e-02	-2.346567e-02	9.548619e-01	-9.821720e-01	1.000000e+00	-9.578416e-01	8.967458e-01	
3.173533e-02	-1.041360e-02	-2.479089e-02	1.086123e-02	-2.271831e-02	2.303143e-02	-2.429217e-02	3.661329e-02	-3.532757e-02	3.043287e-02	-2.646035e-02	1.759903e-02	-1.346067e-02	7.479424e-03	-4.627008e-02	-1.458023e-02	-1.175309e-02	4.291466e-02	-1.666249e-03	-2.141088e-02	-9.107483e-01	9.401332e-01	-9.578416e-01	1.000000e+00	-9.766597e-01	
-3.444621e-02	7.186167e-03	5.243352e-02	-2.779450e-04	5.260285e-03	-3.894222e-03	5.952380e-03	-3.182335e-02	4.019875e-02	-3.374902e-02	3.241593e-02	-2.861264e-02	1.581721e-02	-7.382556e-03	5.499514e-02	5.140974e-02	-1.988359e-02	-2.076035e-02	-7.469666e-02	1.256724e-01	8.374625e-01	-8.705996e-01	8.967458e-01	-9.766597e-01	1.000000e+00	

Time taken for mcmc chain: 1.069444 hours
