Number of steps: 2572027
Number of accepted steps: 960000
Burn-in number of steps: 320000
Accepted fraction of steps: 0.373246
Convergence Status
R[0]= 1.001721	R[1]= 1.013738	R[2]= 1.042768	R[3]= 1.037998	R[4]= 1.000934	R[5]= 1.001690	R[6]= 1.002699	R[7]= 1.001269	R[8]= 1.005438	R[9]= 1.001748	R[10]= 1.004476	R[11]= 1.009945	R[12]= 1.002623	R[13]= 1.009887	R[14]= 1.007203	R[15]= 1.008215	R[16]= 1.012152	R[17]= 1.015223	R[18]= 1.000426	R[19]= 1.001521	R[20]= 1.018231	R[21]= 1.023952	R[22]= 1.031537	R[23]= 1.008639	R[24]= 1.012576	
<R>= 1.011064

Mean parameters
A[0]= 8.661657e-01 pm 3.281595e-02
A[1]= 9.838202e-01 pm 2.842645e-02
A[2]= 6.325520e-01 pm 3.803864e-01
A[3]= 3.584550e+00 pm 1.152571e+00
A[4]= -4.039186e+03 pm 3.938429e+03
A[5]= 2.301963e+03 pm 2.661234e+03
A[6]= -2.117860e+02 pm 6.547936e+02
A[7]= 2.381139e+01 pm 1.386710e+01
A[8]= -3.012646e-01 pm 1.790348e-01
A[9]= -4.072931e+03 pm 8.375193e+03
A[10]= 1.930269e+03 pm 5.064871e+03
A[11]= -5.449467e+02 pm 1.084764e+03
A[12]= 2.170183e+01 pm 4.825747e+01
A[13]= -5.657442e-01 pm 9.363527e-01
A[14]= 5.311815e+00 pm 1.499104e+00
A[15]= -7.777353e+03 pm 5.258565e+03
A[16]= 6.049363e+03 pm 3.571700e+03
A[17]= -1.310624e+03 pm 8.843177e+02
A[18]= 1.404579e+01 pm 1.992452e+01
A[19]= 9.811794e-02 pm 2.705583e-01
A[20]= 5.410606e+03 pm 1.135572e+04
A[21]= -2.738542e+03 pm 6.984938e+03
A[22]= -1.857707e+00 pm 1.548822e+03
A[23]= -4.829650e+01 pm 6.569152e+01
A[24]= 7.740340e-01 pm 1.298271e+00

Best-fitting parameters
A[0]= 8.571278e-01
A[1]= 9.788645e-01
A[2]= 7.743657e-01
A[3]= 3.297678e+00
A[4]= -4.867091e+03
A[5]= 2.773113e+03
A[6]= -3.012745e+02
A[7]= 2.331036e+01
A[8]= -2.865549e-01
A[9]= -4.501020e+03
A[10]= 2.270455e+03
A[11]= -6.805012e+02
A[12]= -2.877304e+00
A[13]= 3.823189e-02
A[14]= 5.437389e+00
A[15]= -9.558728e+03
A[16]= 7.485684e+03
A[17]= -1.680469e+03
A[18]= 5.286786e+00
A[19]= 2.782775e-01
A[20]= 4.199565e+03
A[21]= -1.921464e+03
A[22]= -2.441894e+02
A[23]= -9.848622e+01
A[24]= 2.066670e+00
chi2_min= 8.892008e+01


Cross-Covariance parameters
1.000000e+00	-4.937643e-01	-1.404705e-01	7.698617e-02	3.988287e-02	-3.501635e-02	2.084410e-02	3.264214e-02	-2.866417e-02	-4.776709e-02	6.486496e-02	-1.016734e-01	1.962482e-01	-1.607567e-01	3.535046e-02	8.687348e-02	-8.664136e-02	7.660569e-02	6.674343e-02	-8.944097e-02	4.850240e-02	-2.995722e-02	-1.806847e-02	1.142938e-01	-9.152573e-02	
-4.937643e-01	1.000000e+00	1.052198e-01	-6.610351e-02	-1.111792e-01	1.229431e-01	-1.386425e-01	1.812052e-01	-1.247300e-01	1.874045e-02	-3.150033e-02	5.693175e-02	-1.296049e-01	8.129193e-02	-1.757480e-01	-7.389659e-03	1.697613e-02	-3.190114e-02	1.412709e-01	-1.366333e-01	6.173982e-04	-1.449546e-02	4.981468e-02	-7.883293e-02	3.250107e-02	
-1.404705e-01	1.052198e-01	1.000000e+00	-6.562013e-01	-5.544001e-02	4.631971e-02	-2.729597e-02	-6.170839e-02	9.240179e-02	-3.616821e-01	4.792176e-01	-6.228200e-01	-8.570639e-02	2.613354e-01	-5.749325e-01	-1.846955e-01	2.143714e-01	-2.288640e-01	-4.711935e-02	1.457756e-01	-4.113153e-01	5.448588e-01	-6.961585e-01	-1.343808e-01	3.211631e-01	
7.698617e-02	-6.610351e-02	-6.562013e-01	1.000000e+00	-5.414399e-01	6.086263e-01	-6.616087e-01	2.840318e-01	4.286230e-02	1.214060e-01	-1.761225e-01	2.515481e-01	4.098064e-03	-6.090078e-02	4.044548e-01	9.237198e-02	-1.109812e-01	1.215594e-01	5.065613e-02	-1.042321e-01	2.616211e-01	-3.506141e-01	4.514100e-01	9.786904e-02	-2.226431e-01	
3.988287e-02	-1.111792e-01	-5.544001e-02	-5.414399e-01	1.000000e+00	-9.840853e-01	9.402640e-01	-7.420749e-01	3.112947e-01	1.310309e-01	-1.751156e-01	2.207078e-01	8.500268e-02	-1.011241e-01	-1.733946e-03	4.596566e-02	-5.960330e-02	7.052189e-02	-3.185021e-02	5.810004e-03	4.023016e-02	-4.867977e-02	5.551587e-02	-3.633873e-03	-8.356390e-03	
-3.501635e-02	1.229431e-01	4.631971e-02	6.086263e-01	-9.840853e-01	1.000000e+00	-9.853215e-01	6.910970e-01	-2.319942e-01	-1.477501e-01	1.931073e-01	-2.395329e-01	-8.837142e-02	1.190411e-01	2.934713e-03	-4.590484e-02	5.861449e-02	-6.895315e-02	3.739884e-02	-1.207810e-02	-3.761360e-02	4.465234e-02	-5.027958e-02	7.339809e-03	1.109569e-03	
2.084410e-02	-1.386425e-01	-2.729597e-02	-6.616087e-01	9.402640e-01	-9.853215e-01	1.000000e+00	-6.249774e-01	1.555279e-01	1.635036e-01	-2.070836e-01	2.505623e-01	7.882964e-02	-1.197523e-01	-6.146046e-03	4.050190e-02	-5.194771e-02	6.179903e-02	-4.446434e-02	2.208214e-02	2.862123e-02	-3.308152e-02	3.640886e-02	-1.190223e-02	9.614267e-03	
3.264214e-02	1.812052e-01	-6.170839e-02	2.840318e-01	-7.420749e-01	6.910970e-01	-6.249774e-01	1.000000e+00	-8.472187e-01	4.173485e-02	-2.595983e-02	1.790686e-03	-5.227279e-02	-8.327932e-02	4.332850e-02	3.001516e-03	1.015518e-02	-2.585698e-02	4.840946e-02	-4.296124e-02	1.616101e-02	-2.526697e-02	3.629180e-02	1.213446e-02	-2.456880e-02	
-2.866417e-02	-1.247300e-01	9.240179e-02	4.286230e-02	3.112947e-01	-2.319942e-01	1.555279e-01	-8.472187e-01	1.000000e+00	-1.526489e-01	1.616062e-01	-1.594294e-01	1.921900e-02	1.947394e-01	-4.882271e-02	-3.257042e-02	2.408913e-02	-1.209799e-02	-2.203697e-02	3.233646e-02	-4.397843e-02	5.858888e-02	-7.424801e-02	-1.152392e-03	2.026752e-02	
-4.776709e-02	1.874045e-02	-3.616821e-01	1.214060e-01	1.310309e-01	-1.477501e-01	1.635036e-01	4.173485e-02	-1.526489e-01	1.000000e+00	-9.829411e-01	9.112898e-01	-7.770518e-01	5.766019e-01	2.335219e-01	3.440928e-02	-4.496787e-02	5.046476e-02	3.770763e-02	-6.339312e-02	1.322378e-01	-1.860262e-01	2.523339e-01	4.269597e-02	-1.080710e-01	
6.486496e-02	-3.150033e-02	4.792176e-01	-1.761225e-01	-1.751156e-01	1.931073e-01	-2.070836e-01	-2.595983e-02	1.616062e-01	-9.829411e-01	1.000000e+00	-9.705649e-01	7.316860e-01	-5.165683e-01	-2.971036e-01	-6.252357e-02	7.712725e-02	-8.494432e-02	-3.871204e-02	7.895803e-02	-1.883992e-01	2.599414e-01	-3.468745e-01	-5.003341e-02	1.410741e-01	
-1.016734e-01	5.693175e-02	-6.228200e-01	2.515481e-01	2.207078e-01	-2.395329e-01	2.505623e-01	1.790686e-03	-1.594294e-01	9.112898e-01	-9.705649e-01	1.000000e+00	-6.208031e-01	3.962245e-01	3.728902e-01	9.688729e-02	-1.170972e-01	1.284362e-01	3.914641e-02	-9.781802e-02	2.565996e-01	-3.504800e-01	4.638768e-01	5.952326e-02	-1.832353e-01	
1.962482e-01	-1.296049e-01	-8.570639e-02	4.098064e-03	8.500268e-02	-8.837142e-02	7.882964e-02	-5.227279e-02	1.921900e-02	-7.770518e-01	7.316860e-01	-6.208031e-01	1.000000e+00	-9.412996e-01	1.760170e-02	4.703863e-02	-5.548027e-02	6.077264e-02	-5.179061e-03	-1.528818e-02	4.876655e-02	-5.371740e-02	5.162979e-02	2.619064e-02	-4.024774e-02	
-1.607567e-01	8.129193e-02	2.613354e-01	-6.090078e-02	-1.011241e-01	1.190411e-01	-1.197523e-01	-8.327932e-02	1.947394e-01	5.766019e-01	-5.165683e-01	3.962245e-01	-9.412996e-01	1.000000e+00	-1.139983e-01	-7.932022e-02	9.339989e-02	-1.013671e-01	-1.031156e-02	5.070155e-02	-1.206718e-01	1.533516e-01	-1.846204e-01	-4.631070e-02	9.788179e-02	
3.535046e-02	-1.757480e-01	-5.749325e-01	4.044548e-01	-1.733946e-03	2.934713e-03	-6.146046e-03	4.332850e-02	-4.882271e-02	2.335219e-01	-2.971036e-01	3.728902e-01	1.760170e-02	-1.139983e-01	1.000000e+00	-4.889446e-01	5.441932e-01	-5.828962e-01	1.512378e-01	1.349670e-01	1.075334e-01	-1.579206e-01	2.259941e-01	3.397048e-02	-7.851764e-02	
8.687348e-02	-7.389659e-03	-1.846955e-01	9.237198e-02	4.596566e-02	-4.590484e-02	4.050190e-02	3.001516e-03	-3.257042e-02	3.440928e-02	-6.252357e-02	9.688729e-02	4.703863e-02	-7.932022e-02	-4.889446e-01	1.000000e+00	-9.812182e-01	9.303435e-01	-6.314487e-01	2.162522e-01	2.602087e-01	-3.084622e-01	3.465608e-01	1.548569e-02	-8.630105e-02	
-8.664136e-02	1.697613e-02	2.143714e-01	-1.109812e-01	-5.960330e-02	5.861449e-02	-5.194771e-02	1.015518e-02	2.408913e-02	-4.496787e-02	7.712725e-02	-1.170972e-01	-5.548027e-02	9.339989e-02	5.441932e-01	-9.812182e-01	1.000000e+00	-9.831447e-01	5.631783e-01	-1.235183e-01	-2.701964e-01	3.289536e-01	-3.790058e-01	-4.049987e-02	1.262357e-01	
7.660569e-02	-3.190114e-02	-2.288640e-01	1.215594e-01	7.052189e-02	-6.895315e-02	6.179903e-02	-2.585698e-02	-1.209799e-02	5.046476e-02	-8.494432e-02	1.284362e-01	6.077264e-02	-1.013671e-01	-5.828962e-01	9.303435e-01	-9.831447e-01	1.000000e+00	-4.809919e-01	3.480481e-02	2.697817e-01	-3.357222e-01	3.946147e-01	5.928524e-02	-1.547149e-01	
6.674343e-02	1.412709e-01	-4.711935e-02	5.065613e-02	-3.185021e-02	3.739884e-02	-4.446434e-02	4.840946e-02	-2.203697e-02	3.770763e-02	-3.871204e-02	3.914641e-02	-5.179061e-03	-1.031156e-02	1.512378e-01	-6.314487e-01	5.631783e-01	-4.809919e-01	1.000000e+00	-8.771285e-01	-4.819827e-02	4.886058e-02	-4.474954e-02	8.616501e-02	-1.564854e-01	
-8.944097e-02	-1.366333e-01	1.457756e-01	-1.042321e-01	5.810004e-03	-1.207810e-02	2.208214e-02	-4.296124e-02	3.233646e-02	-6.339312e-02	7.895803e-02	-9.781802e-02	-1.528818e-02	5.070155e-02	1.349670e-01	2.162522e-01	-1.235183e-01	3.480481e-02	-8.771285e-01	1.000000e+00	-8.451548e-02	1.121562e-01	-1.395258e-01	-1.146932e-01	2.491389e-01	
4.850240e-02	6.173982e-04	-4.113153e-01	2.616211e-01	4.023016e-02	-3.761360e-02	2.862123e-02	1.616101e-02	-4.397843e-02	1.322378e-01	-1.883992e-01	2.565996e-01	4.876655e-02	-1.206718e-01	1.075334e-01	2.602087e-01	-2.701964e-01	2.697817e-01	-4.819827e-02	-8.451548e-02	1.000000e+00	-9.792107e-01	8.952630e-01	-7.272242e-01	5.309890e-01	
-2.995722e-02	-1.449546e-02	5.448588e-01	-3.506141e-01	-4.867977e-02	4.465234e-02	-3.308152e-02	-2.526697e-02	5.858888e-02	-1.860262e-01	2.599414e-01	-3.504800e-01	-5.371740e-02	1.533516e-01	-1.579206e-01	-3.084622e-01	3.289536e-01	-3.357222e-01	4.886058e-02	1.121562e-01	-9.792107e-01	1.000000e+00	-9.660284e-01	6.618844e-01	-4.472238e-01	
-1.806847e-02	4.981468e-02	-6.961585e-01	4.514100e-01	5.551587e-02	-5.027958e-02	3.640886e-02	3.629180e-02	-7.424801e-02	2.523339e-01	-3.468745e-01	4.638768e-01	5.162979e-02	-1.846204e-01	2.259941e-01	3.465608e-01	-3.790058e-01	3.946147e-01	-4.474954e-02	-1.395258e-01	8.952630e-01	-9.660284e-01	1.000000e+00	-5.237286e-01	2.964357e-01	
1.142938e-01	-7.883293e-02	-1.343808e-01	9.786904e-02	-3.633873e-03	7.339809e-03	-1.190223e-02	1.213446e-02	-1.152392e-03	4.269597e-02	-5.003341e-02	5.952326e-02	2.619064e-02	-4.631070e-02	3.397048e-02	1.548569e-02	-4.049987e-02	5.928524e-02	8.616501e-02	-1.146932e-01	-7.272242e-01	6.618844e-01	-5.237286e-01	1.000000e+00	-9.550855e-01	
-9.152573e-02	3.250107e-02	3.211631e-01	-2.226431e-01	-8.356390e-03	1.109569e-03	9.614267e-03	-2.456880e-02	2.026752e-02	-1.080710e-01	1.410741e-01	-1.832353e-01	-4.024774e-02	9.788179e-02	-7.851764e-02	-8.630105e-02	1.262357e-01	-1.547149e-01	-1.564854e-01	2.491389e-01	5.309890e-01	-4.472238e-01	2.964357e-01	-9.550855e-01	1.000000e+00	

Time taken for mcmc chain: 28.200000 minutes
