Number of steps: 2037745
Number of accepted steps: 960000
Burn-in number of steps: 320000
Accepted fraction of steps: 0.471109
Convergence Status
R[0]= 1.005518	R[1]= 1.004288	R[2]= 1.042995	R[3]= 1.019427	R[4]= 1.013943	R[5]= 1.016111	R[6]= 1.017429	R[7]= 1.007294	R[8]= 1.005170	R[9]= 1.004214	R[10]= 1.005117	R[11]= 1.009278	R[12]= 1.022444	R[13]= 1.026316	R[14]= 1.024796	R[15]= 1.000158	R[16]= 1.000070	R[17]= 1.000192	R[18]= 1.006054	R[19]= 1.009775	R[20]= 1.008780	R[21]= 1.010767	R[22]= 1.013855	R[23]= 1.021139	R[24]= 1.029544	
<R>= 1.012987

Mean parameters
A[0]= 9.902746e-01 pm 3.777069e-02
A[1]= 1.119598e+00 pm 3.419102e-02
A[2]= 7.160678e-01 pm 5.278346e-01
A[3]= 3.384971e+00 pm 1.226953e+00
A[4]= -3.663266e+03 pm 3.753919e+03
A[5]= 1.426826e+03 pm 2.395576e+03
A[6]= 2.411715e+02 pm 5.317502e+02
A[7]= 8.976458e+00 pm 1.297010e+01
A[8]= -2.397224e-01 pm 1.805581e-01
A[9]= -3.819203e+03 pm 8.288250e+03
A[10]= 1.464691e+03 pm 4.911367e+03
A[11]= -3.389060e+02 pm 1.001345e+03
A[12]= 1.246459e+01 pm 5.032952e+01
A[13]= -4.696086e-01 pm 9.792222e-01
A[14]= 4.686623e+00 pm 1.748708e+00
A[15]= -5.354486e+03 pm 5.160000e+03
A[16]= 3.510329e+03 pm 3.301714e+03
A[17]= -3.620894e+02 pm 7.372289e+02
A[18]= -9.693021e+00 pm 1.938128e+01
A[19]= 1.727419e-01 pm 2.692685e-01
A[20]= 6.877988e+03 pm 1.112334e+04
A[21]= -4.076474e+03 pm 6.626097e+03
A[22]= 4.363668e+02 pm 1.356942e+03
A[23]= -5.399435e+01 pm 6.641792e+01
A[24]= 6.632952e-01 pm 1.290992e+00

Best-fitting parameters
A[0]= 9.875124e-01
A[1]= 1.106876e+00
A[2]= 6.005648e-01
A[3]= 2.635122e+00
A[4]= -9.581483e+02
A[5]= -5.031380e+02
A[6]= 7.003373e+02
A[7]= 1.185679e+01
A[8]= -3.561121e-01
A[9]= -5.165051e+03
A[10]= 2.243078e+03
A[11]= -4.668947e+02
A[12]= 4.629120e+01
A[13]= -1.226244e+00
A[14]= 4.479476e+00
A[15]= -3.254208e+03
A[16]= 2.124177e+03
A[17]= -4.429639e+01
A[18]= -1.799896e+01
A[19]= 2.646445e-01
A[20]= 2.186266e+03
A[21]= -1.560330e+03
A[22]= 6.033877e+01
A[23]= -2.646524e+01
A[24]= 2.912908e-01
chi2_min= 8.813776e+01


Cross-Covariance parameters
1.000000e+00	-5.374534e-01	-1.338581e-01	9.256730e-02	-5.170320e-03	1.940077e-03	-4.458928e-03	5.429002e-02	-2.536243e-02	-7.168796e-02	8.214103e-02	-1.062622e-01	1.598888e-01	-1.139676e-01	6.358838e-02	5.061980e-02	-5.122295e-02	4.561431e-02	2.096302e-02	-1.011906e-02	-2.787741e-02	3.959341e-02	-6.891901e-02	1.347474e-01	-1.052451e-01	
-5.374534e-01	1.000000e+00	7.335292e-02	-1.177969e-01	-6.173051e-02	6.817684e-02	-8.176062e-02	1.429588e-01	-1.149747e-01	-5.729976e-03	-6.498335e-03	3.170307e-02	-4.077384e-02	-1.032643e-02	-1.357878e-01	-4.898637e-02	4.615844e-02	-5.147566e-02	1.762438e-01	-1.593789e-01	4.286507e-02	-5.496769e-02	8.010421e-02	-7.671600e-02	3.491563e-02	
-1.338581e-01	7.335292e-02	1.000000e+00	-7.365224e-01	-1.901031e-02	6.344657e-03	1.678586e-02	-2.350246e-02	7.634965e-04	-3.670834e-01	4.719981e-01	-5.962927e-01	-2.191794e-01	3.044621e-01	-7.110503e-01	-7.702875e-02	5.894396e-02	-3.391128e-02	1.141833e-01	-1.241697e-01	-3.841814e-01	4.829165e-01	-6.022549e-01	-2.393285e-01	3.199643e-01	
9.256730e-02	-1.177969e-01	-7.365224e-01	1.000000e+00	-4.707306e-01	5.280503e-01	-5.781272e-01	6.597217e-02	1.436005e-01	2.351723e-01	-2.993734e-01	3.789550e-01	7.837675e-02	-1.147269e-01	5.635110e-01	5.325228e-02	-3.732451e-02	1.858152e-02	-9.004503e-02	9.627695e-02	2.963379e-01	-3.735869e-01	4.662116e-01	1.787224e-01	-2.448692e-01	
-5.170320e-03	-6.173051e-02	-1.901031e-02	-4.707306e-01	1.000000e+00	-9.867985e-01	9.489533e-01	-5.822808e-01	2.504708e-01	3.381455e-02	-7.338758e-02	1.160128e-01	1.523667e-01	-1.345523e-01	3.334214e-02	-8.835642e-03	4.435394e-03	-1.076945e-03	-1.451252e-03	1.366055e-03	-1.455406e-02	1.226378e-02	-7.858432e-03	4.508245e-02	-4.404570e-02	
1.940077e-03	6.817684e-02	6.344657e-03	5.280503e-01	-9.867985e-01	1.000000e+00	-9.869817e-01	5.267565e-01	-1.882186e-01	-3.558326e-02	7.623654e-02	-1.198694e-01	-1.649364e-01	1.550447e-01	-2.022624e-02	5.184854e-03	7.415173e-04	-5.537064e-03	1.070310e-03	5.321161e-04	1.179440e-02	-1.077339e-02	8.535078e-03	-3.462824e-02	3.185536e-02	
-4.458928e-03	-8.176062e-02	1.678586e-02	-5.781272e-01	9.489533e-01	-9.869817e-01	1.000000e+00	-4.657334e-01	1.332097e-01	3.902529e-02	-7.836348e-02	1.200774e-01	1.608827e-01	-1.556594e-01	1.110414e-03	-2.275072e-03	-5.156589e-03	1.164847e-02	-3.396584e-03	-2.550616e-04	-1.349398e-02	1.483159e-02	-1.604924e-02	2.092475e-02	-1.531933e-02	
5.429002e-02	1.429588e-01	-2.350246e-02	6.597217e-02	-5.822808e-01	5.267565e-01	-4.657334e-01	1.000000e+00	-9.121138e-01	1.235210e-01	-1.033323e-01	7.244338e-02	-4.143937e-02	-1.099486e-01	-3.031333e-02	3.873033e-02	-4.018918e-02	3.828633e-02	5.652059e-02	-5.911416e-02	9.170690e-02	-9.625874e-02	9.759538e-02	-6.406898e-02	4.978163e-02	
-2.536243e-02	-1.149747e-01	7.634965e-04	1.436005e-01	2.504708e-01	-1.882186e-01	1.332097e-01	-9.121138e-01	1.000000e+00	-1.540142e-01	1.436859e-01	-1.208364e-01	-1.279806e-03	1.852473e-01	4.259860e-02	-4.570517e-02	4.917337e-02	-4.895333e-02	-5.376979e-02	6.262386e-02	-8.826318e-02	9.139204e-02	-9.169106e-02	6.906099e-02	-5.648265e-02	
-7.168796e-02	-5.729976e-03	-3.670834e-01	2.351723e-01	3.381455e-02	-3.558326e-02	3.902529e-02	1.235210e-01	-1.540142e-01	1.000000e+00	-9.846553e-01	9.249273e-01	-6.955509e-01	5.357212e-01	2.795478e-01	4.510329e-02	-3.478299e-02	2.351381e-02	-5.286412e-02	4.628917e-02	1.782708e-01	-2.209551e-01	2.741913e-01	4.917932e-02	-8.229853e-02	
8.214103e-02	-6.498335e-03	4.719981e-01	-2.993734e-01	-7.338758e-02	7.623654e-02	-7.836348e-02	-1.033323e-01	1.436859e-01	-9.846553e-01	1.000000e+00	-9.763562e-01	6.421890e-01	-4.821921e-01	-3.595829e-01	-4.968786e-02	3.802060e-02	-2.450917e-02	5.927574e-02	-5.446973e-02	-2.221100e-01	2.767066e-01	-3.447260e-01	-7.691825e-02	1.217272e-01	
-1.062622e-01	3.170307e-02	-5.962927e-01	3.789550e-01	1.160128e-01	-1.198694e-01	1.200774e-01	7.244338e-02	-1.208364e-01	9.249273e-01	-9.763562e-01	1.000000e+00	-5.362988e-01	3.830794e-01	4.539193e-01	5.356214e-02	-4.061642e-02	2.471993e-02	-6.637506e-02	6.422680e-02	2.754687e-01	-3.444593e-01	4.304613e-01	1.080268e-01	-1.671201e-01	
1.598888e-01	-4.077384e-02	-2.191794e-01	7.837675e-02	1.523667e-01	-1.649364e-01	1.608827e-01	-4.143937e-02	-1.279806e-03	-6.955509e-01	6.421890e-01	-5.362988e-01	1.000000e+00	-9.599622e-01	1.405921e-01	1.619336e-02	-2.309825e-02	2.521028e-02	1.018765e-02	-4.605547e-03	9.577902e-02	-1.155529e-01	1.353198e-01	7.436733e-02	-9.661524e-02	
-1.139676e-01	-1.032643e-02	3.044621e-01	-1.147269e-01	-1.345523e-01	1.550447e-01	-1.556594e-01	-1.099486e-01	1.852473e-01	5.357212e-01	-4.821921e-01	3.830794e-01	-9.599622e-01	1.000000e+00	-1.933024e-01	-3.414861e-02	4.097570e-02	-4.174515e-02	-1.174218e-02	1.037610e-02	-1.566695e-01	1.875878e-01	-2.208285e-01	-7.560476e-02	1.118974e-01	
6.358838e-02	-1.357878e-01	-7.110503e-01	5.635110e-01	3.334214e-02	-2.022624e-02	1.110414e-03	-3.031333e-02	4.259860e-02	2.795478e-01	-3.595829e-01	4.539193e-01	1.405921e-01	-1.933024e-01	1.000000e+00	-4.467249e-01	5.144075e-01	-5.712145e-01	-1.208419e-01	3.016875e-01	2.329195e-01	-2.847017e-01	3.537546e-01	7.817150e-02	-1.097446e-01	
5.061980e-02	-4.898637e-02	-7.702875e-02	5.325228e-02	-8.835642e-03	5.184854e-03	-2.275072e-03	3.873033e-02	-4.570517e-02	4.510329e-02	-4.968786e-02	5.356214e-02	1.619336e-02	-3.414861e-02	-4.467249e-01	1.000000e+00	-9.855279e-01	9.435807e-01	-4.846814e-01	1.901166e-01	1.395014e-01	-1.733014e-01	2.041269e-01	1.030516e-01	-1.219470e-01	
-5.122295e-02	4.615844e-02	5.894396e-02	-3.732451e-02	4.435394e-03	7.415173e-04	-5.156589e-03	-4.018918e-02	4.917337e-02	-3.478299e-02	3.802060e-02	-4.061642e-02	-2.309825e-02	4.097570e-02	5.144075e-01	-9.855279e-01	1.000000e+00	-9.855363e-01	4.123797e-01	-1.122230e-01	-1.361683e-01	1.728666e-01	-2.064764e-01	-1.199577e-01	1.436945e-01	
4.561431e-02	-5.147566e-02	-3.391128e-02	1.858152e-02	-1.076945e-03	-5.537064e-03	1.164847e-02	3.828633e-02	-4.895333e-02	2.351381e-02	-2.450917e-02	2.471993e-02	2.521028e-02	-4.174515e-02	-5.712145e-01	9.435807e-01	-9.855363e-01	1.000000e+00	-3.340842e-01	3.983169e-02	1.273814e-01	-1.653010e-01	2.001410e-01	1.283833e-01	-1.538650e-01	
2.096302e-02	1.762438e-01	1.141833e-01	-9.004503e-02	-1.451252e-03	1.070310e-03	-3.396584e-03	5.652059e-02	-5.376979e-02	-5.286412e-02	5.927574e-02	-6.637506e-02	1.018765e-02	-1.174218e-02	-1.208419e-01	-4.846814e-01	4.123797e-01	-3.340842e-01	1.000000e+00	-9.367353e-01	-3.754195e-02	4.269867e-02	-5.103702e-02	5.725685e-02	-1.311228e-01	
-1.011906e-02	-1.593789e-01	-1.241697e-01	9.627695e-02	1.366055e-03	5.321161e-04	-2.550616e-04	-5.911416e-02	6.262386e-02	4.628917e-02	-5.446973e-02	6.422680e-02	-4.605547e-03	1.037610e-02	3.016875e-01	1.901166e-01	-1.122230e-01	3.983169e-02	-9.367353e-01	1.000000e+00	-3.971794e-03	7.396794e-03	-4.881331e-03	-8.955681e-02	1.862521e-01	
-2.787741e-02	4.286507e-02	-3.841814e-01	2.963379e-01	-1.455406e-02	1.179440e-02	-1.349398e-02	9.170690e-02	-8.826318e-02	1.782708e-01	-2.221100e-01	2.754687e-01	9.577902e-02	-1.566695e-01	2.329195e-01	1.395014e-01	-1.361683e-01	1.273814e-01	-3.754195e-02	-3.971794e-03	1.000000e+00	-9.861305e-01	9.302785e-01	-6.639003e-01	5.200952e-01	
3.959341e-02	-5.496769e-02	4.829165e-01	-3.735869e-01	1.226378e-02	-1.077339e-02	1.483159e-02	-9.625874e-02	9.139204e-02	-2.209551e-01	2.767066e-01	-3.444593e-01	-1.155529e-01	1.875878e-01	-2.847017e-01	-1.733014e-01	1.728666e-01	-1.653010e-01	4.269867e-02	7.396794e-03	-9.861305e-01	1.000000e+00	-9.775090e-01	6.063308e-01	-4.600975e-01	
-6.891901e-02	8.010421e-02	-6.022549e-01	4.662116e-01	-7.858432e-03	8.535078e-03	-1.604924e-02	9.759538e-02	-9.169106e-02	2.741913e-01	-3.447260e-01	4.304613e-01	1.353198e-01	-2.208285e-01	3.537546e-01	2.041269e-01	-2.064764e-01	2.001410e-01	-5.103702e-02	-4.881331e-03	9.302785e-01	-9.775090e-01	1.000000e+00	-4.983431e-01	3.562227e-01	
1.347474e-01	-7.671600e-02	-2.393285e-01	1.787224e-01	4.508245e-02	-3.462824e-02	2.092475e-02	-6.406898e-02	6.906099e-02	4.917932e-02	-7.691825e-02	1.080268e-01	7.436733e-02	-7.560476e-02	7.817150e-02	1.030516e-01	-1.199577e-01	1.283833e-01	5.725685e-02	-8.955681e-02	-6.639003e-01	6.063308e-01	-4.983431e-01	1.000000e+00	-9.707954e-01	
-1.052451e-01	3.491563e-02	3.199643e-01	-2.448692e-01	-4.404570e-02	3.185536e-02	-1.531933e-02	4.978163e-02	-5.648265e-02	-8.229853e-02	1.217272e-01	-1.671201e-01	-9.661524e-02	1.118974e-01	-1.097446e-01	-1.219470e-01	1.436945e-01	-1.538650e-01	-1.311228e-01	1.862521e-01	5.200952e-01	-4.600975e-01	3.562227e-01	-9.707954e-01	1.000000e+00	

Time taken for mcmc chain: 26.966667 minutes
