Number of steps: 15149414
Number of accepted steps: 960000
Burn-in number of steps: 320000
Accepted fraction of steps: 0.063369
Convergence Status
R[0]= 1.000568	R[1]= 1.001504	R[2]= 1.021664	R[3]= 1.009596	R[4]= 1.001750	R[5]= 1.003038	R[6]= 1.004322	R[7]= 1.001154	R[8]= 1.001686	R[9]= 1.007285	R[10]= 1.010622	R[11]= 1.015245	R[12]= 1.001854	R[13]= 1.002244	R[14]= 1.002959	R[15]= 1.004285	R[16]= 1.005419	R[17]= 1.005930	R[18]= 1.001147	R[19]= 1.000296	R[20]= 1.005775	R[21]= 1.010941	R[22]= 1.018221	R[23]= 1.000485	R[24]= 1.001905	
<R>= 1.005596

Mean parameters
A[0]= 7.748203e-01 pm 2.972483e-02
A[1]= 8.869579e-01 pm 2.515706e-02
A[2]= 6.043111e-01 pm 4.017154e-01
A[3]= 3.758530e+00 pm 1.275732e+00
A[4]= -3.041496e+03 pm 3.918607e+03
A[5]= 2.199526e+03 pm 2.791869e+03
A[6]= -4.286579e+02 pm 7.485332e+02
A[7]= 3.415690e+01 pm 1.493956e+01
A[8]= -3.590962e-01 pm 1.766688e-01
A[9]= -4.616292e+03 pm 8.530873e+03
A[10]= 2.411938e+03 pm 5.299686e+03
A[11]= -7.124364e+02 pm 1.218330e+03
A[12]= 3.323508e+01 pm 4.812803e+01
A[13]= -7.389166e-01 pm 9.231507e-01
A[14]= 6.131671e+00 pm 1.892284e+00
A[15]= -8.254569e+03 pm 5.517608e+03
A[16]= 7.372937e+03 pm 3.945661e+03
A[17]= -2.039438e+03 pm 1.062975e+03
A[18]= 3.463744e+01 pm 2.115984e+01
A[19]= 3.972969e-03 pm 2.598020e-01
A[20]= 4.948072e+03 pm 1.208248e+04
A[21]= -2.048823e+03 pm 7.738009e+03
A[22]= -2.943390e+02 pm 1.846966e+03
A[23]= -3.738772e+01 pm 6.615084e+01
A[24]= 6.692578e-01 pm 1.293272e+00

Best-fitting parameters
A[0]= 7.773208e-01
A[1]= 8.911238e-01
A[2]= 7.412407e-01
A[3]= 4.027623e+00
A[4]= -6.495081e+03
A[5]= 4.765752e+03
A[6]= -1.111050e+03
A[7]= 4.321570e+01
A[8]= -3.667763e-01
A[9]= -9.040075e+03
A[10]= 6.053424e+03
A[11]= -1.717324e+03
A[12]= 5.396417e+01
A[13]= -8.716138e-01
A[14]= 4.771004e+00
A[15]= -7.116051e+03
A[16]= 6.101475e+03
A[17]= -1.609658e+03
A[18]= 3.665976e+01
A[19]= -1.141087e-01
A[20]= 7.422434e+03
A[21]= -3.086730e+03
A[22]= -2.263676e+02
A[23]= -6.111328e+01
A[24]= 1.168280e+00
chi2_min= 9.300745e+01


Cross-Covariance parameters
1.000000e+00	-4.962072e-01	-1.861572e-01	1.195408e-01	2.000245e-02	-1.630588e-02	2.828914e-03	5.429739e-02	-4.632946e-02	2.251987e-02	-1.668194e-02	-1.194868e-02	1.330978e-01	-1.190931e-01	4.108655e-02	1.349178e-01	-1.392882e-01	1.287875e-01	6.841962e-03	-7.582336e-02	9.600807e-02	-8.757505e-02	4.884717e-02	1.221602e-01	-1.271988e-01	
-4.962072e-01	1.000000e+00	1.637531e-01	-1.607119e-01	-2.477927e-02	3.047853e-02	-4.139984e-02	1.280463e-01	-1.313502e-01	-7.742067e-03	2.930642e-03	1.487460e-02	-1.069027e-01	6.810194e-02	-1.959313e-01	-1.683810e-02	2.168817e-02	-3.222848e-02	1.427228e-01	-1.464279e-01	-5.882023e-02	5.114881e-02	-2.092526e-02	-6.104353e-02	3.604111e-02	
-1.861572e-01	1.637531e-01	1.000000e+00	-6.215575e-01	-4.886681e-02	6.317449e-02	-6.426872e-02	-7.119651e-02	1.330320e-01	-4.082309e-01	5.528430e-01	-7.121241e-01	4.069221e-02	2.183663e-01	-6.357336e-01	-1.081142e-01	1.257822e-01	-1.290897e-01	-5.380534e-02	1.442233e-01	-4.863632e-01	6.262912e-01	-7.699909e-01	3.607325e-02	2.507598e-01	
1.195408e-01	-1.607119e-01	-6.215575e-01	1.000000e+00	-5.782560e-01	6.393102e-01	-6.800623e-01	4.290217e-01	-1.814242e-02	1.565200e-01	-2.153249e-01	2.878098e-01	-6.394688e-02	-2.653281e-02	4.100338e-01	7.014069e-02	-8.298943e-02	8.771794e-02	1.785707e-02	-7.485223e-02	3.177153e-01	-4.052441e-01	4.933177e-01	-3.290969e-02	-1.458878e-01	
2.000245e-02	-2.477927e-02	-4.886681e-02	-5.782560e-01	1.000000e+00	-9.799991e-01	9.292329e-01	-8.210722e-01	3.311562e-01	1.119649e-01	-1.648058e-01	2.175290e-01	6.101215e-02	-9.881105e-02	3.385205e-02	1.473386e-03	-3.063257e-03	3.942492e-03	9.218184e-03	-1.669051e-02	1.913999e-02	-2.517802e-02	3.181227e-02	8.436185e-03	-2.425067e-02	
-1.630588e-02	3.047853e-02	6.317449e-02	6.393102e-01	-9.799991e-01	1.000000e+00	-9.837069e-01	7.825556e-01	-2.435423e-01	-1.317185e-01	1.911079e-01	-2.505081e-01	-6.664554e-02	1.278724e-01	-4.512814e-02	-9.986384e-04	2.622944e-03	-3.506348e-03	-8.467952e-03	1.546731e-02	-2.254138e-02	3.092836e-02	-4.039425e-02	-9.495694e-03	2.845745e-02	
2.828914e-03	-4.139984e-02	-6.426872e-02	-6.800623e-01	9.292329e-01	-9.837069e-01	1.000000e+00	-7.215679e-01	1.580980e-01	1.475723e-01	-2.089362e-01	2.698024e-01	6.211154e-02	-1.396825e-01	5.037297e-02	-2.295825e-03	8.775086e-04	2.823670e-04	4.610374e-03	-9.104312e-03	1.969133e-02	-2.868169e-02	3.923487e-02	9.476288e-03	-2.752306e-02	
5.429739e-02	1.280463e-01	-7.119651e-02	4.290217e-01	-8.210722e-01	7.825556e-01	-7.215679e-01	1.000000e+00	-7.788669e-01	4.087199e-02	-1.324112e-02	-2.315566e-02	-7.173727e-02	-3.613477e-02	1.412344e-02	2.900266e-02	-2.972481e-02	2.596412e-02	2.899827e-02	-4.554824e-02	3.668519e-02	-5.002689e-02	6.416041e-02	2.547260e-03	-2.868284e-02	
-4.632946e-02	-1.313502e-01	1.330320e-01	-1.814242e-02	3.311562e-01	-2.435423e-01	1.580980e-01	-7.788669e-01	1.000000e+00	-1.795318e-01	1.901059e-01	-1.863749e-01	5.385646e-02	1.780407e-01	-5.531546e-02	-3.410003e-02	3.593393e-02	-3.247077e-02	-3.363475e-02	5.671534e-02	-5.655385e-02	8.073712e-02	-1.079940e-01	-1.032650e-02	5.585974e-02	
2.251987e-02	-7.742067e-03	-4.082309e-01	1.565200e-01	1.119649e-01	-1.317185e-01	1.475723e-01	4.087199e-02	-1.795318e-01	1.000000e+00	-9.767411e-01	8.817603e-01	-8.205032e-01	5.816243e-01	2.579859e-01	3.719190e-02	-4.887097e-02	5.400874e-02	4.171436e-02	-8.557617e-02	2.014672e-01	-2.642311e-01	3.303644e-01	-1.963400e-02	-1.076567e-01	
-1.668194e-02	2.930642e-03	5.528430e-01	-2.153249e-01	-1.648058e-01	1.911079e-01	-2.089362e-01	-1.324112e-02	1.901059e-01	-9.767411e-01	1.000000e+00	-9.614056e-01	7.653765e-01	-4.950945e-01	-3.524715e-01	-4.990713e-02	6.408700e-02	-6.982717e-02	-5.190784e-02	1.079008e-01	-2.718897e-01	3.565203e-01	-4.465865e-01	2.761059e-02	1.439968e-01	
-1.194868e-02	1.487460e-02	-7.121241e-01	2.878098e-01	2.175290e-01	-2.505081e-01	2.698024e-01	-2.315566e-02	-1.863749e-01	8.817603e-01	-9.614056e-01	1.000000e+00	-6.291394e-01	3.342355e-01	4.586071e-01	6.108705e-02	-7.768558e-02	8.412249e-02	6.310770e-02	-1.305614e-01	3.488695e-01	-4.583820e-01	5.764316e-01	-3.946493e-02	-1.819422e-01	
1.330978e-01	-1.069027e-01	4.069221e-02	-6.394688e-02	6.101215e-02	-6.664554e-02	6.211154e-02	-7.173727e-02	5.385646e-02	-8.205032e-01	7.653765e-01	-6.291394e-01	1.000000e+00	-9.197063e-01	-2.588535e-02	1.344605e-02	-8.108902e-03	3.212151e-03	-2.380711e-02	2.912292e-02	-2.166559e-02	3.520331e-02	-5.347467e-02	1.653548e-02	8.744700e-03	
-1.190931e-01	6.810194e-02	2.183663e-01	-2.653281e-02	-9.881105e-02	1.278724e-01	-1.396825e-01	-3.613477e-02	1.780407e-01	5.816243e-01	-4.950945e-01	3.342355e-01	-9.197063e-01	1.000000e+00	-1.360733e-01	-3.910702e-02	3.870884e-02	-3.485700e-02	-2.411014e-03	2.239711e-02	-1.035249e-01	1.309185e-01	-1.575681e-01	-2.014425e-03	5.862432e-02	
4.108655e-02	-1.959313e-01	-6.357336e-01	4.100338e-01	3.385205e-02	-4.512814e-02	5.037297e-02	1.412344e-02	-5.531546e-02	2.579859e-01	-3.524715e-01	4.586071e-01	-2.588535e-02	-1.360733e-01	1.000000e+00	-5.130473e-01	5.741072e-01	-6.154294e-01	3.237381e-01	5.778242e-02	2.115899e-01	-2.757190e-01	3.522846e-01	-8.282574e-02	-3.249605e-02	
1.349178e-01	-1.683810e-02	-1.081142e-01	7.014069e-02	1.473386e-03	-9.986384e-04	-2.295825e-03	2.900266e-02	-3.410003e-02	3.719190e-02	-4.990713e-02	6.108705e-02	1.344605e-02	-3.910702e-02	-5.130473e-01	1.000000e+00	-9.786885e-01	9.239983e-01	-7.672473e-01	2.642375e-01	2.116585e-01	-2.544544e-01	2.818648e-01	2.076465e-02	-1.068436e-01	
-1.392882e-01	2.168817e-02	1.257822e-01	-8.298943e-02	-3.063257e-03	2.622944e-03	8.775086e-04	-2.972481e-02	3.593393e-02	-4.887097e-02	6.408700e-02	-7.768558e-02	-8.108902e-03	3.870884e-02	5.741072e-01	-9.786885e-01	1.000000e+00	-9.823546e-01	7.119369e-01	-1.596500e-01	-2.273508e-01	2.784829e-01	-3.139856e-01	-3.751844e-02	1.434034e-01	
1.287875e-01	-3.222848e-02	-1.290897e-01	8.771794e-02	3.942492e-03	-3.506348e-03	2.823670e-04	2.596412e-02	-3.247077e-02	5.400874e-02	-6.982717e-02	8.412249e-02	3.212151e-03	-3.485700e-02	-6.154294e-01	9.239983e-01	-9.823546e-01	1.000000e+00	-6.350090e-01	5.839256e-02	2.301223e-01	-2.859943e-01	3.266921e-01	4.983400e-02	-1.673691e-01	
6.841962e-03	1.427228e-01	-5.380534e-02	1.785707e-02	9.218184e-03	-8.467952e-03	4.610374e-03	2.899827e-02	-3.363475e-02	4.171436e-02	-5.190784e-02	6.310770e-02	-2.380711e-02	-2.411014e-03	3.237381e-01	-7.672473e-01	7.119369e-01	-6.350090e-01	1.000000e+00	-7.935990e-01	-6.015210e-02	6.997231e-02	-6.995652e-02	4.220077e-02	-8.725153e-02	
-7.582336e-02	-1.464279e-01	1.442233e-01	-7.485223e-02	-1.669051e-02	1.546731e-02	-9.104312e-03	-4.554824e-02	5.671534e-02	-8.557617e-02	1.079008e-01	-1.305614e-01	2.912292e-02	2.239711e-02	5.778242e-02	2.642375e-01	-1.596500e-01	5.839256e-02	-7.935990e-01	1.000000e+00	-8.901566e-02	1.148826e-01	-1.412436e-01	-9.016682e-02	2.409285e-01	
9.600807e-02	-5.882023e-02	-4.863632e-01	3.177153e-01	1.913999e-02	-2.254138e-02	1.969133e-02	3.668519e-02	-5.655385e-02	2.014672e-01	-2.718897e-01	3.488695e-01	-2.166559e-02	-1.035249e-01	2.115899e-01	2.116585e-01	-2.273508e-01	2.301223e-01	-6.015210e-02	-8.901566e-02	1.000000e+00	-9.769006e-01	8.871819e-01	-7.706323e-01	5.140276e-01	
-8.757505e-02	5.114881e-02	6.262912e-01	-4.052441e-01	-2.517802e-02	3.092836e-02	-2.868169e-02	-5.002689e-02	8.073712e-02	-2.642311e-01	3.565203e-01	-4.583820e-01	3.520331e-02	1.309185e-01	-2.757190e-01	-2.544544e-01	2.784829e-01	-2.859943e-01	6.997231e-02	1.148826e-01	-9.769006e-01	1.000000e+00	-9.643067e-01	7.010084e-01	-4.101774e-01	
4.884717e-02	-2.092526e-02	-7.699909e-01	4.933177e-01	3.181227e-02	-4.039425e-02	3.923487e-02	6.416041e-02	-1.079940e-01	3.303644e-01	-4.465865e-01	5.764316e-01	-5.347467e-02	-1.575681e-01	3.522846e-01	2.818648e-01	-3.139856e-01	3.266921e-01	-6.995652e-02	-1.412436e-01	8.871819e-01	-9.643067e-01	1.000000e+00	-5.577086e-01	2.401349e-01	
1.221602e-01	-6.104353e-02	3.607325e-02	-3.290969e-02	8.436185e-03	-9.495694e-03	9.476288e-03	2.547260e-03	-1.032650e-02	-1.963400e-02	2.761059e-02	-3.946493e-02	1.653548e-02	-2.014425e-03	-8.282574e-02	2.076465e-02	-3.751844e-02	4.983400e-02	4.220077e-02	-9.016682e-02	-7.706323e-01	7.010084e-01	-5.577086e-01	1.000000e+00	-9.261832e-01	
-1.271988e-01	3.604111e-02	2.507598e-01	-1.458878e-01	-2.425067e-02	2.845745e-02	-2.752306e-02	-2.868284e-02	5.585974e-02	-1.076567e-01	1.439968e-01	-1.819422e-01	8.744700e-03	5.862432e-02	-3.249605e-02	-1.068436e-01	1.434034e-01	-1.673691e-01	-8.725153e-02	2.409285e-01	5.140276e-01	-4.101774e-01	2.401349e-01	-9.261832e-01	1.000000e+00	

Time taken for mcmc chain: 1.254722 hours
