Number of steps: 21138155
Number of accepted steps: 500000
Burn-in number of steps: 320000
Accepted fraction of steps: 0.023654
Convergence Status
R[0]= -nan	R[1]= -nan	R[2]= -nan	R[3]= -nan	R[4]= -nan	R[5]= -nan	R[6]= -nan	R[7]= -nan	R[8]= -nan	R[9]= -nan	R[10]= -nan	R[11]= -nan	R[12]= -nan	R[13]= -nan	R[14]= -nan	R[15]= -nan	R[16]= -nan	R[17]= -nan	R[18]= -nan	R[19]= -nan	R[20]= -nan	R[21]= -nan	R[22]= -nan	R[23]= -nan	R[24]= -nan	
<R>= -nan

Mean parameters
A[0]= 1.064726e+00 pm 6.167812e-02
A[1]= 9.399787e-01 pm 1.680095e-01
A[2]= 1.367554e+00 pm 7.439622e-01
A[3]= 3.237330e+00 pm 1.103924e+00
A[4]= -3.204831e+02 pm 3.985888e+03
A[5]= 5.438240e+02 pm 2.675390e+03
A[6]= 1.917491e+02 pm 6.514504e+02
A[7]= -1.227627e+01 pm 1.686783e+01
A[8]= 1.397778e-01 pm 1.992596e-01
A[9]= -9.180311e+02 pm 1.096515e+04
A[10]= 2.227747e+03 pm 7.573623e+03
A[11]= -1.223769e+03 pm 1.910267e+03
A[12]= -6.614404e+01 pm 4.833132e+01
A[13]= 1.944152e+00 pm 1.024722e+00
A[14]= 1.348263e+00 pm 5.659043e-01
A[15]= -1.607360e+02 pm 2.388872e+03
A[16]= 6.043436e+01 pm 1.583616e+03
A[17]= 1.634327e+02 pm 3.797372e+02
A[18]= -3.030052e+00 pm 9.504984e+00
A[19]= 2.737087e-03 pm 1.188105e-01
A[20]= 1.738170e+03 pm 5.635079e+03
A[21]= -3.139264e+02 pm 3.660561e+03
A[22]= -2.848947e+02 pm 8.726668e+02
A[23]= -3.666859e+01 pm 2.977998e+01
A[24]= 8.695610e-01 pm 6.076050e-01

Best-fitting parameters
A[0]= 1.015579e+00
A[1]= 1.068079e+00
A[2]= 1.266960e+00
A[3]= 2.893450e+00
A[4]= -2.355390e+03
A[5]= 1.854623e+03
A[6]= -1.370175e+02
A[7]= -4.551055e+00
A[8]= 7.278928e-02
A[9]= 2.002453e+03
A[10]= 1.786736e+02
A[11]= -6.968324e+02
A[12]= -9.734776e+01
A[13]= 2.384558e+00
A[14]= 1.366500e+00
A[15]= -1.258500e+03
A[16]= 9.192221e+02
A[17]= -8.604172e+01
A[18]= -2.465979e+00
A[19]= 4.467570e-02
A[20]= -2.861161e+03
A[21]= 2.252357e+03
A[22]= -7.442740e+02
A[23]= -1.857569e+01
A[24]= 6.018663e-01
chi2_min= 8.227909e+01


Cross-Covariance parameters
1.000000e+00	-8.946377e-01	5.277552e-01	-9.145918e-02	1.920999e-01	-2.414305e-01	3.256324e-01	-5.448081e-01	3.812848e-01	-4.469693e-01	5.208638e-01	-5.890472e-01	1.004612e-01	2.617938e-01	-8.535809e-02	1.082316e-01	-1.624811e-01	2.432601e-01	-3.612929e-01	2.235433e-01	-2.377359e-01	3.312994e-01	-4.403637e-01	-5.704683e-02	2.532823e-01	
-8.946377e-01	1.000000e+00	-6.509645e-01	1.366028e-01	-1.825100e-01	2.394505e-01	-3.423413e-01	6.344785e-01	-4.496186e-01	5.027050e-01	-5.897027e-01	6.650774e-01	-2.752905e-02	-3.609244e-01	8.630841e-02	-6.486987e-02	1.245281e-01	-2.201394e-01	4.342295e-01	-2.950345e-01	3.115983e-01	-4.175122e-01	5.332716e-01	1.044899e-01	-3.320738e-01	
5.277552e-01	-6.509645e-01	1.000000e+00	-6.453172e-01	9.525089e-02	-1.216259e-01	1.775423e-01	-3.857961e-01	2.713880e-01	-6.031611e-01	6.987636e-01	-7.723840e-01	-5.033071e-02	4.146432e-01	-5.509108e-01	6.370100e-02	-9.620261e-02	1.494622e-01	-2.707365e-01	1.826937e-01	-4.134325e-01	5.219239e-01	-6.277210e-01	-1.225353e-01	3.421915e-01	
-9.145918e-02	1.366028e-01	-6.453172e-01	1.000000e+00	-4.925764e-01	5.308487e-01	-5.483418e-01	1.703718e-01	4.912797e-02	1.720172e-01	-1.954402e-01	2.114626e-01	3.802001e-02	-1.031285e-01	4.962294e-01	-3.527946e-02	4.018679e-02	-4.809513e-02	6.508084e-02	-3.865345e-02	2.560813e-01	-3.087195e-01	3.568202e-01	4.779294e-02	-1.525219e-01	
1.920999e-01	-1.825100e-01	9.525089e-02	-4.925764e-01	1.000000e+00	-9.849371e-01	9.371716e-01	-5.993598e-01	3.069457e-01	1.334076e-01	-1.658353e-01	1.906665e-01	8.021539e-02	-1.013230e-01	-9.606032e-04	5.374441e-02	-6.714049e-02	8.463668e-02	-9.493403e-02	4.736972e-02	-2.953808e-02	3.913245e-02	-5.441969e-02	8.310327e-03	1.742681e-02	
-2.414305e-01	2.394505e-01	-1.216259e-01	5.308487e-01	-9.849371e-01	1.000000e+00	-9.821288e-01	5.914519e-01	-2.737760e-01	-1.352086e-01	1.647108e-01	-1.859074e-01	-7.600527e-02	9.574819e-02	-3.719217e-03	-5.618153e-02	7.447898e-02	-9.919805e-02	1.198213e-01	-6.223491e-02	4.147556e-02	-5.581083e-02	7.714859e-02	-2.126957e-03	-3.389690e-02	
3.256324e-01	-3.423413e-01	1.775423e-01	-5.483418e-01	9.371716e-01	-9.821288e-01	1.000000e+00	-5.999587e-01	2.648401e-01	1.035738e-01	-1.229264e-01	1.343222e-01	6.211211e-02	-5.484037e-02	3.553773e-03	5.974487e-02	-8.552855e-02	1.218869e-01	-1.649494e-01	9.190457e-02	-6.805497e-02	9.245238e-02	-1.252989e-01	-1.164047e-02	6.887258e-02	
-5.448081e-01	6.344785e-01	-3.857961e-01	1.703718e-01	-5.993598e-01	5.914519e-01	-5.999587e-01	1.000000e+00	-8.981305e-01	3.231851e-01	-3.570053e-01	3.808288e-01	-6.141567e-02	-2.713178e-01	5.544271e-02	-6.309890e-02	1.031680e-01	-1.649631e-01	2.852912e-01	-1.869602e-01	1.707442e-01	-2.324013e-01	3.014481e-01	7.448170e-02	-2.068897e-01	
3.812848e-01	-4.496186e-01	2.713880e-01	4.912797e-02	3.069457e-01	-2.737760e-01	2.648401e-01	-8.981305e-01	1.000000e+00	-3.505588e-01	3.805910e-01	-3.966172e-01	5.910990e-02	2.987464e-01	-6.209782e-02	5.567271e-02	-8.490068e-02	1.286193e-01	-1.989999e-01	1.288140e-01	-1.099556e-01	1.534274e-01	-2.017172e-01	-6.424722e-02	1.552850e-01	
-4.469693e-01	5.027050e-01	-6.031611e-01	1.720172e-01	1.334076e-01	-1.352086e-01	1.035738e-01	3.231851e-01	-3.505588e-01	1.000000e+00	-9.808314e-01	9.228087e-01	-6.018667e-01	1.421228e-01	2.668400e-01	-1.170091e-02	3.190229e-02	-7.142269e-02	2.076363e-01	-1.628405e-01	2.823603e-01	-3.646743e-01	4.451574e-01	7.779318e-02	-2.493732e-01	
5.208638e-01	-5.897027e-01	6.987636e-01	-1.954402e-01	-1.658353e-01	1.647108e-01	-1.229264e-01	-3.570053e-01	3.805910e-01	-9.808314e-01	1.000000e+00	-9.797909e-01	4.920857e-01	-7.349320e-03	-3.185588e-01	2.372534e-02	-4.971670e-02	9.745004e-02	-2.431184e-01	1.829103e-01	-3.224250e-01	4.162358e-01	-5.085507e-01	-9.221264e-02	2.868450e-01	
-5.890472e-01	6.650774e-01	-7.723840e-01	2.114626e-01	1.906665e-01	-1.859074e-01	1.343222e-01	3.808288e-01	-3.966172e-01	9.228087e-01	-9.797909e-01	1.000000e+00	-3.496764e-01	-1.429047e-01	3.581184e-01	-3.566650e-02	6.707255e-02	-1.221603e-01	2.735699e-01	-1.989942e-01	3.524093e-01	-4.554097e-01	5.576006e-01	1.038549e-01	-3.163919e-01	
1.004612e-01	-2.752905e-02	-5.033071e-02	3.802001e-02	8.021539e-02	-7.600527e-02	6.211211e-02	-6.141567e-02	5.910990e-02	-6.018667e-01	4.920857e-01	-3.496764e-01	1.000000e+00	-8.506041e-01	5.499581e-02	1.932270e-02	-1.955995e-02	2.009575e-02	-1.344228e-02	8.722096e-03	9.289747e-03	-1.040488e-02	1.037137e-02	4.208876e-02	-3.380842e-02	
2.617938e-01	-3.609244e-01	4.146432e-01	-1.031285e-01	-1.013230e-01	9.574819e-02	-5.484037e-02	-2.713178e-01	2.987464e-01	1.421228e-01	-7.349320e-03	-1.429047e-01	-8.506041e-01	1.000000e+00	-2.056528e-01	1.744916e-02	-3.848332e-02	7.221552e-02	-1.479218e-01	1.005001e-01	-1.680861e-01	2.206737e-01	-2.743016e-01	-9.649796e-02	1.948355e-01	
-8.535809e-02	8.630841e-02	-5.509108e-01	4.962294e-01	-9.606032e-04	-3.719217e-03	3.553773e-03	5.544271e-02	-6.209782e-02	2.668400e-01	-3.185588e-01	3.581184e-01	5.499581e-02	-2.056528e-01	1.000000e+00	-5.737727e-01	6.336529e-01	-6.668962e-01	1.223497e-01	1.408823e-01	-3.130671e-02	3.499520e-02	-3.506290e-02	5.829297e-02	-2.867288e-02	
1.082316e-01	-6.486987e-02	6.370100e-02	-3.527946e-02	5.374441e-02	-5.618153e-02	5.974487e-02	-6.309890e-02	5.567271e-02	-1.170091e-02	2.372534e-02	-3.566650e-02	1.932270e-02	1.744916e-02	-5.737727e-01	1.000000e+00	-9.820322e-01	9.267825e-01	-5.933853e-01	2.702294e-01	2.781861e-01	-3.253642e-01	3.588759e-01	-3.840517e-02	-5.047715e-02	
-1.624811e-01	1.245281e-01	-9.620261e-02	4.018679e-02	-6.714049e-02	7.447898e-02	-8.552855e-02	1.031680e-01	-8.490068e-02	3.190229e-02	-4.971670e-02	6.707255e-02	-1.955995e-02	-3.848332e-02	6.336529e-01	-9.820322e-01	1.000000e+00	-9.801168e-01	5.616770e-01	-2.117835e-01	-2.853666e-01	3.340889e-01	-3.676760e-01	3.763995e-02	5.463720e-02	
2.432601e-01	-2.201394e-01	1.494622e-01	-4.809513e-02	8.463668e-02	-9.919805e-02	1.218869e-01	-1.649631e-01	1.286193e-01	-7.142269e-02	9.745004e-02	-1.221603e-01	2.009575e-02	7.221552e-02	-6.668962e-01	9.267825e-01	-9.801168e-01	1.000000e+00	-5.284071e-01	1.634328e-01	2.673352e-01	-3.107643e-01	3.379270e-01	-4.233552e-02	-3.831879e-02	
-3.612929e-01	4.342295e-01	-2.707365e-01	6.508084e-02	-9.493403e-02	1.198213e-01	-1.649494e-01	2.852912e-01	-1.989999e-01	2.076363e-01	-2.431184e-01	2.735699e-01	-1.344228e-02	-1.479218e-01	1.223497e-01	-5.933853e-01	5.616770e-01	-5.284071e-01	1.000000e+00	-9.008213e-01	8.514189e-02	-1.202141e-01	1.610933e-01	1.088037e-01	-2.519609e-01	
2.235433e-01	-2.950345e-01	1.826937e-01	-3.865345e-02	4.736972e-02	-6.223491e-02	9.190457e-02	-1.869602e-01	1.288140e-01	-1.628405e-01	1.829103e-01	-1.989942e-01	8.722096e-03	1.005001e-01	1.408823e-01	2.702294e-01	-2.117835e-01	1.634328e-01	-9.008213e-01	1.000000e+00	-1.782753e-01	2.235570e-01	-2.666102e-01	-9.854361e-02	2.840454e-01	
-2.377359e-01	3.115983e-01	-4.134325e-01	2.560813e-01	-2.953808e-02	4.147556e-02	-6.805497e-02	1.707442e-01	-1.099556e-01	2.823603e-01	-3.224250e-01	3.524093e-01	9.289747e-03	-1.680861e-01	-3.130671e-02	2.781861e-01	-2.853666e-01	2.673352e-01	8.514189e-02	-1.782753e-01	1.000000e+00	-9.779049e-01	8.992063e-01	-6.793550e-01	3.919604e-01	
3.312994e-01	-4.175122e-01	5.219239e-01	-3.087195e-01	3.913245e-02	-5.581083e-02	9.245238e-02	-2.324013e-01	1.534274e-01	-3.646743e-01	4.162358e-01	-4.554097e-01	-1.040488e-02	2.206737e-01	3.499520e-02	-3.253642e-01	3.340889e-01	-3.107643e-01	-1.202141e-01	2.235570e-01	-9.779049e-01	1.000000e+00	-9.701197e-01	5.809076e-01	-2.672890e-01	
-4.403637e-01	5.332716e-01	-6.277210e-01	3.568202e-01	-5.441969e-02	7.714859e-02	-1.252989e-01	3.014481e-01	-2.017172e-01	4.451574e-01	-5.085507e-01	5.576006e-01	1.037137e-02	-2.743016e-01	-3.506290e-02	3.588759e-01	-3.676760e-01	3.379270e-01	1.610933e-01	-2.666102e-01	8.992063e-01	-9.701197e-01	1.000000e+00	-4.204392e-01	9.223622e-02	
-5.704683e-02	1.044899e-01	-1.225353e-01	4.779294e-02	8.310327e-03	-2.126957e-03	-1.164047e-02	7.448170e-02	-6.424722e-02	7.779318e-02	-9.221264e-02	1.038549e-01	4.208876e-02	-9.649796e-02	5.829297e-02	-3.840517e-02	3.763995e-02	-4.233552e-02	1.088037e-01	-9.854361e-02	-6.793550e-01	5.809076e-01	-4.204392e-01	1.000000e+00	-9.277652e-01	
2.532823e-01	-3.320738e-01	3.421915e-01	-1.525219e-01	1.742681e-02	-3.389690e-02	6.887258e-02	-2.068897e-01	1.552850e-01	-2.493732e-01	2.868450e-01	-3.163919e-01	-3.380842e-02	1.948355e-01	-2.867288e-02	-5.047715e-02	5.463720e-02	-3.831879e-02	-2.519609e-01	2.840454e-01	3.919604e-01	-2.672890e-01	9.223622e-02	-9.277652e-01	1.000000e+00	

Time taken for mcmc chain: 6.750000 hours
