Number of steps: 2118684
Number of accepted steps: 960000
Burn-in number of steps: 320000
Accepted fraction of steps: 0.453111
Convergence Status
R[0]= 1.007920	R[1]= 1.019605	R[2]= 1.110921	R[3]= 1.054243	R[4]= 1.012325	R[5]= 1.008301	R[6]= 1.004559	R[7]= 1.003077	R[8]= 1.000956	R[9]= 1.023734	R[10]= 1.036583	R[11]= 1.053207	R[12]= 1.003304	R[13]= 1.014362	R[14]= 1.053975	R[15]= 1.017709	R[16]= 1.015613	R[17]= 1.014422	R[18]= 1.015340	R[19]= 1.010218	R[20]= 1.006068	R[21]= 1.010595	R[22]= 1.020727	R[23]= 1.005494	R[24]= 1.008694	
<R>= 1.021278

Mean parameters
A[0]= 1.042979e+00 pm 3.038923e-02
A[1]= 1.093355e+00 pm 2.444518e-02
A[2]= 7.326376e-01 pm 4.688070e-01
A[3]= 3.905767e+00 pm 1.124139e+00
A[4]= 1.364589e+02 pm 3.561877e+03
A[5]= 5.648347e+02 pm 2.314637e+03
A[6]= 8.849086e+01 pm 5.467851e+02
A[7]= -1.036293e+01 pm 1.361835e+01
A[8]= 1.567632e-01 pm 1.787609e-01
A[9]= 9.628991e+03 pm 8.825924e+03
A[10]= -5.318345e+03 pm 5.569852e+03
A[11]= 6.932936e+02 pm 1.266313e+03
A[12]= -9.570679e+01 pm 4.634709e+01
A[13]= 2.137032e+00 pm 8.802326e-01
A[14]= 4.218198e+00 pm 1.536115e+00
A[15]= -9.038222e+02 pm 5.177758e+03
A[16]= 1.849267e+03 pm 3.456013e+03
A[17]= -3.090836e+02 pm 8.380074e+02
A[18]= 1.167745e+00 pm 2.007217e+01
A[19]= 3.563798e-02 pm 2.477470e-01
A[20]= 1.378147e+04 pm 1.106560e+04
A[21]= -6.896633e+03 pm 6.610460e+03
A[22]= 6.399149e+02 pm 1.390098e+03
A[23]= -5.843760e+01 pm 6.600163e+01
A[24]= 5.690259e-01 pm 1.269734e+00

Best-fitting parameters
A[0]= 1.045763e+00
A[1]= 1.098191e+00
A[2]= 5.592826e-01
A[3]= 4.214106e+00
A[4]= -7.908620e+02
A[5]= 1.117961e+03
A[6]= -3.123136e+01
A[7]= -6.185669e+00
A[8]= 1.210517e-01
A[9]= 1.525729e+04
A[10]= -8.347712e+03
A[11]= 1.234028e+03
A[12]= -1.094117e+02
A[13]= 2.262649e+00
A[14]= 4.114134e+00
A[15]= -1.385457e+03
A[16]= 1.789231e+03
A[17]= -1.969269e+02
A[18]= 3.190161e+00
A[19]= -2.793491e-02
A[20]= 1.786695e+04
A[21]= -9.124879e+03
A[22]= 1.079802e+03
A[23]= -5.926981e+01
A[24]= 4.587802e-01
chi2_min= 1.220521e+02


Cross-Covariance parameters
1.000000e+00	-4.473579e-01	-1.481783e-01	9.570106e-02	9.801030e-02	-9.969016e-02	8.842541e-02	2.191528e-02	-5.423333e-02	6.087550e-03	-1.406012e-02	1.016010e-02	1.525923e-01	-1.265723e-01	7.094619e-02	7.256725e-02	-7.319100e-02	6.583084e-02	7.343012e-03	-2.514502e-02	1.302123e-02	-2.224502e-02	1.940971e-02	1.151375e-01	-1.046273e-01	
-4.473579e-01	1.000000e+00	-4.836915e-02	-5.382221e-02	1.670619e-02	-2.945762e-04	-2.602122e-02	1.070958e-01	-1.105817e-01	1.082266e-01	-1.239884e-01	1.432305e-01	-9.751492e-02	-2.898674e-03	1.337824e-02	-1.136913e-01	1.334188e-01	-1.540684e-01	1.768008e-01	-1.331706e-01	-1.919990e-02	8.327869e-03	1.535425e-02	-2.320879e-02	-1.277783e-02	
-1.481783e-01	-4.836915e-02	1.000000e+00	-7.981083e-01	-9.400566e-02	8.661033e-02	-6.416261e-02	3.677777e-02	-6.340209e-03	-4.972294e-01	6.279608e-01	-7.589786e-01	-4.171919e-02	2.722945e-01	-7.679388e-01	1.989514e-01	-2.279310e-01	2.538685e-01	-1.192919e-01	1.550702e-02	-2.496248e-01	3.592302e-01	-5.061101e-01	-1.099152e-01	2.369584e-01	
9.570106e-02	-5.382221e-02	-7.981083e-01	1.000000e+00	-3.580705e-01	4.121181e-01	-4.634496e-01	1.588266e-01	3.324933e-02	3.373242e-01	-4.256138e-01	5.143926e-01	1.549318e-02	-1.595474e-01	6.392698e-01	-1.635062e-01	1.843162e-01	-2.020013e-01	9.008014e-02	-1.277133e-02	2.149555e-01	-3.027893e-01	4.221275e-01	8.205789e-02	-1.828985e-01	
9.801030e-02	1.670619e-02	-9.400566e-02	-3.580705e-01	1.000000e+00	-9.834983e-01	9.338581e-01	-7.451495e-01	4.056571e-01	1.142218e-01	-1.584225e-01	2.063228e-01	6.635447e-02	-7.597707e-02	3.410132e-02	3.447372e-02	-3.984173e-02	4.313798e-02	-1.616726e-02	5.702383e-03	2.054701e-02	-4.050080e-02	6.429815e-02	3.872619e-02	-6.198193e-02	
-9.969016e-02	-2.945762e-04	8.661033e-02	4.121181e-01	-9.834983e-01	1.000000e+00	-9.825734e-01	7.145776e-01	-3.548375e-01	-1.224752e-01	1.699199e-01	-2.213367e-01	-6.761938e-02	8.839282e-02	-3.362931e-02	-4.287486e-02	4.790382e-02	-5.077910e-02	2.882980e-02	-1.817069e-02	-2.533995e-02	4.506145e-02	-6.804374e-02	-3.615072e-02	5.934470e-02	
8.842541e-02	-2.602122e-02	-6.416261e-02	-4.634496e-01	9.338581e-01	-9.825734e-01	1.000000e+00	-6.613488e-01	2.967565e-01	1.272457e-01	-1.745132e-01	2.256136e-01	5.663802e-02	-8.400625e-02	2.374723e-02	5.295553e-02	-5.806052e-02	6.103801e-02	-4.463797e-02	3.229303e-02	2.737439e-02	-4.487849e-02	6.463514e-02	3.066937e-02	-5.188356e-02	
2.191528e-02	1.070958e-01	3.677777e-02	1.588266e-01	-7.451495e-01	7.145776e-01	-6.613488e-01	1.000000e+00	-8.918695e-01	4.215211e-02	-1.020564e-02	-3.504615e-02	-7.752150e-02	-6.073708e-02	-2.335923e-03	-2.341144e-02	3.342334e-02	-4.269991e-02	4.550686e-02	-3.463276e-02	-1.924117e-03	7.946085e-03	-1.576480e-02	-2.780442e-02	3.750957e-02	
-5.423333e-02	-1.105817e-01	-6.340209e-03	3.324933e-02	4.056571e-01	-3.548375e-01	2.967565e-01	-8.918695e-01	1.000000e+00	-1.254148e-01	1.097525e-01	-7.824803e-02	7.203354e-02	1.353640e-01	-1.383984e-02	7.875083e-03	-1.789286e-02	2.729668e-02	-3.949229e-02	3.221827e-02	-9.451953e-03	1.284383e-02	-1.554356e-02	2.301546e-02	-2.418554e-02	
6.087550e-03	1.082266e-01	-4.972294e-01	3.373242e-01	1.142218e-01	-1.224752e-01	1.272457e-01	4.215211e-02	-1.254148e-01	1.000000e+00	-9.801294e-01	9.076206e-01	-7.486191e-01	4.963653e-01	3.842645e-01	-5.996291e-02	8.023445e-02	-9.897562e-02	3.941859e-02	2.499555e-03	1.370183e-01	-1.992407e-01	2.840499e-01	5.515506e-02	-1.273080e-01	
-1.406012e-02	-1.239884e-01	6.279608e-01	-4.256138e-01	-1.584225e-01	1.699199e-01	-1.745132e-01	-1.020564e-02	1.097525e-01	-9.801294e-01	1.000000e+00	-9.721804e-01	6.746705e-01	-4.047589e-01	-4.854581e-01	8.226593e-02	-1.049732e-01	1.261196e-01	-5.231411e-02	-7.789199e-04	-1.737113e-01	2.518142e-01	-3.580393e-01	-7.065698e-02	1.619793e-01	
1.016010e-02	1.432305e-01	-7.589786e-01	5.143926e-01	2.063228e-01	-2.213367e-01	2.256136e-01	-3.504615e-02	-7.824803e-02	9.076206e-01	-9.721804e-01	1.000000e+00	-5.393795e-01	2.616688e-01	5.883230e-01	-1.087207e-01	1.331755e-01	-1.559711e-01	6.677706e-02	-1.655662e-03	2.113351e-01	-3.053153e-01	4.330619e-01	8.538646e-02	-1.968343e-01	
1.525923e-01	-9.751492e-02	-4.171919e-02	1.549318e-02	6.635447e-02	-6.761938e-02	5.663802e-02	-7.752150e-02	7.203354e-02	-7.486191e-01	6.746705e-01	-5.393795e-01	1.000000e+00	-9.230920e-01	3.356235e-02	-2.985014e-02	2.570355e-02	-2.151306e-02	1.319262e-02	-1.138703e-03	1.441176e-02	-1.444067e-02	1.042878e-02	-3.555328e-03	2.841282e-03	
-1.265723e-01	-2.898674e-03	2.722945e-01	-1.595474e-01	-7.597707e-02	8.839282e-02	-8.400625e-02	-6.073708e-02	1.353640e-01	4.963653e-01	-4.047589e-01	2.616688e-01	-9.230920e-01	1.000000e+00	-2.127797e-01	6.759060e-02	-7.304958e-02	7.747783e-02	-4.234179e-02	7.810632e-03	-8.778418e-02	1.172390e-01	-1.526572e-01	-4.862089e-03	4.194816e-02	
7.094619e-02	1.337824e-02	-7.679388e-01	6.392698e-01	3.410132e-02	-3.362931e-02	2.374723e-02	-2.335923e-03	-1.383984e-02	3.842645e-01	-4.854581e-01	5.883230e-01	3.356235e-02	-2.127797e-01	1.000000e+00	-5.852455e-01	6.618752e-01	-7.183503e-01	2.631335e-01	4.100943e-02	6.181536e-02	-1.215865e-01	2.086476e-01	1.196719e-01	-1.767138e-01	
7.256725e-02	-1.136913e-01	1.989514e-01	-1.635062e-01	3.447372e-02	-4.287486e-02	5.295553e-02	-2.341144e-02	7.875083e-03	-5.996291e-02	8.226593e-02	-1.087207e-01	-2.985014e-02	6.759060e-02	-5.852455e-01	1.000000e+00	-9.821999e-01	9.324480e-01	-7.633004e-01	4.290854e-01	1.820570e-01	-2.021361e-01	2.167519e-01	-1.050565e-01	1.022664e-01	
-7.319100e-02	1.334188e-01	-2.279310e-01	1.843162e-01	-3.984173e-02	4.790382e-02	-5.806052e-02	3.342334e-02	-1.789286e-02	8.023445e-02	-1.049732e-01	1.331755e-01	2.570355e-02	-7.304958e-02	6.618752e-01	-9.821999e-01	1.000000e+00	-9.832527e-01	7.161262e-01	-3.558005e-01	-1.941491e-01	2.165769e-01	-2.336138e-01	1.058258e-01	-9.446455e-02	
6.583084e-02	-1.540684e-01	2.538685e-01	-2.020013e-01	4.313798e-02	-5.077910e-02	6.103801e-02	-4.269991e-02	2.729668e-02	-9.897562e-02	1.261196e-01	-1.559711e-01	-2.151306e-02	7.747783e-02	-7.183503e-01	9.324480e-01	-9.832527e-01	1.000000e+00	-6.450932e-01	2.733258e-01	2.004911e-01	-2.238076e-01	2.419223e-01	-1.075561e-01	8.963293e-02	
7.343012e-03	1.768008e-01	-1.192919e-01	9.008014e-02	-1.616726e-02	2.882980e-02	-4.463797e-02	4.550686e-02	-3.949229e-02	3.941859e-02	-5.231411e-02	6.677706e-02	1.319262e-02	-4.234179e-02	2.631335e-01	-7.633004e-01	7.161262e-01	-6.450932e-01	1.000000e+00	-8.952819e-01	-9.048976e-02	9.868675e-02	-1.040670e-01	1.161467e-01	-1.844101e-01	
-2.514502e-02	-1.331706e-01	1.550702e-02	-1.277133e-02	5.702383e-03	-1.817069e-02	3.229303e-02	-3.463276e-02	3.221827e-02	2.499555e-03	-7.789199e-04	-1.655662e-03	-1.138703e-03	7.810632e-03	4.100943e-02	4.290854e-01	-3.558005e-01	2.733258e-01	-8.952819e-01	1.000000e+00	1.112316e-02	-9.505188e-03	7.696780e-03	-9.524257e-02	1.997940e-01	
1.302123e-02	-1.919990e-02	-2.496248e-01	2.149555e-01	2.054701e-02	-2.533995e-02	2.737439e-02	-1.924117e-03	-9.451953e-03	1.370183e-01	-1.737113e-01	2.113351e-01	1.441176e-02	-8.778418e-02	6.181536e-02	1.820570e-01	-1.941491e-01	2.004911e-01	-9.048976e-02	1.112316e-02	1.000000e+00	-9.842246e-01	9.147982e-01	-8.226452e-01	6.820970e-01	
-2.224502e-02	8.327869e-03	3.592302e-01	-3.027893e-01	-4.050080e-02	4.506145e-02	-4.487849e-02	7.946085e-03	1.284383e-02	-1.992407e-01	2.518142e-01	-3.053153e-01	-1.444067e-02	1.172390e-01	-1.215865e-01	-2.021361e-01	2.165769e-01	-2.238076e-01	9.868675e-02	-9.505188e-03	-9.842246e-01	1.000000e+00	-9.708851e-01	7.835613e-01	-6.301718e-01	
1.940971e-02	1.535425e-02	-5.061101e-01	4.221275e-01	6.429815e-02	-6.804374e-02	6.463514e-02	-1.576480e-02	-1.554356e-02	2.840499e-01	-3.580393e-01	4.330619e-01	1.042878e-02	-1.526572e-01	2.086476e-01	2.167519e-01	-2.336138e-01	2.419223e-01	-1.040670e-01	7.696780e-03	9.147982e-01	-9.708851e-01	1.000000e+00	-6.759256e-01	5.118892e-01	
1.151375e-01	-2.320879e-02	-1.099152e-01	8.205789e-02	3.872619e-02	-3.615072e-02	3.066937e-02	-2.780442e-02	2.301546e-02	5.515506e-02	-7.065698e-02	8.538646e-02	-3.555328e-03	-4.862089e-03	1.196719e-01	-1.050565e-01	1.058258e-01	-1.075561e-01	1.161467e-01	-9.524257e-02	-8.226452e-01	7.835613e-01	-6.759256e-01	1.000000e+00	-9.643742e-01	
-1.046273e-01	-1.277783e-02	2.369584e-01	-1.828985e-01	-6.198193e-02	5.934470e-02	-5.188356e-02	3.750957e-02	-2.418554e-02	-1.273080e-01	1.619793e-01	-1.968343e-01	2.841282e-03	4.194816e-02	-1.767138e-01	1.022664e-01	-9.446455e-02	8.963293e-02	-1.844101e-01	1.997940e-01	6.820970e-01	-6.301718e-01	5.118892e-01	-9.643742e-01	1.000000e+00	

Time taken for mcmc chain: 25.666667 minutes
