Number of steps: 1046079
Number of accepted steps: 500000
Burn-in number of steps: 320000
Accepted fraction of steps: 0.477975
Convergence Status
R[0]= -nan	R[1]= -nan	R[2]= -nan	R[3]= -nan	R[4]= -nan	R[5]= -nan	R[6]= -nan	R[7]= -nan	R[8]= -nan	R[9]= -nan	R[10]= -nan	R[11]= -nan	R[12]= -nan	R[13]= -nan	R[14]= -nan	R[15]= -nan	R[16]= -nan	R[17]= -nan	R[18]= -nan	R[19]= -nan	R[20]= -nan	R[21]= -nan	R[22]= -nan	R[23]= -nan	R[24]= -nan	
<R>= -nan

Mean parameters
A[0]= 9.347414e-01 pm 1.336348e-01
A[1]= 9.118604e-01 pm 2.298282e-01
A[2]= 2.414528e-01 pm 2.952615e-01
A[3]= 4.750500e+00 pm 1.078689e+00
A[4]= -2.789678e+03 pm 3.031591e+03
A[5]= 1.103985e+03 pm 1.947846e+03
A[6]= 1.905609e+02 pm 4.845208e+02
A[7]= -1.343616e+00 pm 1.929958e+01
A[8]= -1.438002e-02 pm 2.219731e-01
A[9]= -3.628916e+03 pm 6.417048e+03
A[10]= 1.136861e+03 pm 3.777303e+03
A[11]= -2.974469e+02 pm 8.324724e+02
A[12]= 3.051267e+01 pm 5.153894e+01
A[13]= -5.017484e-01 pm 7.553662e-01
A[14]= 7.756590e+00 pm 4.473613e+00
A[15]= -1.147404e+04 pm 7.578028e+03
A[16]= 7.745333e+03 pm 5.271464e+03
A[17]= -1.623109e+03 pm 1.212490e+03
A[18]= -1.026224e+01 pm 1.637279e+01
A[19]= 2.975110e-01 pm 3.343519e-01
A[20]= -5.049978e+03 pm 5.539120e+03
A[21]= 2.936574e+03 pm 3.213356e+03
A[22]= -8.262586e+02 pm 7.398213e+02
A[23]= 1.816371e+01 pm 3.366251e+01
A[24]= 1.028610e-01 pm 7.349175e-01

Best-fitting parameters
A[0]= 7.051694e-01
A[1]= 1.278723e+00
A[2]= 8.753239e-01
A[3]= 2.656764e+00
A[4]= -4.636156e+03
A[5]= 2.605561e+03
A[6]= -2.626978e+02
A[7]= 1.628873e+01
A[8]= -2.246374e-01
A[9]= -7.389471e+03
A[10]= 2.419594e+03
A[11]= -1.487295e+02
A[12]= 5.570473e+00
A[13]= -4.709386e-01
A[14]= 5.977026e-01
A[15]= 1.604903e+03
A[16]= -1.262689e+03
A[17]= 4.334514e+02
A[18]= 7.921169e+00
A[19]= -1.588026e-01
A[20]= -7.282382e+03
A[21]= 3.243863e+03
A[22]= -4.744096e+02
A[23]= 3.789840e+01
A[24]= -7.185286e-01
chi2_min= 8.374032e+01


Cross-Covariance parameters
1.000000e+00	-9.381730e-01	-8.102856e-01	8.305721e-01	5.950465e-01	-6.902780e-01	7.779576e-01	-6.967501e-01	6.264977e-01	-7.750065e-02	2.467009e-01	-5.449993e-01	5.465306e-01	-2.175225e-01	8.495438e-01	-8.355896e-01	8.252158e-01	-8.066648e-01	-6.792504e-01	7.299596e-01	-4.468955e-02	2.811025e-01	-6.611563e-01	-6.946288e-02	5.692866e-01	
-9.381730e-01	1.000000e+00	8.986679e-01	-9.115491e-01	-6.690926e-01	7.685918e-01	-8.656309e-01	8.000077e-01	-7.124127e-01	1.498713e-01	-3.116741e-01	5.883488e-01	-6.385559e-01	3.140345e-01	-9.562352e-01	9.364741e-01	-9.320441e-01	9.192737e-01	8.231497e-01	-8.753373e-01	1.274542e-01	-3.353255e-01	6.604953e-01	3.478083e-03	-5.150656e-01	
-8.102856e-01	8.986679e-01	1.000000e+00	-9.518721e-01	-5.728018e-01	6.565387e-01	-7.414058e-01	6.994431e-01	-6.257095e-01	-8.234392e-03	-1.210606e-01	3.603006e-01	-5.348981e-01	2.676172e-01	-9.344036e-01	8.816984e-01	-8.871087e-01	8.866442e-01	8.338345e-01	-8.826958e-01	9.343377e-02	-2.525414e-01	5.071392e-01	-1.008469e-01	-3.471264e-01	
8.305721e-01	-9.115491e-01	-9.518721e-01	1.000000e+00	4.965106e-01	-5.830627e-01	6.808998e-01	-6.968885e-01	6.347546e-01	-1.050953e-01	2.339862e-01	-4.657324e-01	5.852682e-01	-3.040025e-01	9.269218e-01	-8.964875e-01	8.976771e-01	-8.933971e-01	-8.130544e-01	8.708879e-01	-1.230538e-01	2.959410e-01	-5.647416e-01	8.170010e-02	3.797916e-01	
5.950465e-01	-6.690926e-01	-5.728018e-01	4.965106e-01	1.000000e+00	-9.828657e-01	9.213779e-01	-8.664354e-01	7.851948e-01	-1.324861e-01	2.528733e-01	-4.364017e-01	4.839076e-01	-2.367743e-01	6.526974e-01	-6.259308e-01	6.239879e-01	-6.151213e-01	-5.972707e-01	6.123146e-01	-1.069487e-01	2.293644e-01	-4.222618e-01	-1.629983e-02	3.729476e-01	
-6.902780e-01	7.685918e-01	6.565387e-01	-5.830627e-01	-9.828657e-01	1.000000e+00	-9.762811e-01	9.113639e-01	-8.271467e-01	1.431515e-01	-2.786061e-01	4.906588e-01	-5.415527e-01	2.642527e-01	-7.432520e-01	7.166521e-01	-7.137230e-01	7.030772e-01	6.641666e-01	-6.880859e-01	1.113633e-01	-2.568658e-01	4.863219e-01	1.603739e-02	-4.183250e-01	
7.779576e-01	-8.656309e-01	-7.414058e-01	6.808998e-01	9.213779e-01	-9.762811e-01	1.000000e+00	-9.317860e-01	8.477484e-01	-1.568071e-01	3.034796e-01	-5.397494e-01	5.916346e-01	-2.849425e-01	8.346400e-01	-8.089974e-01	8.055339e-01	-7.936392e-01	-7.343223e-01	7.682676e-01	-1.117053e-01	2.785236e-01	-5.424474e-01	-1.934774e-02	4.628967e-01	
-6.967501e-01	8.000077e-01	6.994431e-01	-6.968885e-01	-8.664354e-01	9.113639e-01	-9.317860e-01	1.000000e+00	-9.717766e-01	2.051202e-01	-3.291711e-01	5.265729e-01	-5.659327e-01	2.418294e-01	-7.848610e-01	7.698450e-01	-7.664466e-01	7.565029e-01	6.902810e-01	-7.311183e-01	1.035376e-01	-2.512090e-01	4.854466e-01	2.388321e-02	-4.298240e-01	
6.264977e-01	-7.124127e-01	-6.257095e-01	6.347546e-01	7.851948e-01	-8.271467e-01	8.477484e-01	-9.717766e-01	1.000000e+00	-2.119604e-01	3.173426e-01	-4.845784e-01	5.083002e-01	-1.731578e-01	6.984269e-01	-6.849488e-01	6.815059e-01	-6.722465e-01	-6.193520e-01	6.539213e-01	-6.893308e-02	2.027059e-01	-4.182339e-01	-4.529061e-02	4.045702e-01	
-7.750065e-02	1.498713e-01	-8.234392e-03	-1.050953e-01	-1.324861e-01	1.431515e-01	-1.568071e-01	2.051202e-01	-2.119604e-01	1.000000e+00	-9.768376e-01	8.448884e-01	-7.653445e-01	7.761433e-01	-1.442944e-01	1.748940e-01	-1.692713e-01	1.621251e-01	1.482549e-01	-1.600491e-01	2.749151e-02	-5.875642e-02	1.040738e-01	5.569310e-02	-1.152217e-01	
2.467009e-01	-3.116741e-01	-1.210606e-01	2.339862e-01	2.528733e-01	-2.786061e-01	3.034796e-01	-3.291711e-01	3.173426e-01	-9.768376e-01	1.000000e+00	-9.372022e-01	8.645489e-01	-8.301901e-01	2.844552e-01	-3.125051e-01	3.051914e-01	-2.947612e-01	-2.625771e-01	2.809159e-01	-5.726501e-02	1.266181e-01	-2.316759e-01	-5.689015e-02	2.049409e-01	
-5.449993e-01	5.883488e-01	3.603006e-01	-4.657324e-01	-4.364017e-01	4.906588e-01	-5.397494e-01	5.265729e-01	-4.845784e-01	8.448884e-01	-9.372022e-01	1.000000e+00	-9.388129e-01	8.095788e-01	-5.260630e-01	5.474470e-01	-5.371559e-01	5.210889e-01	4.531727e-01	-4.840529e-01	9.051482e-02	-2.280813e-01	4.414140e-01	6.452102e-02	-3.646352e-01	
5.465306e-01	-6.385559e-01	-5.348981e-01	5.852682e-01	4.839076e-01	-5.415527e-01	5.916346e-01	-5.659327e-01	5.083002e-01	-7.653445e-01	8.645489e-01	-9.388129e-01	1.000000e+00	-9.039318e-01	6.316040e-01	-6.257077e-01	6.224589e-01	-6.140002e-01	-5.685865e-01	6.027213e-01	-1.079750e-01	2.278623e-01	-4.149565e-01	3.688266e-02	2.790594e-01	
-2.175225e-01	3.140345e-01	2.676172e-01	-3.040025e-01	-2.367743e-01	2.642527e-01	-2.849425e-01	2.418294e-01	-1.731578e-01	7.761433e-01	-8.301901e-01	8.095788e-01	-9.039318e-01	1.000000e+00	-3.355342e-01	3.316964e-01	-3.317257e-01	3.296729e-01	3.196821e-01	-3.390505e-01	1.016738e-01	-1.432117e-01	2.042497e-01	-9.726936e-02	-5.099013e-02	
8.495438e-01	-9.562352e-01	-9.344036e-01	9.269218e-01	6.526974e-01	-7.432520e-01	8.346400e-01	-7.848610e-01	6.984269e-01	-1.442944e-01	2.844552e-01	-5.260630e-01	6.316040e-01	-3.355342e-01	1.000000e+00	-9.760357e-01	9.814846e-01	-9.810221e-01	-8.754646e-01	9.468469e-01	-1.770800e-01	3.561825e-01	-6.233040e-01	9.746153e-02	3.968232e-01	
-8.355896e-01	9.364741e-01	8.816984e-01	-8.964875e-01	-6.259308e-01	7.166521e-01	-8.089974e-01	7.698450e-01	-6.849488e-01	1.748940e-01	-3.125051e-01	5.474470e-01	-6.257077e-01	3.316964e-01	-9.760357e-01	1.000000e+00	-9.982309e-01	9.927045e-01	7.795923e-01	-8.900286e-01	1.967161e-01	-3.812361e-01	6.497202e-01	-7.591927e-02	-4.070946e-01	
8.252158e-01	-9.320441e-01	-8.871087e-01	8.976771e-01	6.239879e-01	-7.137230e-01	8.055339e-01	-7.664466e-01	6.815059e-01	-1.692713e-01	3.051914e-01	-5.371559e-01	6.224589e-01	-3.317257e-01	9.814846e-01	-9.982309e-01	1.000000e+00	-9.980160e-01	-7.965690e-01	9.047401e-01	-2.039467e-01	3.845773e-01	-6.449454e-01	8.809769e-02	3.934805e-01	
-8.066648e-01	9.192737e-01	8.866442e-01	-8.933971e-01	-6.151213e-01	7.030772e-01	-7.936392e-01	7.565029e-01	-6.722465e-01	1.621251e-01	-2.947612e-01	5.210889e-01	-6.140002e-01	3.296729e-01	-9.810221e-01	9.927045e-01	-9.980160e-01	1.000000e+00	8.045649e-01	-9.126753e-01	2.136242e-01	-3.886146e-01	6.372228e-01	-1.045327e-01	-3.713617e-01	
-6.792504e-01	8.231497e-01	8.338345e-01	-8.130544e-01	-5.972707e-01	6.641666e-01	-7.343223e-01	6.902810e-01	-6.193520e-01	1.482549e-01	-2.625771e-01	4.531727e-01	-5.685865e-01	3.196821e-01	-8.754646e-01	7.795923e-01	-7.965690e-01	8.045649e-01	1.000000e+00	-9.712508e-01	2.016963e-01	-3.285329e-01	5.120819e-01	-1.211881e-01	-3.214409e-01	
7.299596e-01	-8.753373e-01	-8.826958e-01	8.708879e-01	6.123146e-01	-6.880859e-01	7.682676e-01	-7.311183e-01	6.539213e-01	-1.600491e-01	2.809159e-01	-4.840529e-01	6.027213e-01	-3.390505e-01	9.468469e-01	-8.900286e-01	9.047401e-01	-9.126753e-01	-9.712508e-01	1.000000e+00	-2.273254e-01	3.705522e-01	-5.720864e-01	1.354722e-01	3.325786e-01	
-4.468955e-02	1.274542e-01	9.343377e-02	-1.230538e-01	-1.069487e-01	1.113633e-01	-1.117053e-01	1.035376e-01	-6.893308e-02	2.749151e-02	-5.726501e-02	9.051482e-02	-1.079750e-01	1.016738e-01	-1.770800e-01	1.967161e-01	-2.039467e-01	2.136242e-01	2.016963e-01	-2.273254e-01	1.000000e+00	-9.651196e-01	7.474926e-01	-8.668249e-01	6.132836e-01	
2.811025e-01	-3.353255e-01	-2.525414e-01	2.959410e-01	2.293644e-01	-2.568658e-01	2.785236e-01	-2.512090e-01	2.027059e-01	-5.875642e-02	1.266181e-01	-2.280813e-01	2.278623e-01	-1.432117e-01	3.561825e-01	-3.812361e-01	3.845773e-01	-3.886146e-01	-3.285329e-01	3.705522e-01	-9.651196e-01	1.000000e+00	-8.937979e-01	8.103622e-01	-4.488446e-01	
-6.611563e-01	6.604953e-01	5.071392e-01	-5.647416e-01	-4.222618e-01	4.863219e-01	-5.424474e-01	4.854466e-01	-4.182339e-01	1.040738e-01	-2.316759e-01	4.414140e-01	-4.149565e-01	2.042497e-01	-6.233040e-01	6.497202e-01	-6.449454e-01	6.372228e-01	5.120819e-01	-5.720864e-01	7.474926e-01	-8.937979e-01	1.000000e+00	-5.724066e-01	7.657229e-02	
-6.946288e-02	3.478083e-03	-1.008469e-01	8.170010e-02	-1.629983e-02	1.603739e-02	-1.934774e-02	2.388321e-02	-4.529061e-02	5.569310e-02	-5.689015e-02	6.452102e-02	3.688266e-02	-9.726936e-02	9.746153e-02	-7.591927e-02	8.809769e-02	-1.045327e-01	-1.211881e-01	1.354722e-01	-8.668249e-01	8.103622e-01	-5.724066e-01	1.000000e+00	-8.375127e-01	
5.692866e-01	-5.150656e-01	-3.471264e-01	3.797916e-01	3.729476e-01	-4.183250e-01	4.628967e-01	-4.298240e-01	4.045702e-01	-1.152217e-01	2.049409e-01	-3.646352e-01	2.790594e-01	-5.099013e-02	3.968232e-01	-4.070946e-01	3.934805e-01	-3.713617e-01	-3.214409e-01	3.325786e-01	6.132836e-01	-4.488446e-01	7.657229e-02	-8.375127e-01	1.000000e+00	

Time taken for mcmc chain: 9.550000 minutes
