Number of steps: 4327487
Number of accepted steps: 500000
Burn-in number of steps: 320000
Accepted fraction of steps: 0.115540
Convergence Status
R[0]= -nan	R[1]= -nan	R[2]= -nan	R[3]= -nan	R[4]= -nan	R[5]= -nan	R[6]= -nan	R[7]= -nan	R[8]= -nan	R[9]= -nan	R[10]= -nan	R[11]= -nan	R[12]= -nan	R[13]= -nan	R[14]= -nan	R[15]= -nan	R[16]= -nan	R[17]= -nan	R[18]= -nan	R[19]= -nan	R[20]= -nan	R[21]= -nan	R[22]= -nan	R[23]= -nan	R[24]= -nan	
<R>= -nan

Mean parameters
A[0]= 8.766186e-01 pm 8.944467e-02
A[1]= 1.072060e+00 pm 1.990811e-01
A[2]= 7.022391e-01 pm 4.209293e-01
A[3]= 2.863953e+00 pm 1.195505e+00
A[4]= -2.303895e+03 pm 3.645181e+03
A[5]= 6.614789e+02 pm 2.456898e+03
A[6]= 3.174046e+02 pm 5.987960e+02
A[7]= 1.942992e+01 pm 1.454017e+01
A[8]= -3.755803e-01 pm 1.860872e-01
A[9]= -3.014374e+03 pm 8.119109e+03
A[10]= 8.677540e+02 pm 4.707212e+03
A[11]= -1.962255e+02 pm 9.340046e+02
A[12]= 1.665587e+01 pm 4.728990e+01
A[13]= -6.838861e-01 pm 9.079510e-01
A[14]= 1.704953e+00 pm 1.571755e+00
A[15]= -1.745069e+03 pm 3.317347e+03
A[16]= 8.096747e+02 pm 2.193782e+03
A[17]= 2.998427e+01 pm 4.892285e+02
A[18]= 1.100870e+01 pm 1.019865e+01
A[19]= -1.918980e-01 pm 1.520421e-01
A[20]= -1.300037e+03 pm 5.011421e+03
A[21]= 4.131224e+02 pm 3.010914e+03
A[22]= -1.306616e+02 pm 6.539415e+02
A[23]= 2.974135e+00 pm 2.968931e+01
A[24]= -9.851880e-02 pm 5.996942e-01

Best-fitting parameters
A[0]= 8.948967e-01
A[1]= 1.008256e+00
A[2]= 7.667532e-01
A[3]= 3.272631e+00
A[4]= -2.788231e+03
A[5]= 1.307159e+03
A[6]= 1.141460e+02
A[7]= 5.790229e+00
A[8]= -1.652371e-01
A[9]= -1.018060e+04
A[10]= 5.137019e+03
A[11]= -1.083146e+03
A[12]= 2.660780e+01
A[13]= -5.199631e-01
A[14]= 1.408292e+00
A[15]= -1.327467e+03
A[16]= 5.564989e+02
A[17]= 6.707320e+01
A[18]= 6.923542e+00
A[19]= -1.157101e-01
A[20]= -3.294908e+03
A[21]= 1.457787e+03
A[22]= -3.226483e+02
A[23]= 4.771723e+00
A[24]= -2.484231e-02
chi2_min= 6.864966e+01


Cross-Covariance parameters
1.000000e+00	-8.135133e-01	-3.852002e-01	4.339946e-01	1.573887e-01	-2.161977e-01	2.996876e-01	-3.604964e-01	2.050749e-01	1.671187e-01	-8.892084e-02	-8.910732e-02	1.074647e-02	1.508261e-01	7.736280e-01	-6.267465e-01	6.382756e-01	-6.221768e-01	-4.166457e-01	5.416969e-01	-1.563893e-01	2.768694e-01	-4.589745e-01	-2.715343e-02	2.846130e-01	
-8.135133e-01	1.000000e+00	5.416197e-01	-6.412240e-01	-9.301367e-02	1.686808e-01	-2.874284e-01	4.969480e-01	-3.207080e-01	-1.054892e-01	3.760540e-02	1.136894e-01	-8.823138e-02	-8.459247e-02	-8.874338e-01	6.916645e-01	-6.959771e-01	6.618878e-01	5.360869e-01	-6.339477e-01	1.655229e-01	-2.859225e-01	4.669452e-01	3.976545e-02	-3.088763e-01	
-3.852002e-01	5.416197e-01	1.000000e+00	-6.961113e-01	-8.146133e-02	1.263746e-01	-1.890884e-01	2.266621e-01	-1.321805e-01	-3.597821e-01	4.012428e-01	-4.271973e-01	-4.396200e-02	4.191176e-02	-5.640242e-01	2.885588e-01	-2.858749e-01	2.660810e-01	2.483163e-01	-2.804907e-01	-1.511018e-01	1.429244e-01	-1.005566e-01	-3.630627e-02	-3.968095e-02	
4.339946e-01	-6.412240e-01	-6.961113e-01	1.000000e+00	-4.013385e-01	3.916498e-01	-3.291858e-01	-2.196769e-01	3.216001e-01	1.626084e-01	-1.474773e-01	1.048319e-01	-5.259936e-02	1.480215e-01	6.228661e-01	-4.232482e-01	4.249482e-01	-4.043166e-01	-3.247273e-01	3.867420e-01	1.894577e-04	4.710675e-02	-1.298855e-01	6.751632e-03	1.282818e-01	
1.573887e-01	-9.301367e-02	-8.146133e-02	-4.013385e-01	1.000000e+00	-9.828541e-01	9.296147e-01	-5.824704e-01	2.446479e-01	9.833233e-02	-1.141542e-01	1.100039e-01	1.675506e-01	-1.305917e-01	1.246864e-01	-6.322556e-02	6.703729e-02	-6.479219e-02	-6.118062e-02	6.241978e-02	-1.160343e-02	2.251591e-02	-4.362010e-02	1.003073e-02	2.560310e-02	
-2.161977e-01	1.686808e-01	1.263746e-01	3.916498e-01	-9.828541e-01	1.000000e+00	-9.804051e-01	5.685252e-01	-1.992605e-01	-1.089301e-01	1.229191e-01	-1.106890e-01	-1.914993e-01	1.537824e-01	-1.944846e-01	1.182184e-01	-1.208393e-01	1.143200e-01	1.028780e-01	-1.101041e-01	1.639137e-02	-3.613166e-02	7.136217e-02	-1.875687e-03	-5.231868e-02	
2.996876e-01	-2.874284e-01	-1.890884e-01	-3.291858e-01	9.296147e-01	-9.804051e-01	1.000000e+00	-5.622626e-01	1.738545e-01	1.217507e-01	-1.294344e-01	1.016508e-01	2.047206e-01	-1.557917e-01	3.001633e-01	-2.032299e-01	2.046998e-01	-1.922121e-01	-1.687042e-01	1.860865e-01	-3.262857e-02	6.618039e-02	-1.224448e-01	-7.405203e-03	9.170320e-02	
-3.604964e-01	4.969480e-01	2.266621e-01	-2.196769e-01	-5.824704e-01	5.685252e-01	-5.622626e-01	1.000000e+00	-8.806289e-01	1.098509e-01	-1.328948e-01	1.817114e-01	-2.017619e-01	-2.566134e-02	-4.562378e-01	3.560960e-01	-3.623737e-01	3.477291e-01	2.755238e-01	-3.226835e-01	1.150549e-01	-1.762178e-01	2.649844e-01	1.369641e-02	-1.550886e-01	
2.050749e-01	-3.207080e-01	-1.321805e-01	3.216001e-01	2.446479e-01	-1.992605e-01	1.738545e-01	-8.806289e-01	1.000000e+00	-1.996705e-01	2.213587e-01	-2.451160e-01	1.436605e-01	1.087663e-01	2.684547e-01	-2.224884e-01	2.282505e-01	-2.222076e-01	-1.627048e-01	1.997008e-01	-8.992904e-02	1.283330e-01	-1.807372e-01	-2.861674e-04	8.843479e-02	
1.671187e-01	-1.054892e-01	-3.597821e-01	1.626084e-01	9.833233e-02	-1.089301e-01	1.217507e-01	1.098509e-01	-1.996705e-01	1.000000e+00	-9.854788e-01	9.079914e-01	-7.787880e-01	6.493170e-01	1.714937e-01	-5.513789e-02	5.400248e-02	-4.969567e-02	-6.662017e-02	7.195726e-02	9.147804e-02	-1.064261e-01	1.112901e-01	2.748486e-02	-2.147378e-02	
-8.892084e-02	3.760540e-02	4.012428e-01	-1.474773e-01	-1.141542e-01	1.229191e-01	-1.294344e-01	-1.328948e-01	2.213587e-01	-9.854788e-01	1.000000e+00	-9.641817e-01	7.745031e-01	-6.276702e-01	-1.213716e-01	-2.929530e-03	6.085309e-03	-9.892320e-03	2.824839e-02	-2.103074e-02	-1.305316e-01	1.613758e-01	-1.862437e-01	-3.673409e-02	5.836310e-02	
-8.910732e-02	1.136894e-01	-4.271973e-01	1.048319e-01	1.100039e-01	-1.106890e-01	1.016508e-01	1.817114e-01	-2.451160e-01	9.079914e-01	-9.641817e-01	1.000000e+00	-7.223720e-01	5.490441e-01	-4.473884e-03	1.255460e-01	-1.320321e-01	1.335363e-01	5.787253e-02	-8.953437e-02	1.934425e-01	-2.535230e-01	3.175757e-01	5.094817e-02	-1.280913e-01	
1.074647e-02	-8.823138e-02	-4.396200e-02	-5.259936e-02	1.675506e-01	-1.914993e-01	2.047206e-01	-2.017619e-01	1.436605e-01	-7.787880e-01	7.745031e-01	-7.223720e-01	1.000000e+00	-9.363885e-01	5.133522e-02	-4.809244e-02	4.872539e-02	-4.642954e-02	-1.735912e-02	2.589050e-02	-1.045369e-02	2.428101e-02	-4.258487e-02	-9.121898e-03	2.732622e-02	
1.508261e-01	-8.459247e-02	4.191176e-02	1.480215e-01	-1.305917e-01	1.537824e-01	-1.557917e-01	-2.566134e-02	1.087663e-01	6.493170e-01	-6.276702e-01	5.490441e-01	-9.363885e-01	1.000000e+00	8.513197e-02	-8.051793e-02	8.416070e-02	-8.461877e-02	-7.330882e-02	9.024308e-02	-5.611106e-02	7.075124e-02	-9.009256e-02	6.624500e-04	3.682867e-02	
7.736280e-01	-8.874338e-01	-5.640242e-01	6.228661e-01	1.246864e-01	-1.944846e-01	3.001633e-01	-4.562378e-01	2.684547e-01	1.714937e-01	-1.213716e-01	-4.473884e-03	5.133522e-02	8.513197e-02	1.000000e+00	-8.289451e-01	8.494633e-01	-8.367970e-01	-4.944725e-01	6.653374e-01	-1.676336e-01	2.834853e-01	-4.556662e-01	-5.595221e-02	3.226363e-01	
-6.267465e-01	6.916645e-01	2.885588e-01	-4.232482e-01	-6.322556e-02	1.182184e-01	-2.032299e-01	3.560960e-01	-2.224884e-01	-5.513789e-02	-2.929530e-03	1.255460e-01	-4.809244e-02	-8.051793e-02	-8.289451e-01	1.000000e+00	-9.914166e-01	9.642242e-01	6.051446e-02	-3.418508e-01	2.503022e-01	-3.638514e-01	5.147263e-01	6.747758e-02	-2.834005e-01	
6.382756e-01	-6.959771e-01	-2.858749e-01	4.249482e-01	6.703729e-02	-1.208393e-01	2.046998e-01	-3.623737e-01	2.282505e-01	5.400248e-02	6.085309e-03	-1.320321e-01	4.872539e-02	8.416070e-02	8.494633e-01	-9.914166e-01	1.000000e+00	-9.899272e-01	-1.039299e-01	3.903386e-01	-2.578463e-01	3.756586e-01	-5.301304e-01	-8.135350e-02	3.036625e-01	
-6.221768e-01	6.618878e-01	2.660810e-01	-4.043166e-01	-6.479219e-02	1.143200e-01	-1.922121e-01	3.477291e-01	-2.222076e-01	-4.969567e-02	-9.892320e-03	1.335363e-01	-4.642954e-02	-8.461877e-02	-8.367970e-01	9.642242e-01	-9.899272e-01	1.000000e+00	1.163906e-01	-4.082559e-01	2.600013e-01	-3.772453e-01	5.277561e-01	9.383526e-02	-3.102423e-01	
-4.166457e-01	5.360869e-01	2.483163e-01	-3.247273e-01	-6.118062e-02	1.028780e-01	-1.687042e-01	2.755238e-01	-1.627048e-01	-6.662017e-02	2.824839e-02	5.787253e-02	-1.735912e-02	-7.330882e-02	-4.944725e-01	6.051446e-02	-1.039299e-01	1.163906e-01	1.000000e+00	-9.338950e-01	8.886627e-02	-1.554015e-01	2.563960e-01	8.080318e-02	-3.008739e-01	
5.416969e-01	-6.339477e-01	-2.804907e-01	3.867420e-01	6.241978e-02	-1.101041e-01	1.860865e-01	-3.226835e-01	1.997008e-01	7.195726e-02	-2.103074e-02	-8.953437e-02	2.589050e-02	9.024308e-02	6.653374e-01	-3.418508e-01	3.903386e-01	-4.082559e-01	-9.338950e-01	1.000000e+00	-1.614910e-01	2.523294e-01	-3.785125e-01	-1.082135e-01	3.728348e-01	
-1.563893e-01	1.655229e-01	-1.511018e-01	1.894577e-04	-1.160343e-02	1.639137e-02	-3.262857e-02	1.150549e-01	-8.992904e-02	9.147804e-02	-1.305316e-01	1.934425e-01	-1.045369e-02	-5.611106e-02	-1.676336e-01	2.503022e-01	-2.578463e-01	2.600013e-01	8.886627e-02	-1.614910e-01	1.000000e+00	-9.793395e-01	8.847817e-01	-7.667417e-01	5.560448e-01	
2.768694e-01	-2.859225e-01	1.429244e-01	4.710675e-02	2.251591e-02	-3.613166e-02	6.618039e-02	-1.762178e-01	1.283330e-01	-1.064261e-01	1.613758e-01	-2.535230e-01	2.428101e-02	7.075124e-02	2.834853e-01	-3.638514e-01	3.756586e-01	-3.772453e-01	-1.554015e-01	2.523294e-01	-9.793395e-01	1.000000e+00	-9.593483e-01	7.157984e-01	-4.709642e-01	
-4.589745e-01	4.669452e-01	-1.005566e-01	-1.298855e-01	-4.362010e-02	7.136217e-02	-1.224448e-01	2.649844e-01	-1.807372e-01	1.112901e-01	-1.862437e-01	3.175757e-01	-4.258487e-02	-9.009256e-02	-4.556662e-01	5.147263e-01	-5.301304e-01	5.277561e-01	2.563960e-01	-3.785125e-01	8.847817e-01	-9.593483e-01	1.000000e+00	-5.839695e-01	3.009777e-01	
-2.715343e-02	3.976545e-02	-3.630627e-02	6.751632e-03	1.003073e-02	-1.875687e-03	-7.405203e-03	1.369641e-02	-2.861674e-04	2.748486e-02	-3.673409e-02	5.094817e-02	-9.121898e-03	6.624500e-04	-5.595221e-02	6.747758e-02	-8.135350e-02	9.383526e-02	8.080318e-02	-1.082135e-01	-7.667417e-01	7.157984e-01	-5.839695e-01	1.000000e+00	-9.286091e-01	
2.846130e-01	-3.088763e-01	-3.968095e-02	1.282818e-01	2.560310e-02	-5.231868e-02	9.170320e-02	-1.550886e-01	8.843479e-02	-2.147378e-02	5.836310e-02	-1.280913e-01	2.732622e-02	3.682867e-02	3.226363e-01	-2.834005e-01	3.036625e-01	-3.102423e-01	-3.008739e-01	3.728348e-01	5.560448e-01	-4.709642e-01	3.009777e-01	-9.286091e-01	1.000000e+00	

Time taken for mcmc chain: 43.333333 minutes
