Number of steps: 2572189
Number of accepted steps: 960000
Burn-in number of steps: 320000
Accepted fraction of steps: 0.373223
Convergence Status
R[0]= 1.012969	R[1]= 1.017295	R[2]= 1.075519	R[3]= 1.037332	R[4]= 1.006219	R[5]= 1.005136	R[6]= 1.003642	R[7]= 1.001864	R[8]= 1.001367	R[9]= 1.012626	R[10]= 1.017803	R[11]= 1.025604	R[12]= 1.008391	R[13]= 1.013491	R[14]= 1.039652	R[15]= 1.005480	R[16]= 1.004926	R[17]= 1.004731	R[18]= 1.005266	R[19]= 1.004408	R[20]= 1.003866	R[21]= 1.007794	R[22]= 1.015338	R[23]= 1.004333	R[24]= 1.006738	
<R>= 1.013672

Mean parameters
A[0]= 9.893740e-01 pm 2.961185e-02
A[1]= 1.066018e+00 pm 2.402281e-02
A[2]= 6.275651e-01 pm 4.274973e-01
A[3]= 4.068722e+00 pm 1.119528e+00
A[4]= -2.534727e+03 pm 3.735186e+03
A[5]= 1.737492e+03 pm 2.447103e+03
A[6]= -7.889675e+01 pm 5.762812e+02
A[7]= 1.317073e+00 pm 1.313046e+01
A[8]= -1.104271e-04 pm 1.745984e-01
A[9]= 5.986432e+03 pm 8.646455e+03
A[10]= -3.467682e+03 pm 5.360286e+03
A[11]= 4.205581e+02 pm 1.184505e+03
A[12]= -5.641461e+01 pm 4.750173e+01
A[13]= 1.203866e+00 pm 9.226107e-01
A[14]= 5.208563e+00 pm 1.620816e+00
A[15]= -4.803291e+03 pm 5.145591e+03
A[16]= 4.273097e+03 pm 3.348639e+03
A[17]= -8.503831e+02 pm 7.855278e+02
A[18]= 2.382072e+00 pm 1.957715e+01
A[19]= 1.019175e-01 pm 2.566566e-01
A[20]= 1.486433e+04 pm 1.149320e+04
A[21]= -7.653424e+03 pm 6.975149e+03
A[22]= 8.294664e+02 pm 1.493207e+03
A[23]= -8.054920e+01 pm 6.734847e+01
A[24]= 1.055552e+00 pm 1.303441e+00

Best-fitting parameters
A[0]= 9.765358e-01
A[1]= 1.063296e+00
A[2]= 2.946052e-01
A[3]= 5.541944e+00
A[4]= -3.426572e+03
A[5]= 2.542417e+03
A[6]= -3.338295e+02
A[7]= -3.209090e+00
A[8]= 1.094455e-01
A[9]= 2.814061e+03
A[10]= -2.489115e+03
A[11]= 5.112994e+02
A[12]= -1.812244e+01
A[13]= 5.103875e-01
A[14]= 5.817578e+00
A[15]= -3.118066e+03
A[16]= 3.109768e+03
A[17]= -5.694747e+02
A[18]= -6.530581e-01
A[19]= 9.985513e-02
A[20]= 1.514842e+04
A[21]= -8.510216e+03
A[22]= 1.278249e+03
A[23]= -4.015320e+01
A[24]= 1.130582e-01
chi2_min= 1.034324e+02


Cross-Covariance parameters
1.000000e+00	-4.819419e-01	-2.156018e-01	1.530434e-01	3.027602e-02	-3.107705e-02	2.184728e-02	5.270498e-02	-4.612930e-02	-1.020223e-02	-7.414711e-04	-1.287379e-03	1.718166e-01	-1.580857e-01	9.584417e-02	7.165990e-02	-7.594744e-02	6.866838e-02	2.434451e-02	-3.959064e-02	-2.023639e-02	1.194006e-02	-1.617563e-02	1.966649e-01	-1.894084e-01	
-4.819419e-01	1.000000e+00	2.363843e-01	-2.579025e-01	4.056017e-02	-3.068756e-02	1.400319e-02	7.880497e-02	-9.242902e-02	3.212806e-02	-2.438784e-02	1.876711e-02	-1.639840e-01	1.328223e-01	-2.203443e-01	-1.401756e-02	1.109532e-02	-1.425364e-02	1.554299e-01	-1.727818e-01	-3.023144e-02	3.116108e-02	-2.372076e-02	-7.155670e-02	4.611564e-02	
-2.156018e-01	2.363843e-01	1.000000e+00	-7.176373e-01	-1.302111e-01	1.399621e-01	-1.387587e-01	3.541460e-02	1.745148e-02	-4.470478e-01	5.700891e-01	-7.004726e-01	-1.018159e-01	2.884570e-01	-7.232706e-01	1.189901e-02	-2.003646e-02	3.464975e-02	-3.215292e-02	7.158986e-03	-3.878109e-01	5.031688e-01	-6.410003e-01	-1.007355e-01	2.525234e-01	
1.530434e-01	-2.579025e-01	-7.176373e-01	1.000000e+00	-4.126709e-01	4.606519e-01	-5.001320e-01	1.491844e-01	8.232789e-02	2.441530e-01	-3.134147e-01	3.890549e-01	4.412174e-02	-1.260432e-01	5.334182e-01	2.179123e-04	1.364941e-03	-6.933036e-03	1.172155e-03	7.960957e-03	3.160906e-01	-3.969869e-01	4.920894e-01	5.124156e-02	-1.626458e-01	
3.027602e-02	4.056017e-02	-1.302111e-01	-4.126709e-01	1.000000e+00	-9.843487e-01	9.396038e-01	-7.083717e-01	3.252989e-01	1.599186e-01	-2.120784e-01	2.660774e-01	5.169525e-02	-7.862041e-02	1.028580e-01	4.447360e-03	-2.853784e-03	-8.546310e-04	1.894635e-02	-1.593988e-02	2.710263e-02	-5.083248e-02	8.064575e-02	4.708409e-02	-7.407954e-02	
-3.107705e-02	-3.068756e-02	1.399621e-01	4.606519e-01	-9.843487e-01	1.000000e+00	-9.847330e-01	6.625567e-01	-2.595968e-01	-1.737400e-01	2.305989e-01	-2.899074e-01	-6.141420e-02	1.034774e-01	-1.149430e-01	-4.608965e-03	2.313827e-03	1.987263e-03	-1.414116e-02	1.026716e-02	-3.060581e-02	5.567247e-02	-8.714525e-02	-4.937601e-02	7.766034e-02	
2.184728e-02	1.400319e-02	-1.387587e-01	-5.001320e-01	9.396038e-01	-9.847330e-01	1.000000e+00	-5.992625e-01	1.920881e-01	1.855201e-01	-2.440360e-01	3.051974e-01	5.947244e-02	-1.126873e-01	1.217710e-01	8.056254e-04	2.135947e-03	-6.522448e-03	7.486073e-03	-1.214250e-03	2.959456e-02	-5.435897e-02	8.563761e-02	4.815847e-02	-7.501675e-02	
5.270498e-02	7.880497e-02	3.541460e-02	1.491844e-01	-7.083717e-01	6.625567e-01	-5.992625e-01	1.000000e+00	-8.783259e-01	2.933228e-02	2.757763e-03	-4.623281e-02	-4.649874e-02	-8.353648e-02	-3.685986e-02	-1.689862e-02	1.620990e-02	-1.627376e-02	3.492157e-02	-3.058892e-02	-1.319821e-02	2.087585e-02	-3.102337e-02	2.731886e-03	2.018596e-03	
-4.612930e-02	-9.242902e-02	1.745148e-02	8.232789e-02	3.252989e-01	-2.595968e-01	1.920881e-01	-8.783259e-01	1.000000e+00	-1.309351e-01	1.210788e-01	-9.752233e-02	2.974714e-02	1.727052e-01	-8.507271e-03	1.444132e-02	-1.497379e-02	1.649484e-02	-3.636315e-02	3.031662e-02	-1.374381e-03	3.389698e-03	-5.817172e-03	-1.843894e-02	2.595944e-02	
-1.020223e-02	3.212806e-02	-4.470478e-01	2.441530e-01	1.599186e-01	-1.737400e-01	1.855201e-01	2.933228e-02	-1.309351e-01	1.000000e+00	-9.816000e-01	9.130757e-01	-7.375887e-01	5.151173e-01	3.538170e-01	7.641589e-03	-1.140473e-03	-1.126501e-02	-1.616582e-02	2.512929e-02	1.853756e-01	-2.449688e-01	3.187026e-01	4.734106e-02	-1.256707e-01	
-7.414711e-04	-2.438784e-02	5.700891e-01	-3.134147e-01	-2.120784e-01	2.305989e-01	-2.440360e-01	2.757763e-03	1.210788e-01	-9.816000e-01	1.000000e+00	-9.734074e-01	6.709400e-01	-4.372324e-01	-4.447500e-01	-3.136853e-03	-3.615472e-03	1.663402e-02	4.247469e-03	-1.638330e-02	-2.341453e-01	3.096936e-01	-4.028376e-01	-6.155767e-02	1.613766e-01	
-1.287379e-03	1.876711e-02	-7.004726e-01	3.890549e-01	2.660774e-01	-2.899074e-01	3.051974e-01	-4.623281e-02	-9.752233e-02	9.130757e-01	-9.734074e-01	1.000000e+00	-5.448019e-01	3.085149e-01	5.417829e-01	-4.515619e-03	1.126406e-02	-2.438449e-02	1.113672e-02	4.692384e-03	2.893433e-01	-3.817538e-01	4.954959e-01	7.250993e-02	-1.961422e-01	
1.718166e-01	-1.639840e-01	-1.018159e-01	4.412174e-02	5.169525e-02	-6.141420e-02	5.947244e-02	-4.649874e-02	2.974714e-02	-7.375887e-01	6.709400e-01	-5.448019e-01	1.000000e+00	-9.381757e-01	5.667664e-02	-5.799914e-03	3.219574e-03	4.451486e-04	3.271336e-02	-3.194756e-02	3.652878e-02	-4.267275e-02	4.690430e-02	1.640646e-02	-2.567870e-02	
-1.580857e-01	1.328223e-01	2.884570e-01	-1.260432e-01	-7.862041e-02	1.034774e-01	-1.126873e-01	-8.353648e-02	1.727052e-01	5.151173e-01	-4.372324e-01	3.085149e-01	-9.381757e-01	1.000000e+00	-1.961998e-01	4.766230e-03	-4.742312e-03	5.463375e-03	-3.585257e-02	3.158284e-02	-1.172063e-01	1.477665e-01	-1.823665e-01	-3.003292e-02	7.386554e-02	
9.584417e-02	-2.203443e-01	-7.232706e-01	5.334182e-01	1.028580e-01	-1.149430e-01	1.217710e-01	-3.685986e-02	-8.507271e-03	3.538170e-01	-4.447500e-01	5.417829e-01	5.667664e-02	-1.961998e-01	1.000000e+00	-4.983355e-01	5.638663e-01	-6.178114e-01	1.347764e-01	1.260075e-01	2.157670e-01	-2.784210e-01	3.592023e-01	3.886008e-02	-1.135251e-01	
7.165990e-02	-1.401756e-02	1.189901e-02	2.179123e-04	4.447360e-03	-4.608965e-03	8.056254e-04	-1.689862e-02	1.444132e-02	7.641589e-03	-3.136853e-03	-4.515619e-03	-5.799914e-03	4.766230e-03	-4.983355e-01	1.000000e+00	-9.837533e-01	9.354159e-01	-6.814217e-01	3.349279e-01	1.284056e-01	-1.574860e-01	1.834819e-01	4.620995e-03	-2.295707e-02	
-7.594744e-02	1.109532e-02	-2.003646e-02	1.364941e-03	-2.853784e-03	2.313827e-03	2.135947e-03	1.620990e-02	-1.497379e-02	-1.140473e-03	-3.615472e-03	1.126406e-02	3.219574e-03	-4.742312e-03	5.638663e-01	-9.837533e-01	1.000000e+00	-9.831656e-01	6.258018e-01	-2.600018e-01	-1.341822e-01	1.674897e-01	-1.978403e-01	-1.427301e-02	4.067760e-02	
6.866838e-02	-1.425364e-02	3.464975e-02	-6.933036e-03	-8.546310e-04	1.987263e-03	-6.522448e-03	-1.627376e-02	1.649484e-02	-1.126501e-02	1.663402e-02	-2.438449e-02	4.451486e-04	5.463375e-03	-6.178114e-01	9.354159e-01	-9.831656e-01	1.000000e+00	-5.497814e-01	1.786230e-01	1.349239e-01	-1.705120e-01	2.034387e-01	1.878732e-02	-5.042711e-02	
2.434451e-02	1.554299e-01	-3.215292e-02	1.172155e-03	1.894635e-02	-1.414116e-02	7.486073e-03	3.492157e-02	-3.636315e-02	-1.616582e-02	4.247469e-03	1.113672e-02	3.271336e-02	-3.585257e-02	1.347764e-01	-6.814217e-01	6.258018e-01	-5.497814e-01	1.000000e+00	-9.030965e-01	-5.284012e-02	6.042740e-02	-6.514885e-02	9.693785e-02	-1.649921e-01	
-3.959064e-02	-1.727818e-01	7.158986e-03	7.960957e-03	-1.593988e-02	1.026716e-02	-1.214250e-03	-3.058892e-02	3.031662e-02	2.512929e-02	-1.638330e-02	4.692384e-03	-3.194756e-02	3.158284e-02	1.260075e-01	3.349279e-01	-2.600018e-01	1.786230e-01	-9.030965e-01	1.000000e+00	4.125746e-03	3.115254e-04	-6.173522e-03	-1.249293e-01	2.269261e-01	
-2.023639e-02	-3.023144e-02	-3.878109e-01	3.160906e-01	2.710263e-02	-3.060581e-02	2.959456e-02	-1.319821e-02	-1.374381e-03	1.853756e-01	-2.341453e-01	2.893433e-01	3.652878e-02	-1.172063e-01	2.157670e-01	1.284056e-01	-1.341822e-01	1.349239e-01	-5.284012e-02	4.125746e-03	1.000000e+00	-9.833567e-01	9.156755e-01	-7.642829e-01	5.983960e-01	
1.194006e-02	3.116108e-02	5.031688e-01	-3.969869e-01	-5.083248e-02	5.567247e-02	-5.435897e-02	2.087585e-02	3.389698e-03	-2.449688e-01	3.096936e-01	-3.817538e-01	-4.267275e-02	1.477665e-01	-2.784210e-01	-1.574860e-01	1.674897e-01	-1.705120e-01	6.042740e-02	3.115254e-04	-9.833567e-01	1.000000e+00	-9.725930e-01	7.128990e-01	-5.349439e-01	
-1.617563e-02	-2.372076e-02	-6.410003e-01	4.920894e-01	8.064575e-02	-8.714525e-02	8.563761e-02	-3.102337e-02	-5.817172e-03	3.187026e-01	-4.028376e-01	4.954959e-01	4.690430e-02	-1.823665e-01	3.592023e-01	1.834819e-01	-1.978403e-01	2.034387e-01	-6.514885e-02	-6.173522e-03	9.156755e-01	-9.725930e-01	1.000000e+00	-5.970899e-01	4.110803e-01	
1.966649e-01	-7.155670e-02	-1.007355e-01	5.124156e-02	4.708409e-02	-4.937601e-02	4.815847e-02	2.731886e-03	-1.843894e-02	4.734106e-02	-6.155767e-02	7.250993e-02	1.640646e-02	-3.003292e-02	3.886008e-02	4.620995e-03	-1.427301e-02	1.878732e-02	9.693785e-02	-1.249293e-01	-7.642829e-01	7.128990e-01	-5.970899e-01	1.000000e+00	-9.629545e-01	
-1.894084e-01	4.611564e-02	2.525234e-01	-1.626458e-01	-7.407954e-02	7.766034e-02	-7.501675e-02	2.018596e-03	2.595944e-02	-1.256707e-01	1.613766e-01	-1.961422e-01	-2.567870e-02	7.386554e-02	-1.135251e-01	-2.295707e-02	4.067760e-02	-5.042711e-02	-1.649921e-01	2.269261e-01	5.983960e-01	-5.349439e-01	4.110803e-01	-9.629545e-01	1.000000e+00	

Time taken for mcmc chain: 16.683333 minutes
