Number of steps: 5141088
Number of accepted steps: 500000
Burn-in number of steps: 320000
Accepted fraction of steps: 0.097256
Convergence Status
R[0]= -nan	R[1]= -nan	R[2]= -nan	R[3]= -nan	R[4]= -nan	R[5]= -nan	R[6]= -nan	R[7]= -nan	R[8]= -nan	R[9]= -nan	R[10]= -nan	R[11]= -nan	R[12]= -nan	R[13]= -nan	R[14]= -nan	R[15]= -nan	R[16]= -nan	R[17]= -nan	R[18]= -nan	R[19]= -nan	R[20]= -nan	R[21]= -nan	R[22]= -nan	R[23]= -nan	R[24]= -nan	
<R>= -nan

Mean parameters
A[0]= 8.406514e-01 pm 1.072421e-01
A[1]= 1.064410e+00 pm 2.109855e-01
A[2]= 9.688009e-01 pm 6.744116e-01
A[3]= 2.349622e+00 pm 1.340436e+00
A[4]= -1.093501e+03 pm 4.086993e+03
A[5]= -2.285434e+02 pm 2.710599e+03
A[6]= 4.999191e+02 pm 6.466367e+02
A[7]= 1.419499e+01 pm 1.419586e+01
A[8]= -3.060361e-01 pm 1.844506e-01
A[9]= -8.765311e+03 pm 8.564066e+03
A[10]= 3.838639e+03 pm 5.036814e+03
A[11]= -7.155647e+02 pm 1.027361e+03
A[12]= 3.761522e+01 pm 5.198291e+01
A[13]= -9.358649e-01 pm 9.953871e-01
A[14]= 1.614867e+00 pm 1.797639e+00
A[15]= -1.869942e+03 pm 3.723568e+03
A[16]= 8.414008e+02 pm 2.470166e+03
A[17]= 1.890174e+01 pm 5.509413e+02
A[18]= 8.903274e+00 pm 1.014310e+01
A[19]= -1.470907e-01 pm 1.543114e-01
A[20]= -5.448331e+03 pm 5.284241e+03
A[21]= 2.665200e+03 pm 3.171819e+03
A[22]= -5.444559e+02 pm 6.770065e+02
A[23]= 1.755636e+01 pm 3.072591e+01
A[24]= -2.394935e-01 pm 6.195936e-01

Best-fitting parameters
A[0]= 8.891344e-01
A[1]= 9.717553e-01
A[2]= 4.498434e-01
A[3]= 4.183311e+00
A[4]= -3.594290e+03
A[5]= 1.823946e+03
A[6]= -5.485473e+01
A[7]= 8.358274e+00
A[8]= -1.233746e-01
A[9]= -1.116720e+04
A[10]= 5.259160e+03
A[11]= -1.040189e+03
A[12]= 5.491190e+01
A[13]= -8.808428e-01
A[14]= 2.253438e+00
A[15]= -3.443919e+03
A[16]= 1.980775e+03
A[17]= -2.708818e+02
A[18]= 8.095859e+00
A[19]= -6.868737e-02
A[20]= -1.164923e+04
A[21]= 6.109249e+03
A[22]= -1.125526e+03
A[23]= 5.672600e+01
A[24]= -8.378722e-01
chi2_min= 7.445695e+01


Cross-Covariance parameters
1.000000e+00	-8.565504e-01	-3.994192e-01	3.304521e-01	2.487556e-01	-2.948568e-01	3.587979e-01	-4.159597e-01	2.485438e-01	3.548788e-02	3.496280e-02	-1.876649e-01	1.594108e-01	2.765918e-02	7.744831e-01	-6.033921e-01	6.167837e-01	-6.072069e-01	-3.939437e-01	5.191391e-01	-1.328105e-01	2.463778e-01	-4.350118e-01	3.900025e-03	2.548699e-01	
-8.565504e-01	1.000000e+00	5.579017e-01	-4.730735e-01	-2.055327e-01	2.625395e-01	-3.448514e-01	4.453863e-01	-2.576836e-01	-7.414565e-02	2.282412e-02	1.055015e-01	-1.522313e-01	-1.455524e-02	-8.400052e-01	6.114248e-01	-6.183826e-01	5.941095e-01	5.001764e-01	-5.865505e-01	1.247368e-01	-2.252844e-01	3.943419e-01	-2.665640e-03	-2.510263e-01	
-3.994192e-01	5.579017e-01	1.000000e+00	-8.151330e-01	5.727917e-02	-4.629081e-02	2.605461e-02	4.991587e-02	1.328839e-03	-2.648162e-01	3.362611e-01	-3.909675e-01	-1.311636e-01	1.832168e-01	-5.867583e-01	2.335571e-01	-2.299318e-01	2.076624e-01	2.748580e-01	-2.642803e-01	-1.684688e-01	1.702334e-01	-1.288999e-01	-1.028111e-01	2.610830e-02	
3.304521e-01	-4.730735e-01	-8.151330e-01	1.000000e+00	-4.301951e-01	4.435330e-01	-4.289233e-01	-2.083322e-02	1.705642e-01	1.610814e-01	-2.084546e-01	2.506476e-01	3.517276e-02	-3.689479e-02	4.791241e-01	-1.689517e-01	1.663477e-01	-1.460204e-01	-2.682801e-01	2.442191e-01	1.026374e-01	-9.988305e-02	6.002490e-02	1.078002e-01	-2.587585e-02	
2.487556e-01	-2.055327e-01	5.727917e-02	-4.301951e-01	1.000000e+00	-9.849703e-01	9.387109e-01	-6.133000e-01	2.135170e-01	5.085225e-02	-3.836752e-02	-7.992922e-03	1.930630e-01	-1.359725e-01	2.233289e-01	-2.889890e-01	2.928789e-01	-2.939407e-01	-3.840730e-02	1.357565e-01	-5.163662e-02	9.211052e-02	-1.481472e-01	-8.443787e-02	1.445960e-01	
-2.948568e-01	2.625395e-01	-4.629081e-02	4.435330e-01	-9.849703e-01	1.000000e+00	-9.833703e-01	5.861370e-01	-1.649896e-01	-6.010519e-02	4.548678e-02	8.536173e-03	-2.090382e-01	1.473397e-01	-2.700993e-01	3.271612e-01	-3.321752e-01	3.324515e-01	7.012682e-02	-1.731323e-01	5.737241e-02	-1.053936e-01	1.725784e-01	8.872032e-02	-1.628245e-01	
3.587979e-01	-3.448514e-01	2.605461e-02	-4.289233e-01	9.387109e-01	-9.833703e-01	1.000000e+00	-5.613632e-01	1.335892e-01	7.006270e-02	-4.985093e-02	-1.749837e-02	2.116335e-01	-1.374610e-01	3.361644e-01	-3.780919e-01	3.845569e-01	-3.834444e-01	-1.191931e-01	2.280879e-01	-7.082786e-02	1.289193e-01	-2.111044e-01	-9.025696e-02	1.859817e-01	
-4.159597e-01	4.453863e-01	4.991587e-02	-2.083322e-02	-6.133000e-01	5.861370e-01	-5.613632e-01	1.000000e+00	-8.694860e-01	1.140787e-01	-1.522360e-01	2.231603e-01	-1.355627e-01	-9.714976e-02	-3.767562e-01	3.590212e-01	-3.660887e-01	3.604534e-01	2.126686e-01	-2.951330e-01	1.085923e-01	-1.716753e-01	2.649684e-01	4.495157e-02	-1.724123e-01	
2.485438e-01	-2.576836e-01	1.328839e-03	1.705642e-01	2.135170e-01	-1.649896e-01	1.335892e-01	-8.694860e-01	1.000000e+00	-1.889187e-01	2.223456e-01	-2.643804e-01	4.298741e-02	2.043854e-01	1.812983e-01	-1.637868e-01	1.695427e-01	-1.677735e-01	-1.442191e-01	1.767817e-01	-8.311496e-02	1.213140e-01	-1.762899e-01	-3.675663e-03	8.369917e-02	
3.548788e-02	-7.414565e-02	-2.648162e-01	1.610814e-01	5.085225e-02	-6.010519e-02	7.006270e-02	1.140787e-01	-1.889187e-01	1.000000e+00	-9.824800e-01	8.990444e-01	-7.703172e-01	6.138464e-01	1.896846e-01	-1.108842e-01	1.095712e-01	-1.057129e-01	-6.788770e-02	8.858575e-02	6.023565e-02	-7.361173e-02	8.276114e-02	1.520733e-02	-5.938503e-03	
3.496280e-02	2.282412e-02	3.362611e-01	-2.084546e-01	-3.836752e-02	4.548678e-02	-4.985093e-02	-1.522360e-01	2.223456e-01	-9.824800e-01	1.000000e+00	-9.631414e-01	7.461450e-01	-5.646456e-01	-1.637745e-01	6.920949e-02	-6.686719e-02	6.332387e-02	3.832819e-02	-4.762263e-02	-1.005824e-01	1.276053e-01	-1.542551e-01	-2.707052e-02	4.277899e-02	
-1.876649e-01	1.055015e-01	-3.909675e-01	2.506476e-01	-7.992922e-03	8.536173e-03	-1.749837e-02	2.231603e-01	-2.643804e-01	8.990444e-01	-9.631414e-01	1.000000e+00	-6.727992e-01	4.576453e-01	7.148353e-02	3.456688e-02	-3.942603e-02	4.235969e-02	2.732155e-02	-4.469492e-02	1.634985e-01	-2.148612e-01	2.747854e-01	4.208374e-02	-1.067073e-01	
1.594108e-01	-1.522313e-01	-1.311636e-01	3.517276e-02	1.930630e-01	-2.090382e-01	2.116335e-01	-1.355627e-01	4.298741e-02	-7.703172e-01	7.461450e-01	-6.727992e-01	1.000000e+00	-9.353973e-01	8.660371e-02	-3.635954e-02	3.467269e-02	-2.898026e-02	-2.825281e-02	2.543588e-02	3.162258e-02	-1.430774e-02	-1.906178e-02	6.780767e-03	1.481320e-02	
2.765918e-02	-1.455524e-02	1.832168e-01	-3.689479e-02	-1.359725e-01	1.473397e-01	-1.374610e-01	-9.714976e-02	2.043854e-01	6.138464e-01	-5.646456e-01	4.576453e-01	-9.353973e-01	1.000000e+00	2.185684e-02	-7.336108e-02	7.954643e-02	-8.518655e-02	-5.689005e-02	8.459443e-02	-1.005143e-01	1.121693e-01	-1.196511e-01	-1.862578e-02	5.419190e-02	
7.744831e-01	-8.400052e-01	-5.867583e-01	4.791241e-01	2.233289e-01	-2.700993e-01	3.361644e-01	-3.767562e-01	1.812983e-01	1.896846e-01	-1.637745e-01	7.148353e-02	8.660371e-02	2.185684e-02	1.000000e+00	-8.042817e-01	8.205821e-01	-8.091237e-01	-4.719862e-01	6.428114e-01	-8.555650e-02	1.843524e-01	-3.518487e-01	-5.485713e-02	3.031017e-01	
-6.033921e-01	6.114248e-01	2.335571e-01	-1.689517e-01	-2.889890e-01	3.271612e-01	-3.780919e-01	3.590212e-01	-1.637868e-01	-1.108842e-01	6.920949e-02	3.456688e-02	-3.635954e-02	-7.336108e-02	-8.042817e-01	1.000000e+00	-9.936386e-01	9.743820e-01	5.043980e-02	-3.649592e-01	2.391733e-01	-3.448390e-01	4.925140e-01	1.178200e-01	-3.250237e-01	
6.167837e-01	-6.183826e-01	-2.299318e-01	1.663477e-01	2.928789e-01	-3.321752e-01	3.845569e-01	-3.660887e-01	1.695427e-01	1.095712e-01	-6.686719e-02	-3.942603e-02	3.467269e-02	7.954643e-02	8.205821e-01	-9.936386e-01	1.000000e+00	-9.930192e-01	-9.417011e-02	4.095231e-01	-2.479676e-01	3.581553e-01	-5.104607e-01	-1.281629e-01	3.419236e-01	
-6.072069e-01	5.941095e-01	2.076624e-01	-1.460204e-01	-2.939407e-01	3.324515e-01	-3.834444e-01	3.604534e-01	-1.677735e-01	-1.057129e-01	6.332387e-02	4.235969e-02	-2.898026e-02	-8.518655e-02	-8.091237e-01	9.743820e-01	-9.930192e-01	1.000000e+00	1.132059e-01	-4.302670e-01	2.572088e-01	-3.691122e-01	5.206194e-01	1.376222e-01	-3.490043e-01	
-3.939437e-01	5.001764e-01	2.748580e-01	-2.682801e-01	-3.840730e-02	7.012682e-02	-1.191931e-01	2.126686e-01	-1.442191e-01	-6.788770e-02	3.832819e-02	2.732155e-02	-2.825281e-02	-5.689005e-02	-4.719862e-01	5.043980e-02	-9.417011e-02	1.132059e-01	1.000000e+00	-9.252932e-01	5.131444e-02	-1.015739e-01	1.880358e-01	4.587292e-02	-2.443869e-01	
5.191391e-01	-5.865505e-01	-2.642803e-01	2.442191e-01	1.357565e-01	-1.731323e-01	2.280879e-01	-2.951330e-01	1.767817e-01	8.858575e-02	-4.762263e-02	-4.469492e-02	2.543588e-02	8.459443e-02	6.428114e-01	-3.649592e-01	4.095231e-01	-4.302670e-01	-9.252932e-01	1.000000e+00	-1.464478e-01	2.245550e-01	-3.418199e-01	-1.052647e-01	3.538277e-01	
-1.328105e-01	1.247368e-01	-1.684688e-01	1.026374e-01	-5.163662e-02	5.737241e-02	-7.082786e-02	1.085923e-01	-8.311496e-02	6.023565e-02	-1.005824e-01	1.634985e-01	3.162258e-02	-1.005143e-01	-8.555650e-02	2.391733e-01	-2.479676e-01	2.572088e-01	5.131444e-02	-1.464478e-01	1.000000e+00	-9.814760e-01	8.928168e-01	-7.203758e-01	5.263525e-01	
2.463778e-01	-2.252844e-01	1.702334e-01	-9.988305e-02	9.211052e-02	-1.053936e-01	1.289193e-01	-1.716753e-01	1.213140e-01	-7.361173e-02	1.276053e-01	-2.148612e-01	-1.430774e-02	1.121693e-01	1.843524e-01	-3.448390e-01	3.581553e-01	-3.691122e-01	-1.015739e-01	2.245550e-01	-9.814760e-01	1.000000e+00	-9.610921e-01	6.696526e-01	-4.467559e-01	
-4.350118e-01	3.943419e-01	-1.288999e-01	6.002490e-02	-1.481472e-01	1.725784e-01	-2.111044e-01	2.649684e-01	-1.762899e-01	8.276114e-02	-1.542551e-01	2.747854e-01	-1.906178e-02	-1.196511e-01	-3.518487e-01	4.925140e-01	-5.104607e-01	5.206194e-01	1.880358e-01	-3.418199e-01	8.928168e-01	-9.610921e-01	1.000000e+00	-5.506159e-01	2.905715e-01	
3.900025e-03	-2.665640e-03	-1.028111e-01	1.078002e-01	-8.443787e-02	8.872032e-02	-9.025696e-02	4.495157e-02	-3.675663e-03	1.520733e-02	-2.707052e-02	4.208374e-02	6.780767e-03	-1.862578e-02	-5.485713e-02	1.178200e-01	-1.281629e-01	1.376222e-01	4.587292e-02	-1.052647e-01	-7.203758e-01	6.696526e-01	-5.506159e-01	1.000000e+00	-9.325406e-01	
2.548699e-01	-2.510263e-01	2.610830e-02	-2.587585e-02	1.445960e-01	-1.628245e-01	1.859817e-01	-1.724123e-01	8.369917e-02	-5.938503e-03	4.277899e-02	-1.067073e-01	1.481320e-02	5.419190e-02	3.031017e-01	-3.250237e-01	3.419236e-01	-3.490043e-01	-2.443869e-01	3.538277e-01	5.263525e-01	-4.467559e-01	2.905715e-01	-9.325406e-01	1.000000e+00	

Time taken for mcmc chain: 1.448611 hours
