Number of steps: 4352751
Number of accepted steps: 500000
Burn-in number of steps: 320000
Accepted fraction of steps: 0.114870
Convergence Status
R[0]= -nan	R[1]= -nan	R[2]= -nan	R[3]= -nan	R[4]= -nan	R[5]= -nan	R[6]= -nan	R[7]= -nan	R[8]= -nan	R[9]= -nan	R[10]= -nan	R[11]= -nan	R[12]= -nan	R[13]= -nan	R[14]= -nan	R[15]= -nan	R[16]= -nan	R[17]= -nan	R[18]= -nan	R[19]= -nan	R[20]= -nan	R[21]= -nan	R[22]= -nan	R[23]= -nan	R[24]= -nan	
<R>= -nan

Mean parameters
A[0]= 1.026803e+00 pm 8.181976e-02
A[1]= 9.614040e-01 pm 1.867243e-01
A[2]= 7.592332e-01 pm 4.207545e-01
A[3]= 3.517847e+00 pm 1.302466e+00
A[4]= 1.567484e+02 pm 4.678593e+03
A[5]= -3.426776e+02 pm 3.233140e+03
A[6]= 4.915612e+02 pm 8.117542e+02
A[7]= -7.663845e+00 pm 1.678793e+01
A[8]= 2.885080e-02 pm 1.848769e-01
A[9]= 5.502269e+03 pm 8.107500e+03
A[10]= -2.937244e+03 pm 4.999765e+03
A[11]= 2.336320e+02 pm 1.117035e+03
A[12]= -5.232929e+01 pm 4.590001e+01
A[13]= 1.206756e+00 pm 9.037342e-01
A[14]= 2.470234e+00 pm 1.574807e+00
A[15]= -2.942119e+03 pm 3.747825e+03
A[16]= 1.828710e+03 pm 2.502619e+03
A[17]= -2.253199e+02 pm 5.604320e+02
A[18]= -1.941494e-01 pm 1.077354e+01
A[19]= -2.177357e-03 pm 1.655648e-01
A[20]= 1.795908e+03 pm 6.319795e+03
A[21]= -2.898534e+02 pm 4.364061e+03
A[22]= -3.083708e+02 pm 1.129570e+03
A[23]= -3.097075e+01 pm 3.002981e+01
A[24]= 7.600837e-01 pm 6.681287e-01

Best-fitting parameters
A[0]= 1.002902e+00
A[1]= 1.051462e+00
A[2]= 7.421477e-01
A[3]= 3.890431e+00
A[4]= -3.882505e+03
A[5]= 2.533293e+03
A[6]= -2.544613e+02
A[7]= 4.115243e+00
A[8]= -2.049245e-02
A[9]= 4.532487e+03
A[10]= -2.266575e+03
A[11]= 3.661612e+01
A[12]= -6.341454e+01
A[13]= 1.280251e+00
A[14]= 1.823745e+00
A[15]= -2.514964e+03
A[16]= 1.542841e+03
A[17]= -1.926025e+02
A[18]= 4.922652e+00
A[19]= -6.517938e-02
A[20]= 5.051410e+03
A[21]= -2.595984e+03
A[22]= 2.839926e+02
A[23]= -4.794900e+01
A[24]= 8.830964e-01
chi2_min= 7.719245e+01


Cross-Covariance parameters
1.000000e+00	-9.153016e-01	8.154293e-03	4.865148e-02	3.801486e-01	-4.318760e-01	4.942845e-01	-5.140333e-01	2.443310e-01	-1.083869e-02	9.045914e-02	-2.151954e-01	8.422361e-02	9.949874e-02	8.054631e-01	-7.170579e-01	7.322185e-01	-7.209944e-01	-5.013406e-01	6.371105e-01	-4.896053e-01	6.047200e-01	-7.129351e-01	3.775534e-02	3.869139e-01	
-9.153016e-01	1.000000e+00	-4.037872e-02	-1.654766e-02	-4.504544e-01	5.121645e-01	-5.874284e-01	6.207384e-01	-3.033775e-01	3.562465e-02	-1.139768e-01	2.337837e-01	-8.801642e-02	-1.046866e-01	-8.586410e-01	7.773431e-01	-7.857250e-01	7.614565e-01	5.791428e-01	-7.085830e-01	5.269731e-01	-6.489558e-01	7.602128e-01	1.082063e-02	-4.577057e-01	
8.154293e-03	-4.037872e-02	1.000000e+00	-7.011582e-01	1.224425e-01	-1.412956e-01	1.574566e-01	-9.674542e-02	2.564253e-02	-3.660083e-01	4.624058e-01	-5.524010e-01	-4.906119e-02	1.874421e-01	-2.314501e-01	-7.491349e-02	9.105807e-02	-1.088540e-01	-3.311346e-02	7.520676e-02	-3.351450e-01	3.951676e-01	-4.285050e-01	-1.725626e-01	3.119128e-01	
4.865148e-02	-1.654766e-02	-7.011582e-01	1.000000e+00	-5.737279e-01	5.963430e-01	-5.894672e-01	1.660280e-01	1.271643e-01	1.162801e-01	-1.310497e-01	1.320647e-01	-5.104069e-03	1.117651e-02	1.782893e-01	1.712605e-02	-2.447162e-02	3.096126e-02	2.071655e-02	-2.304483e-02	2.176111e-01	-2.552405e-01	2.779001e-01	1.291932e-01	-2.169227e-01	
3.801486e-01	-4.504544e-01	1.224425e-01	-5.737279e-01	1.000000e+00	-9.879611e-01	9.518573e-01	-7.277905e-01	3.113998e-01	8.948605e-02	-1.098164e-01	1.245045e-01	9.960987e-02	-5.702645e-02	3.983520e-01	-3.754138e-01	3.769945e-01	-3.605334e-01	-2.871119e-01	3.294116e-01	-3.027474e-01	3.637398e-01	-4.188553e-01	-3.470695e-02	2.685103e-01	
-4.318760e-01	5.121645e-01	-1.412956e-01	5.963430e-01	-9.879611e-01	1.000000e+00	-9.872154e-01	7.225637e-01	-2.732448e-01	-9.335198e-02	1.079683e-01	-1.137642e-01	-9.743074e-02	5.199399e-02	-4.528539e-01	4.200293e-01	-4.208633e-01	4.005905e-01	3.304594e-01	-3.756410e-01	3.291353e-01	-3.988003e-01	4.625321e-01	4.157557e-02	-3.025217e-01	
4.942845e-01	-5.874284e-01	1.574566e-01	-5.894672e-01	9.518573e-01	-9.872154e-01	1.000000e+00	-7.167927e-01	2.477630e-01	9.267624e-02	-9.682517e-02	8.767786e-02	8.870650e-02	-3.153904e-02	5.176356e-01	-4.737637e-01	4.740363e-01	-4.498339e-01	-3.811375e-01	4.317943e-01	-3.597552e-01	4.393024e-01	-5.126478e-01	-4.749607e-02	3.399941e-01	
-5.140333e-01	6.207384e-01	-9.674542e-02	1.660280e-01	-7.277905e-01	7.225637e-01	-7.167927e-01	1.000000e+00	-8.255336e-01	6.752269e-02	-1.013057e-01	1.499218e-01	-7.181483e-02	-1.587365e-01	-5.552225e-01	5.190277e-01	-5.204656e-01	4.991934e-01	3.818552e-01	-4.587342e-01	3.664290e-01	-4.428302e-01	5.101801e-01	2.018088e-02	-3.160528e-01	
2.443310e-01	-3.033775e-01	2.564253e-02	1.271643e-01	3.113998e-01	-2.732448e-01	2.477630e-01	-8.255336e-01	1.000000e+00	-1.400243e-01	1.756368e-01	-2.149829e-01	2.455564e-02	2.461916e-01	2.697612e-01	-2.696713e-01	2.729292e-01	-2.671009e-01	-1.721071e-01	2.285370e-01	-1.875365e-01	2.208303e-01	-2.468274e-01	5.270938e-03	1.391103e-01	
-1.083869e-02	3.562465e-02	-3.660083e-01	1.162801e-01	8.948605e-02	-9.335198e-02	9.267624e-02	6.752269e-02	-1.400243e-01	1.000000e+00	-9.779935e-01	8.891674e-01	-7.737689e-01	5.595450e-01	8.286332e-02	2.609438e-02	-3.512092e-02	4.536059e-02	5.722191e-02	-6.810436e-02	1.703308e-01	-1.886474e-01	1.939047e-01	2.232275e-02	-8.971368e-02	
9.045914e-02	-1.139768e-01	4.624058e-01	-1.310497e-01	-1.098164e-01	1.079683e-01	-9.682517e-02	-1.013057e-01	1.756368e-01	-9.779935e-01	1.000000e+00	-9.640550e-01	7.212482e-01	-4.769266e-01	-4.020162e-02	-9.576376e-02	1.073458e-01	-1.183786e-01	-9.902444e-02	1.292826e-01	-2.387124e-01	2.723385e-01	-2.892403e-01	-3.365888e-02	1.468106e-01	
-2.151954e-01	2.337837e-01	-5.524010e-01	1.320647e-01	1.245045e-01	-1.137642e-01	8.767786e-02	1.499218e-01	-2.149829e-01	8.891674e-01	-9.640550e-01	1.000000e+00	-5.979809e-01	3.252213e-01	-3.945716e-02	1.977832e-01	-2.122188e-01	2.231820e-01	1.591220e-01	-2.157871e-01	3.230934e-01	-3.770888e-01	4.106607e-01	4.338729e-02	-2.190239e-01	
8.422361e-02	-8.801642e-02	-4.906119e-02	-5.104069e-03	9.960987e-02	-9.743074e-02	8.870650e-02	-7.181483e-02	2.455564e-02	-7.737689e-01	7.212482e-01	-5.979809e-01	1.000000e+00	-9.187655e-01	9.125430e-02	-5.378420e-02	5.866984e-02	-6.074377e-02	-9.433209e-02	9.349993e-02	-8.183291e-02	8.673162e-02	-8.920091e-02	4.526996e-02	7.183204e-03	
9.949874e-02	-1.046866e-01	1.874421e-01	1.117651e-02	-5.702645e-02	5.199399e-02	-3.153904e-02	-1.587365e-01	2.461916e-01	5.595450e-01	-4.769266e-01	3.252213e-01	-9.187655e-01	1.000000e+00	3.906098e-02	-1.067121e-01	1.063832e-01	-1.038560e-01	-1.723500e-02	5.379142e-02	-6.770622e-02	9.184541e-02	-1.117798e-01	-4.979182e-02	1.013796e-01	
8.054631e-01	-8.586410e-01	-2.314501e-01	1.782893e-01	3.983520e-01	-4.528539e-01	5.176356e-01	-5.552225e-01	2.697612e-01	8.286332e-02	-4.020162e-02	-3.945716e-02	9.125430e-02	3.906098e-02	1.000000e+00	-8.387072e-01	8.530935e-01	-8.400018e-01	-5.101915e-01	6.845501e-01	-3.881358e-01	4.895518e-01	-5.890170e-01	1.716048e-02	3.669102e-01	
-7.170579e-01	7.773431e-01	-7.491349e-02	1.712605e-02	-3.754138e-01	4.200293e-01	-4.737637e-01	5.190277e-01	-2.696713e-01	2.609438e-02	-9.576376e-02	1.977832e-01	-5.378420e-02	-1.067121e-01	-8.387072e-01	1.000000e+00	-9.930393e-01	9.708217e-01	1.587701e-01	-4.463976e-01	5.152457e-01	-6.221670e-01	7.129301e-01	8.775755e-03	-3.944555e-01	
7.322185e-01	-7.857250e-01	9.105807e-02	-2.447162e-02	3.769945e-01	-4.208633e-01	4.740363e-01	-5.204656e-01	2.729292e-01	-3.512092e-02	1.073458e-01	-2.122188e-01	5.866984e-02	1.063832e-01	8.530935e-01	-9.930393e-01	1.000000e+00	-9.917434e-01	-1.974493e-01	4.885048e-01	-5.321084e-01	6.432705e-01	-7.368669e-01	-1.653352e-02	4.140875e-01	
-7.209944e-01	7.614565e-01	-1.088540e-01	3.096126e-02	-3.605334e-01	4.005905e-01	-4.498339e-01	4.991934e-01	-2.671009e-01	4.536059e-02	-1.183786e-01	2.231820e-01	-6.074377e-02	-1.038560e-01	-8.400018e-01	9.708217e-01	-9.917434e-01	1.000000e+00	2.051859e-01	-5.018301e-01	5.377351e-01	-6.494273e-01	7.419670e-01	2.183067e-02	-4.176031e-01	
-5.013406e-01	5.791428e-01	-3.311346e-02	2.071655e-02	-2.871119e-01	3.304594e-01	-3.811375e-01	3.818552e-01	-1.721071e-01	5.722191e-02	-9.902444e-02	1.591220e-01	-9.433209e-02	-1.723500e-02	-5.101915e-01	1.587701e-01	-1.974493e-01	2.051859e-01	1.000000e+00	-9.313288e-01	2.644923e-01	-3.372317e-01	4.080581e-01	8.088255e-02	-3.825927e-01	
6.371105e-01	-7.085830e-01	7.520676e-02	-2.304483e-02	3.294116e-01	-3.756410e-01	4.317943e-01	-4.587342e-01	2.285370e-01	-6.810436e-02	1.292826e-01	-2.157871e-01	9.349993e-02	5.379142e-02	6.845501e-01	-4.463976e-01	4.885048e-01	-5.018301e-01	-9.313288e-01	1.000000e+00	-4.024639e-01	4.970027e-01	-5.819474e-01	-8.404765e-02	4.718268e-01	
-4.896053e-01	5.269731e-01	-3.351450e-01	2.176111e-01	-3.027474e-01	3.291353e-01	-3.597552e-01	3.664290e-01	-1.875365e-01	1.703308e-01	-2.387124e-01	3.230934e-01	-8.183291e-02	-6.770622e-02	-3.881358e-01	5.152457e-01	-5.321084e-01	5.377351e-01	2.644923e-01	-4.024639e-01	1.000000e+00	-9.763997e-01	9.009811e-01	-5.981206e-01	1.451846e-01	
6.047200e-01	-6.489558e-01	3.951676e-01	-2.552405e-01	3.637398e-01	-3.988003e-01	4.393024e-01	-4.428302e-01	2.208303e-01	-1.886474e-01	2.723385e-01	-3.770888e-01	8.673162e-02	9.184541e-02	4.895518e-01	-6.221670e-01	6.432705e-01	-6.494273e-01	-3.372317e-01	4.970027e-01	-9.763997e-01	1.000000e+00	-9.728326e-01	4.741793e-01	1.524688e-02	
-7.129351e-01	7.602128e-01	-4.285050e-01	2.779001e-01	-4.188553e-01	4.625321e-01	-5.126478e-01	5.101801e-01	-2.468274e-01	1.939047e-01	-2.892403e-01	4.106607e-01	-8.920091e-02	-1.117798e-01	-5.890170e-01	7.129301e-01	-7.368669e-01	7.419670e-01	4.080581e-01	-5.819474e-01	9.009811e-01	-9.728326e-01	1.000000e+00	-3.085256e-01	-1.975490e-01	
3.775534e-02	1.082063e-02	-1.725626e-01	1.291932e-01	-3.470695e-02	4.157557e-02	-4.749607e-02	2.018088e-02	5.270938e-03	2.232275e-02	-3.365888e-02	4.338729e-02	4.526996e-02	-4.979182e-02	1.716048e-02	8.775755e-03	-1.653352e-02	2.183067e-02	8.088255e-02	-8.404765e-02	-5.981206e-01	4.741793e-01	-3.085256e-01	1.000000e+00	-8.535113e-01	
3.869139e-01	-4.577057e-01	3.119128e-01	-2.169227e-01	2.685103e-01	-3.025217e-01	3.399941e-01	-3.160528e-01	1.391103e-01	-8.971368e-02	1.468106e-01	-2.190239e-01	7.183204e-03	1.013796e-01	3.669102e-01	-3.944555e-01	4.140875e-01	-4.176031e-01	-3.825927e-01	4.718268e-01	1.451846e-01	1.524688e-02	-1.975490e-01	-8.535113e-01	1.000000e+00	

Time taken for mcmc chain: 42.283333 minutes
