Number of steps: 2559973
Number of accepted steps: 500000
Burn-in number of steps: 320000
Accepted fraction of steps: 0.195315
Convergence Status
R[0]= -nan	R[1]= -nan	R[2]= -nan	R[3]= -nan	R[4]= -nan	R[5]= -nan	R[6]= -nan	R[7]= -nan	R[8]= -nan	R[9]= -nan	R[10]= -nan	R[11]= -nan	R[12]= -nan	R[13]= -nan	R[14]= -nan	R[15]= -nan	R[16]= -nan	R[17]= -nan	R[18]= -nan	R[19]= -nan	R[20]= -nan	R[21]= -nan	R[22]= -nan	R[23]= -nan	R[24]= -nan	
<R>= -nan

Mean parameters
A[0]= 8.145097e-01 pm 5.076290e-02
A[1]= 9.853243e-01 pm 5.476696e-02
A[2]= 4.401973e-01 pm 3.701733e-01
A[3]= 3.626414e+00 pm 1.459132e+00
A[4]= -2.353927e+03 pm 3.973811e+03
A[5]= 7.096873e+02 pm 2.589334e+03
A[6]= 2.574878e+02 pm 5.912926e+02
A[7]= 1.000380e+01 pm 1.336708e+01
A[8]= -1.895173e-01 pm 2.050548e-01
A[9]= -8.356539e+03 pm 8.343045e+03
A[10]= 3.423064e+03 pm 4.849886e+03
A[11]= -6.006203e+02 pm 9.583796e+02
A[12]= 5.269559e+01 pm 4.971056e+01
A[13]= -1.138654e+00 pm 9.502389e-01
A[14]= 1.631802e+00 pm 8.403597e-01
A[15]= -8.131337e+02 pm 2.512586e+03
A[16]= 2.156791e+02 pm 1.639522e+03
A[17]= 1.316718e+02 pm 3.757512e+02
A[18]= 5.518284e+00 pm 9.016231e+00
A[19]= -9.707396e-02 pm 1.316346e-01
A[20]= -4.850842e+03 pm 5.083209e+03
A[21]= 2.053796e+03 pm 2.865173e+03
A[22]= -3.410782e+02 pm 5.358752e+02
A[23]= 2.639345e+01 pm 3.013806e+01
A[24]= -4.746442e-01 pm 5.821712e-01

Best-fitting parameters
A[0]= 8.250535e-01
A[1]= 9.483761e-01
A[2]= 2.252647e-01
A[3]= 4.934316e+00
A[4]= -3.733740e+03
A[5]= 1.618105e+03
A[6]= 6.249086e+01
A[7]= -5.665462e-01
A[8]= -2.586313e-02
A[9]= -6.864225e+03
A[10]= 2.672840e+03
A[11]= -4.551635e+02
A[12]= 5.751721e+01
A[13]= -1.192093e+00
A[14]= 1.481176e+00
A[15]= 1.456019e+03
A[16]= -1.133497e+03
A[17]= 4.054011e+02
A[18]= -1.604066e-01
A[19]= -4.970270e-02
A[20]= -3.419364e+03
A[21]= 1.421119e+03
A[22]= -2.614518e+02
A[23]= 3.380608e+01
A[24]= -5.932987e-01
chi2_min= 6.540731e+01


Cross-Covariance parameters
1.000000e+00	-4.691897e-01	-4.141306e-02	8.181840e-03	9.539553e-02	-6.678682e-02	3.545470e-02	-1.099110e-01	1.153052e-01	-3.292631e-02	7.705989e-02	-1.570416e-01	2.212112e-02	6.620620e-02	-5.417016e-02	6.929562e-02	-7.036842e-02	6.534713e-02	-1.228106e-03	3.971533e-03	6.055624e-02	-2.657634e-02	-4.659193e-02	-3.913118e-02	7.166865e-02	
-4.691897e-01	1.000000e+00	1.314931e-01	-2.015800e-01	-3.187082e-03	-9.945603e-04	-9.977423e-03	2.707303e-01	-2.395628e-01	7.878675e-02	-1.055459e-01	1.535815e-01	-9.409538e-02	-6.407234e-03	-1.040036e-01	-2.343896e-02	3.625641e-02	-5.388927e-02	1.023356e-01	-7.425868e-02	-2.602707e-03	-1.209920e-02	5.179915e-02	-5.545360e-02	2.757760e-02	
-4.141306e-02	1.314931e-01	1.000000e+00	-5.098058e-01	-9.626086e-02	9.279938e-02	-7.993946e-02	8.331291e-02	-7.775327e-02	-3.017636e-01	3.947471e-01	-5.130115e-01	-1.489514e-01	2.061840e-01	-4.166281e-01	9.491977e-03	-1.080614e-02	1.535542e-02	-3.793627e-02	2.403557e-02	-2.411158e-01	3.113967e-01	-4.118926e-01	-7.500139e-02	1.422805e-01	
8.181840e-03	-2.015800e-01	-5.098058e-01	1.000000e+00	-6.090874e-01	6.741777e-01	-7.212950e-01	-1.892813e-01	4.540174e-01	6.051556e-02	-1.032184e-01	1.798965e-01	3.114586e-02	2.482705e-02	1.972566e-01	5.864288e-02	-5.288128e-02	4.651296e-02	-2.919938e-02	1.847351e-02	9.591055e-02	-1.365546e-01	1.922119e-01	5.486671e-02	-6.522241e-02	
9.539553e-02	-3.187082e-03	-9.626086e-02	-6.090874e-01	1.000000e+00	-9.862510e-01	9.476118e-01	-3.775600e-01	5.298375e-03	8.216903e-02	-1.031536e-01	1.068124e-01	1.007172e-01	-1.060249e-01	4.056915e-02	-7.487733e-02	5.860208e-02	-4.433001e-02	7.496450e-02	-5.522901e-02	4.776124e-02	-4.606468e-02	4.046110e-02	2.195407e-03	-2.629196e-02	
-6.678682e-02	-9.945603e-04	9.279938e-02	6.741777e-01	-9.862510e-01	1.000000e+00	-9.868762e-01	3.023102e-01	7.437811e-02	-8.876058e-02	1.114511e-01	-1.164598e-01	-1.065436e-01	1.271879e-01	-4.615020e-02	8.040193e-02	-6.428533e-02	4.940577e-02	-7.333989e-02	5.329329e-02	-5.484802e-02	5.297705e-02	-4.823278e-02	4.670342e-03	2.154914e-02	
3.545470e-02	-9.977423e-03	-7.993946e-02	-7.212950e-01	9.476118e-01	-9.868762e-01	1.000000e+00	-2.311204e-01	-1.377874e-01	9.267441e-02	-1.155231e-01	1.203562e-01	1.031521e-01	-1.333857e-01	5.124709e-02	-8.664428e-02	7.077055e-02	-5.516569e-02	6.648306e-02	-4.706263e-02	5.633561e-02	-5.390323e-02	4.937518e-02	-1.148430e-02	-1.493248e-02	
-1.099110e-01	2.707303e-01	8.331291e-02	-1.892813e-01	-3.775600e-01	3.023102e-01	-2.311204e-01	1.000000e+00	-9.077838e-01	1.670265e-01	-1.473944e-01	1.132476e-01	-1.003601e-01	-1.130830e-01	-3.026430e-02	3.701727e-02	-2.037659e-02	2.544095e-03	-3.388906e-02	3.252183e-02	-4.063415e-02	4.198261e-02	-3.193106e-02	1.719255e-02	-1.700265e-02	
1.153052e-01	-2.395628e-01	-7.775327e-02	4.540174e-01	5.298375e-03	7.437811e-02	-1.377874e-01	-9.077838e-01	1.000000e+00	-2.011539e-01	1.869753e-01	-1.492912e-01	7.129527e-02	1.738404e-01	3.157084e-02	-1.763810e-02	9.152347e-03	4.508714e-04	5.728950e-03	-5.664863e-03	1.815620e-02	-2.296094e-02	1.884511e-02	-1.879514e-02	2.915002e-02	
-3.292631e-02	7.878675e-02	-3.017636e-01	6.051556e-02	8.216903e-02	-8.876058e-02	9.267441e-02	1.670265e-01	-2.011539e-01	1.000000e+00	-9.869718e-01	9.300221e-01	-7.873668e-01	6.319641e-01	1.383246e-01	-2.531854e-02	2.683728e-02	-2.841906e-02	2.332858e-02	-1.276722e-02	5.881694e-02	-7.822015e-02	1.105761e-01	5.077746e-02	-7.666762e-02	
7.705989e-02	-1.055459e-01	3.947471e-01	-1.032184e-01	-1.031536e-01	1.114511e-01	-1.155231e-01	-1.473944e-01	1.869753e-01	-9.869718e-01	1.000000e+00	-9.761237e-01	7.620061e-01	-6.066407e-01	-1.808157e-01	3.373675e-02	-3.529327e-02	3.750000e-02	-3.468407e-02	2.083230e-02	-8.614215e-02	1.149380e-01	-1.617571e-01	-4.893156e-02	8.330482e-02	
-1.570416e-01	1.535815e-01	-5.130115e-01	1.798965e-01	1.068124e-01	-1.164598e-01	1.203562e-01	1.132476e-01	-1.492912e-01	9.300221e-01	-9.761237e-01	1.000000e+00	-6.899537e-01	5.422144e-01	2.338217e-01	-4.219129e-02	4.431023e-02	-4.770575e-02	4.854371e-02	-3.130100e-02	1.216704e-01	-1.630102e-01	2.296593e-01	4.609226e-02	-9.139983e-02	
2.212112e-02	-9.409538e-02	-1.489514e-01	3.114586e-02	1.007172e-01	-1.065436e-01	1.031521e-01	-1.003601e-01	7.129527e-02	-7.873668e-01	7.620061e-01	-6.899537e-01	1.000000e+00	-9.468480e-01	3.895940e-02	1.516699e-02	-1.995023e-02	2.461471e-02	-4.871302e-03	4.380863e-03	4.015412e-02	-4.832019e-02	5.913208e-02	7.506653e-03	-1.200622e-02	
6.620620e-02	-6.407234e-03	2.061840e-01	2.482705e-02	-1.060249e-01	1.271879e-01	-1.333857e-01	-1.130830e-01	1.738404e-01	6.319641e-01	-6.066407e-01	5.422144e-01	-9.468480e-01	1.000000e+00	-4.564535e-02	-3.011257e-02	3.482226e-02	-3.882079e-02	-4.105629e-03	9.861937e-03	-5.929677e-02	7.368191e-02	-9.768191e-02	-2.180069e-02	3.943900e-02	
-5.417016e-02	-1.040036e-01	-4.166281e-01	1.972566e-01	4.056915e-02	-4.615020e-02	5.124709e-02	-3.026430e-02	3.157084e-02	1.383246e-01	-1.808157e-01	2.338217e-01	3.895940e-02	-4.564535e-02	1.000000e+00	-6.842710e-01	7.576398e-01	-8.104840e-01	-1.626644e-01	4.307655e-01	-2.626585e-02	-1.273965e-03	5.859109e-02	-3.578759e-02	4.555582e-02	
6.929562e-02	-2.343896e-02	9.491977e-03	5.864288e-02	-7.487733e-02	8.040193e-02	-8.664428e-02	3.701727e-02	-1.763810e-02	-2.531854e-02	3.373675e-02	-4.219129e-02	1.516699e-02	-3.011257e-02	-6.842710e-01	1.000000e+00	-9.858110e-01	9.461738e-01	-3.705953e-01	2.680902e-02	1.986495e-01	-2.014776e-01	1.887441e-01	1.527142e-04	1.088627e-03	
-7.036842e-02	3.625641e-02	-1.080614e-02	-5.288128e-02	5.860208e-02	-6.428533e-02	7.077055e-02	-2.037659e-02	9.152347e-03	2.683728e-02	-3.529327e-02	4.431023e-02	-1.995023e-02	3.482226e-02	7.576398e-01	-9.858110e-01	1.000000e+00	-9.866505e-01	2.814972e-01	6.749232e-02	-1.989878e-01	2.043238e-01	-1.928263e-01	-1.968370e-02	2.778078e-02	
6.534713e-02	-5.388927e-02	1.535542e-02	4.651296e-02	-4.433001e-02	4.940577e-02	-5.516569e-02	2.544095e-03	4.508714e-04	-2.841906e-02	3.750000e-02	-4.770575e-02	2.461471e-02	-3.882079e-02	-8.104840e-01	9.461738e-01	-9.866505e-01	1.000000e+00	-1.906759e-01	-1.522580e-01	1.918002e-01	-1.991729e-01	1.889090e-01	3.674311e-02	-5.205295e-02	
-1.228106e-03	1.023356e-01	-3.793627e-02	-2.919938e-02	7.496450e-02	-7.333989e-02	6.648306e-02	-3.388906e-02	5.728950e-03	2.332858e-02	-3.468407e-02	4.854371e-02	-4.871302e-03	-4.105629e-03	-1.626644e-01	-3.705953e-01	2.814972e-01	-1.906759e-01	1.000000e+00	-9.245582e-01	-4.233383e-02	3.753730e-02	-3.111233e-02	1.726898e-01	-2.753574e-01	
3.971533e-03	-7.425868e-02	2.403557e-02	1.847351e-02	-5.522901e-02	5.329329e-02	-4.706263e-02	3.252183e-02	-5.664863e-03	-1.276722e-02	2.083230e-02	-3.130100e-02	4.380863e-03	9.861937e-03	4.307655e-01	2.680902e-02	6.749232e-02	-1.522580e-01	-9.245582e-01	1.000000e+00	-2.269690e-02	2.885889e-02	-3.031490e-02	-1.864250e-01	3.026199e-01	
6.055624e-02	-2.602707e-03	-2.411158e-01	9.591055e-02	4.776124e-02	-5.484802e-02	5.633561e-02	-4.063415e-02	1.815620e-02	5.881694e-02	-8.614215e-02	1.216704e-01	4.015412e-02	-5.929677e-02	-2.626585e-02	1.986495e-01	-1.989878e-01	1.918002e-01	-4.233383e-02	-2.269690e-02	1.000000e+00	-9.896614e-01	9.431433e-01	-8.122928e-01	7.012575e-01	
-2.657634e-02	-1.209920e-02	3.113967e-01	-1.365546e-01	-4.606468e-02	5.297705e-02	-5.390323e-02	4.198261e-02	-2.296094e-02	-7.822015e-02	1.149380e-01	-1.630102e-01	-4.832019e-02	7.368191e-02	-1.273965e-03	-2.014776e-01	2.043238e-01	-1.991729e-01	3.753730e-02	2.885889e-02	-9.896614e-01	1.000000e+00	-9.801290e-01	8.092957e-01	-6.953607e-01	
-4.659193e-02	5.179915e-02	-4.118926e-01	1.922119e-01	4.046110e-02	-4.823278e-02	4.937518e-02	-3.193106e-02	1.884511e-02	1.105761e-01	-1.617571e-01	2.296593e-01	5.913208e-02	-9.768191e-02	5.859109e-02	1.887441e-01	-1.928263e-01	1.889090e-01	-3.111233e-02	-3.031490e-02	9.431433e-01	-9.801290e-01	1.000000e+00	-7.712768e-01	6.578397e-01	
-3.913118e-02	-5.545360e-02	-7.500139e-02	5.486671e-02	2.195407e-03	4.670342e-03	-1.148430e-02	1.719255e-02	-1.879514e-02	5.077746e-02	-4.893156e-02	4.609226e-02	7.506653e-03	-2.180069e-02	-3.578759e-02	1.527142e-04	-1.968370e-02	3.674311e-02	1.726898e-01	-1.864250e-01	-8.122928e-01	8.092957e-01	-7.712768e-01	1.000000e+00	-9.716045e-01	
7.166865e-02	2.757760e-02	1.422805e-01	-6.522241e-02	-2.629196e-02	2.154914e-02	-1.493248e-02	-1.700265e-02	2.915002e-02	-7.666762e-02	8.330482e-02	-9.139983e-02	-1.200622e-02	3.943900e-02	4.555582e-02	1.088627e-03	2.778078e-02	-5.205295e-02	-2.753574e-01	3.026199e-01	7.012575e-01	-6.953607e-01	6.578397e-01	-9.716045e-01	1.000000e+00	

Time taken for mcmc chain: 18.400000 minutes
