Number of steps: 11712892
Number of accepted steps: 960000
Burn-in number of steps: 320000
Accepted fraction of steps: 0.081961
Convergence Status
R[0]= 1.000486	R[1]= 1.000982	R[2]= 1.000785	R[3]= 1.001014	R[4]= 1.000419	R[5]= 1.000232	R[6]= 1.000147	R[7]= 1.000372	R[8]= 1.000945	R[9]= 1.000029	R[10]= 1.000078	R[11]= 1.000214	R[12]= 1.000455	R[13]= 1.000919	R[14]= 1.002007	R[15]= 1.001645	R[16]= 1.001930	R[17]= 1.002085	R[18]= 1.000965	R[19]= 1.000301	R[20]= 1.000241	R[21]= 1.000212	R[22]= 1.000207	R[23]= 1.000482	R[24]= 1.000715	
<R>= 1.000715

Mean parameters
A[0]= 1.042772e+00 pm 2.928593e-02
A[1]= 1.096279e+00 pm 2.374732e-02
A[2]= 6.192961e-01 pm 3.456006e-01
A[3]= 4.143663e+00 pm 1.022263e+00
A[4]= 8.657640e+01 pm 3.528702e+03
A[5]= 6.343705e+02 pm 2.301906e+03
A[6]= 6.083572e+01 pm 5.466000e+02
A[7]= -1.026690e+01 pm 1.344311e+01
A[8]= 1.573789e-01 pm 1.764038e-01
A[9]= 1.086419e+04 pm 8.633471e+03
A[10]= -6.248527e+03 pm 5.295289e+03
A[11]= 9.352654e+02 pm 1.159828e+03
A[12]= -9.849216e+01 pm 4.765773e+01
A[13]= 2.146025e+00 pm 9.119064e-01
A[14]= 4.501205e+00 pm 1.396314e+00
A[15]= -1.284879e+03 pm 5.042951e+03
A[16]= 2.155060e+03 pm 3.325781e+03
A[17]= -3.938424e+02 pm 8.000982e+02
A[18]= 2.064779e+00 pm 1.997980e+01
A[19]= 3.296910e-02 pm 2.515163e-01
A[20]= 1.387440e+04 pm 1.129640e+04
A[21]= -7.109867e+03 pm 6.703359e+03
A[22]= 7.328026e+02 pm 1.390057e+03
A[23]= -5.515632e+01 pm 6.628190e+01
A[24]= 4.811195e-01 pm 1.259436e+00

Best-fitting parameters
A[0]= 1.057414e+00
A[1]= 1.091552e+00
A[2]= 5.323785e-01
A[3]= 4.191204e+00
A[4]= 1.446492e+03
A[5]= -1.297984e+02
A[6]= 2.056373e+02
A[7]= -1.630955e+01
A[8]= 2.363737e-01
A[9]= 1.036997e+04
A[10]= -5.913369e+03
A[11]= 8.904093e+02
A[12]= -9.035421e+01
A[13]= 2.060886e+00
A[14]= 4.514335e+00
A[15]= -5.850771e+02
A[16]= 1.748746e+03
A[17]= -3.054555e+02
A[18]= -4.421506e-01
A[19]= 4.822030e-02
A[20]= 9.502737e+03
A[21]= -4.938768e+03
A[22]= 4.593691e+02
A[23]= -4.350086e+01
A[24]= 5.529471e-01
chi2_min= 1.221511e+02


Cross-Covariance parameters
1.000000e+00	-4.742071e-01	-1.871827e-01	1.143897e-01	7.649515e-02	-7.879037e-02	6.870277e-02	1.507308e-02	-2.905889e-02	4.495284e-02	-4.755478e-02	3.383197e-02	9.937664e-02	-8.061825e-02	8.932887e-02	5.533917e-02	-5.403083e-02	4.459030e-02	2.994341e-02	-4.165438e-02	5.937947e-02	-5.816352e-02	4.053434e-02	7.192423e-02	-6.682577e-02	
-4.742071e-01	1.000000e+00	1.248040e-01	-1.941632e-01	4.706132e-02	-3.394735e-02	1.161085e-02	6.975737e-02	-7.636803e-02	-5.371380e-03	-4.464376e-03	2.410169e-02	-6.952099e-02	2.631843e-02	-1.114298e-01	-2.821547e-02	4.157391e-02	-5.922072e-02	1.013101e-01	-8.740385e-02	-5.504217e-02	4.869528e-02	-2.899836e-02	-1.512707e-02	-3.405575e-03	
-1.871827e-01	1.248040e-01	1.000000e+00	-7.339477e-01	-7.817294e-02	8.961466e-02	-9.208147e-02	1.199997e-02	2.134464e-02	-4.537314e-01	5.793015e-01	-7.192392e-01	-1.232181e-02	2.063417e-01	-6.903429e-01	6.739812e-02	-8.007742e-02	9.442942e-02	-6.070738e-02	2.236879e-02	-3.340840e-01	4.364472e-01	-5.726019e-01	-3.027889e-02	1.655951e-01	
1.143897e-01	-1.941632e-01	-7.339477e-01	1.000000e+00	-4.371011e-01	4.892146e-01	-5.302702e-01	2.051298e-01	1.668270e-02	2.573196e-01	-3.281793e-01	4.066136e-01	-6.409556e-03	-9.457500e-02	5.294941e-01	-6.474327e-02	7.198965e-02	-7.867906e-02	4.202913e-02	-1.211885e-02	2.520689e-01	-3.251886e-01	4.227833e-01	2.133810e-02	-1.221085e-01	
7.649515e-02	4.706132e-02	-7.817294e-02	-4.371011e-01	1.000000e+00	-9.826200e-01	9.314386e-01	-7.503485e-01	4.098751e-01	9.327055e-02	-1.385162e-01	1.921116e-01	5.438262e-02	-5.277621e-02	3.707520e-02	1.852641e-02	-1.875773e-02	1.667177e-02	8.158230e-03	-1.506044e-02	1.468710e-02	-2.751972e-02	4.436414e-02	2.316639e-02	-3.380723e-02	
-7.879037e-02	-3.394735e-02	8.961466e-02	4.892146e-01	-9.826200e-01	1.000000e+00	-9.822174e-01	7.130591e-01	-3.508716e-01	-1.102264e-01	1.599586e-01	-2.191106e-01	-5.992655e-02	7.377841e-02	-4.569557e-02	-2.157731e-02	2.181902e-02	-1.979466e-02	-1.827295e-03	8.584261e-03	-2.122614e-02	3.565966e-02	-5.444591e-02	-2.022014e-02	3.190679e-02	
6.870277e-02	1.161085e-02	-9.208147e-02	-5.302702e-01	9.314386e-01	-9.822174e-01	1.000000e+00	-6.524028e-01	2.843456e-01	1.277737e-01	-1.792243e-01	2.403979e-01	5.363411e-02	-8.019319e-02	4.985766e-02	2.379112e-02	-2.427299e-02	2.284064e-02	-7.273265e-03	7.348846e-04	2.502406e-02	-3.995320e-02	5.934213e-02	1.574898e-02	-2.708036e-02	
1.507308e-02	6.975737e-02	1.199997e-02	2.051298e-01	-7.503485e-01	7.130591e-01	-6.524028e-01	1.000000e+00	-8.893471e-01	5.931428e-02	-2.879544e-02	-1.654314e-02	-5.869464e-02	-7.990542e-02	-6.628028e-03	-4.045505e-03	6.823195e-03	-1.045429e-02	1.103270e-02	-5.463050e-03	1.528187e-02	-1.238212e-02	7.601427e-03	-2.166788e-02	2.076208e-02	
-2.905889e-02	-7.636803e-02	2.134464e-02	1.668270e-02	4.098751e-01	-3.508716e-01	2.843456e-01	-8.893471e-01	1.000000e+00	-1.390753e-01	1.263266e-01	-9.867936e-02	4.833288e-02	1.557050e-01	-1.217862e-02	-5.479137e-03	3.433125e-03	2.610747e-04	-6.150310e-03	3.416237e-03	-2.793606e-02	3.109921e-02	-3.427394e-02	2.003209e-02	-1.448703e-02	
4.495284e-02	-5.371380e-03	-4.537314e-01	2.573196e-01	9.327055e-02	-1.102264e-01	1.277737e-01	5.931428e-02	-1.390753e-01	1.000000e+00	-9.819053e-01	9.098586e-01	-7.838071e-01	5.728267e-01	3.177460e-01	-2.526580e-02	3.126409e-02	-3.821696e-02	1.914924e-02	-8.083950e-04	1.572588e-01	-2.066886e-01	2.738095e-01	7.943811e-03	-7.109366e-02	
-4.755478e-02	-4.464376e-03	5.793015e-01	-3.281793e-01	-1.385162e-01	1.599586e-01	-1.792243e-01	-2.879544e-02	1.263266e-01	-9.819053e-01	1.000000e+00	-9.711578e-01	7.314898e-01	-5.067732e-01	-4.046992e-01	3.236491e-02	-4.020727e-02	4.931949e-02	-2.740238e-02	4.925633e-03	-2.000994e-01	2.635717e-01	-3.497444e-01	-1.133738e-02	9.330102e-02	
3.383197e-02	2.410169e-02	-7.192392e-01	4.066136e-01	1.921116e-01	-2.191106e-01	2.403979e-01	-1.654314e-02	-9.867936e-02	9.098586e-01	-9.711578e-01	1.000000e+00	-6.123394e-01	3.802556e-01	5.020519e-01	-4.189684e-02	5.164911e-02	-6.286604e-02	3.711923e-02	-9.727633e-03	2.473505e-01	-3.269599e-01	4.353038e-01	1.456680e-02	-1.180628e-01	
9.937664e-02	-6.952099e-02	-1.232181e-02	-6.409556e-03	5.438262e-02	-5.992655e-02	5.363411e-02	-5.869464e-02	4.833288e-02	-7.838071e-01	7.314898e-01	-6.123394e-01	1.000000e+00	-9.372060e-01	7.569212e-03	1.093168e-03	-2.632462e-03	3.573311e-03	8.096793e-03	-1.125053e-02	2.271551e-03	-2.107676e-03	-1.963914e-04	1.011106e-02	-9.438505e-03	
-8.061825e-02	2.631843e-02	2.063417e-01	-9.457500e-02	-5.277621e-02	7.377841e-02	-8.019319e-02	-7.990542e-02	1.557050e-01	5.728267e-01	-5.067732e-01	3.802556e-01	-9.372060e-01	1.000000e+00	-1.434895e-01	1.030933e-02	-1.172337e-02	1.432655e-02	-1.872915e-02	1.392945e-02	-7.346234e-02	9.592774e-02	-1.248284e-01	-7.761733e-03	3.672270e-02	
8.932887e-02	-1.114298e-01	-6.903429e-01	5.294941e-01	3.707520e-02	-4.569557e-02	4.985766e-02	-6.628028e-03	-1.217862e-02	3.177460e-01	-4.046992e-01	5.020519e-01	7.569212e-03	-1.434895e-01	1.000000e+00	-5.631008e-01	6.416865e-01	-7.011304e-01	2.405710e-01	4.502575e-02	1.133215e-01	-1.532184e-01	2.115580e-01	3.154505e-02	-8.097424e-02	
5.533917e-02	-2.821547e-02	6.739812e-02	-6.474327e-02	1.852641e-02	-2.157731e-02	2.379112e-02	-4.045505e-03	-5.479137e-03	-2.526580e-02	3.236491e-02	-4.189684e-02	1.093168e-03	1.030933e-02	-5.631008e-01	1.000000e+00	-9.815642e-01	9.282087e-01	-7.529150e-01	4.311396e-01	1.546953e-01	-1.858777e-01	2.189701e-01	-5.931028e-02	4.749715e-02	
-5.403083e-02	4.157391e-02	-8.007742e-02	7.198965e-02	-1.875773e-02	2.181902e-02	-2.427299e-02	6.823195e-03	3.433125e-03	3.126409e-02	-4.020727e-02	5.164911e-02	-2.632462e-03	-1.172337e-02	6.416865e-01	-9.815642e-01	1.000000e+00	-9.816935e-01	7.060547e-01	-3.596683e-01	-1.606377e-01	1.966103e-01	-2.358177e-01	5.186855e-02	-3.161405e-02	
4.459030e-02	-5.922072e-02	9.442942e-02	-7.867906e-02	1.667177e-02	-1.979466e-02	2.284064e-02	-1.045429e-02	2.610747e-04	-3.821696e-02	4.931949e-02	-6.286604e-02	3.573311e-03	1.432655e-02	-7.011304e-01	9.282087e-01	-9.816935e-01	1.000000e+00	-6.330803e-01	2.768405e-01	1.610493e-01	-2.001069e-01	2.436016e-01	-4.610573e-02	1.960947e-02	
2.994341e-02	1.013101e-01	-6.070738e-02	4.202913e-02	8.158230e-03	-1.827295e-03	-7.273265e-03	1.103270e-02	-6.150310e-03	1.914924e-02	-2.740238e-02	3.711923e-02	8.096793e-03	-1.872915e-02	2.405710e-01	-7.529150e-01	7.060547e-01	-6.330803e-01	1.000000e+00	-9.022669e-01	-6.125604e-02	7.589271e-02	-9.193019e-02	8.954601e-02	-1.544974e-01	
-4.165438e-02	-8.740385e-02	2.236879e-02	-1.211885e-02	-1.506044e-02	8.584261e-03	7.348846e-04	-5.463050e-03	3.416237e-03	-8.083950e-04	4.925633e-03	-9.727633e-03	-1.125053e-02	1.392945e-02	4.502575e-02	4.311396e-01	-3.596683e-01	2.768405e-01	-9.022669e-01	1.000000e+00	-8.897368e-03	8.119340e-03	-6.067246e-03	-8.590084e-02	1.900595e-01	
5.937947e-02	-5.504217e-02	-3.340840e-01	2.520689e-01	1.468710e-02	-2.122614e-02	2.502406e-02	1.528187e-02	-2.793606e-02	1.572588e-01	-2.000994e-01	2.473505e-01	2.271551e-03	-7.346234e-02	1.133215e-01	1.546953e-01	-1.606377e-01	1.610493e-01	-6.125604e-02	-8.897368e-03	1.000000e+00	-9.851448e-01	9.197703e-01	-8.267722e-01	6.855992e-01	
-5.816352e-02	4.869528e-02	4.364472e-01	-3.251886e-01	-2.751972e-02	3.565966e-02	-3.995320e-02	-1.238212e-02	3.109921e-02	-2.066886e-01	2.635717e-01	-3.269599e-01	-2.107676e-03	9.592774e-02	-1.532184e-01	-1.858777e-01	1.966103e-01	-2.001069e-01	7.589271e-02	8.119340e-03	-9.851448e-01	1.000000e+00	-9.725705e-01	8.004599e-01	-6.498431e-01	
4.053434e-02	-2.899836e-02	-5.726019e-01	4.227833e-01	4.436414e-02	-5.444591e-02	5.934213e-02	7.601427e-03	-3.427394e-02	2.738095e-01	-3.497444e-01	4.353038e-01	-1.963914e-04	-1.248284e-01	2.115580e-01	2.189701e-01	-2.358177e-01	2.436016e-01	-9.193019e-02	-6.067246e-03	9.197703e-01	-9.725705e-01	1.000000e+00	-7.107211e-01	5.528225e-01	
7.192423e-02	-1.512707e-02	-3.027889e-02	2.133810e-02	2.316639e-02	-2.022014e-02	1.574898e-02	-2.166788e-02	2.003209e-02	7.943811e-03	-1.133738e-02	1.456680e-02	1.011106e-02	-7.761733e-03	3.154505e-02	-5.931028e-02	5.186855e-02	-4.610573e-02	8.954601e-02	-8.590084e-02	-8.267722e-01	8.004599e-01	-7.107211e-01	1.000000e+00	-9.643768e-01	
-6.682577e-02	-3.405575e-03	1.655951e-01	-1.221085e-01	-3.380723e-02	3.190679e-02	-2.708036e-02	2.076208e-02	-1.448703e-02	-7.109366e-02	9.330102e-02	-1.180628e-01	-9.438505e-03	3.672270e-02	-8.097424e-02	4.749715e-02	-3.161405e-02	1.960947e-02	-1.544974e-01	1.900595e-01	6.855992e-01	-6.498431e-01	5.528225e-01	-9.643768e-01	1.000000e+00	

Time taken for mcmc chain: 1.223889 hours
