Number of steps: 1761438
Number of accepted steps: 960000
Burn-in number of steps: 320000
Accepted fraction of steps: 0.545009
Convergence Status
R[0]= 1.013253	R[1]= 1.003795	R[2]= 1.032783	R[3]= 1.026611	R[4]= 1.000478	R[5]= 1.000468	R[6]= 1.000466	R[7]= 1.001049	R[8]= 1.001693	R[9]= 1.004964	R[10]= 1.005791	R[11]= 1.009426	R[12]= 1.011371	R[13]= 1.017739	R[14]= 1.037107	R[15]= 1.049806	R[16]= 1.049245	R[17]= 1.045519	R[18]= 1.029797	R[19]= 1.011720	R[20]= 1.003741	R[21]= 1.004120	R[22]= 1.007451	R[23]= 1.005799	R[24]= 1.010027	
<R>= 1.015369

Mean parameters
A[0]= 1.019294e+00 pm 2.996423e-02
A[1]= 1.080204e+00 pm 2.243049e-02
A[2]= 5.145741e-01 pm 3.583963e-01
A[3]= 4.382784e+00 pm 1.104419e+00
A[4]= -9.162831e+02 pm 3.684051e+03
A[5]= 1.118536e+03 pm 2.422676e+03
A[6]= -1.744052e+01 pm 5.747094e+02
A[7]= -3.230208e+00 pm 1.339130e+01
A[8]= 6.158587e-02 pm 1.761690e-01
A[9]= 9.048641e+03 pm 8.603470e+03
A[10]= -5.496420e+03 pm 5.302179e+03
A[11]= 8.767159e+02 pm 1.171474e+03
A[12]= -7.402287e+01 pm 4.701841e+01
A[13]= 1.551612e+00 pm 9.118939e-01
A[14]= 5.159376e+00 pm 1.641608e+00
A[15]= -3.173205e+03 pm 5.273403e+03
A[16]= 3.311430e+03 pm 3.487593e+03
A[17]= -6.599136e+02 pm 8.361527e+02
A[18]= 7.268673e+00 pm 2.025439e+01
A[19]= -8.905584e-03 pm 2.553144e-01
A[20]= 1.471438e+04 pm 1.148269e+04
A[21]= -7.631524e+03 pm 6.805328e+03
A[22]= 8.878700e+02 pm 1.412150e+03
A[23]= -5.048610e+01 pm 6.777413e+01
A[24]= 3.014666e-01 pm 1.288693e+00

Best-fitting parameters
A[0]= 1.013495e+00
A[1]= 1.097792e+00
A[2]= 2.488923e-01
A[3]= 4.496263e+00
A[4]= -1.061171e+02
A[5]= 2.543160e+02
A[6]= 2.431899e+02
A[7]= -3.076627e+00
A[8]= 3.861316e-02
A[9]= 1.504756e+04
A[10]= -9.707805e+03
A[11]= 1.922104e+03
A[12]= -9.007307e+01
A[13]= 1.621851e+00
A[14]= 5.838357e+00
A[15]= -2.857964e+03
A[16]= 3.323434e+03
A[17]= -7.064197e+02
A[18]= 1.101038e+01
A[19]= -2.471797e-02
A[20]= 1.273813e+04
A[21]= -7.278332e+03
A[22]= 1.154709e+03
A[23]= -2.542811e+01
A[24]= -1.717750e-01
chi2_min= 1.069876e+02


Cross-Covariance parameters
1.000000e+00	-4.486883e-01	-2.275333e-01	9.926301e-02	1.171576e-01	-1.253998e-01	1.212101e-01	-1.539161e-02	-1.794005e-02	7.838217e-02	-8.833595e-02	8.442427e-02	9.738440e-02	-8.782302e-02	1.135408e-01	2.299611e-02	-2.015260e-02	9.573600e-03	3.993010e-02	-2.592387e-02	3.423548e-02	-3.015167e-02	1.386282e-02	1.201150e-01	-1.117727e-01	
-4.486883e-01	1.000000e+00	1.548577e-01	-2.025835e-01	-8.507063e-04	8.606257e-03	-2.441835e-02	1.289678e-01	-1.300743e-01	-3.156963e-02	2.923264e-02	-1.880526e-02	-6.057351e-02	2.267415e-02	-1.147966e-01	-1.680196e-02	2.693089e-02	-4.182028e-02	1.117927e-01	-1.166450e-01	-4.873517e-02	3.985919e-02	-1.638183e-02	-2.694311e-02	5.887329e-03	
-2.275333e-01	1.548577e-01	1.000000e+00	-6.899644e-01	-1.956614e-01	2.122354e-01	-2.152885e-01	8.508469e-02	4.063869e-03	-4.374259e-01	5.784582e-01	-7.330434e-01	-1.085805e-01	3.057930e-01	-7.135709e-01	1.629969e-01	-1.716326e-01	1.809939e-01	-1.373482e-01	6.563915e-02	-2.933316e-01	4.008544e-01	-5.471958e-01	-1.086886e-01	2.449184e-01	
9.926301e-02	-2.025835e-01	-6.899644e-01	1.000000e+00	-4.016714e-01	4.464441e-01	-4.848379e-01	1.422111e-01	7.636716e-02	2.133072e-01	-2.967719e-01	3.905038e-01	7.386753e-02	-1.687632e-01	4.735591e-01	-7.589348e-02	7.226072e-02	-6.926054e-02	5.934663e-02	-3.425793e-02	2.103146e-01	-2.899290e-01	3.988767e-01	7.615093e-02	-1.755221e-01	
1.171576e-01	-8.507063e-04	-1.956614e-01	-4.016714e-01	1.000000e+00	-9.851656e-01	9.423647e-01	-7.214176e-01	3.490551e-01	1.541234e-01	-2.055828e-01	2.625317e-01	5.873387e-02	-8.071853e-02	1.619492e-01	-8.434976e-02	8.866743e-02	-9.339983e-02	5.849900e-02	-2.008860e-02	5.392820e-02	-6.857858e-02	8.692586e-02	1.113199e-02	-2.765136e-02	
-1.253998e-01	8.606257e-03	2.122354e-01	4.464441e-01	-9.851656e-01	1.000000e+00	-9.852821e-01	6.814446e-01	-2.900805e-01	-1.723670e-01	2.282437e-01	-2.897670e-01	-6.057839e-02	9.678317e-02	-1.783041e-01	8.818161e-02	-9.420116e-02	1.002519e-01	-5.962895e-02	1.599081e-02	-5.769938e-02	7.335700e-02	-9.314835e-02	-1.572926e-02	3.400667e-02	
1.212101e-01	-2.441835e-02	-2.152885e-01	-4.848379e-01	9.423647e-01	-9.852821e-01	1.000000e+00	-6.234403e-01	2.277114e-01	1.887958e-01	-2.458038e-01	3.080501e-01	5.148950e-02	-9.824463e-02	1.847087e-01	-8.664351e-02	9.398783e-02	-1.008789e-01	5.395363e-02	-7.909061e-03	5.899330e-02	-7.448221e-02	9.416749e-02	1.733661e-02	-3.581560e-02	
-1.539161e-02	1.289678e-01	8.508469e-02	1.422111e-01	-7.214176e-01	6.814446e-01	-6.234403e-01	1.000000e+00	-8.807765e-01	4.474060e-02	-7.653748e-03	-4.374179e-02	-8.879996e-02	-3.954013e-02	-8.094847e-02	6.270732e-02	-5.777899e-02	5.210578e-02	-8.064598e-03	-1.591115e-02	-2.869630e-02	3.105290e-02	-3.334482e-02	1.492592e-02	-1.516054e-02	
-1.794005e-02	-1.300743e-01	4.063869e-03	7.636716e-02	3.490551e-01	-2.900805e-01	2.277114e-01	-8.807765e-01	1.000000e+00	-1.492799e-01	1.335877e-01	-1.025185e-01	7.719447e-02	1.231669e-01	1.815200e-03	-2.795960e-02	1.782711e-02	-7.655445e-03	-1.232333e-02	1.519357e-02	4.674940e-03	1.590889e-04	-6.753559e-03	-2.065119e-02	2.977495e-02	
7.838217e-02	-3.156963e-02	-4.374259e-01	2.133072e-01	1.541234e-01	-1.723670e-01	1.887958e-01	4.474060e-02	-1.492799e-01	1.000000e+00	-9.799990e-01	9.015710e-01	-7.511568e-01	5.287061e-01	3.061321e-01	-4.859676e-02	5.352141e-02	-6.012160e-02	3.802717e-02	-1.117434e-02	1.250019e-01	-1.741014e-01	2.429243e-01	5.794732e-02	-1.192016e-01	
-8.833595e-02	2.923264e-02	5.784582e-01	-2.967719e-01	-2.055828e-01	2.282437e-01	-2.458038e-01	-7.653748e-03	1.335877e-01	-9.799990e-01	1.000000e+00	-9.688975e-01	6.806588e-01	-4.445955e-01	-4.073832e-01	7.267047e-02	-7.883017e-02	8.661751e-02	-5.795964e-02	2.078377e-02	-1.669286e-01	2.321303e-01	-3.231173e-01	-7.215482e-02	1.537717e-01	
8.442427e-02	-1.880526e-02	-7.330434e-01	3.905038e-01	2.625317e-01	-2.897670e-01	3.080501e-01	-4.374179e-02	-1.025185e-01	9.015710e-01	-9.688975e-01	1.000000e+00	-5.391831e-01	2.975613e-01	5.203981e-01	-1.039917e-01	1.113019e-01	-1.200051e-01	8.433064e-02	-3.510986e-02	2.136305e-01	-2.969453e-01	4.128416e-01	8.519855e-02	-1.900707e-01	
9.738440e-02	-6.057351e-02	-1.085805e-01	7.386753e-02	5.873387e-02	-6.057839e-02	5.148950e-02	-8.879996e-02	7.719447e-02	-7.511568e-01	6.806588e-01	-5.391831e-01	1.000000e+00	-9.369297e-01	9.793742e-02	-5.627880e-02	5.737001e-02	-5.719340e-02	5.138349e-02	-2.944399e-02	3.207615e-02	-3.972350e-02	4.809868e-02	8.340024e-03	-1.885736e-02	
-8.782302e-02	2.267415e-02	3.057930e-01	-1.687632e-01	-8.071853e-02	9.678317e-02	-9.824463e-02	-3.954013e-02	1.231669e-01	5.287061e-01	-4.445955e-01	2.975613e-01	-9.369297e-01	1.000000e+00	-2.427246e-01	8.787471e-02	-9.277662e-02	9.625197e-02	-8.090787e-02	4.329311e-02	-8.861277e-02	1.201892e-01	-1.626486e-01	-3.139669e-02	7.246611e-02	
1.135408e-01	-1.147966e-01	-7.135709e-01	4.735591e-01	1.619492e-01	-1.783041e-01	1.847087e-01	-8.094847e-02	1.815200e-03	3.061321e-01	-4.073832e-01	5.203981e-01	9.793742e-02	-2.427246e-01	1.000000e+00	-6.205959e-01	6.900039e-01	-7.413277e-01	2.757340e-01	3.568973e-02	9.944839e-02	-1.562650e-01	2.405874e-01	9.212529e-02	-1.526628e-01	
2.299611e-02	-1.680196e-02	1.629969e-01	-7.589348e-02	-8.434976e-02	8.818161e-02	-8.664351e-02	6.270732e-02	-2.795960e-02	-4.859676e-02	7.267047e-02	-1.039917e-01	-5.627880e-02	8.787471e-02	-6.205959e-01	1.000000e+00	-9.830603e-01	9.341918e-01	-7.382828e-01	3.964872e-01	1.228291e-01	-1.324122e-01	1.355451e-01	-7.281760e-02	7.752554e-02	
-2.015260e-02	2.693089e-02	-1.716326e-01	7.226072e-02	8.866743e-02	-9.420116e-02	9.398783e-02	-5.777899e-02	1.782711e-02	5.352141e-02	-7.883017e-02	1.113019e-01	5.737001e-02	-9.277662e-02	6.900039e-01	-9.830603e-01	1.000000e+00	-9.832945e-01	6.880768e-01	-3.231873e-01	-1.392926e-01	1.521205e-01	-1.585994e-01	7.778518e-02	-7.439532e-02	
9.573600e-03	-4.182028e-02	1.809939e-01	-6.926054e-02	-9.339983e-02	1.002519e-01	-1.008789e-01	5.210578e-02	-7.655445e-03	-6.012160e-02	8.661751e-02	-1.200051e-01	-5.719340e-02	9.625197e-02	-7.413277e-01	9.341918e-01	-9.832945e-01	1.000000e+00	-6.138524e-01	2.396496e-01	1.501142e-01	-1.650772e-01	1.738722e-01	-8.278234e-02	7.306043e-02	
3.993010e-02	1.117927e-01	-1.373482e-01	5.934663e-02	5.849900e-02	-5.962895e-02	5.395363e-02	-8.064598e-03	-1.232333e-02	3.802717e-02	-5.795964e-02	8.433064e-02	5.138349e-02	-8.090787e-02	2.757340e-01	-7.382828e-01	6.880768e-01	-6.138524e-01	1.000000e+00	-8.969678e-01	-3.217286e-02	2.968963e-02	-2.182514e-02	9.635921e-02	-1.749332e-01	
-2.592387e-02	-1.166450e-01	6.563915e-02	-3.425793e-02	-2.008860e-02	1.599081e-02	-7.909061e-03	-1.591115e-02	1.519357e-02	-1.117434e-02	2.078377e-02	-3.510986e-02	-2.944399e-02	4.329311e-02	3.568973e-02	3.964872e-01	-3.231873e-01	2.396496e-01	-8.969678e-01	1.000000e+00	-3.426384e-02	4.287684e-02	-5.391676e-02	-7.400448e-02	1.829659e-01	
3.423548e-02	-4.873517e-02	-2.933316e-01	2.103146e-01	5.392820e-02	-5.769938e-02	5.899330e-02	-2.869630e-02	4.674940e-03	1.250019e-01	-1.669286e-01	2.136305e-01	3.207615e-02	-8.861277e-02	9.944839e-02	1.228291e-01	-1.392926e-01	1.501142e-01	-3.217286e-02	-3.426384e-02	1.000000e+00	-9.853896e-01	9.203096e-01	-8.202512e-01	6.820931e-01	
-3.015167e-02	3.985919e-02	4.008544e-01	-2.899290e-01	-6.857858e-02	7.335700e-02	-7.448221e-02	3.105290e-02	1.590889e-04	-1.741014e-01	2.321303e-01	-2.969453e-01	-3.972350e-02	1.201892e-01	-1.562650e-01	-1.324122e-01	1.521205e-01	-1.650772e-01	2.968963e-02	4.287684e-02	-9.853896e-01	1.000000e+00	-9.725738e-01	7.889761e-01	-6.400593e-01	
1.386282e-02	-1.638183e-02	-5.471958e-01	3.988767e-01	8.692586e-02	-9.314835e-02	9.416749e-02	-3.334482e-02	-6.753559e-03	2.429243e-01	-3.231173e-01	4.128416e-01	4.809868e-02	-1.626486e-01	2.405874e-01	1.355451e-01	-1.585994e-01	1.738722e-01	-2.182514e-02	-5.391676e-02	9.203096e-01	-9.725738e-01	1.000000e+00	-6.922389e-01	5.338463e-01	
1.201150e-01	-2.694311e-02	-1.086886e-01	7.615093e-02	1.113199e-02	-1.572926e-02	1.733661e-02	1.492592e-02	-2.065119e-02	5.794732e-02	-7.215482e-02	8.519855e-02	8.340024e-03	-3.139669e-02	9.212529e-02	-7.281760e-02	7.778518e-02	-8.278234e-02	9.635921e-02	-7.400448e-02	-8.202512e-01	7.889761e-01	-6.922389e-01	1.000000e+00	-9.661597e-01	
-1.117727e-01	5.887329e-03	2.449184e-01	-1.755221e-01	-2.765136e-02	3.400667e-02	-3.581560e-02	-1.516054e-02	2.977495e-02	-1.192016e-01	1.537717e-01	-1.900707e-01	-1.885736e-02	7.246611e-02	-1.526628e-01	7.752554e-02	-7.439532e-02	7.306043e-02	-1.749332e-01	1.829659e-01	6.820931e-01	-6.400593e-01	5.338463e-01	-9.661597e-01	1.000000e+00	

Time taken for mcmc chain: 10.816667 minutes
