Number of steps: 2373570
Number of accepted steps: 960000
Burn-in number of steps: 320000
Accepted fraction of steps: 0.404454
Convergence Status
R[0]= 1.010720	R[1]= 1.032738	R[2]= 1.056456	R[3]= 1.039032	R[4]= 1.005663	R[5]= 1.004862	R[6]= 1.004067	R[7]= 1.011549	R[8]= 1.007057	R[9]= 1.014366	R[10]= 1.020676	R[11]= 1.028927	R[12]= 1.003379	R[13]= 1.004972	R[14]= 1.032391	R[15]= 1.010687	R[16]= 1.012808	R[17]= 1.014659	R[18]= 1.003088	R[19]= 1.001544	R[20]= 1.009657	R[21]= 1.010828	R[22]= 1.012279	R[23]= 1.001901	R[24]= 1.001253	
<R>= 1.014222

Mean parameters
A[0]= 9.250053e-01 pm 3.381090e-02
A[1]= 1.046410e+00 pm 2.791318e-02
A[2]= 6.571807e-01 pm 4.388125e-01
A[3]= 3.480054e+00 pm 1.069562e+00
A[4]= -3.769043e+03 pm 3.618250e+03
A[5]= 1.877665e+03 pm 2.368250e+03
A[6]= 4.272800e-01 pm 5.532726e+02
A[7]= 1.597772e+01 pm 1.280753e+01
A[8]= -2.587139e-01 pm 1.783513e-01
A[9]= -3.886423e+03 pm 8.506109e+03
A[10]= 1.743365e+03 pm 5.082594e+03
A[11]= -4.670442e+02 pm 1.062524e+03
A[12]= 1.742063e+01 pm 4.937140e+01
A[13]= -4.893564e-01 pm 9.764833e-01
A[14]= 5.019782e+00 pm 1.574655e+00
A[15]= -6.660112e+03 pm 5.316933e+03
A[16]= 4.856192e+03 pm 3.489943e+03
A[17]= -8.490181e+02 pm 8.158618e+02
A[18]= 1.532223e+00 pm 1.938956e+01
A[19]= 1.488964e-01 pm 2.647130e-01
A[20]= 6.078327e+03 pm 1.143246e+04
A[21]= -3.361425e+03 pm 6.868859e+03
A[22]= 2.145288e+02 pm 1.445589e+03
A[23]= -5.030816e+01 pm 6.682980e+01
A[24]= 7.257256e-01 pm 1.312332e+00

Best-fitting parameters
A[0]= 9.190139e-01
A[1]= 1.055402e+00
A[2]= 4.040824e-01
A[3]= 4.531735e+00
A[4]= -5.276011e+03
A[5]= 3.102739e+03
A[6]= -3.588700e+02
A[7]= 2.104031e+01
A[8]= -3.161626e-01
A[9]= -7.942834e+03
A[10]= 3.485211e+03
A[11]= -6.290514e+02
A[12]= 4.974064e+01
A[13]= -1.282418e+00
A[14]= 4.981527e+00
A[15]= -6.921294e+03
A[16]= 4.667847e+03
A[17]= -7.170710e+02
A[18]= 1.534032e+01
A[19]= -5.429000e-02
A[20]= 1.006188e+04
A[21]= -6.112435e+03
A[22]= 8.583190e+02
A[23]= -2.985456e+01
A[24]= -2.750405e-02
chi2_min= 8.957530e+01


Cross-Covariance parameters
1.000000e+00	-4.781191e-01	-1.278437e-01	8.568086e-02	4.011647e-02	-3.064154e-02	1.431432e-02	8.299330e-02	-7.471883e-02	2.792217e-02	-7.952062e-03	-3.125187e-02	1.144341e-01	-9.852578e-02	5.446707e-04	1.194676e-01	-1.234984e-01	1.183709e-01	4.281518e-02	-6.694650e-02	-3.881757e-02	4.594561e-02	-7.059128e-02	2.006760e-01	-1.744572e-01	
-4.781191e-01	1.000000e+00	2.042738e-01	-1.559912e-01	-7.402778e-02	8.774070e-02	-1.077685e-01	1.209102e-01	-7.754824e-02	-4.572947e-02	4.095929e-02	-2.635572e-02	-1.046693e-01	8.435026e-02	-2.369185e-01	1.102440e-02	-1.158809e-02	3.308779e-03	1.543503e-01	-1.708739e-01	2.757684e-02	-3.015287e-02	4.219327e-02	-1.095467e-01	6.549776e-02	
-1.278437e-01	2.042738e-01	1.000000e+00	-6.807036e-01	-9.403398e-02	1.129632e-01	-1.210468e-01	-6.893964e-02	1.114672e-01	-3.769454e-01	4.988314e-01	-6.445186e-01	-1.849603e-01	3.426826e-01	-6.719979e-01	-9.491760e-02	9.047367e-02	-7.780932e-02	3.562655e-02	-2.322975e-02	-3.878535e-01	4.939780e-01	-6.218533e-01	-1.493310e-01	2.818713e-01	
8.568086e-02	-1.559912e-01	-6.807036e-01	1.000000e+00	-4.790222e-01	5.251228e-01	-5.598657e-01	1.834600e-01	6.317058e-02	1.652113e-01	-2.295668e-01	3.149549e-01	8.215428e-02	-1.408237e-01	4.516142e-01	8.525853e-02	-8.915481e-02	8.579839e-02	-6.697956e-03	-1.732675e-02	2.649156e-01	-3.424382e-01	4.376844e-01	1.267473e-01	-2.237906e-01	
4.011647e-02	-7.402778e-02	-9.403398e-02	-4.790222e-01	1.000000e+00	-9.842240e-01	9.401599e-01	-6.408296e-01	2.541886e-01	1.203359e-01	-1.625462e-01	2.059376e-01	8.388038e-02	-9.366647e-02	9.162280e-02	7.199466e-03	-3.417250e-03	-8.018691e-05	-3.931631e-02	4.429267e-02	5.034226e-02	-5.870991e-02	6.518940e-02	3.364931e-03	-1.453195e-02	
-3.064154e-02	8.774070e-02	1.129632e-01	5.251228e-01	-9.842240e-01	1.000000e+00	-9.850885e-01	5.905130e-01	-1.871501e-01	-1.389736e-01	1.861954e-01	-2.350274e-01	-9.579598e-02	1.211006e-01	-1.060686e-01	-5.802383e-03	1.365527e-03	2.101630e-03	4.393910e-02	-4.997511e-02	-6.297268e-02	7.233010e-02	-7.976563e-02	3.598411e-03	9.560784e-03	
1.431432e-02	-1.077685e-01	-1.210468e-01	-5.598657e-01	9.401599e-01	-9.850885e-01	1.000000e+00	-5.285766e-01	1.249811e-01	1.568928e-01	-2.062838e-01	2.571450e-01	9.471055e-02	-1.315089e-01	1.152899e-01	1.140408e-03	3.606238e-03	-6.390101e-03	-5.045961e-02	5.827298e-02	6.889741e-02	-7.809373e-02	8.539735e-02	-1.108858e-02	-1.766708e-03	
8.299330e-02	1.209102e-01	-6.893964e-02	1.834600e-01	-6.408296e-01	5.905130e-01	-5.285766e-01	1.000000e+00	-8.846366e-01	7.558730e-02	-6.585241e-02	4.672737e-02	-1.370131e-02	-1.332022e-01	8.897346e-03	1.865557e-02	-1.991751e-02	1.756351e-02	6.559242e-02	-6.899902e-02	2.624915e-02	-3.605158e-02	4.809847e-02	2.751778e-02	-4.170980e-02	
-7.471883e-02	-7.754824e-02	1.114672e-01	6.317058e-02	2.541886e-01	-1.871501e-01	1.249811e-01	-8.846366e-01	1.000000e+00	-1.488345e-01	1.596195e-01	-1.588415e-01	-2.679806e-02	2.272327e-01	-5.635137e-02	-1.682191e-02	1.570153e-02	-1.187025e-02	-4.773372e-02	4.808317e-02	-5.329986e-02	6.760688e-02	-8.311916e-02	-2.022694e-02	4.045405e-02	
2.792217e-02	-4.572947e-02	-3.769454e-01	1.652113e-01	1.203359e-01	-1.389736e-01	1.568928e-01	7.558730e-02	-1.488345e-01	1.000000e+00	-9.833903e-01	9.147006e-01	-7.344216e-01	5.394244e-01	2.386712e-01	5.576597e-02	-5.906848e-02	5.932757e-02	-1.665596e-02	4.217491e-03	1.957525e-01	-2.376116e-01	2.860617e-01	1.797327e-02	-7.523424e-02	
-7.952062e-03	4.095929e-02	4.988314e-01	-2.295668e-01	-1.625462e-01	1.861954e-01	-2.062838e-01	-6.585241e-02	1.596195e-01	-9.833903e-01	1.000000e+00	-9.721189e-01	6.746186e-01	-4.688520e-01	-3.230497e-01	-6.743491e-02	6.981767e-02	-6.826364e-02	2.202681e-02	-6.802411e-03	-2.474185e-01	3.038533e-01	-3.704143e-01	-3.163361e-02	1.081273e-01	
-3.125187e-02	-2.635572e-02	-6.445186e-01	3.149549e-01	2.059376e-01	-2.350274e-01	2.571450e-01	4.672737e-02	-1.588415e-01	9.147006e-01	-9.721189e-01	1.000000e+00	-5.520929e-01	3.427340e-01	4.261612e-01	7.815010e-02	-7.931512e-02	7.553472e-02	-2.721440e-02	9.916242e-03	3.091658e-01	-3.832562e-01	4.721500e-01	4.737878e-02	-1.478570e-01	
1.144341e-01	-1.046693e-01	-1.849603e-01	8.215428e-02	8.388038e-02	-9.579598e-02	9.471055e-02	-1.370131e-02	-2.679806e-02	-7.344216e-01	6.746186e-01	-5.520929e-01	1.000000e+00	-9.492475e-01	1.412069e-01	-2.170014e-04	4.623703e-03	-1.090246e-02	9.169105e-03	-2.393516e-03	3.699494e-02	-5.271686e-02	7.120952e-02	6.552011e-02	-8.449810e-02	
-9.852578e-02	8.435026e-02	3.426826e-01	-1.408237e-01	-9.366647e-02	1.211006e-01	-1.315089e-01	-1.332022e-01	2.272327e-01	5.394244e-01	-4.688520e-01	3.427340e-01	-9.492475e-01	1.000000e+00	-2.457652e-01	-7.505960e-03	3.162025e-03	4.232622e-03	-2.089830e-02	1.403003e-02	-1.107941e-01	1.449971e-01	-1.859960e-01	-7.584486e-02	1.210282e-01	
5.446707e-04	-2.369185e-01	-6.719979e-01	4.516142e-01	9.162280e-02	-1.060686e-01	1.152899e-01	8.897346e-03	-5.635137e-02	2.386712e-01	-3.230497e-01	4.261612e-01	1.412069e-01	-2.457652e-01	1.000000e+00	-4.825461e-01	5.419560e-01	-5.883932e-01	3.664611e-02	2.190899e-01	1.833649e-01	-2.319597e-01	2.994044e-01	1.190479e-03	-4.323959e-02	
1.194676e-01	1.102440e-02	-9.491760e-02	8.525853e-02	7.199466e-03	-5.802383e-03	1.140408e-03	1.865557e-02	-1.682191e-02	5.576597e-02	-6.743491e-02	7.815010e-02	-2.170014e-04	-7.505960e-03	-4.825461e-01	1.000000e+00	-9.844887e-01	9.404731e-01	-5.792907e-01	2.103117e-01	1.694698e-01	-2.105431e-01	2.485510e-01	1.053003e-01	-1.457158e-01	
-1.234984e-01	-1.158809e-02	9.047367e-02	-8.915481e-02	-3.417250e-03	1.365527e-03	3.606238e-03	-1.991751e-02	1.570153e-02	-5.906848e-02	6.981767e-02	-7.931512e-02	4.623703e-03	3.162025e-03	5.419560e-01	-9.844887e-01	1.000000e+00	-9.850442e-01	5.157144e-01	-1.322800e-01	-1.735340e-01	2.202699e-01	-2.642523e-01	-1.274238e-01	1.773299e-01	
1.183709e-01	3.308779e-03	-7.780932e-02	8.579839e-02	-8.018691e-05	2.101630e-03	-6.390101e-03	1.756351e-02	-1.187025e-02	5.932757e-02	-6.826364e-02	7.553472e-02	-1.090246e-02	4.232622e-03	-5.883932e-01	9.404731e-01	-9.850442e-01	1.000000e+00	-4.412069e-01	5.728791e-02	1.707981e-01	-2.210317e-01	2.689215e-01	1.419428e-01	-1.975408e-01	
4.281518e-02	1.543503e-01	3.562655e-02	-6.697956e-03	-3.931631e-02	4.393910e-02	-5.045961e-02	6.559242e-02	-4.773372e-02	-1.665596e-02	2.202681e-02	-2.721440e-02	9.169105e-03	-2.089830e-02	3.664611e-02	-5.792907e-01	5.157144e-01	-4.412069e-01	1.000000e+00	-9.034718e-01	-5.971556e-03	1.830661e-02	-3.429456e-02	4.719059e-02	-1.264692e-01	
-6.694650e-02	-1.708739e-01	-2.322975e-02	-1.732675e-02	4.429267e-02	-4.997511e-02	5.827298e-02	-6.899902e-02	4.808317e-02	4.217491e-03	-6.802411e-03	9.916242e-03	-2.393516e-03	1.403003e-02	2.190899e-01	2.103117e-01	-1.322800e-01	5.728791e-02	-9.034718e-01	1.000000e+00	-6.406080e-02	6.800407e-02	-6.531782e-02	-1.038288e-01	2.228204e-01	
-3.881757e-02	2.757684e-02	-3.878535e-01	2.649156e-01	5.034226e-02	-6.297268e-02	6.889741e-02	2.624915e-02	-5.329986e-02	1.957525e-01	-2.474185e-01	3.091658e-01	3.699494e-02	-1.107941e-01	1.833649e-01	1.694698e-01	-1.735340e-01	1.707981e-01	-5.971556e-03	-6.406080e-02	1.000000e+00	-9.844331e-01	9.210751e-01	-7.046997e-01	5.261841e-01	
4.594561e-02	-3.015287e-02	4.939780e-01	-3.424382e-01	-5.870991e-02	7.233010e-02	-7.809373e-02	-3.605158e-02	6.760688e-02	-2.376116e-01	3.038533e-01	-3.832562e-01	-5.271686e-02	1.449971e-01	-2.319597e-01	-2.105431e-01	2.202699e-01	-2.210317e-01	1.830661e-02	6.800407e-02	-9.844331e-01	1.000000e+00	-9.743665e-01	6.483685e-01	-4.608235e-01	
-7.059128e-02	4.219327e-02	-6.218533e-01	4.376844e-01	6.518940e-02	-7.976563e-02	8.539735e-02	4.809847e-02	-8.311916e-02	2.860617e-01	-3.704143e-01	4.721500e-01	7.120952e-02	-1.859960e-01	2.994044e-01	2.485510e-01	-2.642523e-01	2.689215e-01	-3.429456e-02	-6.531782e-02	9.210751e-01	-9.743665e-01	1.000000e+00	-5.351069e-01	3.446232e-01	
2.006760e-01	-1.095467e-01	-1.493310e-01	1.267473e-01	3.364931e-03	3.598411e-03	-1.108858e-02	2.751778e-02	-2.022694e-02	1.797327e-02	-3.163361e-02	4.737878e-02	6.552011e-02	-7.584486e-02	1.190479e-03	1.053003e-01	-1.274238e-01	1.419428e-01	4.719059e-02	-1.038288e-01	-7.046997e-01	6.483685e-01	-5.351069e-01	1.000000e+00	-9.618057e-01	
-1.744572e-01	6.549776e-02	2.818713e-01	-2.237906e-01	-1.453195e-02	9.560784e-03	-1.766708e-03	-4.170980e-02	4.045405e-02	-7.523424e-02	1.081273e-01	-1.478570e-01	-8.449810e-02	1.210282e-01	-4.323959e-02	-1.457158e-01	1.773299e-01	-1.975408e-01	-1.264692e-01	2.228204e-01	5.261841e-01	-4.608235e-01	3.446232e-01	-9.618057e-01	1.000000e+00	

Time taken for mcmc chain: 15.266667 minutes
