Number of steps: 5487152
Number of accepted steps: 500000
Burn-in number of steps: 320000
Accepted fraction of steps: 0.091122
Convergence Status
R[0]= -nan	R[1]= -nan	R[2]= -nan	R[3]= -nan	R[4]= -nan	R[5]= -nan	R[6]= -nan	R[7]= -nan	R[8]= -nan	R[9]= -nan	R[10]= -nan	R[11]= -nan	R[12]= -nan	R[13]= -nan	R[14]= -nan	R[15]= -nan	R[16]= -nan	R[17]= -nan	R[18]= -nan	R[19]= -nan	R[20]= -nan	R[21]= -nan	R[22]= -nan	R[23]= -nan	R[24]= -nan	
<R>= -nan

Mean parameters
A[0]= 1.071463e+00 pm 6.317990e-02
A[1]= 1.017960e+00 pm 1.615678e-01
A[2]= 1.048810e+00 pm 4.062872e-01
A[3]= 3.232821e+00 pm 9.774945e-01
A[4]= 1.540455e+03 pm 4.759515e+03
A[5]= -4.779036e+02 pm 3.335672e+03
A[6]= 3.694472e+02 pm 8.570369e+02
A[7]= -1.702729e+01 pm 1.788333e+01
A[8]= 2.011851e-01 pm 1.856878e-01
A[9]= 7.402674e+03 pm 8.685630e+03
A[10]= -3.350295e+03 pm 5.316128e+03
A[11]= 9.362584e+01 pm 1.168425e+03
A[12]= -9.865658e+01 pm 4.813885e+01
A[13]= 2.379036e+00 pm 9.128000e-01
A[14]= 1.858725e+00 pm 1.132267e+00
A[15]= -1.193025e+03 pm 3.624764e+03
A[16]= 8.931815e+02 pm 2.445074e+03
A[17]= -6.297789e+01 pm 5.624131e+02
A[18]= -6.031952e+00 pm 1.018003e+01
A[19]= 8.232369e-02 pm 1.545963e-01
A[20]= 2.114317e+03 pm 6.939768e+03
A[21]= -2.523064e+02 pm 4.963011e+03
A[22]= -3.830042e+02 pm 1.325897e+03
A[23]= -4.354400e+01 pm 3.023877e+01
A[24]= 1.092547e+00 pm 6.931703e-01

Best-fitting parameters
A[0]= 1.032911e+00
A[1]= 1.102661e+00
A[2]= 1.582565e+00
A[3]= 2.450173e+00
A[4]= -1.892914e+03
A[5]= 1.803984e+03
A[6]= -1.853998e+02
A[7]= -3.813963e+00
A[8]= 6.604244e-02
A[9]= 9.963055e+03
A[10]= -3.773993e+03
A[11]= -2.121041e+02
A[12]= -1.558715e+02
A[13]= 3.539016e+00
A[14]= 1.241981e+00
A[15]= -1.751529e+03
A[16]= 1.429801e+03
A[17]= -2.395709e+02
A[18]= -1.056613e+00
A[19]= 5.278383e-02
A[20]= -1.990275e+02
A[21]= 1.297364e+03
A[22]= -7.257207e+02
A[23]= -4.476836e+01
A[24]= 1.147755e+00
chi2_min= 1.091234e+02


Cross-Covariance parameters
1.000000e+00	-9.027425e-01	2.715175e-01	-2.479261e-01	6.064616e-01	-6.555622e-01	6.987767e-01	-6.013301e-01	2.840896e-01	-3.472397e-02	5.300639e-02	-9.832690e-02	1.184943e-01	-7.839076e-03	7.924071e-01	-6.698112e-01	6.825171e-01	-6.687038e-01	-4.234152e-01	5.992570e-01	-5.633085e-01	6.729310e-01	-7.615952e-01	1.225785e-02	4.489997e-01	
-9.027425e-01	1.000000e+00	-3.775381e-01	2.985055e-01	-6.367531e-01	6.917103e-01	-7.456665e-01	6.762266e-01	-3.381500e-01	1.524378e-02	-4.763698e-02	1.049143e-01	-5.289139e-02	-6.736567e-02	-8.339566e-01	7.391224e-01	-7.492990e-01	7.271681e-01	4.846835e-01	-6.673627e-01	6.148563e-01	-7.338742e-01	8.273104e-01	6.275047e-02	-5.478910e-01	
2.715175e-01	-3.775381e-01	1.000000e+00	-7.271135e-01	2.589043e-01	-2.775257e-01	2.948724e-01	-3.128434e-01	1.929814e-01	-3.374248e-01	4.390373e-01	-5.533815e-01	-4.742506e-03	1.913133e-01	1.851407e-02	-2.950283e-01	3.045717e-01	-3.026254e-01	-1.715536e-01	2.554789e-01	-4.710554e-01	5.372573e-01	-5.769738e-01	-9.308026e-02	3.736019e-01	
-2.479261e-01	2.985055e-01	-7.271135e-01	1.000000e+00	-5.981188e-01	6.297608e-01	-6.380041e-01	3.769768e-01	-8.540879e-02	9.233808e-02	-1.133469e-01	1.395884e-01	-5.886931e-03	-4.852825e-02	-4.645010e-02	2.317826e-01	-2.397451e-01	2.383811e-01	1.413836e-01	-2.079236e-01	3.587507e-01	-4.102087e-01	4.414389e-01	4.336436e-02	-2.673272e-01	
6.064616e-01	-6.367531e-01	2.589043e-01	-5.981188e-01	1.000000e+00	-9.882354e-01	9.559804e-01	-8.252295e-01	4.610336e-01	8.704250e-02	-1.205050e-01	1.462167e-01	8.932639e-02	-4.547250e-02	5.318756e-01	-5.015064e-01	5.098400e-01	-4.991977e-01	-2.779655e-01	4.179469e-01	-4.216189e-01	5.021874e-01	-5.636054e-01	-1.192542e-02	3.401407e-01	
-6.555622e-01	6.917103e-01	-2.775257e-01	6.297608e-01	-9.882354e-01	1.000000e+00	-9.891816e-01	8.132182e-01	-4.214215e-01	-9.410660e-02	1.280681e-01	-1.532633e-01	-8.959796e-02	4.960784e-02	-5.787334e-01	5.339247e-01	-5.432995e-01	5.315726e-01	3.131928e-01	-4.583719e-01	4.532832e-01	-5.391138e-01	6.047309e-01	1.300226e-02	-3.669969e-01	
6.987767e-01	-7.456665e-01	2.948724e-01	-6.380041e-01	9.559804e-01	-9.891816e-01	1.000000e+00	-7.921813e-01	3.841693e-01	9.759245e-02	-1.286855e-01	1.494517e-01	8.337176e-02	-4.239823e-02	6.258806e-01	-5.669428e-01	5.772667e-01	-5.643708e-01	-3.478483e-01	4.984130e-01	-4.826595e-01	5.737379e-01	-6.435906e-01	-1.695676e-02	3.951041e-01	
-6.013301e-01	6.762266e-01	-3.128434e-01	3.769768e-01	-8.252295e-01	8.132182e-01	-7.921813e-01	1.000000e+00	-8.455403e-01	1.017880e-01	-1.061766e-01	1.151627e-01	-1.145152e-01	-7.308146e-02	-5.682656e-01	5.455028e-01	-5.540703e-01	5.413681e-01	3.010088e-01	-4.531899e-01	4.451144e-01	-5.321791e-01	5.991638e-01	3.293245e-02	-3.774453e-01	
2.840896e-01	-3.381500e-01	1.929814e-01	-8.540879e-02	4.610336e-01	-4.214215e-01	3.841693e-01	-8.455403e-01	1.000000e+00	-2.029911e-01	2.198606e-01	-2.304553e-01	1.028427e-01	1.438772e-01	2.903093e-01	-3.099980e-01	3.150474e-01	-3.098409e-01	-1.312133e-01	2.308576e-01	-2.480878e-01	2.935104e-01	-3.271557e-01	-6.206555e-03	1.898060e-01	
-3.472397e-02	1.524378e-02	-3.374248e-01	9.233808e-02	8.704250e-02	-9.410660e-02	9.759245e-02	1.017880e-01	-2.029911e-01	1.000000e+00	-9.811633e-01	9.071558e-01	-7.970662e-01	5.814683e-01	1.162202e-01	1.812091e-02	-1.761643e-02	1.745453e-02	-2.686787e-02	1.349226e-02	1.002591e-01	-1.072877e-01	1.079688e-01	-1.163544e-02	-3.040233e-02	
5.300639e-02	-4.763698e-02	4.390373e-01	-1.133469e-01	-1.205050e-01	1.280681e-01	-1.286855e-01	-1.061766e-01	2.198606e-01	-9.811633e-01	1.000000e+00	-9.704851e-01	7.441871e-01	-5.076104e-01	-1.147369e-01	-4.523328e-02	4.580470e-02	-4.554547e-02	8.958577e-03	1.138375e-02	-1.354107e-01	1.499645e-01	-1.563407e-01	-1.074486e-02	7.487550e-02	
-9.832690e-02	1.049143e-01	-5.533815e-01	1.395884e-01	1.462167e-01	-1.532633e-01	1.494517e-01	1.151627e-01	-2.304553e-01	9.071558e-01	-9.704851e-01	1.000000e+00	-6.269150e-01	3.736602e-01	9.301181e-02	8.758961e-02	-8.979306e-02	8.920471e-02	2.563056e-02	-5.561967e-02	1.842325e-01	-2.099357e-01	2.250973e-01	3.738418e-02	-1.359764e-01	
1.184943e-01	-5.289139e-02	-4.742506e-03	-5.886931e-03	8.932639e-02	-8.959796e-02	8.337176e-02	-1.145152e-01	1.028427e-01	-7.970662e-01	7.441871e-01	-6.269150e-01	1.000000e+00	-9.288926e-01	4.035351e-02	-5.428844e-02	5.556359e-02	-5.706678e-02	2.696414e-02	2.937793e-03	-4.232705e-02	4.731911e-02	-5.079168e-02	5.539557e-02	-2.469264e-02	
-7.839076e-03	-6.736567e-02	1.913133e-01	-4.852825e-02	-4.547250e-02	4.960784e-02	-4.239823e-02	-7.308146e-02	1.438772e-01	5.814683e-01	-5.076104e-01	3.736602e-01	-9.288926e-01	1.000000e+00	1.831881e-02	-4.638473e-02	4.730016e-02	-4.446796e-02	-7.361876e-02	7.447833e-02	-7.287385e-02	8.439042e-02	-9.194002e-02	-6.144140e-02	1.059141e-01	
7.924071e-01	-8.339566e-01	1.851407e-02	-4.645010e-02	5.318756e-01	-5.787334e-01	6.258806e-01	-5.682656e-01	2.903093e-01	1.162202e-01	-1.147369e-01	9.301181e-02	4.035351e-02	1.831881e-02	1.000000e+00	-8.227927e-01	8.460850e-01	-8.455333e-01	-3.587041e-01	6.233058e-01	-5.119030e-01	6.153580e-01	-6.992370e-01	-1.565063e-02	4.434463e-01	
-6.698112e-01	7.391224e-01	-2.950283e-01	2.317826e-01	-5.015064e-01	5.339247e-01	-5.669428e-01	5.455028e-01	-3.099980e-01	1.812091e-02	-4.523328e-02	8.758961e-02	-5.428844e-02	-4.638473e-02	-8.227927e-01	1.000000e+00	-9.928868e-01	9.719847e-01	-3.907642e-02	-3.371214e-01	6.004242e-01	-7.005854e-01	7.727825e-01	1.151342e-02	-4.334339e-01	
6.825171e-01	-7.492990e-01	3.045717e-01	-2.397451e-01	5.098400e-01	-5.432995e-01	5.772667e-01	-5.540703e-01	3.150474e-01	-1.761643e-02	4.580470e-02	-8.979306e-02	5.556359e-02	4.730016e-02	8.460850e-01	-9.928868e-01	1.000000e+00	-9.925500e-01	-2.326498e-03	3.828844e-01	-6.167291e-01	7.206765e-01	-7.955666e-01	-1.479385e-02	4.499315e-01	
-6.687038e-01	7.271681e-01	-3.026254e-01	2.383811e-01	-4.991977e-01	5.315726e-01	-5.643708e-01	5.413681e-01	-3.098409e-01	1.745453e-02	-4.554547e-02	8.920471e-02	-5.706678e-02	-4.446796e-02	-8.455333e-01	9.719847e-01	-9.925500e-01	1.000000e+00	1.783361e-02	-4.020132e-01	6.179828e-01	-7.219365e-01	7.963580e-01	1.306294e-02	-4.469134e-01	
-4.234152e-01	4.846835e-01	-1.715536e-01	1.413836e-01	-2.779655e-01	3.131928e-01	-3.478483e-01	3.010088e-01	-1.312133e-01	-2.686787e-02	8.958577e-03	2.563056e-02	2.696414e-02	-7.361876e-02	-3.587041e-01	-3.907642e-02	-2.326498e-03	1.783361e-02	1.000000e+00	-9.030747e-01	2.406109e-01	-2.888747e-01	3.302894e-01	9.088122e-02	-3.490148e-01	
5.992570e-01	-6.673627e-01	2.554789e-01	-2.079236e-01	4.179469e-01	-4.583719e-01	4.984130e-01	-4.531899e-01	2.308576e-01	1.349226e-02	1.138375e-02	-5.561967e-02	2.937793e-03	7.447833e-02	6.233058e-01	-3.371214e-01	3.828844e-01	-4.020132e-01	-9.030747e-01	1.000000e+00	-4.460430e-01	5.237642e-01	-5.834996e-01	-8.669128e-02	4.832027e-01	
-5.633085e-01	6.148563e-01	-4.710554e-01	3.587507e-01	-4.216189e-01	4.532832e-01	-4.826595e-01	4.451144e-01	-2.480878e-01	1.002591e-01	-1.354107e-01	1.842325e-01	-4.232705e-02	-7.287385e-02	-5.119030e-01	6.004242e-01	-6.167291e-01	6.179828e-01	2.406109e-01	-4.460430e-01	1.000000e+00	-9.774487e-01	9.118275e-01	-5.721873e-01	4.610675e-02	
6.729310e-01	-7.338742e-01	5.372573e-01	-4.102087e-01	5.021874e-01	-5.391138e-01	5.737379e-01	-5.321791e-01	2.935104e-01	-1.072877e-01	1.499645e-01	-2.099357e-01	4.731911e-02	8.439042e-02	6.153580e-01	-7.005854e-01	7.206765e-01	-7.219365e-01	-2.888747e-01	5.237642e-01	-9.774487e-01	1.000000e+00	-9.775789e-01	4.459386e-01	1.110919e-01	
-7.615952e-01	8.273104e-01	-5.769738e-01	4.414389e-01	-5.636054e-01	6.047309e-01	-6.435906e-01	5.991638e-01	-3.271557e-01	1.079688e-01	-1.563407e-01	2.250973e-01	-5.079168e-02	-9.194002e-02	-6.992370e-01	7.727825e-01	-7.955666e-01	7.963580e-01	3.302894e-01	-5.834996e-01	9.118275e-01	-9.775789e-01	1.000000e+00	-2.896727e-01	-2.741978e-01	
1.225785e-02	6.275047e-02	-9.308026e-02	4.336436e-02	-1.192542e-02	1.300226e-02	-1.695676e-02	3.293245e-02	-6.206555e-03	-1.163544e-02	-1.074486e-02	3.738418e-02	5.539557e-02	-6.144140e-02	-1.565063e-02	1.151342e-02	-1.479385e-02	1.306294e-02	9.088122e-02	-8.669128e-02	-5.721873e-01	4.459386e-01	-2.896727e-01	1.000000e+00	-8.266060e-01	
4.489997e-01	-5.478910e-01	3.736019e-01	-2.673272e-01	3.401407e-01	-3.669969e-01	3.951041e-01	-3.774453e-01	1.898060e-01	-3.040233e-02	7.487550e-02	-1.359764e-01	-2.469264e-02	1.059141e-01	4.434463e-01	-4.334339e-01	4.499315e-01	-4.469134e-01	-3.490148e-01	4.832027e-01	4.610675e-02	1.110919e-01	-2.741978e-01	-8.266060e-01	1.000000e+00	

Time taken for mcmc chain: 1.070833 hours
