Number of steps: 995564
Number of accepted steps: 500000
Burn-in number of steps: 320000
Accepted fraction of steps: 0.502228
Convergence Status
R[0]= -nan	R[1]= -nan	R[2]= -nan	R[3]= -nan	R[4]= -nan	R[5]= -nan	R[6]= -nan	R[7]= -nan	R[8]= -nan	R[9]= -nan	R[10]= -nan	R[11]= -nan	R[12]= -nan	R[13]= -nan	R[14]= -nan	R[15]= -nan	R[16]= -nan	R[17]= -nan	R[18]= -nan	R[19]= -nan	R[20]= -nan	R[21]= -nan	R[22]= -nan	R[23]= -nan	R[24]= -nan	
<R>= -nan

Mean parameters
A[0]= 8.956550e-01 pm 1.554414e-01
A[1]= 1.023204e+00 pm 2.328446e-01
A[2]= 3.382000e-01 pm 2.132267e-01
A[3]= 4.258519e+00 pm 5.613644e-01
A[4]= -8.977526e+02 pm 4.770713e+03
A[5]= 1.406439e+02 pm 3.269649e+03
A[6]= 4.167636e+02 pm 8.223293e+02
A[7]= -3.250644e+00 pm 1.850295e+01
A[8]= -3.611013e-02 pm 1.748964e-01
A[9]= 8.466560e+03 pm 7.304654e+03
A[10]= -6.388985e+03 pm 4.519992e+03
A[11]= 1.424832e+03 pm 1.051598e+03
A[12]= -5.511116e+01 pm 5.536947e+01
A[13]= 8.556103e-01 pm 8.562383e-01
A[14]= 4.082857e+00 pm 4.308027e+00
A[15]= -3.684027e+03 pm 8.621305e+03
A[16]= 2.220895e+03 pm 5.918327e+03
A[17]= -2.556432e+02 pm 1.350085e+03
A[18]= -8.606909e+00 pm 1.384652e+01
A[19]= 9.630554e-02 pm 2.998780e-01
A[20]= 4.448333e+03 pm 5.742933e+03
A[21]= -2.344595e+03 pm 3.982308e+03
A[22]= 2.291155e+02 pm 1.087910e+03
A[23]= -2.226923e+01 pm 2.997608e+01
A[24]= 5.233148e-01 pm 6.496205e-01

Best-fitting parameters
A[0]= 8.682676e-01
A[1]= 1.210205e+00
A[2]= 6.036665e-01
A[3]= 3.886069e+00
A[4]= -2.004020e+03
A[5]= 1.616273e+03
A[6]= -1.360882e+02
A[7]= -9.255660e-01
A[8]= 1.312007e-02
A[9]= 5.054862e+03
A[10]= -4.267967e+03
A[11]= 1.036501e+03
A[12]= -7.302935e+01
A[13]= 1.419550e+00
A[14]= 2.568455e-01
A[15]= 4.133052e+03
A[16]= -3.194125e+03
A[17]= 9.858871e+02
A[18]= 1.586894e+00
A[19]= -1.679442e-01
A[20]= 8.761569e+03
A[21]= -5.527768e+03
A[22]= 1.097496e+03
A[23]= -4.273600e+01
A[24]= 5.982016e-01
chi2_min= 1.106028e+02


Cross-Covariance parameters
1.000000e+00	-9.268631e-01	-6.433722e-01	1.894369e-01	6.890615e-01	-7.240944e-01	7.536116e-01	-6.504816e-01	4.805095e-01	-1.409132e-01	3.311240e-01	-5.960260e-01	5.552364e-01	-3.136957e-01	8.979041e-01	-8.699556e-01	8.751868e-01	-8.762214e-01	-6.930335e-01	8.285217e-01	-5.252045e-01	6.889084e-01	-8.391979e-01	1.773862e-01	5.070349e-01	
-9.268631e-01	1.000000e+00	7.263790e-01	-3.219530e-02	-8.253293e-01	8.692868e-01	-9.064943e-01	7.631732e-01	-5.206350e-01	2.073614e-01	-3.769558e-01	6.177282e-01	-6.147581e-01	3.689794e-01	-9.826140e-01	9.580738e-01	-9.610828e-01	9.599890e-01	7.454706e-01	-8.974464e-01	5.726345e-01	-7.161684e-01	8.376569e-01	-2.535177e-01	-4.278046e-01	
-6.433722e-01	7.263790e-01	1.000000e+00	-3.203650e-01	-6.988059e-01	7.113033e-01	-7.148326e-01	5.659984e-01	-3.736196e-01	-2.298331e-01	1.092321e-01	1.033136e-01	-3.009769e-01	1.777480e-01	-7.594308e-01	7.151450e-01	-7.163467e-01	7.140745e-01	5.289958e-01	-6.572182e-01	2.581745e-01	-3.374744e-01	4.185036e-01	-1.989519e-01	-2.111414e-01	
1.894369e-01	-3.219530e-02	-3.203650e-01	1.000000e+00	-1.891913e-01	2.149082e-01	-2.291003e-01	6.770287e-02	8.707865e-02	3.718078e-01	-3.376306e-01	2.538330e-01	-1.425315e-01	9.579471e-02	1.579136e-02	1.702261e-02	-1.448344e-02	1.372549e-02	-6.927147e-02	3.355307e-02	1.661489e-01	-1.048228e-01	1.788590e-02	-2.153462e-01	2.726699e-01	
6.890615e-01	-8.253293e-01	-6.988059e-01	-1.891913e-01	1.000000e+00	-9.922774e-01	9.686397e-01	-9.153511e-01	6.814246e-01	-1.737894e-01	2.953826e-01	-4.710543e-01	5.161829e-01	-2.742521e-01	8.369529e-01	-8.234499e-01	8.241151e-01	-8.218420e-01	-5.678094e-01	7.302070e-01	-5.132667e-01	5.886946e-01	-6.396063e-01	3.436316e-01	1.763716e-01	
-7.240944e-01	8.692868e-01	7.113033e-01	2.149082e-01	-9.922774e-01	1.000000e+00	-9.917196e-01	9.045647e-01	-6.550151e-01	2.017634e-01	-3.284892e-01	5.109173e-01	-5.498896e-01	3.032822e-01	-8.785834e-01	8.663909e-01	-8.668618e-01	8.643731e-01	5.985410e-01	-7.666833e-01	5.461165e-01	-6.285742e-01	6.843541e-01	-3.526014e-01	-1.977038e-01	
7.536116e-01	-9.064943e-01	-7.148326e-01	-2.291003e-01	9.686397e-01	-9.917196e-01	1.000000e+00	-8.808114e-01	6.200583e-01	-2.268952e-01	3.587243e-01	-5.474330e-01	5.785825e-01	-3.299658e-01	9.128480e-01	-9.014155e-01	9.018347e-01	-8.992528e-01	-6.287143e-01	7.995628e-01	-5.705855e-01	6.608199e-01	-7.229003e-01	3.522110e-01	2.252833e-01	
-6.504816e-01	7.631732e-01	5.659984e-01	6.770287e-02	-9.153511e-01	9.045647e-01	-8.808114e-01	1.000000e+00	-9.041356e-01	2.984136e-01	-4.009514e-01	5.358242e-01	-5.359002e-01	2.635196e-01	-7.485421e-01	7.408602e-01	-7.401339e-01	7.372389e-01	5.036826e-01	-6.397877e-01	5.003062e-01	-5.796107e-01	6.323969e-01	-2.980738e-01	-2.070237e-01	
4.805095e-01	-5.206350e-01	-3.736196e-01	8.707865e-02	6.814246e-01	-6.550151e-01	6.200583e-01	-9.041356e-01	1.000000e+00	-2.953017e-01	3.634235e-01	-4.379088e-01	4.151349e-01	-1.604478e-01	4.937872e-01	-4.854362e-01	4.844890e-01	-4.825158e-01	-3.198029e-01	4.011165e-01	-3.516060e-01	4.124253e-01	-4.546291e-01	2.055108e-01	1.605608e-01	
-1.409132e-01	2.073614e-01	-2.298331e-01	3.718078e-01	-1.737894e-01	2.017634e-01	-2.268952e-01	2.984136e-01	-2.953017e-01	1.000000e+00	-9.733735e-01	8.530106e-01	-7.815512e-01	7.331244e-01	-1.580984e-01	1.650854e-01	-1.668617e-01	1.690805e-01	1.437052e-01	-1.518413e-01	2.279318e-01	-2.549340e-01	2.605133e-01	-7.334542e-02	-9.680936e-02	
3.311240e-01	-3.769558e-01	1.092321e-01	-3.376306e-01	2.953826e-01	-3.284892e-01	3.587243e-01	-4.009514e-01	3.634235e-01	-9.733735e-01	1.000000e+00	-9.480204e-01	8.748777e-01	-7.879430e-01	3.234704e-01	-3.212617e-01	3.242042e-01	-3.267765e-01	-2.789486e-01	3.091001e-01	-3.118235e-01	3.704168e-01	-4.067410e-01	1.021878e-01	1.926651e-01	
-5.960260e-01	6.177282e-01	1.033136e-01	2.538330e-01	-4.710543e-01	5.109173e-01	-5.474330e-01	5.358242e-01	-4.379088e-01	8.530106e-01	-9.480204e-01	1.000000e+00	-9.297199e-01	7.873261e-01	-5.649355e-01	5.520933e-01	-5.565931e-01	5.594506e-01	4.685673e-01	-5.360261e-01	4.292337e-01	-5.307312e-01	6.093248e-01	-1.441111e-01	-3.236448e-01	
5.552364e-01	-6.147581e-01	-3.009769e-01	-1.425315e-01	5.161829e-01	-5.498896e-01	5.785825e-01	-5.359002e-01	4.151349e-01	-7.815512e-01	8.748777e-01	-9.297199e-01	1.000000e+00	-9.299527e-01	5.852905e-01	-5.584146e-01	5.635977e-01	-5.671763e-01	-4.684676e-01	5.403690e-01	-3.583720e-01	4.428022e-01	-5.125377e-01	1.387147e-01	2.840977e-01	
-3.136957e-01	3.689794e-01	1.777480e-01	9.579471e-02	-2.742521e-01	3.032822e-01	-3.299658e-01	2.635196e-01	-1.604478e-01	7.331244e-01	-7.879430e-01	7.873261e-01	-9.299527e-01	1.000000e+00	-3.521430e-01	3.225120e-01	-3.284788e-01	3.337496e-01	3.036239e-01	-3.331283e-01	1.742504e-01	-2.241929e-01	2.698427e-01	-4.012896e-02	-2.012033e-01	
8.979041e-01	-9.826140e-01	-7.594308e-01	1.579136e-02	8.369529e-01	-8.785834e-01	9.128480e-01	-7.485421e-01	4.937872e-01	-1.580984e-01	3.234704e-01	-5.649355e-01	5.852905e-01	-3.521430e-01	1.000000e+00	-9.786678e-01	9.834440e-01	-9.847958e-01	-7.443353e-01	9.146634e-01	-5.629493e-01	6.988444e-01	-8.130463e-01	2.671361e-01	3.997585e-01	
-8.699556e-01	9.580738e-01	7.151450e-01	1.702261e-02	-8.234499e-01	8.663909e-01	-9.014155e-01	7.408602e-01	-4.854362e-01	1.650854e-01	-3.212617e-01	5.520933e-01	-5.584146e-01	3.225120e-01	-9.786678e-01	1.000000e+00	-9.990072e-01	9.963154e-01	6.201156e-01	-8.437077e-01	5.908172e-01	-7.242809e-01	8.294250e-01	-2.690977e-01	-3.841452e-01	
8.751868e-01	-9.610828e-01	-7.163467e-01	-1.448344e-02	8.241151e-01	-8.668618e-01	9.018347e-01	-7.401339e-01	4.844890e-01	-1.668617e-01	3.242042e-01	-5.565931e-01	5.635977e-01	-3.284788e-01	9.834440e-01	-9.990072e-01	1.000000e+00	-9.990987e-01	-6.383674e-01	8.564713e-01	-5.923578e-01	7.266467e-01	-8.329923e-01	2.688765e-01	3.887512e-01	
-8.762214e-01	9.599890e-01	7.140745e-01	1.372549e-02	-8.218420e-01	8.643731e-01	-8.992528e-01	7.372389e-01	-4.825158e-01	1.690805e-01	-3.267765e-01	5.594506e-01	-5.671763e-01	3.337496e-01	-9.847958e-01	9.963154e-01	-9.990987e-01	1.000000e+00	6.495905e-01	-8.639394e-01	5.923828e-01	-7.269794e-01	8.338641e-01	-2.675461e-01	-3.914586e-01	
-6.930335e-01	7.454706e-01	5.289958e-01	-6.927147e-02	-5.678094e-01	5.985410e-01	-6.287143e-01	5.036826e-01	-3.198029e-01	1.437052e-01	-2.789486e-01	4.685673e-01	-4.684676e-01	3.036239e-01	-7.443353e-01	6.201156e-01	-6.383674e-01	6.495905e-01	1.000000e+00	-9.370293e-01	3.696204e-01	-4.808777e-01	5.870962e-01	-1.398067e-01	-4.087008e-01	
8.285217e-01	-8.974464e-01	-6.572182e-01	3.355307e-02	7.302070e-01	-7.666833e-01	7.995628e-01	-6.397877e-01	4.011165e-01	-1.518413e-01	3.091001e-01	-5.360261e-01	5.403690e-01	-3.331283e-01	9.146634e-01	-8.437077e-01	8.564713e-01	-8.639394e-01	-9.370293e-01	1.000000e+00	-5.039690e-01	6.330439e-01	-7.457146e-01	2.147840e-01	4.315561e-01	
-5.252045e-01	5.726345e-01	2.581745e-01	1.661489e-01	-5.132667e-01	5.461165e-01	-5.705855e-01	5.003062e-01	-3.516060e-01	2.279318e-01	-3.118235e-01	4.292337e-01	-3.583720e-01	1.742504e-01	-5.629493e-01	5.908172e-01	-5.923578e-01	5.923828e-01	3.696204e-01	-5.039690e-01	1.000000e+00	-9.699822e-01	8.672674e-01	-7.872081e-01	2.397308e-01	
6.889084e-01	-7.161684e-01	-3.374744e-01	-1.048228e-01	5.886946e-01	-6.285742e-01	6.608199e-01	-5.796107e-01	4.124253e-01	-2.549340e-01	3.704168e-01	-5.307312e-01	4.428022e-01	-2.241929e-01	6.988444e-01	-7.242809e-01	7.266467e-01	-7.269794e-01	-4.808777e-01	6.330439e-01	-9.699822e-01	1.000000e+00	-9.614190e-01	6.937358e-01	-5.582931e-02	
-8.391979e-01	8.376569e-01	4.185036e-01	1.788590e-02	-6.396063e-01	6.843541e-01	-7.229003e-01	6.323969e-01	-4.546291e-01	2.605133e-01	-4.067410e-01	6.093248e-01	-5.125377e-01	2.698427e-01	-8.130463e-01	8.294250e-01	-8.329923e-01	8.338641e-01	5.870962e-01	-7.457146e-01	8.672674e-01	-9.614190e-01	1.000000e+00	-5.274909e-01	-1.730265e-01	
1.773862e-01	-2.535177e-01	-1.989519e-01	-2.153462e-01	3.436316e-01	-3.526014e-01	3.522110e-01	-2.980738e-01	2.055108e-01	-7.334542e-02	1.021878e-01	-1.441111e-01	1.387147e-01	-4.012896e-02	2.671361e-01	-2.690977e-01	2.688765e-01	-2.675461e-01	-1.398067e-01	2.147840e-01	-7.872081e-01	6.937358e-01	-5.274909e-01	1.000000e+00	-7.245974e-01	
5.070349e-01	-4.278046e-01	-2.111414e-01	2.726699e-01	1.763716e-01	-1.977038e-01	2.252833e-01	-2.070237e-01	1.605608e-01	-9.680936e-02	1.926651e-01	-3.236448e-01	2.840977e-01	-2.012033e-01	3.997585e-01	-3.841452e-01	3.887512e-01	-3.914586e-01	-4.087008e-01	4.315561e-01	2.397308e-01	-5.582931e-02	-1.730265e-01	-7.245974e-01	1.000000e+00	

Time taken for mcmc chain: 10.283333 minutes
