Number of steps: 2318611
Number of accepted steps: 960000
Burn-in number of steps: 320000
Accepted fraction of steps: 0.414041
Convergence Status
R[0]= 1.032604	R[1]= 1.003062	R[2]= 1.009834	R[3]= 1.017340	R[4]= 1.048367	R[5]= 1.051370	R[6]= 1.050522	R[7]= 1.004496	R[8]= 1.001737	R[9]= 1.000990	R[10]= 1.001815	R[11]= 1.003721	R[12]= 1.003047	R[13]= 1.003470	R[14]= 1.053045	R[15]= 1.035561	R[16]= 1.051482	R[17]= 1.065492	R[18]= 1.004988	R[19]= 1.015173	R[20]= 1.003375	R[21]= 1.001938	R[22]= 1.001092	R[23]= 1.005188	R[24]= 1.006130	
<R>= 1.019034

Mean parameters
A[0]= 8.758032e-01 pm 3.908707e-02
A[1]= 1.000916e+00 pm 3.017336e-02
A[2]= 4.914998e-01 pm 4.106793e-01
A[3]= 4.066494e+00 pm 1.457539e+00
A[4]= -3.924067e+03 pm 3.873007e+03
A[5]= 1.870713e+03 pm 2.552787e+03
A[6]= 1.066790e+00 pm 5.939782e+02
A[7]= 1.133805e+01 pm 1.273869e+01
A[8]= -1.981494e-01 pm 1.870167e-01
A[9]= -5.674729e+03 pm 8.384460e+03
A[10]= 2.223181e+03 pm 4.899505e+03
A[11]= -4.212387e+02 pm 9.879205e+02
A[12]= 2.794040e+01 pm 4.918103e+01
A[13]= -6.403867e-01 pm 9.431634e-01
A[14]= 5.039236e+00 pm 1.746650e+00
A[15]= -7.113546e+03 pm 5.221013e+03
A[16]= 4.554368e+03 pm 3.431840e+03
A[17]= -6.766718e+02 pm 7.977161e+02
A[18]= 1.342892e+01 pm 1.950748e+01
A[19]= -7.705479e-02 pm 2.789101e-01
A[20]= -1.232615e+03 pm 1.109777e+04
A[21]= 1.701214e+02 pm 6.544804e+03
A[22]= -2.598116e+02 pm 1.327832e+03
A[23]= 1.940150e+01 pm 6.649599e+01
A[24]= -7.534046e-01 pm 1.288523e+00

Best-fitting parameters
A[0]= 8.762587e-01
A[1]= 1.002888e+00
A[2]= 3.711846e-01
A[3]= 4.052375e+00
A[4]= -4.753926e+03
A[5]= 2.067110e+03
A[6]= 2.191245e+01
A[7]= 1.352724e+01
A[8]= -2.523033e-01
A[9]= -2.080408e+03
A[10]= 1.878542e+02
A[11]= -4.159603e+01
A[12]= 1.752379e+01
A[13]= -5.644753e-01
A[14]= 5.840722e+00
A[15]= -1.079242e+04
A[16]= 6.770502e+03
A[17]= -1.141168e+03
A[18]= 2.275589e+01
A[19]= -1.509158e-01
A[20]= -5.005843e+03
A[21]= 2.118193e+03
A[22]= -5.346434e+02
A[23]= 4.521148e+01
A[24]= -1.212645e+00
chi2_min= 9.445865e+01


Cross-Covariance parameters
1.000000e+00	-5.035007e-01	-1.635730e-01	1.504376e-01	-3.541877e-02	5.833751e-02	-8.552887e-02	5.752928e-02	6.972029e-03	1.499680e-02	1.183948e-02	-6.348487e-02	8.614249e-02	-3.886457e-02	3.885617e-02	9.098451e-02	-7.507226e-02	5.073705e-02	-2.722650e-02	2.166189e-02	-4.168099e-02	6.472718e-02	-1.101068e-01	1.431387e-01	-1.030054e-01	
-5.035007e-01	1.000000e+00	2.162361e-01	-2.369313e-01	8.916345e-03	-1.713496e-02	1.701111e-02	1.681799e-01	-1.763807e-01	-2.085152e-02	1.207380e-02	1.047579e-02	-8.615944e-02	3.646330e-02	-1.958469e-01	-3.007037e-02	3.232230e-02	-3.739847e-02	1.509078e-01	-1.292016e-01	5.838207e-03	-1.054056e-02	2.987689e-02	-1.150650e-01	8.897607e-02	
-1.635730e-01	2.162361e-01	1.000000e+00	-6.552709e-01	4.612558e-02	-4.865679e-02	5.923787e-02	-4.719393e-02	4.189932e-03	-2.899989e-01	4.091995e-01	-5.581404e-01	-2.141482e-01	3.172770e-01	-5.775313e-01	-7.904535e-02	7.491993e-02	-6.175205e-02	1.008785e-02	8.175684e-03	-3.297766e-01	4.315012e-01	-5.563994e-01	-1.624117e-01	2.671161e-01	
1.504376e-01	-2.369313e-01	-6.552709e-01	1.000000e+00	-6.101715e-01	6.698275e-01	-7.138046e-01	4.146738e-02	2.730101e-01	1.047360e-01	-1.694547e-01	2.619973e-01	1.114750e-01	-1.192665e-01	4.425724e-01	2.573381e-02	-2.301882e-02	1.361131e-02	-3.820325e-02	2.914027e-02	1.917245e-01	-2.586426e-01	3.398852e-01	1.484104e-01	-2.173037e-01	
-3.541877e-02	8.916345e-03	4.612558e-02	-6.101715e-01	1.000000e+00	-9.857314e-01	9.461524e-01	-5.090677e-01	8.800141e-02	5.438640e-02	-7.355757e-02	8.808200e-02	6.091131e-02	-6.363660e-02	-9.166349e-02	4.389950e-02	-5.135076e-02	6.135754e-02	1.402648e-02	-2.247986e-02	2.896871e-02	-2.855660e-02	2.594129e-02	-5.320739e-02	5.899071e-02	
5.833751e-02	-1.713496e-02	-4.865679e-02	6.698275e-01	-9.857314e-01	1.000000e+00	-9.866932e-01	4.414008e-01	-1.060028e-02	-6.783865e-02	8.932636e-02	-1.056192e-01	-6.108469e-02	7.743396e-02	9.600209e-02	-4.790776e-02	5.523082e-02	-6.511484e-02	-1.325939e-02	2.397842e-02	-3.400487e-02	3.351352e-02	-3.121412e-02	5.863496e-02	-6.282356e-02	
-8.552887e-02	1.701111e-02	5.923787e-02	-7.138046e-01	9.461524e-01	-9.866932e-01	1.000000e+00	-3.709707e-01	-5.459579e-02	8.018934e-02	-1.022468e-01	1.183873e-01	5.186474e-02	-7.780125e-02	-1.007568e-01	4.954019e-02	-5.681941e-02	6.689786e-02	9.490163e-03	-2.225067e-02	3.626727e-02	-3.500126e-02	3.205480e-02	-6.473886e-02	6.811834e-02	
5.752928e-02	1.681799e-01	-4.719393e-02	4.146738e-02	-5.090677e-01	4.414008e-01	-3.709707e-01	1.000000e+00	-8.815284e-01	1.485854e-01	-1.410477e-01	1.192241e-01	-5.769104e-02	-1.092319e-01	7.610368e-03	9.772841e-03	-2.690686e-03	-9.015749e-03	4.190394e-02	-3.691627e-02	2.409279e-02	-2.610088e-02	2.989194e-02	-5.416145e-04	-7.167839e-03	
6.972029e-03	-1.763807e-01	4.189932e-03	2.730101e-01	8.800141e-02	-1.060028e-02	-5.459579e-02	-8.815284e-01	1.000000e+00	-1.937617e-01	1.935458e-01	-1.739454e-01	5.064947e-02	1.554655e-01	3.393692e-02	-1.756326e-02	1.366221e-02	-7.346728e-03	-4.198156e-02	3.877996e-02	-3.197070e-02	3.257541e-02	-3.498482e-02	3.661601e-02	-3.237641e-02	
1.499680e-02	-2.085152e-02	-2.899989e-01	1.047360e-01	5.438640e-02	-6.783865e-02	8.018934e-02	1.485854e-01	-1.937617e-01	1.000000e+00	-9.838229e-01	9.145124e-01	-7.670226e-01	6.025902e-01	2.081790e-01	-1.895606e-02	2.297001e-02	-2.526551e-02	-1.740411e-02	3.300147e-02	1.189211e-01	-1.493610e-01	1.866810e-01	9.038634e-03	-4.384427e-02	
1.183948e-02	1.207380e-02	4.091995e-01	-1.694547e-01	-7.355757e-02	8.932636e-02	-1.022468e-01	-1.410477e-01	1.935458e-01	-9.838229e-01	1.000000e+00	-9.713793e-01	7.175544e-01	-5.457902e-01	-2.700760e-01	1.114782e-03	-3.774449e-03	6.145661e-03	1.365260e-02	-2.411510e-02	-1.681838e-01	2.138867e-01	-2.704356e-01	-2.383859e-02	7.514707e-02	
-6.348487e-02	1.047579e-02	-5.581404e-01	2.619973e-01	8.808200e-02	-1.056192e-01	1.183873e-01	1.192241e-01	-1.739454e-01	9.145124e-01	-9.713793e-01	1.000000e+00	-6.060780e-01	4.338780e-01	3.452244e-01	2.432807e-02	-2.369478e-02	2.129223e-02	-8.597688e-03	1.034310e-02	2.324459e-01	-2.979797e-01	3.798133e-01	4.114752e-02	-1.145599e-01	
8.614249e-02	-8.615944e-02	-2.141482e-01	1.114750e-01	6.091131e-02	-6.108469e-02	5.186474e-02	-5.769104e-02	5.064947e-02	-7.670226e-01	7.175544e-01	-6.060780e-01	1.000000e+00	-9.527278e-01	7.876079e-02	7.401156e-02	-7.802419e-02	7.562767e-02	1.179379e-02	-4.057453e-02	7.993349e-02	-1.018887e-01	1.273810e-01	5.394231e-02	-7.589673e-02	
-3.886457e-02	3.646330e-02	3.172770e-01	-1.192665e-01	-6.363660e-02	7.743396e-02	-7.780125e-02	-1.092319e-01	1.554655e-01	6.025902e-01	-5.457902e-01	4.338780e-01	-9.527278e-01	1.000000e+00	-1.398039e-01	-7.621474e-02	8.090096e-02	-7.835347e-02	-2.128837e-02	5.025449e-02	-1.270801e-01	1.632839e-01	-2.078414e-01	-5.709990e-02	9.597431e-02	
3.885617e-02	-1.958469e-01	-5.775313e-01	4.425724e-01	-9.166349e-02	9.600209e-02	-1.007568e-01	7.610368e-03	3.393692e-02	2.081790e-01	-2.700760e-01	3.452244e-01	7.876079e-02	-1.398039e-01	1.000000e+00	-5.454539e-01	6.181441e-01	-6.740038e-01	-1.007931e-01	3.433422e-01	1.237925e-01	-1.653987e-01	2.265817e-01	-1.113289e-02	-1.107551e-02	
9.098451e-02	-3.007037e-02	-7.904535e-02	2.573381e-02	4.389950e-02	-4.790776e-02	4.954019e-02	9.772841e-03	-1.756326e-02	-1.895606e-02	1.114782e-03	2.432807e-02	7.401156e-02	-7.621474e-02	-5.454539e-01	1.000000e+00	-9.836640e-01	9.381548e-01	-4.750749e-01	1.216743e-01	1.395737e-01	-1.691714e-01	1.929547e-01	9.148836e-02	-1.110349e-01	
-7.507226e-02	3.232230e-02	7.491993e-02	-2.301882e-02	-5.135076e-02	5.523082e-02	-5.681941e-02	-2.690686e-03	1.366221e-02	2.297001e-02	-3.774449e-03	-2.369478e-02	-7.802419e-02	8.090096e-02	6.181441e-01	-9.836640e-01	1.000000e+00	-9.847130e-01	3.861269e-01	-2.406819e-02	-1.448139e-01	1.789300e-01	-2.072803e-01	-1.108991e-01	1.397403e-01	
5.073705e-02	-3.739847e-02	-6.175205e-02	1.361131e-02	6.135754e-02	-6.511484e-02	6.689786e-02	-9.015749e-03	-7.346728e-03	-2.526551e-02	6.145661e-03	2.129223e-02	7.562767e-02	-7.835347e-02	-6.740038e-01	9.381548e-01	-9.847130e-01	1.000000e+00	-2.910237e-01	-6.632449e-02	1.451720e-01	-1.820426e-01	2.133027e-01	1.211784e-01	-1.565574e-01	
-2.722650e-02	1.509078e-01	1.008785e-02	-3.820325e-02	1.402648e-02	-1.325939e-02	9.490163e-03	4.190394e-02	-4.198156e-02	-1.740411e-02	1.365260e-02	-8.597688e-03	1.179379e-02	-2.128837e-02	-1.007931e-01	-4.750749e-01	3.861269e-01	-2.910237e-01	1.000000e+00	-9.175715e-01	-7.745008e-04	3.535693e-03	-7.598478e-03	7.575831e-02	-1.623349e-01	
2.166189e-02	-1.292016e-01	8.175684e-03	2.914027e-02	-2.247986e-02	2.397842e-02	-2.225067e-02	-3.691627e-02	3.877996e-02	3.300147e-02	-2.411510e-02	1.034310e-02	-4.057453e-02	5.025449e-02	3.433422e-01	1.216743e-01	-2.406819e-02	-6.632449e-02	-9.175715e-01	1.000000e+00	-4.878940e-02	5.733587e-02	-6.164891e-02	-1.271392e-01	2.394940e-01	
-4.168099e-02	5.838207e-03	-3.297766e-01	1.917245e-01	2.896871e-02	-3.400487e-02	3.626727e-02	2.409279e-02	-3.197070e-02	1.189211e-01	-1.681838e-01	2.324459e-01	7.993349e-02	-1.270801e-01	1.237925e-01	1.395737e-01	-1.448139e-01	1.451720e-01	-7.745008e-04	-4.878940e-02	1.000000e+00	-9.852893e-01	9.255979e-01	-7.401878e-01	5.949454e-01	
6.472718e-02	-1.054056e-02	4.315012e-01	-2.586426e-01	-2.855660e-02	3.351352e-02	-3.500126e-02	-2.610088e-02	3.257541e-02	-1.493610e-01	2.138867e-01	-2.979797e-01	-1.018887e-01	1.632839e-01	-1.653987e-01	-1.691714e-01	1.789300e-01	-1.820426e-01	3.535693e-03	5.733587e-02	-9.852893e-01	1.000000e+00	-9.758658e-01	7.011272e-01	-5.494977e-01	
-1.101068e-01	2.987689e-02	-5.563994e-01	3.398852e-01	2.594129e-02	-3.121412e-02	3.205480e-02	2.989194e-02	-3.498482e-02	1.866810e-01	-2.704356e-01	3.798133e-01	1.273810e-01	-2.078414e-01	2.265817e-01	1.929547e-01	-2.072803e-01	2.133027e-01	-7.598478e-03	-6.164891e-02	9.255979e-01	-9.758658e-01	1.000000e+00	-6.113821e-01	4.580318e-01	
1.431387e-01	-1.150650e-01	-1.624117e-01	1.484104e-01	-5.320739e-02	5.863496e-02	-6.473886e-02	-5.416145e-04	3.661601e-02	9.038634e-03	-2.383859e-02	4.114752e-02	5.394231e-02	-5.709990e-02	-1.113289e-02	9.148836e-02	-1.108991e-01	1.211784e-01	7.575831e-02	-1.271392e-01	-7.401878e-01	7.011272e-01	-6.113821e-01	1.000000e+00	-9.682014e-01	
-1.030054e-01	8.897607e-02	2.671161e-01	-2.173037e-01	5.899071e-02	-6.282356e-02	6.811834e-02	-7.167839e-03	-3.237641e-02	-4.384427e-02	7.514707e-02	-1.145599e-01	-7.589673e-02	9.597431e-02	-1.107551e-02	-1.110349e-01	1.397403e-01	-1.565574e-01	-1.623349e-01	2.394940e-01	5.949454e-01	-5.494977e-01	4.580318e-01	-9.682014e-01	1.000000e+00	

Time taken for mcmc chain: 22.333333 minutes
