Number of steps: 12797956
Number of accepted steps: 960000
Burn-in number of steps: 320000
Accepted fraction of steps: 0.075012
Convergence Status
R[0]= 1.001140	R[1]= 1.001044	R[2]= 1.024964	R[3]= 1.008571	R[4]= 1.000922	R[5]= 1.000940	R[6]= 1.000974	R[7]= 1.000551	R[8]= 1.000170	R[9]= 1.000990	R[10]= 1.001891	R[11]= 1.003444	R[12]= 1.000649	R[13]= 1.001426	R[14]= 1.007423	R[15]= 1.000465	R[16]= 1.000498	R[17]= 1.000593	R[18]= 1.000489	R[19]= 1.000414	R[20]= 1.002865	R[21]= 1.003721	R[22]= 1.005139	R[23]= 1.000574	R[24]= 1.001291	
<R>= 1.002846

Mean parameters
A[0]= 9.586677e-01 pm 3.026014e-02
A[1]= 1.055294e+00 pm 2.553889e-02
A[2]= 6.382262e-01 pm 4.158606e-01
A[3]= 3.928327e+00 pm 1.154028e+00
A[4]= -4.495594e+03 pm 3.725318e+03
A[5]= 2.440590e+03 pm 2.437697e+03
A[6]= -1.354399e+02 pm 5.714849e+02
A[7]= 6.881267e+00 pm 1.326520e+01
A[8]= -7.633503e-02 pm 1.797261e-01
A[9]= -8.409278e+01 pm 8.486927e+03
A[10]= -5.670632e+02 pm 5.153149e+03
A[11]= -8.753674e+00 pm 1.104164e+03
A[12]= -2.803181e+01 pm 4.839231e+01
A[13]= 6.281198e-01 pm 9.376207e-01
A[14]= 5.131041e+00 pm 1.634268e+00
A[15]= -5.336713e+03 pm 5.186368e+03
A[16]= 4.333029e+03 pm 3.399760e+03
A[17]= -8.078688e+02 pm 7.997364e+02
A[18]= -6.948609e-01 pm 1.943766e+01
A[19]= 1.657280e-01 pm 2.596738e-01
A[20]= 1.079239e+04 pm 1.143016e+04
A[21]= -5.530326e+03 pm 6.860786e+03
A[22]= 5.005664e+02 pm 1.446256e+03
A[23]= -6.258918e+01 pm 6.696449e+01
A[24]= 8.298973e-01 pm 1.299952e+00

Best-fitting parameters
A[0]= 9.555378e-01
A[1]= 1.067366e+00
A[2]= 3.696658e-01
A[3]= 4.358832e+00
A[4]= -4.539389e+03
A[5]= 2.406363e+03
A[6]= -1.204896e+02
A[7]= 9.409157e+00
A[8]= -1.009172e-01
A[9]= 5.851309e+03
A[10]= -4.575614e+03
A[11]= 9.021912e+02
A[12]= -4.444741e+01
A[13]= 7.063021e-01
A[14]= 6.134602e+00
A[15]= -8.686816e+03
A[16]= 6.397495e+03
A[17]= -1.242970e+03
A[18]= 1.269099e+01
A[19]= 6.584994e-02
A[20]= 1.660660e+04
A[21]= -9.109274e+03
A[22]= 1.298526e+03
A[23]= -6.870273e+01
A[24]= 7.659306e-01
chi2_min= 1.044870e+02


Cross-Covariance parameters
1.000000e+00	-4.835018e-01	-1.830294e-01	1.139739e-01	3.100161e-02	-3.346680e-02	2.560169e-02	7.040834e-02	-7.057700e-02	1.977704e-03	-1.540634e-03	-1.484016e-02	1.501131e-01	-1.344482e-01	9.191202e-02	3.003254e-02	-3.237793e-02	2.714348e-02	7.279081e-02	-7.007743e-02	9.788983e-03	-6.636166e-03	-1.454445e-02	1.422592e-01	-1.284388e-01	
-4.835018e-01	1.000000e+00	1.727448e-01	-1.845434e-01	-1.377701e-02	2.156866e-02	-3.629695e-02	1.113449e-01	-9.873940e-02	6.551901e-03	-8.500008e-03	1.813045e-02	-1.041713e-01	6.481641e-02	-2.155819e-01	3.004585e-02	-2.956858e-02	2.138370e-02	1.133870e-01	-1.298512e-01	-3.268507e-03	-1.414313e-03	1.793116e-02	-7.365631e-02	4.194863e-02	
-1.830294e-01	1.727448e-01	1.000000e+00	-7.273553e-01	-3.030814e-02	3.117111e-02	-2.336551e-02	-3.705629e-02	4.214007e-02	-3.950573e-01	5.187242e-01	-6.582701e-01	-1.076357e-01	2.636400e-01	-7.061738e-01	2.596371e-02	-2.819604e-02	3.528568e-02	-5.319484e-02	3.095390e-02	-3.689421e-01	4.817603e-01	-6.204787e-01	-1.368833e-01	2.753701e-01	
1.139739e-01	-1.845434e-01	-7.273553e-01	1.000000e+00	-4.831501e-01	5.360646e-01	-5.785588e-01	1.809268e-01	7.215961e-02	2.318913e-01	-3.016149e-01	3.830014e-01	2.115637e-02	-9.467123e-02	5.440731e-01	-2.715319e-02	2.851214e-02	-3.202820e-02	2.210208e-02	-2.462643e-03	2.809182e-01	-3.643471e-01	4.669185e-01	9.176785e-02	-1.930444e-01	
3.100161e-02	-1.377701e-02	-3.030814e-02	-4.831501e-01	1.000000e+00	-9.847785e-01	9.415395e-01	-6.813970e-01	3.023980e-01	7.742508e-02	-1.189985e-01	1.652261e-01	9.851606e-02	-9.612484e-02	2.565396e-02	7.662245e-03	-7.966809e-03	7.576272e-03	8.706058e-03	-1.105918e-02	1.130700e-02	-1.745048e-02	2.387683e-02	1.369696e-02	-1.977221e-02	
-3.346680e-02	2.156866e-02	3.117111e-02	5.360646e-01	-9.847785e-01	1.000000e+00	-9.852474e-01	6.317002e-01	-2.351516e-01	-8.718227e-02	1.321551e-01	-1.823160e-01	-1.099003e-01	1.201289e-01	-2.766770e-02	-1.061546e-02	1.107048e-02	-1.076980e-02	-6.049964e-03	9.613738e-03	-1.088489e-02	1.775405e-02	-2.490162e-02	-1.678748e-02	2.335451e-02	
2.560169e-02	-3.629695e-02	-2.336551e-02	-5.785588e-01	9.415395e-01	-9.852474e-01	1.000000e+00	-5.684034e-01	1.697988e-01	9.774884e-02	-1.433533e-01	1.940604e-01	1.076132e-01	-1.270922e-01	2.515115e-02	1.307394e-02	-1.367556e-02	1.376877e-02	-7.081170e-04	-4.127661e-03	7.596560e-03	-1.408871e-02	2.073209e-02	1.707460e-02	-2.256522e-02	
7.040834e-02	1.113449e-01	-3.705629e-02	1.809268e-01	-6.813970e-01	6.317002e-01	-5.684034e-01	1.000000e+00	-8.843077e-01	9.694904e-02	-7.668821e-02	4.304377e-02	-6.436150e-02	-8.828062e-02	2.763393e-03	9.240261e-03	-9.251157e-03	5.961154e-03	2.981530e-02	-3.069654e-02	1.419884e-02	-1.835871e-02	2.341403e-02	1.486359e-02	-2.443725e-02	
-7.057700e-02	-9.873940e-02	4.214007e-02	7.215961e-02	3.023980e-01	-2.351516e-01	1.697988e-01	-8.843077e-01	1.000000e+00	-1.601173e-01	1.572344e-01	-1.397284e-01	2.847666e-02	1.777163e-01	-1.051822e-02	-1.410852e-02	1.371445e-02	-9.812726e-03	-2.674351e-02	2.905544e-02	-1.393902e-02	2.013964e-02	-2.746459e-02	-1.908608e-02	2.971748e-02	
1.977704e-03	6.551901e-03	-3.950573e-01	2.318913e-01	7.742508e-02	-8.718227e-02	9.774884e-02	9.694904e-02	-1.601173e-01	1.000000e+00	-9.821619e-01	9.122166e-01	-7.517563e-01	5.539512e-01	2.907152e-01	-8.374258e-03	8.472019e-03	-1.102822e-02	2.396893e-02	-1.581913e-02	1.544134e-01	-2.044604e-01	2.676585e-01	5.562933e-02	-1.180650e-01	
-1.540634e-03	-8.500008e-03	5.187242e-01	-3.016149e-01	-1.189985e-01	1.321551e-01	-1.433533e-01	-7.668821e-02	1.572344e-01	-9.821619e-01	1.000000e+00	-9.721957e-01	6.940355e-01	-4.861333e-01	-3.794610e-01	9.502418e-03	-9.893340e-03	1.339966e-02	-3.062391e-02	2.072113e-02	-2.042389e-01	2.699563e-01	-3.526591e-01	-6.957662e-02	1.517611e-01	
-1.484016e-02	1.813045e-02	-6.582701e-01	3.830014e-01	1.652261e-01	-1.823160e-01	1.940604e-01	4.304377e-02	-1.397284e-01	9.122166e-01	-9.721957e-01	1.000000e+00	-5.737852e-01	3.632389e-01	4.805261e-01	-1.121938e-02	1.202045e-02	-1.655786e-02	3.735630e-02	-2.552871e-02	2.616620e-01	-3.455539e-01	4.511341e-01	8.352665e-02	-1.888070e-01	
1.501131e-01	-1.041713e-01	-1.076357e-01	2.115637e-02	9.851606e-02	-1.099003e-01	1.076132e-01	-6.436150e-02	2.847666e-02	-7.517563e-01	6.940355e-01	-5.737852e-01	1.000000e+00	-9.454711e-01	7.898190e-02	6.394016e-03	-6.041120e-03	4.415001e-03	7.007887e-03	-6.475075e-03	4.021013e-02	-4.982464e-02	5.841668e-02	2.616424e-02	-3.651216e-02	
-1.344482e-01	6.481641e-02	2.636400e-01	-9.467123e-02	-9.612484e-02	1.201289e-01	-1.270922e-01	-8.828062e-02	1.777163e-01	5.539512e-01	-4.861333e-01	3.632389e-01	-9.454711e-01	1.000000e+00	-1.901998e-01	-5.105100e-03	4.135977e-03	-4.687807e-04	-1.837121e-02	1.524554e-02	-1.045637e-01	1.345839e-01	-1.691699e-01	-4.342976e-02	8.028253e-02	
9.191202e-02	-2.155819e-01	-7.061738e-01	5.440731e-01	2.565396e-02	-2.766770e-02	2.515115e-02	2.763393e-03	-1.051822e-02	2.907152e-01	-3.794610e-01	4.805261e-01	7.898190e-02	-1.901998e-01	1.000000e+00	-5.208208e-01	5.849631e-01	-6.343259e-01	1.100892e-01	1.575009e-01	1.703142e-01	-2.275247e-01	3.048008e-01	5.744672e-02	-1.118629e-01	
3.003254e-02	3.004585e-02	2.596371e-02	-2.715319e-02	7.662245e-03	-1.061546e-02	1.307394e-02	9.240261e-03	-1.410852e-02	-8.374258e-03	9.502418e-03	-1.121938e-02	6.394016e-03	-5.105100e-03	-5.208208e-01	1.000000e+00	-9.835682e-01	9.366104e-01	-6.371750e-01	2.770253e-01	1.463886e-01	-1.780224e-01	2.067840e-01	1.125890e-02	-3.512307e-02	
-3.237793e-02	-2.956858e-02	-2.819604e-02	2.851214e-02	-7.966809e-03	1.107048e-02	-1.367556e-02	-9.251157e-03	1.371445e-02	8.472019e-03	-9.893340e-03	1.202045e-02	-6.041120e-03	4.135977e-03	5.849631e-01	-9.835682e-01	1.000000e+00	-9.839804e-01	5.746655e-01	-1.966041e-01	-1.512131e-01	1.878032e-01	-2.221047e-01	-2.658619e-02	5.933356e-02	
2.714348e-02	2.138370e-02	3.528568e-02	-3.202820e-02	7.576272e-03	-1.076980e-02	1.376877e-02	5.961154e-03	-9.812726e-03	-1.102822e-02	1.339966e-02	-1.655786e-02	4.415001e-03	-4.687807e-04	-6.343259e-01	9.366104e-01	-9.839804e-01	1.000000e+00	-4.963608e-01	1.150757e-01	1.501744e-01	-1.898918e-01	2.279900e-01	3.694486e-02	-7.544238e-02	
7.279081e-02	1.133870e-01	-5.319484e-02	2.210208e-02	8.706058e-03	-6.049964e-03	-7.081170e-04	2.981530e-02	-2.674351e-02	2.396893e-02	-3.062391e-02	3.735630e-02	7.007887e-03	-1.837121e-02	1.100892e-01	-6.371750e-01	5.746655e-01	-4.963608e-01	1.000000e+00	-9.020326e-01	-2.204200e-02	2.881995e-02	-3.599590e-02	7.893114e-02	-1.546548e-01	
-7.007743e-02	-1.298512e-01	3.095390e-02	-2.462643e-03	-1.105918e-02	9.613738e-03	-4.127661e-03	-3.069654e-02	2.905544e-02	-1.581913e-02	2.072113e-02	-2.552871e-02	-6.475075e-03	1.524554e-02	1.575009e-01	2.770253e-01	-1.966041e-01	1.150757e-01	-9.020326e-01	1.000000e+00	-4.261891e-02	4.925357e-02	-5.310107e-02	-1.009032e-01	2.132665e-01	
9.788983e-03	-3.268507e-03	-3.689421e-01	2.809182e-01	1.130700e-02	-1.088489e-02	7.596560e-03	1.419884e-02	-1.393902e-02	1.544134e-01	-2.042389e-01	2.616620e-01	4.021013e-02	-1.045637e-01	1.703142e-01	1.463886e-01	-1.512131e-01	1.501744e-01	-2.204200e-02	-4.261891e-02	1.000000e+00	-9.835211e-01	9.146213e-01	-7.492415e-01	5.841532e-01	
-6.636166e-03	-1.414313e-03	4.817603e-01	-3.643471e-01	-1.745048e-02	1.775405e-02	-1.408871e-02	-1.835871e-02	2.013964e-02	-2.044604e-01	2.699563e-01	-3.455539e-01	-4.982464e-02	1.345839e-01	-2.275247e-01	-1.780224e-01	1.878032e-01	-1.898918e-01	2.881995e-02	4.925357e-02	-9.835211e-01	1.000000e+00	-9.717812e-01	6.967666e-01	-5.214863e-01	
-1.454445e-02	1.793116e-02	-6.204787e-01	4.669185e-01	2.387683e-02	-2.490162e-02	2.073209e-02	2.341403e-02	-2.746459e-02	2.676585e-01	-3.526591e-01	4.511341e-01	5.841668e-02	-1.691699e-01	3.048008e-01	2.067840e-01	-2.221047e-01	2.279900e-01	-3.599590e-02	-5.310107e-02	9.146213e-01	-9.717812e-01	1.000000e+00	-5.790292e-01	3.982839e-01	
1.422592e-01	-7.365631e-02	-1.368833e-01	9.176785e-02	1.369696e-02	-1.678748e-02	1.707460e-02	1.486359e-02	-1.908608e-02	5.562933e-02	-6.957662e-02	8.352665e-02	2.616424e-02	-4.342976e-02	5.744672e-02	1.125890e-02	-2.658619e-02	3.694486e-02	7.893114e-02	-1.009032e-01	-7.492415e-01	6.967666e-01	-5.790292e-01	1.000000e+00	-9.632123e-01	
-1.284388e-01	4.194863e-02	2.753701e-01	-1.930444e-01	-1.977221e-02	2.335451e-02	-2.256522e-02	-2.443725e-02	2.971748e-02	-1.180650e-01	1.517611e-01	-1.888070e-01	-3.651216e-02	8.028253e-02	-1.118629e-01	-3.512307e-02	5.933356e-02	-7.544238e-02	-1.546548e-01	2.132665e-01	5.841532e-01	-5.214863e-01	3.982839e-01	-9.632123e-01	1.000000e+00	

Time taken for mcmc chain: 2.595833 hours
