Number of steps: 7864290
Number of accepted steps: 960000
Burn-in number of steps: 320000
Accepted fraction of steps: 0.122071
Convergence Status
R[0]= 1.000639	R[1]= 1.000861	R[2]= 1.001181	R[3]= 1.000904	R[4]= 1.000527	R[5]= 1.000592	R[6]= 1.000638	R[7]= 1.000291	R[8]= 1.000136	R[9]= 1.000099	R[10]= 1.000235	R[11]= 1.000410	R[12]= 1.000690	R[13]= 1.001069	R[14]= 1.001396	R[15]= 1.001253	R[16]= 1.001587	R[17]= 1.001827	R[18]= 1.000239	R[19]= 1.000031	R[20]= 1.000982	R[21]= 1.001015	R[22]= 1.000951	R[23]= 1.000511	R[24]= 1.000379	
<R>= 1.000738

Mean parameters
A[0]= 1.019943e+00 pm 3.116254e-02
A[1]= 1.080029e+00 pm 2.256828e-02
A[2]= 4.905948e-01 pm 3.174043e-01
A[3]= 4.387711e+00 pm 1.052316e+00
A[4]= -8.400816e+02 pm 3.650892e+03
A[5]= 1.039379e+03 pm 2.377732e+03
A[6]= 7.194409e+00 pm 5.597151e+02
A[7]= -3.099985e+00 pm 1.335484e+01
A[8]= 5.846587e-02 pm 1.765107e-01
A[9]= 8.612673e+03 pm 8.509341e+03
A[10]= -5.324399e+03 pm 5.165752e+03
A[11]= 8.675779e+02 pm 1.111905e+03
A[12]= -6.896871e+01 pm 4.762184e+01
A[13]= 1.450857e+00 pm 9.120591e-01
A[14]= 5.302921e+00 pm 1.528717e+00
A[15]= -3.660333e+03 pm 5.123204e+03
A[16]= 3.652302e+03 pm 3.366348e+03
A[17]= -7.433420e+02 pm 8.029780e+02
A[18]= 8.236253e+00 pm 1.982268e+01
A[19]= -8.940873e-03 pm 2.513873e-01
A[20]= 1.416061e+04 pm 1.133206e+04
A[21]= -7.298834e+03 pm 6.728175e+03
A[22]= 8.218840e+02 pm 1.396153e+03
A[23]= -4.595085e+01 pm 6.637938e+01
A[24]= 2.157724e-01 pm 1.263399e+00

Best-fitting parameters
A[0]= 9.848246e-01
A[1]= 1.096941e+00
A[2]= 5.531550e-01
A[3]= 4.055516e+00
A[4]= -9.233722e+02
A[5]= 9.669461e+02
A[6]= 5.655025e+01
A[7]= -5.340607e+00
A[8]= 7.001582e-02
A[9]= 8.359824e+03
A[10]= -5.451111e+03
A[11]= 9.774726e+02
A[12]= -8.671267e+01
A[13]= 1.713130e+00
A[14]= 5.590183e+00
A[15]= -7.210426e+03
A[16]= 6.067054e+03
A[17]= -1.299756e+03
A[18]= 1.463447e+01
A[19]= -1.557146e-02
A[20]= 1.468335e+04
A[21]= -7.370016e+03
A[22]= 8.190979e+02
A[23]= -7.610863e+01
A[24]= 8.352827e-01
chi2_min= 1.063236e+02


Cross-Covariance parameters
1.000000e+00	-4.576055e-01	-1.843462e-01	5.776322e-02	9.041782e-02	-9.636598e-02	8.945444e-02	4.166753e-02	-7.425184e-02	2.434496e-02	-2.468198e-02	9.765572e-03	1.263112e-01	-1.146053e-01	9.921652e-02	1.891725e-02	-1.505929e-02	3.567782e-03	5.138929e-02	-4.177294e-02	1.657517e-02	-1.105291e-02	-1.129576e-02	1.124934e-01	-9.713350e-02	
-4.576055e-01	1.000000e+00	1.228493e-01	-1.738978e-01	3.397146e-02	-2.481263e-02	6.591409e-03	6.247262e-02	-6.663764e-02	-3.406897e-03	-7.785619e-03	2.917122e-02	-7.052695e-02	2.935117e-02	-1.290188e-01	-8.705838e-03	1.627341e-02	-2.960806e-02	1.080272e-01	-1.094710e-01	-1.923416e-02	1.009525e-02	1.209187e-02	-4.397705e-02	1.283152e-02	
-1.843462e-01	1.228493e-01	1.000000e+00	-6.741875e-01	-1.065512e-01	1.190323e-01	-1.216561e-01	-1.527499e-03	5.189221e-02	-4.340460e-01	5.591988e-01	-7.027595e-01	-4.674827e-02	2.327014e-01	-6.840236e-01	6.408909e-02	-7.310946e-02	8.491562e-02	-4.374784e-02	8.382305e-04	-3.575812e-01	4.651957e-01	-6.051207e-01	-3.039209e-02	1.685306e-01	
5.776322e-02	-1.738978e-01	-6.741875e-01	1.000000e+00	-4.792498e-01	5.335693e-01	-5.762303e-01	2.227643e-01	2.473372e-02	2.275705e-01	-2.928670e-01	3.686645e-01	1.248927e-03	-8.813718e-02	4.760226e-01	-4.265570e-02	4.642977e-02	-5.070856e-02	9.313483e-03	1.552379e-02	2.480261e-01	-3.225364e-01	4.196850e-01	1.125493e-02	-1.040913e-01	
9.041782e-02	3.397146e-02	-1.065512e-01	-4.792498e-01	1.000000e+00	-9.839721e-01	9.370559e-01	-7.276692e-01	3.657086e-01	9.097137e-02	-1.325709e-01	1.826168e-01	6.988314e-02	-6.987211e-02	6.351477e-02	-1.644345e-03	2.932959e-03	-5.599246e-03	1.330437e-02	-7.046438e-03	3.300849e-02	-4.321097e-02	5.643692e-02	1.681597e-02	-3.127202e-02	
-9.636598e-02	-2.481263e-02	1.190323e-01	5.335693e-01	-9.839721e-01	1.000000e+00	-9.837548e-01	6.877317e-01	-3.058561e-01	-1.034020e-01	1.493947e-01	-2.047581e-01	-7.553706e-02	8.861848e-02	-7.304087e-02	2.076532e-03	-3.366983e-03	6.028504e-03	-1.281047e-02	6.119215e-03	-3.843459e-02	4.980520e-02	-6.439436e-02	-1.723736e-02	3.339344e-02	
8.945444e-02	6.591409e-03	-1.216561e-01	-5.762303e-01	9.370559e-01	-9.837548e-01	1.000000e+00	-6.283063e-01	2.422330e-01	1.172884e-01	-1.651114e-01	2.224619e-01	6.872160e-02	-9.200307e-02	7.701410e-02	-2.157800e-03	3.075163e-03	-5.111554e-03	9.213198e-03	-2.761965e-03	4.116348e-02	-5.276709e-02	6.756672e-02	1.561566e-02	-3.208207e-02	
4.166753e-02	6.247262e-02	-1.527499e-03	2.227643e-01	-7.276692e-01	6.877317e-01	-6.283063e-01	1.000000e+00	-8.841458e-01	6.995392e-02	-4.753921e-02	1.020676e-02	-6.461157e-02	-7.846490e-02	6.220339e-03	-9.248619e-03	1.268404e-02	-1.739948e-02	2.537556e-02	-2.183680e-02	-2.218786e-03	1.595266e-03	-1.802437e-03	3.414076e-03	-6.228696e-03	
-7.425184e-02	-6.663764e-02	5.189221e-02	2.473372e-02	3.657086e-01	-3.058561e-01	2.422330e-01	-8.841458e-01	1.000000e+00	-1.474293e-01	1.430374e-01	-1.236410e-01	4.921791e-02	1.565158e-01	-4.229416e-02	1.382828e-02	-1.871128e-02	2.503267e-02	-3.092209e-02	2.295836e-02	-1.437324e-02	1.964008e-02	-2.538010e-02	-8.933978e-03	1.868878e-02	
2.434496e-02	-3.406897e-03	-4.340460e-01	2.275705e-01	9.097137e-02	-1.034020e-01	1.172884e-01	6.995392e-02	-1.474293e-01	1.000000e+00	-9.825650e-01	9.120068e-01	-7.835714e-01	5.817206e-01	3.009139e-01	-2.950195e-02	3.477443e-02	-4.155422e-02	2.182029e-02	-1.626095e-03	1.612041e-01	-2.096566e-01	2.733147e-01	2.048713e-03	-6.452116e-02	
-2.468198e-02	-7.785619e-03	5.591988e-01	-2.928670e-01	-1.325709e-01	1.493947e-01	-1.651114e-01	-4.753921e-02	1.430374e-01	-9.825650e-01	1.000000e+00	-9.715625e-01	7.334781e-01	-5.189136e-01	-3.870230e-01	3.844925e-02	-4.459185e-02	5.261210e-02	-2.848238e-02	2.970018e-03	-2.071998e-01	2.702183e-01	-3.533123e-01	-4.789314e-03	8.650600e-02	
9.765572e-03	2.917122e-02	-7.027595e-01	3.686645e-01	1.826168e-01	-2.047581e-01	2.224619e-01	1.020676e-02	-1.236410e-01	9.120068e-01	-9.715625e-01	1.000000e+00	-6.176188e-01	3.965606e-01	4.859694e-01	-4.880367e-02	5.580376e-02	-6.500966e-02	3.560522e-02	-4.353962e-03	2.614404e-01	-3.416454e-01	4.479058e-01	6.228956e-03	-1.110010e-01	
1.263112e-01	-7.052695e-02	-4.674827e-02	1.248927e-03	6.988314e-02	-7.553706e-02	6.872160e-02	-6.461157e-02	4.921791e-02	-7.835714e-01	7.334781e-01	-6.176188e-01	1.000000e+00	-9.404768e-01	3.047831e-02	2.255190e-03	-2.448230e-03	2.259924e-03	3.424265e-03	-3.243878e-03	1.227630e-02	-1.451699e-02	1.572808e-02	1.909958e-02	-2.302505e-02	
-1.146053e-01	2.935117e-02	2.327014e-01	-8.813718e-02	-6.987211e-02	8.861848e-02	-9.200307e-02	-7.846490e-02	1.565158e-01	5.817206e-01	-5.189136e-01	3.965606e-01	-9.404768e-01	1.000000e+00	-1.616117e-01	1.368736e-02	-1.666267e-02	2.064031e-02	-1.851981e-02	8.775713e-03	-8.171917e-02	1.057588e-01	-1.361385e-01	-2.058464e-02	5.457985e-02	
9.921652e-02	-1.290188e-01	-6.840236e-01	4.760226e-01	6.351477e-02	-7.304087e-02	7.701410e-02	6.220339e-03	-4.229416e-02	3.009139e-01	-3.870230e-01	4.859694e-01	3.047831e-02	-1.616117e-01	1.000000e+00	-5.711118e-01	6.465521e-01	-7.038706e-01	2.084395e-01	8.861953e-02	1.460870e-01	-1.950157e-01	2.634564e-01	2.031517e-02	-7.519527e-02	
1.891725e-02	-8.705838e-03	6.408909e-02	-4.265570e-02	-1.644345e-03	2.076532e-03	-2.157800e-03	-9.248619e-03	1.382828e-02	-2.950195e-02	3.844925e-02	-4.880367e-02	2.255190e-03	1.368736e-02	-5.711118e-01	1.000000e+00	-9.822354e-01	9.306818e-01	-7.319703e-01	3.965136e-01	1.284406e-01	-1.520093e-01	1.749961e-01	-4.524309e-02	3.957175e-02	
-1.505929e-02	1.627341e-02	-7.310946e-02	4.642977e-02	2.932959e-03	-3.366983e-03	3.075163e-03	1.268404e-02	-1.871128e-02	3.477443e-02	-4.459185e-02	5.580376e-02	-2.448230e-03	-1.666267e-02	6.465521e-01	-9.822354e-01	1.000000e+00	-9.822883e-01	6.814151e-01	-3.227016e-01	-1.326307e-01	1.601929e-01	-1.882123e-01	3.666265e-02	-2.310626e-02	
3.567782e-03	-2.960806e-02	8.491562e-02	-5.070856e-02	-5.599246e-03	6.028504e-03	-5.111554e-03	-1.739948e-02	2.503267e-02	-4.155422e-02	5.261210e-02	-6.500966e-02	2.259924e-03	2.064031e-02	-7.038706e-01	9.306818e-01	-9.822883e-01	1.000000e+00	-6.069679e-01	2.397670e-01	1.313271e-01	-1.614092e-01	1.930151e-01	-2.967024e-02	1.043246e-02	
5.138929e-02	1.080272e-01	-4.374784e-02	9.313483e-03	1.330437e-02	-1.281047e-02	9.213198e-03	2.537556e-02	-3.092209e-02	2.182029e-02	-2.848238e-02	3.560522e-02	3.424265e-03	-1.851981e-02	2.084395e-01	-7.319703e-01	6.814151e-01	-6.069679e-01	1.000000e+00	-8.998731e-01	-6.006977e-02	7.133782e-02	-8.266038e-02	9.616059e-02	-1.646206e-01	
-4.177294e-02	-1.094710e-01	8.382305e-04	1.552379e-02	-7.046438e-03	6.119215e-03	-2.761965e-03	-2.183680e-02	2.295836e-02	-1.626095e-03	2.970018e-03	-4.353962e-03	-3.243878e-03	8.775713e-03	8.861953e-02	3.965136e-01	-3.227016e-01	2.397670e-01	-8.998731e-01	1.000000e+00	4.939632e-03	-6.408104e-03	9.046808e-03	-9.826931e-02	2.010790e-01	
1.657517e-02	-1.923416e-02	-3.575812e-01	2.480261e-01	3.300849e-02	-3.843459e-02	4.116348e-02	-2.218786e-03	-1.437324e-02	1.612041e-01	-2.071998e-01	2.614404e-01	1.227630e-02	-8.171917e-02	1.460870e-01	1.284406e-01	-1.326307e-01	1.313271e-01	-6.006977e-02	4.939632e-03	1.000000e+00	-9.850468e-01	9.197536e-01	-8.199789e-01	6.774051e-01	
-1.105291e-02	1.009525e-02	4.651957e-01	-3.225364e-01	-4.321097e-02	4.980520e-02	-5.276709e-02	1.595266e-03	1.964008e-02	-2.096566e-01	2.702183e-01	-3.416454e-01	-1.451699e-02	1.057588e-01	-1.950157e-01	-1.520093e-01	1.601929e-01	-1.614092e-01	7.133782e-02	-6.408104e-03	-9.850468e-01	1.000000e+00	-9.727046e-01	7.913979e-01	-6.393208e-01	
-1.129576e-02	1.209187e-02	-6.051207e-01	4.196850e-01	5.643692e-02	-6.439436e-02	6.756672e-02	-1.802437e-03	-2.538010e-02	2.733147e-01	-3.533123e-01	4.479058e-01	1.572808e-02	-1.361385e-01	2.634564e-01	1.749961e-01	-1.882123e-01	1.930151e-01	-8.266038e-02	9.046808e-03	9.197536e-01	-9.727046e-01	1.000000e+00	-7.001664e-01	5.410713e-01	
1.124934e-01	-4.397705e-02	-3.039209e-02	1.125493e-02	1.681597e-02	-1.723736e-02	1.561566e-02	3.414076e-03	-8.933978e-03	2.048713e-03	-4.789314e-03	6.228956e-03	1.909958e-02	-2.058464e-02	2.031517e-02	-4.524309e-02	3.666265e-02	-2.967024e-02	9.616059e-02	-9.826931e-02	-8.199789e-01	7.913979e-01	-7.001664e-01	1.000000e+00	-9.641414e-01	
-9.713350e-02	1.283152e-02	1.685306e-01	-1.040913e-01	-3.127202e-02	3.339344e-02	-3.208207e-02	-6.228696e-03	1.868878e-02	-6.452116e-02	8.650600e-02	-1.110010e-01	-2.302505e-02	5.457985e-02	-7.519527e-02	3.957175e-02	-2.310626e-02	1.043246e-02	-1.646206e-01	2.010790e-01	6.774051e-01	-6.393208e-01	5.410713e-01	-9.641414e-01	1.000000e+00	

Time taken for mcmc chain: 38.133333 minutes
