Number of steps: 16378205
Number of accepted steps: 960000
Burn-in number of steps: 320000
Accepted fraction of steps: 0.058614
Convergence Status
R[0]= 1.000447	R[1]= 1.000133	R[2]= 1.002478	R[3]= 1.001513	R[4]= 1.000353	R[5]= 1.000362	R[6]= 1.000343	R[7]= 1.000569	R[8]= 1.000449	R[9]= 1.001057	R[10]= 1.001208	R[11]= 1.001378	R[12]= 1.000170	R[13]= 1.000092	R[14]= 1.001830	R[15]= 1.000646	R[16]= 1.000827	R[17]= 1.001026	R[18]= 1.000377	R[19]= 1.000390	R[20]= 1.001187	R[21]= 1.001401	R[22]= 1.001692	R[23]= 1.000276	R[24]= 1.000142	
<R>= 1.000814

Mean parameters
A[0]= 1.041990e+00 pm 2.928829e-02
A[1]= 1.096617e+00 pm 2.377855e-02
A[2]= 6.396062e-01 pm 3.713095e-01
A[3]= 4.119847e+00 pm 1.060618e+00
A[4]= 3.437655e+01 pm 3.581637e+03
A[5]= 6.672495e+02 pm 2.337047e+03
A[6]= 5.375669e+01 pm 5.545089e+02
A[7]= -1.033426e+01 pm 1.346898e+01
A[8]= 1.606490e-01 pm 1.743716e-01
A[9]= 1.057415e+04 pm 8.725678e+03
A[10]= -6.049530e+03 pm 5.364961e+03
A[11]= 8.879107e+02 pm 1.179967e+03
A[12]= -9.794619e+01 pm 4.765607e+01
A[13]= 2.146435e+00 pm 9.135277e-01
A[14]= 4.459161e+00 pm 1.414580e+00
A[15]= -1.336039e+03 pm 5.029330e+03
A[16]= 2.172920e+03 pm 3.310279e+03
A[17]= -3.936298e+02 pm 7.948732e+02
A[18]= 2.194635e+00 pm 1.983222e+01
A[19]= 3.177853e-02 pm 2.492457e-01
A[20]= 1.369385e+04 pm 1.132342e+04
A[21]= -6.969261e+03 pm 6.739919e+03
A[22]= 6.960344e+02 pm 1.403658e+03
A[23]= -5.487469e+01 pm 6.685323e+01
A[24]= 4.825073e-01 pm 1.272343e+00

Best-fitting parameters
A[0]= 1.036295e+00
A[1]= 1.093470e+00
A[2]= 6.387632e-01
A[3]= 3.998646e+00
A[4]= 1.039857e+02
A[5]= 4.635220e+02
A[6]= 1.342069e+02
A[7]= -1.743079e+01
A[8]= 2.774960e-01
A[9]= 6.509502e+03
A[10]= -3.921154e+03
A[11]= 5.564794e+02
A[12]= -8.664703e+01
A[13]= 2.138403e+00
A[14]= 5.014338e+00
A[15]= -5.923312e+03
A[16]= 5.240253e+03
A[17]= -1.104737e+03
A[18]= 1.618025e+01
A[19]= -7.599706e-02
A[20]= 1.524320e+04
A[21]= -7.156944e+03
A[22]= 5.518171e+02
A[23]= -7.201277e+01
A[24]= 8.043142e-01
chi2_min= 1.216060e+02


Cross-Covariance parameters
1.000000e+00	-4.680574e-01	-2.096893e-01	1.196897e-01	8.532569e-02	-8.906859e-02	7.967556e-02	1.436188e-02	-3.553867e-02	5.322427e-02	-5.800701e-02	4.738419e-02	1.133012e-01	-1.019246e-01	1.155692e-01	4.358810e-02	-3.814797e-02	2.501884e-02	3.359510e-02	-3.262962e-02	4.705052e-02	-4.763133e-02	3.372599e-02	8.890577e-02	-8.530134e-02	
-4.680574e-01	1.000000e+00	1.394527e-01	-1.948801e-01	4.545855e-02	-3.312881e-02	1.159346e-02	7.049360e-02	-7.957916e-02	-1.498259e-02	5.598885e-03	1.377192e-02	-6.603039e-02	2.644293e-02	-1.292203e-01	-1.103587e-02	2.043913e-02	-3.506501e-02	9.395398e-02	-9.265443e-02	-3.201590e-02	2.547865e-02	-7.443232e-03	-3.487452e-02	1.430059e-02	
-2.096893e-01	1.394527e-01	1.000000e+00	-7.554620e-01	-4.431771e-02	5.331601e-02	-5.276448e-02	-2.366738e-02	4.620754e-02	-4.558684e-01	5.790070e-01	-7.155608e-01	-3.008098e-02	2.331281e-01	-7.135237e-01	8.254890e-02	-9.884747e-02	1.163740e-01	-6.157949e-02	1.213193e-02	-3.260173e-01	4.284407e-01	-5.645307e-01	-4.414690e-02	1.802244e-01	
1.196897e-01	-1.948801e-01	-7.554620e-01	1.000000e+00	-4.409687e-01	4.919874e-01	-5.333181e-01	2.290474e-01	-6.057259e-03	2.633935e-01	-3.378516e-01	4.209859e-01	1.133343e-02	-1.248661e-01	5.648513e-01	-7.174255e-02	8.294577e-02	-9.305991e-02	3.490191e-02	3.583524e-03	2.498598e-01	-3.283247e-01	4.328562e-01	3.312506e-02	-1.365158e-01	
8.532569e-02	4.545855e-02	-4.431771e-02	-4.409687e-01	1.000000e+00	-9.829192e-01	9.326788e-01	-7.574382e-01	4.149151e-01	9.920410e-02	-1.397264e-01	1.866690e-01	4.802366e-02	-4.563521e-02	8.909790e-03	2.901706e-02	-3.227863e-02	3.292498e-02	8.054729e-03	-2.027139e-02	2.962811e-02	-3.939741e-02	5.053666e-02	3.229941e-03	-1.456162e-02	
-8.906859e-02	-3.312881e-02	5.331601e-02	4.919874e-01	-9.829192e-01	1.000000e+00	-9.825511e-01	7.207461e-01	-3.563192e-01	-1.162869e-01	1.611264e-01	-2.130777e-01	-5.204698e-02	6.436219e-02	-1.836790e-02	-2.791744e-02	3.081631e-02	-3.112978e-02	-6.266766e-03	1.742392e-02	-3.361963e-02	4.396954e-02	-5.586068e-02	-2.957063e-03	1.512755e-02	
7.967556e-02	1.159346e-02	-5.276448e-02	-5.333181e-01	9.326788e-01	-9.825511e-01	1.000000e+00	-6.610977e-01	2.904475e-01	1.333296e-01	-1.795928e-01	2.329372e-01	4.419113e-02	-6.819717e-02	2.231523e-02	2.636304e-02	-2.926078e-02	2.991377e-02	1.695093e-03	-1.203263e-02	3.406598e-02	-4.393582e-02	5.533965e-02	1.637841e-03	-1.313664e-02	
1.436188e-02	7.049360e-02	-2.366738e-02	2.290474e-01	-7.574382e-01	7.207461e-01	-6.610977e-01	1.000000e+00	-8.871521e-01	5.860632e-02	-3.329019e-02	-5.391648e-03	-5.734592e-02	-8.062779e-02	2.698905e-02	-2.457232e-02	3.109958e-02	-3.782382e-02	2.408110e-02	-9.226288e-03	-1.529679e-02	1.574701e-02	-1.476036e-02	1.809484e-02	-1.884035e-02	
-3.553867e-02	-7.957916e-02	4.620754e-02	-6.057259e-03	4.149151e-01	-3.563192e-01	2.904475e-01	-8.871521e-01	1.000000e+00	-1.431021e-01	1.341619e-01	-1.108772e-01	5.312205e-02	1.502449e-01	-3.878760e-02	1.773353e-02	-2.345703e-02	3.013316e-02	-2.706987e-02	1.511321e-02	6.072528e-03	-2.262370e-03	-4.098475e-03	-2.204570e-02	2.710207e-02	
5.322427e-02	-1.498259e-02	-4.558684e-01	2.633935e-01	9.920410e-02	-1.162869e-01	1.333296e-01	5.860632e-02	-1.431021e-01	1.000000e+00	-9.820089e-01	9.105810e-01	-7.750575e-01	5.581524e-01	3.362972e-01	-4.446271e-02	5.185080e-02	-5.986747e-02	3.803346e-02	-1.340956e-02	1.427942e-01	-1.930821e-01	2.612410e-01	2.998546e-02	-9.643656e-02	
-5.800701e-02	5.598885e-03	5.790070e-01	-3.378516e-01	-1.397264e-01	1.611264e-01	-1.795928e-01	-3.329019e-02	1.341619e-01	-9.820089e-01	1.000000e+00	-9.714748e-01	7.185821e-01	-4.866087e-01	-4.248374e-01	5.156867e-02	-6.073960e-02	7.077964e-02	-4.488478e-02	1.563861e-02	-1.879425e-01	2.525379e-01	-3.399249e-01	-3.218140e-02	1.177168e-01	
4.738419e-02	1.377192e-02	-7.155608e-01	4.209859e-01	1.866690e-01	-2.130777e-01	2.329372e-01	-5.391648e-03	-1.108772e-01	9.105810e-01	-9.714748e-01	1.000000e+00	-5.958976e-01	3.551992e-01	5.229197e-01	-5.998922e-02	7.098197e-02	-8.301037e-02	5.220111e-02	-1.799100e-02	2.391093e-01	-3.200239e-01	4.295409e-01	3.244019e-02	-1.398071e-01	
1.133012e-01	-6.603039e-02	-3.008098e-02	1.133343e-02	4.802366e-02	-5.204698e-02	4.419113e-02	-5.734592e-02	5.312205e-02	-7.750575e-01	7.185821e-01	-5.958976e-01	1.000000e+00	-9.361821e-01	1.734556e-02	8.171731e-03	-7.842237e-03	6.570891e-03	9.780075e-05	-3.456319e-03	1.676781e-02	-1.712182e-02	1.541808e-02	1.704618e-03	-2.128694e-03	
-1.019246e-01	2.644293e-02	2.331281e-01	-1.248661e-01	-4.563521e-02	6.436219e-02	-6.819717e-02	-8.062779e-02	1.502449e-01	5.581524e-01	-4.866087e-01	3.551992e-01	-9.361821e-01	1.000000e+00	-1.694733e-01	1.577548e-02	-2.020069e-02	2.592627e-02	-2.145758e-02	1.288963e-02	-8.127189e-02	1.050054e-01	-1.356632e-01	-1.222634e-02	4.388346e-02	
1.155692e-01	-1.292203e-01	-7.135237e-01	5.648513e-01	8.909790e-03	-1.836790e-02	2.231523e-02	2.698905e-02	-3.878760e-02	3.362972e-01	-4.248374e-01	5.229197e-01	1.734556e-02	-1.694733e-01	1.000000e+00	-5.520939e-01	6.312512e-01	-6.918235e-01	2.325340e-01	5.416297e-02	1.183780e-01	-1.640580e-01	2.296684e-01	3.812864e-02	-9.055040e-02	
4.358810e-02	-1.103587e-02	8.254890e-02	-7.174255e-02	2.901706e-02	-2.791744e-02	2.636304e-02	-2.457232e-02	1.773353e-02	-4.446271e-02	5.156867e-02	-5.998922e-02	8.171731e-03	1.577548e-02	-5.520939e-01	1.000000e+00	-9.815835e-01	9.279275e-01	-7.519225e-01	4.249700e-01	1.558812e-01	-1.846975e-01	2.151707e-01	-5.779904e-02	4.396015e-02	
-3.814797e-02	2.043913e-02	-9.884747e-02	8.294577e-02	-3.227863e-02	3.081631e-02	-2.926078e-02	3.109958e-02	-2.345703e-02	5.185080e-02	-6.073960e-02	7.098197e-02	-7.842237e-03	-2.020069e-02	6.312512e-01	-9.815835e-01	1.000000e+00	-9.815317e-01	7.038409e-01	-3.518241e-01	-1.615381e-01	1.946762e-01	-2.305348e-01	4.987268e-02	-2.734608e-02	
2.501884e-02	-3.506501e-02	1.163740e-01	-9.305991e-02	3.292498e-02	-3.112978e-02	2.991377e-02	-3.782382e-02	3.013316e-02	-5.986747e-02	7.077964e-02	-8.301037e-02	6.570891e-03	2.592627e-02	-6.918235e-01	9.279275e-01	-9.815317e-01	1.000000e+00	-6.293059e-01	2.671862e-01	1.613367e-01	-1.971550e-01	2.367031e-01	-4.313019e-02	1.418232e-02	
3.359510e-02	9.395398e-02	-6.157949e-02	3.490191e-02	8.054729e-03	-6.266766e-03	1.695093e-03	2.408110e-02	-2.706987e-02	3.803346e-02	-4.488478e-02	5.220111e-02	9.780075e-05	-2.145758e-02	2.325340e-01	-7.519225e-01	7.038409e-01	-6.293059e-01	1.000000e+00	-8.997772e-01	-6.229219e-02	7.502067e-02	-8.924898e-02	8.918064e-02	-1.528138e-01	
-3.262962e-02	-9.265443e-02	1.213193e-02	3.583524e-03	-2.027139e-02	1.742392e-02	-1.203263e-02	-9.226288e-03	1.511321e-02	-1.340956e-02	1.563861e-02	-1.799100e-02	-3.456319e-03	1.288963e-02	5.416297e-02	4.249700e-01	-3.518241e-01	2.671862e-01	-8.997772e-01	1.000000e+00	-6.854599e-03	7.717489e-03	-6.987665e-03	-8.511020e-02	1.881705e-01	
4.705052e-02	-3.201590e-02	-3.260173e-01	2.498598e-01	2.962811e-02	-3.361963e-02	3.406598e-02	-1.529679e-02	6.072528e-03	1.427942e-01	-1.879425e-01	2.391093e-01	1.676781e-02	-8.127189e-02	1.183780e-01	1.558812e-01	-1.615381e-01	1.613367e-01	-6.229219e-02	-6.854599e-03	1.000000e+00	-9.850382e-01	9.192298e-01	-8.228929e-01	6.799855e-01	
-4.763133e-02	2.547865e-02	4.284407e-01	-3.283247e-01	-3.939741e-02	4.396954e-02	-4.393582e-02	1.574701e-02	-2.262370e-03	-1.930821e-01	2.525379e-01	-3.200239e-01	-1.712182e-02	1.050054e-01	-1.640580e-01	-1.846975e-01	1.946762e-01	-1.971550e-01	7.502067e-02	7.717489e-03	-9.850382e-01	1.000000e+00	-9.723954e-01	7.934704e-01	-6.398744e-01	
3.372599e-02	-7.443232e-03	-5.645307e-01	4.328562e-01	5.053666e-02	-5.586068e-02	5.533965e-02	-1.476036e-02	-4.098475e-03	2.612410e-01	-3.399249e-01	4.295409e-01	1.541808e-02	-1.356632e-01	2.296684e-01	2.151707e-01	-2.305348e-01	2.367031e-01	-8.924898e-02	-6.987665e-03	9.192298e-01	-9.723954e-01	1.000000e+00	-6.994394e-01	5.372514e-01	
8.890577e-02	-3.487452e-02	-4.414690e-02	3.312506e-02	3.229941e-03	-2.957063e-03	1.637841e-03	1.809484e-02	-2.204570e-02	2.998546e-02	-3.218140e-02	3.244019e-02	1.704618e-03	-1.222634e-02	3.812864e-02	-5.779904e-02	4.987268e-02	-4.313019e-02	8.918064e-02	-8.511020e-02	-8.228929e-01	7.934704e-01	-6.994394e-01	1.000000e+00	-9.642053e-01	
-8.530134e-02	1.430059e-02	1.802244e-01	-1.365158e-01	-1.456162e-02	1.512755e-02	-1.313664e-02	-1.884035e-02	2.710207e-02	-9.643656e-02	1.177168e-01	-1.398071e-01	-2.128694e-03	4.388346e-02	-9.055040e-02	4.396015e-02	-2.734608e-02	1.418232e-02	-1.528138e-01	1.881705e-01	6.799855e-01	-6.398744e-01	5.372514e-01	-9.642053e-01	1.000000e+00	

Time taken for mcmc chain: 1.305833 hours
