Number of steps: 2415075
Number of accepted steps: 960000
Burn-in number of steps: 320000
Accepted fraction of steps: 0.397503
Convergence Status
R[0]= 1.011394	R[1]= 1.012767	R[2]= 1.060079	R[3]= 1.073565	R[4]= 1.032275	R[5]= 1.039748	R[6]= 1.045587	R[7]= 1.006069	R[8]= 1.007269	R[9]= 1.012450	R[10]= 1.012184	R[11]= 1.012954	R[12]= 1.017396	R[13]= 1.016440	R[14]= 1.053253	R[15]= 1.007621	R[16]= 1.009890	R[17]= 1.011053	R[18]= 1.005251	R[19]= 1.009268	R[20]= 1.001069	R[21]= 1.000376	R[22]= 1.002650	R[23]= 1.013912	R[24]= 1.014166	
<R>= 1.019547

Mean parameters
A[0]= 8.435714e-01 pm 4.102554e-02
A[1]= 9.886938e-01 pm 3.038002e-02
A[2]= 5.309642e-01 pm 4.195920e-01
A[3]= 3.899039e+00 pm 1.422724e+00
A[4]= -3.866292e+03 pm 3.800558e+03
A[5]= 1.737018e+03 pm 2.488089e+03
A[6]= 3.566903e+01 pm 5.745266e+02
A[7]= 1.037806e+01 pm 1.287518e+01
A[8]= -1.789305e-01 pm 1.944226e-01
A[9]= -9.594681e+03 pm 8.329084e+03
A[10]= 4.225439e+03 pm 4.897257e+03
A[11]= -7.693264e+02 pm 9.895707e+02
A[12]= 4.522784e+01 pm 4.806921e+01
A[13]= -9.287760e-01 pm 9.287743e-01
A[14]= 5.591462e+00 pm 1.958169e+00
A[15]= -9.145493e+03 pm 5.320242e+03
A[16]= 5.753323e+03 pm 3.476967e+03
A[17]= -9.336132e+02 pm 7.998104e+02
A[18]= 6.178714e+00 pm 1.898591e+01
A[19]= 6.795205e-02 pm 2.780692e-01
A[20]= 1.601859e+03 pm 1.121481e+04
A[21]= -1.230979e+03 pm 6.675366e+03
A[22]= -5.240068e+01 pm 1.373136e+03
A[23]= -8.843117e+00 pm 6.754087e+01
A[24]= -1.514183e-01 pm 1.339102e+00

Best-fitting parameters
A[0]= 8.614811e-01
A[1]= 9.778279e-01
A[2]= 5.132685e-01
A[3]= 4.536750e+00
A[4]= -6.670252e+03
A[5]= 3.759564e+03
A[6]= -4.559496e+02
A[7]= 1.581257e+01
A[8]= -2.092713e-01
A[9]= -9.022410e+03
A[10]= 4.526451e+03
A[11]= -9.623377e+02
A[12]= 3.629023e+01
A[13]= -7.541053e-01
A[14]= 4.924387e+00
A[15]= -5.235828e+03
A[16]= 3.435789e+03
A[17]= -4.652970e+02
A[18]= -3.450678e+00
A[19]= 1.390658e-01
A[20]= -1.943292e+03
A[21]= 4.945394e+02
A[22]= -3.021978e+02
A[23]= -8.957160e+00
A[24]= 1.688084e-01
chi2_min= 8.175803e+01


Cross-Covariance parameters
1.000000e+00	-5.494951e-01	8.770999e-03	1.111346e-01	-4.975306e-02	8.010641e-02	-1.108493e-01	-4.574563e-02	1.293659e-01	-5.869571e-02	9.620533e-02	-1.601841e-01	5.021970e-02	3.796315e-02	1.408629e-02	1.547389e-02	-1.292583e-03	-1.850496e-02	-1.293388e-02	4.139532e-02	-4.504315e-02	8.696675e-02	-1.567712e-01	5.284256e-02	1.198117e-02	
-5.494951e-01	1.000000e+00	2.016084e-01	-2.753383e-01	5.478044e-02	-7.014539e-02	7.674209e-02	2.002326e-01	-2.287787e-01	5.067394e-02	-6.347573e-02	8.403494e-02	-1.271058e-01	5.095923e-02	-2.242010e-01	2.716969e-02	-2.823548e-02	2.319365e-02	1.430785e-01	-1.441813e-01	-2.586766e-02	1.025102e-02	2.304410e-02	-7.480915e-02	3.416849e-02	
8.770999e-03	2.016084e-01	1.000000e+00	-6.608710e-01	2.367142e-02	-3.052822e-02	4.238193e-02	2.181426e-02	-4.755505e-02	-3.382435e-01	4.429708e-01	-5.749211e-01	-1.728694e-01	2.668745e-01	-6.329383e-01	-7.869590e-02	6.936072e-02	-5.596336e-02	6.546838e-02	-6.483991e-02	-3.764585e-01	4.835315e-01	-6.130812e-01	-2.016781e-01	2.928418e-01	
1.111346e-01	-2.753383e-01	-6.608710e-01	1.000000e+00	-5.813804e-01	6.461334e-01	-6.931249e-01	-6.105135e-02	3.311667e-01	9.980148e-02	-1.565726e-01	2.399419e-01	9.265766e-02	-7.728130e-02	4.445957e-01	2.772128e-02	-2.114274e-02	1.190460e-02	-5.542786e-02	5.739254e-02	2.055472e-01	-2.739894e-01	3.559381e-01	1.612054e-01	-2.053602e-01	
-4.975306e-02	5.478044e-02	2.367142e-02	-5.813804e-01	1.000000e+00	-9.846734e-01	9.437654e-01	-4.637916e-01	8.344704e-02	1.458591e-01	-1.625795e-01	1.699502e-01	2.324715e-02	-4.141491e-02	-3.435585e-02	2.746907e-02	-3.270467e-02	3.791588e-02	2.015029e-02	-2.456398e-02	3.506891e-02	-3.425128e-02	3.227965e-02	-1.690597e-02	4.157718e-03	
8.010641e-02	-7.014539e-02	-3.052822e-02	6.461334e-01	-9.846734e-01	1.000000e+00	-9.865311e-01	3.868484e-01	3.522755e-03	-1.480516e-01	1.674211e-01	-1.776900e-01	-3.797957e-02	7.189051e-02	4.180021e-02	-3.591315e-02	4.195692e-02	-4.786497e-02	-1.632414e-02	2.657708e-02	-3.883150e-02	3.864081e-02	-3.764154e-02	1.884114e-02	-2.856378e-03	
-1.108493e-01	7.674209e-02	4.238193e-02	-6.931249e-01	9.437654e-01	-9.865311e-01	1.000000e+00	-3.087575e-01	-7.733969e-02	1.480650e-01	-1.684229e-01	1.799121e-01	4.315706e-02	-8.803691e-02	-5.045135e-02	4.049463e-02	-4.750674e-02	5.450914e-02	1.136741e-02	-2.672259e-02	3.987437e-02	-3.947918e-02	3.844057e-02	-2.360255e-02	5.774748e-03	
-4.574563e-02	2.002326e-01	2.181426e-02	-6.105135e-02	-4.637916e-01	3.868484e-01	-3.087575e-01	1.000000e+00	-9.016466e-01	9.319510e-02	-8.378477e-02	6.338889e-02	-2.839320e-02	-1.472837e-01	-4.801151e-02	2.143333e-02	-2.015162e-02	1.554484e-02	3.799348e-02	-4.283105e-02	1.388045e-02	-1.360761e-02	1.569498e-02	-1.692521e-02	9.409303e-03	
1.293659e-01	-2.287787e-01	-4.755505e-02	3.311667e-01	8.344704e-02	3.522755e-03	-7.733969e-02	-9.016466e-01	1.000000e+00	-1.572620e-01	1.552002e-01	-1.377486e-01	2.034049e-02	1.976949e-01	7.173003e-02	-3.522107e-02	3.684926e-02	-3.590850e-02	-3.933582e-02	5.297061e-02	-2.451145e-02	2.408541e-02	-2.639708e-02	2.730881e-02	-1.138602e-02	
-5.869571e-02	5.067394e-02	-3.382435e-01	9.980148e-02	1.458591e-01	-1.480516e-01	1.480650e-01	9.319510e-02	-1.572620e-01	1.000000e+00	-9.854960e-01	9.254304e-01	-7.396454e-01	5.646017e-01	2.213140e-01	4.206878e-02	-3.714762e-02	2.940535e-02	-1.188812e-02	4.691499e-03	1.770743e-01	-2.183336e-01	2.665382e-01	3.625954e-02	-7.913910e-02	
9.620533e-02	-6.347573e-02	4.429708e-01	-1.565726e-01	-1.625795e-01	1.674211e-01	-1.684229e-01	-8.378477e-02	1.552002e-01	-9.854960e-01	1.000000e+00	-9.754763e-01	7.003832e-01	-5.214951e-01	-2.838094e-01	-5.331120e-02	4.839228e-02	-4.005624e-02	1.571519e-02	-5.812428e-03	-2.190148e-01	2.734414e-01	-3.385861e-01	-5.810313e-02	1.145794e-01	
-1.601841e-01	8.403494e-02	-5.749211e-01	2.399419e-01	1.699502e-01	-1.776900e-01	1.799121e-01	6.338889e-02	-1.377486e-01	9.254304e-01	-9.754763e-01	1.000000e+00	-6.066904e-01	4.308524e-01	3.622019e-01	6.674339e-02	-6.225336e-02	5.374155e-02	-2.195036e-02	8.248158e-03	2.687385e-01	-3.405966e-01	4.286637e-01	8.745677e-02	-1.613088e-01	
5.021970e-02	-1.271058e-01	-1.728694e-01	9.265766e-02	2.324715e-02	-3.797957e-02	4.315706e-02	-2.839320e-02	2.034049e-02	-7.396454e-01	7.003832e-01	-6.066904e-01	1.000000e+00	-9.491075e-01	8.141630e-02	3.103747e-02	-3.655492e-02	4.090275e-02	-4.375901e-04	-5.033151e-03	3.703855e-02	-5.335409e-02	7.397806e-02	7.290148e-02	-8.545022e-02	
3.796315e-02	5.095923e-02	2.668745e-01	-7.728130e-02	-4.141491e-02	7.189051e-02	-8.803691e-02	-1.472837e-01	1.976949e-01	5.646017e-01	-5.214951e-01	4.308524e-01	-9.491075e-01	1.000000e+00	-1.297134e-01	-5.093309e-02	5.643286e-02	-5.991129e-02	-2.155251e-03	1.359182e-02	-8.745196e-02	1.180285e-01	-1.575937e-01	-8.497302e-02	1.154409e-01	
1.408629e-02	-2.242010e-01	-6.329383e-01	4.445957e-01	-3.435585e-02	4.180021e-02	-5.045135e-02	-4.801151e-02	7.173003e-02	2.213140e-01	-2.838094e-01	3.622019e-01	8.141630e-02	-1.297134e-01	1.000000e+00	-5.241196e-01	5.947158e-01	-6.476419e-01	-1.616512e-01	3.981320e-01	1.307833e-01	-1.872293e-01	2.689804e-01	6.688282e-02	-7.476815e-02	
1.547389e-02	2.716969e-02	-7.869590e-02	2.772128e-02	2.746907e-02	-3.591315e-02	4.049463e-02	2.143333e-02	-3.522107e-02	4.206878e-02	-5.331120e-02	6.674339e-02	3.103747e-02	-5.093309e-02	-5.241196e-01	1.000000e+00	-9.843911e-01	9.408594e-01	-4.031582e-01	4.010213e-02	2.008848e-01	-2.267407e-01	2.393510e-01	3.982602e-02	-8.183490e-02	
-1.292583e-03	-2.823548e-02	6.936072e-02	-2.114274e-02	-3.270467e-02	4.195692e-02	-4.750674e-02	-2.015162e-02	3.684926e-02	-3.714762e-02	4.839228e-02	-6.225336e-02	-3.655492e-02	5.643286e-02	5.947158e-01	-9.843911e-01	1.000000e+00	-9.853441e-01	3.171766e-01	5.248173e-02	-2.026893e-01	2.303700e-01	-2.443589e-01	-5.800957e-02	1.081434e-01	
-1.850496e-02	2.319365e-02	-5.596336e-02	1.190460e-02	3.791588e-02	-4.786497e-02	5.450914e-02	1.554484e-02	-3.590850e-02	2.940535e-02	-4.005624e-02	5.374155e-02	4.090275e-02	-5.991129e-02	-6.476419e-01	9.408594e-01	-9.853441e-01	1.000000e+00	-2.273134e-01	-1.357008e-01	1.976358e-01	-2.261675e-01	2.411937e-01	7.140214e-02	-1.264370e-01	
-1.293388e-02	1.430785e-01	6.546838e-02	-5.542786e-02	2.015029e-02	-1.632414e-02	1.136741e-02	3.799348e-02	-3.933582e-02	-1.188812e-02	1.571519e-02	-2.195036e-02	-4.375901e-04	-2.155251e-03	-1.616512e-01	-4.031582e-01	3.171766e-01	-2.273134e-01	1.000000e+00	-9.157656e-01	-5.236720e-02	5.882567e-02	-6.560195e-02	1.137845e-01	-1.878952e-01	
4.139532e-02	-1.441813e-01	-6.483991e-02	5.739254e-02	-2.456398e-02	2.657708e-02	-2.672259e-02	-4.283105e-02	5.297061e-02	4.691499e-03	-5.812428e-03	8.248158e-03	-5.033151e-03	1.359182e-02	3.981320e-01	4.010213e-02	5.248173e-02	-1.357008e-01	-9.157656e-01	1.000000e+00	-1.667938e-02	1.824596e-02	-1.310726e-02	-1.357852e-01	2.400240e-01	
-4.504315e-02	-2.586766e-02	-3.764585e-01	2.055472e-01	3.506891e-02	-3.883150e-02	3.987437e-02	1.388045e-02	-2.451145e-02	1.770743e-01	-2.190148e-01	2.687385e-01	3.703855e-02	-8.745196e-02	1.307833e-01	2.008848e-01	-2.026893e-01	1.976358e-01	-5.236720e-02	-1.667938e-02	1.000000e+00	-9.845531e-01	9.216368e-01	-6.933537e-01	5.456399e-01	
8.696675e-02	1.025102e-02	4.835315e-01	-2.739894e-01	-3.425128e-02	3.864081e-02	-3.947918e-02	-1.360761e-02	2.408541e-02	-2.183336e-01	2.734414e-01	-3.405966e-01	-5.335409e-02	1.180285e-01	-1.872293e-01	-2.267407e-01	2.303700e-01	-2.261675e-01	5.882567e-02	1.824596e-02	-9.845531e-01	1.000000e+00	-9.744750e-01	6.452477e-01	-4.930708e-01	
-1.567712e-01	2.304410e-02	-6.130812e-01	3.559381e-01	3.227965e-02	-3.764154e-02	3.844057e-02	1.569498e-02	-2.639708e-02	2.665382e-01	-3.385861e-01	4.286637e-01	7.397806e-02	-1.575937e-01	2.689804e-01	2.393510e-01	-2.443589e-01	2.411937e-01	-6.560195e-02	-1.310726e-02	9.216368e-01	-9.744750e-01	1.000000e+00	-5.426559e-01	3.917990e-01	
5.284256e-02	-7.480915e-02	-2.016781e-01	1.612054e-01	-1.690597e-02	1.884114e-02	-2.360255e-02	-1.692521e-02	2.730881e-02	3.625954e-02	-5.810313e-02	8.745677e-02	7.290148e-02	-8.497302e-02	6.688282e-02	3.982602e-02	-5.800957e-02	7.140214e-02	1.137845e-01	-1.357852e-01	-6.933537e-01	6.452477e-01	-5.426559e-01	1.000000e+00	-9.694640e-01	
1.198117e-02	3.416849e-02	2.928418e-01	-2.053602e-01	4.157718e-03	-2.856378e-03	5.774748e-03	9.409303e-03	-1.138602e-02	-7.913910e-02	1.145794e-01	-1.613088e-01	-8.545022e-02	1.154409e-01	-7.476815e-02	-8.183490e-02	1.081434e-01	-1.264370e-01	-1.878952e-01	2.400240e-01	5.456399e-01	-4.930708e-01	3.917990e-01	-9.694640e-01	1.000000e+00	

Time taken for mcmc chain: 13.750000 minutes
