Number of steps: 4399447
Number of accepted steps: 500000
Burn-in number of steps: 320000
Accepted fraction of steps: 0.113651
Convergence Status
R[0]= -nan	R[1]= -nan	R[2]= -nan	R[3]= -nan	R[4]= -nan	R[5]= -nan	R[6]= -nan	R[7]= -nan	R[8]= -nan	R[9]= -nan	R[10]= -nan	R[11]= -nan	R[12]= -nan	R[13]= -nan	R[14]= -nan	R[15]= -nan	R[16]= -nan	R[17]= -nan	R[18]= -nan	R[19]= -nan	R[20]= -nan	R[21]= -nan	R[22]= -nan	R[23]= -nan	R[24]= -nan	
<R>= -nan

Mean parameters
A[0]= 8.142469e-01 pm 9.636628e-02
A[1]= 1.041456e+00 pm 2.053706e-01
A[2]= 6.239427e-01 pm 4.606611e-01
A[3]= 2.663385e+00 pm 1.030907e+00
A[4]= -1.489689e+03 pm 4.121050e+03
A[5]= 9.309426e+01 pm 2.795756e+03
A[6]= 3.935006e+02 pm 6.832070e+02
A[7]= 1.684231e+01 pm 1.473895e+01
A[8]= -3.179060e-01 pm 1.851944e-01
A[9]= -8.350751e+03 pm 8.464690e+03
A[10]= 3.443306e+03 pm 4.838954e+03
A[11]= -6.061129e+02 pm 9.296654e+02
A[12]= 4.752036e+01 pm 5.137634e+01
A[13]= -1.184197e+00 pm 9.570183e-01
A[14]= 1.846910e+00 pm 1.947365e+00
A[15]= -1.297031e+03 pm 3.805583e+03
A[16]= 4.855395e+02 pm 2.489268e+03
A[17]= 8.930513e+01 pm 5.416237e+02
A[18]= 6.085147e+00 pm 1.033005e+01
A[19]= -1.108557e-01 pm 1.570744e-01
A[20]= -4.567665e+03 pm 4.949707e+03
A[21]= 2.016089e+03 pm 2.867498e+03
A[22]= -3.777398e+02 pm 5.772654e+02
A[23]= 2.209889e+01 pm 2.968365e+01
A[24]= -3.699693e-01 pm 5.924447e-01

Best-fitting parameters
A[0]= 8.844856e-01
A[1]= 9.456475e-01
A[2]= 2.570530e-01
A[3]= 4.582735e+00
A[4]= -2.320277e+03
A[5]= 1.226080e+03
A[6]= 3.137732e+01
A[7]= 1.025918e+01
A[8]= -1.624978e-01
A[9]= -1.182967e+03
A[10]= -6.069196e+01
A[11]= -1.318998e+02
A[12]= 3.004059e+01
A[13]= -7.464362e-01
A[14]= 1.434100e+00
A[15]= 3.586082e+02
A[16]= -5.201829e+02
A[17]= 2.963640e+02
A[18]= 5.839189e+00
A[19]= -1.262221e-01
A[20]= -4.039838e+03
A[21]= 1.699528e+03
A[22]= -3.042864e+02
A[23]= 2.964393e+01
A[24]= -4.806461e-01
chi2_min= 6.643950e+01


Cross-Covariance parameters
1.000000e+00	-8.317367e-01	-4.704101e-01	2.910232e-01	3.981821e-01	-4.405737e-01	4.873691e-01	-4.440158e-01	2.428181e-01	1.653820e-01	-9.070545e-02	-7.627866e-02	1.226051e-01	2.787273e-02	6.167907e-01	-4.772057e-01	4.898625e-01	-4.844166e-01	-4.189078e-01	4.949833e-01	-7.756772e-02	1.768218e-01	-3.581658e-01	-1.820098e-02	2.392871e-01	
-8.317367e-01	1.000000e+00	6.224436e-01	-4.108404e-01	-4.770002e-01	5.351662e-01	-6.033021e-01	5.462425e-01	-2.708462e-01	-1.955153e-01	1.334611e-01	1.870711e-02	-1.781160e-01	3.101502e-02	-8.079308e-01	6.487829e-01	-6.567566e-01	6.390335e-01	5.301065e-01	-6.190018e-01	1.092813e-01	-2.021795e-01	3.712583e-01	2.212810e-02	-2.605344e-01	
-4.704101e-01	6.224436e-01	1.000000e+00	-5.360502e-01	-4.469073e-01	4.810710e-01	-5.109684e-01	3.259775e-01	-1.120060e-01	-3.703543e-01	4.021117e-01	-4.026264e-01	-1.417818e-01	1.278507e-01	-6.045359e-01	4.245889e-01	-4.324428e-01	4.291574e-01	2.578170e-01	-3.407936e-01	-1.113998e-01	9.805774e-02	-4.911136e-02	-9.702829e-03	-8.409770e-02	
2.910232e-01	-4.108404e-01	-5.360502e-01	1.000000e+00	-2.772806e-01	2.837758e-01	-2.592546e-01	-1.544417e-01	2.515418e-01	9.779547e-02	-9.977998e-02	8.859351e-02	1.891906e-02	2.534334e-02	4.403718e-01	-3.379055e-01	3.432836e-01	-3.384432e-01	-2.219720e-01	2.851298e-01	2.087735e-02	2.498104e-03	-5.581612e-02	-6.092900e-03	9.205903e-02	
3.981821e-01	-4.770002e-01	-4.469073e-01	-2.772806e-01	1.000000e+00	-9.859066e-01	9.460598e-01	-6.869416e-01	3.434104e-01	2.077572e-01	-1.949786e-01	1.346665e-01	1.977571e-01	-1.000064e-01	3.311546e-01	-2.411721e-01	2.445539e-01	-2.396646e-01	-1.882841e-01	2.224644e-01	-1.057548e-02	3.469903e-02	-8.394531e-02	1.862520e-02	6.942207e-02	
-4.405737e-01	5.351662e-01	4.810710e-01	2.837758e-01	-9.859066e-01	1.000000e+00	-9.862713e-01	6.568934e-01	-2.872684e-01	-2.220347e-01	2.080098e-01	-1.408376e-01	-2.150262e-01	1.198737e-01	-3.881022e-01	2.872034e-01	-2.912236e-01	2.852267e-01	2.246464e-01	-2.646772e-01	1.880980e-02	-4.866042e-02	1.084622e-01	-1.779178e-02	-8.537546e-02	
4.873691e-01	-6.033021e-01	-5.109684e-01	-2.592546e-01	9.460598e-01	-9.862713e-01	1.000000e+00	-6.243656e-01	2.403722e-01	2.373187e-01	-2.196353e-01	1.422217e-01	2.206894e-01	-1.243513e-01	4.520059e-01	-3.409515e-01	3.455327e-01	-3.379042e-01	-2.672808e-01	3.140424e-01	-3.064870e-02	6.801933e-02	-1.410865e-01	1.496329e-02	1.061406e-01	
-4.440158e-01	5.462425e-01	3.259775e-01	-1.544417e-01	-6.869416e-01	6.568934e-01	-6.243656e-01	1.000000e+00	-8.815094e-01	-1.101779e-02	-2.868043e-02	1.115631e-01	-1.836519e-01	-3.898545e-02	-3.755284e-01	2.994113e-01	-3.025452e-01	2.945300e-01	2.637766e-01	-3.010787e-01	9.900051e-02	-1.424431e-01	2.184868e-01	-2.906627e-02	-9.769175e-02	
2.428181e-01	-2.708462e-01	-1.120060e-01	2.515418e-01	3.434104e-01	-2.872684e-01	2.403722e-01	-8.815094e-01	1.000000e+00	-1.037562e-01	1.376787e-01	-1.857519e-01	9.753580e-02	1.357912e-01	1.337911e-01	-1.101064e-01	1.131025e-01	-1.125015e-01	-1.267042e-01	1.421846e-01	-8.008568e-02	1.043044e-01	-1.420127e-01	3.005629e-02	3.420068e-02	
1.653820e-01	-1.955153e-01	-3.703543e-01	9.779547e-02	2.077572e-01	-2.220347e-01	2.373187e-01	-1.101779e-02	-1.037562e-01	1.000000e+00	-9.866120e-01	9.156509e-01	-7.525169e-01	6.734127e-01	2.083904e-01	-1.282262e-01	1.321235e-01	-1.326490e-01	-9.593292e-02	1.195950e-01	4.640176e-02	-4.203362e-02	2.602029e-02	2.627514e-02	1.073986e-02	
-9.070545e-02	1.334611e-01	4.021117e-01	-9.977998e-02	-1.949786e-01	2.080098e-01	-2.196353e-01	-2.868043e-02	1.376787e-01	-9.866120e-01	1.000000e+00	-9.673648e-01	7.655084e-01	-6.711900e-01	-1.743356e-01	9.677985e-02	-9.997375e-02	1.016319e-01	5.829730e-02	-8.028816e-02	-7.624878e-02	8.328104e-02	-8.515943e-02	-2.479424e-02	9.985797e-03	
-7.627866e-02	1.870711e-02	-4.026264e-01	8.859351e-02	1.346665e-01	-1.408376e-01	1.422217e-01	1.115631e-01	-1.857519e-01	9.156509e-01	-9.673648e-01	1.000000e+00	-7.542032e-01	6.337524e-01	7.826837e-02	-1.562757e-02	1.718480e-02	-2.125039e-02	2.679411e-02	-1.246148e-02	1.220863e-01	-1.515172e-01	1.901972e-01	2.448038e-02	-5.634153e-02	
1.226051e-01	-1.781160e-01	-1.417818e-01	1.891906e-02	1.977571e-01	-2.150262e-01	2.206894e-01	-1.836519e-01	9.753580e-02	-7.525169e-01	7.655084e-01	-7.542032e-01	1.000000e+00	-9.490380e-01	1.260568e-01	-9.910151e-02	1.007172e-01	-9.872476e-02	-6.544472e-02	8.217414e-02	-8.740009e-03	1.304686e-02	-2.533649e-02	-3.521953e-03	2.724990e-02	
2.787273e-02	3.101502e-02	1.278507e-01	2.534334e-02	-1.000064e-01	1.198737e-01	-1.243513e-01	-3.898545e-02	1.357912e-01	6.734127e-01	-6.711900e-01	6.337524e-01	-9.490380e-01	1.000000e+00	-4.332415e-02	2.789323e-02	-2.749681e-02	2.679966e-02	-1.180277e-02	1.952374e-03	-3.305639e-02	4.768605e-02	-6.642728e-02	2.523037e-03	1.361619e-02	
6.167907e-01	-8.079308e-01	-6.045359e-01	4.403718e-01	3.311546e-01	-3.881022e-01	4.520059e-01	-3.755284e-01	1.337911e-01	2.083904e-01	-1.743356e-01	7.826837e-02	1.260568e-01	-4.332415e-02	1.000000e+00	-8.805470e-01	8.994738e-01	-8.965606e-01	-5.056722e-01	6.791144e-01	-1.282751e-01	2.072238e-01	-3.493562e-01	-5.206260e-02	2.902575e-01	
-4.772057e-01	6.487829e-01	4.245889e-01	-3.379055e-01	-2.411721e-01	2.872034e-01	-3.409515e-01	2.994113e-01	-1.101064e-01	-1.282262e-01	9.677985e-02	-1.562757e-02	-9.910151e-02	2.789323e-02	-8.805470e-01	1.000000e+00	-9.945360e-01	9.774617e-01	1.426393e-01	-4.041813e-01	2.037637e-01	-2.794305e-01	3.977815e-01	3.517997e-02	-2.288815e-01	
4.898625e-01	-6.567566e-01	-4.324428e-01	3.432836e-01	2.445539e-01	-2.912236e-01	3.455327e-01	-3.025452e-01	1.131025e-01	1.321235e-01	-9.997375e-02	1.718480e-02	1.007172e-01	-2.749681e-02	8.994738e-01	-9.945360e-01	1.000000e+00	-9.937027e-01	-1.815073e-01	4.431738e-01	-2.076793e-01	2.851500e-01	-4.052098e-01	-4.312170e-02	2.419885e-01	
-4.844166e-01	6.390335e-01	4.291574e-01	-3.384432e-01	-2.396646e-01	2.852267e-01	-3.379042e-01	2.945300e-01	-1.125015e-01	-1.326490e-01	1.016319e-01	-2.125039e-02	-9.872476e-02	2.679966e-02	-8.965606e-01	9.774617e-01	-9.937027e-01	1.000000e+00	1.959730e-01	-4.589820e-01	2.117495e-01	-2.884265e-01	4.047739e-01	4.766257e-02	-2.434387e-01	
-4.189078e-01	5.301065e-01	2.578170e-01	-2.219720e-01	-1.882841e-01	2.246464e-01	-2.672808e-01	2.637766e-01	-1.267042e-01	-9.593292e-02	5.829730e-02	2.679411e-02	-6.544472e-02	-1.180277e-02	-5.056722e-01	1.426393e-01	-1.815073e-01	1.959730e-01	1.000000e+00	-9.427712e-01	5.554784e-02	-1.083302e-01	2.094113e-01	9.433431e-02	-3.059976e-01	
4.949833e-01	-6.190018e-01	-3.407936e-01	2.851298e-01	2.224644e-01	-2.646772e-01	3.140424e-01	-3.010787e-01	1.421846e-01	1.195950e-01	-8.028816e-02	-1.246148e-02	8.217414e-02	1.952374e-03	6.791144e-01	-4.041813e-01	4.431738e-01	-4.589820e-01	-9.427712e-01	1.000000e+00	-1.138660e-01	1.790296e-01	-2.917570e-01	-1.058650e-01	3.523100e-01	
-7.756772e-02	1.092813e-01	-1.113998e-01	2.087735e-02	-1.057548e-02	1.880980e-02	-3.064870e-02	9.900051e-02	-8.008568e-02	4.640176e-02	-7.624878e-02	1.220863e-01	-8.740009e-03	-3.305639e-02	-1.282751e-01	2.037637e-01	-2.076793e-01	2.117495e-01	5.554784e-02	-1.138660e-01	1.000000e+00	-9.848658e-01	9.049103e-01	-8.207871e-01	6.543212e-01	
1.768218e-01	-2.021795e-01	9.805774e-02	2.498104e-03	3.469903e-02	-4.866042e-02	6.801933e-02	-1.424431e-01	1.043044e-01	-4.203362e-02	8.328104e-02	-1.515172e-01	1.304686e-02	4.768605e-02	2.072238e-01	-2.794305e-01	2.851500e-01	-2.884265e-01	-1.083302e-01	1.790296e-01	-9.848658e-01	1.000000e+00	-9.632710e-01	8.032487e-01	-6.125665e-01	
-3.581658e-01	3.712583e-01	-4.911136e-02	-5.581612e-02	-8.394531e-02	1.084622e-01	-1.410865e-01	2.184868e-01	-1.420127e-01	2.602029e-02	-8.515943e-02	1.901972e-01	-2.533649e-02	-6.642728e-02	-3.493562e-01	3.977815e-01	-4.052098e-01	4.047739e-01	2.094113e-01	-2.917570e-01	9.049103e-01	-9.632710e-01	1.000000e+00	-7.180206e-01	4.919128e-01	
-1.820098e-02	2.212810e-02	-9.702829e-03	-6.092900e-03	1.862520e-02	-1.779178e-02	1.496329e-02	-2.906627e-02	3.005629e-02	2.627514e-02	-2.479424e-02	2.448038e-02	-3.521953e-03	2.523037e-03	-5.206260e-02	3.517997e-02	-4.312170e-02	4.766257e-02	9.433431e-02	-1.058650e-01	-8.207871e-01	8.032487e-01	-7.180206e-01	1.000000e+00	-9.389172e-01	
2.392871e-01	-2.605344e-01	-8.409770e-02	9.205903e-02	6.942207e-02	-8.537546e-02	1.061406e-01	-9.769175e-02	3.420068e-02	1.073986e-02	9.985797e-03	-5.634153e-02	2.724990e-02	1.361619e-02	2.902575e-01	-2.288815e-01	2.419885e-01	-2.434387e-01	-3.059976e-01	3.523100e-01	6.543212e-01	-6.125665e-01	4.919128e-01	-9.389172e-01	1.000000e+00	

Time taken for mcmc chain: 58.533333 minutes
