Number of steps: 2235423
Number of accepted steps: 960000
Burn-in number of steps: 320000
Accepted fraction of steps: 0.429449
Convergence Status
R[0]= 1.018603	R[1]= 1.015020	R[2]= 1.140061	R[3]= 1.052255	R[4]= 1.004829	R[5]= 1.003195	R[6]= 1.002313	R[7]= 1.015134	R[8]= 1.011121	R[9]= 1.028587	R[10]= 1.038575	R[11]= 1.052401	R[12]= 1.008607	R[13]= 1.023782	R[14]= 1.042964	R[15]= 1.006188	R[16]= 1.005413	R[17]= 1.004647	R[18]= 1.002512	R[19]= 1.000730	R[20]= 1.034841	R[21]= 1.045652	R[22]= 1.060627	R[23]= 1.004242	R[24]= 1.007936	
<R>= 1.025209

Mean parameters
A[0]= 8.809456e-01 pm 3.908182e-02
A[1]= 1.000625e+00 pm 2.963534e-02
A[2]= 5.230164e-01 pm 4.555984e-01
A[3]= 3.910691e+00 pm 1.390462e+00
A[4]= -3.589974e+03 pm 3.816647e+03
A[5]= 1.642053e+03 pm 2.501765e+03
A[6]= 5.439202e+01 pm 5.789587e+02
A[7]= 1.082936e+01 pm 1.281538e+01
A[8]= -1.940729e-01 pm 1.896567e-01
A[9]= -6.060299e+03 pm 8.255960e+03
A[10]= 2.503797e+03 pm 4.926764e+03
A[11]= -4.906273e+02 pm 1.017038e+03
A[12]= 2.935248e+01 pm 4.772020e+01
A[13]= -6.521535e-01 pm 9.362918e-01
A[14]= 5.033398e+00 pm 1.859826e+00
A[15]= -7.247030e+03 pm 5.345061e+03
A[16]= 4.651016e+03 pm 3.498372e+03
A[17]= -7.035544e+02 pm 8.096956e+02
A[18]= 1.325810e+01 pm 1.888539e+01
A[19]= -7.029072e-02 pm 2.750036e-01
A[20]= -1.140666e+03 pm 1.124675e+04
A[21]= 2.259967e+02 pm 6.746497e+03
A[22]= -3.035632e+02 pm 1.395804e+03
A[23]= 1.774657e+01 pm 6.615213e+01
A[24]= -7.000202e-01 pm 1.290567e+00

Best-fitting parameters
A[0]= 8.926740e-01
A[1]= 9.720118e-01
A[2]= 3.815480e-01
A[3]= 4.181771e+00
A[4]= -2.014104e+03
A[5]= 7.579183e+02
A[6]= 2.335049e+02
A[7]= -1.430991e+00
A[8]= -2.719878e-02
A[9]= -4.439782e+03
A[10]= 1.657212e+03
A[11]= -3.442898e+02
A[12]= 2.537583e+01
A[13]= -4.090597e-01
A[14]= 5.366067e+00
A[15]= -8.918513e+03
A[16]= 5.541557e+03
A[17]= -8.198991e+02
A[18]= 1.801671e+01
A[19]= -1.289602e-01
A[20]= -4.128448e+03
A[21]= 1.750707e+03
A[22]= -5.294743e+02
A[23]= 3.517827e+01
A[24]= -9.598155e-01
chi2_min= 9.476492e+01


Cross-Covariance parameters
1.000000e+00	-4.851490e-01	-1.186505e-01	4.246897e-02	6.194089e-02	-5.397340e-02	3.801724e-02	3.006005e-02	-2.308087e-02	-7.617062e-03	2.364958e-02	-6.070612e-02	1.084274e-01	-7.150095e-02	6.396912e-02	1.996356e-02	-1.387495e-02	1.682945e-03	4.186477e-02	-1.727718e-02	-3.040625e-04	1.894232e-02	-6.061163e-02	9.332481e-02	-5.854622e-02	
-4.851490e-01	1.000000e+00	1.631564e-01	-2.219638e-01	2.573603e-02	-2.805387e-02	2.277478e-02	1.075694e-01	-1.000043e-01	2.056798e-02	-2.771380e-02	4.364342e-02	-1.265398e-01	8.092375e-02	-1.653873e-01	-2.636513e-02	3.035979e-02	-4.017932e-02	1.283463e-01	-1.015963e-01	1.211453e-02	-1.270921e-02	2.646114e-02	-9.360607e-02	6.121746e-02	
-1.186505e-01	1.631564e-01	1.000000e+00	-6.624001e-01	3.794673e-02	-4.249203e-02	5.490710e-02	-1.397507e-01	1.266917e-01	-3.852701e-01	4.928690e-01	-6.175385e-01	-1.910005e-01	3.315801e-01	-6.081500e-01	-1.670081e-02	1.275405e-02	-4.596149e-03	-3.323879e-02	3.138136e-02	-3.813233e-01	4.894198e-01	-6.151955e-01	-1.131132e-01	2.410760e-01	
4.246897e-02	-2.219638e-01	-6.624001e-01	1.000000e+00	-6.000948e-01	6.571388e-01	-6.996301e-01	1.111301e-01	1.684466e-01	1.716229e-01	-2.279617e-01	3.046240e-01	9.407470e-02	-1.245753e-01	3.951583e-01	8.406896e-02	-8.086075e-02	7.493129e-02	-5.350752e-02	2.458116e-02	2.738099e-01	-3.490469e-01	4.351996e-01	7.232377e-02	-1.588001e-01	
6.194089e-02	2.573603e-02	3.794673e-02	-6.000948e-01	1.000000e+00	-9.861156e-01	9.476813e-01	-5.115634e-01	1.065714e-01	4.825100e-02	-7.595479e-02	9.704982e-02	7.138802e-02	-7.583175e-02	-1.384425e-02	-6.062348e-02	5.614205e-02	-5.155859e-02	9.512298e-02	-8.105036e-02	-5.072196e-02	5.839343e-02	-6.575341e-02	4.565039e-02	-4.036977e-02	
-5.397340e-02	-2.805387e-02	-4.249203e-02	6.571388e-01	-9.861156e-01	1.000000e+00	-9.871085e-01	4.486558e-01	-3.529226e-02	-6.056887e-02	9.012918e-02	-1.126332e-01	-7.127011e-02	8.789454e-02	6.706263e-03	6.735216e-02	-6.360828e-02	5.953804e-02	-9.300043e-02	7.493097e-02	4.935489e-02	-5.653741e-02	6.328506e-02	-3.828347e-02	3.169007e-02	
3.801724e-02	2.277478e-02	5.490710e-02	-6.996301e-01	9.476813e-01	-9.871085e-01	1.000000e+00	-3.833221e-01	-2.429601e-02	7.198590e-02	-1.014605e-01	1.233107e-01	6.070996e-02	-8.538924e-02	-4.360910e-03	-7.182030e-02	6.873236e-02	-6.492096e-02	8.613709e-02	-6.566703e-02	-5.040008e-02	5.777344e-02	-6.465085e-02	2.877255e-02	-1.985139e-02	
3.006005e-02	1.075694e-01	-1.397507e-01	1.111301e-01	-5.115634e-01	4.486558e-01	-3.833221e-01	1.000000e+00	-8.890405e-01	1.949405e-01	-1.897017e-01	1.744818e-01	-4.842914e-02	-1.408256e-01	7.881869e-02	1.234710e-02	-8.428921e-03	2.007790e-03	-6.773472e-03	2.036031e-02	9.744151e-02	-1.120080e-01	1.291346e-01	-4.128430e-02	2.107827e-02	
-2.308087e-02	-1.000043e-01	1.266917e-01	1.684466e-01	1.065714e-01	-3.529226e-02	-2.429601e-02	-8.890405e-01	1.000000e+00	-2.311872e-01	2.398157e-01	-2.343172e-01	1.901448e-02	2.108009e-01	-8.331236e-02	2.288370e-02	-2.493910e-02	2.861213e-02	-2.821854e-02	7.039179e-03	-7.297834e-02	8.543067e-02	-1.017616e-01	2.714166e-02	-1.072806e-02	
-7.617062e-03	2.056798e-02	-3.852701e-01	1.716229e-01	4.825100e-02	-6.056887e-02	7.198590e-02	1.949405e-01	-2.311872e-01	1.000000e+00	-9.843888e-01	9.235464e-01	-7.209419e-01	5.228023e-01	2.665847e-01	-2.676242e-02	3.051753e-02	-3.499395e-02	2.313724e-02	-5.387204e-05	1.956184e-01	-2.381984e-01	2.880590e-01	-1.513570e-02	-4.027529e-02	
2.364958e-02	-2.771380e-02	4.928690e-01	-2.279617e-01	-7.595479e-02	9.012918e-02	-1.014605e-01	-1.897017e-01	2.398157e-01	-9.843888e-01	1.000000e+00	-9.758711e-01	6.714668e-01	-4.669133e-01	-3.383800e-01	2.698038e-02	-3.155370e-02	3.742292e-02	-2.883800e-02	5.424335e-03	-2.353684e-01	2.917089e-01	-3.586537e-01	1.519172e-04	7.053569e-02	
-6.070612e-02	4.364342e-02	-6.175385e-01	3.046240e-01	9.704982e-02	-1.126332e-01	1.233107e-01	1.744818e-01	-2.343172e-01	9.235464e-01	-9.758711e-01	1.000000e+00	-5.702317e-01	3.668252e-01	4.198503e-01	-2.431750e-02	2.960825e-02	-3.681222e-02	3.505177e-02	-1.335501e-02	2.815015e-01	-3.545155e-01	4.425601e-01	1.911633e-02	-1.088960e-01	
1.084274e-01	-1.265398e-01	-1.910005e-01	9.407470e-02	7.138802e-02	-7.127011e-02	6.070996e-02	-4.842914e-02	1.901448e-02	-7.209419e-01	6.714668e-01	-5.702317e-01	1.000000e+00	-9.470852e-01	6.238043e-02	5.483889e-02	-6.003397e-02	6.238327e-02	2.023500e-02	-5.192795e-02	3.640473e-02	-5.527618e-02	7.584316e-02	8.389811e-02	-1.045357e-01	
-7.150095e-02	8.092375e-02	3.315801e-01	-1.245753e-01	-7.583175e-02	8.789454e-02	-8.538924e-02	-1.408256e-01	2.108009e-01	5.228023e-01	-4.669133e-01	3.668252e-01	-9.470852e-01	1.000000e+00	-1.470578e-01	-5.160911e-02	5.633179e-02	-5.746664e-02	-3.265659e-02	6.049433e-02	-1.029745e-01	1.390628e-01	-1.811153e-01	-7.944840e-02	1.215574e-01	
6.396912e-02	-1.653873e-01	-6.081500e-01	3.951583e-01	-1.384425e-02	6.706263e-03	-4.360910e-03	7.881869e-02	-8.331236e-02	2.665847e-01	-3.383800e-01	4.198503e-01	6.238043e-02	-1.470578e-01	1.000000e+00	-5.663215e-01	6.360481e-01	-6.873452e-01	-6.855879e-02	3.382622e-01	1.451678e-01	-1.983627e-01	2.705561e-01	1.575375e-03	-2.455491e-02	
1.996356e-02	-2.636513e-02	-1.670081e-02	8.406896e-02	-6.062348e-02	6.735216e-02	-7.182030e-02	1.234710e-02	2.288370e-02	-2.676242e-02	2.698038e-02	-2.431750e-02	5.483889e-02	-5.160911e-02	-5.663215e-01	1.000000e+00	-9.846833e-01	9.422056e-01	-4.518069e-01	6.789798e-02	1.509528e-01	-1.734171e-01	1.886925e-01	4.875116e-02	-7.778247e-02	
-1.387495e-02	3.035979e-02	1.275405e-02	-8.086075e-02	5.614205e-02	-6.360828e-02	6.873236e-02	-8.428921e-03	-2.493910e-02	3.051753e-02	-3.155370e-02	2.960825e-02	-6.003397e-02	5.633179e-02	6.360481e-01	-9.846833e-01	1.000000e+00	-9.857915e-01	3.693059e-01	2.450903e-02	-1.537406e-01	1.788155e-01	-1.960412e-01	-6.613271e-02	1.051981e-01	
1.682945e-03	-4.017932e-02	-4.596149e-03	7.493129e-02	-5.155859e-02	5.953804e-02	-6.492096e-02	2.007790e-03	2.861213e-02	-3.499395e-02	3.742292e-02	-3.681222e-02	6.238327e-02	-5.746664e-02	-6.873452e-01	9.422056e-01	-9.857915e-01	1.000000e+00	-2.823421e-01	-1.080061e-01	1.505822e-01	-1.772583e-01	1.957934e-01	7.826138e-02	-1.242502e-01	
4.186477e-02	1.283463e-01	-3.323879e-02	-5.350752e-02	9.512298e-02	-9.300043e-02	8.613709e-02	-6.773472e-03	-2.821854e-02	2.313724e-02	-2.883800e-02	3.505177e-02	2.023500e-02	-3.265659e-02	-6.855879e-02	-4.518069e-01	3.693059e-01	-2.823421e-01	1.000000e+00	-9.058439e-01	2.629996e-02	-2.377780e-02	1.833640e-02	7.348651e-02	-1.671929e-01	
-1.727718e-02	-1.015963e-01	3.138136e-02	2.458116e-02	-8.105036e-02	7.493097e-02	-6.566703e-02	2.036031e-02	7.039179e-03	-5.387204e-05	5.424335e-03	-1.335501e-02	-5.192795e-02	6.049433e-02	3.382622e-01	6.789798e-02	2.450903e-02	-1.080061e-01	-9.058439e-01	1.000000e+00	-9.209628e-02	9.766730e-02	-9.625900e-02	-9.797125e-02	2.222050e-01	
-3.040625e-04	1.211453e-02	-3.813233e-01	2.738099e-01	-5.072196e-02	4.935489e-02	-5.040008e-02	9.744151e-02	-7.297834e-02	1.956184e-01	-2.353684e-01	2.815015e-01	3.640473e-02	-1.029745e-01	1.451678e-01	1.509528e-01	-1.537406e-01	1.505822e-01	2.629996e-02	-9.209628e-02	1.000000e+00	-9.849819e-01	9.258040e-01	-7.404883e-01	5.829742e-01	
1.894232e-02	-1.270921e-02	4.894198e-01	-3.490469e-01	5.839343e-02	-5.653741e-02	5.777344e-02	-1.120080e-01	8.543067e-02	-2.381984e-01	2.917089e-01	-3.545155e-01	-5.527618e-02	1.390628e-01	-1.983627e-01	-1.734171e-01	1.788155e-01	-1.772583e-01	-2.377780e-02	9.766730e-02	-9.849819e-01	1.000000e+00	-9.763909e-01	6.971501e-01	-5.319542e-01	
-6.061163e-02	2.646114e-02	-6.151955e-01	4.351996e-01	-6.575341e-02	6.328506e-02	-6.465085e-02	1.291346e-01	-1.017616e-01	2.880590e-01	-3.586537e-01	4.425601e-01	7.584316e-02	-1.811153e-01	2.705561e-01	1.886925e-01	-1.960412e-01	1.957934e-01	1.833640e-02	-9.625900e-02	9.258040e-01	-9.763909e-01	1.000000e+00	-6.031415e-01	4.351162e-01	
9.332481e-02	-9.360607e-02	-1.131132e-01	7.232377e-02	4.565039e-02	-3.828347e-02	2.877255e-02	-4.128430e-02	2.714166e-02	-1.513570e-02	1.519172e-04	1.911633e-02	8.389811e-02	-7.944840e-02	1.575375e-03	4.875116e-02	-6.613271e-02	7.826138e-02	7.348651e-02	-9.797125e-02	-7.404883e-01	6.971501e-01	-6.031415e-01	1.000000e+00	-9.648045e-01	
-5.854622e-02	6.121746e-02	2.410760e-01	-1.588001e-01	-4.036977e-02	3.169007e-02	-1.985139e-02	2.107827e-02	-1.072806e-02	-4.027529e-02	7.053569e-02	-1.088960e-01	-1.045357e-01	1.215574e-01	-2.455491e-02	-7.778247e-02	1.051981e-01	-1.242502e-01	-1.671929e-01	2.222050e-01	5.829742e-01	-5.319542e-01	4.351162e-01	-9.648045e-01	1.000000e+00	

Time taken for mcmc chain: 23.116667 minutes
