Number of steps: 998030
Number of accepted steps: 500000
Burn-in number of steps: 320000
Accepted fraction of steps: 0.500987
Convergence Status
R[0]= -nan	R[1]= -nan	R[2]= -nan	R[3]= -nan	R[4]= -nan	R[5]= -nan	R[6]= -nan	R[7]= -nan	R[8]= -nan	R[9]= -nan	R[10]= -nan	R[11]= -nan	R[12]= -nan	R[13]= -nan	R[14]= -nan	R[15]= -nan	R[16]= -nan	R[17]= -nan	R[18]= -nan	R[19]= -nan	R[20]= -nan	R[21]= -nan	R[22]= -nan	R[23]= -nan	R[24]= -nan	
<R>= -nan

Mean parameters
A[0]= 8.608864e-01 pm 1.146173e-01
A[1]= 1.051621e+00 pm 2.213363e-01
A[2]= 3.294766e-01 pm 2.112927e-01
A[3]= 4.283488e+00 pm 8.432989e-01
A[4]= 1.608070e+02 pm 5.448385e+03
A[5]= -3.281130e+02 pm 3.827746e+03
A[6]= 4.848540e+02 pm 9.831996e+02
A[7]= -7.299973e+00 pm 2.017456e+01
A[8]= -4.783780e-03 pm 2.000074e-01
A[9]= 9.439104e+03 pm 6.121818e+03
A[10]= -7.312242e+03 pm 3.747986e+03
A[11]= 1.733230e+03 pm 8.730945e+02
A[12]= -6.855710e+01 pm 5.315901e+01
A[13]= 1.102899e+00 pm 8.715973e-01
A[14]= 3.426333e+00 pm 3.953205e+00
A[15]= -1.498891e+03 pm 7.606557e+03
A[16]= 7.980386e+02 pm 5.159633e+03
A[17]= 7.583767e+01 pm 1.158349e+03
A[18]= -1.175713e+01 pm 1.306293e+01
A[19]= 1.092625e-01 pm 2.566877e-01
A[20]= 6.104943e+03 pm 5.750719e+03
A[21]= -3.765467e+03 pm 3.490446e+03
A[22]= 6.530701e+02 pm 8.186179e+02
A[23]= -3.429460e+01 pm 3.369778e+01
A[24]= 6.908783e-01 pm 6.732582e-01

Best-fitting parameters
A[0]= 8.941754e-01
A[1]= 1.174821e+00
A[2]= 3.606234e-01
A[3]= 5.096774e+00
A[4]= -4.775668e+03
A[5]= 3.520527e+03
A[6]= -5.538680e+02
A[7]= 1.277808e+01
A[8]= -8.657385e-02
A[9]= 1.216725e+04
A[10]= -7.840788e+03
A[11]= 1.652474e+03
A[12]= -6.970287e+01
A[13]= 9.989844e-01
A[14]= 3.819758e-01
A[15]= 5.495500e+03
A[16]= -3.977849e+03
A[17]= 1.145569e+03
A[18]= -1.001219e+01
A[19]= -2.536406e-02
A[20]= 1.079198e+04
A[21]= -7.347955e+03
A[22]= 1.559888e+03
A[23]= -7.767231e+01
A[24]= 1.412562e+00
chi2_min= 1.203944e+02


Cross-Covariance parameters
1.000000e+00	-9.042534e-01	-6.825979e-01	-5.569837e-02	6.792637e-01	-6.891718e-01	7.002716e-01	-6.764677e-01	5.074926e-01	-2.815917e-01	4.212900e-01	-6.191065e-01	5.283011e-01	-1.789350e-01	9.023000e-01	-8.566396e-01	8.647115e-01	-8.667045e-01	-6.978493e-01	8.304453e-01	-2.899598e-01	4.743576e-01	-7.179508e-01	8.918029e-02	3.606145e-01	
-9.042534e-01	1.000000e+00	7.938102e-01	2.672195e-01	-8.350249e-01	8.671225e-01	-8.939793e-01	7.965529e-01	-5.102138e-01	2.678772e-01	-4.013893e-01	5.952298e-01	-5.661052e-01	2.271189e-01	-9.788222e-01	9.461622e-01	-9.517338e-01	9.503728e-01	7.455127e-01	-8.957129e-01	4.088079e-01	-5.643942e-01	7.583976e-01	-1.640739e-01	-3.039170e-01	
-6.825979e-01	7.938102e-01	1.000000e+00	-5.104621e-02	-6.614696e-01	6.877292e-01	-7.077124e-01	6.369736e-01	-4.155736e-01	1.091055e-01	-1.577850e-01	2.664055e-01	-4.616395e-01	2.525600e-01	-8.107431e-01	8.108960e-01	-8.088979e-01	8.051354e-01	4.836845e-01	-6.625397e-01	2.963701e-01	-4.017252e-01	5.301934e-01	-1.990150e-01	-1.325738e-01	
-5.569837e-02	2.672195e-01	-5.104621e-02	1.000000e+00	-5.559340e-01	5.790548e-01	-5.820502e-01	3.125711e-01	-2.057156e-03	2.115119e-03	-1.012950e-01	2.219884e-01	-1.145699e-01	3.558063e-02	-2.166527e-01	2.061690e-01	-2.131017e-01	2.174722e-01	2.089319e-01	-2.235987e-01	3.024071e-01	-3.042869e-01	2.737690e-01	-2.497011e-01	1.515029e-01	
6.792637e-01	-8.350249e-01	-6.614696e-01	-5.559340e-01	1.000000e+00	-9.924313e-01	9.722746e-01	-9.074129e-01	6.226755e-01	-1.660847e-01	2.959750e-01	-4.830563e-01	5.025116e-01	-2.066754e-01	8.150712e-01	-7.895227e-01	7.929590e-01	-7.910763e-01	-6.225325e-01	7.440017e-01	-4.065101e-01	5.194133e-01	-6.449902e-01	2.397053e-01	1.396863e-01	
-6.891718e-01	8.671225e-01	6.877292e-01	5.790548e-01	-9.924313e-01	1.000000e+00	-9.933608e-01	8.949537e-01	-5.839106e-01	1.791989e-01	-3.097993e-01	4.981579e-01	-5.186249e-01	2.233995e-01	-8.415490e-01	8.183727e-01	-8.217526e-01	8.198053e-01	6.385965e-01	-7.661770e-01	4.337911e-01	-5.472570e-01	6.715150e-01	-2.563549e-01	-1.340417e-01	
7.002716e-01	-8.939793e-01	-7.077124e-01	-5.820502e-01	9.722746e-01	-9.933608e-01	1.000000e+00	-8.738902e-01	5.447697e-01	-1.864065e-01	3.168183e-01	-5.056311e-01	5.228265e-01	-2.262205e-01	8.639043e-01	-8.429006e-01	8.464424e-01	-8.445831e-01	-6.516342e-01	7.848736e-01	-4.539854e-01	5.688105e-01	-6.938403e-01	2.630045e-01	1.377180e-01	
-6.764677e-01	7.965529e-01	6.369736e-01	3.125711e-01	-9.074129e-01	8.949537e-01	-8.738902e-01	1.000000e+00	-8.745766e-01	2.589345e-01	-3.680738e-01	5.187256e-01	-5.316093e-01	1.960176e-01	-7.784482e-01	7.520345e-01	-7.509362e-01	7.442535e-01	6.295029e-01	-7.279887e-01	3.282595e-01	-4.440474e-01	5.862227e-01	-1.314479e-01	-2.422182e-01	
5.074926e-01	-5.102138e-01	-4.155736e-01	-2.057156e-03	6.226755e-01	-5.839106e-01	5.447697e-01	-8.745766e-01	1.000000e+00	-2.340712e-01	3.034285e-01	-3.917812e-01	3.869165e-01	-7.712893e-02	5.045431e-01	-4.827333e-01	4.776935e-01	-4.688071e-01	-4.426164e-01	4.873355e-01	-1.208732e-01	2.148895e-01	-3.467295e-01	-2.971274e-02	2.833823e-01	
-2.815917e-01	2.678772e-01	1.091055e-01	2.115119e-03	-1.660847e-01	1.791989e-01	-1.864065e-01	2.589345e-01	-2.340712e-01	1.000000e+00	-9.696765e-01	8.485833e-01	-7.926040e-01	7.001757e-01	-2.582041e-01	2.489444e-01	-2.479051e-01	2.438933e-01	2.423620e-01	-2.770858e-01	1.935130e-01	-2.443492e-01	2.964984e-01	-1.884795e-01	4.317476e-02	
4.212900e-01	-4.013893e-01	-1.577850e-01	-1.012950e-01	2.959750e-01	-3.097993e-01	3.168183e-01	-3.680738e-01	3.034285e-01	-9.696765e-01	1.000000e+00	-9.495846e-01	8.724177e-01	-7.397438e-01	3.790714e-01	-3.638784e-01	3.652560e-01	-3.630304e-01	-3.529469e-01	3.987783e-01	-2.632749e-01	3.358234e-01	-4.144157e-01	1.977198e-01	1.702603e-02	
-6.191065e-01	5.952298e-01	2.664055e-01	2.219884e-01	-4.830563e-01	4.981579e-01	-5.056311e-01	5.187256e-01	-3.917812e-01	8.485833e-01	-9.495846e-01	1.000000e+00	-9.016248e-01	7.045905e-01	-5.621319e-01	5.367968e-01	-5.412560e-01	5.410818e-01	5.059471e-01	-5.716222e-01	3.400971e-01	-4.453444e-01	5.665915e-01	-1.991244e-01	-1.111946e-01	
5.283011e-01	-5.661052e-01	-4.616395e-01	-1.145699e-01	5.025116e-01	-5.186249e-01	5.228265e-01	-5.316093e-01	3.869165e-01	-7.926040e-01	8.724177e-01	-9.016248e-01	1.000000e+00	-8.975916e-01	5.443792e-01	-5.496649e-01	5.482058e-01	-5.454666e-01	-4.113177e-01	5.095788e-01	-3.680463e-01	4.459861e-01	-5.226618e-01	2.612089e-01	1.585842e-02	
-1.789350e-01	2.271189e-01	2.525600e-01	3.558063e-02	-2.066754e-01	2.233995e-01	-2.262205e-01	1.960176e-01	-7.712893e-02	7.001757e-01	-7.397438e-01	7.045905e-01	-8.975916e-01	1.000000e+00	-2.107642e-01	2.448592e-01	-2.392888e-01	2.360868e-01	1.200780e-01	-1.867034e-01	2.573913e-01	-2.666051e-01	2.520390e-01	-2.259203e-01	1.170724e-01	
9.023000e-01	-9.788222e-01	-8.107431e-01	-2.166527e-01	8.150712e-01	-8.415490e-01	8.639043e-01	-7.784482e-01	5.045431e-01	-2.582041e-01	3.790714e-01	-5.621319e-01	5.443792e-01	-2.107642e-01	1.000000e+00	-9.722910e-01	9.802988e-01	-9.827020e-01	-7.266874e-01	9.024724e-01	-3.801336e-01	5.351605e-01	-7.307631e-01	1.513858e-01	3.075280e-01	
-8.566396e-01	9.461622e-01	8.108960e-01	2.061690e-01	-7.895227e-01	8.183727e-01	-8.429006e-01	7.520345e-01	-4.827333e-01	2.489444e-01	-3.638784e-01	5.367968e-01	-5.496649e-01	2.448592e-01	-9.722910e-01	1.000000e+00	-9.983159e-01	9.935499e-01	5.776931e-01	-8.122613e-01	3.843564e-01	-5.300305e-01	7.094037e-01	-1.436266e-01	-2.936839e-01	
8.647115e-01	-9.517338e-01	-8.088979e-01	-2.131017e-01	7.929590e-01	-8.217526e-01	8.464424e-01	-7.509362e-01	4.776935e-01	-2.479051e-01	3.652560e-01	-5.412560e-01	5.482058e-01	-2.392888e-01	9.802988e-01	-9.983159e-01	1.000000e+00	-9.983675e-01	-6.008068e-01	8.288793e-01	-3.888796e-01	5.368673e-01	-7.185817e-01	1.494884e-01	2.909141e-01	
-8.667045e-01	9.503728e-01	8.051354e-01	2.174722e-01	-7.910763e-01	8.198053e-01	-8.445831e-01	7.442535e-01	-4.688071e-01	2.438933e-01	-3.630304e-01	5.410818e-01	-5.454666e-01	2.360868e-01	-9.827020e-01	9.935499e-01	-9.983675e-01	1.000000e+00	6.139706e-01	-8.376412e-01	3.941700e-01	-5.430648e-01	7.246897e-01	-1.575055e-01	-2.823524e-01	
-6.978493e-01	7.455127e-01	4.836845e-01	2.089319e-01	-6.225325e-01	6.385965e-01	-6.516342e-01	6.295029e-01	-4.426164e-01	2.423620e-01	-3.529469e-01	5.059471e-01	-4.113177e-01	1.200780e-01	-7.266874e-01	5.776931e-01	-6.008068e-01	6.139706e-01	1.000000e+00	-9.369664e-01	3.152970e-01	-4.332848e-01	5.872293e-01	-9.570484e-02	-3.111074e-01	
8.304453e-01	-8.957129e-01	-6.625397e-01	-2.235987e-01	7.440017e-01	-7.661770e-01	7.848736e-01	-7.279887e-01	4.873355e-01	-2.770858e-01	3.987783e-01	-5.716222e-01	5.095788e-01	-1.867034e-01	9.024724e-01	-8.122613e-01	8.288793e-01	-8.376412e-01	-9.369664e-01	1.000000e+00	-3.739720e-01	5.144475e-01	-6.925425e-01	1.251007e-01	3.367055e-01	
-2.899598e-01	4.088079e-01	2.963701e-01	3.024071e-01	-4.065101e-01	4.337911e-01	-4.539854e-01	3.282595e-01	-1.208732e-01	1.935130e-01	-2.632749e-01	3.400971e-01	-3.680463e-01	2.573913e-01	-3.801336e-01	3.843564e-01	-3.888796e-01	3.941700e-01	3.152970e-01	-3.739720e-01	1.000000e+00	-9.727772e-01	8.438239e-01	-8.510706e-01	5.690984e-01	
4.743576e-01	-5.643942e-01	-4.017252e-01	-3.042869e-01	5.194133e-01	-5.472570e-01	5.688105e-01	-4.440474e-01	2.148895e-01	-2.443492e-01	3.358234e-01	-4.453444e-01	4.459861e-01	-2.666051e-01	5.351605e-01	-5.300305e-01	5.368673e-01	-5.430648e-01	-4.332848e-01	5.144475e-01	-9.727772e-01	1.000000e+00	-9.437212e-01	8.171986e-01	-4.620133e-01	
-7.179508e-01	7.583976e-01	5.301934e-01	2.737690e-01	-6.449902e-01	6.715150e-01	-6.938403e-01	5.862227e-01	-3.467295e-01	2.964984e-01	-4.144157e-01	5.665915e-01	-5.226618e-01	2.520390e-01	-7.307631e-01	7.094037e-01	-7.185817e-01	7.246897e-01	5.872293e-01	-6.925425e-01	8.438239e-01	-9.437212e-01	1.000000e+00	-6.695705e-01	2.330288e-01	
8.918029e-02	-1.640739e-01	-1.990150e-01	-2.497011e-01	2.397053e-01	-2.563549e-01	2.630045e-01	-1.314479e-01	-2.971274e-02	-1.884795e-01	1.977198e-01	-1.991244e-01	2.612089e-01	-2.259203e-01	1.513858e-01	-1.436266e-01	1.494884e-01	-1.575055e-01	-9.570484e-02	1.251007e-01	-8.510706e-01	8.171986e-01	-6.695705e-01	1.000000e+00	-8.676537e-01	
3.606145e-01	-3.039170e-01	-1.325738e-01	1.515029e-01	1.396863e-01	-1.340417e-01	1.377180e-01	-2.422182e-01	2.833823e-01	4.317476e-02	1.702603e-02	-1.111946e-01	1.585842e-02	1.170724e-01	3.075280e-01	-2.936839e-01	2.909141e-01	-2.823524e-01	-3.111074e-01	3.367055e-01	5.690984e-01	-4.620133e-01	2.330288e-01	-8.676537e-01	1.000000e+00	

Time taken for mcmc chain: 9.716667 minutes
