Number of steps: 2501613
Number of accepted steps: 960000
Burn-in number of steps: 320000
Accepted fraction of steps: 0.383752
Convergence Status
R[0]= 1.000704	R[1]= 1.009559	R[2]= 1.022332	R[3]= 1.008604	R[4]= 1.006145	R[5]= 1.005962	R[6]= 1.005213	R[7]= 1.007649	R[8]= 1.007111	R[9]= 1.006428	R[10]= 1.010143	R[11]= 1.015722	R[12]= 1.004659	R[13]= 1.005213	R[14]= 1.025706	R[15]= 1.012228	R[16]= 1.013633	R[17]= 1.015887	R[18]= 1.001578	R[19]= 1.001922	R[20]= 1.005319	R[21]= 1.006018	R[22]= 1.006822	R[23]= 1.009119	R[24]= 1.014035	
<R>= 1.009108

Mean parameters
A[0]= 9.588921e-01 pm 3.041010e-02
A[1]= 1.056077e+00 pm 2.620287e-02
A[2]= 6.174855e-01 pm 4.091293e-01
A[3]= 3.994739e+00 pm 1.217069e+00
A[4]= -4.712706e+03 pm 3.686314e+03
A[5]= 2.576810e+03 pm 2.434499e+03
A[6]= -1.641951e+02 pm 5.777750e+02
A[7]= 7.832800e+00 pm 1.336381e+01
A[8]= -8.303306e-02 pm 1.859744e-01
A[9]= -3.725116e+02 pm 8.881087e+03
A[10]= -4.770385e+02 pm 5.425329e+03
A[11]= -5.694765e+00 pm 1.174281e+03
A[12]= -2.644734e+01 pm 4.811884e+01
A[13]= 5.940632e-01 pm 9.303365e-01
A[14]= 5.112486e+00 pm 1.610488e+00
A[15]= -5.101560e+03 pm 5.023203e+03
A[16]= 4.149829e+03 pm 3.340431e+03
A[17]= -7.595287e+02 pm 7.983730e+02
A[18]= -7.739686e-01 pm 1.864952e+01
A[19]= 1.611485e-01 pm 2.527150e-01
A[20]= 1.131038e+04 pm 1.195263e+04
A[21]= -5.882375e+03 pm 7.180236e+03
A[22]= 5.869122e+02 pm 1.510011e+03
A[23]= -6.239336e+01 pm 6.542671e+01
A[24]= 8.101388e-01 pm 1.265119e+00

Best-fitting parameters
A[0]= 9.652018e-01
A[1]= 1.032641e+00
A[2]= 6.147375e-01
A[3]= 4.201983e+00
A[4]= -4.938995e+03
A[5]= 3.037123e+03
A[6]= -3.342290e+02
A[7]= 9.774049e+00
A[8]= -1.240371e-01
A[9]= 4.033860e+03
A[10]= -2.798556e+03
A[11]= 3.265365e+02
A[12]= -6.232972e+01
A[13]= 1.277087e+00
A[14]= 5.159990e+00
A[15]= -4.670526e+03
A[16]= 4.031972e+03
A[17]= -7.420966e+02
A[18]= -9.066469e+00
A[19]= 2.733493e-01
A[20]= 1.280081e+04
A[21]= -6.111700e+03
A[22]= 4.610255e+02
A[23]= -6.934657e+01
A[24]= 1.036838e+00
chi2_min= 1.064628e+02


Cross-Covariance parameters
1.000000e+00	-4.574178e-01	-1.477855e-01	6.270573e-02	5.660710e-02	-5.422493e-02	4.208940e-02	7.844808e-02	-9.293737e-02	-4.082115e-02	4.400409e-02	-5.948187e-02	1.806173e-01	-1.548060e-01	4.459908e-02	8.745083e-02	-9.195203e-02	8.540361e-02	2.583252e-02	-4.506891e-02	2.019712e-02	-2.107067e-02	1.886859e-03	1.132331e-01	-9.780772e-02	
-4.574178e-01	1.000000e+00	2.305636e-01	-2.400002e-01	-1.895857e-02	2.200970e-02	-3.284694e-02	1.237116e-01	-1.085891e-01	-1.650707e-03	9.550697e-03	-1.532753e-02	-1.321501e-01	9.526767e-02	-2.611679e-01	4.349497e-02	-3.772204e-02	2.326001e-02	1.248819e-01	-1.482282e-01	-3.408975e-02	3.859751e-02	-3.160600e-02	-6.284472e-02	4.176072e-02	
-1.477855e-01	2.305636e-01	1.000000e+00	-7.118033e-01	-5.509448e-02	5.907618e-02	-5.806116e-02	-4.009255e-02	6.057841e-02	-4.699514e-01	5.827036e-01	-7.076430e-01	-5.293330e-02	2.332997e-01	-7.102662e-01	-2.621659e-03	-7.784196e-03	2.007357e-02	-2.274005e-02	1.047821e-02	-4.176105e-01	5.222352e-01	-6.455397e-01	-4.681010e-02	2.041249e-01	
6.270573e-02	-2.400002e-01	-7.118033e-01	1.000000e+00	-4.814889e-01	5.366810e-01	-5.751756e-01	1.586337e-01	9.054817e-02	2.425354e-01	-3.070099e-01	3.840981e-01	2.560497e-02	-1.065908e-01	5.120089e-01	4.144736e-02	-4.339016e-02	4.288603e-02	-3.466629e-02	1.913793e-02	3.146792e-01	-3.973409e-01	4.932865e-01	4.201074e-02	-1.589224e-01	
5.660710e-02	-1.895857e-02	-5.509448e-02	-4.814889e-01	1.000000e+00	-9.832160e-01	9.363283e-01	-6.516109e-01	2.626490e-01	9.305144e-02	-1.318725e-01	1.724752e-01	6.885870e-02	-7.231591e-02	7.793820e-02	-6.833605e-02	8.250335e-02	-9.385123e-02	6.468254e-02	-2.453119e-02	3.489742e-03	-2.549065e-04	-3.036751e-03	-7.717749e-03	1.118121e-02	
-5.422493e-02	2.200970e-02	5.907618e-02	5.366810e-01	-9.832160e-01	1.000000e+00	-9.841455e-01	5.965044e-01	-1.912994e-01	-1.122396e-01	1.538198e-01	-1.973594e-01	-7.364472e-02	9.178891e-02	-8.378909e-02	7.182938e-02	-8.753119e-02	1.001455e-01	-6.389265e-02	2.246324e-02	-1.353712e-03	-3.005020e-03	6.941065e-03	4.689211e-03	-7.877139e-03	
4.208940e-02	-3.284694e-02	-5.806116e-02	-5.751756e-01	9.363283e-01	-9.841455e-01	1.000000e+00	-5.293287e-01	1.252147e-01	1.320786e-01	-1.744417e-01	2.185200e-01	6.612822e-02	-9.523818e-02	8.796333e-02	-7.605320e-02	9.269144e-02	-1.056188e-01	5.843535e-02	-1.556913e-02	-1.484855e-03	7.273494e-03	-1.224128e-02	-3.730915e-03	7.384634e-03	
7.844808e-02	1.237116e-01	-4.009255e-02	1.586337e-01	-6.516109e-01	5.965044e-01	-5.293287e-01	1.000000e+00	-8.834585e-01	1.124287e-01	-9.165812e-02	5.825596e-02	-5.497575e-02	-1.129327e-01	-3.433282e-02	5.581371e-02	-6.194792e-02	6.386168e-02	7.796221e-04	-2.533114e-02	-2.456634e-04	-9.149946e-03	2.172126e-02	4.586666e-02	-5.833516e-02	
-9.293737e-02	-1.085891e-01	6.057841e-02	9.054817e-02	2.626490e-01	-1.912994e-01	1.252147e-01	-8.834585e-01	1.000000e+00	-1.789479e-01	1.751070e-01	-1.566246e-01	2.630628e-02	1.980798e-01	-2.834463e-03	-1.513645e-02	1.381244e-02	-1.038200e-02	-2.648089e-02	2.905098e-02	1.707213e-02	-9.768029e-03	-1.717478e-03	-5.249245e-02	5.999398e-02	
-4.082115e-02	-1.650707e-03	-4.699514e-01	2.425354e-01	9.305144e-02	-1.122396e-01	1.320786e-01	1.124287e-01	-1.789479e-01	1.000000e+00	-9.839762e-01	9.216928e-01	-7.431815e-01	5.226179e-01	3.407818e-01	-8.212294e-03	2.170255e-02	-3.393379e-02	8.969329e-03	9.683364e-03	1.701426e-01	-2.186439e-01	2.818508e-01	4.489506e-02	-1.216029e-01	
4.400409e-02	9.550697e-03	5.827036e-01	-3.070099e-01	-1.318725e-01	1.538198e-01	-1.744417e-01	-9.165812e-02	1.751070e-01	-9.839762e-01	1.000000e+00	-9.753758e-01	6.891179e-01	-4.588650e-01	-4.245189e-01	1.395382e-02	-2.924206e-02	4.329945e-02	-1.952656e-02	-1.754911e-03	-2.181409e-01	2.786212e-01	-3.564726e-01	-4.771949e-02	1.429038e-01	
-5.948187e-02	-1.532753e-02	-7.076430e-01	3.840981e-01	1.724752e-01	-1.973594e-01	2.185200e-01	5.825596e-02	-1.566246e-01	9.216928e-01	-9.753758e-01	1.000000e+00	-5.780579e-01	3.458045e-01	5.189629e-01	-2.196095e-02	3.904249e-02	-5.485072e-02	3.066256e-02	-6.537567e-03	2.732413e-01	-3.472006e-01	4.416356e-01	4.783475e-02	-1.639407e-01	
1.806173e-01	-1.321501e-01	-5.293330e-02	2.560497e-02	6.885870e-02	-7.364472e-02	6.612822e-02	-5.497575e-02	2.630628e-02	-7.431815e-01	6.891179e-01	-5.780579e-01	1.000000e+00	-9.375666e-01	4.612033e-02	1.190743e-02	-1.541647e-02	1.590100e-02	5.032999e-03	-1.338610e-02	4.681408e-02	-5.154585e-02	5.015165e-02	-1.036871e-02	6.274562e-03	
-1.548060e-01	9.526767e-02	2.332997e-01	-1.065908e-01	-7.231591e-02	9.178891e-02	-9.523818e-02	-1.129327e-01	1.980798e-01	5.226179e-01	-4.588650e-01	3.458045e-01	-9.375666e-01	1.000000e+00	-1.730418e-01	-1.182036e-02	1.031114e-02	-5.593076e-03	-1.389159e-02	1.904344e-02	-1.094386e-01	1.356734e-01	-1.620300e-01	-7.483425e-03	4.294111e-02	
4.459908e-02	-2.611679e-01	-7.102662e-01	5.120089e-01	7.793820e-02	-8.378909e-02	8.796333e-02	-3.433282e-02	-2.834463e-03	3.407818e-01	-4.245189e-01	5.189629e-01	4.612033e-02	-1.730418e-01	1.000000e+00	-4.981753e-01	5.700762e-01	-6.221916e-01	7.085659e-02	1.944558e-01	2.003479e-01	-2.506960e-01	3.159481e-01	-1.392615e-02	-4.675084e-02	
8.745083e-02	4.349497e-02	-2.621659e-03	4.144736e-02	-6.833605e-02	7.182938e-02	-7.605320e-02	5.581371e-02	-1.513645e-02	-8.212294e-03	1.395382e-02	-2.196095e-02	1.190743e-02	-1.182036e-02	-4.981753e-01	1.000000e+00	-9.818634e-01	9.313257e-01	-6.204782e-01	2.436155e-01	1.424496e-01	-1.809946e-01	2.186755e-01	4.054216e-02	-7.445101e-02	
-9.195203e-02	-3.772204e-02	-7.784196e-03	-4.339016e-02	8.250335e-02	-8.753119e-02	9.269144e-02	-6.194792e-02	1.381244e-02	2.170255e-02	-2.924206e-02	3.904249e-02	-1.541647e-02	1.031114e-02	5.700762e-01	-9.818634e-01	1.000000e+00	-9.830118e-01	5.531064e-01	-1.586510e-01	-1.519443e-01	1.946592e-01	-2.361539e-01	-5.089677e-02	9.444570e-02	
8.540361e-02	2.326001e-02	2.007357e-02	4.288603e-02	-9.385123e-02	1.001455e-01	-1.056188e-01	6.386168e-02	-1.038200e-02	-3.393379e-02	4.329945e-02	-5.485072e-02	1.590100e-02	-5.593076e-03	-6.221916e-01	9.313257e-01	-9.830118e-01	1.000000e+00	-4.712740e-01	7.543019e-02	1.562189e-01	-2.012684e-01	2.449806e-01	5.560064e-02	-1.054455e-01	
2.583252e-02	1.248819e-01	-2.274005e-02	-3.466629e-02	6.468254e-02	-6.389265e-02	5.843535e-02	7.796221e-04	-2.648089e-02	8.969329e-03	-1.952656e-02	3.066256e-02	5.032999e-03	-1.389159e-02	7.085659e-02	-6.204782e-01	5.531064e-01	-4.712740e-01	1.000000e+00	-8.962049e-01	1.592676e-03	1.445074e-02	-3.259845e-02	4.107530e-02	-1.141484e-01	
-4.506891e-02	-1.482282e-01	1.047821e-02	1.913793e-02	-2.453119e-02	2.246324e-02	-1.556913e-02	-2.533114e-02	2.905098e-02	9.683364e-03	-1.754911e-03	-6.537567e-03	-1.338610e-02	1.904344e-02	1.944558e-01	2.436155e-01	-1.586510e-01	7.543019e-02	-8.962049e-01	1.000000e+00	-7.114632e-02	7.120324e-02	-6.741291e-02	-7.301639e-02	1.880603e-01	
2.019712e-02	-3.408975e-02	-4.176105e-01	3.146792e-01	3.489742e-03	-1.353712e-03	-1.484855e-03	-2.456634e-04	1.707213e-02	1.701426e-01	-2.181409e-01	2.732413e-01	4.681408e-02	-1.094386e-01	2.003479e-01	1.424496e-01	-1.519443e-01	1.562189e-01	1.592676e-03	-7.114632e-02	1.000000e+00	-9.846941e-01	9.230433e-01	-7.674511e-01	5.924635e-01	
-2.107067e-02	3.859751e-02	5.222352e-01	-3.973409e-01	-2.549065e-04	-3.005020e-03	7.273494e-03	-9.149946e-03	-9.768029e-03	-2.186439e-01	2.786212e-01	-3.472006e-01	-5.154585e-02	1.356734e-01	-2.506960e-01	-1.809946e-01	1.946592e-01	-2.012684e-01	1.445074e-02	7.120324e-02	-9.846941e-01	1.000000e+00	-9.751695e-01	7.197473e-01	-5.337634e-01	
1.886859e-03	-3.160600e-02	-6.455397e-01	4.932865e-01	-3.036751e-03	6.941065e-03	-1.224128e-02	2.172126e-02	-1.717478e-03	2.818508e-01	-3.564726e-01	4.416356e-01	5.015165e-02	-1.620300e-01	3.159481e-01	2.186755e-01	-2.361539e-01	2.449806e-01	-3.259845e-02	-6.741291e-02	9.230433e-01	-9.751695e-01	1.000000e+00	-6.154468e-01	4.230544e-01	
1.132331e-01	-6.284472e-02	-4.681010e-02	4.201074e-02	-7.717749e-03	4.689211e-03	-3.730915e-03	4.586666e-02	-5.249245e-02	4.489506e-02	-4.771949e-02	4.783475e-02	-1.036871e-02	-7.483425e-03	-1.392615e-02	4.054216e-02	-5.089677e-02	5.560064e-02	4.107530e-02	-7.301639e-02	-7.674511e-01	7.197473e-01	-6.154468e-01	1.000000e+00	-9.585751e-01	
-9.780772e-02	4.176072e-02	2.041249e-01	-1.589224e-01	1.118121e-02	-7.877139e-03	7.384634e-03	-5.833516e-02	5.999398e-02	-1.216029e-01	1.429038e-01	-1.639407e-01	6.274562e-03	4.294111e-02	-4.675084e-02	-7.445101e-02	9.444570e-02	-1.054455e-01	-1.141484e-01	1.880603e-01	5.924635e-01	-5.337634e-01	4.230544e-01	-9.585751e-01	1.000000e+00	

Time taken for mcmc chain: 28.083333 minutes
