Number of steps: 15810419
Number of accepted steps: 960000
Burn-in number of steps: 320000
Accepted fraction of steps: 0.060719
Convergence Status
R[0]= 1.002510	R[1]= 1.004983	R[2]= 1.013016	R[3]= 1.008205	R[4]= 1.004481	R[5]= 1.005194	R[6]= 1.005684	R[7]= 1.000274	R[8]= 1.000913	R[9]= 1.002127	R[10]= 1.002666	R[11]= 1.003275	R[12]= 1.000829	R[13]= 1.001145	R[14]= 1.001174	R[15]= 1.001866	R[16]= 1.002146	R[17]= 1.002228	R[18]= 1.000437	R[19]= 1.001005	R[20]= 1.001458	R[21]= 1.001899	R[22]= 1.002637	R[23]= 1.001419	R[24]= 1.002326	
<R>= 1.002956

Mean parameters
A[0]= 8.811047e-01 pm 4.006495e-02
A[1]= 9.995095e-01 pm 3.000911e-02
A[2]= 4.987303e-01 pm 4.235675e-01
A[3]= 3.939404e+00 pm 1.389096e+00
A[4]= -3.510054e+03 pm 3.850051e+03
A[5]= 1.586365e+03 pm 2.529535e+03
A[6]= 6.808904e+01 pm 5.863730e+02
A[7]= 1.076388e+01 pm 1.291502e+01
A[8]= -1.964617e-01 pm 1.891143e-01
A[9]= -5.827882e+03 pm 8.235933e+03
A[10]= 2.335618e+03 pm 4.847066e+03
A[11]= -4.519814e+02 pm 9.839220e+02
A[12]= 3.006486e+01 pm 4.854195e+01
A[13]= -6.758055e-01 pm 9.377816e-01
A[14]= 5.168473e+00 pm 1.782669e+00
A[15]= -7.529403e+03 pm 5.341685e+03
A[16]= 4.861083e+03 pm 3.503333e+03
A[17]= -7.561399e+02 pm 8.121278e+02
A[18]= 1.282257e+01 pm 1.906300e+01
A[19]= -6.007130e-02 pm 2.742164e-01
A[20]= -1.140121e+03 pm 1.154052e+04
A[21]= 2.060456e+02 pm 6.829356e+03
A[22]= -2.949852e+02 pm 1.388815e+03
A[23]= 1.645477e+01 pm 6.852261e+01
A[24]= -6.841456e-01 pm 1.332989e+00

Best-fitting parameters
A[0]= 8.773880e-01
A[1]= 9.955608e-01
A[2]= 2.789644e-01
A[3]= 4.359630e+00
A[4]= -3.297278e+03
A[5]= 1.558836e+03
A[6]= 4.038893e+01
A[7]= 1.505930e+01
A[8]= -2.850056e-01
A[9]= -8.223618e+01
A[10]= -1.235760e+03
A[11]= 2.804721e+02
A[12]= 1.125165e+01
A[13]= -5.403288e-01
A[14]= 5.536442e+00
A[15]= -7.473901e+03
A[16]= 4.587957e+03
A[17]= -6.334119e+02
A[18]= 1.066748e+01
A[19]= -2.719074e-02
A[20]= 8.625206e+03
A[21]= -5.561134e+03
A[22]= 8.428284e+02
A[23]= -1.514578e+01
A[24]= -2.399144e-01
chi2_min= 9.336522e+01


Cross-Covariance parameters
1.000000e+00	-5.126379e-01	-1.236653e-01	6.536357e-02	1.460813e-02	-2.280635e-03	-1.607168e-02	3.412565e-02	1.494775e-03	-7.636909e-03	3.375234e-02	-8.502906e-02	8.926579e-02	-4.543934e-02	4.182341e-02	4.388691e-02	-3.998311e-02	2.873826e-02	5.126006e-02	-3.654894e-02	2.469369e-02	-3.226379e-03	-4.465784e-02	7.838532e-02	-4.915192e-02	
-5.126379e-01	1.000000e+00	2.082481e-01	-2.347685e-01	2.796891e-02	-3.772955e-02	3.955876e-02	1.669040e-01	-1.839838e-01	2.308689e-02	-3.394977e-02	5.584237e-02	-9.542641e-02	3.130189e-02	-1.937561e-01	-2.502550e-02	2.948711e-02	-3.863453e-02	1.260113e-01	-1.076804e-01	-1.841415e-02	1.443991e-02	5.287179e-03	-9.556512e-02	6.987698e-02	
-1.236653e-01	2.082481e-01	1.000000e+00	-6.484775e-01	5.424166e-02	-5.959081e-02	6.936309e-02	-3.224879e-02	-9.192471e-03	-3.382027e-01	4.412349e-01	-5.704638e-01	-1.585013e-01	2.593897e-01	-5.564070e-01	-9.414985e-02	1.044705e-01	-1.060241e-01	-2.932334e-02	5.663084e-02	-3.464630e-01	4.515858e-01	-5.808006e-01	-1.965082e-01	3.139639e-01	
6.536357e-02	-2.347685e-01	-6.484775e-01	1.000000e+00	-6.067901e-01	6.668804e-01	-7.102507e-01	3.771658e-02	2.633664e-01	1.386428e-01	-1.923306e-01	2.707985e-01	6.265489e-02	-6.751331e-02	3.982218e-01	5.945123e-02	-6.630651e-02	6.823825e-02	-4.682872e-03	-1.600431e-02	2.451064e-01	-3.145977e-01	3.986791e-01	1.140040e-01	-1.895561e-01	
1.460813e-02	2.796891e-02	5.424166e-02	-6.067901e-01	1.000000e+00	-9.858080e-01	9.471015e-01	-5.247241e-01	1.197015e-01	4.642289e-02	-7.102071e-02	9.179952e-02	8.805090e-02	-8.988202e-02	-3.992277e-02	1.122635e-02	-1.211517e-02	1.354087e-02	3.040200e-03	-7.465388e-03	-1.851442e-02	2.193709e-02	-2.587624e-02	1.505091e-03	2.914858e-03	
-2.280635e-03	-3.772955e-02	-5.959081e-02	6.668804e-01	-9.858080e-01	1.000000e+00	-9.870828e-01	4.579359e-01	-4.285289e-02	-5.500955e-02	8.178765e-02	-1.046687e-01	-9.469912e-02	1.103590e-01	4.512571e-02	-1.260381e-02	1.369083e-02	-1.542174e-02	-1.683966e-03	7.021371e-03	2.112156e-02	-2.463126e-02	2.829548e-02	-1.490823e-03	-2.758871e-03	
-1.607168e-02	3.955876e-02	6.936309e-02	-7.102507e-01	9.471015e-01	-9.870828e-01	1.000000e+00	-3.884023e-01	-2.203878e-02	6.476493e-02	-9.211625e-02	1.152580e-01	8.929493e-02	-1.146331e-01	-5.122381e-02	1.304779e-02	-1.429406e-02	1.649759e-02	-2.663570e-03	-3.839370e-03	-2.648529e-02	3.050465e-02	-3.435971e-02	9.447094e-04	3.962672e-03	
3.412565e-02	1.669040e-01	-3.224879e-02	3.771658e-02	-5.247241e-01	4.579359e-01	-3.884023e-01	1.000000e+00	-8.881749e-01	1.387735e-01	-1.270726e-01	1.025705e-01	-6.126892e-02	-1.126561e-01	-2.874384e-03	-4.081257e-03	6.421948e-03	-1.175679e-02	4.050796e-02	-2.869986e-02	2.416206e-02	-2.556693e-02	2.746330e-02	-5.981165e-03	-2.211079e-03	
1.494775e-03	-1.839838e-01	-9.192471e-03	2.633664e-01	1.197015e-01	-4.285289e-02	-2.203878e-02	-8.881749e-01	1.000000e+00	-1.719998e-01	1.704298e-01	-1.524157e-01	2.908799e-02	1.861254e-01	2.748107e-02	4.199762e-03	-5.728096e-03	9.283670e-03	-3.389713e-02	2.409623e-02	-1.093410e-02	9.480226e-03	-8.567202e-03	1.270291e-02	-7.551841e-03	
-7.636909e-03	2.308689e-02	-3.382027e-01	1.386428e-01	4.642289e-02	-5.500955e-02	6.476493e-02	1.387735e-01	-1.719998e-01	1.000000e+00	-9.850403e-01	9.223805e-01	-7.550978e-01	5.831398e-01	1.804636e-01	4.304739e-02	-4.662919e-02	4.624470e-02	1.954856e-02	-3.047242e-02	1.302993e-01	-1.708446e-01	2.213682e-01	5.623141e-02	-1.034685e-01	
3.375234e-02	-3.394977e-02	4.412349e-01	-1.923306e-01	-7.102071e-02	8.178765e-02	-9.211625e-02	-1.270726e-01	1.704298e-01	-9.850403e-01	1.000000e+00	-9.743003e-01	7.126577e-01	-5.354383e-01	-2.403663e-01	-5.421579e-02	5.920088e-02	-5.938221e-02	-2.184379e-02	3.708885e-02	-1.718075e-01	2.252429e-01	-2.925893e-01	-7.399148e-02	1.364501e-01	
-8.502906e-02	5.584237e-02	-5.704638e-01	2.707985e-01	9.179952e-02	-1.046687e-01	1.152580e-01	1.025705e-01	-1.524157e-01	9.223805e-01	-9.743003e-01	1.000000e+00	-6.128269e-01	4.372386e-01	3.163564e-01	6.715576e-02	-7.402813e-02	7.517150e-02	2.385297e-02	-4.475594e-02	2.241279e-01	-2.943586e-01	3.840051e-01	9.528237e-02	-1.775408e-01	
8.926579e-02	-9.542641e-02	-1.585013e-01	6.265489e-02	8.805090e-02	-9.469912e-02	8.929493e-02	-6.126892e-02	2.908799e-02	-7.550978e-01	7.126577e-01	-6.128269e-01	1.000000e+00	-9.507144e-01	9.720238e-02	1.731245e-02	-1.880970e-02	1.922624e-02	1.080403e-03	-6.463936e-03	5.695661e-02	-7.110123e-02	8.748396e-02	3.875560e-02	-5.286751e-02	
-4.543934e-02	3.130189e-02	2.593897e-01	-6.751331e-02	-8.988202e-02	1.103590e-01	-1.146331e-01	-1.126561e-01	1.861254e-01	5.831398e-01	-5.354383e-01	4.372386e-01	-9.507144e-01	1.000000e+00	-1.494145e-01	-2.749320e-02	2.984913e-02	-2.984822e-02	-1.074911e-02	1.817322e-02	-1.002514e-01	1.275869e-01	-1.616513e-01	-5.138304e-02	8.253214e-02	
4.182341e-02	-1.937561e-01	-5.564070e-01	3.982218e-01	-3.992277e-02	4.512571e-02	-5.122381e-02	-2.874384e-03	2.748107e-02	1.804636e-01	-2.403663e-01	3.163564e-01	9.720238e-02	-1.494145e-01	1.000000e+00	-5.565865e-01	6.197449e-01	-6.667905e-01	-5.376370e-02	3.133522e-01	9.331791e-02	-1.376907e-01	2.032649e-01	5.542470e-02	-6.954047e-02	
4.388691e-02	-2.502550e-02	-9.414985e-02	5.945123e-02	1.122635e-02	-1.260381e-02	1.304779e-02	-4.081257e-03	4.199762e-03	4.304739e-02	-5.421579e-02	6.715576e-02	1.731245e-02	-2.749320e-02	-5.565865e-01	1.000000e+00	-9.848015e-01	9.424263e-01	-4.631623e-01	8.734441e-02	1.787491e-01	-2.096662e-01	2.353120e-01	4.338967e-02	-8.025323e-02	
-3.998311e-02	2.948711e-02	1.044705e-01	-6.630651e-02	-1.211517e-02	1.369083e-02	-1.429406e-02	6.421948e-03	-5.728096e-03	-4.662919e-02	5.920088e-02	-7.402813e-02	-1.880970e-02	2.984913e-02	6.197449e-01	-9.848015e-01	1.000000e+00	-9.857359e-01	3.838375e-01	1.091123e-03	-1.879979e-01	2.229433e-01	-2.526760e-01	-5.872939e-02	1.052174e-01	
2.873826e-02	-3.863453e-02	-1.060241e-01	6.823825e-02	1.354087e-02	-1.542174e-02	1.649759e-02	-1.175679e-02	9.283670e-03	4.624470e-02	-5.938221e-02	7.517150e-02	1.922624e-02	-2.984822e-02	-6.667905e-01	9.424263e-01	-9.857359e-01	1.000000e+00	-2.993831e-01	-8.125574e-02	1.903053e-01	-2.277496e-01	2.602478e-01	6.838061e-02	-1.211667e-01	
5.126006e-02	1.260113e-01	-2.932334e-02	-4.682872e-03	3.040200e-03	-1.683966e-03	-2.663570e-03	4.050796e-02	-3.389713e-02	1.954856e-02	-2.184379e-02	2.385297e-02	1.080403e-03	-1.074911e-02	-5.376370e-02	-4.631623e-01	3.838375e-01	-2.993831e-01	1.000000e+00	-9.085100e-01	1.688889e-02	-1.483808e-02	1.015539e-02	7.456240e-02	-1.598826e-01	
-3.654894e-02	-1.076804e-01	5.663084e-02	-1.600431e-02	-7.465388e-03	7.021371e-03	-3.839370e-03	-2.869986e-02	2.409623e-02	-3.047242e-02	3.708885e-02	-4.475594e-02	-6.463936e-03	1.817322e-02	3.133522e-01	8.734441e-02	1.091123e-03	-8.125574e-02	-9.085100e-01	1.000000e+00	-8.627547e-02	9.691700e-02	-1.020459e-01	-1.042298e-01	2.222717e-01	
2.469369e-02	-1.841415e-02	-3.464630e-01	2.451064e-01	-1.851442e-02	2.112156e-02	-2.648529e-02	2.416206e-02	-1.093410e-02	1.302993e-01	-1.718075e-01	2.241279e-01	5.695661e-02	-1.002514e-01	9.331791e-02	1.787491e-01	-1.879979e-01	1.903053e-01	1.688889e-02	-8.627547e-02	1.000000e+00	-9.857335e-01	9.266644e-01	-7.337514e-01	5.832693e-01	
-3.226379e-03	1.443991e-02	4.515858e-01	-3.145977e-01	2.193709e-02	-2.463126e-02	3.050465e-02	-2.556693e-02	9.480226e-03	-1.708446e-01	2.252429e-01	-2.943586e-01	-7.110123e-02	1.275869e-01	-1.376907e-01	-2.096662e-01	2.229433e-01	-2.277496e-01	-1.483808e-02	9.691700e-02	-9.857335e-01	1.000000e+00	-9.759055e-01	6.882756e-01	-5.306359e-01	
-4.465784e-02	5.287179e-03	-5.808006e-01	3.986791e-01	-2.587624e-02	2.829548e-02	-3.435971e-02	2.746330e-02	-8.567202e-03	2.213682e-01	-2.925893e-01	3.840051e-01	8.748396e-02	-1.616513e-01	2.032649e-01	2.353120e-01	-2.526760e-01	2.602478e-01	1.015539e-02	-1.020459e-01	9.266644e-01	-9.759055e-01	1.000000e+00	-5.895546e-01	4.294649e-01	
7.838532e-02	-9.556512e-02	-1.965082e-01	1.140040e-01	1.505091e-03	-1.490823e-03	9.447094e-04	-5.981165e-03	1.270291e-02	5.623141e-02	-7.399148e-02	9.528237e-02	3.875560e-02	-5.138304e-02	5.542470e-02	4.338967e-02	-5.872939e-02	6.838061e-02	7.456240e-02	-1.042298e-01	-7.337514e-01	6.882756e-01	-5.895546e-01	1.000000e+00	-9.679123e-01	
-4.915192e-02	6.987698e-02	3.139639e-01	-1.895561e-01	2.914858e-03	-2.758871e-03	3.962672e-03	-2.211079e-03	-7.551841e-03	-1.034685e-01	1.364501e-01	-1.775408e-01	-5.286751e-02	8.253214e-02	-6.954047e-02	-8.025323e-02	1.052174e-01	-1.211667e-01	-1.598826e-01	2.222717e-01	5.832693e-01	-5.306359e-01	4.294649e-01	-9.679123e-01	1.000000e+00	

Time taken for mcmc chain: 2.235556 hours
