Number of steps: 1029734
Number of accepted steps: 500000
Burn-in number of steps: 320000
Accepted fraction of steps: 0.485562
Convergence Status
R[0]= -nan	R[1]= -nan	R[2]= -nan	R[3]= -nan	R[4]= -nan	R[5]= -nan	R[6]= -nan	R[7]= -nan	R[8]= -nan	R[9]= -nan	R[10]= -nan	R[11]= -nan	R[12]= -nan	R[13]= -nan	R[14]= -nan	R[15]= -nan	R[16]= -nan	R[17]= -nan	R[18]= -nan	R[19]= -nan	R[20]= -nan	R[21]= -nan	R[22]= -nan	R[23]= -nan	R[24]= -nan	
<R>= -nan

Mean parameters
A[0]= 9.383377e-01 pm 1.316953e-01
A[1]= 9.238487e-01 pm 2.249816e-01
A[2]= 2.592155e-01 pm 2.636873e-01
A[3]= 4.274862e+00 pm 6.010651e-01
A[4]= -1.488904e+03 pm 3.998728e+03
A[5]= 1.343033e+02 pm 2.730534e+03
A[6]= 4.842206e+02 pm 6.951384e+02
A[7]= 1.775531e+00 pm 1.930559e+01
A[8]= -1.390546e-01 pm 2.140186e-01
A[9]= -3.617349e+02 pm 6.920291e+03
A[10]= -8.664791e+02 pm 4.076371e+03
A[11]= 1.837566e+02 pm 8.943600e+02
A[12]= 1.988682e+01 pm 5.562683e+01
A[13]= -5.182387e-01 pm 8.988396e-01
A[14]= 6.327314e+00 pm 4.435731e+00
A[15]= -8.962566e+03 pm 8.156667e+03
A[16]= 5.751445e+03 pm 5.649172e+03
A[17]= -1.074454e+03 pm 1.299588e+03
A[18]= -5.658620e+00 pm 1.490244e+01
A[19]= 1.404292e-01 pm 3.093547e-01
A[20]= -2.375322e+03 pm 5.401079e+03
A[21]= 1.396546e+03 pm 3.358103e+03
A[22]= -5.020416e+02 pm 8.441222e+02
A[23]= 9.700745e+00 pm 3.152855e+01
A[24]= 9.561742e-02 pm 7.474623e-01

Best-fitting parameters
A[0]= 7.942605e-01
A[1]= 1.158535e+00
A[2]= 5.792873e-01
A[3]= 3.855462e+00
A[4]= -7.250831e+03
A[5]= 4.074006e+03
A[6]= -4.762830e+02
A[7]= 2.466761e+01
A[8]= -3.169053e-01
A[9]= -3.901394e+01
A[10]= -1.203066e+03
A[11]= 3.936951e+02
A[12]= -4.943647e+00
A[13]= -3.652609e-01
A[14]= 1.032485e+00
A[15]= -3.049821e+03
A[16]= 1.122199e+03
A[17]= 6.508501e+01
A[18]= 2.385460e+01
A[19]= -3.727052e-01
A[20]= 7.417375e+02
A[21]= -1.096084e+03
A[22]= 2.792227e+02
A[23]= 1.099334e-01
A[24]= -2.351222e-01
chi2_min= 8.582358e+01


Cross-Covariance parameters
1.000000e+00	-9.439248e-01	-7.271733e-01	6.702123e-01	7.381541e-01	-7.819304e-01	8.160064e-01	-7.316104e-01	5.788515e-01	-1.100579e-01	2.857353e-01	-5.739632e-01	5.916807e-01	-3.467324e-01	8.845068e-01	-8.774077e-01	8.763371e-01	-8.692985e-01	-6.720179e-01	7.777029e-01	-2.045143e-01	4.407508e-01	-7.253705e-01	-1.257696e-01	6.092978e-01	
-9.439248e-01	1.000000e+00	8.172654e-01	-6.416930e-01	-8.192817e-01	8.749612e-01	-9.195151e-01	7.882061e-01	-5.890073e-01	1.246560e-01	-2.864752e-01	5.567140e-01	-6.107795e-01	3.584610e-01	-9.674228e-01	9.495162e-01	-9.506136e-01	9.451666e-01	7.637294e-01	-8.723721e-01	2.586917e-01	-4.613012e-01	6.979650e-01	5.401255e-02	-5.492396e-01	
-7.271733e-01	8.172654e-01	1.000000e+00	-7.821688e-01	-7.537403e-01	7.867642e-01	-8.052000e-01	7.011035e-01	-5.385337e-01	-4.385804e-02	-6.065254e-02	2.593192e-01	-5.012365e-01	3.202871e-01	-8.593208e-01	8.035127e-01	-8.087875e-01	8.080355e-01	6.790870e-01	-7.778522e-01	4.584009e-02	-1.713090e-01	3.456904e-01	3.079713e-02	-3.819189e-01	
6.702123e-01	-6.416930e-01	-7.821688e-01	1.000000e+00	4.276638e-01	-4.430240e-01	4.574172e-01	-4.973487e-01	4.386166e-01	2.788094e-01	-1.702196e-01	-4.832919e-02	2.082272e-01	-4.623985e-02	5.996651e-01	-5.812916e-01	5.712557e-01	-5.563930e-01	-3.972235e-01	4.789395e-01	1.013890e-01	5.769499e-02	-2.833604e-01	-1.664180e-01	4.304878e-01	
7.381541e-01	-8.192817e-01	-7.537403e-01	4.276638e-01	1.000000e+00	-9.899251e-01	9.593044e-01	-9.369061e-01	7.988408e-01	-1.769301e-01	2.782150e-01	-4.548709e-01	5.267676e-01	-2.428781e-01	8.379321e-01	-7.925333e-01	8.018568e-01	-8.041283e-01	-7.290229e-01	8.078655e-01	-2.065247e-01	3.551387e-01	-5.291914e-01	3.119530e-02	3.647521e-01	
-7.819304e-01	8.749612e-01	7.867642e-01	-4.430240e-01	-9.899251e-01	1.000000e+00	-9.892713e-01	9.286417e-01	-7.665170e-01	1.939298e-01	-3.061500e-01	4.980829e-01	-5.745808e-01	2.957952e-01	-8.917455e-01	8.489446e-01	-8.580792e-01	8.601869e-01	7.614958e-01	-8.485693e-01	2.329307e-01	-3.883775e-01	5.689071e-01	-2.357003e-02	-4.006133e-01	
8.160064e-01	-9.195151e-01	-8.052000e-01	4.574172e-01	9.593044e-01	-9.892713e-01	1.000000e+00	-9.036721e-01	7.223491e-01	-2.052775e-01	3.278943e-01	-5.339413e-01	6.104469e-01	-3.390108e-01	9.338006e-01	-8.960190e-01	9.043693e-01	-9.058884e-01	-7.815439e-01	8.773939e-01	-2.566838e-01	4.176994e-01	-6.030337e-01	1.605166e-02	4.317950e-01	
-7.316104e-01	7.882061e-01	7.011035e-01	-4.973487e-01	-9.369061e-01	9.286417e-01	-9.036721e-01	1.000000e+00	-9.414785e-01	1.399925e-01	-2.363827e-01	4.109958e-01	-4.423876e-01	1.185787e-01	-7.898864e-01	7.630191e-01	-7.669445e-01	7.643427e-01	6.381690e-01	-7.268897e-01	1.606108e-01	-3.252387e-01	5.224476e-01	1.403425e-02	-3.919714e-01	
5.788515e-01	-5.890073e-01	-5.385337e-01	4.386166e-01	7.988408e-01	-7.665170e-01	7.223491e-01	-9.414785e-01	1.000000e+00	-8.884173e-02	1.602319e-01	-2.925769e-01	3.004659e-01	1.833278e-02	5.914657e-01	-5.802077e-01	5.811372e-01	-5.768368e-01	-4.483386e-01	5.286725e-01	-7.790733e-02	2.213530e-01	-3.986668e-01	-3.800788e-02	3.212817e-01	
-1.100579e-01	1.246560e-01	-4.385804e-02	2.788094e-01	-1.769301e-01	1.939298e-01	-2.052775e-01	1.399925e-01	-8.884173e-02	1.000000e+00	-9.756312e-01	8.419264e-01	-7.376441e-01	7.017627e-01	-1.764040e-01	1.688577e-01	-1.786728e-01	1.893206e-01	1.862324e-01	-2.028840e-01	1.223263e-01	-1.431704e-01	1.488525e-01	-4.627546e-02	-5.241293e-02	
2.857353e-01	-2.864752e-01	-6.065254e-02	-1.702196e-01	2.782150e-01	-3.061500e-01	3.278943e-01	-2.363827e-01	1.602319e-01	-9.756312e-01	1.000000e+00	-9.378065e-01	8.411031e-01	-7.780668e-01	3.222156e-01	-3.167772e-01	3.269722e-01	-3.368349e-01	-2.972713e-01	3.315787e-01	-1.836062e-01	2.461367e-01	-2.981383e-01	2.428834e-02	1.658340e-01	
-5.739632e-01	5.567140e-01	2.593192e-01	-4.832919e-02	-4.548709e-01	4.980829e-01	-5.339413e-01	4.109958e-01	-2.925769e-01	8.419264e-01	-9.378065e-01	1.000000e+00	-9.217667e-01	8.043576e-01	-5.610137e-01	5.577728e-01	-5.667809e-01	5.734665e-01	4.756905e-01	-5.383634e-01	2.626146e-01	-3.930144e-01	5.246294e-01	1.426789e-02	-3.470693e-01	
5.916807e-01	-6.107795e-01	-5.012365e-01	2.082272e-01	5.267676e-01	-5.745808e-01	6.104469e-01	-4.423876e-01	3.004659e-01	-7.376441e-01	8.411031e-01	-9.217667e-01	1.000000e+00	-9.255152e-01	6.584460e-01	-6.278355e-01	6.415725e-01	-6.520422e-01	-5.602497e-01	6.333696e-01	-2.126871e-01	3.210569e-01	-4.406169e-01	-1.136625e-03	3.375853e-01	
-3.467324e-01	3.584610e-01	3.202871e-01	-4.623985e-02	-2.428781e-01	2.957952e-01	-3.390108e-01	1.185787e-01	1.833278e-02	7.017627e-01	-7.780668e-01	8.043576e-01	-9.255152e-01	1.000000e+00	-4.201747e-01	3.847405e-01	-4.000625e-01	4.135552e-01	3.840138e-01	-4.226228e-01	1.732698e-01	-2.132702e-01	2.536518e-01	-2.193614e-02	-1.956444e-01	
8.845068e-01	-9.674228e-01	-8.593208e-01	5.996651e-01	8.379321e-01	-8.917455e-01	9.338006e-01	-7.898864e-01	5.914657e-01	-1.764040e-01	3.222156e-01	-5.610137e-01	6.584460e-01	-4.201747e-01	1.000000e+00	-9.743855e-01	9.819346e-01	-9.839635e-01	-7.943175e-01	9.204931e-01	-2.760859e-01	4.477697e-01	-6.463021e-01	3.596705e-03	4.816765e-01	
-8.774077e-01	9.495162e-01	8.035127e-01	-5.812916e-01	-7.925333e-01	8.489446e-01	-8.960190e-01	7.630191e-01	-5.802077e-01	1.688577e-01	-3.167772e-01	5.577728e-01	-6.278355e-01	3.847405e-01	-9.743855e-01	1.000000e+00	-9.980958e-01	9.926961e-01	6.629465e-01	-8.391509e-01	3.170978e-01	-4.924750e-01	6.870975e-01	-6.132321e-03	-4.784004e-01	
8.763371e-01	-9.506136e-01	-8.087875e-01	5.712557e-01	8.018568e-01	-8.580792e-01	9.043693e-01	-7.669445e-01	5.811372e-01	-1.786728e-01	3.269722e-01	-5.667809e-01	6.415725e-01	-4.000625e-01	9.819346e-01	-9.980958e-01	1.000000e+00	-9.981788e-01	-6.904362e-01	8.607884e-01	-3.235829e-01	4.976175e-01	-6.893612e-01	1.679335e-02	4.706535e-01	
-8.692985e-01	9.451666e-01	8.080355e-01	-5.563930e-01	-8.041283e-01	8.601869e-01	-9.058884e-01	7.643427e-01	-5.768368e-01	1.893206e-01	-3.368349e-01	5.734665e-01	-6.520422e-01	4.135552e-01	-9.839635e-01	9.926961e-01	-9.981788e-01	1.000000e+00	7.092655e-01	-8.755818e-01	3.318349e-01	-5.030221e-01	6.895792e-01	-3.110158e-02	-4.566191e-01	
-6.720179e-01	7.637294e-01	6.790870e-01	-3.972235e-01	-7.290229e-01	7.614958e-01	-7.815439e-01	6.381690e-01	-4.483386e-01	1.862324e-01	-2.972713e-01	4.756905e-01	-5.602497e-01	3.840138e-01	-7.943175e-01	6.629465e-01	-6.904362e-01	7.092655e-01	1.000000e+00	-9.542073e-01	2.165712e-01	-3.410017e-01	4.850481e-01	-1.507670e-02	-3.899758e-01	
7.777029e-01	-8.723721e-01	-7.778522e-01	4.789395e-01	8.078655e-01	-8.485693e-01	8.773939e-01	-7.268897e-01	5.286725e-01	-2.028840e-01	3.315787e-01	-5.383634e-01	6.333696e-01	-4.226228e-01	9.204931e-01	-8.391509e-01	8.607884e-01	-8.755818e-01	-9.542073e-01	1.000000e+00	-2.873294e-01	4.318845e-01	-5.918590e-01	3.994909e-02	4.240491e-01	
-2.045143e-01	2.586917e-01	4.584009e-02	1.013890e-01	-2.065247e-01	2.329307e-01	-2.566838e-01	1.606108e-01	-7.790733e-02	1.223263e-01	-1.836062e-01	2.626146e-01	-2.126871e-01	1.732698e-01	-2.760859e-01	3.170978e-01	-3.235829e-01	3.318349e-01	2.165712e-01	-2.873294e-01	1.000000e+00	-9.582923e-01	7.731120e-01	-7.933425e-01	4.275995e-01	
4.407508e-01	-4.613012e-01	-1.713090e-01	5.769499e-02	3.551387e-01	-3.883775e-01	4.176994e-01	-3.252387e-01	2.213530e-01	-1.431704e-01	2.461367e-01	-3.930144e-01	3.210569e-01	-2.132702e-01	4.477697e-01	-4.924750e-01	4.976175e-01	-5.030221e-01	-3.410017e-01	4.318845e-01	-9.582923e-01	1.000000e+00	-9.207630e-01	6.833180e-01	-2.289019e-01	
-7.253705e-01	6.979650e-01	3.456904e-01	-2.833604e-01	-5.291914e-01	5.689071e-01	-6.030337e-01	5.224476e-01	-3.986668e-01	1.488525e-01	-2.981383e-01	5.246294e-01	-4.406169e-01	2.536518e-01	-6.463021e-01	6.870975e-01	-6.893612e-01	6.895792e-01	4.850481e-01	-5.918590e-01	7.731120e-01	-9.207630e-01	1.000000e+00	-4.282243e-01	-9.368267e-02	
-1.257696e-01	5.401255e-02	3.079713e-02	-1.664180e-01	3.119530e-02	-2.357003e-02	1.605166e-02	1.403425e-02	-3.800788e-02	-4.627546e-02	2.428834e-02	1.426789e-02	-1.136625e-03	-2.193614e-02	3.596705e-03	-6.132321e-03	1.679335e-02	-3.110158e-02	-1.507670e-02	3.994909e-02	-7.933425e-01	6.833180e-01	-4.282243e-01	1.000000e+00	-8.364591e-01	
6.092978e-01	-5.492396e-01	-3.819189e-01	4.304878e-01	3.647521e-01	-4.006133e-01	4.317950e-01	-3.919714e-01	3.212817e-01	-5.241293e-02	1.658340e-01	-3.470693e-01	3.375853e-01	-1.956444e-01	4.816765e-01	-4.784004e-01	4.706535e-01	-4.566191e-01	-3.899758e-01	4.240491e-01	4.275995e-01	-2.289019e-01	-9.368267e-02	-8.364591e-01	1.000000e+00	

Time taken for mcmc chain: 9.316667 minutes
