Number of steps: 2630723
Number of accepted steps: 960000
Burn-in number of steps: 320000
Accepted fraction of steps: 0.364919
Convergence Status
R[0]= 1.000744	R[1]= 1.030367	R[2]= 1.010102	R[3]= 1.007981	R[4]= 1.007036	R[5]= 1.008830	R[6]= 1.010935	R[7]= 1.002695	R[8]= 1.005672	R[9]= 1.004598	R[10]= 1.004831	R[11]= 1.004696	R[12]= 1.005299	R[13]= 1.006750	R[14]= 1.001644	R[15]= 1.002525	R[16]= 1.002894	R[17]= 1.002727	R[18]= 1.005318	R[19]= 1.006342	R[20]= 1.004683	R[21]= 1.004465	R[22]= 1.005355	R[23]= 1.004547	R[24]= 1.003934	
<R>= 1.006199

Mean parameters
A[0]= 8.965139e-01 pm 3.569960e-02
A[1]= 1.023751e+00 pm 3.289619e-02
A[2]= 7.915705e-01 pm 5.580148e-01
A[3]= 3.098846e+00 pm 1.226090e+00
A[4]= -2.984640e+03 pm 3.890996e+03
A[5]= 1.266242e+03 pm 2.554776e+03
A[6]= 1.521409e+02 pm 5.927155e+02
A[7]= 1.635400e+01 pm 1.287491e+01
A[8]= -3.009238e-01 pm 1.782623e-01
A[9]= -4.453152e+03 pm 8.789783e+03
A[10]= 2.109056e+03 pm 5.287292e+03
A[11]= -5.606982e+02 pm 1.104154e+03
A[12]= 1.870373e+01 pm 5.095128e+01
A[13]= -5.602006e-01 pm 9.939248e-01
A[14]= 4.808688e+00 pm 1.638131e+00
A[15]= -9.239620e+03 pm 5.241557e+03
A[16]= 6.126262e+03 pm 3.426029e+03
A[17]= -1.057267e+03 pm 7.946813e+02
A[18]= 1.014810e+01 pm 1.970591e+01
A[19]= 3.231721e-02 pm 2.789219e-01
A[20]= -3.629702e+03 pm 1.211647e+04
A[21]= 2.108699e+03 pm 7.521036e+03
A[22]= -8.124179e+02 pm 1.650551e+03
A[23]= -1.219903e+01 pm 6.900064e+01
A[24]= 5.904040e-02 pm 1.386999e+00

Best-fitting parameters
A[0]= 9.031270e-01
A[1]= 1.044333e+00
A[2]= 1.301005e+00
A[3]= 2.078309e+00
A[4]= -3.124447e+03
A[5]= 1.392952e+03
A[6]= 1.191886e+02
A[7]= 1.932459e+01
A[8]= -3.287028e-01
A[9]= -7.401048e+03
A[10]= 4.377435e+03
A[11]= -1.184107e+03
A[12]= 6.653834e+00
A[13]= -1.733930e-01
A[14]= 3.391988e+00
A[15]= -1.074840e+04
A[16]= 7.081401e+03
A[17]= -1.281213e+03
A[18]= 1.988505e+01
A[19]= -6.137059e-02
A[20]= -1.509722e+04
A[21]= 1.027498e+04
A[22]= -2.808839e+03
A[23]= 4.121258e+01
A[24]= -7.686439e-01
chi2_min= 8.211711e+01


Cross-Covariance parameters
1.000000e+00	-5.349183e-01	-9.706062e-02	4.714909e-02	4.328145e-02	-3.996263e-02	3.014283e-02	2.310046e-02	-1.788239e-02	-5.593378e-02	7.259051e-02	-1.064705e-01	1.435719e-01	-1.047827e-01	4.027055e-02	7.150661e-02	-7.403148e-02	6.824785e-02	3.142403e-02	-4.277923e-02	-6.301774e-04	2.167130e-02	-6.410776e-02	1.342004e-01	-9.843357e-02	
-5.349183e-01	1.000000e+00	9.075654e-02	-1.373228e-01	-4.573877e-02	4.757489e-02	-5.460611e-02	1.732021e-01	-1.507592e-01	6.168412e-02	-7.481000e-02	9.670600e-02	-1.178911e-01	6.108167e-02	-2.202644e-01	2.294601e-02	-2.324177e-02	1.387042e-02	1.807505e-01	-1.819166e-01	1.586471e-02	-3.438727e-02	6.947605e-02	-5.780440e-02	1.778674e-03	
-9.706062e-02	9.075654e-02	1.000000e+00	-7.130768e-01	4.267209e-02	-4.005200e-02	4.508651e-02	-1.120587e-01	6.484859e-02	-3.558249e-01	4.561783e-01	-5.810285e-01	-1.759992e-01	3.059555e-01	-6.797227e-01	-2.343753e-01	2.532610e-01	-2.587026e-01	-1.029998e-01	1.781947e-01	-4.557787e-01	5.821052e-01	-7.134978e-01	-3.034280e-01	4.693976e-01	
4.714909e-02	-1.373228e-01	-7.130768e-01	1.000000e+00	-5.470844e-01	5.933322e-01	-6.282891e-01	1.689124e-01	1.270737e-01	1.711439e-01	-2.223528e-01	2.953573e-01	7.243243e-02	-1.114983e-01	5.370081e-01	1.343335e-01	-1.446105e-01	1.479472e-01	7.942133e-02	-1.197549e-01	3.279090e-01	-4.175693e-01	5.102094e-01	2.105203e-01	-3.271848e-01	
4.328145e-02	-4.573877e-02	4.267209e-02	-5.470844e-01	1.000000e+00	-9.865667e-01	9.492786e-01	-6.137012e-01	2.097771e-01	9.643867e-02	-1.318217e-01	1.650148e-01	9.293164e-02	-1.026391e-01	-2.148089e-02	1.378120e-02	-1.867814e-02	2.257671e-02	-3.428639e-02	1.822997e-02	-2.712516e-02	2.776444e-02	-2.822183e-02	9.022922e-03	-2.981085e-03	
-3.996263e-02	4.757489e-02	-4.005200e-02	5.933322e-01	-9.865667e-01	1.000000e+00	-9.874425e-01	5.567586e-01	-1.386068e-01	-1.120306e-01	1.509157e-01	-1.878333e-01	-1.002935e-01	1.238085e-01	2.320955e-02	-2.262635e-02	2.814322e-02	-3.243617e-02	4.634708e-02	-2.648108e-02	2.255912e-02	-2.296603e-02	2.313647e-02	-6.661216e-03	7.388653e-04	
3.014283e-02	-5.460611e-02	4.508651e-02	-6.282891e-01	9.492786e-01	-9.874425e-01	1.000000e+00	-4.930146e-01	7.476499e-02	1.288807e-01	-1.690232e-01	2.068465e-01	9.325227e-02	-1.269116e-01	-2.621505e-02	2.598354e-02	-3.161468e-02	3.634056e-02	-6.130729e-02	4.016896e-02	-2.308641e-02	2.399761e-02	-2.456603e-02	5.551460e-04	7.312801e-03	
2.310046e-02	1.732021e-01	-1.120587e-01	1.689124e-01	-6.137012e-01	5.567586e-01	-4.930146e-01	1.000000e+00	-8.806951e-01	1.215630e-01	-1.116505e-01	9.362289e-02	-5.007485e-02	-1.041681e-01	8.044880e-03	7.648662e-02	-7.394390e-02	6.598459e-02	3.125063e-02	-4.319278e-02	7.577497e-02	-8.715920e-02	9.740626e-02	2.387356e-02	-4.725959e-02	
-1.788239e-02	-1.507592e-01	6.484859e-02	1.270737e-01	2.097771e-01	-1.386068e-01	7.476499e-02	-8.806951e-01	1.000000e+00	-1.833290e-01	1.880010e-01	-1.802514e-01	2.226287e-02	1.799658e-01	1.669161e-02	-7.699429e-02	7.464488e-02	-6.714705e-02	-1.871051e-03	1.945012e-02	-5.497526e-02	6.155873e-02	-6.670218e-02	-1.359285e-02	2.979843e-02	
-5.593378e-02	6.168412e-02	-3.558249e-01	1.711439e-01	9.643867e-02	-1.120306e-01	1.288807e-01	1.215630e-01	-1.833290e-01	1.000000e+00	-9.856438e-01	9.275775e-01	-7.257238e-01	5.392709e-01	2.723293e-01	9.340180e-02	-9.507189e-02	9.108789e-02	-3.622758e-03	-2.510496e-02	1.547374e-01	-2.071450e-01	2.657882e-01	1.163523e-01	-1.759258e-01	
7.259051e-02	-7.481000e-02	4.561783e-01	-2.223528e-01	-1.318217e-01	1.509157e-01	-1.690232e-01	-1.116505e-01	1.880010e-01	-9.856438e-01	1.000000e+00	-9.765852e-01	6.754594e-01	-4.817469e-01	-3.384561e-01	-1.225046e-01	1.268839e-01	-1.240385e-01	-6.586930e-03	4.582282e-02	-2.060802e-01	2.730638e-01	-3.472234e-01	-1.440410e-01	2.238482e-01	
-1.064705e-01	9.670600e-02	-5.810285e-01	2.953573e-01	1.650148e-01	-1.878333e-01	2.068465e-01	9.362289e-02	-1.802514e-01	9.275775e-01	-9.765852e-01	1.000000e+00	-5.683538e-01	3.732026e-01	4.196615e-01	1.562002e-01	-1.644563e-01	1.637039e-01	2.164679e-02	-7.377916e-02	2.710912e-01	-3.564058e-01	4.503478e-01	1.756275e-01	-2.814838e-01	
1.435719e-01	-1.178911e-01	-1.759992e-01	7.243243e-02	9.293164e-02	-1.002935e-01	9.325227e-02	-5.007485e-02	2.226287e-02	-7.257238e-01	6.754594e-01	-5.683538e-01	1.000000e+00	-9.524050e-01	9.500656e-02	5.936049e-02	-6.859635e-02	7.510111e-02	2.617065e-02	-4.921358e-02	8.469841e-02	-1.020478e-01	1.163217e-01	6.129060e-02	-8.758006e-02	
-1.047827e-01	6.108167e-02	3.059555e-01	-1.114983e-01	-1.026391e-01	1.238085e-01	-1.269116e-01	-1.041681e-01	1.799658e-01	5.392709e-01	-4.817469e-01	3.732026e-01	-9.524050e-01	1.000000e+00	-1.764630e-01	-1.033368e-01	1.136619e-01	-1.188566e-01	-3.251265e-02	6.898625e-02	-1.457876e-01	1.823282e-01	-2.179774e-01	-1.036002e-01	1.549110e-01	
4.027055e-02	-2.202644e-01	-6.797227e-01	5.370081e-01	-2.148089e-02	2.320955e-02	-2.621505e-02	8.044880e-03	1.669161e-02	2.723293e-01	-3.384561e-01	4.196615e-01	9.500656e-02	-1.764630e-01	1.000000e+00	-3.356144e-01	3.823361e-01	-4.200615e-01	2.206707e-02	1.426797e-01	2.064557e-01	-2.761717e-01	3.560126e-01	1.554403e-01	-2.247487e-01	
7.150661e-02	2.294601e-02	-2.343753e-01	1.343335e-01	1.378120e-02	-2.262635e-02	2.598354e-02	7.648662e-02	-7.699429e-02	9.340180e-02	-1.225046e-01	1.562002e-01	5.936049e-02	-1.033368e-01	-3.356144e-01	1.000000e+00	-9.841105e-01	9.396664e-01	-4.948639e-01	1.493957e-01	2.729501e-01	-3.199559e-01	3.581801e-01	1.002544e-01	-1.587196e-01	
-7.403148e-02	-2.324177e-02	2.532610e-01	-1.446105e-01	-1.867814e-02	2.814322e-02	-3.161468e-02	-7.394390e-02	7.464488e-02	-9.507189e-02	1.268839e-01	-1.644563e-01	-6.859635e-02	1.136619e-01	3.823361e-01	-9.841105e-01	1.000000e+00	-9.849721e-01	4.171758e-01	-6.127847e-02	-2.895595e-01	3.438406e-01	-3.890485e-01	-1.171164e-01	1.866414e-01	
6.824785e-02	1.387042e-02	-2.587026e-01	1.479472e-01	2.257671e-02	-3.243617e-02	3.634056e-02	6.598459e-02	-6.714705e-02	9.108789e-02	-1.240385e-01	1.637039e-01	7.510111e-02	-1.188566e-01	-4.200615e-01	9.396664e-01	-9.849721e-01	1.000000e+00	-3.351518e-01	-1.755491e-02	2.939135e-01	-3.532940e-01	4.037893e-01	1.266713e-01	-2.021953e-01	
3.142403e-02	1.807505e-01	-1.029998e-01	7.942133e-02	-3.428639e-02	4.634708e-02	-6.130729e-02	3.125063e-02	-1.871051e-03	-3.622758e-03	-6.586930e-03	2.164679e-02	2.617065e-02	-3.251265e-02	2.206707e-02	-4.948639e-01	4.171758e-01	-3.351518e-01	1.000000e+00	-9.186775e-01	4.610803e-02	-5.735053e-02	6.755233e-02	7.764280e-02	-1.790742e-01	
-4.277923e-02	-1.819166e-01	1.781947e-01	-1.197549e-01	1.822997e-02	-2.648108e-02	4.016896e-02	-4.319278e-02	1.945012e-02	-2.510496e-02	4.582282e-02	-7.377916e-02	-4.921358e-02	6.898625e-02	1.426797e-01	1.493957e-01	-6.127847e-02	-1.755491e-02	-9.186775e-01	1.000000e+00	-1.594074e-01	1.875879e-01	-2.093960e-01	-1.132162e-01	2.559028e-01	
-6.301774e-04	1.586471e-02	-4.557787e-01	3.279090e-01	-2.712516e-02	2.255912e-02	-2.308641e-02	7.577497e-02	-5.497526e-02	1.547374e-01	-2.060802e-01	2.710912e-01	8.469841e-02	-1.457876e-01	2.064557e-01	2.729501e-01	-2.895595e-01	2.939135e-01	4.610803e-02	-1.594074e-01	1.000000e+00	-9.812900e-01	9.113185e-01	-5.907066e-01	3.774171e-01	
2.167130e-02	-3.438727e-02	5.821052e-01	-4.175693e-01	2.776444e-02	-2.296603e-02	2.399761e-02	-8.715920e-02	6.155873e-02	-2.071450e-01	2.730638e-01	-3.564058e-01	-1.020478e-01	1.823282e-01	-2.761717e-01	-3.199559e-01	3.438406e-01	-3.532940e-01	-5.735053e-02	1.875879e-01	-9.812900e-01	1.000000e+00	-9.728716e-01	4.969308e-01	-2.726621e-01	
-6.410776e-02	6.947605e-02	-7.134978e-01	5.102094e-01	-2.822183e-02	2.313647e-02	-2.456603e-02	9.740626e-02	-6.670218e-02	2.657882e-01	-3.472234e-01	4.503478e-01	1.163217e-01	-2.179774e-01	3.560126e-01	3.581801e-01	-3.890485e-01	4.037893e-01	6.755233e-02	-2.093960e-01	9.113185e-01	-9.728716e-01	1.000000e+00	-3.488235e-01	1.224021e-01	
1.342004e-01	-5.780440e-02	-3.034280e-01	2.105203e-01	9.022922e-03	-6.661216e-03	5.551460e-04	2.387356e-02	-1.359285e-02	1.163523e-01	-1.440410e-01	1.756275e-01	6.129060e-02	-1.036002e-01	1.554403e-01	1.002544e-01	-1.171164e-01	1.266713e-01	7.764280e-02	-1.132162e-01	-5.907066e-01	4.969308e-01	-3.488235e-01	1.000000e+00	-9.575134e-01	
-9.843357e-02	1.778674e-03	4.693976e-01	-3.271848e-01	-2.981085e-03	7.388653e-04	7.312801e-03	-4.725959e-02	2.979843e-02	-1.759258e-01	2.238482e-01	-2.814838e-01	-8.758006e-02	1.549110e-01	-2.247487e-01	-1.587196e-01	1.866414e-01	-2.021953e-01	-1.790742e-01	2.559028e-01	3.774171e-01	-2.726621e-01	1.224021e-01	-9.575134e-01	1.000000e+00	

Time taken for mcmc chain: 18.883333 minutes
