Number of steps: 8596092
Number of accepted steps: 500000
Burn-in number of steps: 320000
Accepted fraction of steps: 0.058166
Convergence Status
R[0]= -nan	R[1]= -nan	R[2]= -nan	R[3]= -nan	R[4]= -nan	R[5]= -nan	R[6]= -nan	R[7]= -nan	R[8]= -nan	R[9]= -nan	R[10]= -nan	R[11]= -nan	R[12]= -nan	R[13]= -nan	R[14]= -nan	R[15]= -nan	R[16]= -nan	R[17]= -nan	R[18]= -nan	R[19]= -nan	R[20]= -nan	R[21]= -nan	R[22]= -nan	R[23]= -nan	R[24]= -nan	
<R>= -nan

Mean parameters
A[0]= 8.251926e-01 pm 5.829909e-02
A[1]= 9.807231e-01 pm 4.624545e-02
A[2]= 3.891872e-01 pm 3.617703e-01
A[3]= 3.726293e+00 pm 1.436051e+00
A[4]= -2.232137e+03 pm 3.973124e+03
A[5]= 6.537881e+02 pm 2.592585e+03
A[6]= 2.646596e+02 pm 5.908589e+02
A[7]= 1.032460e+01 pm 1.299868e+01
A[8]= -1.910628e-01 pm 1.959065e-01
A[9]= -7.725909e+03 pm 7.952557e+03
A[10]= 3.028957e+03 pm 4.605688e+03
A[11]= -5.210916e+02 pm 9.072464e+02
A[12]= 5.244289e+01 pm 4.764670e+01
A[13]= -1.132071e+00 pm 9.153451e-01
A[14]= 1.569456e+00 pm 7.821917e-01
A[15]= -4.587703e+02 pm 2.412678e+03
A[16]= -2.001927e+01 pm 1.577209e+03
A[17]= 1.849589e+02 pm 3.616997e+02
A[18]= 5.122884e+00 pm 8.568283e+00
A[19]= -9.653921e-02 pm 1.248005e-01
A[20]= -3.999408e+03 pm 4.857734e+03
A[21]= 1.581241e+03 pm 2.772096e+03
A[22]= -2.575246e+02 pm 5.280631e+02
A[23]= 2.278013e+01 pm 2.984626e+01
A[24]= -4.107303e-01 pm 5.728736e-01

Best-fitting parameters
A[0]= 8.671488e-01
A[1]= 9.565496e-01
A[2]= 6.225717e-02
A[3]= 3.613829e+00
A[4]= 4.928434e+02
A[5]= -1.078844e+03
A[6]= 6.389517e+02
A[7]= 1.125043e+01
A[8]= -2.644358e-01
A[9]= 1.962584e+03
A[10]= -2.680730e+03
A[11]= 5.669584e+02
A[12]= 1.879286e+01
A[13]= -6.481558e-01
A[14]= 2.120799e+00
A[15]= -8.786724e+02
A[16]= 2.981359e+02
A[17]= 1.021734e+02
A[18]= 4.450514e+00
A[19]= -6.180120e-02
A[20]= -4.190789e+03
A[21]= 1.391299e+03
A[22]= -1.413387e+02
A[23]= 2.691989e+01
A[24]= -4.570472e-01
chi2_min= 6.439734e+01


Cross-Covariance parameters
1.000000e+00	-4.784791e-01	-3.454453e-02	-6.531799e-02	1.242661e-01	-1.170064e-01	1.035988e-01	-8.707190e-02	8.562697e-02	-1.717138e-02	5.767174e-02	-1.315347e-01	3.452339e-02	4.419776e-02	-4.780309e-02	5.884547e-02	-5.523327e-02	4.576104e-02	1.027248e-02	-1.512153e-02	4.206536e-03	2.619591e-02	-8.855151e-02	1.320422e-02	2.669711e-02	
-4.784791e-01	1.000000e+00	1.145108e-01	-1.857735e-01	1.226723e-02	-1.178376e-02	-4.207131e-04	2.378158e-01	-2.344155e-01	6.867704e-02	-9.991775e-02	1.502221e-01	-9.899011e-02	-6.971678e-04	-8.594727e-02	-3.949789e-02	4.423215e-02	-5.414743e-02	1.228014e-01	-8.401650e-02	-7.807455e-03	-1.122883e-02	5.492755e-02	-2.187815e-02	-1.333479e-02	
-3.454453e-02	1.145108e-01	1.000000e+00	-5.147598e-01	-3.653106e-02	3.864246e-02	-3.308833e-02	6.361949e-04	-5.992304e-03	-2.871288e-01	3.843367e-01	-5.137882e-01	-1.853456e-01	2.597900e-01	-3.328733e-01	-1.085279e-01	1.199647e-01	-1.234241e-01	-1.275116e-02	4.207213e-02	-2.360162e-01	3.184296e-01	-4.292618e-01	-1.484177e-01	2.206647e-01	
-6.531799e-02	-1.857735e-01	-5.147598e-01	1.000000e+00	-6.486047e-01	7.101054e-01	-7.532481e-01	-6.878673e-02	3.627949e-01	3.978394e-02	-8.364871e-02	1.632518e-01	6.923673e-02	-3.222378e-02	2.090256e-01	5.724010e-02	-5.977795e-02	6.031984e-02	-2.919114e-02	4.994061e-03	1.264047e-01	-1.698467e-01	2.283015e-01	6.184080e-02	-9.603566e-02	
1.242661e-01	1.226723e-02	-3.653106e-02	-6.486047e-01	1.000000e+00	-9.865726e-01	9.492783e-01	-4.382849e-01	4.588703e-02	7.269967e-02	-8.783925e-02	8.690111e-02	8.377923e-02	-9.029347e-02	-2.124224e-03	-4.967188e-03	3.521030e-03	-3.525102e-03	1.615716e-02	-9.416377e-03	7.099475e-03	-5.537803e-03	1.350921e-03	5.683790e-03	-5.108697e-03	
-1.170064e-01	-1.178376e-02	3.864246e-02	7.101054e-01	-9.865726e-01	1.000000e+00	-9.874403e-01	3.654269e-01	3.290558e-02	-8.397874e-02	1.003920e-01	-1.000268e-01	-8.800664e-02	1.084484e-01	2.348429e-03	5.483098e-03	-3.495964e-03	2.739090e-03	-1.623313e-02	9.459356e-03	-6.778498e-03	5.406594e-03	-1.671499e-03	-7.951835e-03	8.159984e-03	
1.035988e-01	-4.207131e-04	-3.308833e-02	-7.532481e-01	9.492783e-01	-9.874403e-01	1.000000e+00	-2.939771e-01	-9.742838e-02	9.405350e-02	-1.103828e-01	1.093116e-01	8.309695e-02	-1.127891e-01	-3.758255e-03	-5.982408e-03	3.410961e-03	-1.644407e-03	1.342696e-02	-7.507751e-03	4.919259e-03	-3.117744e-03	-1.033637e-03	8.826228e-03	-9.069766e-03	
-8.707190e-02	2.378158e-01	6.361949e-04	-6.878673e-02	-4.382849e-01	3.654269e-01	-2.939771e-01	1.000000e+00	-8.979123e-01	1.623055e-01	-1.611311e-01	1.505870e-01	-8.856513e-02	-1.045120e-01	-1.665703e-02	-1.232837e-02	1.120189e-02	-1.127005e-02	2.705384e-02	-1.142356e-02	8.195604e-03	-1.261763e-02	2.242981e-02	-2.506897e-03	-7.506698e-03	
8.562697e-02	-2.344155e-01	-5.992304e-03	3.627949e-01	4.588703e-02	3.290558e-02	-9.742838e-02	-8.979123e-01	1.000000e+00	-2.011093e-01	2.057460e-01	-1.927661e-01	5.912328e-02	1.711123e-01	1.932863e-02	1.962452e-02	-1.661220e-02	1.449113e-02	-2.996624e-02	1.259518e-02	-5.997009e-03	9.600512e-03	-1.817009e-02	1.396159e-03	8.461312e-03	
-1.717138e-02	6.867704e-02	-2.871288e-01	3.978394e-02	7.269967e-02	-8.397874e-02	9.405350e-02	1.623055e-01	-2.011093e-01	1.000000e+00	-9.862516e-01	9.262526e-01	-7.772442e-01	6.175950e-01	1.074638e-01	7.436759e-03	-7.285748e-03	5.552494e-03	1.661293e-02	-9.136161e-03	6.670846e-02	-9.000158e-02	1.236945e-01	3.466083e-02	-5.754519e-02	
5.767174e-02	-9.991775e-02	3.843367e-01	-8.364871e-02	-8.783925e-02	1.003920e-01	-1.103828e-01	-1.611311e-01	2.057460e-01	-9.862516e-01	1.000000e+00	-9.748097e-01	7.495819e-01	-5.857765e-01	-1.453363e-01	-9.415084e-03	1.000757e-02	-8.540358e-03	-2.183723e-02	1.377841e-02	-9.252361e-02	1.250841e-01	-1.725347e-01	-4.474924e-02	7.701319e-02	
-1.315347e-01	1.502221e-01	-5.137882e-01	1.632518e-01	8.690111e-02	-1.000268e-01	1.093116e-01	1.505870e-01	-1.927661e-01	9.262526e-01	-9.748097e-01	1.000000e+00	-6.697810e-01	5.082956e-01	1.937474e-01	1.484721e-02	-1.690496e-02	1.618830e-02	2.799703e-02	-2.088540e-02	1.260375e-01	-1.719775e-01	2.395466e-01	6.040525e-02	-1.061832e-01	
3.452339e-02	-9.899011e-02	-1.853456e-01	6.923673e-02	8.377923e-02	-8.800664e-02	8.309695e-02	-8.856513e-02	5.912328e-02	-7.772442e-01	7.495819e-01	-6.697810e-01	1.000000e+00	-9.490843e-01	3.735944e-02	4.863068e-02	-5.553041e-02	5.964186e-02	-7.874829e-03	-1.408305e-02	4.640985e-02	-6.131265e-02	7.881404e-02	3.800078e-02	-5.181730e-02	
4.419776e-02	-6.971678e-04	2.597900e-01	-3.222378e-02	-9.029347e-02	1.084484e-01	-1.127891e-01	-1.045120e-01	1.711123e-01	6.175950e-01	-5.857765e-01	5.082956e-01	-9.490843e-01	1.000000e+00	-5.810655e-02	-4.788602e-02	5.656542e-02	-6.177647e-02	-7.824241e-03	2.666742e-02	-7.007803e-02	9.380306e-02	-1.257466e-01	-4.577909e-02	7.161812e-02	
-4.780309e-02	-8.594727e-02	-3.328733e-01	2.090256e-01	-2.124224e-03	2.348429e-03	-3.758255e-03	-1.665703e-02	1.932863e-02	1.074638e-01	-1.453363e-01	1.937474e-01	3.735944e-02	-5.810655e-02	1.000000e+00	-6.606135e-01	7.364963e-01	-7.903033e-01	-1.532170e-01	4.268836e-01	-3.423688e-02	1.500847e-02	3.055143e-02	-7.131775e-03	2.689156e-02	
5.884547e-02	-3.949789e-02	-1.085279e-01	5.724010e-02	-4.967188e-03	5.483098e-03	-5.982408e-03	-1.232837e-02	1.962452e-02	7.436759e-03	-9.415084e-03	1.484721e-02	4.863068e-02	-4.788602e-02	-6.606135e-01	1.000000e+00	-9.845546e-01	9.422287e-01	-4.102522e-01	5.539855e-02	1.562912e-01	-1.801347e-01	1.944348e-01	4.020404e-02	-5.611132e-02	
-5.523327e-02	4.423215e-02	1.199647e-01	-5.977795e-02	3.521030e-03	-3.495964e-03	3.410961e-03	1.120189e-02	-1.661220e-02	-7.285748e-03	1.000757e-02	-1.690496e-02	-5.553041e-02	5.656542e-02	7.364963e-01	-9.845546e-01	1.000000e+00	-9.858787e-01	3.199568e-01	4.086651e-02	-1.646009e-01	1.914435e-01	-2.082682e-01	-5.588442e-02	8.070445e-02	
4.576104e-02	-5.414743e-02	-1.234241e-01	6.031984e-02	-3.525102e-03	2.739090e-03	-1.644407e-03	-1.127005e-02	1.449113e-02	5.552494e-03	-8.540358e-03	1.618830e-02	5.964186e-02	-6.177647e-02	-7.903033e-01	9.422287e-01	-9.858787e-01	1.000000e+00	-2.280240e-01	-1.259514e-01	1.668920e-01	-1.955214e-01	2.140113e-01	6.663512e-02	-9.746350e-02	
1.027248e-02	1.228014e-01	-1.275116e-02	-2.919114e-02	1.615716e-02	-1.623313e-02	1.342696e-02	2.705384e-02	-2.996624e-02	1.661293e-02	-2.183723e-02	2.799703e-02	-7.874829e-03	-7.824241e-03	-1.532170e-01	-4.102522e-01	3.199568e-01	-2.280240e-01	1.000000e+00	-9.185856e-01	8.901833e-03	-6.180888e-03	-5.713849e-04	7.990386e-02	-1.696025e-01	
-1.512153e-02	-8.401650e-02	4.207213e-02	4.994061e-03	-9.416377e-03	9.459356e-03	-7.507751e-03	-1.142356e-02	1.259518e-02	-9.136161e-03	1.377841e-02	-2.088540e-02	-1.408305e-02	2.666742e-02	4.268836e-01	5.539855e-02	4.086651e-02	-1.259514e-01	-9.185856e-01	1.000000e+00	-6.665587e-02	7.223448e-02	-6.845334e-02	-1.039167e-01	2.154352e-01	
4.206536e-03	-7.807455e-03	-2.360162e-01	1.264047e-01	7.099475e-03	-6.778498e-03	4.919259e-03	8.195604e-03	-5.997009e-03	6.670846e-02	-9.252361e-02	1.260375e-01	4.640985e-02	-7.007803e-02	-3.423688e-02	1.562912e-01	-1.646009e-01	1.668920e-01	8.901833e-03	-6.665587e-02	1.000000e+00	-9.881570e-01	9.366760e-01	-8.066183e-01	6.910267e-01	
2.619591e-02	-1.122883e-02	3.184296e-01	-1.698467e-01	-5.537803e-03	5.406594e-03	-3.117744e-03	-1.261763e-02	9.600512e-03	-9.000158e-02	1.250841e-01	-1.719775e-01	-6.131265e-02	9.380306e-02	1.500847e-02	-1.801347e-01	1.914435e-01	-1.955214e-01	-6.180888e-03	7.223448e-02	-9.881570e-01	1.000000e+00	-9.783899e-01	7.937792e-01	-6.760405e-01	
-8.855151e-02	5.492755e-02	-4.292618e-01	2.283015e-01	1.350921e-03	-1.671499e-03	-1.033637e-03	2.242981e-02	-1.817009e-02	1.236945e-01	-1.725347e-01	2.395466e-01	7.881404e-02	-1.257466e-01	3.055143e-02	1.944348e-01	-2.082682e-01	2.140113e-01	-5.713849e-04	-6.845334e-02	9.366760e-01	-9.783899e-01	1.000000e+00	-7.410992e-01	6.261692e-01	
1.320422e-02	-2.187815e-02	-1.484177e-01	6.184080e-02	5.683790e-03	-7.951835e-03	8.826228e-03	-2.506897e-03	1.396159e-03	3.466083e-02	-4.474924e-02	6.040525e-02	3.800078e-02	-4.577909e-02	-7.131775e-03	4.020404e-02	-5.588442e-02	6.663512e-02	7.990386e-02	-1.039167e-01	-8.066183e-01	7.937792e-01	-7.410992e-01	1.000000e+00	-9.717916e-01	
2.669711e-02	-1.333479e-02	2.206647e-01	-9.603566e-02	-5.108697e-03	8.159984e-03	-9.069766e-03	-7.506698e-03	8.461312e-03	-5.754519e-02	7.701319e-02	-1.061832e-01	-5.181730e-02	7.161812e-02	2.689156e-02	-5.611132e-02	8.070445e-02	-9.746350e-02	-1.696025e-01	2.154352e-01	6.910267e-01	-6.760405e-01	6.261692e-01	-9.717916e-01	1.000000e+00	

Time taken for mcmc chain: 51.166667 minutes
