Number of steps: 2657749
Number of accepted steps: 960000
Burn-in number of steps: 320000
Accepted fraction of steps: 0.361208
Convergence Status
R[0]= 1.009470	R[1]= 1.011135	R[2]= 1.008142	R[3]= 1.005796	R[4]= 1.004129	R[5]= 1.004905	R[6]= 1.005562	R[7]= 1.006958	R[8]= 1.005915	R[9]= 1.002572	R[10]= 1.003392	R[11]= 1.004557	R[12]= 1.003449	R[13]= 1.004097	R[14]= 1.014756	R[15]= 1.002846	R[16]= 1.004574	R[17]= 1.006814	R[18]= 1.004262	R[19]= 1.006384	R[20]= 1.011635	R[21]= 1.010594	R[22]= 1.008506	R[23]= 1.012618	R[24]= 1.012056	
<R>= 1.007005

Mean parameters
A[0]= 1.041665e+00 pm 3.018185e-02
A[1]= 1.096825e+00 pm 2.406213e-02
A[2]= 6.474142e-01 pm 3.681171e-01
A[3]= 4.059160e+00 pm 1.036980e+00
A[4]= 1.891237e+02 pm 3.585063e+03
A[5]= 5.530634e+02 pm 2.326792e+03
A[6]= 8.374264e+01 pm 5.479738e+02
A[7]= -1.072804e+01 pm 1.361575e+01
A[8]= 1.606111e-01 pm 1.769618e-01
A[9]= 1.055595e+04 pm 9.086931e+03
A[10]= -6.008610e+03 pm 5.559620e+03
A[11]= 8.754707e+02 pm 1.209954e+03
A[12]= -9.760814e+01 pm 4.980706e+01
A[13]= 2.139067e+00 pm 9.421192e-01
A[14]= 4.507975e+00 pm 1.416167e+00
A[15]= -1.640720e+03 pm 4.983901e+03
A[16]= 2.413762e+03 pm 3.294951e+03
A[17]= -4.579914e+02 pm 7.950584e+02
A[18]= 2.910201e+00 pm 2.010697e+01
A[19]= 2.809735e-02 pm 2.555257e-01
A[20]= 1.295806e+04 pm 1.135454e+04
A[21]= -6.508162e+03 pm 6.808514e+03
A[22]= 5.949401e+02 pm 1.432455e+03
A[23]= -5.301968e+01 pm 6.588177e+01
A[24]= 4.662921e-01 pm 1.251853e+00

Best-fitting parameters
A[0]= 1.026858e+00
A[1]= 1.104213e+00
A[2]= 5.526669e-01
A[3]= 3.891757e+00
A[4]= 6.728564e+02
A[5]= 8.721590e+01
A[6]= 2.352651e+02
A[7]= -9.246474e+00
A[8]= 1.277148e-01
A[9]= 1.546635e+04
A[10]= -9.062169e+03
A[11]= 1.515561e+03
A[12]= -1.161202e+02
A[13]= 2.288711e+00
A[14]= 5.591075e+00
A[15]= -3.782986e+03
A[16]= 4.419451e+03
A[17]= -1.059061e+03
A[18]= 1.280378e+00
A[19]= 1.433639e-01
A[20]= 8.475617e+03
A[21]= -4.260252e+03
A[22]= 2.799559e+02
A[23]= -5.501565e+01
A[24]= 6.524366e-01
chi2_min= 1.215279e+02


Cross-Covariance parameters
1.000000e+00	-5.033046e-01	-2.156136e-01	1.200560e-01	1.009497e-01	-1.067515e-01	1.008489e-01	-1.611700e-02	1.967530e-03	6.118457e-02	-6.860526e-02	5.991771e-02	9.340166e-02	-7.515898e-02	1.193024e-01	5.550480e-02	-5.198274e-02	4.096195e-02	1.000053e-02	-7.148233e-03	1.206153e-01	-1.125607e-01	8.339533e-02	3.759934e-02	-3.660010e-02	
-5.033046e-01	1.000000e+00	1.250314e-01	-2.011359e-01	6.126920e-02	-5.360405e-02	3.532230e-02	5.781321e-02	-7.699474e-02	-2.157366e-03	-7.977374e-03	3.083307e-02	-6.141681e-02	1.479985e-02	-1.393732e-01	-3.356605e-03	1.028118e-02	-2.301577e-02	1.208634e-01	-1.384247e-01	-5.117232e-02	3.439726e-02	-1.165251e-03	-2.059316e-02	-8.925903e-03	
-2.156136e-01	1.250314e-01	1.000000e+00	-7.545716e-01	-4.280751e-02	5.485016e-02	-5.871385e-02	-6.408556e-02	8.205846e-02	-4.552494e-01	5.743286e-01	-7.113024e-01	-1.698180e-02	2.224816e-01	-6.923392e-01	6.257266e-02	-7.107422e-02	8.139870e-02	-8.678170e-02	5.884617e-02	-3.618361e-01	4.648862e-01	-5.996098e-01	-2.057754e-02	1.633567e-01	
1.200560e-01	-2.011359e-01	-7.545716e-01	1.000000e+00	-4.405625e-01	4.888807e-01	-5.277556e-01	2.532015e-01	-3.854407e-02	2.723564e-01	-3.425350e-01	4.231981e-01	-2.172834e-03	-1.164999e-01	5.237486e-01	-3.696098e-02	4.048410e-02	-4.287603e-02	3.183594e-02	-1.181499e-02	2.572232e-01	-3.388297e-01	4.455910e-01	2.173359e-02	-1.256787e-01	
1.009497e-01	6.126920e-02	-4.280751e-02	-4.405625e-01	1.000000e+00	-9.831772e-01	9.331888e-01	-7.492150e-01	4.204363e-01	8.163411e-02	-1.226147e-01	1.710185e-01	5.364672e-02	-4.513341e-02	2.774006e-02	-2.277153e-03	-4.727655e-03	8.063312e-03	4.602534e-02	-5.758630e-02	3.501347e-02	-4.176948e-02	4.948192e-02	1.713842e-02	-3.262288e-02	
-1.067515e-01	-5.360405e-02	5.485016e-02	4.888807e-01	-9.831772e-01	1.000000e+00	-9.825670e-01	7.158304e-01	-3.669671e-01	-9.756837e-02	1.432389e-01	-1.974422e-01	-5.915463e-02	6.532393e-02	-3.913675e-02	3.122066e-04	5.366103e-03	-7.241899e-03	-4.384309e-02	5.512797e-02	-4.476974e-02	5.198430e-02	-6.018028e-02	-1.337896e-02	3.092870e-02	
1.008489e-01	3.532230e-02	-5.871385e-02	-5.277556e-01	9.331888e-01	-9.825670e-01	1.000000e+00	-6.590395e-01	3.049029e-01	1.143392e-01	-1.619038e-01	2.183078e-01	5.373388e-02	-7.211111e-02	4.501589e-02	2.529258e-03	-7.109374e-03	8.030859e-03	3.645669e-02	-4.754674e-02	5.188413e-02	-5.840400e-02	6.569230e-02	7.917972e-03	-2.594974e-02	
-1.611700e-02	5.781321e-02	-6.408556e-02	2.532015e-01	-7.492150e-01	7.158304e-01	-6.590395e-01	1.000000e+00	-8.946874e-01	9.395765e-02	-7.217067e-02	3.789480e-02	-7.295673e-02	-7.636120e-02	5.187448e-02	-4.866822e-03	1.833084e-02	-3.095600e-02	-1.227644e-02	3.141181e-02	9.871051e-03	-1.219170e-02	1.707934e-02	-3.907373e-03	2.782602e-05	
1.967530e-03	-7.699474e-02	8.205846e-02	-3.854407e-02	4.204363e-01	-3.669671e-01	3.049029e-01	-8.946874e-01	1.000000e+00	-1.683780e-01	1.632313e-01	-1.453203e-01	7.480184e-02	1.331982e-01	-7.584473e-02	1.574094e-02	-2.746843e-02	3.952345e-02	-4.841419e-03	-1.427450e-02	-1.646359e-02	2.127925e-02	-3.020814e-02	-1.004770e-02	1.981017e-02	
6.118457e-02	-2.157366e-03	-4.552494e-01	2.723564e-01	8.163411e-02	-9.756837e-02	1.143392e-01	9.395765e-02	-1.683780e-01	1.000000e+00	-9.833848e-01	9.156553e-01	-7.881606e-01	5.781004e-01	3.290381e-01	-1.610559e-02	2.187689e-02	-2.897490e-02	8.631299e-03	1.294049e-02	1.896875e-01	-2.414969e-01	3.079591e-01	-2.209812e-02	-4.041959e-02	
-6.860526e-02	-7.977374e-03	5.743286e-01	-3.425350e-01	-1.226147e-01	1.432389e-01	-1.619038e-01	-7.217067e-02	1.632313e-01	-9.833848e-01	1.000000e+00	-9.726262e-01	7.359420e-01	-5.107156e-01	-4.122663e-01	2.645085e-02	-3.236180e-02	4.004862e-02	-2.530341e-02	1.521398e-03	-2.326108e-01	2.975704e-01	-3.818618e-01	1.657563e-02	6.553871e-02	
5.991771e-02	3.083307e-02	-7.113024e-01	4.231981e-01	1.710185e-01	-1.974422e-01	2.183078e-01	3.789480e-02	-1.453203e-01	9.156553e-01	-9.726262e-01	1.000000e+00	-6.175640e-01	3.811385e-01	5.066370e-01	-3.952753e-02	4.528565e-02	-5.320453e-02	4.805432e-02	-2.321273e-02	2.799277e-01	-3.606478e-01	4.667627e-01	-8.503951e-03	-9.775126e-02	
9.340166e-02	-6.141681e-02	-1.698180e-02	-2.172834e-03	5.364672e-02	-5.915463e-02	5.373388e-02	-7.295673e-02	7.480184e-02	-7.881606e-01	7.359420e-01	-6.175640e-01	1.000000e+00	-9.383160e-01	-1.119698e-02	1.937439e-02	-1.895369e-02	1.809064e-02	2.766084e-02	-4.892009e-02	-6.075761e-03	8.194092e-03	-1.024451e-02	3.439981e-02	-4.346255e-02	
-7.515898e-02	1.479985e-02	2.224816e-01	-1.164999e-01	-4.513341e-02	6.532393e-02	-7.211111e-02	-7.636120e-02	1.331982e-01	5.781004e-01	-5.107156e-01	3.811385e-01	-9.383160e-01	1.000000e+00	-1.355731e-01	-6.778244e-03	2.089542e-03	3.299967e-03	-4.780217e-02	6.203528e-02	-7.011435e-02	9.196689e-02	-1.227750e-01	-3.313353e-02	7.460047e-02	
1.193024e-01	-1.393732e-01	-6.923392e-01	5.237486e-01	2.774006e-02	-3.913675e-02	4.501589e-02	5.187448e-02	-7.584473e-02	3.290381e-01	-4.122663e-01	5.066370e-01	-1.119698e-02	-1.355731e-01	1.000000e+00	-5.595942e-01	6.371203e-01	-6.941939e-01	2.583168e-01	1.612201e-02	9.794406e-02	-1.441798e-01	2.126579e-01	6.125992e-02	-1.077101e-01	
5.550480e-02	-3.356605e-03	6.257266e-02	-3.696098e-02	-2.277153e-03	3.122066e-04	2.529258e-03	-4.866822e-03	1.574094e-02	-1.610559e-02	2.645085e-02	-3.952753e-02	1.937439e-02	-6.778244e-03	-5.595942e-01	1.000000e+00	-9.806739e-01	9.252243e-01	-7.482877e-01	4.342175e-01	1.710369e-01	-1.933840e-01	2.135863e-01	-7.545685e-02	6.281221e-02	
-5.198274e-02	1.028118e-02	-7.107422e-02	4.048410e-02	-4.727655e-03	5.366103e-03	-7.109374e-03	1.833084e-02	-2.746843e-02	2.187689e-02	-3.236180e-02	4.528565e-02	-1.895369e-02	2.089542e-03	6.371203e-01	-9.806739e-01	1.000000e+00	-9.810790e-01	7.014255e-01	-3.623717e-01	-1.894151e-01	2.164971e-01	-2.415986e-01	7.874770e-02	-5.455932e-02	
4.096195e-02	-2.301577e-02	8.139870e-02	-4.287603e-02	8.063312e-03	-7.241899e-03	8.030859e-03	-3.095600e-02	3.952345e-02	-2.897490e-02	4.004862e-02	-5.320453e-02	1.809064e-02	3.299967e-03	-6.941939e-01	9.252243e-01	-9.810790e-01	1.000000e+00	-6.282398e-01	2.793874e-01	2.002715e-01	-2.303498e-01	2.587107e-01	-8.119431e-02	4.794826e-02	
1.000053e-02	1.208634e-01	-8.678170e-02	3.183594e-02	4.602534e-02	-4.384309e-02	3.645669e-02	-1.227644e-02	-4.841419e-03	8.631299e-03	-2.530341e-02	4.805432e-02	2.766084e-02	-4.780217e-02	2.583168e-01	-7.482877e-01	7.014255e-01	-6.282398e-01	1.000000e+00	-9.062192e-01	-4.774978e-02	4.862604e-02	-4.899007e-02	7.947025e-02	-1.552773e-01	
-7.148233e-03	-1.384247e-01	5.884617e-02	-1.181499e-02	-5.758630e-02	5.512797e-02	-4.754674e-02	3.141181e-02	-1.427450e-02	1.294049e-02	1.521398e-03	-2.321273e-02	-4.892009e-02	6.203528e-02	1.612201e-02	4.342175e-01	-3.623717e-01	2.793874e-01	-9.062192e-01	1.000000e+00	-3.555368e-02	4.870957e-02	-6.056613e-02	-5.565846e-02	1.737817e-01	
1.206153e-01	-5.117232e-02	-3.618361e-01	2.572232e-01	3.501347e-02	-4.476974e-02	5.188413e-02	9.871051e-03	-1.646359e-02	1.896875e-01	-2.326108e-01	2.799277e-01	-6.075761e-03	-7.011435e-02	9.794406e-02	1.710369e-01	-1.894151e-01	2.002715e-01	-4.774978e-02	-3.555368e-02	1.000000e+00	-9.852717e-01	9.214695e-01	-8.230324e-01	6.819482e-01	
-1.125607e-01	3.439726e-02	4.648862e-01	-3.388297e-01	-4.176948e-02	5.198430e-02	-5.840400e-02	-1.219170e-02	2.127925e-02	-2.414969e-01	2.975704e-01	-3.606478e-01	8.194092e-03	9.196689e-02	-1.441798e-01	-1.933840e-01	2.164971e-01	-2.303498e-01	4.862604e-02	4.870957e-02	-9.852717e-01	1.000000e+00	-9.734215e-01	7.933471e-01	-6.400129e-01	
8.339533e-02	-1.165251e-03	-5.996098e-01	4.455910e-01	4.948192e-02	-6.018028e-02	6.569230e-02	1.707934e-02	-3.020814e-02	3.079591e-01	-3.818618e-01	4.667627e-01	-1.024451e-02	-1.227750e-01	2.126579e-01	2.135863e-01	-2.415986e-01	2.587107e-01	-4.899007e-02	-6.056613e-02	9.214695e-01	-9.734215e-01	1.000000e+00	-7.011696e-01	5.371548e-01	
3.759934e-02	-2.059316e-02	-2.057754e-02	2.173359e-02	1.713842e-02	-1.337896e-02	7.917972e-03	-3.907373e-03	-1.004770e-02	-2.209812e-02	1.657563e-02	-8.503951e-03	3.439981e-02	-3.313353e-02	6.125992e-02	-7.545685e-02	7.874770e-02	-8.119431e-02	7.947025e-02	-5.565846e-02	-8.230324e-01	7.933471e-01	-7.011696e-01	1.000000e+00	-9.630473e-01	
-3.660010e-02	-8.925903e-03	1.633567e-01	-1.256787e-01	-3.262288e-02	3.092870e-02	-2.594974e-02	2.782602e-05	1.981017e-02	-4.041959e-02	6.553871e-02	-9.775126e-02	-4.346255e-02	7.460047e-02	-1.077101e-01	6.281221e-02	-5.455932e-02	4.794826e-02	-1.552773e-01	1.737817e-01	6.819482e-01	-6.400129e-01	5.371548e-01	-9.630473e-01	1.000000e+00	

Time taken for mcmc chain: 29.516667 minutes
