Number of steps: 4173004
Number of accepted steps: 500000
Burn-in number of steps: 320000
Accepted fraction of steps: 0.119818
Convergence Status
R[0]= -nan	R[1]= -nan	R[2]= -nan	R[3]= -nan	R[4]= -nan	R[5]= -nan	R[6]= -nan	R[7]= -nan	R[8]= -nan	R[9]= -nan	R[10]= -nan	R[11]= -nan	R[12]= -nan	R[13]= -nan	R[14]= -nan	R[15]= -nan	R[16]= -nan	R[17]= -nan	R[18]= -nan	R[19]= -nan	R[20]= -nan	R[21]= -nan	R[22]= -nan	R[23]= -nan	R[24]= -nan	
<R>= -nan

Mean parameters
A[0]= 9.926456e-01 pm 8.673596e-02
A[1]= 9.836542e-01 pm 1.813483e-01
A[2]= 6.555377e-01 pm 3.835921e-01
A[3]= 3.559661e+00 pm 1.178208e+00
A[4]= -2.664535e+03 pm 4.533246e+03
A[5]= 9.828349e+02 pm 3.128431e+03
A[6]= 2.685368e+02 pm 7.810014e+02
A[7]= 2.658742e+00 pm 1.656040e+01
A[8]= -8.609394e-02 pm 1.912333e-01
A[9]= -3.761301e+02 pm 8.023286e+03
A[10]= -3.274799e+02 pm 4.926694e+03
A[11]= -8.918436e+01 pm 1.100264e+03
A[12]= -2.491940e+01 pm 4.746092e+01
A[13]= 6.204153e-01 pm 9.325210e-01
A[14]= 2.455121e+00 pm 1.723661e+00
A[15]= -3.574276e+03 pm 3.798748e+03
A[16]= 2.032851e+03 pm 2.519265e+03
A[17]= -2.428708e+02 pm 5.614885e+02
A[18]= 3.807596e+00 pm 1.101355e+01
A[19]= -5.464183e-02 pm 1.634347e-01
A[20]= -2.136412e+02 pm 5.630434e+03
A[21]= 3.322750e+02 pm 3.722343e+03
A[22]= -2.865326e+02 pm 9.243342e+02
A[23]= -1.763636e+01 pm 2.989143e+01
A[24]= 4.771394e-01 pm 6.319093e-01

Best-fitting parameters
A[0]= 9.741882e-01
A[1]= 1.046232e+00
A[2]= 8.910567e-01
A[3]= 3.862568e+00
A[4]= -7.047951e+03
A[5]= 4.358776e+03
A[6]= -6.255396e+02
A[7]= 9.074371e+00
A[8]= -4.892532e-02
A[9]= 2.319000e+03
A[10]= -3.682876e+02
A[11]= -5.158887e+02
A[12]= -5.696165e+01
A[13]= 1.251242e+00
A[14]= 1.484821e+00
A[15]= -3.505438e+03
A[16]= 1.846865e+03
A[17]= -1.922453e+02
A[18]= 1.202583e+01
A[19]= -1.444468e-01
A[20]= -3.329455e+03
A[21]= 2.008992e+03
A[22]= -5.498906e+02
A[23]= 2.673282e+00
A[24]= 3.255509e-02
chi2_min= 9.557817e+01


Cross-Covariance parameters
1.000000e+00	-8.868371e-01	-1.355019e-01	1.631691e-01	2.887176e-01	-3.433007e-01	4.146824e-01	-4.711622e-01	2.427264e-01	-6.316014e-02	1.469511e-01	-2.829657e-01	1.703774e-01	2.971820e-02	7.778228e-01	-6.570445e-01	6.676321e-01	-6.526764e-01	-4.632575e-01	5.823093e-01	-3.743023e-01	4.941756e-01	-6.299921e-01	6.592304e-02	3.043388e-01	
-8.868371e-01	1.000000e+00	1.823228e-01	-1.598870e-01	-3.615022e-01	4.228922e-01	-5.043118e-01	5.683901e-01	-2.876344e-01	7.329140e-02	-1.500274e-01	2.730517e-01	-1.849372e-01	-9.825993e-03	-8.629652e-01	7.095960e-01	-7.122015e-01	6.793095e-01	5.829370e-01	-6.812821e-01	4.012960e-01	-5.263014e-01	6.644605e-01	-2.990605e-02	-3.647436e-01	
-1.355019e-01	1.823228e-01	1.000000e+00	-5.215267e-01	-1.567746e-01	1.599432e-01	-1.583266e-01	1.004205e-01	-4.013152e-02	-3.431399e-01	4.416632e-01	-5.367529e-01	-1.801047e-01	2.959307e-01	-3.610967e-01	9.177957e-03	1.780438e-03	-2.418682e-02	1.797762e-01	-1.171421e-01	-2.614691e-01	3.010593e-01	-3.103169e-01	-1.513976e-01	1.970065e-01	
1.631691e-01	-1.598870e-01	-5.215267e-01	1.000000e+00	-5.105222e-01	5.297073e-01	-5.145614e-01	3.036874e-02	2.514427e-01	4.591365e-02	-3.591537e-02	2.162675e-02	4.062552e-02	1.721865e-02	2.517486e-01	-1.211972e-01	1.238853e-01	-1.239484e-01	-8.375292e-02	1.091884e-01	8.023329e-02	-7.983664e-02	6.549418e-02	4.251676e-02	-3.111883e-02	
2.887176e-01	-3.615022e-01	-1.567746e-01	-5.105222e-01	1.000000e+00	-9.869036e-01	9.491416e-01	-6.982202e-01	2.856438e-01	1.309769e-01	-1.822214e-01	2.156556e-01	1.394070e-01	-1.194236e-01	3.662512e-01	-2.077686e-01	2.037613e-01	-1.795109e-01	-2.851905e-01	2.665166e-01	-9.182724e-02	1.256452e-01	-1.702140e-01	4.176586e-02	9.111567e-02	
-3.433007e-01	4.228922e-01	1.599432e-01	5.297073e-01	-9.869036e-01	1.000000e+00	-9.867744e-01	6.863635e-01	-2.426305e-01	-1.319320e-01	1.794231e-01	-2.065444e-01	-1.543095e-01	1.340110e-01	-4.200497e-01	2.541068e-01	-2.493909e-01	2.222450e-01	3.231574e-01	-3.102060e-01	1.273216e-01	-1.684509e-01	2.204331e-01	-4.975276e-02	-1.112019e-01	
4.146824e-01	-5.043118e-01	-1.583266e-01	-5.145614e-01	9.491416e-01	-9.867744e-01	1.000000e+00	-6.767752e-01	2.152569e-01	1.251529e-01	-1.630047e-01	1.767455e-01	1.633359e-01	-1.318919e-01	4.900855e-01	-3.192501e-01	3.143067e-01	-2.842496e-01	-3.700175e-01	3.678093e-01	-1.742458e-01	2.262705e-01	-2.891460e-01	5.458367e-02	1.434921e-01	
-4.711622e-01	5.683901e-01	1.004205e-01	3.036874e-02	-6.982202e-01	6.863635e-01	-6.767752e-01	1.000000e+00	-8.377068e-01	7.044192e-02	-7.520223e-02	1.002831e-01	-1.226410e-01	-1.023132e-01	-5.343150e-01	4.114374e-01	-4.152715e-01	3.957211e-01	3.784483e-01	-4.207499e-01	2.230471e-01	-2.944649e-01	3.747554e-01	-1.362218e-02	-2.130258e-01	
2.427264e-01	-2.876344e-01	-4.013152e-02	2.514427e-01	2.856438e-01	-2.426305e-01	2.152569e-01	-8.377068e-01	1.000000e+00	-1.549977e-01	1.661824e-01	-1.800181e-01	4.535000e-02	2.242239e-01	2.692952e-01	-2.239169e-01	2.324882e-01	-2.315916e-01	-1.813585e-01	2.201280e-01	-1.214364e-01	1.600619e-01	-2.024725e-01	-3.919804e-03	1.161354e-01	
-6.316014e-02	7.329140e-02	-3.431399e-01	4.591365e-02	1.309769e-01	-1.319320e-01	1.251529e-01	7.044192e-02	-1.549977e-01	1.000000e+00	-9.770093e-01	8.826953e-01	-7.271397e-01	5.138831e-01	5.586806e-03	1.068502e-01	-1.117820e-01	1.160650e-01	1.993744e-02	-5.989497e-02	1.689287e-01	-2.041357e-01	2.287102e-01	3.680641e-02	-1.158021e-01	
1.469511e-01	-1.500274e-01	4.416632e-01	-3.591537e-02	-1.822214e-01	1.794231e-01	-1.630047e-01	-7.520223e-02	1.661824e-01	-9.770093e-01	1.000000e+00	-9.613617e-01	6.735350e-01	-4.338369e-01	3.357185e-02	-1.803592e-01	1.879081e-01	-1.935511e-01	-4.535105e-02	1.093343e-01	-2.382418e-01	2.912768e-01	-3.314318e-01	-5.300083e-02	1.748317e-01	
-2.829657e-01	2.730517e-01	-5.367529e-01	2.162675e-02	2.156556e-01	-2.065444e-01	1.767455e-01	1.002831e-01	-1.800181e-01	8.826953e-01	-9.613617e-01	1.000000e+00	-5.509476e-01	2.868654e-01	-1.104810e-01	2.873216e-01	-2.982506e-01	3.048321e-01	9.226046e-02	-1.873328e-01	3.251399e-01	-4.021436e-01	4.648348e-01	6.887638e-02	-2.517538e-01	
1.703774e-01	-1.849372e-01	-1.801047e-01	4.062552e-02	1.394070e-01	-1.543095e-01	1.633359e-01	-1.226410e-01	4.535000e-02	-7.271397e-01	6.735350e-01	-5.509476e-01	1.000000e+00	-9.207608e-01	2.271292e-01	-1.426104e-01	1.430112e-01	-1.347677e-01	-1.366106e-01	1.497507e-01	-5.628512e-02	7.318151e-02	-9.537002e-02	5.907438e-02	1.376838e-02	
2.971820e-02	-9.825993e-03	2.959307e-01	1.721865e-02	-1.194236e-01	1.340110e-01	-1.318919e-01	-1.023132e-01	2.242239e-01	5.138831e-01	-4.338369e-01	2.868654e-01	-9.207608e-01	1.000000e+00	-9.162637e-02	-1.531698e-02	2.051896e-02	-2.964820e-02	4.017664e-02	-1.532047e-02	-7.496145e-02	9.329385e-02	-1.049090e-01	-6.979598e-02	9.200265e-02	
7.778228e-01	-8.629652e-01	-3.610967e-01	2.517486e-01	3.662512e-01	-4.200497e-01	4.900855e-01	-5.343150e-01	2.692952e-01	5.586806e-03	3.357185e-02	-1.104810e-01	2.271292e-01	-9.162637e-02	1.000000e+00	-8.252245e-01	8.408319e-01	-8.265635e-01	-5.329613e-01	7.016658e-01	-3.323446e-01	4.496306e-01	-5.821003e-01	2.537964e-02	3.463358e-01	
-6.570445e-01	7.095960e-01	9.177957e-03	-1.211972e-01	-2.077686e-01	2.541068e-01	-3.192501e-01	4.114374e-01	-2.239169e-01	1.068502e-01	-1.803592e-01	2.873216e-01	-1.426104e-01	-1.531698e-02	-8.252245e-01	1.000000e+00	-9.933291e-01	9.718371e-01	1.150003e-01	-4.101207e-01	4.406373e-01	-5.658657e-01	6.876466e-01	1.376123e-02	-3.612280e-01	
6.676321e-01	-7.122015e-01	1.780438e-03	1.238853e-01	2.037613e-01	-2.493909e-01	3.143067e-01	-4.152715e-01	2.324882e-01	-1.117820e-01	1.879081e-01	-2.982506e-01	1.430112e-01	2.051896e-02	8.408319e-01	-9.933291e-01	1.000000e+00	-9.919232e-01	-1.502605e-01	4.506646e-01	-4.487183e-01	5.782953e-01	-7.036701e-01	-2.424073e-02	3.800862e-01	
-6.526764e-01	6.793095e-01	-2.418682e-02	-1.239484e-01	-1.795109e-01	2.222450e-01	-2.842496e-01	3.957211e-01	-2.315916e-01	1.160650e-01	-1.935511e-01	3.048321e-01	-1.347677e-01	-2.964820e-02	-8.265635e-01	9.718371e-01	-9.919232e-01	1.000000e+00	1.528457e-01	-4.610875e-01	4.470897e-01	-5.772965e-01	7.016395e-01	3.478541e-02	-3.850684e-01	
-4.632575e-01	5.829370e-01	1.797762e-01	-8.375292e-02	-2.851905e-01	3.231574e-01	-3.700175e-01	3.784483e-01	-1.813585e-01	1.993744e-02	-4.535105e-02	9.226046e-02	-1.366106e-01	4.017664e-02	-5.329613e-01	1.150003e-01	-1.502605e-01	1.528457e-01	1.000000e+00	-9.273606e-01	1.794083e-01	-2.458996e-01	3.265643e-01	4.526528e-02	-3.209037e-01	
5.823093e-01	-6.812821e-01	-1.171421e-01	1.091884e-01	2.665166e-01	-3.102060e-01	3.678093e-01	-4.207499e-01	2.201280e-01	-5.989497e-02	1.093343e-01	-1.873328e-01	1.497507e-01	-1.532047e-02	7.016658e-01	-4.101207e-01	4.506646e-01	-4.610875e-01	-9.273606e-01	1.000000e+00	-3.035995e-01	3.999059e-01	-5.032095e-01	-6.362279e-02	4.173185e-01	
-3.743023e-01	4.012960e-01	-2.614691e-01	8.023329e-02	-9.182724e-02	1.273216e-01	-1.742458e-01	2.230471e-01	-1.214364e-01	1.689287e-01	-2.382418e-01	3.251399e-01	-5.628512e-02	-7.496145e-02	-3.323446e-01	4.406373e-01	-4.487183e-01	4.470897e-01	1.794083e-01	-3.035995e-01	1.000000e+00	-9.753219e-01	8.861468e-01	-6.728859e-01	3.032529e-01	
4.941756e-01	-5.263014e-01	3.010593e-01	-7.983664e-02	1.256452e-01	-1.684509e-01	2.262705e-01	-2.944649e-01	1.600619e-01	-2.041357e-01	2.912768e-01	-4.021436e-01	7.318151e-02	9.329385e-02	4.496306e-01	-5.658657e-01	5.782953e-01	-5.772965e-01	-2.458996e-01	3.999059e-01	-9.753219e-01	1.000000e+00	-9.656249e-01	5.699246e-01	-1.562866e-01	
-6.299921e-01	6.644605e-01	-3.103169e-01	6.549418e-02	-1.702140e-01	2.204331e-01	-2.891460e-01	3.747554e-01	-2.024725e-01	2.287102e-01	-3.314318e-01	4.648348e-01	-9.537002e-02	-1.049090e-01	-5.821003e-01	6.876466e-01	-7.036701e-01	7.016395e-01	3.265643e-01	-5.032095e-01	8.861468e-01	-9.656249e-01	1.000000e+00	-4.043793e-01	-4.080107e-02	
6.592304e-02	-2.990605e-02	-1.513976e-01	4.251676e-02	4.176586e-02	-4.975276e-02	5.458367e-02	-1.362218e-02	-3.919804e-03	3.680641e-02	-5.300083e-02	6.887638e-02	5.907438e-02	-6.979598e-02	2.537964e-02	1.376123e-02	-2.424073e-02	3.478541e-02	4.526528e-02	-6.362279e-02	-6.728859e-01	5.699246e-01	-4.043793e-01	1.000000e+00	-8.760883e-01	
3.043388e-01	-3.647436e-01	1.970065e-01	-3.111883e-02	9.111567e-02	-1.112019e-01	1.434921e-01	-2.130258e-01	1.161354e-01	-1.158021e-01	1.748317e-01	-2.517538e-01	1.376838e-02	9.200265e-02	3.463358e-01	-3.612280e-01	3.800862e-01	-3.850684e-01	-3.209037e-01	4.173185e-01	3.032529e-01	-1.562866e-01	-4.080107e-02	-8.760883e-01	1.000000e+00	

Time taken for mcmc chain: 35.633333 minutes
