Number of steps: 4616156
Number of accepted steps: 500000
Burn-in number of steps: 320000
Accepted fraction of steps: 0.108315
Convergence Status
R[0]= -nan	R[1]= -nan	R[2]= -nan	R[3]= -nan	R[4]= -nan	R[5]= -nan	R[6]= -nan	R[7]= -nan	R[8]= -nan	R[9]= -nan	R[10]= -nan	R[11]= -nan	R[12]= -nan	R[13]= -nan	R[14]= -nan	R[15]= -nan	R[16]= -nan	R[17]= -nan	R[18]= -nan	R[19]= -nan	R[20]= -nan	R[21]= -nan	R[22]= -nan	R[23]= -nan	R[24]= -nan	
<R>= -nan

Mean parameters
A[0]= 1.040045e+00 pm 7.894102e-02
A[1]= 1.013606e+00 pm 1.671199e-01
A[2]= 8.172839e-01 pm 4.041856e-01
A[3]= 3.279827e+00 pm 1.023799e+00
A[4]= 1.617986e+03 pm 5.043466e+03
A[5]= -7.816683e+02 pm 3.542238e+03
A[6]= 4.894862e+02 pm 9.013939e+02
A[7]= -1.083112e+01 pm 1.847407e+01
A[8]= 8.646747e-02 pm 1.896161e-01
A[9]= 6.561206e+03 pm 8.107035e+03
A[10]= -3.644750e+03 pm 4.885384e+03
A[11]= 3.889819e+02 pm 1.049425e+03
A[12]= -7.385339e+01 pm 4.783679e+01
A[13]= 1.681559e+00 pm 9.296046e-01
A[14]= 2.077846e+00 pm 1.466328e+00
A[15]= -1.323545e+03 pm 3.498756e+03
A[16]= 8.993477e+02 pm 2.346275e+03
A[17]= -4.343753e+01 pm 5.329754e+02
A[18]= -2.810999e+00 pm 1.069517e+01
A[19]= 2.231892e-02 pm 1.586260e-01
A[20]= 2.278545e+03 pm 5.839408e+03
A[21]= -7.991498e+02 pm 3.905330e+03
A[22]= -1.440320e+02 pm 9.902372e+02
A[23]= -3.367619e+01 pm 2.984042e+01
A[24]= 7.990612e-01 pm 6.432312e-01

Best-fitting parameters
A[0]= 9.965491e-01
A[1]= 1.070263e+00
A[2]= 1.075213e+00
A[3]= 3.146709e+00
A[4]= -1.605331e+03
A[5]= 1.410173e+03
A[6]= -2.565870e+01
A[7]= -8.866018e+00
A[8]= 1.874375e-01
A[9]= 3.802301e+03
A[10]= -1.057345e+03
A[11]= -3.566149e+02
A[12]= -8.218165e+01
A[13]= 2.188368e+00
A[14]= 1.648729e+00
A[15]= -2.106971e+03
A[16]= 1.543453e+03
A[17]= -2.315443e+02
A[18]= -6.097500e-01
A[19]= 3.268155e-02
A[20]= 5.225061e+02
A[21]= 1.779111e+02
A[22]= -3.069728e+02
A[23]= -4.136609e+01
A[24]= 9.511192e-01
chi2_min= 8.137148e+01


Cross-Covariance parameters
1.000000e+00	-9.229955e-01	-9.685843e-02	-2.210088e-01	6.137253e-01	-6.593083e-01	6.983517e-01	-5.742365e-01	2.609915e-01	8.895865e-02	-7.210912e-02	1.905863e-02	1.807391e-01	-8.609027e-02	8.138191e-01	-6.687002e-01	6.804392e-01	-6.626365e-01	-4.582979e-01	6.034068e-01	-3.723770e-01	5.087579e-01	-6.507986e-01	2.165871e-02	3.644309e-01	
-9.229955e-01	1.000000e+00	4.865138e-02	2.662262e-01	-6.584527e-01	7.127932e-01	-7.629310e-01	6.609772e-01	-3.260331e-01	-5.769856e-02	4.577758e-02	-2.653685e-03	-1.801936e-01	7.466785e-02	-8.769196e-01	7.285058e-01	-7.375083e-01	7.097703e-01	5.472947e-01	-6.873502e-01	4.254560e-01	-5.747179e-01	7.245124e-01	1.490768e-02	-4.342233e-01	
-9.685843e-02	4.865138e-02	1.000000e+00	-6.308324e-01	-8.830072e-02	8.424093e-02	-7.330837e-02	3.112658e-02	1.404813e-02	-3.830357e-01	4.925332e-01	-6.181238e-01	-1.269043e-01	2.887666e-01	-3.039094e-01	-9.477921e-03	1.906314e-02	-3.392569e-02	8.323929e-02	-4.862527e-02	-2.828268e-01	3.266722e-01	-3.445083e-01	-8.080669e-02	1.597300e-01	
-2.210088e-01	2.662262e-01	-6.308324e-01	1.000000e+00	-5.287997e-01	5.581293e-01	-5.750067e-01	3.136421e-01	-2.510468e-02	1.146489e-01	-1.493058e-01	1.950459e-01	3.644490e-02	-1.102516e-01	-1.023886e-01	2.248369e-01	-2.333520e-01	2.321016e-01	1.386978e-01	-1.865085e-01	3.016375e-01	-3.756760e-01	4.365193e-01	5.986529e-02	-2.441433e-01	
6.137253e-01	-6.584527e-01	-8.830072e-02	-5.287997e-01	1.000000e+00	-9.901266e-01	9.627889e-01	-8.443386e-01	4.659858e-01	1.385199e-01	-1.857219e-01	2.251286e-01	1.579593e-01	-1.077896e-01	5.770833e-01	-4.482763e-01	4.502074e-01	-4.264931e-01	-3.746250e-01	4.431412e-01	-2.777334e-01	3.707108e-01	-4.671735e-01	1.226973e-02	2.629669e-01	
-6.593083e-01	7.127932e-01	8.424093e-02	5.581293e-01	-9.901266e-01	1.000000e+00	-9.908391e-01	8.325926e-01	-4.284756e-01	-1.421990e-01	1.886188e-01	-2.256844e-01	-1.627574e-01	1.129794e-01	-6.304274e-01	4.913777e-01	-4.943721e-01	4.694903e-01	4.059559e-01	-4.819688e-01	2.984768e-01	-4.005931e-01	5.060116e-01	-7.080344e-03	-2.915521e-01	
6.983517e-01	-7.629310e-01	-7.330837e-02	-5.750067e-01	9.627889e-01	-9.908391e-01	1.000000e+00	-8.108016e-01	3.917569e-01	1.440003e-01	-1.865216e-01	2.173565e-01	1.589487e-01	-1.065667e-01	6.783042e-01	-5.323881e-01	5.363221e-01	-5.103136e-01	-4.346946e-01	5.183130e-01	-3.183564e-01	4.292847e-01	-5.431733e-01	4.709868e-04	3.197913e-01	
-5.742365e-01	6.609772e-01	3.112658e-02	3.136421e-01	-8.443386e-01	8.325926e-01	-8.108016e-01	1.000000e+00	-8.400078e-01	-1.049134e-02	3.141877e-02	-4.528578e-02	-1.507333e-01	-1.548548e-02	-5.582286e-01	4.700175e-01	-4.694914e-01	4.437706e-01	3.479297e-01	-4.286352e-01	2.907910e-01	-3.866045e-01	4.817668e-01	-7.491820e-03	-2.647524e-01	
2.609915e-01	-3.260331e-01	1.404813e-02	-2.510468e-02	4.659858e-01	-4.284756e-01	3.917569e-01	-8.400078e-01	1.000000e+00	-1.027600e-01	1.036099e-01	-1.019126e-01	8.866532e-02	1.361701e-01	2.472390e-01	-2.471749e-01	2.423146e-01	-2.260278e-01	-1.329298e-01	1.837149e-01	-1.663884e-01	2.131723e-01	-2.558346e-01	1.813809e-02	1.143946e-01	
8.895865e-02	-5.769856e-02	-3.830357e-01	1.146489e-01	1.385199e-01	-1.421990e-01	1.440003e-01	-1.049134e-02	-1.027600e-01	1.000000e+00	-9.805354e-01	8.984647e-01	-7.336317e-01	5.462628e-01	1.287651e-01	4.574665e-04	-9.643673e-03	2.312427e-02	-4.246370e-02	2.117522e-02	7.189487e-02	-9.114775e-02	9.950928e-02	5.078349e-02	-6.372522e-02	
-7.210912e-02	4.577758e-02	4.925332e-01	-1.493058e-01	-1.857219e-01	1.886188e-01	-1.865216e-01	3.141877e-02	1.036099e-01	-9.805354e-01	1.000000e+00	-9.661962e-01	6.860436e-01	-4.839209e-01	-1.484559e-01	-1.702853e-02	2.756276e-02	-4.302127e-02	4.737607e-02	-1.575712e-02	-1.098071e-01	1.357434e-01	-1.480038e-01	-5.571573e-02	8.324137e-02	
1.905863e-02	-2.653685e-03	-6.181238e-01	1.950459e-01	2.251286e-01	-2.256844e-01	2.173565e-01	-4.528578e-02	-1.019126e-01	8.984647e-01	-9.661962e-01	1.000000e+00	-5.729637e-01	3.594124e-01	1.464770e-01	5.789474e-02	-7.029631e-02	8.740173e-02	-4.187917e-02	-7.432228e-03	1.658991e-01	-2.037019e-01	2.249407e-01	6.181000e-02	-1.184314e-01	
1.807391e-01	-1.801936e-01	-1.269043e-01	3.644490e-02	1.579593e-01	-1.627574e-01	1.589487e-01	-1.507333e-01	8.866532e-02	-7.336317e-01	6.860436e-01	-5.729637e-01	1.000000e+00	-9.371376e-01	1.897406e-01	-1.299557e-01	1.377366e-01	-1.407225e-01	-1.189234e-01	1.482373e-01	-4.448387e-02	7.100205e-02	-9.885398e-02	1.344966e-02	5.514135e-02	
-8.609027e-02	7.466785e-02	2.887666e-01	-1.102516e-01	-1.077896e-01	1.129794e-01	-1.065667e-01	-1.548548e-02	1.361701e-01	5.462628e-01	-4.839209e-01	3.594124e-01	-9.371376e-01	1.000000e+00	-1.442230e-01	3.692611e-02	-4.201734e-02	4.484018e-02	9.137075e-02	-9.112972e-02	-4.594837e-02	4.413778e-02	-3.634946e-02	-2.697691e-02	1.564389e-02	
8.138191e-01	-8.769196e-01	-3.039094e-01	-1.023886e-01	5.770833e-01	-6.304274e-01	6.783042e-01	-5.582286e-01	2.472390e-01	1.287651e-01	-1.484559e-01	1.464770e-01	1.897406e-01	-1.442230e-01	1.000000e+00	-8.146430e-01	8.339102e-01	-8.221365e-01	-4.702140e-01	6.697764e-01	-3.342798e-01	4.641303e-01	-5.986018e-01	-1.576876e-02	3.923863e-01	
-6.687002e-01	7.285058e-01	-9.477921e-03	2.248369e-01	-4.482763e-01	4.913777e-01	-5.323881e-01	4.700175e-01	-2.471749e-01	4.574665e-04	-1.702853e-02	5.789474e-02	-1.299557e-01	3.692611e-02	-8.146430e-01	1.000000e+00	-9.924658e-01	9.692072e-01	3.054761e-02	-3.532947e-01	4.392381e-01	-5.689172e-01	6.878388e-01	2.854630e-02	-3.796919e-01	
6.804392e-01	-7.375083e-01	1.906314e-02	-2.333520e-01	4.502074e-01	-4.943721e-01	5.363221e-01	-4.694914e-01	2.423146e-01	-9.643673e-03	2.756276e-02	-7.029631e-02	1.377366e-01	-4.201734e-02	8.339102e-01	-9.924658e-01	1.000000e+00	-9.914383e-01	-6.854315e-02	3.963648e-01	-4.533129e-01	5.871033e-01	-7.091090e-01	-3.589471e-02	3.979223e-01	
-6.626365e-01	7.097703e-01	-3.392569e-02	2.321016e-01	-4.264931e-01	4.694903e-01	-5.103136e-01	4.437706e-01	-2.260278e-01	2.312427e-02	-4.302127e-02	8.740173e-02	-1.407225e-01	4.484018e-02	-8.221365e-01	9.692072e-01	-9.914383e-01	1.000000e+00	7.423273e-02	-4.079190e-01	4.574328e-01	-5.902826e-01	7.098651e-01	4.066957e-02	-3.989379e-01	
-4.582979e-01	5.472947e-01	8.323929e-02	1.386978e-01	-3.746250e-01	4.059559e-01	-4.346946e-01	3.479297e-01	-1.329298e-01	-4.246370e-02	4.737607e-02	-4.187917e-02	-1.189234e-01	9.137075e-02	-4.702140e-01	3.054761e-02	-6.854315e-02	7.423273e-02	1.000000e+00	-9.213068e-01	1.736473e-01	-2.459348e-01	3.237594e-01	5.320323e-02	-3.156364e-01	
6.034068e-01	-6.873502e-01	-4.862527e-02	-1.865085e-01	4.431412e-01	-4.819688e-01	5.183130e-01	-4.286352e-01	1.837149e-01	2.117522e-02	-1.575712e-02	-7.432228e-03	1.482373e-01	-9.112972e-02	6.697764e-01	-3.532947e-01	3.963648e-01	-4.079190e-01	-9.213068e-01	1.000000e+00	-3.120132e-01	4.165184e-01	-5.191185e-01	-6.916584e-02	4.258628e-01	
-3.723770e-01	4.254560e-01	-2.828268e-01	3.016375e-01	-2.777334e-01	2.984768e-01	-3.183564e-01	2.907910e-01	-1.663884e-01	7.189487e-02	-1.098071e-01	1.658991e-01	-4.448387e-02	-4.594837e-02	-3.342798e-01	4.392381e-01	-4.533129e-01	4.574328e-01	1.736473e-01	-3.120132e-01	1.000000e+00	-9.731897e-01	8.793339e-01	-6.847023e-01	2.972720e-01	
5.087579e-01	-5.747179e-01	3.266722e-01	-3.756760e-01	3.707108e-01	-4.005931e-01	4.292847e-01	-3.866045e-01	2.131723e-01	-9.114775e-02	1.357434e-01	-2.037019e-01	7.100205e-02	4.413778e-02	4.641303e-01	-5.689172e-01	5.871033e-01	-5.902826e-01	-2.459348e-01	4.165184e-01	-9.731897e-01	1.000000e+00	-9.645775e-01	5.719497e-01	-1.366088e-01	
-6.507986e-01	7.245124e-01	-3.445083e-01	4.365193e-01	-4.671735e-01	5.060116e-01	-5.431733e-01	4.817668e-01	-2.558346e-01	9.950928e-02	-1.480038e-01	2.249407e-01	-9.885398e-02	-3.634946e-02	-5.986018e-01	6.878388e-01	-7.091090e-01	7.098651e-01	3.237594e-01	-5.191185e-01	8.793339e-01	-9.645775e-01	1.000000e+00	-3.949840e-01	-7.027456e-02	
2.165871e-02	1.490768e-02	-8.080669e-02	5.986529e-02	1.226973e-02	-7.080344e-03	4.709868e-04	-7.491820e-03	1.813809e-02	5.078349e-02	-5.571573e-02	6.181000e-02	1.344966e-02	-2.697691e-02	-1.576876e-02	2.854630e-02	-3.589471e-02	4.066957e-02	5.320323e-02	-6.916584e-02	-6.847023e-01	5.719497e-01	-3.949840e-01	1.000000e+00	-8.700128e-01	
3.644309e-01	-4.342233e-01	1.597300e-01	-2.441433e-01	2.629669e-01	-2.915521e-01	3.197913e-01	-2.647524e-01	1.143946e-01	-6.372522e-02	8.324137e-02	-1.184314e-01	5.514135e-02	1.564389e-02	3.923863e-01	-3.796919e-01	3.979223e-01	-3.989379e-01	-3.156364e-01	4.258628e-01	2.972720e-01	-1.366088e-01	-7.027456e-02	-8.700128e-01	1.000000e+00	

Time taken for mcmc chain: 40.533333 minutes
