Number of steps: 10329529
Number of accepted steps: 960000
Burn-in number of steps: 320000
Accepted fraction of steps: 0.092937
Convergence Status
R[0]= 1.000763	R[1]= 1.000828	R[2]= 1.075419	R[3]= 1.037661	R[4]= 1.008528	R[5]= 1.010232	R[6]= 1.011811	R[7]= 1.002482	R[8]= 1.000074	R[9]= 1.001577	R[10]= 1.003493	R[11]= 1.007143	R[12]= 1.001145	R[13]= 1.003210	R[14]= 1.030460	R[15]= 1.002047	R[16]= 1.002963	R[17]= 1.004063	R[18]= 1.000454	R[19]= 1.001645	R[20]= 1.004038	R[21]= 1.007402	R[22]= 1.012916	R[23]= 1.000099	R[24]= 1.000561	
<R>= 1.009241

Mean parameters
A[0]= 9.585546e-01 pm 3.071140e-02
A[1]= 1.055163e+00 pm 2.610915e-02
A[2]= 6.645937e-01 pm 4.875626e-01
A[3]= 3.886857e+00 pm 1.237984e+00
A[4]= -4.348148e+03 pm 3.828494e+03
A[5]= 2.333810e+03 pm 2.518086e+03
A[6]= -1.081473e+02 pm 5.930786e+02
A[7]= 6.503927e+00 pm 1.324167e+01
A[8]= -7.359198e-02 pm 1.778445e-01
A[9]= -1.407336e+01 pm 8.474062e+03
A[10]= -6.209308e+02 pm 5.152506e+03
A[11]= 3.951287e+00 pm 1.108765e+03
A[12]= -2.890530e+01 pm 4.885921e+01
A[13]= 6.454357e-01 pm 9.484072e-01
A[14]= 5.116279e+00 pm 1.703059e+00
A[15]= -5.430504e+03 pm 5.209028e+03
A[16]= 4.392134e+03 pm 3.420720e+03
A[17]= -8.201900e+02 pm 8.061495e+02
A[18]= -4.665992e-01 pm 1.936153e+01
A[19]= 1.630216e-01 pm 2.597703e-01
A[20]= 1.056385e+04 pm 1.175953e+04
A[21]= -5.336976e+03 pm 7.144498e+03
A[22]= 4.493367e+02 pm 1.532366e+03
A[23]= -6.173279e+01 pm 6.720394e+01
A[24]= 8.208321e-01 pm 1.311383e+00

Best-fitting parameters
A[0]= 9.755082e-01
A[1]= 1.046264e+00
A[2]= 3.481233e-01
A[3]= 4.833203e+00
A[4]= -4.515234e+03
A[5]= 2.547760e+03
A[6]= -1.853701e+02
A[7]= 1.114228e+00
A[8]= 2.914963e-02
A[9]= 2.418206e+03
A[10]= -2.143689e+03
A[11]= 3.714780e+02
A[12]= -1.869055e+01
A[13]= 4.624606e-01
A[14]= 6.004989e+00
A[15]= -7.219370e+03
A[16]= 5.198544e+03
A[17]= -9.267512e+02
A[18]= 9.003942e-01
A[19]= 1.990333e-01
A[20]= 1.041114e+04
A[21]= -6.025944e+03
A[22]= 7.646031e+02
A[23]= -3.095330e+01
A[24]= 3.023700e-02
chi2_min= 1.053178e+02


Cross-Covariance parameters
1.000000e+00	-4.824465e-01	-1.439813e-01	9.167172e-02	3.469216e-02	-3.725863e-02	3.020368e-02	6.927710e-02	-7.132868e-02	-9.512697e-03	1.132608e-02	-2.853258e-02	1.538862e-01	-1.349647e-01	7.934491e-02	4.512279e-02	-4.642175e-02	3.918921e-02	6.998260e-02	-7.363381e-02	2.455331e-02	-1.927689e-02	-4.419863e-03	1.296236e-01	-1.173667e-01	
-4.824465e-01	1.000000e+00	1.323483e-01	-1.695330e-01	-1.972782e-02	2.587681e-02	-3.876594e-02	1.192787e-01	-1.097035e-01	2.170188e-02	-2.319213e-02	3.098616e-02	-1.165819e-01	7.301840e-02	-2.211724e-01	4.024886e-02	-4.307202e-02	3.783900e-02	1.264182e-01	-1.487338e-01	-1.625980e-02	7.397191e-03	1.466677e-02	-5.212929e-02	1.901868e-02	
-1.439813e-01	1.323483e-01	1.000000e+00	-7.554547e-01	7.434101e-02	-7.758583e-02	8.713395e-02	-8.779859e-02	4.560705e-02	-3.579040e-01	4.804001e-01	-6.222706e-01	-1.466050e-01	2.976774e-01	-7.190267e-01	-1.188092e-03	-6.936822e-03	2.250321e-02	-5.197691e-03	-1.769889e-02	-4.062745e-01	5.200735e-01	-6.529918e-01	-1.074245e-01	2.536147e-01	
9.167172e-02	-1.695330e-01	-7.554547e-01	1.000000e+00	-5.190471e-01	5.696398e-01	-6.092782e-01	2.156285e-01	5.704834e-02	2.309961e-01	-3.057357e-01	3.945863e-01	5.205453e-02	-1.338638e-01	5.788229e-01	-2.088076e-03	8.698045e-03	-1.950779e-02	-1.313939e-02	3.259230e-02	3.163598e-01	-4.043545e-01	5.073491e-01	8.637154e-02	-1.988675e-01	
3.469216e-02	-1.972782e-02	7.434101e-02	-5.190471e-01	1.000000e+00	-9.853467e-01	9.441130e-01	-6.874570e-01	2.973454e-01	5.881139e-02	-9.388717e-02	1.318215e-01	9.465653e-02	-8.526616e-02	-3.900769e-02	2.588953e-02	-3.023062e-02	3.415769e-02	7.672478e-04	-1.598080e-02	5.224419e-03	-1.492336e-03	-4.838528e-03	-1.224581e-02	1.410937e-02	
-3.725863e-02	2.587681e-02	-7.758583e-02	5.696398e-01	-9.853467e-01	1.000000e+00	-9.860062e-01	6.399934e-01	-2.325394e-01	-6.696016e-02	1.054232e-01	-1.471910e-01	-1.050280e-01	1.069754e-01	3.884318e-02	-2.720098e-02	3.199041e-02	-3.620584e-02	-1.780579e-03	1.829180e-02	-7.417223e-03	3.892980e-03	2.508466e-03	1.306237e-02	-1.456325e-02	
3.020368e-02	-3.876594e-02	8.713395e-02	-6.092782e-01	9.441130e-01	-9.860062e-01	1.000000e+00	-5.797468e-01	1.703772e-01	7.637447e-02	-1.155907e-01	1.579831e-01	1.017312e-01	-1.116331e-01	-4.145981e-02	2.672728e-02	-3.177822e-02	3.645585e-02	-6.906543e-04	-1.651655e-02	5.624507e-03	-1.429438e-03	-5.929969e-03	-1.524445e-02	1.789052e-02	
6.927710e-02	1.192787e-01	-8.779859e-02	2.156285e-01	-6.874570e-01	6.399934e-01	-5.797468e-01	1.000000e+00	-8.779881e-01	1.029293e-01	-8.735154e-02	5.903864e-02	-6.639451e-02	-8.500365e-02	2.791613e-02	1.244852e-02	-1.196008e-02	7.221433e-03	4.017450e-02	-4.310779e-02	1.590550e-02	-2.801651e-02	4.249069e-02	3.851711e-02	-5.470909e-02	
-7.132868e-02	-1.097035e-01	4.560705e-02	5.704834e-02	2.973454e-01	-2.325394e-01	1.703772e-01	-8.779881e-01	1.000000e+00	-1.600106e-01	1.595846e-01	-1.440144e-01	3.444863e-02	1.675986e-01	-4.753214e-03	-2.498800e-02	2.730008e-02	-2.507945e-02	-3.823421e-02	4.976603e-02	-1.556773e-02	2.591658e-02	-3.750913e-02	-3.085129e-02	4.545098e-02	
-9.512697e-03	2.170188e-02	-3.579040e-01	2.309961e-01	5.881139e-02	-6.696016e-02	7.637447e-02	1.029293e-01	-1.600106e-01	1.000000e+00	-9.816384e-01	9.087662e-01	-7.440518e-01	5.453046e-01	2.808981e-01	1.998829e-02	-2.016008e-02	1.587144e-02	5.583307e-03	-7.803157e-03	1.769970e-01	-2.265094e-01	2.857617e-01	4.311729e-02	-1.091390e-01	
1.132608e-02	-2.319213e-02	4.804001e-01	-3.057357e-01	-9.388717e-02	1.054232e-01	-1.155907e-01	-8.735154e-02	1.595846e-01	-9.816384e-01	1.000000e+00	-9.708856e-01	6.788774e-01	-4.688149e-01	-3.728836e-01	-2.560662e-02	2.515216e-02	-1.917750e-02	-7.890402e-03	1.050887e-02	-2.359526e-01	3.016085e-01	-3.798070e-01	-5.407347e-02	1.422695e-01	
-2.853258e-02	3.098616e-02	-6.222706e-01	3.945863e-01	1.318215e-01	-1.471910e-01	1.579831e-01	5.903864e-02	-1.440144e-01	9.087662e-01	-9.708856e-01	1.000000e+00	-5.476312e-01	3.338925e-01	4.790331e-01	3.028948e-02	-2.901604e-02	2.124025e-02	9.445419e-03	-1.188877e-02	3.040752e-01	-3.885283e-01	4.890269e-01	6.405667e-02	-1.781138e-01	
1.538862e-01	-1.165819e-01	-1.466050e-01	5.205453e-02	9.465653e-02	-1.050280e-01	1.017312e-01	-6.639451e-02	3.444863e-02	-7.440518e-01	6.788774e-01	-5.476312e-01	1.000000e+00	-9.462336e-01	1.024014e-01	2.647532e-03	-2.604696e-03	1.436173e-03	6.415845e-03	-3.655873e-03	5.503005e-02	-6.928856e-02	8.239993e-02	2.298712e-02	-3.984456e-02	
-1.349647e-01	7.301840e-02	2.976774e-01	-1.338638e-01	-8.526616e-02	1.069754e-01	-1.116331e-01	-8.500365e-02	1.675986e-01	5.453046e-01	-4.688149e-01	3.338925e-01	-9.462336e-01	1.000000e+00	-2.112063e-01	-1.172826e-02	1.205219e-02	-9.088636e-03	-1.473311e-02	1.401973e-02	-1.259258e-01	1.621866e-01	-2.018484e-01	-3.941691e-02	8.564982e-02	
7.934491e-02	-2.211724e-01	-7.190267e-01	5.788229e-01	-3.900769e-02	3.884318e-02	-4.145981e-02	2.791613e-02	-4.753214e-03	2.808981e-01	-3.728836e-01	4.790331e-01	1.024014e-01	-2.112063e-01	1.000000e+00	-4.822789e-01	5.473812e-01	-5.997399e-01	7.437169e-02	1.818208e-01	2.148466e-01	-2.775844e-01	3.570350e-01	4.470989e-02	-1.108716e-01	
4.512279e-02	4.024886e-02	-1.188092e-03	-2.088076e-03	2.588953e-02	-2.720098e-02	2.672728e-02	1.244852e-02	-2.498800e-02	1.998829e-02	-2.560662e-02	3.028948e-02	2.647532e-03	-1.172826e-02	-4.822789e-01	1.000000e+00	-9.833254e-01	9.359031e-01	-6.273014e-01	2.644568e-01	1.632213e-01	-1.966419e-01	2.259140e-01	1.525411e-02	-4.486784e-02	
-4.642175e-02	-4.307202e-02	-6.936822e-03	8.698045e-03	-3.023062e-02	3.199041e-02	-3.177822e-02	-1.196008e-02	2.730008e-02	-2.016008e-02	2.515216e-02	-2.901604e-02	-2.604696e-03	1.205219e-02	5.473812e-01	-9.833254e-01	1.000000e+00	-9.838665e-01	5.637063e-01	-1.834729e-01	-1.672061e-01	2.048992e-01	-2.386539e-01	-3.054491e-02	6.864671e-02	
3.918921e-02	3.783900e-02	2.250321e-02	-1.950779e-02	3.415769e-02	-3.620584e-02	3.645585e-02	7.221433e-03	-2.507945e-02	1.587144e-02	-1.917750e-02	2.124025e-02	1.436173e-03	-9.088636e-03	-5.997399e-01	9.359031e-01	-9.838665e-01	1.000000e+00	-4.847586e-01	1.019092e-01	1.634101e-01	-2.033443e-01	2.396862e-01	4.090786e-02	-8.387964e-02	
6.998260e-02	1.264182e-01	-5.197691e-03	-1.313939e-02	7.672478e-04	-1.780579e-03	-6.906543e-04	4.017450e-02	-3.823421e-02	5.583307e-03	-7.890402e-03	9.445419e-03	6.415845e-03	-1.473311e-02	7.437169e-02	-6.273014e-01	5.637063e-01	-4.847586e-01	1.000000e+00	-9.017991e-01	-3.913492e-02	4.889336e-02	-5.971019e-02	8.022899e-02	-1.506159e-01	
-7.363381e-02	-1.487338e-01	-1.769889e-02	3.259230e-02	-1.598080e-02	1.829180e-02	-1.651655e-02	-4.310779e-02	4.976603e-02	-7.803157e-03	1.050887e-02	-1.188877e-02	-3.655873e-03	1.401973e-02	1.818208e-01	2.644568e-01	-1.834729e-01	1.019092e-01	-9.017991e-01	1.000000e+00	-2.763570e-02	3.109083e-02	-3.030054e-02	-1.034624e-01	2.104155e-01	
2.455331e-02	-1.625980e-02	-4.062745e-01	3.163598e-01	5.224419e-03	-7.417223e-03	5.624507e-03	1.590550e-02	-1.556773e-02	1.769970e-01	-2.359526e-01	3.040752e-01	5.503005e-02	-1.259258e-01	2.148466e-01	1.632213e-01	-1.672061e-01	1.634101e-01	-3.913492e-02	-2.763570e-02	1.000000e+00	-9.830597e-01	9.146802e-01	-7.323897e-01	5.593940e-01	
-1.927689e-02	7.397191e-03	5.200735e-01	-4.043545e-01	-1.492336e-03	3.892980e-03	-1.429438e-03	-2.801651e-02	2.591658e-02	-2.265094e-01	3.016085e-01	-3.885283e-01	-6.928856e-02	1.621866e-01	-2.775844e-01	-1.966419e-01	2.048992e-01	-2.033443e-01	4.889336e-02	3.109083e-02	-9.830597e-01	1.000000e+00	-9.724754e-01	6.727174e-01	-4.885852e-01	
-4.419863e-03	1.466677e-02	-6.529918e-01	5.073491e-01	-4.838528e-03	2.508466e-03	-5.929969e-03	4.249069e-02	-3.750913e-02	2.857617e-01	-3.798070e-01	4.890269e-01	8.239993e-02	-2.018484e-01	3.570350e-01	2.259140e-01	-2.386539e-01	2.396862e-01	-5.971019e-02	-3.030054e-02	9.146802e-01	-9.724754e-01	1.000000e+00	-5.502313e-01	3.604258e-01	
1.296236e-01	-5.212929e-02	-1.074245e-01	8.637154e-02	-1.224581e-02	1.306237e-02	-1.524445e-02	3.851711e-02	-3.085129e-02	4.311729e-02	-5.407347e-02	6.405667e-02	2.298712e-02	-3.941691e-02	4.470989e-02	1.525411e-02	-3.054491e-02	4.090786e-02	8.022899e-02	-1.034624e-01	-7.323897e-01	6.727174e-01	-5.502313e-01	1.000000e+00	-9.621648e-01	
-1.173667e-01	1.901868e-02	2.536147e-01	-1.988675e-01	1.410937e-02	-1.456325e-02	1.789052e-02	-5.470909e-02	4.545098e-02	-1.091390e-01	1.422695e-01	-1.781138e-01	-3.984456e-02	8.564982e-02	-1.108716e-01	-4.486784e-02	6.864671e-02	-8.387964e-02	-1.506159e-01	2.104155e-01	5.593940e-01	-4.885852e-01	3.604258e-01	-9.621648e-01	1.000000e+00	

Time taken for mcmc chain: 1.045833 hours
