Number of steps: 22296918
Number of accepted steps: 960000
Burn-in number of steps: 320000
Accepted fraction of steps: 0.043055
Convergence Status
R[0]= 1.002147	R[1]= 1.001851	R[2]= 1.000755	R[3]= 1.000244	R[4]= 1.000119	R[5]= 1.000261	R[6]= 1.000515	R[7]= 1.000336	R[8]= 1.000638	R[9]= 1.001237	R[10]= 1.001427	R[11]= 1.001744	R[12]= 1.000283	R[13]= 1.000227	R[14]= 1.000553	R[15]= 1.001294	R[16]= 1.001255	R[17]= 1.001132	R[18]= 1.000471	R[19]= 1.000352	R[20]= 1.000148	R[21]= 1.000239	R[22]= 1.000518	R[23]= 1.000118	R[24]= 1.000170	
<R>= 1.000721

Mean parameters
A[0]= 9.249821e-01 pm 3.500133e-02
A[1]= 1.047288e+00 pm 2.990376e-02
A[2]= 6.327352e-01 pm 4.349556e-01
A[3]= 3.545955e+00 pm 1.186235e+00
A[4]= -3.853230e+03 pm 3.778547e+03
A[5]= 1.904407e+03 pm 2.478730e+03
A[6]= -1.295519e+00 pm 5.801475e+02
A[7]= 1.647208e+01 pm 1.313342e+01
A[8]= -2.662651e-01 pm 1.799112e-01
A[9]= -3.768694e+03 pm 8.380606e+03
A[10]= 1.580113e+03 pm 5.029033e+03
A[11]= -4.122790e+02 pm 1.055581e+03
A[12]= 1.911754e+01 pm 4.828267e+01
A[13]= -5.590075e-01 pm 9.310975e-01
A[14]= 5.067642e+00 pm 1.647317e+00
A[15]= -6.636975e+03 pm 5.261035e+03
A[16]= 4.825323e+03 pm 3.462902e+03
A[17]= -8.394505e+02 pm 8.134888e+02
A[18]= 1.635826e+00 pm 1.949846e+01
A[19]= 1.477767e-01 pm 2.678943e-01
A[20]= 6.092995e+03 pm 1.157376e+04
A[21]= -3.459839e+03 pm 7.033993e+03
A[22]= 2.564558e+02 pm 1.501046e+03
A[23]= -4.866567e+01 pm 6.715802e+01
A[24]= 6.790793e-01 pm 1.319926e+00

Best-fitting parameters
A[0]= 9.487151e-01
A[1]= 1.040093e+00
A[2]= 4.546209e-01
A[3]= 3.997432e+00
A[4]= -5.962834e+03
A[5]= 3.110193e+03
A[6]= -2.419962e+02
A[7]= 2.434417e+01
A[8]= -3.496761e-01
A[9]= -9.109908e+02
A[10]= -1.723868e+02
A[11]= -7.983308e+01
A[12]= 1.177564e+01
A[13]= -4.955887e-01
A[14]= 5.001100e+00
A[15]= -5.387793e+03
A[16]= 3.828153e+03
A[17]= -5.832138e+02
A[18]= 2.381728e+00
A[19]= 1.226692e-01
A[20]= 1.218532e+04
A[21]= -6.953302e+03
A[22]= 8.953640e+02
A[23]= -5.335699e+01
A[24]= 6.126026e-01
chi2_min= 8.739002e+01


Cross-Covariance parameters
1.000000e+00	-5.150209e-01	-1.430745e-01	7.426422e-02	2.797957e-02	-2.710148e-02	1.815860e-02	6.528043e-02	-5.637436e-02	-1.973134e-02	3.255553e-02	-6.491256e-02	1.430928e-01	-1.126760e-01	5.723325e-02	5.044861e-02	-5.298253e-02	4.711686e-02	7.818948e-02	-8.067939e-02	-1.845149e-03	1.339962e-02	-4.640092e-02	1.445785e-01	-1.190746e-01	
-5.150209e-01	1.000000e+00	1.786497e-01	-1.635234e-01	-3.797937e-02	4.693030e-02	-6.198352e-02	1.376029e-01	-1.201539e-01	2.318886e-02	-2.673116e-02	3.863111e-02	-1.253455e-01	7.558263e-02	-2.401124e-01	1.669013e-02	-1.652641e-02	9.435693e-03	1.375063e-01	-1.458292e-01	-4.364865e-03	-2.521396e-03	2.269233e-02	-8.617637e-02	4.779274e-02	
-1.430745e-01	1.786497e-01	1.000000e+00	-6.968531e-01	-8.495726e-03	1.264246e-02	-8.556954e-03	-4.329497e-02	3.490924e-02	-3.891024e-01	5.047951e-01	-6.399751e-01	-1.140317e-01	2.558546e-01	-6.546900e-01	-1.135452e-01	1.209936e-01	-1.175324e-01	-2.576839e-02	5.863650e-02	-4.122345e-01	5.288798e-01	-6.621048e-01	-1.612018e-01	3.065295e-01	
7.426422e-02	-1.635234e-01	-6.968531e-01	1.000000e+00	-5.300343e-01	5.833599e-01	-6.237577e-01	1.651265e-01	1.146840e-01	2.149993e-01	-2.762105e-01	3.527313e-01	9.601675e-03	-6.706185e-02	4.789320e-01	7.371627e-02	-8.018754e-02	7.951234e-02	1.017174e-02	-3.446148e-02	2.900109e-01	-3.733150e-01	4.695438e-01	1.150561e-01	-2.182087e-01	
2.797957e-02	-3.797937e-02	-8.495726e-03	-5.300343e-01	1.000000e+00	-9.849812e-01	9.429716e-01	-6.539656e-01	2.632536e-01	4.424766e-02	-8.102259e-02	1.220533e-01	1.273692e-01	-1.190102e-01	8.733419e-03	1.225343e-02	-1.286331e-02	1.345981e-02	-1.690517e-02	1.404021e-02	9.609691e-03	-8.614683e-03	6.222490e-03	6.209858e-03	-5.587083e-03	
-2.710148e-02	4.693030e-02	1.264246e-02	5.833599e-01	-9.849812e-01	1.000000e+00	-9.857977e-01	6.006020e-01	-1.939415e-01	-5.357434e-02	9.409312e-02	-1.392955e-01	-1.388547e-01	1.426111e-01	-1.460528e-02	-1.242394e-02	1.263309e-02	-1.301255e-02	2.012203e-02	-1.743077e-02	-1.169993e-02	1.116357e-02	-9.205960e-03	-5.642483e-03	5.072308e-03	
1.815860e-02	-6.198352e-02	-8.556954e-03	-6.237577e-01	9.429716e-01	-9.857977e-01	1.000000e+00	-5.366030e-01	1.296434e-01	6.400499e-02	-1.058796e-01	1.522949e-01	1.365659e-01	-1.488655e-01	1.763761e-02	9.931641e-03	-9.664373e-03	1.011083e-02	-2.622240e-02	2.436131e-02	9.932924e-03	-8.911793e-03	6.459256e-03	3.001358e-03	-1.018809e-03	
6.528043e-02	1.376029e-01	-4.329497e-02	1.651265e-01	-6.539656e-01	6.006020e-01	-5.366030e-01	1.000000e+00	-8.821524e-01	1.298292e-01	-1.115764e-01	7.811928e-02	-8.903255e-02	-7.161349e-02	-6.729830e-03	1.861972e-02	-1.844337e-02	1.424886e-02	5.763149e-02	-6.286517e-02	2.377699e-02	-3.174759e-02	3.981687e-02	9.620087e-03	-2.392434e-02	
-5.637436e-02	-1.201539e-01	3.490924e-02	1.146840e-01	2.632536e-01	-1.939415e-01	1.296434e-01	-8.821524e-01	1.000000e+00	-1.743840e-01	1.714402e-01	-1.518947e-01	3.970434e-02	1.694104e-01	6.751243e-03	-2.191287e-02	2.139107e-02	-1.724356e-02	-4.399736e-02	5.059708e-02	-2.301504e-02	2.975608e-02	-3.611654e-02	-7.310533e-03	1.963059e-02	
-1.973134e-02	2.318886e-02	-3.891024e-01	2.149993e-01	4.424766e-02	-5.357434e-02	6.400499e-02	1.298292e-01	-1.743840e-01	1.000000e+00	-9.834451e-01	9.167565e-01	-7.546637e-01	5.648694e-01	2.623404e-01	3.924000e-02	-4.080950e-02	3.798909e-02	2.126428e-02	-3.141790e-02	1.705945e-01	-2.193021e-01	2.771815e-01	5.711511e-02	-1.227169e-01	
3.255553e-02	-2.673116e-02	5.047951e-01	-2.762105e-01	-8.102259e-02	9.409312e-02	-1.058796e-01	-1.115764e-01	1.714402e-01	-9.834451e-01	1.000000e+00	-9.731552e-01	7.031681e-01	-5.052706e-01	-3.402122e-01	-5.400416e-02	5.626663e-02	-5.281486e-02	-2.239151e-02	3.744868e-02	-2.232647e-01	2.867405e-01	-3.620531e-01	-7.215085e-02	1.570794e-01	
-6.491256e-02	3.863111e-02	-6.399751e-01	3.527313e-01	1.220533e-01	-1.392955e-01	1.522949e-01	7.811928e-02	-1.518947e-01	9.167565e-01	-9.731552e-01	1.000000e+00	-5.915873e-01	3.927075e-01	4.311430e-01	7.083682e-02	-7.414951e-02	7.034295e-02	2.262671e-02	-4.368265e-02	2.859876e-01	-3.673395e-01	4.640630e-01	8.727821e-02	-1.955812e-01	
1.430928e-01	-1.253455e-01	-1.140317e-01	9.601675e-03	1.273692e-01	-1.388547e-01	1.365659e-01	-8.903255e-02	3.970434e-02	-7.546637e-01	7.031681e-01	-5.915873e-01	1.000000e+00	-9.469309e-01	6.788242e-02	3.015888e-02	-3.370541e-02	3.523030e-02	-5.067831e-03	-5.784097e-03	4.320992e-02	-5.343835e-02	6.165056e-02	3.344247e-02	-4.179336e-02	
-1.126760e-01	7.558263e-02	2.558546e-01	-6.706185e-02	-1.190102e-01	1.426111e-01	-1.488655e-01	-7.161349e-02	1.694104e-01	5.648694e-01	-5.052706e-01	3.927075e-01	-9.469309e-01	1.000000e+00	-1.557567e-01	-5.045915e-02	5.491886e-02	-5.519501e-02	-5.320648e-03	2.281258e-02	-1.090808e-01	1.387385e-01	-1.703458e-01	-5.062206e-02	8.533237e-02	
5.723325e-02	-2.401124e-01	-6.546900e-01	4.789320e-01	8.733419e-03	-1.460528e-02	1.763761e-02	-6.729830e-03	6.751243e-03	2.623404e-01	-3.402122e-01	4.311430e-01	6.788242e-02	-1.557567e-01	1.000000e+00	-4.692977e-01	5.290512e-01	-5.763295e-01	4.428317e-02	1.963637e-01	1.663013e-01	-2.228079e-01	2.970539e-01	5.737343e-02	-1.042819e-01	
5.044861e-02	1.669013e-02	-1.135452e-01	7.371627e-02	1.225343e-02	-1.242394e-02	9.931641e-03	1.861972e-02	-2.191287e-02	3.924000e-02	-5.400416e-02	7.083682e-02	3.015888e-02	-5.045915e-02	-4.692977e-01	1.000000e+00	-9.837954e-01	9.383439e-01	-5.723937e-01	2.046264e-01	2.021095e-01	-2.411831e-01	2.744352e-01	4.184753e-02	-8.503086e-02	
-5.298253e-02	-1.652641e-02	1.209936e-01	-8.018754e-02	-1.286331e-02	1.263309e-02	-9.664373e-03	-1.844337e-02	2.139107e-02	-4.080950e-02	5.626663e-02	-7.414951e-02	-3.370541e-02	5.491886e-02	5.290512e-01	-9.837954e-01	1.000000e+00	-9.846407e-01	5.021495e-01	-1.196445e-01	-2.135418e-01	2.576481e-01	-2.957705e-01	-5.852904e-02	1.122051e-01	
4.711686e-02	9.435693e-03	-1.175324e-01	7.951234e-02	1.345981e-02	-1.301255e-02	1.011083e-02	1.424886e-02	-1.724356e-02	3.798909e-02	-5.281486e-02	7.034295e-02	3.523030e-02	-5.519501e-02	-5.763295e-01	9.383439e-01	-9.846407e-01	1.000000e+00	-4.217077e-01	3.891800e-02	2.162679e-01	-2.632162e-01	3.042410e-01	6.872784e-02	-1.287621e-01	
7.818948e-02	1.375063e-01	-2.576839e-02	1.017174e-02	-1.690517e-02	2.012203e-02	-2.622240e-02	5.763149e-02	-4.399736e-02	2.126428e-02	-2.239151e-02	2.262671e-02	-5.067831e-03	-5.320648e-03	4.428317e-02	-5.723937e-01	5.021495e-01	-4.217077e-01	1.000000e+00	-9.047358e-01	-1.727482e-02	2.111187e-02	-2.628568e-02	8.460385e-02	-1.620401e-01	
-8.067939e-02	-1.458292e-01	5.863650e-02	-3.446148e-02	1.404021e-02	-1.743077e-02	2.436131e-02	-6.286517e-02	5.059708e-02	-3.141790e-02	3.744868e-02	-4.368265e-02	-5.784097e-03	2.281258e-02	1.963637e-01	2.046264e-01	-1.196445e-01	3.891800e-02	-9.047358e-01	1.000000e+00	-6.844281e-02	8.073891e-02	-8.799108e-02	-1.167894e-01	2.349434e-01	
-1.845149e-03	-4.364865e-03	-4.122345e-01	2.900109e-01	9.609691e-03	-1.169993e-02	9.932924e-03	2.377699e-02	-2.301504e-02	1.705945e-01	-2.232647e-01	2.859876e-01	4.320992e-02	-1.090808e-01	1.663013e-01	2.021095e-01	-2.135418e-01	2.162679e-01	-1.727482e-02	-6.844281e-02	1.000000e+00	-9.833422e-01	9.174074e-01	-7.078793e-01	5.315881e-01	
1.339962e-02	-2.521396e-03	5.288798e-01	-3.733150e-01	-8.614683e-03	1.116357e-02	-8.911793e-03	-3.174759e-02	2.975608e-02	-2.193021e-01	2.867405e-01	-3.673395e-01	-5.343835e-02	1.387385e-01	-2.228079e-01	-2.411831e-01	2.576481e-01	-2.632162e-01	2.111187e-02	8.073891e-02	-9.833422e-01	1.000000e+00	-9.736570e-01	6.457165e-01	-4.589495e-01	
-4.640092e-02	2.269233e-02	-6.621048e-01	4.695438e-01	6.222490e-03	-9.205960e-03	6.459256e-03	3.981687e-02	-3.611654e-02	2.771815e-01	-3.620531e-01	4.640630e-01	6.165056e-02	-1.703458e-01	2.970539e-01	2.744352e-01	-2.957705e-01	3.042410e-01	-2.628568e-02	-8.799108e-02	9.174074e-01	-9.736570e-01	1.000000e+00	-5.256696e-01	3.342925e-01	
1.445785e-01	-8.617637e-02	-1.612018e-01	1.150561e-01	6.209858e-03	-5.642483e-03	3.001358e-03	9.620087e-03	-7.310533e-03	5.711511e-02	-7.215085e-02	8.727821e-02	3.344247e-02	-5.062206e-02	5.737343e-02	4.184753e-02	-5.852904e-02	6.872784e-02	8.460385e-02	-1.167894e-01	-7.078793e-01	6.457165e-01	-5.256696e-01	1.000000e+00	-9.622674e-01	
-1.190746e-01	4.779274e-02	3.065295e-01	-2.182087e-01	-5.587083e-03	5.072308e-03	-1.018809e-03	-2.392434e-02	1.963059e-02	-1.227169e-01	1.570794e-01	-1.955812e-01	-4.179336e-02	8.533237e-02	-1.042819e-01	-8.503086e-02	1.122051e-01	-1.287621e-01	-1.620401e-01	2.349434e-01	5.315881e-01	-4.589495e-01	3.342925e-01	-9.622674e-01	1.000000e+00	

Time taken for mcmc chain: 1.755833 hours
