Number of steps: 1056421
Number of accepted steps: 500000
Burn-in number of steps: 320000
Accepted fraction of steps: 0.473296
Convergence Status
R[0]= -nan	R[1]= -nan	R[2]= -nan	R[3]= -nan	R[4]= -nan	R[5]= -nan	R[6]= -nan	R[7]= -nan	R[8]= -nan	R[9]= -nan	R[10]= -nan	R[11]= -nan	R[12]= -nan	R[13]= -nan	R[14]= -nan	R[15]= -nan	R[16]= -nan	R[17]= -nan	R[18]= -nan	R[19]= -nan	R[20]= -nan	R[21]= -nan	R[22]= -nan	R[23]= -nan	R[24]= -nan	
<R>= -nan

Mean parameters
A[0]= 9.227752e-01 pm 1.230222e-01
A[1]= 9.195358e-01 pm 2.023762e-01
A[2]= 1.947451e-01 pm 2.356544e-01
A[3]= 4.435004e+00 pm 6.587428e-01
A[4]= -1.478907e+03 pm 3.289552e+03
A[5]= 2.050253e+02 pm 2.081877e+03
A[6]= 4.355420e+02 pm 5.063800e+02
A[7]= -1.305437e-01 pm 1.553842e+01
A[8]= -9.295539e-02 pm 1.693555e-01
A[9]= -8.310025e+02 pm 6.393839e+03
A[10]= -5.711279e+02 pm 3.682335e+03
A[11]= 9.781507e+01 pm 7.900356e+02
A[12]= 2.638826e+01 pm 4.735901e+01
A[13]= -6.032776e-01 pm 7.683284e-01
A[14]= 7.812257e+00 pm 4.294272e+00
A[15]= -1.200910e+04 pm 7.871347e+03
A[16]= 8.104540e+03 pm 5.517097e+03
A[17]= -1.692223e+03 pm 1.294977e+03
A[18]= -6.796828e+00 pm 1.415002e+01
A[19]= 2.487773e-01 pm 3.148060e-01
A[20]= -5.426112e+03 pm 4.750680e+03
A[21]= 3.047269e+03 pm 3.075168e+03
A[22]= -7.679199e+02 pm 7.921498e+02
A[23]= 3.068308e+01 pm 3.020074e+01
A[24]= -2.518777e-01 pm 6.215966e-01

Best-fitting parameters
A[0]= 7.448931e-01
A[1]= 1.226975e+00
A[2]= 5.673449e-01
A[3]= 3.653104e+00
A[4]= -6.036645e+03
A[5]= 3.520557e+03
A[6]= -4.551266e+02
A[7]= 2.512956e+01
A[8]= -3.538117e-01
A[9]= -3.039088e+03
A[10]= -5.263458e+02
A[11]= 5.042196e+02
A[12]= -2.973766e+00
A[13]= -7.071374e-01
A[14]= 9.682380e-01
A[15]= -2.996202e+02
A[16]= -2.184959e+02
A[17]= 2.570507e+02
A[18]= 1.195594e+01
A[19]= -2.033458e-01
A[20]= 1.517294e+01
A[21]= -1.113244e+03
A[22]= 3.820644e+02
A[23]= -1.024068e+01
A[24]= 8.637430e-02
chi2_min= 1.104549e+02


Cross-Covariance parameters
1.000000e+00	-9.511308e-01	-7.498150e-01	8.133505e-01	6.436373e-01	-7.169277e-01	7.864935e-01	-7.016018e-01	5.967301e-01	-3.763985e-02	2.271526e-01	-5.484592e-01	5.118795e-01	-2.085914e-01	8.183922e-01	-7.776924e-01	7.677535e-01	-7.451060e-01	-7.463763e-01	7.579533e-01	-4.491463e-01	6.243626e-01	-8.049191e-01	2.084519e-01	3.652708e-01	
-9.511308e-01	1.000000e+00	8.685924e-01	-8.444872e-01	-6.945199e-01	7.864158e-01	-8.757602e-01	7.500050e-01	-6.274256e-01	6.358720e-03	-1.851865e-01	4.969474e-01	-5.182912e-01	2.004050e-01	-9.157432e-01	8.863404e-01	-8.768117e-01	8.556387e-01	8.015852e-01	-8.522448e-01	4.525692e-01	-6.009117e-01	7.457317e-01	-2.467878e-01	-3.107487e-01	
-7.498150e-01	8.685924e-01	1.000000e+00	-8.183296e-01	-5.816582e-01	6.849690e-01	-7.876258e-01	5.959801e-01	-4.863274e-01	-1.366472e-01	1.429436e-03	2.493625e-01	-4.239167e-01	1.634397e-01	-9.367005e-01	9.057001e-01	-9.063253e-01	9.009633e-01	7.741499e-01	-8.846849e-01	3.205609e-01	-4.046690e-01	4.814946e-01	-3.132600e-01	-1.115166e-01	
8.133505e-01	-8.444872e-01	-8.183296e-01	1.000000e+00	4.395194e-01	-5.116106e-01	5.965670e-01	-5.957106e-01	5.497612e-01	-6.893071e-02	2.105879e-01	-4.519841e-01	5.103367e-01	-2.390390e-01	7.857624e-01	-7.492877e-01	7.414555e-01	-7.230211e-01	-7.030536e-01	7.419890e-01	-3.653008e-01	4.848983e-01	-6.074002e-01	1.942579e-01	2.834334e-01	
6.436373e-01	-6.945199e-01	-5.816582e-01	4.395194e-01	1.000000e+00	-9.830168e-01	9.211604e-01	-9.030184e-01	7.748454e-01	6.714734e-02	4.626820e-02	-2.643316e-01	2.484546e-01	4.937621e-02	6.457635e-01	-6.247118e-01	6.190148e-01	-6.061235e-01	-5.260367e-01	5.667525e-01	-2.949200e-01	3.930736e-01	-4.878680e-01	1.678921e-01	1.944489e-01	
-7.169277e-01	7.864158e-01	6.849690e-01	-5.116106e-01	-9.830168e-01	1.000000e+00	-9.760813e-01	9.155700e-01	-7.807405e-01	-8.328025e-02	-4.743717e-02	2.942111e-01	-3.025597e-01	-8.589557e-03	-7.422285e-01	7.203127e-01	-7.138106e-01	6.992084e-01	6.054637e-01	-6.591393e-01	3.398173e-01	-4.462110e-01	5.462189e-01	-2.190888e-01	-1.900994e-01	
7.864935e-01	-8.757602e-01	-7.876258e-01	5.965670e-01	9.211604e-01	-9.760813e-01	1.000000e+00	-8.926500e-01	7.570578e-01	9.572331e-02	5.140527e-02	-3.249740e-01	3.578567e-01	-3.688066e-02	8.368527e-01	-8.151668e-01	8.077395e-01	-7.913620e-01	-6.887372e-01	7.554461e-01	-3.841697e-01	4.978378e-01	-6.024151e-01	2.648971e-01	1.913172e-01	
-7.016018e-01	7.500050e-01	5.959801e-01	-5.957106e-01	-9.030184e-01	9.155700e-01	-8.926500e-01	1.000000e+00	-9.552172e-01	3.173628e-03	-1.319150e-01	3.623310e-01	-3.178762e-01	-2.154923e-02	-6.602106e-01	6.404924e-01	-6.295476e-01	6.082288e-01	5.508414e-01	-5.790185e-01	3.608385e-01	-4.741988e-01	5.821334e-01	-1.987375e-01	-2.146572e-01	
5.967301e-01	-6.274256e-01	-4.863274e-01	5.497612e-01	7.748454e-01	-7.807405e-01	7.570578e-01	-9.552172e-01	1.000000e+00	-4.634552e-02	1.557860e-01	-3.435209e-01	2.843326e-01	4.448766e-02	5.459964e-01	-5.310068e-01	5.203529e-01	-5.002927e-01	-4.558157e-01	4.758929e-01	-3.177182e-01	4.169750e-01	-5.114709e-01	1.741613e-01	1.831248e-01	
-3.763985e-02	6.358720e-03	-1.366472e-01	-6.893071e-02	6.714734e-02	-8.328025e-02	9.572331e-02	3.173628e-03	-4.634552e-02	1.000000e+00	-9.722755e-01	8.186942e-01	-7.441062e-01	7.615098e-01	5.410304e-02	-3.795219e-02	4.272141e-02	-4.682703e-02	1.908141e-04	2.989376e-02	1.499532e-01	-1.485894e-01	1.377055e-01	2.406552e-02	-7.094221e-02	
2.271526e-01	-1.851865e-01	1.429436e-03	2.105879e-01	4.626820e-02	-4.743717e-02	5.140527e-02	-1.319150e-01	1.557860e-01	-9.722755e-01	1.000000e+00	-9.276971e-01	8.579233e-01	-8.292201e-01	1.049883e-01	-1.135773e-01	1.086275e-01	-1.018522e-01	-1.400555e-01	1.163473e-01	-2.207833e-01	2.575850e-01	-2.852629e-01	3.824119e-03	1.512310e-01	
-5.484592e-01	4.969474e-01	2.493625e-01	-4.519841e-01	-2.643316e-01	2.942111e-01	-3.249740e-01	3.623310e-01	-3.435209e-01	8.186942e-01	-9.276971e-01	1.000000e+00	-9.342509e-01	8.139666e-01	-3.811672e-01	3.755918e-01	-3.688907e-01	3.558150e-01	3.805818e-01	-3.670640e-01	3.400636e-01	-4.387889e-01	5.307130e-01	-6.142230e-02	-2.765375e-01	
5.118795e-01	-5.182912e-01	-4.239167e-01	5.103367e-01	2.484546e-01	-3.025597e-01	3.578567e-01	-3.178762e-01	2.843326e-01	-7.441062e-01	8.579233e-01	-9.342509e-01	1.000000e+00	-9.150986e-01	4.943614e-01	-4.872431e-01	4.869660e-01	-4.827271e-01	-4.377141e-01	4.741924e-01	-2.872398e-01	3.621015e-01	-4.267832e-01	1.092808e-01	1.995487e-01	
-2.085914e-01	2.004050e-01	1.634397e-01	-2.390390e-01	4.937621e-02	-8.589557e-03	-3.688066e-02	-2.154923e-02	4.448766e-02	7.615098e-01	-8.292201e-01	8.139666e-01	-9.150986e-01	1.000000e+00	-2.137032e-01	2.143243e-01	-2.183177e-01	2.220397e-01	1.932481e-01	-2.152570e-01	1.311306e-01	-1.583908e-01	1.778342e-01	-2.329226e-02	-1.073675e-01	
8.183922e-01	-9.157432e-01	-9.367005e-01	7.857624e-01	6.457635e-01	-7.422285e-01	8.368527e-01	-6.602106e-01	5.459964e-01	5.410304e-02	1.049883e-01	-3.811672e-01	4.943614e-01	-2.137032e-01	1.000000e+00	-9.808871e-01	9.851610e-01	-9.830920e-01	-8.174428e-01	9.426066e-01	-4.246043e-01	5.235685e-01	-6.059453e-01	3.243137e-01	1.564214e-01	
-7.776924e-01	8.863404e-01	9.057001e-01	-7.492877e-01	-6.247118e-01	7.203127e-01	-8.151668e-01	6.404924e-01	-5.310068e-01	-3.795219e-02	-1.135773e-01	3.755918e-01	-4.872431e-01	2.143243e-01	-9.808871e-01	1.000000e+00	-9.980444e-01	9.916878e-01	7.116926e-01	-8.839334e-01	4.254798e-01	-5.165314e-01	5.876563e-01	-3.186343e-01	-1.348561e-01	
7.677535e-01	-8.768117e-01	-9.063253e-01	7.414555e-01	6.190148e-01	-7.138106e-01	8.077395e-01	-6.295476e-01	5.203529e-01	4.272141e-02	1.086275e-01	-3.688907e-01	4.869660e-01	-2.183177e-01	9.851610e-01	-9.980444e-01	1.000000e+00	-9.976815e-01	-7.248391e-01	8.961690e-01	-4.211932e-01	5.102884e-01	-5.780660e-01	3.234588e-01	1.238436e-01	
-7.451060e-01	8.556387e-01	9.009633e-01	-7.230211e-01	-6.061235e-01	6.992084e-01	-7.913620e-01	6.082288e-01	-5.002927e-01	-4.682703e-02	-1.018522e-01	3.558150e-01	-4.827271e-01	2.220397e-01	-9.830920e-01	9.916878e-01	-9.976815e-01	1.000000e+00	7.277640e-01	-9.013873e-01	4.119387e-01	-4.960579e-01	5.571023e-01	-3.285015e-01	-1.042312e-01	
-7.463763e-01	8.015852e-01	7.741499e-01	-7.030536e-01	-5.260367e-01	6.054637e-01	-6.887372e-01	5.508414e-01	-4.558157e-01	1.908141e-04	-1.400555e-01	3.805818e-01	-4.377141e-01	1.932481e-01	-8.174428e-01	7.116926e-01	-7.248391e-01	7.277640e-01	1.000000e+00	-9.444750e-01	3.586838e-01	-4.590768e-01	5.551835e-01	-2.219297e-01	-2.493513e-01	
7.579533e-01	-8.522448e-01	-8.846849e-01	7.419890e-01	5.667525e-01	-6.591393e-01	7.554461e-01	-5.790185e-01	4.758929e-01	2.989376e-02	1.163473e-01	-3.670640e-01	4.741924e-01	-2.152570e-01	9.426066e-01	-8.839334e-01	8.961690e-01	-9.013873e-01	-9.444750e-01	1.000000e+00	-3.908015e-01	4.800988e-01	-5.547055e-01	2.893746e-01	1.769344e-01	
-4.491463e-01	4.525692e-01	3.205609e-01	-3.653008e-01	-2.949200e-01	3.398173e-01	-3.841697e-01	3.608385e-01	-3.177182e-01	1.499532e-01	-2.207833e-01	3.400636e-01	-2.872398e-01	1.311306e-01	-4.246043e-01	4.254798e-01	-4.211932e-01	4.119387e-01	3.586838e-01	-3.908015e-01	1.000000e+00	-9.671918e-01	8.401159e-01	-8.049730e-01	4.232977e-01	
6.243626e-01	-6.009117e-01	-4.046690e-01	4.848983e-01	3.930736e-01	-4.462110e-01	4.978378e-01	-4.741988e-01	4.169750e-01	-1.485894e-01	2.575850e-01	-4.387889e-01	3.621015e-01	-1.583908e-01	5.235685e-01	-5.165314e-01	5.102884e-01	-4.960579e-01	-4.590768e-01	4.800988e-01	-9.671918e-01	1.000000e+00	-9.487309e-01	7.529925e-01	-2.889945e-01	
-8.049191e-01	7.457317e-01	4.814946e-01	-6.074002e-01	-4.878680e-01	5.462189e-01	-6.024151e-01	5.821334e-01	-5.114709e-01	1.377055e-01	-2.852629e-01	5.307130e-01	-4.267832e-01	1.778342e-01	-6.059453e-01	5.876563e-01	-5.780660e-01	5.571023e-01	5.551835e-01	-5.547055e-01	8.401159e-01	-9.487309e-01	1.000000e+00	-5.961090e-01	6.103304e-02	
2.084519e-01	-2.467878e-01	-3.132600e-01	1.942579e-01	1.678921e-01	-2.190888e-01	2.648971e-01	-1.987375e-01	1.741613e-01	2.406552e-02	3.824119e-03	-6.142230e-02	1.092808e-01	-2.329226e-02	3.243137e-01	-3.186343e-01	3.234588e-01	-3.285015e-01	-2.219297e-01	2.893746e-01	-8.049730e-01	7.529925e-01	-5.961090e-01	1.000000e+00	-8.115049e-01	
3.652708e-01	-3.107487e-01	-1.115166e-01	2.834334e-01	1.944489e-01	-1.900994e-01	1.913172e-01	-2.146572e-01	1.831248e-01	-7.094221e-02	1.512310e-01	-2.765375e-01	1.995487e-01	-1.073675e-01	1.564214e-01	-1.348561e-01	1.238436e-01	-1.042312e-01	-2.493513e-01	1.769344e-01	4.232977e-01	-2.889945e-01	6.103304e-02	-8.115049e-01	1.000000e+00	

Time taken for mcmc chain: 9.650000 minutes
