Number of steps: 9634932
Number of accepted steps: 960000
Burn-in number of steps: 320000
Accepted fraction of steps: 0.099637
Convergence Status
R[0]= 1.001537	R[1]= 1.001452	R[2]= 1.013095	R[3]= 1.008988	R[4]= 1.003150	R[5]= 1.003693	R[6]= 1.004005	R[7]= 1.001005	R[8]= 1.000068	R[9]= 1.001577	R[10]= 1.002588	R[11]= 1.003759	R[12]= 1.000576	R[13]= 1.000693	R[14]= 1.009984	R[15]= 1.003514	R[16]= 1.004227	R[17]= 1.004852	R[18]= 1.001309	R[19]= 1.000545	R[20]= 1.000475	R[21]= 1.000698	R[22]= 1.001063	R[23]= 1.000559	R[24]= 1.000897	
<R>= 1.002972

Mean parameters
A[0]= 9.897623e-01 pm 2.974217e-02
A[1]= 1.065306e+00 pm 2.334245e-02
A[2]= 6.139364e-01 pm 3.909175e-01
A[3]= 4.106573e+00 pm 1.141242e+00
A[4]= -2.699229e+03 pm 3.688186e+03
A[5]= 1.827978e+03 pm 2.413823e+03
A[6]= -9.596647e+01 pm 5.686940e+02
A[7]= 2.138834e+00 pm 1.332299e+01
A[8]= -9.500176e-03 pm 1.774806e-01
A[9]= 6.335349e+03 pm 8.647634e+03
A[10]= -3.680606e+03 pm 5.294330e+03
A[11]= 4.643630e+02 pm 1.151200e+03
A[12]= -5.701814e+01 pm 4.804255e+01
A[13]= 1.197763e+00 pm 9.254557e-01
A[14]= 5.256550e+00 pm 1.629930e+00
A[15]= -4.812519e+03 pm 5.153287e+03
A[16]= 4.296412e+03 pm 3.378688e+03
A[17]= -8.612177e+02 pm 7.998538e+02
A[18]= 2.609184e+00 pm 1.950406e+01
A[19]= 9.942138e-02 pm 2.556648e-01
A[20]= 1.496974e+04 pm 1.164536e+04
A[21]= -7.709593e+03 pm 7.037375e+03
A[22]= 8.424684e+02 pm 1.494760e+03
A[23]= -7.989181e+01 pm 6.691028e+01
A[24]= 1.028026e+00 pm 1.286480e+00

Best-fitting parameters
A[0]= 9.937009e-01
A[1]= 1.049758e+00
A[2]= 3.917011e-01
A[3]= 4.670779e+00
A[4]= -2.469455e+03
A[5]= 1.752296e+03
A[6]= -9.467250e+01
A[7]= 2.014172e+00
A[8]= -4.117694e-02
A[9]= 4.663970e+03
A[10]= -3.147858e+03
A[11]= 4.844419e+02
A[12]= -2.562233e+01
A[13]= 4.644666e-01
A[14]= 5.206504e+00
A[15]= -1.434080e+03
A[16]= 1.891297e+03
A[17]= -2.540804e+02
A[18]= -1.409733e+01
A[19]= 2.515297e-01
A[20]= 1.335483e+04
A[21]= -7.438600e+03
A[22]= 1.013155e+03
A[23]= -4.988953e+01
A[24]= 4.403736e-01
chi2_min= 1.035316e+02


Cross-Covariance parameters
1.000000e+00	-4.645787e-01	-1.696817e-01	9.551528e-02	3.461635e-02	-3.980993e-02	3.432706e-02	7.073888e-02	-7.377407e-02	-8.016318e-03	4.517785e-03	-1.544239e-02	1.484779e-01	-1.305566e-01	6.212019e-02	6.130188e-02	-6.483728e-02	5.914146e-02	6.494708e-02	-7.938923e-02	2.437443e-02	-2.327057e-02	5.168373e-03	1.268024e-01	-1.187547e-01	
-4.645787e-01	1.000000e+00	1.324990e-01	-1.752239e-01	1.036157e-02	-3.206548e-03	-1.205492e-02	1.034810e-01	-1.073146e-01	2.731967e-03	-8.077485e-03	2.183207e-02	-7.617116e-02	3.129009e-02	-1.607884e-01	1.017976e-02	-3.166681e-03	-9.919208e-03	1.033897e-01	-1.075179e-01	-1.244210e-02	6.611697e-03	1.122984e-02	-5.826587e-02	3.011385e-02	
-1.696817e-01	1.324990e-01	1.000000e+00	-7.341758e-01	-4.998723e-02	5.384694e-02	-4.936895e-02	-1.631057e-02	2.665632e-02	-4.477250e-01	5.721528e-01	-7.084935e-01	-5.073396e-02	2.279820e-01	-7.290993e-01	6.138295e-02	-6.737204e-02	7.741368e-02	-5.583002e-02	1.176694e-02	-3.916997e-01	5.017118e-01	-6.364355e-01	-7.704209e-02	2.244048e-01	
9.551528e-02	-1.752239e-01	-7.341758e-01	1.000000e+00	-4.658620e-01	5.189154e-01	-5.610944e-01	1.877848e-01	6.089874e-02	2.687425e-01	-3.382179e-01	4.155437e-01	-4.722013e-03	-8.492779e-02	5.567452e-01	-5.019953e-02	5.524021e-02	-6.205920e-02	2.669502e-02	6.006695e-03	2.948221e-01	-3.750264e-01	4.727656e-01	5.238977e-02	-1.622672e-01	
3.461635e-02	1.036157e-02	-4.998723e-02	-4.658620e-01	1.000000e+00	-9.842748e-01	9.390831e-01	-7.067936e-01	3.360508e-01	6.859093e-02	-1.140825e-01	1.663806e-01	9.163075e-02	-8.971583e-02	3.505963e-02	1.569464e-02	-1.832000e-02	1.964252e-02	7.632456e-04	-7.510439e-03	2.175956e-02	-3.222556e-02	4.531610e-02	1.514266e-02	-2.428228e-02	
-3.980993e-02	-3.206548e-03	5.384694e-02	5.189154e-01	-9.842748e-01	1.000000e+00	-9.845039e-01	6.617049e-01	-2.725617e-01	-7.934733e-02	1.286299e-01	-1.852934e-01	-1.005904e-01	1.116925e-01	-3.849623e-02	-1.703232e-02	1.982865e-02	-2.139330e-02	6.605306e-04	6.477053e-03	-2.367870e-02	3.483931e-02	-4.870728e-02	-1.579069e-02	2.542824e-02	
3.432706e-02	-1.205492e-02	-4.936895e-02	-5.610944e-01	9.390831e-01	-9.845039e-01	1.000000e+00	-5.996353e-01	2.075976e-01	9.197260e-02	-1.421879e-01	1.996683e-01	9.610106e-02	-1.172689e-01	3.825158e-02	1.630162e-02	-1.922570e-02	2.135043e-02	-4.801472e-03	-2.144218e-03	2.245950e-02	-3.314760e-02	4.643155e-02	1.391668e-02	-2.247100e-02	
7.073888e-02	1.034810e-01	-1.631057e-02	1.877848e-01	-7.067936e-01	6.617049e-01	-5.996353e-01	1.000000e+00	-8.839111e-01	8.692323e-02	-6.075908e-02	2.048810e-02	-6.740808e-02	-7.966108e-02	-1.120547e-02	1.283379e-03	6.974701e-04	-4.925705e-03	3.363693e-02	-2.986256e-02	4.391651e-03	-3.774905e-03	2.394916e-03	7.589620e-03	-1.317990e-02	
-7.377407e-02	-1.073146e-01	2.665632e-02	6.089874e-02	3.360508e-01	-2.725617e-01	2.075976e-01	-8.839111e-01	1.000000e+00	-1.446550e-01	1.365647e-01	-1.141214e-01	3.451086e-02	1.694887e-01	3.906734e-03	-1.103980e-02	1.045493e-02	-7.237498e-03	-2.778176e-02	2.772079e-02	-8.787855e-03	1.199521e-02	-1.574085e-02	-1.333829e-02	2.123455e-02	
-8.016318e-03	2.731967e-03	-4.477250e-01	2.687425e-01	6.859093e-02	-7.934733e-02	9.197260e-02	8.692323e-02	-1.446550e-01	1.000000e+00	-9.819444e-01	9.115916e-01	-7.637130e-01	5.567650e-01	3.362313e-01	-2.912791e-02	3.165106e-02	-3.623428e-02	1.614457e-02	5.215314e-03	1.968249e-01	-2.482146e-01	3.118291e-01	1.451007e-02	-8.764839e-02	
4.517785e-03	-8.077485e-03	5.721528e-01	-3.382179e-01	-1.140825e-01	1.286299e-01	-1.421879e-01	-6.075908e-02	1.365647e-01	-9.819444e-01	1.000000e+00	-9.721485e-01	7.045983e-01	-4.860408e-01	-4.278805e-01	3.503424e-02	-3.821748e-02	4.398081e-02	-2.423216e-02	-1.332777e-03	-2.469519e-01	3.136135e-01	-3.964095e-01	-2.379958e-02	1.172723e-01	
-1.544239e-02	2.183207e-02	-7.084935e-01	4.155437e-01	1.663806e-01	-1.852934e-01	1.996683e-01	2.048810e-02	-1.141214e-01	9.115916e-01	-9.721485e-01	1.000000e+00	-5.820916e-01	3.592223e-01	5.291389e-01	-4.211617e-02	4.610798e-02	-5.309830e-02	3.298793e-02	-2.851724e-03	3.021600e-01	-3.860734e-01	4.908166e-01	3.303391e-02	-1.494263e-01	
1.484779e-01	-7.617116e-02	-5.073396e-02	-4.722013e-03	9.163075e-02	-1.005904e-01	9.610106e-02	-6.740808e-02	3.451086e-02	-7.637130e-01	7.045983e-01	-5.820916e-01	1.000000e+00	-9.413757e-01	2.884419e-02	1.289863e-02	-1.313759e-02	1.245673e-02	1.406454e-02	-1.914532e-02	1.465631e-03	-6.660027e-03	1.149871e-02	3.616022e-02	-3.881706e-02	
-1.305566e-01	3.129009e-02	2.279820e-01	-8.492779e-02	-8.971583e-02	1.116925e-01	-1.172689e-01	-7.966108e-02	1.694887e-01	5.567650e-01	-4.860408e-01	3.592223e-01	-9.413757e-01	1.000000e+00	-1.583685e-01	-3.062419e-03	1.852947e-03	1.361829e-03	-2.659135e-02	2.386471e-02	-7.663714e-02	1.035462e-01	-1.360636e-01	-4.501123e-02	7.862371e-02	
6.212019e-02	-1.607884e-01	-7.290993e-01	5.567452e-01	3.505963e-02	-3.849623e-02	3.825158e-02	-1.120547e-02	3.906734e-03	3.362313e-01	-4.278805e-01	5.291389e-01	2.884419e-02	-1.583685e-01	1.000000e+00	-5.297765e-01	5.968025e-01	-6.484321e-01	1.465445e-01	1.323421e-01	1.840927e-01	-2.428059e-01	3.211967e-01	4.687145e-02	-1.119840e-01	
6.130188e-02	1.017976e-02	6.138295e-02	-5.019953e-02	1.569464e-02	-1.703232e-02	1.630162e-02	1.283379e-03	-1.103980e-02	-2.912791e-02	3.503424e-02	-4.211617e-02	1.289863e-02	-3.062419e-03	-5.297765e-01	1.000000e+00	-9.827050e-01	9.328234e-01	-6.747253e-01	3.185612e-01	1.450053e-01	-1.704310e-01	1.917294e-01	-2.746236e-02	8.133338e-03	
-6.483728e-02	-3.166681e-03	-6.737204e-02	5.524021e-02	-1.832000e-02	1.982865e-02	-1.922570e-02	6.974701e-04	1.045493e-02	3.165106e-02	-3.821748e-02	4.610798e-02	-1.313759e-02	1.852947e-03	5.968025e-01	-9.827050e-01	1.000000e+00	-9.829189e-01	6.164345e-01	-2.400258e-01	-1.537071e-01	1.835323e-01	-2.095706e-01	1.957888e-02	8.473359e-03	
5.914146e-02	-9.919208e-03	7.741368e-02	-6.205920e-02	1.964252e-02	-2.139330e-02	2.135043e-02	-4.925705e-03	-7.237498e-03	-3.623428e-02	4.398081e-02	-5.309830e-02	1.245673e-02	1.361829e-03	-6.484321e-01	9.328234e-01	-9.829189e-01	1.000000e+00	-5.385720e-01	1.571451e-01	1.557950e-01	-1.883515e-01	2.176055e-01	-1.460207e-02	-1.924995e-02	
6.494708e-02	1.033897e-01	-5.583002e-02	2.669502e-02	7.632456e-04	6.605306e-04	-4.801472e-03	3.363693e-02	-2.778176e-02	1.614457e-02	-2.423216e-02	3.298793e-02	1.406454e-02	-2.659135e-02	1.465445e-01	-6.747253e-01	6.164345e-01	-5.385720e-01	1.000000e+00	-8.989775e-01	-3.762687e-02	4.578336e-02	-5.349912e-02	9.204327e-02	-1.634215e-01	
-7.938923e-02	-1.075179e-01	1.176694e-02	6.006695e-03	-7.510439e-03	6.477053e-03	-2.144218e-03	-2.986256e-02	2.772079e-02	5.215314e-03	-1.332777e-03	-2.851724e-03	-1.914532e-02	2.386471e-02	1.323421e-01	3.185612e-01	-2.400258e-01	1.571451e-01	-8.989775e-01	1.000000e+00	-2.681813e-02	2.926605e-02	-2.897283e-02	-9.747577e-02	2.053042e-01	
2.437443e-02	-1.244210e-02	-3.916997e-01	2.948221e-01	2.175956e-02	-2.367870e-02	2.245950e-02	4.391651e-03	-8.787855e-03	1.968249e-01	-2.469519e-01	3.021600e-01	1.465631e-03	-7.663714e-02	1.840927e-01	1.450053e-01	-1.537071e-01	1.557950e-01	-3.762687e-02	-2.681813e-02	1.000000e+00	-9.843358e-01	9.192344e-01	-7.763622e-01	6.136310e-01	
-2.327057e-02	6.611697e-03	5.017118e-01	-3.750264e-01	-3.222556e-02	3.483931e-02	-3.314760e-02	-3.774905e-03	1.199521e-02	-2.482146e-01	3.136135e-01	-3.860734e-01	-6.660027e-03	1.035462e-01	-2.428059e-01	-1.704310e-01	1.835323e-01	-1.883515e-01	4.578336e-02	2.926605e-02	-9.843358e-01	1.000000e+00	-9.734120e-01	7.293136e-01	-5.555793e-01	
5.168373e-03	1.122984e-02	-6.364355e-01	4.727656e-01	4.531610e-02	-4.870728e-02	4.643155e-02	2.394916e-03	-1.574085e-02	3.118291e-01	-3.964095e-01	4.908166e-01	1.149871e-02	-1.360636e-01	3.211967e-01	1.917294e-01	-2.095706e-01	2.176055e-01	-5.349912e-02	-2.897283e-02	9.192344e-01	-9.734120e-01	1.000000e+00	-6.195946e-01	4.387288e-01	
1.268024e-01	-5.826587e-02	-7.704209e-02	5.238977e-02	1.514266e-02	-1.579069e-02	1.391668e-02	7.589620e-03	-1.333829e-02	1.451007e-02	-2.379958e-02	3.303391e-02	3.616022e-02	-4.501123e-02	4.687145e-02	-2.746236e-02	1.957888e-02	-1.460207e-02	9.204327e-02	-9.747577e-02	-7.763622e-01	7.293136e-01	-6.195946e-01	1.000000e+00	-9.621814e-01	
-1.187547e-01	3.011385e-02	2.244048e-01	-1.622672e-01	-2.428228e-02	2.542824e-02	-2.247100e-02	-1.317990e-02	2.123455e-02	-8.764839e-02	1.172723e-01	-1.494263e-01	-3.881706e-02	7.862371e-02	-1.119840e-01	8.133338e-03	8.473359e-03	-1.924995e-02	-1.634215e-01	2.053042e-01	6.136310e-01	-5.555793e-01	4.387288e-01	-9.621814e-01	1.000000e+00	

Time taken for mcmc chain: 45.333333 minutes
