Number of steps: 2609130
Number of accepted steps: 960000
Burn-in number of steps: 320000
Accepted fraction of steps: 0.367939
Convergence Status
R[0]= 1.021820	R[1]= 1.052773	R[2]= 1.048948	R[3]= 1.033169	R[4]= 1.001589	R[5]= 1.002286	R[6]= 1.003052	R[7]= 1.002900	R[8]= 1.003449	R[9]= 1.005546	R[10]= 1.008317	R[11]= 1.014278	R[12]= 1.001211	R[13]= 1.001793	R[14]= 1.025192	R[15]= 1.020258	R[16]= 1.017286	R[17]= 1.014488	R[18]= 1.009306	R[19]= 1.009128	R[20]= 1.034506	R[21]= 1.032391	R[22]= 1.028856	R[23]= 1.018350	R[24]= 1.017437	
<R>= 1.017133

Mean parameters
A[0]= 8.969444e-01 pm 3.546564e-02
A[1]= 1.025552e+00 pm 3.445196e-02
A[2]= 7.632865e-01 pm 5.151476e-01
A[3]= 3.066984e+00 pm 1.218353e+00
A[4]= -2.857744e+03 pm 3.964527e+03
A[5]= 1.145551e+03 pm 2.593122e+03
A[6]= 1.855397e+02 pm 6.011622e+02
A[7]= 1.658940e+01 pm 1.287347e+01
A[8]= -3.075251e-01 pm 1.826415e-01
A[9]= -3.878631e+03 pm 8.194407e+03
A[10]= 1.722592e+03 pm 4.882836e+03
A[11]= -4.730118e+02 pm 1.009959e+03
A[12]= 1.742557e+01 pm 4.779740e+01
A[13]= -5.643162e-01 pm 9.338214e-01
A[14]= 4.781314e+00 pm 1.718149e+00
A[15]= -8.637169e+03 pm 5.344400e+03
A[16]= 5.753334e+03 pm 3.576741e+03
A[17]= -9.766920e+02 pm 8.446972e+02
A[18]= 9.143472e+00 pm 1.920544e+01
A[19]= 3.798609e-02 pm 2.807992e-01
A[20]= -3.561428e+03 pm 1.224234e+04
A[21]= 1.974359e+03 pm 7.531383e+03
A[22]= -7.551486e+02 pm 1.618233e+03
A[23]= -7.458258e+00 pm 6.857805e+01
A[24]= -4.276775e-02 pm 1.383241e+00

Best-fitting parameters
A[0]= 8.968895e-01
A[1]= 1.017534e+00
A[2]= 4.926582e-01
A[3]= 3.233701e+00
A[4]= -2.971501e+03
A[5]= 1.062490e+03
A[6]= 2.339349e+02
A[7]= 2.167617e+01
A[8]= -4.248178e-01
A[9]= -4.571166e+02
A[10]= -2.409369e+02
A[11]= -1.035181e+02
A[12]= 2.643561e+01
A[13]= -1.054339e+00
A[14]= 4.979273e+00
A[15]= -6.085260e+03
A[16]= 4.102406e+03
A[17]= -6.214058e+02
A[18]= 4.839453e+00
A[19]= 8.189790e-02
A[20]= 4.595856e+03
A[21]= -2.885155e+03
A[22]= 2.512979e+02
A[23]= -2.374751e+01
A[24]= 1.749701e-01
chi2_min= 8.164896e+01


Cross-Covariance parameters
1.000000e+00	-5.304336e-01	-2.027432e-01	1.338873e-01	2.323561e-02	-2.407989e-02	1.820539e-02	4.351311e-02	-2.676827e-02	4.780308e-02	-3.766747e-02	8.144169e-03	1.055273e-01	-8.322645e-02	5.350909e-02	1.596860e-01	-1.591792e-01	1.493800e-01	2.006911e-02	-5.983848e-02	9.645706e-02	-8.690247e-02	5.183904e-02	1.141071e-01	-1.085033e-01	
-5.304336e-01	1.000000e+00	1.868317e-01	-1.578484e-01	-1.104734e-01	1.119174e-01	-1.182095e-01	1.639570e-01	-1.185025e-01	-3.543032e-02	3.188235e-02	-1.865560e-02	-1.045194e-01	6.477197e-02	-2.281484e-01	-4.714214e-02	4.790576e-02	-5.625781e-02	1.811355e-01	-1.478098e-01	-4.082446e-02	3.581583e-02	-1.449157e-02	-7.796261e-02	5.306476e-02	
-2.027432e-01	1.868317e-01	1.000000e+00	-7.041560e-01	2.518559e-02	-2.944501e-02	4.081198e-02	-6.295908e-02	2.281353e-02	-3.575867e-01	4.633188e-01	-5.915112e-01	-1.525136e-01	2.583854e-01	-6.627604e-01	-1.439427e-01	1.596748e-01	-1.630808e-01	-9.736406e-02	1.365571e-01	-4.762791e-01	5.846965e-01	-6.989351e-01	-1.940474e-01	3.466402e-01	
1.338873e-01	-1.578484e-01	-7.041560e-01	1.000000e+00	-5.466578e-01	5.988070e-01	-6.402194e-01	1.148515e-01	1.869677e-01	1.604165e-01	-2.148126e-01	2.885080e-01	2.182165e-02	-3.732880e-02	4.854785e-01	1.097497e-01	-1.200038e-01	1.209415e-01	4.898383e-02	-8.205457e-02	3.460761e-01	-4.251513e-01	5.079656e-01	1.308359e-01	-2.406784e-01	
2.323561e-02	-1.104734e-01	2.518559e-02	-5.466578e-01	1.000000e+00	-9.873406e-01	9.515407e-01	-5.953900e-01	1.737377e-01	1.065723e-01	-1.437658e-01	1.805057e-01	1.319020e-01	-1.489019e-01	1.387446e-02	-1.330456e-02	1.352171e-02	-1.107564e-02	-2.419892e-02	2.541011e-02	-3.597312e-02	3.885410e-02	-4.075875e-02	1.779418e-02	-1.792486e-03	
-2.407989e-02	1.119174e-01	-2.944501e-02	5.988070e-01	-9.873406e-01	1.000000e+00	-9.878422e-01	5.370999e-01	-1.032551e-01	-1.132779e-01	1.532537e-01	-1.929877e-01	-1.473486e-01	1.762338e-01	-1.250647e-02	1.340032e-02	-1.416601e-02	1.183579e-02	2.864422e-02	-2.984193e-02	4.066886e-02	-4.401471e-02	4.625680e-02	-2.049670e-02	4.551341e-03	
1.820539e-02	-1.182095e-01	4.081198e-02	-6.402194e-01	9.515407e-01	-9.878422e-01	1.000000e+00	-4.715308e-01	4.010155e-02	1.189422e-01	-1.596205e-01	1.999490e-01	1.508188e-01	-1.876039e-01	9.298694e-03	-1.693948e-02	1.840116e-02	-1.602268e-02	-3.732933e-02	3.942851e-02	-4.744119e-02	5.231418e-02	-5.608084e-02	1.873332e-02	-1.630334e-03	
4.351311e-02	1.639570e-01	-6.295908e-02	1.148515e-01	-5.953900e-01	5.370999e-01	-4.715308e-01	1.000000e+00	-8.736853e-01	9.718798e-02	-8.514134e-02	6.181576e-02	-5.580940e-02	-9.960963e-02	-1.647481e-02	2.743668e-02	-3.246829e-02	3.283905e-02	7.086837e-02	-7.103680e-02	3.670616e-02	-4.574510e-02	5.469224e-02	2.649416e-02	-5.145154e-02	
-2.676827e-02	-1.185025e-01	2.281353e-02	1.869677e-01	1.737377e-01	-1.032551e-01	4.010155e-02	-8.736853e-01	1.000000e+00	-1.539373e-01	1.584997e-01	-1.489852e-01	-2.536645e-03	2.123118e-01	3.197307e-02	-2.108842e-02	2.696696e-02	-2.954806e-02	-6.185481e-02	6.451840e-02	-5.387698e-03	1.126282e-02	-1.790779e-02	-3.631416e-02	5.280941e-02	
4.780308e-02	-3.543032e-02	-3.575867e-01	1.604165e-01	1.065723e-01	-1.132779e-01	1.189422e-01	9.718798e-02	-1.539373e-01	1.000000e+00	-9.840883e-01	9.194227e-01	-7.211941e-01	5.389453e-01	2.525842e-01	4.019654e-02	-4.855966e-02	5.207901e-02	4.515293e-02	-5.016465e-02	1.588463e-01	-2.015470e-01	2.487278e-01	9.884537e-02	-1.546634e-01	
-3.766747e-02	3.188235e-02	4.633188e-01	-2.148126e-01	-1.437658e-01	1.532537e-01	-1.596205e-01	-8.514134e-02	1.584997e-01	-9.840883e-01	1.000000e+00	-9.739119e-01	6.686735e-01	-4.803715e-01	-3.243907e-01	-5.491506e-02	6.474871e-02	-6.857529e-02	-5.773585e-02	6.816492e-02	-2.075791e-01	2.633668e-01	-3.255321e-01	-1.214847e-01	1.955847e-01	
8.144169e-03	-1.865560e-02	-5.915112e-01	2.885080e-01	1.805057e-01	-1.929877e-01	1.999490e-01	6.181576e-02	-1.489852e-01	9.194227e-01	-9.739119e-01	1.000000e+00	-5.582326e-01	3.715917e-01	4.125749e-01	7.208216e-02	-8.346720e-02	8.759864e-02	7.026886e-02	-8.747386e-02	2.669643e-01	-3.392741e-01	4.206928e-01	1.467178e-01	-2.437327e-01	
1.055273e-01	-1.045194e-01	-1.525136e-01	2.182165e-02	1.319020e-01	-1.473486e-01	1.508188e-01	-5.580940e-02	-2.536645e-03	-7.211941e-01	6.686735e-01	-5.582326e-01	1.000000e+00	-9.496193e-01	1.132864e-01	2.819310e-02	-2.776091e-02	2.663647e-02	-1.400416e-02	3.736834e-03	7.655330e-02	-9.196394e-02	1.057915e-01	1.058800e-02	-2.964830e-02	
-8.322645e-02	6.477197e-02	2.583854e-01	-3.732880e-02	-1.489019e-01	1.762338e-01	-1.876039e-01	-9.960963e-02	2.123118e-01	5.389453e-01	-4.803715e-01	3.715917e-01	-9.496193e-01	1.000000e+00	-1.819988e-01	-3.902929e-02	4.180930e-02	-4.187448e-02	-1.595221e-02	2.818467e-02	-1.247959e-01	1.556340e-01	-1.872459e-01	-3.710858e-02	7.749255e-02	
5.350909e-02	-2.281484e-01	-6.627604e-01	4.854785e-01	1.387446e-02	-1.250647e-02	9.298694e-03	-1.647481e-02	3.197307e-02	2.525842e-01	-3.243907e-01	4.125749e-01	1.132864e-01	-1.819988e-01	1.000000e+00	-4.498542e-01	4.969270e-01	-5.327226e-01	4.555742e-03	2.143309e-01	2.168833e-01	-2.678133e-01	3.290388e-01	2.979328e-02	-8.300481e-02	
1.596860e-01	-4.714214e-02	-1.439427e-01	1.097497e-01	-1.330456e-02	1.340032e-02	-1.693948e-02	2.743668e-02	-2.108842e-02	4.019654e-02	-5.491506e-02	7.208216e-02	2.819310e-02	-3.902929e-02	-4.498542e-01	1.000000e+00	-9.845125e-01	9.427428e-01	-4.216317e-01	3.223193e-02	2.477137e-01	-2.882546e-01	3.182696e-01	1.018060e-01	-1.625322e-01	
-1.591792e-01	4.790576e-02	1.596748e-01	-1.200038e-01	1.352171e-02	-1.416601e-02	1.840116e-02	-3.246829e-02	2.696696e-02	-4.855966e-02	6.474871e-02	-8.346720e-02	-2.776091e-02	4.180930e-02	4.969270e-01	-9.845125e-01	1.000000e+00	-9.861696e-01	3.397151e-01	5.643199e-02	-2.590054e-01	3.060862e-01	-3.432862e-01	-1.307356e-01	2.023184e-01	
1.493800e-01	-5.625781e-02	-1.630808e-01	1.209415e-01	-1.107564e-02	1.183579e-02	-1.602268e-02	3.283905e-02	-2.954806e-02	5.207901e-02	-6.857529e-02	8.759864e-02	2.663647e-02	-4.187448e-02	-5.327226e-01	9.427428e-01	-9.861696e-01	1.000000e+00	-2.591035e-01	-1.307699e-01	2.580744e-01	-3.092725e-01	3.516069e-01	1.514364e-01	-2.285419e-01	
2.006911e-02	1.811355e-01	-9.736406e-02	4.898383e-02	-2.419892e-02	2.864422e-02	-3.732933e-02	7.086837e-02	-6.185481e-02	4.515293e-02	-5.773585e-02	7.026886e-02	-1.400416e-02	-1.595221e-02	4.555742e-03	-4.216317e-01	3.397151e-01	-2.591035e-01	1.000000e+00	-9.058679e-01	4.056265e-02	-5.367497e-02	6.867797e-02	1.321032e-01	-2.284814e-01	
-5.983848e-02	-1.478098e-01	1.365571e-01	-8.205457e-02	2.541011e-02	-2.984193e-02	3.942851e-02	-7.103680e-02	6.451840e-02	-5.016465e-02	6.816492e-02	-8.747386e-02	3.736834e-03	2.818467e-02	2.143309e-01	3.223193e-02	5.643199e-02	-1.307699e-01	-9.058679e-01	1.000000e+00	-1.360576e-01	1.653919e-01	-1.918095e-01	-1.857316e-01	3.203267e-01	
9.645706e-02	-4.082446e-02	-4.762791e-01	3.460761e-01	-3.597312e-02	4.066886e-02	-4.744119e-02	3.670616e-02	-5.387698e-03	1.588463e-01	-2.075791e-01	2.669643e-01	7.655330e-02	-1.247959e-01	2.168833e-01	2.477137e-01	-2.590054e-01	2.580744e-01	4.056265e-02	-1.360576e-01	1.000000e+00	-9.841551e-01	9.249418e-01	-6.170174e-01	4.178287e-01	
-8.690247e-02	3.581583e-02	5.846965e-01	-4.251513e-01	3.885410e-02	-4.401471e-02	5.231418e-02	-4.574510e-02	1.126282e-02	-2.015470e-01	2.633668e-01	-3.392741e-01	-9.196394e-02	1.556340e-01	-2.678133e-01	-2.882546e-01	3.060862e-01	-3.092725e-01	-5.367497e-02	1.653919e-01	-9.841551e-01	1.000000e+00	-9.770188e-01	5.399282e-01	-3.311604e-01	
5.183904e-02	-1.449157e-02	-6.989351e-01	5.079656e-01	-4.075875e-02	4.625680e-02	-5.608084e-02	5.469224e-02	-1.790779e-02	2.487278e-01	-3.255321e-01	4.206928e-01	1.057915e-01	-1.872459e-01	3.290388e-01	3.182696e-01	-3.432862e-01	3.516069e-01	6.867797e-02	-1.918095e-01	9.249418e-01	-9.770188e-01	1.000000e+00	-4.149909e-01	2.032754e-01	
1.141071e-01	-7.796261e-02	-1.940474e-01	1.308359e-01	1.779418e-02	-2.049670e-02	1.873332e-02	2.649416e-02	-3.631416e-02	9.884537e-02	-1.214847e-01	1.467178e-01	1.058800e-02	-3.710858e-02	2.979328e-02	1.018060e-01	-1.307356e-01	1.514364e-01	1.321032e-01	-1.857316e-01	-6.170174e-01	5.399282e-01	-4.149909e-01	1.000000e+00	-9.612973e-01	
-1.085033e-01	5.306476e-02	3.466402e-01	-2.406784e-01	-1.792486e-03	4.551341e-03	-1.630334e-03	-5.145154e-02	5.280941e-02	-1.546634e-01	1.955847e-01	-2.437327e-01	-2.964830e-02	7.749255e-02	-8.300481e-02	-1.625322e-01	2.023184e-01	-2.285419e-01	-2.284814e-01	3.203267e-01	4.178287e-01	-3.311604e-01	2.032754e-01	-9.612973e-01	1.000000e+00	

Time taken for mcmc chain: 17.583333 minutes
