Number of steps: 1034406
Number of accepted steps: 500000
Burn-in number of steps: 320000
Accepted fraction of steps: 0.483369
Convergence Status
R[0]= -nan	R[1]= -nan	R[2]= -nan	R[3]= -nan	R[4]= -nan	R[5]= -nan	R[6]= -nan	R[7]= -nan	R[8]= -nan	R[9]= -nan	R[10]= -nan	R[11]= -nan	R[12]= -nan	R[13]= -nan	R[14]= -nan	R[15]= -nan	R[16]= -nan	R[17]= -nan	R[18]= -nan	R[19]= -nan	R[20]= -nan	R[21]= -nan	R[22]= -nan	R[23]= -nan	R[24]= -nan	
<R>= -nan

Mean parameters
A[0]= 8.856687e-01 pm 1.338766e-01
A[1]= 1.028856e+00 pm 2.328650e-01
A[2]= 3.284604e-01 pm 2.796690e-01
A[3]= 4.107787e+00 pm 7.036475e-01
A[4]= -2.786901e+03 pm 4.455524e+03
A[5]= 1.185830e+03 pm 3.044430e+03
A[6]= 1.678928e+02 pm 7.694855e+02
A[7]= 9.760882e+00 pm 2.256025e+01
A[8]= -2.065198e-01 pm 2.400371e-01
A[9]= -1.518476e+03 pm 6.192301e+03
A[10]= -4.872809e+02 pm 3.745812e+03
A[11]= 2.155056e+02 pm 8.565463e+02
A[12]= 1.744233e+01 pm 5.193169e+01
A[13]= -5.905597e-01 pm 8.379855e-01
A[14]= 4.768313e+00 pm 4.597067e+00
A[15]= -6.378102e+03 pm 8.492717e+03
A[16]= 4.063451e+03 pm 5.914089e+03
A[17]= -7.180064e+02 pm 1.371179e+03
A[18]= 2.334984e+00 pm 1.514808e+01
A[19]= 8.445081e-03 pm 3.283701e-01
A[20]= -1.623773e+03 pm 4.879206e+03
A[21]= 7.144388e+02 pm 3.208390e+03
A[22]= -2.645492e+02 pm 8.457109e+02
A[23]= 1.242884e+01 pm 2.965731e+01
A[24]= -1.166624e-01 pm 6.229317e-01

Best-fitting parameters
A[0]= 8.250303e-01
A[1]= 1.033814e+00
A[2]= 8.519869e-03
A[3]= 3.139579e+00
A[4]= 2.924573e+03
A[5]= -2.556100e+03
A[6]= 9.977257e+02
A[7]= 1.497449e+01
A[8]= -4.476812e-01
A[9]= 5.541868e+03
A[10]= -5.044952e+03
A[11]= 1.147549e+03
A[12]= 1.727576e+01
A[13]= -1.175599e+00
A[14]= 2.583459e+00
A[15]= -7.156233e+02
A[16]= 3.702395e+02
A[17]= 5.812303e+01
A[18]= 3.473606e+00
A[19]= -9.346935e-02
A[20]= 1.774796e+03
A[21]= -2.243085e+03
A[22]= 6.152320e+02
A[23]= 1.348202e+00
A[24]= -2.482233e-01
chi2_min= 7.616579e+01


Cross-Covariance parameters
1.000000e+00	-9.486302e-01	-7.095532e-01	7.176140e-01	6.079757e-01	-6.678474e-01	7.261885e-01	-6.903652e-01	5.904002e-01	-1.936302e-01	3.723235e-01	-6.222780e-01	5.483646e-01	-1.798448e-01	8.927509e-01	-8.819840e-01	8.758937e-01	-8.619452e-01	-7.168875e-01	8.002248e-01	-4.078627e-01	6.188583e-01	-8.247226e-01	1.549949e-01	4.704683e-01	
-9.486302e-01	1.000000e+00	8.305476e-01	-6.883875e-01	-7.522531e-01	8.110794e-01	-8.653988e-01	8.145089e-01	-6.981429e-01	1.761071e-01	-3.436093e-01	5.838645e-01	-5.889023e-01	2.134989e-01	-9.675904e-01	9.468686e-01	-9.469889e-01	9.400952e-01	8.012105e-01	-8.947066e-01	3.781933e-01	-5.688331e-01	7.515165e-01	-1.387174e-01	-4.719162e-01	
-7.095532e-01	8.305476e-01	1.000000e+00	-6.620668e-01	-6.959763e-01	7.580431e-01	-8.105401e-01	6.993508e-01	-5.866416e-01	2.018903e-03	-1.016578e-01	2.697521e-01	-5.056736e-01	2.333653e-01	-8.417458e-01	7.961995e-01	-8.065240e-01	8.132358e-01	7.127012e-01	-7.942269e-01	2.902600e-01	-3.996989e-01	4.963304e-01	-1.839826e-01	-2.643537e-01	
7.176140e-01	-6.883875e-01	-6.620668e-01	1.000000e+00	2.078677e-01	-2.668450e-01	3.373562e-01	-3.901495e-01	3.651034e-01	2.102021e-02	1.025948e-01	-2.911452e-01	3.455184e-01	-1.165779e-01	6.280052e-01	-6.156371e-01	6.082129e-01	-5.931311e-01	-5.104492e-01	5.508099e-01	-2.963572e-01	4.546584e-01	-6.113826e-01	1.141659e-01	3.406641e-01	
6.079757e-01	-7.522531e-01	-6.959763e-01	2.078677e-01	1.000000e+00	-9.905675e-01	9.623361e-01	-9.195462e-01	8.147446e-01	-2.082511e-01	3.153979e-01	-4.558977e-01	5.318512e-01	-2.042341e-01	7.726001e-01	-7.341909e-01	7.444904e-01	-7.518017e-01	-6.904590e-01	7.656128e-01	-2.189912e-01	3.157296e-01	-4.043328e-01	9.931269e-02	2.943874e-01	
-6.678474e-01	8.110794e-01	7.580431e-01	-2.668450e-01	-9.905675e-01	1.000000e+00	-9.901406e-01	9.328783e-01	-8.193981e-01	2.191876e-01	-3.315962e-01	4.835646e-01	-5.684440e-01	2.305163e-01	-8.297400e-01	7.908973e-01	-8.014346e-01	8.084319e-01	7.320228e-01	-8.148062e-01	2.517506e-01	-3.600225e-01	4.584609e-01	-1.181494e-01	-3.164912e-01	
7.261885e-01	-8.653988e-01	-8.105401e-01	3.373562e-01	9.623361e-01	-9.901406e-01	1.000000e+00	-9.312911e-01	8.133171e-01	-2.124151e-01	3.321089e-01	-4.990827e-01	5.866485e-01	-2.377130e-01	8.811110e-01	-8.433398e-01	8.534601e-01	-8.594499e-01	-7.669461e-01	8.567304e-01	-2.797701e-01	4.016620e-01	-5.125162e-01	1.306362e-01	3.443005e-01	
-6.903652e-01	8.145089e-01	6.993508e-01	-3.901495e-01	-9.195462e-01	9.328783e-01	-9.312911e-01	1.000000e+00	-9.607178e-01	2.951464e-01	-4.153758e-01	5.617739e-01	-5.877539e-01	2.090747e-01	-8.315552e-01	7.971331e-01	-8.036863e-01	8.045172e-01	7.582414e-01	-8.299936e-01	2.762144e-01	-3.975494e-01	5.081759e-01	-1.232486e-01	-3.500980e-01	
5.904002e-01	-6.981429e-01	-5.866416e-01	3.651034e-01	8.147446e-01	-8.193981e-01	8.133171e-01	-9.607178e-01	1.000000e+00	-2.889184e-01	3.967293e-01	-5.157662e-01	5.148826e-01	-1.391458e-01	7.258035e-01	-6.954773e-01	6.999138e-01	-6.986463e-01	-6.836468e-01	7.401743e-01	-2.298362e-01	3.323197e-01	-4.260370e-01	9.582594e-02	3.227011e-01	
-1.936302e-01	1.761071e-01	2.018903e-03	2.102021e-02	-2.082511e-01	2.191876e-01	-2.124151e-01	2.951464e-01	-2.889184e-01	1.000000e+00	-9.704710e-01	8.395882e-01	-7.697326e-01	7.317785e-01	-1.875152e-01	2.038922e-01	-1.984207e-01	1.932165e-01	1.431347e-01	-1.683168e-01	2.810510e-01	-3.018468e-01	2.924590e-01	-2.286022e-01	6.672685e-02	
3.723235e-01	-3.436093e-01	-1.016578e-01	1.025948e-01	3.153979e-01	-3.315962e-01	3.321089e-01	-4.153758e-01	3.967293e-01	-9.704710e-01	1.000000e+00	-9.434549e-01	8.551996e-01	-7.582248e-01	3.420468e-01	-3.621399e-01	3.547882e-01	-3.459615e-01	-2.565178e-01	3.018803e-01	-3.185825e-01	3.854280e-01	-4.260998e-01	2.066446e-01	6.254419e-02	
-6.222780e-01	5.838645e-01	2.697521e-01	-2.911452e-01	-4.558977e-01	4.835646e-01	-4.990827e-01	5.617739e-01	-5.157662e-01	8.395882e-01	-9.434549e-01	1.000000e+00	-8.935123e-01	7.096998e-01	-5.621686e-01	5.823900e-01	-5.735865e-01	5.608799e-01	4.271858e-01	-4.969872e-01	3.614794e-01	-4.909296e-01	6.016442e-01	-1.706964e-01	-2.458036e-01	
5.483646e-01	-5.889023e-01	-5.056736e-01	3.455184e-01	5.318512e-01	-5.684440e-01	5.866485e-01	-5.877539e-01	5.148826e-01	-7.697326e-01	8.551996e-01	-8.935123e-01	1.000000e+00	-8.854116e-01	5.951097e-01	-5.977024e-01	5.971290e-01	-5.944940e-01	-4.541910e-01	5.334528e-01	-3.317370e-01	4.228788e-01	-4.914439e-01	2.008940e-01	1.606950e-01	
-1.798448e-01	2.134989e-01	2.333653e-01	-1.165779e-01	-2.042341e-01	2.305163e-01	-2.377130e-01	2.090747e-01	-1.391458e-01	7.317785e-01	-7.582248e-01	7.096998e-01	-8.854116e-01	1.000000e+00	-2.259690e-01	2.392279e-01	-2.396077e-01	2.411891e-01	1.289570e-01	-1.797756e-01	1.928565e-01	-2.099797e-01	2.065242e-01	-1.547732e-01	3.521944e-02	
8.927509e-01	-9.675904e-01	-8.417458e-01	6.280052e-01	7.726001e-01	-8.297400e-01	8.811110e-01	-8.315552e-01	7.258035e-01	-1.875152e-01	3.420468e-01	-5.621686e-01	5.951097e-01	-2.259690e-01	1.000000e+00	-9.810570e-01	9.869491e-01	-9.881440e-01	-8.158820e-01	9.353978e-01	-3.936101e-01	5.587052e-01	-7.065283e-01	1.859767e-01	4.013640e-01	
-8.819840e-01	9.468686e-01	7.961995e-01	-6.156371e-01	-7.341909e-01	7.908973e-01	-8.433398e-01	7.971331e-01	-6.954773e-01	2.038922e-01	-3.621399e-01	5.823900e-01	-5.977024e-01	2.392279e-01	-9.810570e-01	1.000000e+00	-9.983978e-01	9.935846e-01	7.090231e-01	-8.712690e-01	3.898747e-01	-5.582531e-01	7.088103e-01	-1.635761e-01	-4.089782e-01	
8.758937e-01	-9.469889e-01	-8.065240e-01	6.082129e-01	7.444904e-01	-8.014346e-01	8.534601e-01	-8.036863e-01	6.999138e-01	-1.984207e-01	3.547882e-01	-5.735865e-01	5.971290e-01	-2.396077e-01	9.869491e-01	-9.983978e-01	1.000000e+00	-9.983123e-01	-7.279930e-01	8.861203e-01	-3.934341e-01	5.578224e-01	-7.032283e-01	1.695197e-01	4.011016e-01	
-8.619452e-01	9.400952e-01	8.132358e-01	-5.931311e-01	-7.518017e-01	8.084319e-01	-8.594499e-01	8.045172e-01	-6.986463e-01	1.932165e-01	-3.459615e-01	5.608799e-01	-5.944940e-01	2.411891e-01	-9.881440e-01	9.935846e-01	-9.983123e-01	1.000000e+00	7.390440e-01	-8.949174e-01	3.963037e-01	-5.542975e-01	6.916857e-01	-1.770491e-01	-3.863788e-01	
-7.168875e-01	8.012105e-01	7.127012e-01	-5.104492e-01	-6.904590e-01	7.320228e-01	-7.669461e-01	7.582414e-01	-6.836468e-01	1.431347e-01	-2.565178e-01	4.271858e-01	-4.541910e-01	1.289570e-01	-8.158820e-01	7.090231e-01	-7.279930e-01	7.390440e-01	1.000000e+00	-9.559711e-01	3.353942e-01	-4.568888e-01	5.644493e-01	-1.634431e-01	-3.634006e-01	
8.002248e-01	-8.947066e-01	-7.942269e-01	5.508099e-01	7.656128e-01	-8.148062e-01	8.567304e-01	-8.299936e-01	7.401743e-01	-1.683168e-01	3.018803e-01	-4.969872e-01	5.334528e-01	-1.797756e-01	9.353978e-01	-8.712690e-01	8.861203e-01	-8.949174e-01	-9.559711e-01	1.000000e+00	-3.786497e-01	5.151818e-01	-6.324987e-01	1.787408e-01	3.881552e-01	
-4.078627e-01	3.781933e-01	2.902600e-01	-2.963572e-01	-2.189912e-01	2.517506e-01	-2.797701e-01	2.762144e-01	-2.298362e-01	2.810510e-01	-3.185825e-01	3.614794e-01	-3.317370e-01	1.928565e-01	-3.936101e-01	3.898747e-01	-3.934341e-01	3.963037e-01	3.353942e-01	-3.786497e-01	1.000000e+00	-9.597313e-01	8.064041e-01	-8.429917e-01	4.331219e-01	
6.188583e-01	-5.688331e-01	-3.996989e-01	4.546584e-01	3.157296e-01	-3.600225e-01	4.016620e-01	-3.975494e-01	3.323197e-01	-3.018468e-01	3.854280e-01	-4.909296e-01	4.228788e-01	-2.099797e-01	5.587052e-01	-5.582531e-01	5.578224e-01	-5.542975e-01	-4.568888e-01	5.151818e-01	-9.597313e-01	1.000000e+00	-9.387297e-01	7.764420e-01	-2.542853e-01	
-8.247226e-01	7.515165e-01	4.963304e-01	-6.113826e-01	-4.043328e-01	4.584609e-01	-5.125162e-01	5.081759e-01	-4.260370e-01	2.924590e-01	-4.260998e-01	6.016442e-01	-4.914439e-01	2.065242e-01	-7.065283e-01	7.088103e-01	-7.032283e-01	6.916857e-01	5.644493e-01	-6.324987e-01	8.064041e-01	-9.387297e-01	1.000000e+00	-5.895029e-01	-1.857962e-02	
1.549949e-01	-1.387174e-01	-1.839826e-01	1.141659e-01	9.931269e-02	-1.181494e-01	1.306362e-01	-1.232486e-01	9.582594e-02	-2.286022e-01	2.066446e-01	-1.706964e-01	2.008940e-01	-1.547732e-01	1.859767e-01	-1.635761e-01	1.695197e-01	-1.770491e-01	-1.634431e-01	1.787408e-01	-8.429917e-01	7.764420e-01	-5.895029e-01	1.000000e+00	-7.721897e-01	
4.704683e-01	-4.719162e-01	-2.643537e-01	3.406641e-01	2.943874e-01	-3.164912e-01	3.443005e-01	-3.500980e-01	3.227011e-01	6.672685e-02	6.254419e-02	-2.458036e-01	1.606950e-01	3.521944e-02	4.013640e-01	-4.089782e-01	4.011016e-01	-3.863788e-01	-3.634006e-01	3.881552e-01	4.331219e-01	-2.542853e-01	-1.857962e-02	-7.721897e-01	1.000000e+00	

Time taken for mcmc chain: 9.316667 minutes
