Number of steps: 11042920
Number of accepted steps: 960000
Burn-in number of steps: 320000
Accepted fraction of steps: 0.086934
Convergence Status
R[0]= 1.000262	R[1]= 1.000830	R[2]= 1.001394	R[3]= 1.001416	R[4]= 1.000521	R[5]= 1.000478	R[6]= 1.000439	R[7]= 1.000101	R[8]= 1.000510	R[9]= 1.000251	R[10]= 1.000355	R[11]= 1.000516	R[12]= 1.000060	R[13]= 1.000109	R[14]= 1.002190	R[15]= 1.000592	R[16]= 1.000524	R[17]= 1.000518	R[18]= 1.000597	R[19]= 1.000370	R[20]= 1.000610	R[21]= 1.000697	R[22]= 1.000816	R[23]= 1.000636	R[24]= 1.000471	
<R>= 1.000610

Mean parameters
A[0]= 9.893565e-01 pm 2.981470e-02
A[1]= 1.065633e+00 pm 2.396184e-02
A[2]= 5.892671e-01 pm 3.658971e-01
A[3]= 4.164111e+00 pm 1.118221e+00
A[4]= -2.730146e+03 pm 3.659229e+03
A[5]= 1.850976e+03 pm 2.400001e+03
A[6]= -1.019192e+02 pm 5.666714e+02
A[7]= 2.105885e+00 pm 1.322944e+01
A[8]= -7.842552e-03 pm 1.763551e-01
A[9]= 6.447886e+03 pm 8.532259e+03
A[10]= -3.800778e+03 pm 5.181445e+03
A[11]= 5.036341e+02 pm 1.112737e+03
A[12]= -5.675955e+01 pm 4.770845e+01
A[13]= 1.186712e+00 pm 9.178649e-01
A[14]= 5.323827e+00 pm 1.555151e+00
A[15]= -5.011870e+03 pm 5.105311e+03
A[16]= 4.417277e+03 pm 3.356041e+03
A[17]= -8.869503e+02 pm 7.955743e+02
A[18]= 3.206074e+00 pm 1.963827e+01
A[19]= 9.443946e-02 pm 2.567531e-01
A[20]= 1.509413e+04 pm 1.159959e+04
A[21]= -7.826609e+03 pm 6.974857e+03
A[22]= 8.787248e+02 pm 1.471889e+03
A[23]= -7.986660e+01 pm 6.653812e+01
A[24]= 1.019630e+00 pm 1.276295e+00

Best-fitting parameters
A[0]= 9.746563e-01
A[1]= 1.064900e+00
A[2]= 6.802202e-01
A[3]= 4.051488e+00
A[4]= -2.392978e+03
A[5]= 1.933772e+03
A[6]= -1.702466e+02
A[7]= -2.746947e+00
A[8]= 7.194888e-02
A[9]= 4.502416e+03
A[10]= -2.287482e+03
A[11]= 1.140003e+02
A[12]= -5.399378e+01
A[13]= 1.184441e+00
A[14]= 5.654653e+00
A[15]= -9.622972e+03
A[16]= 7.206903e+03
A[17]= -1.478996e+03
A[18]= 4.240988e+00
A[19]= 1.471235e-01
A[20]= 1.354942e+04
A[21]= -6.407852e+03
A[22]= 4.388746e+02
A[23]= -1.004062e+02
A[24]= 1.556496e+00
chi2_min= 1.023461e+02


Cross-Covariance parameters
1.000000e+00	-4.868323e-01	-2.049267e-01	1.221106e-01	3.798231e-02	-4.090274e-02	3.312451e-02	5.582976e-02	-5.764537e-02	5.568126e-03	-1.066389e-02	6.680747e-04	1.415917e-01	-1.234079e-01	1.044142e-01	5.180981e-02	-5.126708e-02	4.248777e-02	5.540583e-02	-6.146030e-02	3.516357e-02	-3.685220e-02	2.158372e-02	1.218582e-01	-1.157771e-01	
-4.868323e-01	1.000000e+00	1.914977e-01	-2.240329e-01	1.835174e-02	-1.379122e-02	1.193834e-03	1.131473e-01	-1.261950e-01	-8.665122e-04	1.109269e-04	8.497312e-03	-8.965316e-02	4.451979e-02	-1.991036e-01	-7.459707e-03	1.059906e-02	-2.002327e-02	1.261155e-01	-1.299830e-01	-2.673620e-02	2.514861e-02	-1.306268e-02	-6.338950e-02	3.751335e-02	
-2.049267e-01	1.914977e-01	1.000000e+00	-7.154752e-01	-4.372512e-02	5.147872e-02	-5.116097e-02	-1.415777e-02	2.589758e-02	-4.255177e-01	5.457236e-01	-6.821229e-01	-7.361107e-02	2.442492e-01	-6.959393e-01	-1.335248e-03	-4.500291e-04	7.684746e-03	-3.672566e-02	2.418596e-02	-3.971179e-01	5.073320e-01	-6.415848e-01	-7.206935e-02	2.248903e-01	
1.221106e-01	-2.240329e-01	-7.154752e-01	1.000000e+00	-4.881887e-01	5.407505e-01	-5.807042e-01	1.936755e-01	6.257469e-02	2.326363e-01	-2.977090e-01	3.729784e-01	1.541051e-02	-9.318501e-02	5.245414e-01	-4.447007e-03	6.397503e-03	-1.060420e-02	7.130111e-03	2.113868e-03	2.773751e-01	-3.562377e-01	4.530283e-01	6.407365e-02	-1.714757e-01	
3.798231e-02	1.835174e-02	-4.372512e-02	-4.881887e-01	1.000000e+00	-9.840887e-01	9.389289e-01	-7.058655e-01	3.356622e-01	8.062479e-02	-1.222068e-01	1.712468e-01	7.778234e-02	-7.704566e-02	2.593103e-02	9.427377e-03	-1.217904e-02	1.412691e-02	1.429124e-02	-1.869291e-02	3.348193e-02	-4.275725e-02	5.273921e-02	-1.030996e-02	1.479805e-03	
-4.090274e-02	-1.379122e-02	5.147872e-02	5.407505e-01	-9.840887e-01	1.000000e+00	-9.846008e-01	6.616431e-01	-2.732203e-01	-9.371105e-02	1.394908e-01	-1.934159e-01	-8.517140e-02	9.781410e-02	-3.144264e-02	-1.225050e-02	1.489881e-02	-1.658522e-02	-1.012437e-02	1.462208e-02	-3.905624e-02	4.898707e-02	-5.970960e-02	1.199271e-02	-1.881977e-03	
3.312451e-02	1.193834e-03	-5.116097e-02	-5.807042e-01	9.389289e-01	-9.846008e-01	1.000000e+00	-6.013966e-01	2.106997e-01	1.078363e-01	-1.552579e-01	2.108419e-01	7.991352e-02	-1.026378e-01	3.323782e-02	1.363745e-02	-1.628341e-02	1.811970e-02	2.899505e-03	-7.305674e-03	4.082034e-02	-5.042168e-02	6.081006e-02	-1.469524e-02	4.818029e-03	
5.582976e-02	1.131473e-01	-1.415777e-02	1.936755e-01	-7.058655e-01	6.616431e-01	-6.013966e-01	1.000000e+00	-8.842704e-01	8.047504e-02	-5.629512e-02	1.744784e-02	-6.432197e-02	-8.186082e-02	-7.063473e-03	8.517899e-03	-6.256591e-03	7.955551e-04	2.263760e-02	-2.281291e-02	7.229034e-03	-7.042694e-03	6.904100e-03	1.316029e-02	-2.056722e-02	
-5.764537e-02	-1.261950e-01	2.589758e-02	6.257469e-02	3.356622e-01	-2.732203e-01	2.106997e-01	-8.842704e-01	1.000000e+00	-1.472924e-01	1.398316e-01	-1.175177e-01	4.096275e-02	1.632675e-01	-4.817261e-04	-1.676284e-02	1.533882e-02	-1.032250e-02	-2.100982e-02	2.385978e-02	-2.443878e-02	2.745870e-02	-3.086584e-02	-3.496974e-03	1.472999e-02	
5.568126e-03	-8.665122e-04	-4.255177e-01	2.326363e-01	8.062479e-02	-9.371105e-02	1.078363e-01	8.047504e-02	-1.472924e-01	1.000000e+00	-9.828362e-01	9.142376e-01	-7.660686e-01	5.631207e-01	3.033380e-01	7.531501e-04	4.194438e-04	-4.197637e-03	2.277608e-02	-2.098789e-02	1.905262e-01	-2.406302e-01	3.032872e-01	1.073634e-02	-8.307613e-02	
-1.066389e-02	1.109269e-04	5.457236e-01	-2.977090e-01	-1.222068e-01	1.394908e-01	-1.552579e-01	-5.629512e-02	1.398316e-01	-9.828362e-01	1.000000e+00	-9.725049e-01	7.119422e-01	-4.983431e-01	-3.883355e-01	-1.609201e-03	3.560457e-04	4.194499e-03	-2.940896e-02	2.672516e-02	-2.423273e-01	3.070894e-01	-3.878895e-01	-1.629356e-02	1.094585e-01	
6.680747e-04	8.497312e-03	-6.821229e-01	3.729784e-01	1.712468e-01	-1.934159e-01	2.108419e-01	1.744784e-02	-1.175177e-01	9.142376e-01	-9.725049e-01	1.000000e+00	-5.945367e-01	3.770380e-01	4.851526e-01	2.526555e-03	-1.229862e-03	-4.044317e-03	3.456379e-02	-3.068653e-02	3.009675e-01	-3.828456e-01	4.851475e-01	2.188898e-02	-1.391519e-01	
1.415917e-01	-8.965316e-02	-7.361107e-02	1.541051e-02	7.778234e-02	-8.517140e-02	7.991352e-02	-6.432197e-02	4.096275e-02	-7.660686e-01	7.119422e-01	-5.945367e-01	1.000000e+00	-9.421907e-01	4.693017e-02	8.844852e-03	-1.031014e-02	1.063571e-02	-5.005893e-03	7.318273e-03	1.666653e-02	-2.318819e-02	2.855926e-02	2.547290e-02	-3.013724e-02	
-1.234079e-01	4.451979e-02	2.442492e-01	-9.318501e-02	-7.704566e-02	9.781410e-02	-1.026378e-01	-8.186082e-02	1.632675e-01	5.631207e-01	-4.983431e-01	3.770380e-01	-9.421907e-01	1.000000e+00	-1.658857e-01	-8.222395e-03	9.237322e-03	-7.689871e-03	-8.872562e-03	4.820631e-03	-9.515828e-02	1.227630e-01	-1.548894e-01	-2.794954e-02	6.446060e-02	
1.044142e-01	-1.991036e-01	-6.959393e-01	5.245414e-01	2.593103e-02	-3.144264e-02	3.323782e-02	-7.063473e-03	-4.817261e-04	3.033380e-01	-3.883355e-01	4.851526e-01	4.693017e-02	-1.658857e-01	1.000000e+00	-5.153449e-01	5.825312e-01	-6.342140e-01	1.474949e-01	1.192196e-01	1.847133e-01	-2.367772e-01	3.052875e-01	2.565478e-02	-8.865736e-02	
5.180981e-02	-7.459707e-03	-1.335248e-03	-4.447007e-03	9.427377e-03	-1.225050e-02	1.363745e-02	8.517899e-03	-1.676284e-02	7.531501e-04	-1.609201e-03	2.526555e-03	8.844852e-03	-8.222395e-03	-5.153449e-01	1.000000e+00	-9.829250e-01	9.338680e-01	-6.825007e-01	3.375054e-01	1.428875e-01	-1.742896e-01	2.060356e-01	-2.132617e-03	-1.818555e-02	
-5.126708e-02	1.059906e-02	-4.500291e-04	6.397503e-03	-1.217904e-02	1.489881e-02	-1.628341e-02	-6.256591e-03	1.533882e-02	4.194438e-04	3.560457e-04	-1.229862e-03	-1.031014e-02	9.237322e-03	5.825312e-01	-9.829250e-01	1.000000e+00	-9.832288e-01	6.262464e-01	-2.609745e-01	-1.497178e-01	1.863515e-01	-2.240342e-01	-7.961963e-03	3.730780e-02	
4.248777e-02	-2.002327e-02	7.684746e-03	-1.060420e-02	1.412691e-02	-1.658522e-02	1.811970e-02	7.955551e-04	-1.032250e-02	-4.197637e-03	4.194499e-03	-4.044317e-03	1.063571e-02	-7.689871e-03	-6.342140e-01	9.338680e-01	-9.832288e-01	1.000000e+00	-5.507516e-01	1.798438e-01	1.509995e-01	-1.910351e-01	2.328008e-01	1.392772e-02	-4.933466e-02	
5.540583e-02	1.261155e-01	-3.672566e-02	7.130111e-03	1.429124e-02	-1.012437e-02	2.899505e-03	2.263760e-02	-2.100982e-02	2.277608e-02	-2.940896e-02	3.456379e-02	-5.005893e-03	-8.872562e-03	1.474949e-01	-6.825007e-01	6.262464e-01	-5.507516e-01	1.000000e+00	-9.028029e-01	-2.770211e-02	3.730101e-02	-4.877249e-02	6.707813e-02	-1.400544e-01	
-6.146030e-02	-1.299830e-01	2.418596e-02	2.113868e-03	-1.869291e-02	1.462208e-02	-7.305674e-03	-2.281291e-02	2.385978e-02	-2.098789e-02	2.672516e-02	-3.068653e-02	7.318273e-03	4.820631e-03	1.192196e-01	3.375054e-01	-2.609745e-01	1.798438e-01	-9.028029e-01	1.000000e+00	-3.596465e-02	3.984044e-02	-4.087283e-02	-8.278891e-02	1.933221e-01	
3.516357e-02	-2.673620e-02	-3.971179e-01	2.773751e-01	3.348193e-02	-3.905624e-02	4.082034e-02	7.229034e-03	-2.443878e-02	1.905262e-01	-2.423273e-01	3.009675e-01	1.666653e-02	-9.515828e-02	1.847133e-01	1.428875e-01	-1.497178e-01	1.509995e-01	-2.770211e-02	-3.596465e-02	1.000000e+00	-9.844261e-01	9.195370e-01	-7.797861e-01	6.173133e-01	
-3.685220e-02	2.514861e-02	5.073320e-01	-3.562377e-01	-4.275725e-02	4.898707e-02	-5.042168e-02	-7.042694e-03	2.745870e-02	-2.406302e-01	3.070894e-01	-3.828456e-01	-2.318819e-02	1.227630e-01	-2.367772e-01	-1.742896e-01	1.863515e-01	-1.910351e-01	3.730101e-02	3.984044e-02	-9.844261e-01	1.000000e+00	-9.734627e-01	7.352519e-01	-5.618694e-01	
2.158372e-02	-1.306268e-02	-6.415848e-01	4.530283e-01	5.273921e-02	-5.970960e-02	6.081006e-02	6.904100e-03	-3.086584e-02	3.032872e-01	-3.878895e-01	4.851475e-01	2.855926e-02	-1.548894e-01	3.052875e-01	2.060356e-01	-2.240342e-01	2.328008e-01	-4.877249e-02	-4.087283e-02	9.195370e-01	-9.734627e-01	1.000000e+00	-6.284861e-01	4.479576e-01	
1.218582e-01	-6.338950e-02	-7.206935e-02	6.407365e-02	-1.030996e-02	1.199271e-02	-1.469524e-02	1.316029e-02	-3.496974e-03	1.073634e-02	-1.629356e-02	2.188898e-02	2.547290e-02	-2.794954e-02	2.565478e-02	-2.132617e-03	-7.961963e-03	1.392772e-02	6.707813e-02	-8.278891e-02	-7.797861e-01	7.352519e-01	-6.284861e-01	1.000000e+00	-9.616371e-01	
-1.157771e-01	3.751335e-02	2.248903e-01	-1.714757e-01	1.479805e-03	-1.881977e-03	4.818029e-03	-2.056722e-02	1.472999e-02	-8.307613e-02	1.094585e-01	-1.391519e-01	-3.013724e-02	6.446060e-02	-8.865736e-02	-1.818555e-02	3.730780e-02	-4.933466e-02	-1.400544e-01	1.933221e-01	6.173133e-01	-5.618694e-01	4.479576e-01	-9.616371e-01	1.000000e+00	

Time taken for mcmc chain: 52.600000 minutes
