Number of steps: 21154210
Number of accepted steps: 960000
Burn-in number of steps: 320000
Accepted fraction of steps: 0.045381
Convergence Status
R[0]= 1.000649	R[1]= 1.001569	R[2]= 1.003532	R[3]= 1.002373	R[4]= 1.001300	R[5]= 1.001363	R[6]= 1.001426	R[7]= 1.001967	R[8]= 1.001071	R[9]= 1.000404	R[10]= 1.000567	R[11]= 1.001049	R[12]= 1.000506	R[13]= 1.000552	R[14]= 1.000658	R[15]= 1.001155	R[16]= 1.001068	R[17]= 1.001008	R[18]= 1.000228	R[19]= 1.000068	R[20]= 1.000680	R[21]= 1.001334	R[22]= 1.002319	R[23]= 1.000577	R[24]= 1.000600	
<R>= 1.001121

Mean parameters
A[0]= 8.964316e-01 pm 3.972077e-02
A[1]= 1.025752e+00 pm 3.536725e-02
A[2]= 7.738758e-01 pm 5.299254e-01
A[3]= 3.096694e+00 pm 1.231907e+00
A[4]= -2.991305e+03 pm 3.842206e+03
A[5]= 1.252540e+03 pm 2.529383e+03
A[6]= 1.578696e+02 pm 5.900793e+02
A[7]= 1.672650e+01 pm 1.295495e+01
A[8]= -3.058769e-01 pm 1.854401e-01
A[9]= -4.432314e+03 pm 8.289716e+03
A[10]= 2.058399e+03 pm 4.936785e+03
A[11]= -5.401689e+02 pm 1.023735e+03
A[12]= 1.920509e+01 pm 4.876946e+01
A[13]= -5.739013e-01 pm 9.526361e-01
A[14]= 4.764185e+00 pm 1.703365e+00
A[15]= -8.886293e+03 pm 5.425766e+03
A[16]= 5.880348e+03 pm 3.568152e+03
A[17]= -9.973263e+02 pm 8.300545e+02
A[18]= 1.020912e+01 pm 1.914431e+01
A[19]= 2.541195e-02 pm 2.712811e-01
A[20]= -3.644381e+03 pm 1.190662e+04
A[21]= 2.008199e+03 pm 7.308410e+03
A[22]= -7.617468e+02 pm 1.570661e+03
A[23]= -8.167960e+00 pm 6.896755e+01
A[24]= -2.556786e-02 pm 1.374404e+00

Best-fitting parameters
A[0]= 8.843570e-01
A[1]= 1.046065e+00
A[2]= 8.047264e-01
A[3]= 3.073717e+00
A[4]= -4.456920e+03
A[5]= 2.287733e+03
A[6]= -8.347985e+01
A[7]= 1.992600e+01
A[8]= -3.252089e-01
A[9]= -2.505077e+03
A[10]= 8.762257e+02
A[11]= -3.167678e+02
A[12]= -1.528043e+01
A[13]= 5.567905e-02
A[14]= 5.017816e+00
A[15]= -1.335701e+04
A[16]= 8.730263e+03
A[17]= -1.614342e+03
A[18]= 1.699071e+01
A[19]= 4.290907e-02
A[20]= -1.651395e+03
A[21]= 1.056100e+03
A[22]= -6.432825e+02
A[23]= -4.669477e+01
A[24]= 6.781652e-01
chi2_min= 8.010968e+01


Cross-Covariance parameters
1.000000e+00	-5.553265e-01	-1.731174e-01	1.262453e-01	1.594446e-02	-6.994996e-03	-7.971523e-03	3.288743e-02	-3.657615e-03	-3.648992e-03	2.005345e-02	-5.711725e-02	1.249134e-01	-8.687099e-02	7.804676e-02	1.012129e-01	-9.897845e-02	8.749857e-02	4.785967e-02	-5.933664e-02	3.100057e-02	-1.673416e-02	-2.111411e-02	1.447144e-01	-1.144351e-01	
-5.553265e-01	1.000000e+00	2.368386e-01	-2.401568e-01	-1.216097e-02	1.040458e-02	-1.498533e-02	1.499838e-01	-1.535636e-01	2.040977e-02	-2.286483e-02	3.355535e-02	-1.290774e-01	7.277360e-02	-2.667559e-01	-3.112593e-02	3.122516e-02	-3.759942e-02	1.659309e-01	-1.554937e-01	-3.349946e-02	2.845791e-02	-7.902795e-03	-1.048334e-01	7.068182e-02	
-1.731174e-01	2.368386e-01	1.000000e+00	-6.990448e-01	2.233146e-02	-2.399881e-02	3.312027e-02	-4.120024e-02	1.384527e-02	-3.226761e-01	4.359090e-01	-5.714012e-01	-1.747478e-01	2.839378e-01	-6.697630e-01	-1.666503e-01	1.751912e-01	-1.730991e-01	-2.328872e-02	6.822570e-02	-4.353970e-01	5.481024e-01	-6.703973e-01	-2.270623e-01	3.680522e-01	
1.262453e-01	-2.401568e-01	-6.990448e-01	1.000000e+00	-5.361236e-01	5.919597e-01	-6.346151e-01	8.717276e-02	1.970599e-01	1.444043e-01	-2.010705e-01	2.767130e-01	5.303645e-02	-7.231634e-02	4.999399e-01	1.210019e-01	-1.264851e-01	1.251937e-01	-9.249520e-03	-2.344886e-02	3.104844e-01	-3.896685e-01	4.755370e-01	1.623328e-01	-2.572291e-01	
1.594446e-02	-1.216097e-02	2.233146e-02	-5.361236e-01	1.000000e+00	-9.851982e-01	9.446486e-01	-5.831098e-01	1.743101e-01	8.825281e-02	-1.277489e-01	1.674293e-01	1.260879e-01	-1.359075e-01	-6.930058e-03	-2.696743e-03	1.077781e-03	1.038154e-03	1.001406e-02	-1.474294e-02	4.625306e-03	-2.630301e-03	-7.845366e-04	-7.641101e-03	4.597761e-03	
-6.994996e-03	1.040458e-02	-2.399881e-02	5.919597e-01	-9.851982e-01	1.000000e+00	-9.864367e-01	5.191427e-01	-9.689107e-02	-1.004793e-01	1.438170e-01	-1.875847e-01	-1.371288e-01	1.615741e-01	6.449446e-03	5.557212e-03	-3.550631e-03	8.396590e-04	-9.423896e-03	1.356435e-02	-3.233949e-03	1.523412e-03	1.358411e-03	8.108748e-03	-4.637556e-03	
-7.971523e-03	-1.498533e-02	3.312027e-02	-6.346151e-01	9.446486e-01	-9.864367e-01	1.000000e+00	-4.491446e-01	2.913863e-02	1.118019e-01	-1.564465e-01	2.013569e-01	1.345913e-01	-1.692150e-01	-9.365344e-03	-9.935283e-03	7.691159e-03	-4.219818e-03	4.243418e-03	-7.584500e-03	-2.151029e-03	4.490981e-03	-7.751595e-03	-1.098308e-02	8.740460e-03	
3.288743e-02	1.499838e-01	-4.120024e-02	8.717276e-02	-5.831098e-01	5.191427e-01	-4.491446e-01	1.000000e+00	-8.816517e-01	1.121827e-01	-9.870380e-02	7.292698e-02	-6.019004e-02	-1.023850e-01	-9.556112e-03	1.859198e-02	-1.875322e-02	1.477594e-02	4.549798e-02	-4.388516e-02	1.515438e-02	-2.284336e-02	3.189155e-02	2.040918e-02	-3.061879e-02	
-3.657615e-03	-1.535636e-01	1.384527e-02	1.970599e-01	1.743101e-01	-9.689107e-02	2.913863e-02	-8.816517e-01	1.000000e+00	-1.699820e-01	1.742020e-01	-1.638828e-01	8.541010e-03	2.039922e-01	1.922954e-02	-5.294601e-03	6.451466e-03	-4.545285e-03	-4.584557e-02	4.300279e-02	-7.127880e-03	1.281146e-02	-1.988017e-02	-1.051237e-02	2.052235e-02	
-3.648992e-03	2.040977e-02	-3.226761e-01	1.444043e-01	8.825281e-02	-1.004793e-01	1.118019e-01	1.121827e-01	-1.699820e-01	1.000000e+00	-9.831253e-01	9.147254e-01	-7.322371e-01	5.464914e-01	2.311933e-01	3.754525e-02	-4.146660e-02	4.195781e-02	2.762082e-02	-3.692649e-02	1.501512e-01	-1.926505e-01	2.407485e-01	6.695020e-02	-1.212300e-01	
2.005345e-02	-2.286483e-02	4.359090e-01	-2.010705e-01	-1.277489e-01	1.438170e-01	-1.564465e-01	-9.870380e-02	1.742020e-01	-9.831253e-01	1.000000e+00	-9.724026e-01	6.764488e-01	-4.833077e-01	-3.081221e-01	-5.802331e-02	6.325812e-02	-6.385058e-02	-3.205241e-02	4.835365e-02	-2.066889e-01	2.639038e-01	-3.288011e-01	-8.814885e-02	1.626682e-01	
-5.711725e-02	3.355535e-02	-5.714012e-01	2.767130e-01	1.674293e-01	-1.875847e-01	2.013569e-01	7.292698e-02	-1.638828e-01	9.147254e-01	-9.724026e-01	1.000000e+00	-5.606281e-01	3.676869e-01	4.003612e-01	8.150822e-02	-8.846310e-02	8.946441e-02	3.575485e-02	-6.048513e-02	2.747054e-01	-3.500536e-01	4.360594e-01	1.120442e-01	-2.115870e-01	
1.249134e-01	-1.290774e-01	-1.747478e-01	5.303645e-02	1.260879e-01	-1.371288e-01	1.345913e-01	-6.019004e-02	8.541010e-03	-7.322371e-01	6.764488e-01	-5.606281e-01	1.000000e+00	-9.492564e-01	1.168454e-01	4.749069e-02	-4.937455e-02	4.848589e-02	-2.341340e-03	-1.194046e-02	7.506536e-02	-9.107583e-02	1.059468e-01	5.673189e-02	-7.690966e-02	
-8.687099e-02	7.277360e-02	2.839378e-01	-7.231634e-02	-1.359075e-01	1.615741e-01	-1.692150e-01	-1.023850e-01	2.039922e-01	5.464914e-01	-4.833077e-01	3.676869e-01	-9.492564e-01	1.000000e+00	-1.877467e-01	-6.145893e-02	6.494217e-02	-6.406525e-02	-1.559512e-02	3.407033e-02	-1.298911e-01	1.619195e-01	-1.958082e-01	-7.686199e-02	1.197656e-01	
7.804676e-02	-2.667559e-01	-6.697630e-01	4.999399e-01	-6.930058e-03	6.449446e-03	-9.365344e-03	-9.556112e-03	1.922954e-02	2.311933e-01	-3.081221e-01	4.003612e-01	1.168454e-01	-1.877467e-01	1.000000e+00	-4.178889e-01	4.695685e-01	-5.110099e-01	-1.489274e-02	2.321474e-01	1.935191e-01	-2.486256e-01	3.165352e-01	7.707817e-02	-1.239608e-01	
1.012129e-01	-3.112593e-02	-1.666503e-01	1.210019e-01	-2.696743e-03	5.557212e-03	-9.935283e-03	1.859198e-02	-5.294601e-03	3.754525e-02	-5.802331e-02	8.150822e-02	4.749069e-02	-6.145893e-02	-4.178889e-01	1.000000e+00	-9.852658e-01	9.441071e-01	-4.910781e-01	1.117516e-01	2.314875e-01	-2.780179e-01	3.169932e-01	1.059177e-01	-1.602073e-01	
-9.897845e-02	3.122516e-02	1.751912e-01	-1.264851e-01	1.077781e-03	-3.550631e-03	7.691159e-03	-1.875322e-02	6.451466e-03	-4.146660e-02	6.325812e-02	-8.846310e-02	-4.937455e-02	6.494217e-02	4.695685e-01	-9.852658e-01	1.000000e+00	-9.861231e-01	4.172599e-01	-2.694715e-02	-2.431525e-01	2.951415e-01	-3.395597e-01	-1.243631e-01	1.888882e-01	
8.749857e-02	-3.759942e-02	-1.730991e-01	1.251937e-01	1.038154e-03	8.396590e-04	-4.219818e-03	1.477594e-02	-4.545285e-03	4.195781e-02	-6.385058e-02	8.946441e-02	4.848589e-02	-6.406525e-02	-5.110099e-01	9.441071e-01	-9.861231e-01	1.000000e+00	-3.387636e-01	-4.931536e-02	2.461935e-01	-3.014120e-01	3.493300e-01	1.343620e-01	-2.051012e-01	
4.785967e-02	1.659309e-01	-2.328872e-02	-9.249520e-03	1.001406e-02	-9.423896e-03	4.243418e-03	4.549798e-02	-4.584557e-02	2.762082e-02	-3.205241e-02	3.575485e-02	-2.341340e-03	-1.559512e-02	-1.489274e-02	-4.910781e-01	4.172599e-01	-3.387636e-01	1.000000e+00	-9.049828e-01	6.892863e-03	-6.928214e-03	5.984441e-03	7.424077e-02	-1.560343e-01	
-5.933664e-02	-1.554937e-01	6.822570e-02	-2.344886e-02	-1.474294e-02	1.356435e-02	-7.584500e-03	-4.388516e-02	4.300279e-02	-3.692649e-02	4.835365e-02	-6.048513e-02	-1.194046e-02	3.407033e-02	2.321474e-01	1.117516e-01	-2.694715e-02	-4.931536e-02	-9.049828e-01	1.000000e+00	-9.917857e-02	1.179122e-01	-1.316693e-01	-1.270627e-01	2.493497e-01	
3.100057e-02	-3.349946e-02	-4.353970e-01	3.104844e-01	4.625306e-03	-3.233949e-03	-2.151029e-03	1.515438e-02	-7.127880e-03	1.501512e-01	-2.066889e-01	2.747054e-01	7.506536e-02	-1.298911e-01	1.935191e-01	2.314875e-01	-2.431525e-01	2.461935e-01	6.892863e-03	-9.917857e-02	1.000000e+00	-9.832988e-01	9.193406e-01	-6.412662e-01	4.543492e-01	
-1.673416e-02	2.845791e-02	5.481024e-01	-3.896685e-01	-2.630301e-03	1.523412e-03	4.490981e-03	-2.284336e-02	1.281146e-02	-1.926505e-01	2.639038e-01	-3.500536e-01	-9.107583e-02	1.619195e-01	-2.486256e-01	-2.780179e-01	2.951415e-01	-3.014120e-01	-6.928214e-03	1.179122e-01	-9.832988e-01	1.000000e+00	-9.748786e-01	5.650041e-01	-3.680699e-01	
-2.111411e-02	-7.902795e-03	-6.703973e-01	4.755370e-01	-7.845366e-04	1.358411e-03	-7.751595e-03	3.189155e-02	-1.988017e-02	2.407485e-01	-3.288011e-01	4.360594e-01	1.059468e-01	-1.958082e-01	3.165352e-01	3.169932e-01	-3.395597e-01	3.493300e-01	5.984441e-03	-1.316693e-01	9.193406e-01	-9.748786e-01	1.000000e+00	-4.364030e-01	2.359861e-01	
1.447144e-01	-1.048334e-01	-2.270623e-01	1.623328e-01	-7.641101e-03	8.108748e-03	-1.098308e-02	2.040918e-02	-1.051237e-02	6.695020e-02	-8.814885e-02	1.120442e-01	5.673189e-02	-7.686199e-02	7.707817e-02	1.059177e-01	-1.243631e-01	1.343620e-01	7.424077e-02	-1.270627e-01	-6.412662e-01	5.650041e-01	-4.364030e-01	1.000000e+00	-9.626215e-01	
-1.144351e-01	7.068182e-02	3.680522e-01	-2.572291e-01	4.597761e-03	-4.637556e-03	8.740460e-03	-3.061879e-02	2.052235e-02	-1.212300e-01	1.626682e-01	-2.115870e-01	-7.690966e-02	1.197656e-01	-1.239608e-01	-1.602073e-01	1.888882e-01	-2.051012e-01	-1.560343e-01	2.493497e-01	4.543492e-01	-3.680699e-01	2.359861e-01	-9.626215e-01	1.000000e+00	

Time taken for mcmc chain: 1.628056 hours
