Number of steps: 14207449
Number of accepted steps: 960000
Burn-in number of steps: 320000
Accepted fraction of steps: 0.067570
Convergence Status
R[0]= 1.000169	R[1]= 1.002957	R[2]= 1.133767	R[3]= 1.042431	R[4]= 1.000834	R[5]= 1.001186	R[6]= 1.001709	R[7]= 1.000802	R[8]= 1.000654	R[9]= 1.016522	R[10]= 1.026949	R[11]= 1.042431	R[12]= 1.000648	R[13]= 1.003535	R[14]= 1.046382	R[15]= 1.003356	R[16]= 1.004348	R[17]= 1.005170	R[18]= 1.001034	R[19]= 1.001261	R[20]= 1.009178	R[21]= 1.014553	R[22]= 1.023718	R[23]= 1.002820	R[24]= 1.007848	
<R>= 1.015771

Mean parameters
A[0]= 8.804611e-01 pm 4.011805e-02
A[1]= 1.000887e+00 pm 3.109947e-02
A[2]= 5.795732e-01 pm 5.634223e-01
A[3]= 3.811115e+00 pm 1.455142e+00
A[4]= -3.504142e+03 pm 3.787254e+03
A[5]= 1.568948e+03 pm 2.480844e+03
A[6]= 7.561436e+01 pm 5.741158e+02
A[7]= 1.097968e+01 pm 1.282635e+01
A[8]= -1.999874e-01 pm 1.875218e-01
A[9]= -6.095543e+03 pm 8.290814e+03
A[10]= 2.569605e+03 pm 4.981644e+03
A[11]= -5.187211e+02 pm 1.042356e+03
A[12]= 2.909197e+01 pm 4.844796e+01
A[13]= -6.490822e-01 pm 9.421783e-01
A[14]= 4.967564e+00 pm 1.935224e+00
A[15]= -7.281881e+03 pm 5.405544e+03
A[16]= 4.675044e+03 pm 3.549900e+03
A[17]= -7.087466e+02 pm 8.243845e+02
A[18]= 1.309383e+01 pm 1.927586e+01
A[19]= -7.004662e-02 pm 2.768005e-01
A[20]= -1.461887e+03 pm 1.153396e+04
A[21]= 4.484633e+02 pm 6.875008e+03
A[22]= -3.573095e+02 pm 1.417812e+03
A[23]= 1.546111e+01 pm 6.913390e+01
A[24]= -6.457535e-01 pm 1.361024e+00

Best-fitting parameters
A[0]= 8.888234e-01
A[1]= 9.920419e-01
A[2]= 1.507128e-01
A[3]= 4.437036e+00
A[4]= -2.401619e+03
A[5]= 9.598498e+02
A[6]= 2.064857e+02
A[7]= 1.122909e+01
A[8]= -2.097216e-01
A[9]= 1.607917e+03
A[10]= -2.296023e+03
A[11]= 4.988694e+02
A[12]= 1.824668e+01
A[13]= -6.726999e-01
A[14]= 5.982580e+00
A[15]= -9.753826e+03
A[16]= 5.800608e+03
A[17]= -8.599907e+02
A[18]= 2.768363e+01
A[19]= -2.561207e-01
A[20]= 9.956563e+03
A[21]= -6.472957e+03
A[22]= 1.064419e+03
A[23]= -3.475785e+00
A[24]= -6.263367e-01
chi2_min= 9.487695e+01


Cross-Covariance parameters
1.000000e+00	-5.278316e-01	-9.238648e-02	4.859314e-02	4.857927e-02	-3.670726e-02	1.774711e-02	9.935942e-03	1.285175e-02	-1.205084e-02	3.764344e-02	-8.554392e-02	1.105121e-01	-6.328201e-02	4.322946e-02	4.172926e-02	-3.375905e-02	1.946331e-02	2.322278e-02	-7.984837e-03	2.464378e-02	-7.427693e-04	-4.981449e-02	6.260723e-02	-3.031339e-02	
-5.278316e-01	1.000000e+00	1.834351e-01	-2.186705e-01	-2.384720e-03	-6.127071e-03	7.845866e-03	1.824071e-01	-1.893862e-01	1.285948e-02	-2.103931e-02	3.817168e-02	-1.100876e-01	4.648786e-02	-2.220848e-01	1.423286e-02	-1.659403e-02	1.204835e-02	1.395590e-01	-1.441273e-01	-2.323664e-02	1.694096e-02	4.662243e-03	-8.219984e-02	5.477324e-02	
-9.238648e-02	1.834351e-01	1.000000e+00	-6.989260e-01	4.508861e-02	-6.519957e-02	8.935706e-02	-2.759781e-02	-1.906933e-02	-3.831538e-01	4.977489e-01	-6.311166e-01	-1.417629e-01	2.529348e-01	-6.457652e-01	1.047301e-02	-1.991638e-02	3.139818e-02	-2.160234e-02	-5.735262e-04	-3.557485e-01	4.603397e-01	-5.882616e-01	-1.914576e-01	3.150410e-01	
4.859314e-02	-2.186705e-01	-6.989260e-01	1.000000e+00	-5.558894e-01	6.215675e-01	-6.712769e-01	3.365802e-02	2.504537e-01	2.124856e-01	-2.844340e-01	3.781060e-01	6.066118e-02	-8.712002e-02	5.002372e-01	-1.658778e-02	2.171155e-02	-2.751904e-02	3.368104e-03	1.367707e-02	2.567329e-01	-3.353384e-01	4.314460e-01	1.445284e-01	-2.314255e-01	
4.857927e-02	-2.384720e-03	4.508861e-02	-5.558894e-01	1.000000e+00	-9.848315e-01	9.431191e-01	-5.289693e-01	1.291309e-01	4.276611e-02	-6.256555e-02	7.587262e-02	9.588051e-02	-9.459440e-02	-5.465873e-02	4.574058e-02	-5.109529e-02	5.424707e-02	4.392557e-03	-2.431848e-02	-2.928453e-03	4.833745e-03	-9.126998e-03	8.678422e-03	-7.065318e-03	
-3.670726e-02	-6.127071e-03	-6.519957e-02	6.215675e-01	-9.848315e-01	1.000000e+00	-9.860386e-01	4.618201e-01	-5.106664e-02	-4.193821e-02	6.265705e-02	-7.661791e-02	-1.068505e-01	1.173186e-01	6.676461e-02	-4.652912e-02	5.245218e-02	-5.629436e-02	-3.584073e-03	2.461671e-02	3.306474e-03	-6.986557e-03	1.356108e-02	1.209580e-03	-4.401791e-03	
1.774711e-02	7.845866e-03	8.935706e-02	-6.712769e-01	9.431191e-01	-9.860386e-01	1.000000e+00	-3.897828e-01	-1.667640e-02	4.281556e-02	-6.280063e-02	7.561474e-02	1.046621e-01	-1.231422e-01	-7.931685e-02	4.541810e-02	-5.175645e-02	5.642884e-02	-4.893374e-04	-2.141980e-02	-6.726582e-03	1.271081e-02	-2.204837e-02	-1.215510e-02	1.778591e-02	
9.935942e-03	1.824071e-01	-2.759781e-02	3.365802e-02	-5.289693e-01	4.618201e-01	-3.897828e-01	1.000000e+00	-8.895841e-01	1.343447e-01	-1.239674e-01	1.013902e-01	-6.193683e-02	-1.108124e-01	-1.375298e-03	-5.536711e-03	1.123571e-02	-1.867357e-02	3.506426e-02	-2.585703e-02	3.433243e-02	-3.654205e-02	3.837264e-02	-3.317510e-02	2.397512e-02	
1.285175e-02	-1.893862e-01	-1.906933e-02	2.504537e-01	1.291309e-01	-5.106664e-02	-1.667640e-02	-8.895841e-01	1.000000e+00	-1.605741e-01	1.566208e-01	-1.355614e-01	2.699470e-02	1.843552e-01	4.046798e-02	-1.156765e-02	8.776770e-03	-3.983119e-03	-3.117135e-02	3.210618e-02	-2.391596e-02	2.351923e-02	-2.184375e-02	3.910431e-02	-3.281038e-02	
-1.205084e-02	1.285948e-02	-3.831538e-01	2.124856e-01	4.276611e-02	-4.193821e-02	4.281556e-02	1.343447e-01	-1.605741e-01	1.000000e+00	-9.833163e-01	9.168010e-01	-7.292437e-01	5.486788e-01	2.388462e-01	2.486533e-02	-2.348299e-02	1.962355e-02	1.237365e-02	-1.681745e-02	1.598804e-01	-2.078094e-01	2.669367e-01	6.471314e-02	-1.209213e-01	
3.764344e-02	-2.103931e-02	4.977489e-01	-2.844340e-01	-6.256555e-02	6.265705e-02	-6.280063e-02	-1.239674e-01	1.566208e-01	-9.833163e-01	1.000000e+00	-9.733401e-01	6.743017e-01	-4.881739e-01	-3.143019e-01	-2.665086e-02	2.515370e-02	-2.077085e-02	-1.921160e-02	2.346374e-02	-2.072146e-01	2.699251e-01	-3.476289e-01	-8.553506e-02	1.595508e-01	
-8.554392e-02	3.817168e-02	-6.311166e-01	3.781060e-01	7.587262e-02	-7.661791e-02	7.561474e-02	1.013902e-01	-1.355614e-01	9.168010e-01	-9.733401e-01	1.000000e+00	-5.615389e-01	3.778000e-01	4.034544e-01	2.706464e-02	-2.567493e-02	2.105913e-02	2.684660e-02	-3.061080e-02	2.624225e-01	-3.429369e-01	4.434550e-01	1.095453e-01	-2.048440e-01	
1.105121e-01	-1.100876e-01	-1.417629e-01	6.066118e-02	9.588051e-02	-1.068505e-01	1.046621e-01	-6.193683e-02	2.699470e-02	-7.292437e-01	6.743017e-01	-5.615389e-01	1.000000e+00	-9.498129e-01	1.148252e-01	-6.714854e-03	7.032524e-03	-8.127335e-03	9.516003e-03	-9.895239e-04	6.914573e-02	-8.090782e-02	9.219914e-02	2.984513e-02	-4.474025e-02	
-6.328201e-02	4.648786e-02	2.529348e-01	-8.712002e-02	-9.459440e-02	1.173186e-01	-1.231422e-01	-1.108124e-01	1.843552e-01	5.486788e-01	-4.881739e-01	3.778000e-01	-9.498129e-01	1.000000e+00	-1.817873e-01	7.199145e-04	-1.783935e-03	4.556166e-03	-2.029944e-02	1.263625e-02	-1.218925e-01	1.491529e-01	-1.803556e-01	-4.292022e-02	7.827948e-02	
4.322946e-02	-2.220848e-01	-6.457652e-01	5.002372e-01	-5.465873e-02	6.676461e-02	-7.931685e-02	-1.375298e-03	4.046798e-02	2.388462e-01	-3.143019e-01	4.034544e-01	1.148252e-01	-1.817873e-01	1.000000e+00	-5.505312e-01	6.179679e-01	-6.674827e-01	-5.559774e-02	3.155870e-01	1.502290e-01	-2.059983e-01	2.833371e-01	6.345548e-02	-9.962307e-02	
4.172926e-02	1.423286e-02	1.047301e-02	-1.658778e-02	4.574058e-02	-4.652912e-02	4.541810e-02	-5.536711e-03	-1.156765e-02	2.486533e-02	-2.665086e-02	2.706464e-02	-6.714854e-03	7.199145e-04	-5.505312e-01	1.000000e+00	-9.843759e-01	9.412025e-01	-4.691752e-01	9.525226e-02	1.442782e-01	-1.680100e-01	1.850265e-01	6.149565e-02	-8.831822e-02	
-3.375905e-02	-1.659403e-02	-1.991638e-02	2.171155e-02	-5.109529e-02	5.245218e-02	-5.175645e-02	1.123571e-02	8.776770e-03	-2.348299e-02	2.515370e-02	-2.567493e-02	7.032524e-03	-1.783935e-03	6.179679e-01	-9.843759e-01	1.000000e+00	-9.855536e-01	3.882179e-01	-4.565640e-03	-1.492699e-01	1.760760e-01	-1.960257e-01	-7.527130e-02	1.099328e-01	
1.946331e-02	1.204835e-02	3.139818e-02	-2.751904e-02	5.424707e-02	-5.629436e-02	5.642884e-02	-1.867357e-02	-3.983119e-03	1.962355e-02	-2.077085e-02	2.105913e-02	-8.127335e-03	4.556166e-03	-6.674827e-01	9.412025e-01	-9.855536e-01	1.000000e+00	-3.019216e-01	-7.788976e-02	1.482404e-01	-1.769964e-01	1.990746e-01	8.374978e-02	-1.233797e-01	
2.322278e-02	1.395590e-01	-2.160234e-02	3.368104e-03	4.392557e-03	-3.584073e-03	-4.893374e-04	3.506426e-02	-3.117135e-02	1.237365e-02	-1.921160e-02	2.684660e-02	9.516003e-03	-2.029944e-02	-5.559774e-02	-4.691752e-01	3.882179e-01	-3.019216e-01	1.000000e+00	-9.096389e-01	2.181843e-03	-1.572520e-03	-2.089136e-04	7.639475e-02	-1.582187e-01	
-7.984837e-03	-1.441273e-01	-5.735262e-04	1.367707e-02	-2.431848e-02	2.461671e-02	-2.141980e-02	-2.585703e-02	3.210618e-02	-1.681745e-02	2.346374e-02	-3.061080e-02	-9.895239e-04	1.263625e-02	3.155870e-01	9.525226e-02	-4.565640e-03	-7.788976e-02	-9.096389e-01	1.000000e+00	-5.769773e-02	6.595526e-02	-6.936500e-02	-1.101968e-01	2.196286e-01	
2.464378e-02	-2.323664e-02	-3.557485e-01	2.567329e-01	-2.928453e-03	3.306474e-03	-6.726582e-03	3.433243e-02	-2.391596e-02	1.598804e-01	-2.072146e-01	2.624225e-01	6.914573e-02	-1.218925e-01	1.502290e-01	1.442782e-01	-1.492699e-01	1.482404e-01	2.181843e-03	-5.769773e-02	1.000000e+00	-9.849455e-01	9.226124e-01	-7.097357e-01	5.498318e-01	
-7.427693e-04	1.694096e-02	4.603397e-01	-3.353384e-01	4.833745e-03	-6.986557e-03	1.271081e-02	-3.654205e-02	2.351923e-02	-2.078094e-01	2.699251e-01	-3.429369e-01	-8.090782e-02	1.491529e-01	-2.059983e-01	-1.680100e-01	1.760760e-01	-1.769964e-01	-1.572520e-03	6.595526e-02	-9.849455e-01	1.000000e+00	-9.746016e-01	6.553340e-01	-4.874146e-01	
-4.981449e-02	4.662243e-03	-5.882616e-01	4.314460e-01	-9.126998e-03	1.356108e-02	-2.204837e-02	3.837264e-02	-2.184375e-02	2.669367e-01	-3.476289e-01	4.434550e-01	9.219914e-02	-1.803556e-01	2.833371e-01	1.850265e-01	-1.960257e-01	1.990746e-01	-2.089136e-04	-6.936500e-02	9.226124e-01	-9.746016e-01	1.000000e+00	-5.434082e-01	3.723692e-01	
6.260723e-02	-8.219984e-02	-1.914576e-01	1.445284e-01	8.678422e-03	1.209580e-03	-1.215510e-02	-3.317510e-02	3.910431e-02	6.471314e-02	-8.553506e-02	1.095453e-01	2.984513e-02	-4.292022e-02	6.345548e-02	6.149565e-02	-7.527130e-02	8.374978e-02	7.639475e-02	-1.101968e-01	-7.097357e-01	6.553340e-01	-5.434082e-01	1.000000e+00	-9.671222e-01	
-3.031339e-02	5.477324e-02	3.150410e-01	-2.314255e-01	-7.065318e-03	-4.401791e-03	1.778591e-02	2.397512e-02	-3.281038e-02	-1.209213e-01	1.595508e-01	-2.048440e-01	-4.474025e-02	7.827948e-02	-9.962307e-02	-8.831822e-02	1.099328e-01	-1.233797e-01	-1.582187e-01	2.196286e-01	5.498318e-01	-4.874146e-01	3.723692e-01	-9.671222e-01	1.000000e+00	

Time taken for mcmc chain: 2.195833 hours
