Number of steps: 1005064
Number of accepted steps: 500000
Burn-in number of steps: 320000
Accepted fraction of steps: 0.497481
Convergence Status
R[0]= -nan	R[1]= -nan	R[2]= -nan	R[3]= -nan	R[4]= -nan	R[5]= -nan	R[6]= -nan	R[7]= -nan	R[8]= -nan	R[9]= -nan	R[10]= -nan	R[11]= -nan	R[12]= -nan	R[13]= -nan	R[14]= -nan	R[15]= -nan	R[16]= -nan	R[17]= -nan	R[18]= -nan	R[19]= -nan	R[20]= -nan	R[21]= -nan	R[22]= -nan	R[23]= -nan	R[24]= -nan	
<R>= -nan

Mean parameters
A[0]= 9.149864e-01 pm 1.523472e-01
A[1]= 9.652391e-01 pm 2.395339e-01
A[2]= 3.174341e-01 pm 2.410531e-01
A[3]= 4.217200e+00 pm 5.573514e-01
A[4]= -1.217109e+03 pm 4.886924e+03
A[5]= 2.054410e+01 pm 3.445251e+03
A[6]= 5.049190e+02 pm 8.807565e+02
A[7]= -6.674556e+00 pm 2.024636e+01
A[8]= 5.514912e-03 pm 2.038544e-01
A[9]= 6.956797e+02 pm 6.489534e+03
A[10]= -1.955424e+03 pm 3.896144e+03
A[11]= 5.543873e+02 pm 9.226086e+02
A[12]= -9.660786e+00 pm 5.100167e+01
A[13]= 1.996182e-01 pm 7.267213e-01
A[14]= 5.244960e+00 pm 4.323546e+00
A[15]= -7.144810e+03 pm 8.062059e+03
A[16]= 4.373633e+03 pm 5.593979e+03
A[17]= -7.243973e+02 pm 1.280360e+03
A[18]= -6.335248e+00 pm 1.438323e+01
A[19]= 1.111592e-01 pm 3.038099e-01
A[20]= 1.860904e+03 pm 5.161244e+03
A[21]= -9.684848e+02 pm 3.604105e+03
A[22]= -4.779852e+01 pm 1.002169e+03
A[23]= -1.842194e+01 pm 2.893442e+01
A[24]= 5.735101e-01 pm 6.820313e-01

Best-fitting parameters
A[0]= 8.385056e-01
A[1]= 1.163840e+00
A[2]= 2.890254e-01
A[3]= 4.806091e+00
A[4]= -2.696057e+03
A[5]= 1.672976e+03
A[6]= -5.931885e+01
A[7]= -4.717431e+00
A[8]= 1.267385e-01
A[9]= 6.982575e+03
A[10]= -5.718894e+03
A[11]= 1.426675e+03
A[12]= -3.836285e+01
A[13]= 5.258916e-01
A[14]= 6.539647e-01
A[15]= 1.029488e+03
A[16]= -1.502501e+03
A[17]= 6.515348e+02
A[18]= 7.709494e+00
A[19]= -2.053476e-01
A[20]= 3.797687e+03
A[21]= -2.800609e+03
A[22]= 5.938033e+02
A[23]= -6.415822e+00
A[24]= -5.815997e-02
chi2_min= 1.186952e+02


Cross-Covariance parameters
1.000000e+00	-9.460019e-01	-7.242750e-01	2.675975e-01	7.475593e-01	-7.820088e-01	8.071914e-01	-7.380154e-01	5.284939e-01	-2.842853e-01	4.799981e-01	-7.408797e-01	7.608335e-01	-5.125799e-01	9.190084e-01	-9.216897e-01	9.183736e-01	-9.112749e-01	-7.029079e-01	8.256656e-01	-4.048558e-01	6.160883e-01	-8.040073e-01	4.714356e-02	5.660558e-01	
-9.460019e-01	1.000000e+00	8.096841e-01	-1.531679e-01	-8.455820e-01	8.826947e-01	-9.127194e-01	7.942903e-01	-5.237093e-01	1.841300e-01	-3.754425e-01	6.487837e-01	-7.061116e-01	4.483017e-01	-9.820014e-01	9.644270e-01	-9.651375e-01	9.602777e-01	7.999440e-01	-9.082470e-01	4.197599e-01	-6.047387e-01	7.663651e-01	-5.702776e-02	-5.562469e-01	
-7.242750e-01	8.096841e-01	1.000000e+00	-2.460686e-01	-8.190619e-01	8.343284e-01	-8.398410e-01	7.583903e-01	-5.575147e-01	-5.194636e-02	-7.473839e-02	2.939130e-01	-5.235348e-01	3.205811e-01	-8.445936e-01	7.602525e-01	-7.700187e-01	7.748573e-01	7.171592e-01	-7.793100e-01	1.486412e-01	-2.637752e-01	3.892185e-01	-2.770795e-02	-3.847075e-01	
2.675975e-01	-1.531679e-01	-2.460686e-01	1.000000e+00	-9.710846e-02	1.072895e-01	-1.114875e-01	-4.580270e-02	1.243772e-01	-5.112122e-02	8.026264e-02	-1.120577e-01	1.521057e-01	-1.096767e-01	1.259839e-01	-1.144095e-01	1.081525e-01	-1.008300e-01	-3.933208e-02	4.086745e-02	-6.652182e-02	1.250721e-01	-1.928443e-01	1.684433e-02	1.167707e-01	
7.475593e-01	-8.455820e-01	-8.190619e-01	-9.710846e-02	1.000000e+00	-9.938534e-01	9.750346e-01	-9.213912e-01	6.850975e-01	-8.812842e-02	2.328742e-01	-4.569079e-01	5.853215e-01	-3.447247e-01	8.640613e-01	-8.092693e-01	8.177158e-01	-8.211621e-01	-7.501203e-01	8.276919e-01	-2.416854e-01	3.769496e-01	-5.045688e-01	6.850048e-03	4.584690e-01	
-7.820088e-01	8.826947e-01	8.343284e-01	1.072895e-01	-9.938534e-01	1.000000e+00	-9.933570e-01	9.199911e-01	-6.739964e-01	9.816611e-02	-2.496451e-01	4.836599e-01	-6.068869e-01	3.589285e-01	-8.999208e-01	8.485683e-01	-8.564966e-01	8.591033e-01	7.749643e-01	-8.595552e-01	2.652861e-01	-4.073803e-01	5.402274e-01	-1.132724e-02	-4.792372e-01	
8.071914e-01	-9.127194e-01	-8.398410e-01	-1.114875e-01	9.750346e-01	-9.933570e-01	1.000000e+00	-9.078805e-01	6.559981e-01	-1.046147e-01	2.615096e-01	-5.036574e-01	6.180674e-01	-3.613014e-01	9.264282e-01	-8.787216e-01	8.859055e-01	-8.873773e-01	-7.921481e-01	8.814418e-01	-2.887428e-01	4.354363e-01	-5.711908e-01	1.806281e-02	4.935119e-01	
-7.380154e-01	7.942903e-01	7.583903e-01	-4.580270e-02	-9.213912e-01	9.199911e-01	-9.078805e-01	1.000000e+00	-8.980734e-01	1.565450e-01	-2.826236e-01	4.727489e-01	-5.586983e-01	2.510456e-01	-8.018898e-01	7.431661e-01	-7.478928e-01	7.461989e-01	6.898112e-01	-7.525490e-01	2.121445e-01	-3.422413e-01	4.733992e-01	1.158634e-03	-4.458915e-01	
5.284939e-01	-5.237093e-01	-5.575147e-01	1.243772e-01	6.850975e-01	-6.739964e-01	6.559981e-01	-8.980734e-01	1.000000e+00	-1.736397e-01	2.417259e-01	-3.423489e-01	3.973374e-01	-7.659890e-02	5.273566e-01	-4.657406e-01	4.679863e-01	-4.641458e-01	-4.534580e-01	4.804718e-01	-8.884551e-02	1.716830e-01	-2.681086e-01	3.809484e-03	2.807266e-01	
-2.842853e-01	1.841300e-01	-5.194636e-02	-5.112122e-02	-8.812842e-02	9.816611e-02	-1.046147e-01	1.565450e-01	-1.736397e-01	1.000000e+00	-9.680477e-01	8.154064e-01	-7.344439e-01	7.300964e-01	-1.791453e-01	2.172557e-01	-2.172440e-01	2.175244e-01	1.051699e-01	-1.592648e-01	7.611130e-02	-1.834948e-01	2.850396e-01	2.933618e-02	-1.721393e-01	
4.799981e-01	-3.754425e-01	-7.473839e-02	8.026264e-02	2.328742e-01	-2.496451e-01	2.615096e-01	-2.826236e-01	2.417259e-01	-9.680477e-01	1.000000e+00	-9.323277e-01	8.522423e-01	-8.050943e-01	3.591419e-01	-4.032057e-01	4.008875e-01	-3.983029e-01	-2.440112e-01	3.221686e-01	-1.963546e-01	3.395044e-01	-4.673239e-01	-1.464178e-03	2.791132e-01	
-7.408797e-01	6.487837e-01	2.939130e-01	-1.120577e-01	-4.569079e-01	4.836599e-01	-5.036574e-01	4.727489e-01	-3.423489e-01	8.154064e-01	-9.323277e-01	1.000000e+00	-9.340574e-01	8.142211e-01	-6.206793e-01	6.632741e-01	-6.588685e-01	6.529919e-01	4.556895e-01	-5.630532e-01	3.447150e-01	-5.312317e-01	6.914198e-01	-3.297717e-02	-4.257277e-01	
7.608335e-01	-7.061116e-01	-5.235348e-01	1.521057e-01	5.853215e-01	-6.068869e-01	6.180674e-01	-5.586983e-01	3.973374e-01	-7.344439e-01	8.522423e-01	-9.340574e-01	1.000000e+00	-9.097375e-01	7.115403e-01	-7.180318e-01	7.200256e-01	-7.201782e-01	-5.409500e-01	6.470395e-01	-2.727740e-01	4.509207e-01	-6.157563e-01	1.965961e-02	4.323495e-01	
-5.125799e-01	4.483017e-01	3.205811e-01	-1.096767e-01	-3.447247e-01	3.589285e-01	-3.613014e-01	2.510456e-01	-7.659890e-02	7.300964e-01	-8.050943e-01	8.142211e-01	-9.097375e-01	1.000000e+00	-4.720671e-01	4.912248e-01	-4.952197e-01	5.002676e-01	3.338266e-01	-4.272855e-01	1.588004e-01	-2.988665e-01	4.306062e-01	2.365123e-02	-3.245728e-01	
9.190084e-01	-9.820014e-01	-8.445936e-01	1.259839e-01	8.640613e-01	-8.999208e-01	9.264282e-01	-8.018898e-01	5.273566e-01	-1.791453e-01	3.591419e-01	-6.206793e-01	7.115403e-01	-4.720671e-01	1.000000e+00	-9.740142e-01	9.798823e-01	-9.809631e-01	-8.144167e-01	9.309338e-01	-3.905631e-01	5.680390e-01	-7.253208e-01	5.328252e-02	5.419529e-01	
-9.216897e-01	9.644270e-01	7.602525e-01	-1.144095e-01	-8.092693e-01	8.485683e-01	-8.787216e-01	7.431661e-01	-4.657406e-01	2.172557e-01	-4.032057e-01	6.632741e-01	-7.180318e-01	4.912248e-01	-9.740142e-01	1.000000e+00	-9.986973e-01	9.951556e-01	6.992822e-01	-8.653452e-01	4.483039e-01	-6.327505e-01	7.875820e-01	-5.729993e-02	-5.459742e-01	
9.183736e-01	-9.651375e-01	-7.700187e-01	1.081525e-01	8.177158e-01	-8.564966e-01	8.859055e-01	-7.478928e-01	4.679863e-01	-2.172440e-01	4.008875e-01	-6.588685e-01	7.200256e-01	-4.952197e-01	9.798823e-01	-9.986973e-01	1.000000e+00	-9.987858e-01	-7.169053e-01	8.784294e-01	-4.434594e-01	6.274019e-01	-7.821194e-01	5.481253e-02	5.472798e-01	
-9.112749e-01	9.602777e-01	7.748573e-01	-1.008300e-01	-8.211621e-01	8.591033e-01	-8.873773e-01	7.461989e-01	-4.641458e-01	2.175244e-01	-3.983029e-01	6.529919e-01	-7.201782e-01	5.002676e-01	-9.809631e-01	9.951556e-01	-9.987858e-01	1.000000e+00	7.246530e-01	-8.841372e-01	4.375155e-01	-6.206658e-01	7.747838e-01	-5.174144e-02	-5.459805e-01	
-7.029079e-01	7.999440e-01	7.171592e-01	-3.933208e-02	-7.501203e-01	7.749643e-01	-7.921481e-01	6.898112e-01	-4.534580e-01	1.051699e-01	-2.440112e-01	4.556895e-01	-5.409500e-01	3.338266e-01	-8.144167e-01	6.992822e-01	-7.169053e-01	7.246530e-01	1.000000e+00	-9.565364e-01	2.808150e-01	-4.026887e-01	5.166995e-01	-9.844132e-03	-4.761674e-01	
8.256656e-01	-9.082470e-01	-7.793100e-01	4.086745e-02	8.276919e-01	-8.595552e-01	8.814418e-01	-7.525490e-01	4.804718e-01	-1.592648e-01	3.221686e-01	-5.630532e-01	6.470395e-01	-4.272855e-01	9.309338e-01	-8.653452e-01	8.784294e-01	-8.841372e-01	-9.565364e-01	1.000000e+00	-3.620931e-01	5.154360e-01	-6.512050e-01	1.991362e-02	5.430048e-01	
-4.048558e-01	4.197599e-01	1.486412e-01	-6.652182e-02	-2.416854e-01	2.652861e-01	-2.887428e-01	2.121445e-01	-8.884551e-02	7.611130e-02	-1.963546e-01	3.447150e-01	-2.727740e-01	1.588004e-01	-3.905631e-01	4.483039e-01	-4.434594e-01	4.375155e-01	2.808150e-01	-3.620931e-01	1.000000e+00	-9.578792e-01	8.215080e-01	-7.452526e-01	2.462747e-01	
6.160883e-01	-6.047387e-01	-2.637752e-01	1.250721e-01	3.769496e-01	-4.073803e-01	4.354363e-01	-3.422413e-01	1.716830e-01	-1.834948e-01	3.395044e-01	-5.312317e-01	4.509207e-01	-2.988665e-01	5.680390e-01	-6.327505e-01	6.274019e-01	-6.206658e-01	-4.026887e-01	5.154360e-01	-9.578792e-01	1.000000e+00	-9.497021e-01	6.339291e-01	-3.969314e-02	
-8.040073e-01	7.663651e-01	3.892185e-01	-1.928443e-01	-5.045688e-01	5.402274e-01	-5.711908e-01	4.733992e-01	-2.681086e-01	2.850396e-01	-4.673239e-01	6.914198e-01	-6.157563e-01	4.306062e-01	-7.253208e-01	7.875820e-01	-7.821194e-01	7.747838e-01	5.166995e-01	-6.512050e-01	8.215080e-01	-9.497021e-01	1.000000e+00	-4.424599e-01	-2.055642e-01	
4.714356e-02	-5.702776e-02	-2.770795e-02	1.684433e-02	6.850048e-03	-1.132724e-02	1.806281e-02	1.158634e-03	3.809484e-03	2.933618e-02	-1.464178e-03	-3.297717e-02	1.965961e-02	2.365123e-02	5.328252e-02	-5.729993e-02	5.481253e-02	-5.174144e-02	-9.844132e-03	1.991362e-02	-7.452526e-01	6.339291e-01	-4.424599e-01	1.000000e+00	-7.600895e-01	
5.660558e-01	-5.562469e-01	-3.847075e-01	1.167707e-01	4.584690e-01	-4.792372e-01	4.935119e-01	-4.458915e-01	2.807266e-01	-1.721393e-01	2.791132e-01	-4.257277e-01	4.323495e-01	-3.245728e-01	5.419529e-01	-5.459742e-01	5.472798e-01	-5.459805e-01	-4.761674e-01	5.430048e-01	2.462747e-01	-3.969314e-02	-2.055642e-01	-7.600895e-01	1.000000e+00	

Time taken for mcmc chain: 9.650000 minutes
