Number of steps: 5065044
Number of accepted steps: 500000
Burn-in number of steps: 320000
Accepted fraction of steps: 0.098716
Convergence Status
R[0]= -nan	R[1]= -nan	R[2]= -nan	R[3]= -nan	R[4]= -nan	R[5]= -nan	R[6]= -nan	R[7]= -nan	R[8]= -nan	R[9]= -nan	R[10]= -nan	R[11]= -nan	R[12]= -nan	R[13]= -nan	R[14]= -nan	R[15]= -nan	R[16]= -nan	R[17]= -nan	R[18]= -nan	R[19]= -nan	R[20]= -nan	R[21]= -nan	R[22]= -nan	R[23]= -nan	R[24]= -nan	
<R>= -nan

Mean parameters
A[0]= 8.282639e-01 pm 8.838444e-02
A[1]= 1.093092e+00 pm 1.759504e-01
A[2]= 9.323014e-01 pm 5.973938e-01
A[3]= 2.656329e+00 pm 1.527200e+00
A[4]= -2.179402e+03 pm 4.184363e+03
A[5]= 5.312394e+02 pm 2.788331e+03
A[6]= 3.424511e+02 pm 6.710929e+02
A[7]= 1.481133e+01 pm 1.453136e+01
A[8]= -3.004536e-01 pm 1.913671e-01
A[9]= -5.873845e+03 pm 8.271463e+03
A[10]= 2.322946e+03 pm 4.835754e+03
A[11]= -4.184355e+02 pm 9.759493e+02
A[12]= 2.020782e+01 pm 4.925576e+01
A[13]= -6.322898e-01 pm 9.315627e-01
A[14]= 1.334730e+00 pm 1.484034e+00
A[15]= -8.139236e+02 pm 3.390882e+03
A[16]= 1.987555e+02 pm 2.255839e+03
A[17]= 1.619480e+02 pm 5.099775e+02
A[18]= 8.922041e+00 pm 9.581962e+00
A[19]= -1.699340e-01 pm 1.453836e-01
A[20]= -3.793921e+03 pm 5.181490e+03
A[21]= 1.722858e+03 pm 3.080552e+03
A[22]= -3.439114e+02 pm 6.401816e+02
A[23]= 1.561495e+01 pm 3.036934e+01
A[24]= -2.989710e-01 pm 6.047994e-01

Best-fitting parameters
A[0]= 9.237051e-01
A[1]= 9.926921e-01
A[2]= 4.251045e-01
A[3]= 4.734189e+00
A[4]= -8.007779e+03
A[5]= 4.413770e+03
A[6]= -5.401001e+02
A[7]= 1.952354e+01
A[8]= -1.991343e-01
A[9]= -3.910421e+03
A[10]= 1.678972e+03
A[11]= -4.692787e+02
A[12]= 1.694608e+01
A[13]= -3.712164e-01
A[14]= 1.931119e+00
A[15]= -1.947333e+03
A[16]= 1.086687e+03
A[17]= -8.527865e+01
A[18]= 9.213569e+00
A[19]= -1.327255e-01
A[20]= -3.886517e+03
A[21]= 1.582560e+03
A[22]= -2.952001e+02
A[23]= 1.500136e+01
A[24]= -2.897229e-01
chi2_min= 8.777632e+01


Cross-Covariance parameters
1.000000e+00	-8.895866e-01	-4.692979e-01	5.277885e-01	-2.605192e-02	4.221224e-03	4.473054e-02	-3.617357e-01	3.005928e-01	3.171914e-02	3.603924e-02	-1.824163e-01	8.316787e-02	9.310319e-02	7.976691e-01	-5.972498e-01	6.107468e-01	-5.987433e-01	-3.814908e-01	5.325631e-01	-7.256324e-02	1.672186e-01	-3.336107e-01	-8.305111e-02	2.968771e-01	
-8.895866e-01	1.000000e+00	5.723542e-01	-6.056046e-01	-6.320114e-03	4.526811e-02	-1.165489e-01	4.162936e-01	-2.894393e-01	-7.256638e-02	2.134328e-02	1.007796e-01	-1.180699e-01	-4.654860e-02	-8.798117e-01	6.156950e-01	-6.216376e-01	5.950746e-01	4.536449e-01	-5.760806e-01	5.131369e-02	-1.397691e-01	3.000281e-01	6.999651e-02	-2.808811e-01	
-4.692979e-01	5.723542e-01	1.000000e+00	-8.490923e-01	2.479269e-01	-2.623334e-01	2.526915e-01	1.136252e-01	-1.594109e-01	-2.065340e-01	2.532295e-01	-2.957912e-01	-9.170739e-02	1.005399e-01	-5.512575e-01	1.844767e-01	-1.817324e-01	1.611832e-01	2.409826e-01	-2.609880e-01	-2.036144e-01	2.126098e-01	-1.858861e-01	-4.776314e-02	2.016391e-03	
5.277885e-01	-6.056046e-01	-8.490923e-01	1.000000e+00	-4.933782e-01	5.230598e-01	-5.107159e-01	-1.165916e-01	2.709379e-01	1.011395e-01	-1.126292e-01	1.121819e-01	4.754711e-02	4.607649e-03	5.885291e-01	-2.686763e-01	2.726009e-01	-2.584426e-01	-2.604320e-01	3.112783e-01	1.306035e-01	-1.223583e-01	7.572205e-02	3.164902e-02	4.069172e-02	
-2.605192e-02	-6.320114e-03	2.479269e-01	-4.933782e-01	1.000000e+00	-9.814820e-01	9.281301e-01	-5.973180e-01	2.504537e-01	6.885978e-02	-8.545053e-02	8.025727e-02	1.333877e-01	-6.536046e-02	-1.160649e-02	-3.602046e-02	3.159030e-02	-2.514400e-02	2.250064e-03	-3.279397e-03	-7.024690e-02	8.167334e-02	-9.085238e-02	-4.797999e-03	3.203825e-02	
4.221224e-03	4.526811e-02	-2.623334e-01	5.230598e-01	-9.814820e-01	1.000000e+00	-9.815362e-01	5.521328e-01	-1.763575e-01	-9.290842e-02	1.088743e-01	-9.775257e-02	-1.446354e-01	8.353032e-02	-3.730986e-02	8.537124e-02	-8.248528e-02	7.567126e-02	2.797932e-02	-3.698653e-02	9.562384e-02	-1.151480e-01	1.351981e-01	6.401267e-03	-4.755857e-02	
4.473054e-02	-1.165489e-01	2.526915e-01	-5.107159e-01	9.281301e-01	-9.815362e-01	1.000000e+00	-5.093653e-01	1.186347e-01	1.153673e-01	-1.275682e-01	1.057808e-01	1.491295e-01	-8.729479e-02	1.133561e-01	-1.515242e-01	1.504271e-01	-1.424590e-01	-7.205918e-02	9.420583e-02	-1.204019e-01	1.500187e-01	-1.851120e-01	-9.118001e-03	6.975494e-02	
-3.617357e-01	4.162936e-01	1.136252e-01	-1.165916e-01	-5.973180e-01	5.521328e-01	-5.093653e-01	1.000000e+00	-8.805568e-01	8.048318e-02	-9.479792e-02	1.379384e-01	-1.268210e-01	-1.117196e-01	-3.614707e-01	2.866409e-01	-2.861713e-01	2.710028e-01	1.511700e-01	-2.109761e-01	6.927835e-02	-1.036910e-01	1.649873e-01	2.622056e-02	-1.253568e-01	
3.005928e-01	-2.894393e-01	-1.594109e-01	2.709379e-01	2.504537e-01	-1.763575e-01	1.186347e-01	-8.805568e-01	1.000000e+00	-1.604846e-01	1.770832e-01	-2.025017e-01	6.238713e-02	1.903197e-01	2.376295e-01	-1.780932e-01	1.783617e-01	-1.698030e-01	-6.606299e-02	1.127649e-01	-2.094079e-02	3.605721e-02	-6.984649e-02	-1.848168e-02	7.721274e-02	
3.171914e-02	-7.256638e-02	-2.065340e-01	1.011395e-01	6.885978e-02	-9.290842e-02	1.153673e-01	8.048318e-02	-1.604846e-01	1.000000e+00	-9.844293e-01	9.092638e-01	-7.621470e-01	6.181435e-01	9.274001e-02	-3.888459e-02	4.058897e-02	-4.250728e-02	-2.052517e-02	2.780348e-02	-3.600768e-03	-6.851584e-03	2.513385e-02	6.104301e-02	-6.632587e-02	
3.603924e-02	2.134328e-02	2.532295e-01	-1.126292e-01	-8.545053e-02	1.088743e-01	-1.275682e-01	-9.479792e-02	1.770832e-01	-9.844293e-01	1.000000e+00	-9.666426e-01	7.454050e-01	-5.887508e-01	-6.153716e-02	-7.568435e-03	7.402471e-03	-5.906825e-03	-7.362138e-05	5.533729e-03	-2.093427e-02	4.337134e-02	-7.858266e-02	-8.305203e-02	1.057812e-01	
-1.824163e-01	1.007796e-01	-2.957912e-01	1.121819e-01	8.025727e-02	-9.775257e-02	1.057808e-01	1.379384e-01	-2.025017e-01	9.092638e-01	-9.666426e-01	1.000000e+00	-6.829106e-01	5.050693e-01	-2.981673e-02	1.104455e-01	-1.133275e-01	1.118773e-01	5.134591e-02	-8.427597e-02	6.429903e-02	-1.090954e-01	1.766934e-01	1.147164e-01	-1.749058e-01	
8.316787e-02	-1.180699e-01	-9.170739e-02	4.754711e-02	1.333877e-01	-1.446354e-01	1.491295e-01	-1.268210e-01	6.238713e-02	-7.621470e-01	7.454050e-01	-6.829106e-01	1.000000e+00	-9.357137e-01	1.212674e-01	-4.718893e-02	4.784018e-02	-4.237799e-02	-7.827770e-02	8.103967e-02	6.591368e-02	-5.870805e-02	3.611314e-02	-3.884004e-02	5.473852e-02	
9.310319e-02	-4.654860e-02	1.005399e-01	4.607649e-03	-6.536046e-02	8.353032e-02	-8.729479e-02	-1.117196e-01	1.903197e-01	6.181435e-01	-5.887508e-01	5.050693e-01	-9.357137e-01	1.000000e+00	6.018886e-03	-6.714777e-02	6.817480e-02	-6.991234e-02	1.804401e-02	7.188430e-03	-1.041935e-01	1.176922e-01	-1.289575e-01	1.770525e-02	1.429380e-02	
7.976691e-01	-8.798117e-01	-5.512575e-01	5.885291e-01	-1.160649e-02	-3.730986e-02	1.133561e-01	-3.614707e-01	2.376295e-01	9.274001e-02	-6.153716e-02	-2.981673e-02	1.212674e-01	6.018886e-03	1.000000e+00	-7.766865e-01	7.979367e-01	-7.892518e-01	-4.247958e-01	6.232615e-01	-1.090782e-01	1.981539e-01	-3.503254e-01	-6.962032e-02	2.830626e-01	
-5.972498e-01	6.156950e-01	1.844767e-01	-2.686763e-01	-3.602046e-02	8.537124e-02	-1.515242e-01	2.866409e-01	-1.780932e-01	-3.888459e-02	-7.568435e-03	1.104455e-01	-4.718893e-02	-6.714777e-02	-7.766865e-01	1.000000e+00	-9.924587e-01	9.696824e-01	-4.741018e-02	-2.974138e-01	2.793323e-01	-3.759646e-01	5.094390e-01	9.536035e-02	-2.736417e-01	
6.107468e-01	-6.216376e-01	-1.817324e-01	2.726009e-01	3.159030e-02	-8.248528e-02	1.504271e-01	-2.861713e-01	1.783617e-01	4.058897e-02	7.402471e-03	-1.133275e-01	4.784018e-02	6.817480e-02	7.979367e-01	-9.924587e-01	1.000000e+00	-9.918139e-01	-1.327795e-03	3.476002e-01	-2.895621e-01	3.899142e-01	-5.267803e-01	-1.050790e-01	2.890464e-01	
-5.987433e-01	5.950746e-01	1.611832e-01	-2.584426e-01	-2.514400e-02	7.567126e-02	-1.424590e-01	2.710028e-01	-1.698030e-01	-4.250728e-02	-5.906825e-03	1.118773e-01	-4.237799e-02	-6.991234e-02	-7.892518e-01	9.696824e-01	-9.918139e-01	1.000000e+00	2.800344e-02	-3.743106e-01	2.999107e-01	-4.010602e-01	5.356184e-01	1.119637e-01	-2.934727e-01	
-3.814908e-01	4.536449e-01	2.409826e-01	-2.604320e-01	2.250064e-03	2.797932e-02	-7.205918e-02	1.511700e-01	-6.606299e-02	-2.052517e-02	-7.362138e-05	5.134591e-02	-7.827770e-02	1.804401e-02	-4.247958e-01	-4.741018e-02	-1.327795e-03	2.800344e-02	1.000000e+00	-9.164550e-01	1.243406e-06	-4.318573e-02	1.229196e-01	7.756189e-02	-2.388033e-01	
5.325631e-01	-5.760806e-01	-2.609880e-01	3.112783e-01	-3.279397e-03	-3.698653e-02	9.420583e-02	-2.109761e-01	1.127649e-01	2.780348e-02	5.533729e-03	-8.427597e-02	8.103967e-02	7.188430e-03	6.232615e-01	-2.974138e-01	3.476002e-01	-3.743106e-01	-9.164550e-01	1.000000e+00	-1.159244e-01	1.860074e-01	-2.944650e-01	-1.150787e-01	3.287885e-01	
-7.256324e-02	5.131369e-02	-2.036144e-01	1.306035e-01	-7.024690e-02	9.562384e-02	-1.204019e-01	6.927835e-02	-2.094079e-02	-3.600768e-03	-2.093427e-02	6.429903e-02	6.591368e-02	-1.041935e-01	-1.090782e-01	2.793323e-01	-2.895621e-01	2.999107e-01	1.243406e-06	-1.159244e-01	1.000000e+00	-9.836192e-01	9.050068e-01	-7.492556e-01	5.767372e-01	
1.672186e-01	-1.397691e-01	2.126098e-01	-1.223583e-01	8.167334e-02	-1.151480e-01	1.500187e-01	-1.036910e-01	3.605721e-02	-6.851584e-03	4.337134e-02	-1.090954e-01	-5.870805e-02	1.176922e-01	1.981539e-01	-3.759646e-01	3.899142e-01	-4.010602e-01	-4.318573e-02	1.860074e-01	-9.836192e-01	1.000000e+00	-9.654008e-01	7.012450e-01	-5.057522e-01	
-3.336107e-01	3.000281e-01	-1.858861e-01	7.572205e-02	-9.085238e-02	1.351981e-01	-1.851120e-01	1.649873e-01	-6.984649e-02	2.513385e-02	-7.858266e-02	1.766934e-01	3.611314e-02	-1.289575e-01	-3.503254e-01	5.094390e-01	-5.267803e-01	5.356184e-01	1.229196e-01	-2.944650e-01	9.050068e-01	-9.654008e-01	1.000000e+00	-5.849534e-01	3.596863e-01	
-8.305111e-02	6.999651e-02	-4.776314e-02	3.164902e-02	-4.797999e-03	6.401267e-03	-9.118001e-03	2.622056e-02	-1.848168e-02	6.104301e-02	-8.305203e-02	1.147164e-01	-3.884004e-02	1.770525e-02	-6.962032e-02	9.536035e-02	-1.050790e-01	1.119637e-01	7.756189e-02	-1.150787e-01	-7.492556e-01	7.012450e-01	-5.849534e-01	1.000000e+00	-9.454168e-01	
2.968771e-01	-2.808811e-01	2.016391e-03	4.069172e-02	3.203825e-02	-4.755857e-02	6.975494e-02	-1.253568e-01	7.721274e-02	-6.632587e-02	1.057812e-01	-1.749058e-01	5.473852e-02	1.429380e-02	2.830626e-01	-2.736417e-01	2.890464e-01	-2.934727e-01	-2.388033e-01	3.287885e-01	5.767372e-01	-5.057522e-01	3.596863e-01	-9.454168e-01	1.000000e+00	

Time taken for mcmc chain: 1.425833 hours
