Number of steps: 14818077
Number of accepted steps: 960000
Burn-in number of steps: 320000
Accepted fraction of steps: 0.064786
Convergence Status
R[0]= 1.000510	R[1]= 1.000629	R[2]= 1.002663	R[3]= 1.000275	R[4]= 1.000234	R[5]= 1.000223	R[6]= 1.000237	R[7]= 1.000789	R[8]= 1.001076	R[9]= 1.000875	R[10]= 1.001246	R[11]= 1.001891	R[12]= 1.000474	R[13]= 1.000577	R[14]= 1.000294	R[15]= 1.000488	R[16]= 1.000502	R[17]= 1.000502	R[18]= 1.001297	R[19]= 1.001473	R[20]= 1.001049	R[21]= 1.001441	R[22]= 1.001956	R[23]= 1.000164	R[24]= 1.000619	
<R>= 1.000859

Mean parameters
A[0]= 9.248952e-01 pm 3.513318e-02
A[1]= 1.047046e+00 pm 3.005131e-02
A[2]= 6.398511e-01 pm 4.307619e-01
A[3]= 3.526576e+00 pm 1.175738e+00
A[4]= -3.905338e+03 pm 3.774854e+03
A[5]= 1.928738e+03 pm 2.483383e+03
A[6]= -4.641893e+00 pm 5.827918e+02
A[7]= 1.669096e+01 pm 1.311654e+01
A[8]= -2.684000e-01 pm 1.810099e-01
A[9]= -3.815387e+03 pm 8.374922e+03
A[10]= 1.621185e+03 pm 5.023722e+03
A[11]= -4.243091e+02 pm 1.054590e+03
A[12]= 1.869632e+01 pm 4.902649e+01
A[13]= -5.485234e-01 pm 9.458722e-01
A[14]= 5.046521e+00 pm 1.595254e+00
A[15]= -6.703711e+03 pm 5.241209e+03
A[16]= 4.873921e+03 pm 3.442078e+03
A[17]= -8.511078e+02 pm 8.060990e+02
A[18]= 1.904858e+00 pm 1.940719e+01
A[19]= 1.457205e-01 pm 2.668495e-01
A[20]= 5.878808e+03 pm 1.181637e+04
A[21]= -3.312979e+03 pm 7.173187e+03
A[22]= 2.215565e+02 pm 1.525799e+03
A[23]= -4.879693e+01 pm 6.776407e+01
A[24]= 6.895204e-01 pm 1.326130e+00

Best-fitting parameters
A[0]= 9.219938e-01
A[1]= 1.044695e+00
A[2]= 5.789591e-01
A[3]= 3.893340e+00
A[4]= -6.605823e+03
A[5]= 3.653370e+03
A[6]= -3.753215e+02
A[7]= 2.425919e+01
A[8]= -3.082092e-01
A[9]= 2.838903e+03
A[10]= -1.965427e+03
A[11]= 1.310930e+02
A[12]= -1.444959e+01
A[13]= -1.131102e-01
A[14]= 4.502146e+00
A[15]= -5.014809e+03
A[16]= 3.523749e+03
A[17]= -4.849538e+02
A[18]= 2.070128e-01
A[19]= 1.195093e-01
A[20]= 5.949396e+02
A[21]= -4.744484e+02
A[22]= -2.599130e+02
A[23]= 7.162942e-01
A[24]= -3.573447e-01
chi2_min= 8.975837e+01


Cross-Covariance parameters
1.000000e+00	-5.122906e-01	-1.352450e-01	7.488827e-02	2.256271e-02	-2.137521e-02	1.184983e-02	7.204058e-02	-6.263105e-02	-2.207986e-02	3.740809e-02	-7.213718e-02	1.406303e-01	-1.132840e-01	4.890493e-02	6.724571e-02	-7.142890e-02	6.645915e-02	6.612416e-02	-7.336164e-02	1.405978e-02	-2.390000e-04	-3.606408e-02	1.362036e-01	-1.124526e-01	
-5.122906e-01	1.000000e+00	1.667003e-01	-1.667029e-01	-3.285237e-02	3.658114e-02	-4.668550e-02	1.332258e-01	-1.213643e-01	2.759761e-02	-3.585435e-02	5.293547e-02	-1.229289e-01	7.345422e-02	-2.258934e-01	2.397641e-03	-7.298968e-04	-7.936342e-03	1.404288e-01	-1.430019e-01	-1.688467e-02	9.247355e-03	1.357696e-02	-6.754493e-02	3.251745e-02	
-1.352450e-01	1.667003e-01	1.000000e+00	-6.925346e-01	-1.181036e-02	1.633583e-02	-1.320223e-02	-3.514530e-02	2.201850e-02	-3.612880e-01	4.807982e-01	-6.218650e-01	-1.284242e-01	2.588532e-01	-6.516029e-01	-1.204501e-01	1.337896e-01	-1.367246e-01	-5.074326e-02	9.585488e-02	-4.288834e-01	5.431804e-01	-6.737454e-01	-1.448850e-01	3.014013e-01	
7.488827e-02	-1.667029e-01	-6.925346e-01	1.000000e+00	-5.337492e-01	5.868890e-01	-6.266660e-01	1.602602e-01	1.241776e-01	1.760622e-01	-2.382327e-01	3.176552e-01	3.448886e-02	-8.166004e-02	4.762854e-01	8.094313e-02	-9.010964e-02	9.276028e-02	2.039469e-02	-5.252211e-02	2.954459e-01	-3.764591e-01	4.692885e-01	1.061627e-01	-2.132236e-01	
2.256271e-02	-3.285237e-02	-1.181036e-02	-5.337492e-01	1.000000e+00	-9.850230e-01	9.434140e-01	-6.461918e-01	2.530799e-01	6.760490e-02	-1.049754e-01	1.456315e-01	1.076974e-01	-1.020419e-01	1.141267e-02	4.438554e-03	-4.521895e-03	4.981824e-03	-6.498558e-03	6.475625e-03	1.165043e-02	-1.223978e-02	1.210853e-02	-6.487254e-03	5.157281e-03	
-2.137521e-02	3.658114e-02	1.633583e-02	5.868890e-01	-9.850230e-01	1.000000e+00	-9.859835e-01	5.928591e-01	-1.845178e-01	-7.970676e-02	1.209162e-01	-1.657034e-01	-1.171006e-01	1.245204e-01	-1.630785e-02	-4.870226e-03	4.874184e-03	-5.332326e-03	7.987783e-03	-7.743914e-03	-1.180024e-02	1.293627e-02	-1.359045e-02	2.879399e-03	-7.471932e-04	
1.184983e-02	-4.668550e-02	-1.320223e-02	-6.266660e-01	9.434140e-01	-9.859835e-01	1.000000e+00	-5.293843e-01	1.212582e-01	9.253621e-02	-1.351868e-01	1.812047e-01	1.133636e-01	-1.302838e-01	1.806181e-02	3.244758e-03	-3.210668e-03	4.026579e-03	-1.288859e-02	1.282719e-02	8.369103e-03	-9.231921e-03	9.861645e-03	-1.307295e-03	-8.475448e-05	
7.204058e-02	1.332258e-01	-3.514530e-02	1.602602e-01	-6.461918e-01	5.928591e-01	-5.293843e-01	1.000000e+00	-8.826247e-01	1.089144e-01	-9.133844e-02	5.950057e-02	-6.737719e-02	-9.084155e-02	-1.110844e-02	1.550234e-02	-1.872024e-02	1.788001e-02	5.780963e-02	-6.249133e-02	1.732320e-02	-2.234791e-02	2.817355e-02	2.771838e-02	-4.008401e-02	
-6.263105e-02	-1.213643e-01	2.201850e-02	1.241776e-01	2.530799e-01	-1.845178e-01	1.212582e-01	-8.826247e-01	1.000000e+00	-1.655912e-01	1.628473e-01	-1.436364e-01	3.055194e-02	1.758944e-01	1.350331e-02	-1.170372e-02	1.483254e-02	-1.463642e-02	-5.297321e-02	5.629866e-02	-1.561119e-02	1.912879e-02	-2.319820e-02	-2.082399e-02	3.183136e-02	
-2.207986e-02	2.759761e-02	-3.612880e-01	1.760622e-01	6.760490e-02	-7.970676e-02	9.253621e-02	1.089144e-01	-1.655912e-01	1.000000e+00	-9.829133e-01	9.137539e-01	-7.598662e-01	5.782563e-01	2.150863e-01	6.069344e-02	-6.981671e-02	7.457946e-02	3.467242e-02	-6.107982e-02	1.653177e-01	-2.118442e-01	2.676339e-01	5.569260e-02	-1.207372e-01	
3.740809e-02	-3.585435e-02	4.807982e-01	-2.382327e-01	-1.049754e-01	1.209162e-01	-1.351868e-01	-9.133844e-02	1.628473e-01	-9.829133e-01	1.000000e+00	-9.721216e-01	7.081995e-01	-5.184589e-01	-2.950987e-01	-7.345450e-02	8.382737e-02	-8.870214e-02	-4.125625e-02	7.255106e-02	-2.182325e-01	2.796752e-01	-3.533463e-01	-7.088367e-02	1.569549e-01	
-7.213718e-02	5.293547e-02	-6.218650e-01	3.176552e-01	1.456315e-01	-1.657034e-01	1.812047e-01	5.950057e-02	-1.436364e-01	9.137539e-01	-9.721216e-01	1.000000e+00	-5.947554e-01	4.041023e-01	3.917769e-01	8.666774e-02	-9.826846e-02	1.031626e-01	4.746482e-02	-8.414916e-02	2.810103e-01	-3.605885e-01	4.563020e-01	8.668668e-02	-1.983138e-01	
1.406303e-01	-1.229289e-01	-1.284242e-01	3.448886e-02	1.076974e-01	-1.171006e-01	1.133636e-01	-6.737719e-02	3.055194e-02	-7.598662e-01	7.081995e-01	-5.947554e-01	1.000000e+00	-9.494803e-01	1.128866e-01	2.367584e-03	-6.849638e-04	-2.452142e-03	-4.694398e-03	8.528564e-03	4.717571e-02	-5.710356e-02	6.493513e-02	2.546098e-02	-3.764745e-02	
-1.132840e-01	7.345422e-02	2.588532e-01	-8.166004e-02	-1.020419e-01	1.245204e-01	-1.302838e-01	-9.084155e-02	1.758944e-01	5.782563e-01	-5.184589e-01	4.041023e-01	-9.494803e-01	1.000000e+00	-1.933386e-01	-1.844695e-02	1.930797e-02	-1.692227e-02	-1.366599e-02	1.654661e-02	-1.105249e-01	1.378588e-01	-1.669091e-01	-4.028432e-02	7.842926e-02	
4.890493e-02	-2.258934e-01	-6.516029e-01	4.762854e-01	1.141267e-02	-1.630785e-02	1.806181e-02	-1.110844e-02	1.350331e-02	2.150863e-01	-2.950987e-01	3.917769e-01	1.128866e-01	-1.933386e-01	1.000000e+00	-4.644764e-01	5.207869e-01	-5.644652e-01	5.983980e-02	1.730874e-01	1.820242e-01	-2.376498e-01	3.088224e-01	3.188319e-02	-8.656442e-02	
6.724571e-02	2.397641e-03	-1.204501e-01	8.094313e-02	4.438554e-03	-4.870226e-03	3.244758e-03	1.550234e-02	-1.170372e-02	6.069344e-02	-7.345450e-02	8.666774e-02	2.367584e-03	-1.844695e-02	-4.644764e-01	1.000000e+00	-9.837952e-01	9.381991e-01	-5.733154e-01	2.080962e-01	1.978967e-01	-2.349458e-01	2.673590e-01	5.598428e-02	-9.802826e-02	
-7.142890e-02	-7.298968e-04	1.337896e-01	-9.010964e-02	-4.521895e-03	4.874184e-03	-3.210668e-03	-1.872024e-02	1.483254e-02	-6.981671e-02	8.382737e-02	-9.826846e-02	-6.849638e-04	1.930797e-02	5.207869e-01	-9.837952e-01	1.000000e+00	-9.845687e-01	5.019853e-01	-1.217068e-01	-2.100645e-01	2.528458e-01	-2.912547e-01	-7.441477e-02	1.272531e-01	
6.645915e-02	-7.936342e-03	-1.367246e-01	9.276028e-02	4.981824e-03	-5.332326e-03	4.026579e-03	1.788001e-02	-1.463642e-02	7.457946e-02	-8.870214e-02	1.031626e-01	-2.452142e-03	-1.692227e-02	-5.644652e-01	9.381991e-01	-9.845687e-01	1.000000e+00	-4.204286e-01	3.951893e-02	2.138182e-01	-2.602892e-01	3.028717e-01	8.613800e-02	-1.457630e-01	
6.612416e-02	1.404288e-01	-5.074326e-02	2.039469e-02	-6.498558e-03	7.987783e-03	-1.288859e-02	5.780963e-02	-5.297321e-02	3.467242e-02	-4.125625e-02	4.746482e-02	-4.694398e-03	-1.366599e-02	5.983980e-02	-5.733154e-01	5.019853e-01	-4.204286e-01	1.000000e+00	-9.056341e-01	-2.986161e-03	3.501272e-03	-4.122779e-03	8.018543e-02	-1.619954e-01	
-7.336164e-02	-1.430019e-01	9.585488e-02	-5.252211e-02	6.475625e-03	-7.743914e-03	1.282719e-02	-6.249133e-02	5.629866e-02	-6.107982e-02	7.255106e-02	-8.414916e-02	8.528564e-03	1.654661e-02	1.730874e-01	2.080962e-01	-1.217068e-01	3.951893e-02	-9.056341e-01	1.000000e+00	-8.528742e-02	1.009819e-01	-1.136070e-01	-1.170637e-01	2.399993e-01	
1.405978e-02	-1.688467e-02	-4.288834e-01	2.954459e-01	1.165043e-02	-1.180024e-02	8.369103e-03	1.732320e-02	-1.561119e-02	1.653177e-01	-2.182325e-01	2.810103e-01	4.717571e-02	-1.105249e-01	1.820242e-01	1.978967e-01	-2.100645e-01	2.138182e-01	-2.986161e-03	-8.528742e-02	1.000000e+00	-9.839705e-01	9.198248e-01	-7.096538e-01	5.297358e-01	
-2.390000e-04	9.247355e-03	5.431804e-01	-3.764591e-01	-1.223978e-02	1.293627e-02	-9.231921e-03	-2.234791e-02	1.912879e-02	-2.118442e-01	2.796752e-01	-3.605885e-01	-5.710356e-02	1.378588e-01	-2.376498e-01	-2.349458e-01	2.528458e-01	-2.602892e-01	3.501272e-03	1.009819e-01	-9.839705e-01	1.000000e+00	-9.742742e-01	6.494120e-01	-4.586862e-01	
-3.606408e-02	1.357696e-02	-6.737454e-01	4.692885e-01	1.210853e-02	-1.359045e-02	9.861645e-03	2.817355e-02	-2.319820e-02	2.676339e-01	-3.533463e-01	4.563020e-01	6.493513e-02	-1.669091e-01	3.088224e-01	2.673590e-01	-2.912547e-01	3.028717e-01	-4.122779e-03	-1.136070e-01	9.198248e-01	-9.742742e-01	1.000000e+00	-5.321757e-01	3.360824e-01	
1.362036e-01	-6.754493e-02	-1.448850e-01	1.061627e-01	-6.487254e-03	2.879399e-03	-1.307295e-03	2.771838e-02	-2.082399e-02	5.569260e-02	-7.088367e-02	8.668668e-02	2.546098e-02	-4.028432e-02	3.188319e-02	5.598428e-02	-7.441477e-02	8.613800e-02	8.018543e-02	-1.170637e-01	-7.096538e-01	6.494120e-01	-5.321757e-01	1.000000e+00	-9.613885e-01	
-1.124526e-01	3.251745e-02	3.014013e-01	-2.132236e-01	5.157281e-03	-7.471932e-04	-8.475448e-05	-4.008401e-02	3.183136e-02	-1.207372e-01	1.569549e-01	-1.983138e-01	-3.764745e-02	7.842926e-02	-8.656442e-02	-9.802826e-02	1.272531e-01	-1.457630e-01	-1.619954e-01	2.399993e-01	5.297358e-01	-4.586862e-01	3.360824e-01	-9.613885e-01	1.000000e+00	

Time taken for mcmc chain: 1.131389 hours
