Number of steps: 1001578
Number of accepted steps: 500000
Burn-in number of steps: 320000
Accepted fraction of steps: 0.499212
Convergence Status
R[0]= -nan	R[1]= -nan	R[2]= -nan	R[3]= -nan	R[4]= -nan	R[5]= -nan	R[6]= -nan	R[7]= -nan	R[8]= -nan	R[9]= -nan	R[10]= -nan	R[11]= -nan	R[12]= -nan	R[13]= -nan	R[14]= -nan	R[15]= -nan	R[16]= -nan	R[17]= -nan	R[18]= -nan	R[19]= -nan	R[20]= -nan	R[21]= -nan	R[22]= -nan	R[23]= -nan	R[24]= -nan	
<R>= -nan

Mean parameters
A[0]= 8.467665e-01 pm 1.080898e-01
A[1]= 1.037638e+00 pm 2.117844e-01
A[2]= 2.890312e-01 pm 2.004102e-01
A[3]= 4.368459e+00 pm 9.766616e-01
A[4]= 1.151665e+03 pm 5.870727e+03
A[5]= -9.991095e+02 pm 4.126543e+03
A[6]= 6.665836e+02 pm 1.054451e+03
A[7]= -1.417756e+01 pm 2.101235e+01
A[8]= 6.706444e-02 pm 2.036417e-01
A[9]= 1.442601e+04 pm 6.680530e+03
A[10]= -1.022721e+04 pm 4.001706e+03
A[11]= 2.315495e+03 pm 8.966483e+02
A[12]= -9.503359e+01 pm 5.298982e+01
A[13]= 1.573203e+00 pm 8.376319e-01
A[14]= 3.583943e+00 pm 3.813598e+00
A[15]= -9.451499e+02 pm 6.967585e+03
A[16]= 4.573352e+02 pm 4.731712e+03
A[17]= 1.518862e+02 pm 1.059750e+03
A[18]= -1.911827e+01 pm 1.371941e+01
A[19]= 2.023134e-01 pm 2.592224e-01
A[20]= 6.948377e+03 pm 4.669362e+03
A[21]= -4.412910e+03 pm 2.835934e+03
A[22]= 8.414106e+02 pm 6.788045e+02
A[23]= -4.335023e+01 pm 2.971578e+01
A[24]= 8.570769e-01 pm 6.502876e-01

Best-fitting parameters
A[0]= 8.848809e-01
A[1]= 1.203169e+00
A[2]= 2.765770e-01
A[3]= 5.534360e+00
A[4]= -1.605313e+03
A[5]= 1.749452e+03
A[6]= -2.167086e+02
A[7]= -1.415520e+01
A[8]= 2.682256e-01
A[9]= 1.685529e+04
A[10]= -1.188489e+04
A[11]= 2.742101e+03
A[12]= -1.230548e+02
A[13]= 2.134964e+00
A[14]= 1.182168e+00
A[15]= 7.756571e+01
A[16]= -7.461101e+02
A[17]= 4.811866e+02
A[18]= 1.418689e+00
A[19]= -6.640180e-02
A[20]= 1.068348e+04
A[21]= -6.536350e+03
A[22]= 1.281183e+03
A[23]= -4.387022e+01
A[24]= 5.640864e-01
chi2_min= 1.515169e+02


Cross-Covariance parameters
1.000000e+00	-8.368913e-01	-6.742331e-01	-6.650647e-02	5.555269e-01	-5.672911e-01	5.761150e-01	-5.641083e-01	3.981027e-01	-7.726524e-02	2.523867e-01	-5.069011e-01	4.993526e-01	-3.198182e-01	8.299179e-01	-7.887711e-01	7.926440e-01	-7.890174e-01	-6.345606e-01	7.288908e-01	-1.903820e-01	3.975182e-01	-6.800539e-01	-3.399344e-02	4.755988e-01	
-8.368913e-01	1.000000e+00	7.310091e-01	4.437094e-01	-8.246676e-01	8.566737e-01	-8.821197e-01	7.840822e-01	-4.655133e-01	1.647790e-01	-3.352286e-01	5.819371e-01	-5.958532e-01	3.845869e-01	-9.791447e-01	9.472449e-01	-9.533513e-01	9.516416e-01	7.570507e-01	-8.735279e-01	2.489566e-01	-4.295104e-01	6.664309e-01	9.465914e-03	-4.441569e-01	
-6.742331e-01	7.310091e-01	1.000000e+00	6.303167e-02	-5.902680e-01	6.008545e-01	-6.074605e-01	5.733881e-01	-3.966873e-01	-3.006965e-02	-5.704951e-02	2.125021e-01	-3.774124e-01	2.362052e-01	-7.723396e-01	7.068253e-01	-7.130251e-01	7.148217e-01	5.913088e-01	-6.760803e-01	8.008545e-02	-1.850802e-01	3.436487e-01	2.728065e-03	-2.960658e-01	
-6.650647e-02	4.437094e-01	6.303167e-02	1.000000e+00	-7.223033e-01	7.467402e-01	-7.544608e-01	5.012669e-01	-1.156403e-01	3.412981e-01	-4.066277e-01	4.766356e-01	-4.404385e-01	3.546453e-01	-3.907625e-01	3.965169e-01	-4.086421e-01	4.194536e-01	3.167585e-01	-3.753940e-01	2.891515e-01	-3.169339e-01	3.095019e-01	-1.608368e-01	1.399312e-02	
5.555269e-01	-8.246676e-01	-5.902680e-01	-7.223033e-01	1.000000e+00	-9.934843e-01	9.756577e-01	-9.044880e-01	5.788377e-01	-3.620806e-01	4.774066e-01	-6.264325e-01	6.492747e-01	-4.374983e-01	7.964274e-01	-7.664527e-01	7.800207e-01	-7.890458e-01	-6.149873e-01	7.177473e-01	-2.778743e-01	3.877342e-01	-5.151474e-01	7.327208e-02	2.527403e-01	
-5.672911e-01	8.566737e-01	6.008545e-01	7.467402e-01	-9.934843e-01	1.000000e+00	-9.941103e-01	8.961303e-01	-5.488588e-01	3.446647e-01	-4.668037e-01	6.278604e-01	-6.518940e-01	4.434901e-01	-8.294722e-01	8.002053e-01	-8.136446e-01	8.222524e-01	6.451613e-01	-7.515451e-01	2.859828e-01	-4.011224e-01	5.349926e-01	-6.922504e-02	-2.703444e-01	
5.761150e-01	-8.821197e-01	-6.074605e-01	-7.544608e-01	9.756577e-01	-9.941103e-01	1.000000e+00	-8.802252e-01	5.184033e-01	-3.188346e-01	4.465220e-01	-6.184812e-01	6.422075e-01	-4.362993e-01	8.561245e-01	-8.286815e-01	8.415075e-01	-8.492288e-01	-6.681259e-01	7.778454e-01	-2.903887e-01	4.106171e-01	-5.510590e-01	6.308819e-02	2.871214e-01	
-5.641083e-01	7.840822e-01	5.733881e-01	5.012669e-01	-9.044880e-01	8.961303e-01	-8.802252e-01	1.000000e+00	-8.540635e-01	4.238746e-01	-5.216018e-01	6.370167e-01	-6.345969e-01	3.742853e-01	-7.774896e-01	7.427633e-01	-7.532793e-01	7.588555e-01	6.264688e-01	-7.138444e-01	2.300415e-01	-3.345226e-01	4.712783e-01	-1.239694e-03	-3.227856e-01	
3.981027e-01	-4.655133e-01	-3.966873e-01	-1.156403e-01	5.788377e-01	-5.488588e-01	5.184033e-01	-8.540635e-01	1.000000e+00	-4.246388e-01	4.615869e-01	-4.831264e-01	4.586902e-01	-2.021005e-01	4.817250e-01	-4.414512e-01	4.476116e-01	-4.504126e-01	-4.238955e-01	4.570601e-01	-1.144275e-01	1.699396e-01	-2.581707e-01	-4.086067e-02	2.492504e-01	
-7.726524e-02	1.647790e-01	-3.006965e-02	3.412981e-01	-3.620806e-01	3.446647e-01	-3.188346e-01	4.238746e-01	-4.246388e-01	1.000000e+00	-9.724994e-01	8.429550e-01	-7.964937e-01	7.381409e-01	-1.488118e-01	1.819134e-01	-1.815095e-01	1.796545e-01	7.942853e-02	-1.404913e-01	3.771776e-01	-3.619927e-01	3.035292e-01	-2.170746e-01	6.840379e-02	
2.523867e-01	-3.352286e-01	-5.704951e-02	-4.066277e-01	4.774066e-01	-4.668037e-01	4.465220e-01	-5.216018e-01	4.615869e-01	-9.724994e-01	1.000000e+00	-9.434188e-01	8.949408e-01	-8.173501e-01	3.120166e-01	-3.397887e-01	3.412140e-01	-3.396267e-01	-2.030070e-01	2.826985e-01	-3.968522e-01	4.258509e-01	-4.279265e-01	1.931983e-01	3.303656e-02	
-5.069011e-01	5.819371e-01	2.125021e-01	4.766356e-01	-6.264325e-01	6.278604e-01	-6.184812e-01	6.370167e-01	-4.831264e-01	8.429550e-01	-9.434188e-01	1.000000e+00	-9.520995e-01	8.428878e-01	-5.503851e-01	5.646523e-01	-5.687398e-01	5.676287e-01	3.942990e-01	-4.946708e-01	3.964671e-01	-4.917421e-01	5.868483e-01	-1.437641e-01	-1.872733e-01	
4.993526e-01	-5.958532e-01	-3.774124e-01	-4.404385e-01	6.492747e-01	-6.518940e-01	6.422075e-01	-6.345969e-01	4.586902e-01	-7.964937e-01	8.949408e-01	-9.520995e-01	1.000000e+00	-9.355384e-01	5.886557e-01	-5.932435e-01	6.008977e-01	-6.040935e-01	-4.100632e-01	5.236772e-01	-3.619107e-01	4.455768e-01	-5.295578e-01	1.366249e-01	1.831986e-01	
-3.198182e-01	3.845869e-01	2.362052e-01	3.546453e-01	-4.374983e-01	4.434901e-01	-4.362993e-01	3.742853e-01	-2.021005e-01	7.381409e-01	-8.173501e-01	8.428878e-01	-9.355384e-01	1.000000e+00	-3.895625e-01	4.082943e-01	-4.152331e-01	4.193748e-01	2.427055e-01	-3.433325e-01	2.927031e-01	-3.429483e-01	3.814688e-01	-1.206068e-01	-1.050034e-01	
8.299179e-01	-9.791447e-01	-7.723396e-01	-3.907625e-01	7.964274e-01	-8.294722e-01	8.561245e-01	-7.774896e-01	4.817250e-01	-1.488118e-01	3.120166e-01	-5.503851e-01	5.886557e-01	-3.895625e-01	1.000000e+00	-9.665540e-01	9.761370e-01	-9.786410e-01	-7.765618e-01	9.059912e-01	-2.388976e-01	4.103505e-01	-6.388442e-01	-2.579951e-02	4.576264e-01	
-7.887711e-01	9.472449e-01	7.068253e-01	3.965169e-01	-7.664527e-01	8.002053e-01	-8.286815e-01	7.427633e-01	-4.414512e-01	1.819134e-01	-3.397887e-01	5.646523e-01	-5.932435e-01	4.082943e-01	-9.665540e-01	1.000000e+00	-9.976854e-01	9.915733e-01	6.185021e-01	-8.068757e-01	2.682010e-01	-4.363676e-01	6.519793e-01	2.135889e-02	-4.404329e-01	
7.926440e-01	-9.533513e-01	-7.130251e-01	-4.086421e-01	7.800207e-01	-8.136446e-01	8.415075e-01	-7.532793e-01	4.476116e-01	-1.815095e-01	3.412140e-01	-5.687398e-01	6.008977e-01	-4.152331e-01	9.761370e-01	-9.976854e-01	1.000000e+00	-9.979855e-01	-6.473200e-01	8.293853e-01	-2.694741e-01	4.385188e-01	-6.549944e-01	-2.408442e-02	4.461449e-01	
-7.890174e-01	9.516416e-01	7.148217e-01	4.194536e-01	-7.890458e-01	8.222524e-01	-8.492288e-01	7.588555e-01	-4.504126e-01	1.796545e-01	-3.396267e-01	5.676287e-01	-6.040935e-01	4.193748e-01	-9.786410e-01	9.915733e-01	-9.979855e-01	1.000000e+00	6.642764e-01	-8.422871e-01	2.695999e-01	-4.380229e-01	6.529448e-01	2.644221e-02	-4.475144e-01	
-6.345606e-01	7.570507e-01	5.913088e-01	3.167585e-01	-6.149873e-01	6.451613e-01	-6.681259e-01	6.264688e-01	-4.238955e-01	7.942853e-02	-2.030070e-01	3.942990e-01	-4.100632e-01	2.427055e-01	-7.765618e-01	6.185021e-01	-6.473200e-01	6.642764e-01	1.000000e+00	-9.529985e-01	1.429294e-01	-2.726596e-01	4.552236e-01	3.867600e-02	-3.910905e-01	
7.288908e-01	-8.735279e-01	-6.760803e-01	-3.753940e-01	7.177473e-01	-7.515451e-01	7.778454e-01	-7.138444e-01	4.570601e-01	-1.404913e-01	2.826985e-01	-4.946708e-01	5.236772e-01	-3.433325e-01	9.059912e-01	-8.068757e-01	8.293853e-01	-8.422871e-01	-9.529985e-01	1.000000e+00	-2.201056e-01	3.722873e-01	-5.737731e-01	-2.479084e-02	4.364925e-01	
-1.903820e-01	2.489566e-01	8.008545e-02	2.891515e-01	-2.778743e-01	2.859828e-01	-2.903887e-01	2.300415e-01	-1.144275e-01	3.771776e-01	-3.968522e-01	3.964671e-01	-3.619107e-01	2.927031e-01	-2.388976e-01	2.682010e-01	-2.694741e-01	2.695999e-01	1.429294e-01	-2.201056e-01	1.000000e+00	-9.660311e-01	7.995982e-01	-8.422197e-01	5.497123e-01	
3.975182e-01	-4.295104e-01	-1.850802e-01	-3.169339e-01	3.877342e-01	-4.011224e-01	4.106171e-01	-3.345226e-01	1.699396e-01	-3.619927e-01	4.258509e-01	-4.917421e-01	4.455768e-01	-3.429483e-01	4.103505e-01	-4.363676e-01	4.385188e-01	-4.380229e-01	-2.726596e-01	3.722873e-01	-9.660311e-01	1.000000e+00	-9.258174e-01	7.849809e-01	-4.101819e-01	
-6.800539e-01	6.664309e-01	3.436487e-01	3.095019e-01	-5.151474e-01	5.349926e-01	-5.510590e-01	4.712783e-01	-2.581707e-01	3.035292e-01	-4.279265e-01	5.868483e-01	-5.295578e-01	3.814688e-01	-6.388442e-01	6.519793e-01	-6.549944e-01	6.529448e-01	4.552236e-01	-5.737731e-01	7.995982e-01	-9.258174e-01	1.000000e+00	-5.845505e-01	1.240599e-01	
-3.399344e-02	9.465914e-03	2.728065e-03	-1.608368e-01	7.327208e-02	-6.922504e-02	6.308819e-02	-1.239694e-03	-4.086067e-02	-2.170746e-01	1.931983e-01	-1.437641e-01	1.366249e-01	-1.206068e-01	-2.579951e-02	2.135889e-02	-2.408442e-02	2.644221e-02	3.867600e-02	-2.479084e-02	-8.422197e-01	7.849809e-01	-5.845505e-01	1.000000e+00	-8.641174e-01	
4.755988e-01	-4.441569e-01	-2.960658e-01	1.399312e-02	2.527403e-01	-2.703444e-01	2.871214e-01	-3.227856e-01	2.492504e-01	6.840379e-02	3.303656e-02	-1.872733e-01	1.831986e-01	-1.050034e-01	4.576264e-01	-4.404329e-01	4.461449e-01	-4.475144e-01	-3.910905e-01	4.364925e-01	5.497123e-01	-4.101819e-01	1.240599e-01	-8.641174e-01	1.000000e+00	

Time taken for mcmc chain: 9.200000 minutes
