Number of steps: 4211296
Number of accepted steps: 960000
Burn-in number of steps: 320000
Accepted fraction of steps: 0.227958
Convergence Status
R[0]= 1.000183	R[1]= 1.001504	R[2]= 1.043060	R[3]= 1.016615	R[4]= 1.003889	R[5]= 1.004070	R[6]= 1.004047	R[7]= 1.001476	R[8]= 1.001851	R[9]= 1.005097	R[10]= 1.007446	R[11]= 1.010943	R[12]= 1.000524	R[13]= 1.001327	R[14]= 1.011179	R[15]= 1.000509	R[16]= 1.000278	R[17]= 1.000101	R[18]= 1.000472	R[19]= 1.000770	R[20]= 1.005636	R[21]= 1.008851	R[22]= 1.013787	R[23]= 1.000713	R[24]= 1.001920	
<R>= 1.005850

Mean parameters
A[0]= 8.808365e-01 pm 3.911633e-02
A[1]= 9.994708e-01 pm 2.907886e-02
A[2]= 4.525713e-01 pm 3.471003e-01
A[3]= 4.030899e+00 pm 1.322958e+00
A[4]= -3.635424e+03 pm 3.820646e+03
A[5]= 1.666988e+03 pm 2.495305e+03
A[6]= 4.945319e+01 pm 5.750892e+02
A[7]= 1.087187e+01 pm 1.280046e+01
A[8]= -1.950603e-01 pm 1.867350e-01
A[9]= -5.482607e+03 pm 8.123784e+03
A[10]= 2.097605e+03 pm 4.766667e+03
A[11]= -3.955905e+02 pm 9.634386e+02
A[12]= 2.958652e+01 pm 4.878003e+01
A[13]= -6.732892e-01 pm 9.432060e-01
A[14]= 5.262072e+00 pm 1.756389e+00
A[15]= -7.400639e+03 pm 5.280617e+03
A[16]= 4.777398e+03 pm 3.452845e+03
A[17]= -7.373021e+02 pm 7.994982e+02
A[18]= 1.259699e+01 pm 1.921104e+01
A[19]= -5.857898e-02 pm 2.762071e-01
A[20]= -6.553111e+02 pm 1.114627e+04
A[21]= -1.645943e+02 pm 6.504664e+03
A[22]= -1.988377e+02 pm 1.297283e+03
A[23]= 1.755638e+01 pm 6.751356e+01
A[24]= -7.184646e-01 pm 1.310154e+00

Best-fitting parameters
A[0]= 8.760172e-01
A[1]= 1.002044e+00
A[2]= 2.770876e-01
A[3]= 4.507056e+00
A[4]= -3.571395e+03
A[5]= 1.754686e+03
A[6]= -1.241335e+01
A[7]= 1.379199e+01
A[8]= -2.473058e-01
A[9]= -7.389893e+03
A[10]= 3.039127e+03
A[11]= -5.298107e+02
A[12]= 6.678414e+01
A[13]= -1.572573e+00
A[14]= 6.226462e+00
A[15]= -5.894868e+03
A[16]= 4.282794e+03
A[17]= -7.473805e+02
A[18]= 1.547775e+00
A[19]= 9.700634e-02
A[20]= 2.870033e+03
A[21]= -2.319725e+03
A[22]= 2.416178e+02
A[23]= 2.043420e+01
A[24]= -7.757726e-01
chi2_min= 9.421321e+01


Cross-Covariance parameters
1.000000e+00	-5.109978e-01	-7.492866e-02	4.435568e-02	2.853910e-02	-1.499387e-02	-4.443185e-03	2.204371e-02	5.829021e-03	-3.314244e-02	6.213902e-02	-1.157052e-01	9.710145e-02	-4.575054e-02	2.010531e-02	4.005159e-02	-3.268362e-02	1.901227e-02	2.904623e-02	-1.255788e-02	1.237153e-03	2.699094e-02	-8.472659e-02	6.755734e-02	-2.924378e-02	
-5.109978e-01	1.000000e+00	1.777018e-01	-2.119609e-01	2.286160e-03	-1.053738e-02	1.067312e-02	1.692871e-01	-1.760039e-01	4.503822e-02	-5.910626e-02	8.305018e-02	-1.205267e-01	5.258959e-02	-2.030791e-01	4.701536e-03	-5.749985e-03	7.700741e-04	1.438841e-01	-1.368548e-01	2.265377e-02	-3.100049e-02	5.552479e-02	-9.249692e-02	5.437029e-02	
-7.492866e-02	1.777018e-01	1.000000e+00	-6.032235e-01	-2.699385e-02	2.704824e-02	-2.144651e-02	-2.689077e-02	1.816092e-02	-3.209251e-01	4.309384e-01	-5.720513e-01	-1.734516e-01	2.777184e-01	-5.426763e-01	-7.294999e-02	7.555740e-02	-7.145659e-02	4.298025e-03	1.037424e-02	-3.209728e-01	4.213586e-01	-5.519452e-01	-1.674789e-01	2.714699e-01	
4.435568e-02	-2.119609e-01	-6.032235e-01	1.000000e+00	-5.972028e-01	6.602246e-01	-7.055359e-01	4.464403e-02	2.564856e-01	1.217531e-01	-1.718113e-01	2.477550e-01	4.911796e-02	-4.840641e-02	3.757069e-01	3.337518e-02	-3.233865e-02	2.896110e-02	-4.057069e-02	3.561129e-02	1.877915e-01	-2.507646e-01	3.317072e-01	1.070121e-01	-1.660866e-01	
2.853910e-02	2.286160e-03	-2.699385e-02	-5.972028e-01	1.000000e+00	-9.854451e-01	9.450151e-01	-5.344223e-01	1.310018e-01	4.811188e-02	-7.428110e-02	9.781545e-02	1.018340e-01	-1.068855e-01	-1.501166e-02	1.506279e-02	-1.882358e-02	2.187635e-02	1.322999e-02	-2.045386e-02	1.242452e-02	-1.151328e-02	1.054114e-02	7.232375e-03	-9.686773e-03	
-1.499387e-02	-1.053738e-02	2.704824e-02	6.602246e-01	-9.854451e-01	1.000000e+00	-9.864113e-01	4.680555e-01	-5.450280e-02	-5.550664e-02	8.422335e-02	-1.103565e-01	-1.101166e-01	1.285449e-01	1.668707e-02	-1.572912e-02	1.986825e-02	-2.324345e-02	-1.462324e-02	2.277306e-02	-1.284906e-02	1.251120e-02	-1.261503e-02	-6.643251e-03	9.646540e-03	
-4.443185e-03	1.067312e-02	-2.144651e-02	-7.055359e-01	9.450151e-01	-9.864113e-01	1.000000e+00	-3.971846e-01	-1.159292e-02	6.496106e-02	-9.464218e-02	1.215271e-01	1.064350e-01	-1.344419e-01	-1.885111e-02	1.475575e-02	-1.923735e-02	2.312694e-02	1.314065e-02	-2.221029e-02	1.085944e-02	-1.065460e-02	1.125513e-02	4.569363e-03	-7.254934e-03	
2.204371e-02	1.692871e-01	-2.689077e-02	4.464403e-02	-5.344223e-01	4.680555e-01	-3.971846e-01	1.000000e+00	-8.882021e-01	1.416638e-01	-1.326217e-01	1.106435e-01	-6.598740e-02	-1.061259e-01	-1.783651e-02	8.483929e-03	-8.590824e-03	5.671894e-03	5.666614e-02	-5.394410e-02	2.598619e-02	-3.102247e-02	3.770129e-02	-3.036033e-03	-8.913633e-03	
5.829021e-03	-1.760039e-01	1.816092e-02	2.564856e-01	1.310018e-01	-5.450280e-02	-1.159292e-02	-8.882021e-01	1.000000e+00	-1.774169e-01	1.790628e-01	-1.641845e-01	3.156580e-02	1.833956e-01	3.249144e-02	-1.231239e-02	1.441051e-02	-1.375012e-02	-5.820699e-02	6.010134e-02	-2.449675e-02	2.811630e-02	-3.372522e-02	3.183871e-03	9.288438e-03	
-3.314244e-02	4.503822e-02	-3.209251e-01	1.217531e-01	4.811188e-02	-5.550664e-02	6.496106e-02	1.416638e-01	-1.774169e-01	1.000000e+00	-9.850854e-01	9.221949e-01	-7.655691e-01	5.951035e-01	1.657640e-01	2.192140e-02	-2.387117e-02	2.326389e-02	2.064591e-02	-2.411422e-02	1.148543e-01	-1.496115e-01	1.962748e-01	5.102770e-02	-9.285665e-02	
6.213902e-02	-5.910626e-02	4.309384e-01	-1.718113e-01	-7.428110e-02	8.422335e-02	-9.464218e-02	-1.326217e-01	1.790628e-01	-9.850854e-01	1.000000e+00	-9.741005e-01	7.287719e-01	-5.533550e-01	-2.254361e-01	-2.968953e-02	3.206137e-02	-3.113229e-02	-2.161838e-02	2.725107e-02	-1.537781e-01	2.012386e-01	-2.653858e-01	-6.597694e-02	1.214962e-01	
-1.157052e-01	8.305018e-02	-5.720513e-01	2.477550e-01	9.781545e-02	-1.103565e-01	1.215271e-01	1.106435e-01	-1.641845e-01	9.221949e-01	-9.741005e-01	1.000000e+00	-6.344960e-01	4.610151e-01	3.031291e-01	3.860056e-02	-4.156732e-02	4.039116e-02	2.125298e-02	-2.980524e-02	2.034583e-01	-2.678357e-01	3.555348e-01	8.420303e-02	-1.578179e-01	
9.710145e-02	-1.205267e-01	-1.734516e-01	4.911796e-02	1.018340e-01	-1.101166e-01	1.064350e-01	-6.598740e-02	3.156580e-02	-7.655691e-01	7.287719e-01	-6.344960e-01	1.000000e+00	-9.508220e-01	9.087883e-02	2.354752e-02	-2.520815e-02	2.548459e-02	-1.117556e-02	4.648257e-03	4.955286e-02	-6.462445e-02	8.224995e-02	3.534225e-02	-4.633067e-02	
-4.575054e-02	5.258959e-02	2.777184e-01	-4.840641e-02	-1.068855e-01	1.285449e-01	-1.344419e-01	-1.061259e-01	1.833956e-01	5.951035e-01	-5.533550e-01	4.610151e-01	-9.508220e-01	1.000000e+00	-1.384457e-01	-3.210811e-02	3.477403e-02	-3.503860e-02	-1.320740e-03	9.963901e-03	-8.898953e-02	1.172724e-01	-1.537398e-01	-4.950535e-02	7.719848e-02	
2.010531e-02	-2.030791e-01	-5.426763e-01	3.757069e-01	-1.501166e-02	1.668707e-02	-1.885111e-02	-1.783651e-02	3.249144e-02	1.657640e-01	-2.254361e-01	3.031291e-01	9.087883e-02	-1.384457e-01	1.000000e+00	-5.809278e-01	6.531293e-01	-7.062397e-01	-8.022333e-02	3.464289e-01	6.976236e-02	-1.088837e-01	1.704459e-01	2.484871e-02	-2.627512e-02	
4.005159e-02	4.701536e-03	-7.294999e-02	3.337518e-02	1.506279e-02	-1.572912e-02	1.475575e-02	8.483929e-03	-1.231239e-02	2.192140e-02	-2.968953e-02	3.860056e-02	2.354752e-02	-3.210811e-02	-5.809278e-01	1.000000e+00	-9.840492e-01	9.394510e-01	-4.735944e-01	1.112772e-01	1.477269e-01	-1.744246e-01	1.975850e-01	5.879706e-02	-8.940212e-02	
-3.268362e-02	-5.749985e-03	7.555740e-02	-3.233865e-02	-1.882358e-02	1.986825e-02	-1.923735e-02	-8.590824e-03	1.441051e-02	-2.387117e-02	3.206137e-02	-4.156732e-02	-2.520815e-02	3.477403e-02	6.531293e-01	-9.840492e-01	1.000000e+00	-9.849773e-01	3.896488e-01	-1.702213e-02	-1.532488e-01	1.836117e-01	-2.107755e-01	-7.519479e-02	1.153437e-01	
1.901227e-02	7.700741e-04	-7.145659e-02	2.896110e-02	2.187635e-02	-2.324345e-02	2.312694e-02	5.671894e-03	-1.375012e-02	2.326389e-02	-3.113229e-02	4.039116e-02	2.548459e-02	-3.503860e-02	-7.062397e-01	9.394510e-01	-9.849773e-01	1.000000e+00	-2.997732e-01	-6.946650e-02	1.530624e-01	-1.858082e-01	2.158734e-01	8.567362e-02	-1.321699e-01	
2.904623e-02	1.438841e-01	4.298025e-03	-4.057069e-02	1.322999e-02	-1.462324e-02	1.314065e-02	5.666614e-02	-5.820699e-02	2.064591e-02	-2.161838e-02	2.125298e-02	-1.117556e-02	-1.320740e-03	-8.022333e-02	-4.735944e-01	3.896488e-01	-2.997732e-01	1.000000e+00	-9.136195e-01	7.970991e-03	-3.974620e-03	-2.955399e-03	6.948087e-02	-1.545014e-01	
-1.255788e-02	-1.368548e-01	1.037424e-02	3.561129e-02	-2.045386e-02	2.277306e-02	-2.221029e-02	-5.394410e-02	6.010134e-02	-2.411422e-02	2.725107e-02	-2.980524e-02	4.648257e-03	9.963901e-03	3.464289e-01	1.112772e-01	-1.702213e-02	-6.946650e-02	-9.136195e-01	1.000000e+00	-6.317318e-02	6.955390e-02	-7.060908e-02	-1.045072e-01	2.197415e-01	
1.237153e-03	2.265377e-02	-3.209728e-01	1.877915e-01	1.242452e-02	-1.284906e-02	1.085944e-02	2.598619e-02	-2.449675e-02	1.148543e-01	-1.537781e-01	2.034583e-01	4.955286e-02	-8.898953e-02	6.976236e-02	1.477269e-01	-1.532488e-01	1.530624e-01	7.970991e-03	-6.317318e-02	1.000000e+00	-9.863540e-01	9.273528e-01	-7.608832e-01	6.213367e-01	
2.699094e-02	-3.100049e-02	4.213586e-01	-2.507646e-01	-1.151328e-02	1.251120e-02	-1.065460e-02	-3.102247e-02	2.811630e-02	-1.496115e-01	2.012386e-01	-2.678357e-01	-6.462445e-02	1.172724e-01	-1.088837e-01	-1.744246e-01	1.836117e-01	-1.858082e-01	-3.974620e-03	6.955390e-02	-9.863540e-01	1.000000e+00	-9.754273e-01	7.273476e-01	-5.818169e-01	
-8.472659e-02	5.552479e-02	-5.519452e-01	3.317072e-01	1.054114e-02	-1.261503e-02	1.125513e-02	3.770129e-02	-3.372522e-02	1.962748e-01	-2.653858e-01	3.555348e-01	8.224995e-02	-1.537398e-01	1.704459e-01	1.975850e-01	-2.107755e-01	2.158734e-01	-2.955399e-03	-7.060908e-02	9.273528e-01	-9.754273e-01	1.000000e+00	-6.403057e-01	4.931710e-01	
6.755734e-02	-9.249692e-02	-1.674789e-01	1.070121e-01	7.232375e-03	-6.643251e-03	4.569363e-03	-3.036033e-03	3.183871e-03	5.102770e-02	-6.597694e-02	8.420303e-02	3.534225e-02	-4.950535e-02	2.484871e-02	5.879706e-02	-7.519479e-02	8.567362e-02	6.948087e-02	-1.045072e-01	-7.608832e-01	7.273476e-01	-6.403057e-01	1.000000e+00	-9.689996e-01	
-2.924378e-02	5.437029e-02	2.714699e-01	-1.660866e-01	-9.686773e-03	9.646540e-03	-7.254934e-03	-8.913633e-03	9.288438e-03	-9.285665e-02	1.214962e-01	-1.578179e-01	-4.633067e-02	7.719848e-02	-2.627512e-02	-8.940212e-02	1.153437e-01	-1.321699e-01	-1.545014e-01	2.197415e-01	6.213367e-01	-5.818169e-01	4.931710e-01	-9.689996e-01	1.000000e+00	

Time taken for mcmc chain: 26.233333 minutes
