Number of steps: 2294750
Number of accepted steps: 960000
Burn-in number of steps: 320000
Accepted fraction of steps: 0.418346
Convergence Status
R[0]= 1.032205	R[1]= 1.005300	R[2]= 1.033373	R[3]= 1.011000	R[4]= 1.007504	R[5]= 1.009010	R[6]= 1.010206	R[7]= 1.000769	R[8]= 1.001262	R[9]= 1.007942	R[10]= 1.012112	R[11]= 1.019106	R[12]= 1.001291	R[13]= 1.000854	R[14]= 1.041658	R[15]= 1.027400	R[16]= 1.028337	R[17]= 1.029054	R[18]= 1.015645	R[19]= 1.013821	R[20]= 1.002247	R[21]= 1.002467	R[22]= 1.003815	R[23]= 1.000713	R[24]= 1.001995	
<R>= 1.012763

Mean parameters
A[0]= 9.885278e-01 pm 2.772680e-02
A[1]= 1.064933e+00 pm 2.321841e-02
A[2]= 6.208173e-01 pm 3.608344e-01
A[3]= 4.110861e+00 pm 1.083174e+00
A[4]= -2.937292e+03 pm 3.632356e+03
A[5]= 1.980548e+03 pm 2.381763e+03
A[6]= -1.305014e+02 pm 5.635987e+02
A[7]= 2.594692e+00 pm 1.329701e+01
A[8]= -1.149990e-02 pm 1.771029e-01
A[9]= 5.875074e+03 pm 8.396934e+03
A[10]= -3.382282e+03 pm 5.097517e+03
A[11]= 3.937094e+02 pm 1.099753e+03
A[12]= -5.495377e+01 pm 4.617550e+01
A[13]= 1.162751e+00 pm 8.850079e-01
A[14]= 5.254277e+00 pm 1.564271e+00
A[15]= -4.916527e+03 pm 5.224982e+03
A[16]= 4.385775e+03 pm 3.422247e+03
A[17]= -8.864205e+02 pm 8.089595e+02
A[18]= 2.953469e+00 pm 1.940943e+01
A[19]= 9.760385e-02 pm 2.454133e-01
A[20]= 1.479498e+04 pm 1.119517e+04
A[21]= -7.559826e+03 pm 6.741699e+03
A[22]= 7.975616e+02 pm 1.427786e+03
A[23]= -8.002564e+01 pm 6.504418e+01
A[24]= 1.041432e+00 pm 1.257947e+00

Best-fitting parameters
A[0]= 1.000620e+00
A[1]= 1.052247e+00
A[2]= 4.585719e-01
A[3]= 4.585614e+00
A[4]= -3.749979e+03
A[5]= 2.652474e+03
A[6]= -3.125327e+02
A[7]= 1.171077e+01
A[8]= -1.343903e-01
A[9]= 8.477180e+03
A[10]= -4.718960e+03
A[11]= 6.283509e+02
A[12]= -5.406908e+01
A[13]= 1.113970e+00
A[14]= 5.254876e+00
A[15]= -3.131388e+03
A[16]= 3.162625e+03
A[17]= -5.948450e+02
A[18]= -2.428871e-02
A[19]= 1.145512e-01
A[20]= 1.712928e+04
A[21]= -9.722418e+03
A[22]= 1.403799e+03
A[23]= -9.374673e+01
A[24]= 1.322053e+00
chi2_min= 1.037917e+02


Cross-Covariance parameters
1.000000e+00	-4.463826e-01	-1.693640e-01	1.071288e-01	2.228007e-02	-2.265833e-02	1.253648e-02	6.718168e-02	-5.356989e-02	3.909100e-02	-3.471958e-02	1.120118e-02	8.597461e-02	-6.820351e-02	1.254701e-01	-3.285882e-02	3.448082e-02	-4.351834e-02	7.922956e-02	-5.273057e-02	-1.005688e-02	1.585318e-02	-4.013316e-02	1.252798e-01	-1.043588e-01	
-4.463826e-01	1.000000e+00	1.935736e-01	-1.812688e-01	-6.498083e-02	6.789484e-02	-7.672387e-02	1.697735e-01	-1.515213e-01	5.930208e-03	6.418875e-05	-3.093346e-04	-1.026254e-01	5.278758e-02	-2.210167e-01	6.550871e-02	-6.404924e-02	5.563837e-02	8.375365e-02	-1.148479e-01	-2.798815e-02	1.875318e-02	3.472433e-03	-3.776360e-02	1.803636e-02	
-1.693640e-01	1.935736e-01	1.000000e+00	-7.198473e-01	-7.481627e-02	8.411886e-02	-8.257586e-02	2.416818e-02	-3.625716e-03	-4.113425e-01	5.397052e-01	-6.848151e-01	-7.490981e-02	2.357675e-01	-7.358645e-01	6.217348e-02	-7.304128e-02	9.020288e-02	-4.647223e-02	1.197655e-02	-3.686885e-01	4.759352e-01	-6.070556e-01	-8.653800e-02	2.342657e-01	
1.071288e-01	-1.812688e-01	-7.198473e-01	1.000000e+00	-4.536446e-01	5.088368e-01	-5.532355e-01	1.493036e-01	1.001202e-01	2.051386e-01	-2.754798e-01	3.585762e-01	1.826514e-02	-7.755264e-02	5.802590e-01	-8.309826e-02	9.586302e-02	-1.109064e-01	3.127550e-02	1.461309e-02	2.642574e-01	-3.380685e-01	4.307362e-01	5.971143e-02	-1.597338e-01	
2.228007e-02	-6.498083e-02	-7.481627e-02	-4.536446e-01	1.000000e+00	-9.836200e-01	9.372553e-01	-7.083159e-01	3.406712e-01	1.197092e-01	-1.657191e-01	2.147892e-01	6.605798e-02	-7.792953e-02	5.302339e-02	4.135902e-03	-5.938987e-03	7.113711e-03	1.223937e-02	-2.311796e-02	3.985425e-02	-5.061149e-02	6.039690e-02	3.357152e-03	-2.570706e-02	
-2.265833e-02	6.789484e-02	8.411886e-02	5.088368e-01	-9.836200e-01	1.000000e+00	-9.842240e-01	6.584292e-01	-2.694853e-01	-1.357793e-01	1.863933e-01	-2.407867e-01	-7.300334e-02	1.015485e-01	-4.846394e-02	-1.915140e-02	2.261969e-02	-2.483088e-02	-6.557050e-03	2.477960e-02	-4.597330e-02	5.904444e-02	-7.145926e-02	-5.831672e-03	3.077835e-02	
1.253648e-02	-7.672387e-02	-8.257586e-02	-5.532355e-01	9.372553e-01	-9.842240e-01	1.000000e+00	-5.923920e-01	1.983642e-01	1.487739e-01	-2.009346e-01	2.572118e-01	7.043411e-02	-1.113426e-01	3.794901e-02	3.181107e-02	-3.700277e-02	4.075385e-02	-5.161220e-04	-2.402935e-02	4.685557e-02	-6.077126e-02	7.428596e-02	7.130900e-03	-3.274438e-02	
6.718168e-02	1.697735e-01	2.416818e-02	1.493036e-01	-7.083159e-01	6.584292e-01	-5.923920e-01	1.000000e+00	-8.840380e-01	5.340154e-02	-2.664421e-02	-1.289739e-02	-6.392721e-02	-7.688035e-02	-5.346295e-02	2.234394e-02	-2.294201e-02	1.979822e-02	2.414342e-02	-3.281560e-02	-3.354439e-02	3.474228e-02	-3.359104e-02	3.429255e-02	-2.845937e-02	
-5.356989e-02	-1.515213e-01	-3.625716e-03	1.001202e-01	3.406712e-01	-2.694853e-01	1.983642e-01	-8.840380e-01	1.000000e+00	-1.381011e-01	1.310137e-01	-1.091647e-01	5.014034e-02	1.570295e-01	5.669034e-02	-4.724866e-02	5.175893e-02	-5.129659e-02	-2.255891e-02	5.123502e-02	1.618580e-02	-1.099617e-02	3.001052e-03	-3.243963e-02	3.768155e-02	
3.909100e-02	5.930208e-03	-4.113425e-01	2.051386e-01	1.197092e-01	-1.357793e-01	1.487739e-01	5.340154e-02	-1.381011e-01	1.000000e+00	-9.814311e-01	9.075130e-01	-7.684288e-01	5.648630e-01	2.881461e-01	-7.706469e-03	5.011344e-03	-6.577963e-03	3.831968e-02	-3.989877e-02	1.438002e-01	-1.963542e-01	2.635871e-01	6.617466e-02	-1.368679e-01	
-3.471958e-02	6.418875e-05	5.397052e-01	-2.754798e-01	-1.657191e-01	1.863933e-01	-2.009346e-01	-2.664421e-02	1.310137e-01	-9.814311e-01	1.000000e+00	-9.704183e-01	7.106766e-01	-4.957390e-01	-3.847819e-01	1.578214e-02	-1.444466e-02	1.812569e-02	-4.496795e-02	4.295646e-02	-1.953792e-01	2.627832e-01	-3.485787e-01	-7.392016e-02	1.659425e-01	
1.120118e-02	-3.093346e-04	-6.848151e-01	3.585762e-01	2.147892e-01	-2.407867e-01	2.572118e-01	-1.289739e-02	-1.091647e-01	9.075130e-01	-9.704183e-01	1.000000e+00	-5.869531e-01	3.687154e-01	4.948547e-01	-2.542753e-02	2.624566e-02	-3.272676e-02	5.162122e-02	-4.560131e-02	2.559419e-01	-3.400959e-01	4.470411e-01	7.930910e-02	-1.963399e-01	
8.597461e-02	-1.026254e-01	-7.490981e-02	1.826514e-02	6.605798e-02	-7.300334e-02	7.043411e-02	-6.392721e-02	5.014034e-02	-7.684288e-01	7.106766e-01	-5.869531e-01	1.000000e+00	-9.398600e-01	5.525332e-02	1.297090e-02	-4.328022e-03	-4.760014e-03	-1.829580e-02	1.965785e-02	4.328382e-02	-4.543305e-02	4.313051e-02	-1.441124e-02	5.909101e-03	
-6.820351e-02	5.278758e-02	2.357675e-01	-7.755264e-02	-7.792953e-02	1.015485e-01	-1.113426e-01	-7.688035e-02	1.570295e-01	5.648630e-01	-4.957390e-01	3.687154e-01	-9.398600e-01	1.000000e+00	-1.523507e-01	-3.149575e-02	2.336366e-02	-1.196440e-02	9.360043e-03	4.962549e-04	-1.041889e-01	1.296099e-01	-1.571872e-01	-7.074977e-03	4.640279e-02	
1.254701e-01	-2.210167e-01	-7.358645e-01	5.802590e-01	5.302339e-02	-4.846394e-02	3.794901e-02	-5.346295e-02	5.669034e-02	2.881461e-01	-3.847819e-01	4.948547e-01	5.525332e-02	-1.523507e-01	1.000000e+00	-5.441536e-01	6.095272e-01	-6.627000e-01	2.059226e-01	6.090809e-02	1.805495e-01	-2.266247e-01	2.877490e-01	4.952352e-02	-1.189468e-01	
-3.285882e-02	6.550871e-02	6.217348e-02	-8.309826e-02	4.135902e-03	-1.915140e-02	3.181107e-02	2.234394e-02	-4.724866e-02	-7.706469e-03	1.578214e-02	-2.542753e-02	1.297090e-02	-3.149575e-02	-5.441536e-01	1.000000e+00	-9.840306e-01	9.373360e-01	-7.160127e-01	3.772891e-01	1.445960e-01	-1.806826e-01	2.173877e-01	-3.046012e-02	1.141814e-02	
3.448082e-02	-6.404924e-02	-7.304128e-02	9.586302e-02	-5.938987e-03	2.261969e-02	-3.700277e-02	-2.294201e-02	5.175893e-02	5.011344e-03	-1.444466e-02	2.624566e-02	-4.328022e-03	2.336366e-02	6.095272e-01	-9.840306e-01	1.000000e+00	-9.838862e-01	6.682317e-01	-3.097988e-01	-1.467203e-01	1.884847e-01	-2.317090e-01	2.304624e-02	2.345266e-03	
-4.351834e-02	5.563837e-02	9.020288e-02	-1.109064e-01	7.113711e-03	-2.483088e-02	4.075385e-02	1.979822e-02	-5.129659e-02	-6.577963e-03	1.812569e-02	-3.272676e-02	-4.760014e-03	-1.196440e-02	-6.627000e-01	9.373360e-01	-9.838862e-01	1.000000e+00	-5.998299e-01	2.358845e-01	1.430159e-01	-1.881978e-01	2.355335e-01	-1.943448e-02	-9.576914e-03	
7.922956e-02	8.375365e-02	-4.647223e-02	3.127550e-02	1.223937e-02	-6.557050e-03	-5.161220e-04	2.414342e-02	-2.255891e-02	3.831968e-02	-4.496795e-02	5.162122e-02	-1.829580e-02	9.360043e-03	2.059226e-01	-7.160127e-01	6.682317e-01	-5.998299e-01	1.000000e+00	-9.004049e-01	-5.275935e-02	6.851872e-02	-8.454779e-02	9.147671e-02	-1.553683e-01	
-5.273057e-02	-1.148479e-01	1.197655e-02	1.461309e-02	-2.311796e-02	2.477960e-02	-2.402935e-02	-3.281560e-02	5.123502e-02	-3.989877e-02	4.295646e-02	-4.560131e-02	1.965785e-02	4.962549e-04	6.090809e-02	3.772891e-01	-3.097988e-01	2.358845e-01	-9.004049e-01	1.000000e+00	-4.549806e-03	5.690953e-03	-6.571576e-03	-1.072061e-01	2.094202e-01	
-1.005688e-02	-2.798815e-02	-3.686885e-01	2.642574e-01	3.985425e-02	-4.597330e-02	4.685557e-02	-3.354439e-02	1.618580e-02	1.438002e-01	-1.953792e-01	2.559419e-01	4.328382e-02	-1.041889e-01	1.805495e-01	1.445960e-01	-1.467203e-01	1.430159e-01	-5.275935e-02	-4.549806e-03	1.000000e+00	-9.835273e-01	9.152873e-01	-7.804301e-01	6.142077e-01	
1.585318e-02	1.875318e-02	4.759352e-01	-3.380685e-01	-5.061149e-02	5.904444e-02	-6.077126e-02	3.474228e-02	-1.099617e-02	-1.963542e-01	2.627832e-01	-3.400959e-01	-4.543305e-02	1.296099e-01	-2.266247e-01	-1.806826e-01	1.884847e-01	-1.881978e-01	6.851872e-02	5.690953e-03	-9.835273e-01	1.000000e+00	-9.721198e-01	7.382947e-01	-5.619661e-01	
-4.013316e-02	3.472433e-03	-6.070556e-01	4.307362e-01	6.039690e-02	-7.145926e-02	7.428596e-02	-3.359104e-02	3.001052e-03	2.635871e-01	-3.485787e-01	4.470411e-01	4.313051e-02	-1.571872e-01	2.877490e-01	2.173877e-01	-2.317090e-01	2.355335e-01	-8.454779e-02	-6.571576e-03	9.152873e-01	-9.721198e-01	1.000000e+00	-6.312194e-01	4.490259e-01	
1.252798e-01	-3.776360e-02	-8.653800e-02	5.971143e-02	3.357152e-03	-5.831672e-03	7.130900e-03	3.429255e-02	-3.243963e-02	6.617466e-02	-7.392016e-02	7.930910e-02	-1.441124e-02	-7.074977e-03	4.952352e-02	-3.046012e-02	2.304624e-02	-1.943448e-02	9.147671e-02	-1.072061e-01	-7.804301e-01	7.382947e-01	-6.312194e-01	1.000000e+00	-9.604963e-01	
-1.043588e-01	1.803636e-02	2.342657e-01	-1.597338e-01	-2.570706e-02	3.077835e-02	-3.274438e-02	-2.845937e-02	3.768155e-02	-1.368679e-01	1.659425e-01	-1.963399e-01	5.909101e-03	4.640279e-02	-1.189468e-01	1.141814e-02	2.345266e-03	-9.576914e-03	-1.553683e-01	2.094202e-01	6.142077e-01	-5.619661e-01	4.490259e-01	-9.604963e-01	1.000000e+00	

Time taken for mcmc chain: 12.633333 minutes
