Number of steps: 26372246
Number of accepted steps: 1000000
Burn-in number of steps: 320000
Accepted fraction of steps: 0.037919
Convergence Status
R[0]= 1.000171	R[1]= 1.000231	R[2]= 1.001623	R[3]= 1.001620	R[4]= 1.000632	R[5]= 1.000756	R[6]= 1.000874	R[7]= 1.000360	R[8]= 1.000317	R[9]= 1.001366	R[10]= 1.001763	R[11]= 1.002177	R[12]= 1.000191	R[13]= 1.000080	R[14]= 1.000530	R[15]= 1.000297	R[16]= 1.000290	R[17]= 1.000301	R[18]= 1.000098	R[19]= 1.000034	R[20]= 1.000826	R[21]= 1.001103	R[22]= 1.001428	R[23]= 1.000041	R[24]= 1.000070	
<R>= 1.000687

Mean parameters
A[0]= 9.716843e-01 pm 2.911414e-02
A[1]= 1.061520e+00 pm 2.400287e-02
A[2]= 6.025419e-01 pm 3.837147e-01
A[3]= 5.345756e+00 pm 1.463615e+00
A[4]= -3.956586e+03 pm 3.742673e+03
A[5]= 2.395502e+03 pm 2.453708e+03
A[6]= -1.837258e+02 pm 5.772458e+02
A[7]= 2.975550e+00 pm 1.331378e+01
A[8]= -5.446068e-03 pm 1.767434e-01
A[9]= 1.331143e+03 pm 8.617435e+03
A[10]= -1.234579e+03 pm 5.266661e+03
A[11]= 8.057421e+01 pm 1.138244e+03
A[12]= -3.703299e+01 pm 4.814505e+01
A[13]= 8.973911e-01 pm 9.295869e-01
A[14]= 6.792936e+00 pm 2.004364e+00
A[15]= -5.491359e+03 pm 5.130208e+03
A[16]= 4.611655e+03 pm 3.359312e+03
A[17]= -9.075718e+02 pm 7.917520e+02
A[18]= 1.448471e+00 pm 1.946049e+01
A[19]= 1.366981e-01 pm 2.580796e-01
A[20]= 8.794857e+03 pm 1.156473e+04
A[21]= -4.266586e+03 pm 6.988704e+03
A[22]= 2.352780e+02 pm 1.482558e+03
A[23]= -4.442106e+01 pm 6.708431e+01
A[24]= 4.665149e-01 pm 1.300160e+00

Best-fitting parameters
A[0]= 9.851853e-01
A[1]= 1.055395e+00
A[2]= 5.224131e-01
A[3]= 5.801746e+00
A[4]= -4.121073e+03
A[5]= 2.730619e+03
A[6]= -3.036887e+02
A[7]= 4.049771e-01
A[8]= 6.500356e-02
A[9]= -4.722259e+02
A[10]= -2.662320e+02
A[11]= -1.314267e+02
A[12]= -2.427401e+01
A[13]= 8.075515e-01
A[14]= 8.202189e+00
A[15]= -9.175099e+03
A[16]= 7.298509e+03
A[17]= -1.595880e+03
A[18]= 7.493234e+00
A[19]= 1.476501e-01
A[20]= 7.244589e+03
A[21]= -3.418112e+03
A[22]= 3.347074e+00
A[23]= -4.119377e+01
A[24]= 4.242454e-01
chi2_min= 1.059129e+02


Cross-Covariance parameters
1.000000e+00	-4.792376e-01	-1.855926e-01	1.105570e-01	3.402529e-02	-3.762629e-02	3.092437e-02	6.656733e-02	-6.644792e-02	-1.170674e-02	8.629189e-03	-1.952462e-02	1.623073e-01	-1.429319e-01	9.678779e-02	3.960470e-02	-4.166503e-02	3.485185e-02	6.666212e-02	-6.874736e-02	1.018960e-02	-9.800614e-03	-6.695858e-03	1.454341e-01	-1.353149e-01	
-4.792376e-01	1.000000e+00	1.788458e-01	-1.934092e-01	-1.076450e-02	2.033270e-02	-3.654449e-02	1.157366e-01	-1.093235e-01	5.418582e-03	-4.413637e-03	9.748860e-03	-1.089359e-01	6.874562e-02	-2.173935e-01	2.036912e-02	-1.800416e-02	8.656742e-03	1.203348e-01	-1.362040e-01	-1.710895e-02	1.498602e-02	-1.548745e-03	-6.407979e-02	3.610402e-02	
-1.855926e-01	1.788458e-01	1.000000e+00	-7.225106e-01	-4.958541e-02	5.783055e-02	-5.694882e-02	-3.692959e-02	5.460019e-02	-4.417397e-01	5.610714e-01	-6.941145e-01	-8.348437e-02	2.571857e-01	-6.950846e-01	-1.969135e-02	1.919115e-02	-1.223169e-02	-3.685798e-02	3.329125e-02	-3.984560e-01	5.105536e-01	-6.448219e-01	-9.980709e-02	2.505689e-01	
1.105570e-01	-1.934092e-01	-7.225106e-01	1.000000e+00	-4.824097e-01	5.303407e-01	-5.674864e-01	2.094819e-01	4.158706e-02	2.534997e-01	-3.198231e-01	3.962308e-01	2.256387e-02	-1.100696e-01	5.221738e-01	1.621500e-02	-1.662266e-02	1.373741e-02	5.701896e-03	-3.279214e-03	2.894376e-01	-3.724221e-01	4.717999e-01	7.704275e-02	-1.869541e-01	
3.402529e-02	-1.076450e-02	-4.958541e-02	-4.824097e-01	1.000000e+00	-9.846809e-01	9.411959e-01	-7.043288e-01	3.307457e-01	8.372613e-02	-1.244162e-01	1.701234e-01	8.230609e-02	-7.874753e-02	3.888569e-02	6.791229e-03	-7.316762e-03	6.532276e-03	9.766637e-03	-1.330476e-02	2.768134e-02	-3.522349e-02	4.405145e-02	6.647469e-05	-7.015367e-03	
-3.762629e-02	2.033270e-02	5.783055e-02	5.303407e-01	-9.846809e-01	1.000000e+00	-9.851873e-01	6.593764e-01	-2.676918e-01	-9.696296e-02	1.420665e-01	-1.926804e-01	-9.017389e-02	9.971253e-02	-4.679861e-02	-7.834774e-03	8.246392e-03	-7.347685e-03	-8.094605e-03	1.221473e-02	-3.297687e-02	4.121474e-02	-5.078436e-02	-2.927022e-04	8.645312e-03	
3.092437e-02	-3.654449e-02	-5.694882e-02	-5.674864e-01	9.411959e-01	-9.851873e-01	1.000000e+00	-5.992993e-01	2.048977e-01	1.104971e-01	-1.573540e-01	2.096570e-01	8.539005e-02	-1.047001e-01	5.029659e-02	7.198774e-03	-7.529891e-03	6.897745e-03	3.114507e-03	-7.262124e-03	3.431038e-02	-4.220079e-02	5.134322e-02	-1.555210e-03	-6.494903e-03	
6.656733e-02	1.157366e-01	-3.692959e-02	2.094819e-01	-7.043288e-01	6.593764e-01	-5.992993e-01	1.000000e+00	-8.828595e-01	8.082513e-02	-6.071479e-02	2.779022e-02	-5.523420e-02	-9.354515e-02	-3.656811e-03	1.205768e-02	-1.244656e-02	1.004537e-02	3.144874e-02	-3.514831e-02	1.783083e-02	-2.156416e-02	2.514105e-02	1.310411e-02	-2.443822e-02	
-6.644792e-02	-1.093235e-01	5.460019e-02	4.158706e-02	3.307457e-01	-2.676918e-01	2.048977e-01	-8.828595e-01	1.000000e+00	-1.497324e-01	1.468786e-01	-1.298617e-01	2.957945e-02	1.760829e-01	-1.132671e-02	-1.693542e-02	1.755604e-02	-1.497058e-02	-3.107476e-02	3.766536e-02	-3.312000e-02	3.961484e-02	-4.637268e-02	-8.308206e-03	2.289319e-02	
-1.170674e-02	5.418582e-03	-4.417397e-01	2.534997e-01	8.372613e-02	-9.696296e-02	1.104971e-01	8.082513e-02	-1.497324e-01	1.000000e+00	-9.828397e-01	9.158937e-01	-7.509814e-01	5.456820e-01	3.106044e-01	6.457595e-03	-7.214387e-03	5.366014e-03	3.273251e-02	-3.429818e-02	2.056312e-01	-2.586933e-01	3.232991e-01	1.686479e-02	-9.465545e-02	
8.629189e-03	-4.413637e-03	5.610714e-01	-3.198231e-01	-1.244162e-01	1.420665e-01	-1.573540e-01	-6.071479e-02	1.468786e-01	-9.828397e-01	1.000000e+00	-9.734552e-01	6.926145e-01	-4.764846e-01	-3.949897e-01	-1.044934e-02	1.135271e-02	-8.702329e-03	-3.733664e-02	3.962224e-02	-2.570104e-01	3.247880e-01	-4.073555e-01	-2.623702e-02	1.238725e-01	
-1.952462e-02	9.748860e-03	-6.941145e-01	3.962308e-01	1.701234e-01	-1.926804e-01	2.096570e-01	2.779022e-02	-1.298617e-01	9.158937e-01	-9.734552e-01	1.000000e+00	-5.729916e-01	3.531419e-01	4.898600e-01	1.504463e-02	-1.590863e-02	1.227277e-02	4.014569e-02	-4.326280e-02	3.137113e-01	-3.983051e-01	5.017279e-01	3.653095e-02	-1.566195e-01	
1.623073e-01	-1.089359e-01	-8.348437e-02	2.256387e-02	8.230609e-02	-9.017389e-02	8.539005e-02	-5.523420e-02	2.957945e-02	-7.509814e-01	6.926145e-01	-5.729916e-01	1.000000e+00	-9.428548e-01	5.881381e-02	1.768261e-02	-1.679354e-02	1.421303e-02	-1.141359e-02	1.002329e-02	9.339286e-03	-1.657748e-02	2.347300e-02	4.447856e-02	-4.730870e-02	
-1.429319e-01	6.874562e-02	2.571857e-01	-1.100696e-01	-7.874753e-02	9.971253e-02	-1.047001e-01	-9.354515e-02	1.760829e-01	5.456820e-01	-4.764846e-01	3.531419e-01	-9.428548e-01	1.000000e+00	-1.758247e-01	-2.576285e-02	2.492920e-02	-2.085105e-02	-1.941176e-03	5.868531e-03	-9.163157e-02	1.208024e-01	-1.547358e-01	-5.140928e-02	8.659140e-02	
9.678779e-02	-2.173935e-01	-6.950846e-01	5.221738e-01	3.888569e-02	-4.679861e-02	5.029659e-02	-3.656811e-03	-1.132671e-02	3.106044e-01	-3.949897e-01	4.898600e-01	5.881381e-02	-1.758247e-01	1.000000e+00	-4.972713e-01	5.635605e-01	-6.155102e-01	1.190674e-01	1.408912e-01	1.898871e-01	-2.454048e-01	3.177744e-01	3.219146e-02	-9.162017e-02	
3.960470e-02	2.036912e-02	-1.969135e-02	1.621500e-02	6.791229e-03	-7.834774e-03	7.198774e-03	1.205768e-02	-1.693542e-02	6.457595e-03	-1.044934e-02	1.504463e-02	1.768261e-02	-2.576285e-02	-4.972713e-01	1.000000e+00	-9.829701e-01	9.339878e-01	-6.573405e-01	3.028606e-01	1.548034e-01	-1.882380e-01	2.200457e-01	4.672968e-03	-3.270300e-02	
-4.166503e-02	-1.800416e-02	1.919115e-02	-1.662266e-02	-7.316762e-03	8.246392e-03	-7.529891e-03	-1.244656e-02	1.755604e-02	-7.214387e-03	1.135271e-02	-1.590863e-02	-1.679354e-02	2.492920e-02	5.635605e-01	-9.829701e-01	1.000000e+00	-9.832303e-01	5.976067e-01	-2.240977e-01	-1.621546e-01	2.003673e-01	-2.373425e-01	-1.727070e-02	5.484610e-02	
3.485185e-02	8.656742e-03	-1.223169e-02	1.373741e-02	6.532276e-03	-7.347685e-03	6.897745e-03	1.004537e-02	-1.497058e-02	5.366014e-03	-8.702329e-03	1.227277e-02	1.421303e-02	-2.085105e-02	-6.155102e-01	9.339878e-01	-9.832303e-01	1.000000e+00	-5.198302e-01	1.423792e-01	1.630827e-01	-2.041588e-01	2.444665e-01	2.560413e-02	-6.949660e-02	
6.666212e-02	1.203348e-01	-3.685798e-02	5.701896e-03	9.766637e-03	-8.094605e-03	3.114507e-03	3.144874e-02	-3.107476e-02	3.273251e-02	-3.733664e-02	4.014569e-02	-1.141359e-02	-1.941176e-03	1.190674e-01	-6.573405e-01	5.976067e-01	-5.198302e-01	1.000000e+00	-9.017734e-01	-3.679927e-02	4.503329e-02	-5.358842e-02	8.705691e-02	-1.597200e-01	
-6.874736e-02	-1.362040e-01	3.329125e-02	-3.279214e-03	-1.330476e-02	1.221473e-02	-7.262124e-03	-3.514831e-02	3.766536e-02	-3.429818e-02	3.962224e-02	-4.326280e-02	1.002329e-02	5.868531e-03	1.408912e-01	3.028606e-01	-2.240977e-01	1.423792e-01	-9.017734e-01	1.000000e+00	-3.001657e-02	3.632380e-02	-4.048617e-02	-1.078531e-01	2.203503e-01	
1.018960e-02	-1.710895e-02	-3.984560e-01	2.894376e-01	2.768134e-02	-3.297687e-02	3.431038e-02	1.783083e-02	-3.312000e-02	2.056312e-01	-2.570104e-01	3.137113e-01	9.339286e-03	-9.163157e-02	1.898871e-01	1.548034e-01	-1.621546e-01	1.630827e-01	-3.679927e-02	-3.001657e-02	1.000000e+00	-9.841399e-01	9.192049e-01	-7.609215e-01	5.936936e-01	
-9.800614e-03	1.498602e-02	5.105536e-01	-3.724221e-01	-3.522349e-02	4.121474e-02	-4.220079e-02	-2.156416e-02	3.961484e-02	-2.586933e-01	3.247880e-01	-3.983051e-01	-1.657748e-02	1.208024e-01	-2.454048e-01	-1.882380e-01	2.003673e-01	-2.041588e-01	4.503329e-02	3.632380e-02	-9.841399e-01	1.000000e+00	-9.736767e-01	7.110837e-01	-5.329700e-01	
-6.695858e-03	-1.548745e-03	-6.448219e-01	4.717999e-01	4.405145e-02	-5.078436e-02	5.134322e-02	2.514105e-02	-4.637268e-02	3.232991e-01	-4.073555e-01	5.017279e-01	2.347300e-02	-1.547358e-01	3.177744e-01	2.200457e-01	-2.373425e-01	2.444665e-01	-5.358842e-02	-4.048617e-02	9.192049e-01	-9.736767e-01	1.000000e+00	-6.001830e-01	4.155427e-01	
1.454341e-01	-6.407979e-02	-9.980709e-02	7.704275e-02	6.647469e-05	-2.927022e-04	-1.555210e-03	1.310411e-02	-8.308206e-03	1.686479e-02	-2.623702e-02	3.653095e-02	4.447856e-02	-5.140928e-02	3.219146e-02	4.672968e-03	-1.727070e-02	2.560413e-02	8.705691e-02	-1.078531e-01	-7.609215e-01	7.110837e-01	-6.001830e-01	1.000000e+00	-9.620853e-01	
-1.353149e-01	3.610402e-02	2.505689e-01	-1.869541e-01	-7.015367e-03	8.645312e-03	-6.494903e-03	-2.443822e-02	2.289319e-02	-9.465545e-02	1.238725e-01	-1.566195e-01	-4.730870e-02	8.659140e-02	-9.162017e-02	-3.270300e-02	5.484610e-02	-6.949660e-02	-1.597200e-01	2.203503e-01	5.936936e-01	-5.329700e-01	4.155427e-01	-9.620853e-01	1.000000e+00	

Time taken for mcmc chain: 1.972222 hours
