Number of steps: 9621726
Number of accepted steps: 1000000
Burn-in number of steps: 160000
Accepted fraction of steps: 0.103931
Convergence Status
R[0]= 1.000331	R[1]= 1.010340	R[2]= 1.097072	R[3]= 1.049560	R[4]= 1.012295	R[5]= 1.015752	R[6]= 1.019024	R[7]= 1.001325	R[8]= 1.000623	R[9]= 1.000771	R[10]= 1.001278	R[11]= 1.003437	R[12]= 1.004348	R[13]= 1.005151	R[14]= 1.030326	R[15]= 1.002460	R[16]= 1.002410	R[17]= 1.002054	R[18]= 1.003027	R[19]= 1.002250	R[20]= 1.018892	R[21]= 1.025719	R[22]= 1.035023	R[23]= 1.000672	R[24]= 1.004054	
<R>= 1.013928

Mean parameters
A[0]= 9.594803e-01 pm 3.692375e-02
A[1]= 1.055761e+00 pm 2.754135e-02
A[2]= 5.700548e-01 pm 4.731376e-01
A[3]= 3.913915e+00 pm 1.275997e+00
A[4]= -4.609289e+03 pm 3.992253e+03
A[5]= 2.398037e+03 pm 2.625414e+03
A[6]= -1.115340e+02 pm 6.181975e+02
A[7]= 1.426756e+01 pm 1.629143e+01
A[8]= -2.058608e-01 pm 2.348049e-01
A[9]= -3.688180e+03 pm 7.889008e+03
A[10]= 1.430079e+03 pm 4.827915e+03
A[11]= -3.686537e+02 pm 1.040383e+03
A[12]= 1.870487e+01 pm 4.970019e+01
A[13]= -4.664508e-01 pm 1.016408e+00
A[14]= 5.177144e+00 pm 1.649893e+00
A[15]= -6.872855e+03 pm 5.294915e+03
A[16]= 5.047068e+03 pm 3.430892e+03
A[17]= -9.150115e+02 pm 7.971822e+02
A[18]= 1.142038e+01 pm 2.392508e+01
A[19]= 9.509528e-03 pm 3.364381e-01
A[20]= 6.046409e+03 pm 1.109887e+04
A[21]= -3.311531e+03 pm 6.892091e+03
A[22]= 1.959004e+02 pm 1.509941e+03
A[23]= -2.983635e+01 pm 6.853615e+01
A[24]= 2.065742e-01 pm 1.379586e+00

Best-fitting parameters
A[0]= 9.651434e-01
A[1]= 1.038803e+00
A[2]= 5.584971e-01
A[3]= 4.584779e+00
A[4]= -7.293754e+03
A[5]= 4.402127e+03
A[6]= -6.216741e+02
A[7]= 1.556664e+01
A[8]= -1.288357e-01
A[9]= -2.202134e+03
A[10]= 1.414462e+03
A[11]= -5.856406e+02
A[12]= 9.378131e+00
A[13]= -2.345804e-01
A[14]= 6.060223e+00
A[15]= -1.376380e+04
A[16]= 9.296344e+03
A[17]= -1.828493e+03
A[18]= 2.859174e+01
A[19]= -1.260083e-01
A[20]= 7.062543e+03
A[21]= -3.180290e+03
A[22]= -4.435488e+01
A[23]= -4.489880e+01
A[24]= 5.003651e-01
chi2_min= 1.007752e+02


Cross-Covariance parameters
1.000000e+00	-5.028435e-01	-1.155596e-01	3.585907e-02	8.706532e-02	-8.747067e-02	7.787010e-02	1.802741e-02	-2.713379e-02	-2.409917e-02	3.697165e-02	-6.836217e-02	1.776872e-01	-1.380160e-01	6.042226e-02	5.715267e-02	-5.307705e-02	4.046447e-02	3.702855e-02	-3.094917e-02	-2.411146e-03	2.157646e-02	-6.088318e-02	1.653495e-01	-1.370812e-01	
-5.028435e-01	1.000000e+00	2.656886e-01	-2.318444e-01	-9.212576e-03	5.739118e-03	-6.480897e-03	1.230206e-01	-1.306557e-01	5.184045e-02	-4.770720e-02	4.787154e-02	-1.671059e-01	1.050059e-01	-2.613429e-01	-5.427826e-02	5.258790e-02	-5.275709e-02	1.851303e-01	-1.842742e-01	-4.914627e-02	4.797341e-02	-3.724181e-02	-1.179084e-01	9.002984e-02	
-1.155596e-01	2.656886e-01	1.000000e+00	-7.348004e-01	1.248810e-01	-1.468374e-01	1.716191e-01	-6.590467e-02	1.428256e-04	-3.032334e-01	4.075379e-01	-5.296423e-01	-1.469836e-01	2.546793e-01	-6.690192e-01	-1.230320e-01	1.262227e-01	-1.194283e-01	8.381918e-02	-6.414481e-02	-4.855551e-01	5.797241e-01	-6.860930e-01	-1.292007e-01	2.754404e-01	
3.585907e-02	-2.318444e-01	-7.348004e-01	1.000000e+00	-5.432914e-01	6.098391e-01	-6.641239e-01	1.364722e-01	1.163634e-01	1.705391e-01	-2.364523e-01	3.191673e-01	4.706003e-02	-8.838507e-02	5.263304e-01	7.782701e-02	-7.763109e-02	7.173945e-02	-6.319933e-02	4.916700e-02	3.640169e-01	-4.354764e-01	5.166588e-01	9.138681e-02	-2.023371e-01	
8.706532e-02	-9.212576e-03	1.248810e-01	-5.432914e-01	1.000000e+00	-9.850633e-01	9.410510e-01	-6.762407e-01	3.609681e-01	5.197133e-02	-7.643917e-02	1.021471e-01	5.551070e-02	2.608316e-03	-7.260399e-02	5.486952e-03	-1.008386e-02	1.394802e-02	2.116098e-02	-2.470125e-02	-4.465087e-02	5.373751e-02	-6.670434e-02	6.166957e-03	8.743264e-03	
-8.747067e-02	5.739118e-03	-1.468374e-01	6.098391e-01	-9.850633e-01	1.000000e+00	-9.848242e-01	6.175767e-01	-2.854103e-01	-7.114881e-02	9.601248e-02	-1.209802e-01	-6.086620e-02	2.047834e-02	8.316558e-02	-4.026675e-03	9.046625e-03	-1.357823e-02	-2.457366e-02	2.842039e-02	5.264942e-02	-6.283278e-02	7.720631e-02	-5.609844e-03	-1.129929e-02	
7.787010e-02	-6.480897e-03	1.716191e-01	-6.641239e-01	9.410510e-01	-9.848242e-01	1.000000e+00	-5.386148e-01	2.007428e-01	8.998744e-02	-1.137179e-01	1.361810e-01	5.801637e-02	-3.568062e-02	-9.456055e-02	1.584357e-03	-6.919274e-03	1.223484e-02	2.462162e-02	-2.867697e-02	-6.225816e-02	7.385696e-02	-8.985109e-02	2.800192e-03	1.672467e-02	
1.802741e-02	1.230206e-01	-6.590467e-02	1.364722e-01	-6.762407e-01	6.175767e-01	-5.386148e-01	1.000000e+00	-9.183445e-01	1.327081e-01	-1.098557e-01	6.990452e-02	1.318835e-02	-2.354091e-01	1.962447e-02	1.176340e-03	-1.257516e-03	4.037538e-04	4.099520e-02	-4.205853e-02	3.940163e-02	-4.615752e-02	5.414009e-02	8.535037e-03	-2.602069e-02	
-2.713379e-02	-1.306557e-01	1.428256e-04	1.163634e-01	3.609681e-01	-2.854103e-01	2.007428e-01	-9.183445e-01	1.000000e+00	-1.911231e-01	1.735278e-01	-1.345052e-01	-3.390823e-02	2.954925e-01	1.753023e-02	-2.156909e-06	2.441478e-03	-4.392683e-03	-5.235384e-02	5.587365e-02	-1.721661e-02	2.003343e-02	-2.293186e-02	-6.416657e-03	1.714483e-02	
-2.409917e-02	5.184045e-02	-3.032334e-01	1.705391e-01	5.197133e-02	-7.114881e-02	8.998744e-02	1.327081e-01	-1.911231e-01	1.000000e+00	-9.829568e-01	9.179851e-01	-6.994535e-01	4.745083e-01	2.385427e-01	3.498110e-02	-3.733688e-02	3.647995e-02	2.420936e-02	-3.629055e-02	2.022385e-01	-2.415707e-01	2.852170e-01	2.341517e-02	-9.252893e-02	
3.697165e-02	-4.770720e-02	4.075379e-01	-2.364523e-01	-7.643917e-02	9.601248e-02	-1.137179e-01	-1.098557e-01	1.735278e-01	-9.829568e-01	1.000000e+00	-9.743584e-01	6.664414e-01	-4.409104e-01	-3.118338e-01	-4.786819e-02	5.139738e-02	-5.068902e-02	-2.035622e-02	3.573002e-02	-2.576192e-01	3.090758e-01	-3.668122e-01	-3.665038e-02	1.247393e-01	
-6.836217e-02	4.787154e-02	-5.296423e-01	3.191673e-01	1.021471e-01	-1.209802e-01	1.361810e-01	6.990452e-02	-1.345052e-01	9.179851e-01	-9.743584e-01	1.000000e+00	-5.811021e-01	3.664312e-01	3.971328e-01	6.279053e-02	-6.773055e-02	6.732235e-02	1.310934e-02	-3.243326e-02	3.223228e-01	-3.882413e-01	4.630970e-01	5.008355e-02	-1.606394e-01	
1.776872e-01	-1.671059e-01	-1.469836e-01	4.706003e-02	5.551070e-02	-6.086620e-02	5.801637e-02	1.318835e-02	-3.390823e-02	-6.994535e-01	6.664414e-01	-5.811021e-01	1.000000e+00	-9.357058e-01	9.603692e-02	2.687963e-02	-2.899786e-02	2.883839e-02	-1.748507e-02	1.521841e-02	4.823122e-02	-5.672887e-02	6.419814e-02	5.984615e-02	-6.879802e-02	
-1.380160e-01	1.050059e-01	2.546793e-01	-8.838507e-02	2.608316e-03	2.047834e-02	-3.568062e-02	-2.354091e-01	2.954925e-01	4.745083e-01	-4.409104e-01	3.664312e-01	-9.357058e-01	1.000000e+00	-1.719828e-01	-3.712357e-02	4.101401e-02	-4.170950e-02	4.231296e-04	6.890586e-03	-1.196377e-01	1.432821e-01	-1.685926e-01	-6.672880e-02	1.023698e-01	
6.042226e-02	-2.613429e-01	-6.690192e-01	5.263304e-01	-7.260399e-02	8.316558e-02	-9.456055e-02	1.962447e-02	1.753023e-02	2.385427e-01	-3.118338e-01	3.971328e-01	9.603692e-02	-1.719828e-01	1.000000e+00	-3.955760e-01	4.671246e-01	-5.318307e-01	-4.424053e-02	2.361086e-01	2.472482e-01	-2.972180e-01	3.609588e-01	3.682981e-02	-9.270619e-02	
5.715267e-02	-5.427826e-02	-1.230320e-01	7.782701e-02	5.486952e-03	-4.026675e-03	1.584357e-03	1.176340e-03	-2.156909e-06	3.498110e-02	-4.786819e-02	6.279053e-02	2.687963e-02	-3.712357e-02	-3.955760e-01	1.000000e+00	-9.834389e-01	9.324786e-01	-6.419910e-01	3.653427e-01	1.802654e-01	-2.096577e-01	2.356221e-01	1.934325e-02	-3.248492e-02	
-5.307705e-02	5.258790e-02	1.262227e-01	-7.763109e-02	-1.008386e-02	9.046625e-03	-6.919274e-03	-1.257516e-03	2.441478e-03	-3.733688e-02	5.139738e-02	-6.773055e-02	-2.899786e-02	4.101401e-02	4.671246e-01	-9.834389e-01	1.000000e+00	-9.820089e-01	5.740928e-01	-2.812488e-01	-1.917596e-01	2.255696e-01	-2.553294e-01	-3.437754e-02	5.946855e-02	
4.046447e-02	-5.275709e-02	-1.194283e-01	7.173945e-02	1.394802e-02	-1.357823e-02	1.223484e-02	4.037538e-04	-4.392683e-03	3.647995e-02	-5.068902e-02	6.732235e-02	2.883839e-02	-4.170950e-02	-5.318307e-01	9.324786e-01	-9.820089e-01	1.000000e+00	-4.801552e-01	1.815149e-01	1.955520e-01	-2.324495e-01	2.648716e-01	4.561423e-02	-8.123731e-02	
3.702855e-02	1.851303e-01	8.381918e-02	-6.319933e-02	2.116098e-02	-2.457366e-02	2.462162e-02	4.099520e-02	-5.235384e-02	2.420936e-02	-2.035622e-02	1.310934e-02	-1.748507e-02	4.231296e-04	-4.424053e-02	-6.419910e-01	5.740928e-01	-4.801552e-01	1.000000e+00	-9.382254e-01	-4.026948e-02	5.284991e-02	-7.130049e-02	1.005423e-01	-1.949357e-01	
-3.094917e-02	-1.842742e-01	-6.414481e-02	4.916700e-02	-2.470125e-02	2.842039e-02	-2.867697e-02	-4.205853e-02	5.587365e-02	-3.629055e-02	3.573002e-02	-3.243326e-02	1.521841e-02	6.890586e-03	2.361086e-01	3.653427e-01	-2.812488e-01	1.815149e-01	-9.382254e-01	1.000000e+00	-2.616054e-02	2.300459e-02	-1.066535e-02	-1.204756e-01	2.460034e-01	
-2.411146e-03	-4.914627e-02	-4.855551e-01	3.640169e-01	-4.465087e-02	5.264942e-02	-6.225816e-02	3.940163e-02	-1.721661e-02	2.022385e-01	-2.576192e-01	3.223228e-01	4.823122e-02	-1.196377e-01	2.472482e-01	1.802654e-01	-1.917596e-01	1.955520e-01	-4.026948e-02	-2.616054e-02	1.000000e+00	-9.846332e-01	9.270855e-01	-6.567284e-01	4.662071e-01	
2.157646e-02	4.797341e-02	5.797241e-01	-4.354764e-01	5.373751e-02	-6.283278e-02	7.385696e-02	-4.615752e-02	2.003343e-02	-2.415707e-01	3.090758e-01	-3.882413e-01	-5.672887e-02	1.432821e-01	-2.972180e-01	-2.096577e-01	2.255696e-01	-2.324495e-01	5.284991e-02	2.300459e-02	-9.846332e-01	1.000000e+00	-9.774477e-01	6.170375e-01	-4.204066e-01	
-6.088318e-02	-3.724181e-02	-6.860930e-01	5.166588e-01	-6.670434e-02	7.720631e-02	-8.985109e-02	5.414009e-02	-2.293186e-02	2.852170e-01	-3.668122e-01	4.630970e-01	6.419814e-02	-1.685926e-01	3.609588e-01	2.356221e-01	-2.553294e-01	2.648716e-01	-7.130049e-02	-1.066535e-02	9.270855e-01	-9.774477e-01	1.000000e+00	-5.280138e-01	3.321681e-01	
1.653495e-01	-1.179084e-01	-1.292007e-01	9.138681e-02	6.166957e-03	-5.609844e-03	2.800192e-03	8.535037e-03	-6.416657e-03	2.341517e-02	-3.665038e-02	5.008355e-02	5.984615e-02	-6.672880e-02	3.682981e-02	1.934325e-02	-3.437754e-02	4.561423e-02	1.005423e-01	-1.204756e-01	-6.567284e-01	6.170375e-01	-5.280138e-01	1.000000e+00	-9.598760e-01	
-1.370812e-01	9.002984e-02	2.754404e-01	-2.023371e-01	8.743264e-03	-1.129929e-02	1.672467e-02	-2.602069e-02	1.714483e-02	-9.252893e-02	1.247393e-01	-1.606394e-01	-6.879802e-02	1.023698e-01	-9.270619e-02	-3.248492e-02	5.946855e-02	-8.123731e-02	-1.949357e-01	2.460034e-01	4.662071e-01	-4.204066e-01	3.321681e-01	-9.598760e-01	1.000000e+00	

Time taken for mcmc chain: 6.335556 hours
