Number of steps: 12593719
Number of accepted steps: 1000000
Burn-in number of steps: 160000
Accepted fraction of steps: 0.079405
Convergence Status
R[0]= 1.000995	R[1]= 1.001368	R[2]= 1.027265	R[3]= 1.010630	R[4]= 1.001003	R[5]= 1.000967	R[6]= 1.000915	R[7]= 1.001862	R[8]= 1.001764	R[9]= 1.002948	R[10]= 1.005045	R[11]= 1.007910	R[12]= 1.001303	R[13]= 1.003192	R[14]= 1.011122	R[15]= 1.001316	R[16]= 1.002068	R[17]= 1.002970	R[18]= 1.000568	R[19]= 1.000726	R[20]= 1.005083	R[21]= 1.005384	R[22]= 1.005556	R[23]= 1.000946	R[24]= 1.001057	
<R>= 1.004158

Mean parameters
A[0]= 9.261300e-01 pm 3.995353e-02
A[1]= 1.030865e+00 pm 3.346970e-02
A[2]= 6.977701e-01 pm 4.823250e-01
A[3]= 3.637163e+00 pm 1.233377e+00
A[4]= -3.651599e+03 pm 3.948180e+03
A[5]= 1.979923e+03 pm 2.565561e+03
A[6]= -5.962584e+01 pm 5.928066e+02
A[7]= 1.168083e+01 pm 1.607380e+01
A[8]= -1.843646e-01 pm 2.361110e-01
A[9]= -1.516747e+03 pm 8.135315e+03
A[10]= 3.950867e+02 pm 5.070912e+03
A[11]= -2.479070e+02 pm 1.114431e+03
A[12]= -1.025709e+01 pm 5.013473e+01
A[13]= 1.201644e-01 pm 1.042578e+00
A[14]= 4.632837e+00 pm 1.673787e+00
A[15]= -7.909386e+03 pm 5.387777e+03
A[16]= 5.289617e+03 pm 3.514781e+03
A[17]= -8.676425e+02 pm 8.178455e+02
A[18]= 1.636657e+01 pm 2.398659e+01
A[19]= -7.988162e-02 pm 3.450021e-01
A[20]= -3.276909e+03 pm 1.094148e+04
A[21]= 1.992519e+03 pm 6.717045e+03
A[22]= -8.016880e+02 pm 1.440238e+03
A[23]= 2.175354e+01 pm 6.932333e+01
A[24]= -7.018573e-01 pm 1.395965e+00

Best-fitting parameters
A[0]= 9.105868e-01
A[1]= 1.046844e+00
A[2]= 6.541639e-01
A[3]= 3.664323e+00
A[4]= -4.663056e+03
A[5]= 2.678877e+03
A[6]= -2.209024e+02
A[7]= 1.569345e+01
A[8]= -2.230744e-01
A[9]= 2.373410e+03
A[10]= -1.653813e+03
A[11]= 9.989934e+01
A[12]= -3.081552e+01
A[13]= 3.787674e-01
A[14]= 4.207103e+00
A[15]= -8.579937e+03
A[16]= 5.489618e+03
A[17]= -8.434858e+02
A[18]= 2.308870e+01
A[19]= -1.519018e-01
A[20]= -7.165920e+03
A[21]= 4.012593e+03
A[22]= -1.070039e+03
A[23]= 4.100925e+01
A[24]= -1.097955e+00
chi2_min= 9.227291e+01


Cross-Covariance parameters
1.000000e+00	-5.770556e-01	-1.663477e-01	1.065541e-01	7.273236e-02	-6.539461e-02	4.890316e-02	5.460164e-03	1.729810e-03	-1.885890e-02	3.816238e-02	-7.738726e-02	1.916159e-01	-1.400736e-01	8.734474e-02	5.350995e-02	-5.465046e-02	4.788518e-02	5.099071e-02	-4.908984e-02	8.067204e-03	8.431413e-03	-4.903126e-02	1.683435e-01	-1.403151e-01	
-5.770556e-01	1.000000e+00	1.934956e-01	-2.218882e-01	-5.092802e-02	5.136480e-02	-5.556730e-02	1.398659e-01	-1.282636e-01	3.768702e-02	-4.528108e-02	6.206782e-02	-1.797243e-01	1.132463e-01	-2.111306e-01	-4.340822e-02	5.085990e-02	-6.131753e-02	1.189161e-01	-1.033838e-01	-4.939624e-03	8.975402e-04	1.777931e-02	-1.399513e-01	1.065114e-01	
-1.663477e-01	1.934956e-01	1.000000e+00	-6.950064e-01	-8.622475e-02	9.219123e-02	-8.824497e-02	-3.037703e-02	4.890763e-02	-4.686399e-01	5.715851e-01	-6.770425e-01	-1.792665e-01	3.176133e-01	-6.752223e-01	-3.616877e-02	2.613113e-02	-9.619435e-03	-1.418821e-02	1.079078e-02	-4.200637e-01	5.061423e-01	-6.016383e-01	-1.618773e-01	2.837300e-01	
1.065541e-01	-2.218882e-01	-6.950064e-01	1.000000e+00	-4.306328e-01	4.870814e-01	-5.362583e-01	4.774554e-02	1.559856e-01	2.300073e-01	-2.898574e-01	3.575438e-01	5.242951e-02	-8.527039e-02	4.985043e-01	4.370494e-02	-3.855891e-02	2.884939e-02	-2.682555e-02	2.218453e-02	3.002137e-01	-3.630128e-01	4.328039e-01	1.208139e-01	-2.054974e-01	
7.273236e-02	-5.092802e-02	-8.622475e-02	-4.306328e-01	1.000000e+00	-9.853897e-01	9.417453e-01	-6.260961e-01	3.150736e-01	1.100962e-01	-1.493123e-01	1.884610e-01	1.093600e-01	-8.117053e-02	5.741012e-02	-5.317647e-03	2.672245e-03	-2.284628e-04	2.509485e-02	-2.324181e-02	3.995649e-02	-4.640334e-02	5.281702e-02	2.196744e-02	-3.137420e-02	
-6.539461e-02	5.136480e-02	9.219123e-02	4.870814e-01	-9.853897e-01	1.000000e+00	-9.848323e-01	5.626227e-01	-2.374088e-01	-1.318156e-01	1.734763e-01	-2.143892e-01	-1.226310e-01	1.146241e-01	-6.028833e-02	2.684900e-03	1.062777e-03	-4.625514e-03	-2.472983e-02	2.412984e-02	-4.596066e-02	5.395519e-02	-6.215968e-02	-2.219408e-02	3.359952e-02	
4.890316e-02	-5.556730e-02	-8.824497e-02	-5.362583e-01	9.417453e-01	-9.848323e-01	1.000000e+00	-4.807276e-01	1.521446e-01	1.506040e-01	-1.927132e-01	2.332917e-01	1.261601e-01	-1.378316e-01	5.835196e-02	-3.461505e-04	-4.467022e-03	9.340759e-03	2.072849e-02	-2.168685e-02	4.723898e-02	-5.599961e-02	6.527084e-02	2.035365e-02	-3.236283e-02	
5.460164e-03	1.398659e-01	-3.037703e-02	4.774554e-02	-6.260961e-01	5.626227e-01	-4.807276e-01	1.000000e+00	-9.239943e-01	1.345072e-01	-1.079593e-01	6.532407e-02	6.007164e-03	-2.242018e-01	-9.642031e-03	1.865928e-02	-1.499189e-02	8.975771e-03	1.973702e-02	-2.101318e-02	3.298420e-02	-3.623274e-02	3.889985e-02	-1.326333e-02	3.362527e-04	
1.729810e-03	-1.282636e-01	4.890763e-02	1.559856e-01	3.150736e-01	-2.374088e-01	1.521446e-01	-9.239943e-01	1.000000e+00	-2.046000e-01	1.889301e-01	-1.536272e-01	-4.580667e-02	3.069015e-01	-4.986903e-03	-1.642544e-02	1.403130e-02	-9.649962e-03	-2.244845e-02	2.374300e-02	-4.667838e-02	5.211204e-02	-5.736022e-02	1.419937e-02	2.056008e-03	
-1.885890e-02	3.768702e-02	-4.686399e-01	2.300073e-01	1.100962e-01	-1.318156e-01	1.506040e-01	1.345072e-01	-2.046000e-01	1.000000e+00	-9.831113e-01	9.227184e-01	-6.150315e-01	3.719428e-01	3.101040e-01	2.486428e-02	-2.437017e-02	2.018854e-02	2.503435e-02	-2.824949e-02	2.285564e-01	-2.761261e-01	3.316974e-01	6.544466e-02	-1.383774e-01	
3.816238e-02	-4.528108e-02	5.715851e-01	-2.898574e-01	-1.493123e-01	1.734763e-01	-1.927132e-01	-1.079593e-01	1.889301e-01	-9.831113e-01	1.000000e+00	-9.769119e-01	5.691881e-01	-3.262192e-01	-3.814477e-01	-2.820526e-02	2.709984e-02	-2.172021e-02	-2.476842e-02	2.768934e-02	-2.779453e-01	3.363530e-01	-4.047597e-01	-7.550489e-02	1.636568e-01	
-7.738726e-02	6.206782e-02	-6.770425e-01	3.575438e-01	1.884610e-01	-2.143892e-01	2.332917e-01	6.532407e-02	-1.536272e-01	9.227184e-01	-9.769119e-01	1.000000e+00	-4.798266e-01	2.486301e-01	4.552748e-01	3.079791e-02	-2.905329e-02	2.257887e-02	2.309457e-02	-2.586358e-02	3.296092e-01	-3.998364e-01	4.826399e-01	8.281808e-02	-1.873706e-01	
1.916159e-01	-1.797243e-01	-1.792665e-01	5.242951e-02	1.093600e-01	-1.226310e-01	1.261601e-01	6.007164e-03	-4.580667e-02	-6.150315e-01	5.691881e-01	-4.798266e-01	1.000000e+00	-9.348349e-01	1.222884e-01	2.018275e-02	-1.816538e-02	1.456319e-02	-2.976423e-03	1.075405e-03	6.734428e-02	-7.666092e-02	8.280516e-02	4.837385e-02	-6.013315e-02	
-1.400736e-01	1.132463e-01	3.176133e-01	-8.527039e-02	-8.117053e-02	1.146241e-01	-1.378316e-01	-2.242018e-01	3.069015e-01	3.719428e-01	-3.262192e-01	2.486301e-01	-9.348349e-01	1.000000e+00	-2.098555e-01	-2.757101e-02	2.433562e-02	-1.848366e-02	-5.685032e-03	8.007536e-03	-1.435596e-01	1.683236e-01	-1.933607e-01	-5.455142e-02	9.200571e-02	
8.734474e-02	-2.111306e-01	-6.752223e-01	4.985043e-01	5.741012e-02	-6.028833e-02	5.835196e-02	-9.642031e-03	-4.986903e-03	3.101040e-01	-3.814477e-01	4.552748e-01	1.222884e-01	-2.098555e-01	1.000000e+00	-4.510719e-01	5.252855e-01	-5.887306e-01	-5.337929e-02	2.533201e-01	1.555539e-01	-1.973623e-01	2.519741e-01	5.431716e-02	-7.778300e-02	
5.350995e-02	-4.340822e-02	-3.616877e-02	4.370494e-02	-5.317647e-03	2.684900e-03	-3.461505e-04	1.865928e-02	-1.642544e-02	2.486428e-02	-2.820526e-02	3.079791e-02	2.018275e-02	-2.757101e-02	-4.510719e-01	1.000000e+00	-9.836442e-01	9.349265e-01	-5.757943e-01	2.895321e-01	1.975962e-01	-2.284890e-01	2.560591e-01	2.094807e-02	-3.809133e-02	
-5.465046e-02	5.085990e-02	2.613113e-02	-3.855891e-02	2.672245e-03	1.062777e-03	-4.467022e-03	-1.499189e-02	1.403130e-02	-2.437017e-02	2.709984e-02	-2.905329e-02	-1.816538e-02	2.433562e-02	5.252855e-01	-9.836442e-01	1.000000e+00	-9.830845e-01	4.991511e-01	-1.991723e-01	-2.116403e-01	2.465028e-01	-2.774046e-01	-3.709511e-02	6.703820e-02	
4.788518e-02	-6.131753e-02	-9.619435e-03	2.884939e-02	-2.284628e-04	-4.625514e-03	9.340759e-03	8.975771e-03	-9.649962e-03	2.018854e-02	-2.172021e-02	2.257887e-02	1.456319e-02	-1.848366e-02	-5.887306e-01	9.349265e-01	-9.830845e-01	1.000000e+00	-4.022330e-01	9.914486e-02	2.180279e-01	-2.554755e-01	2.885507e-01	4.900547e-02	-9.021300e-02	
5.099071e-02	1.189161e-01	-1.418821e-02	-2.682555e-02	2.509485e-02	-2.472983e-02	2.072849e-02	1.973702e-02	-2.244845e-02	2.503435e-02	-2.476842e-02	2.309457e-02	-2.976423e-03	-5.685032e-03	-5.337929e-02	-5.757943e-01	4.991511e-01	-4.022330e-01	1.000000e+00	-9.396542e-01	2.795038e-03	4.734805e-03	-1.873572e-02	1.235323e-01	-2.308746e-01	
-4.908984e-02	-1.033838e-01	1.079078e-02	2.218453e-02	-2.324181e-02	2.412984e-02	-2.168685e-02	-2.101318e-02	2.374300e-02	-2.824949e-02	2.768934e-02	-2.586358e-02	1.075405e-03	8.007536e-03	2.533201e-01	2.895321e-01	-1.991723e-01	9.914486e-02	-9.396542e-01	1.000000e+00	-7.656580e-02	7.902943e-02	-7.211237e-02	-1.455405e-01	2.826393e-01	
8.067204e-03	-4.939624e-03	-4.200637e-01	3.002137e-01	3.995649e-02	-4.596066e-02	4.723898e-02	3.298420e-02	-4.667838e-02	2.285564e-01	-2.779453e-01	3.296092e-01	6.734428e-02	-1.435596e-01	1.555539e-01	1.975962e-01	-2.116403e-01	2.180279e-01	2.795038e-03	-7.656580e-02	1.000000e+00	-9.850395e-01	9.287594e-01	-6.509085e-01	4.676494e-01	
8.431413e-03	8.975402e-04	5.061423e-01	-3.630128e-01	-4.640334e-02	5.395519e-02	-5.599961e-02	-3.623274e-02	5.211204e-02	-2.761261e-01	3.363530e-01	-3.998364e-01	-7.666092e-02	1.683236e-01	-1.973623e-01	-2.284890e-01	2.465028e-01	-2.554755e-01	4.734805e-03	7.902943e-02	-9.850395e-01	1.000000e+00	-9.778923e-01	6.146806e-01	-4.272293e-01	
-4.903126e-02	1.777931e-02	-6.016383e-01	4.328039e-01	5.281702e-02	-6.215968e-02	6.527084e-02	3.889985e-02	-5.736022e-02	3.316974e-01	-4.047597e-01	4.826399e-01	8.280516e-02	-1.933607e-01	2.519741e-01	2.560591e-01	-2.774046e-01	2.885507e-01	-1.873572e-02	-7.211237e-02	9.287594e-01	-9.778923e-01	1.000000e+00	-5.341006e-01	3.494127e-01	
1.683435e-01	-1.399513e-01	-1.618773e-01	1.208139e-01	2.196744e-02	-2.219408e-02	2.035365e-02	-1.326333e-02	1.419937e-02	6.544466e-02	-7.550489e-02	8.281808e-02	4.837385e-02	-5.455142e-02	5.431716e-02	2.094807e-02	-3.709511e-02	4.900547e-02	1.235323e-01	-1.455405e-01	-6.509085e-01	6.146806e-01	-5.341006e-01	1.000000e+00	-9.623871e-01	
-1.403151e-01	1.065114e-01	2.837300e-01	-2.054974e-01	-3.137420e-02	3.359952e-02	-3.236283e-02	3.362527e-04	2.056008e-03	-1.383774e-01	1.636568e-01	-1.873706e-01	-6.013315e-02	9.200571e-02	-7.778300e-02	-3.809133e-02	6.703820e-02	-9.021300e-02	-2.308746e-01	2.826393e-01	4.676494e-01	-4.272293e-01	3.494127e-01	-9.623871e-01	1.000000e+00	

Time taken for mcmc chain: 7.798611 hours
