Number of steps: 10919704
Number of accepted steps: 1000000
Burn-in number of steps: 160000
Accepted fraction of steps: 0.091578
Convergence Status
R[0]= 1.001877	R[1]= 1.001530	R[2]= 1.044514	R[3]= 1.022540	R[4]= 1.004547	R[5]= 1.006558	R[6]= 1.008931	R[7]= 1.001162	R[8]= 1.001367	R[9]= 1.005032	R[10]= 1.008343	R[11]= 1.012616	R[12]= 1.000890	R[13]= 1.002466	R[14]= 1.029116	R[15]= 1.012390	R[16]= 1.016303	R[17]= 1.020001	R[18]= 1.004847	R[19]= 1.011569	R[20]= 1.005589	R[21]= 1.007393	R[22]= 1.009367	R[23]= 1.002680	R[24]= 1.004704	
<R>= 1.009853

Mean parameters
A[0]= 9.116631e-01 pm 4.156099e-02
A[1]= 1.019014e+00 pm 3.413701e-02
A[2]= 7.709890e-01 pm 5.900251e-01
A[3]= 3.454699e+00 pm 1.341277e+00
A[4]= -4.059551e+03 pm 3.937145e+03
A[5]= 2.083794e+03 pm 2.566944e+03
A[6]= -5.371248e+01 pm 5.936658e+02
A[7]= 1.632674e+01 pm 1.604618e+01
A[8]= -2.726774e-01 pm 2.370404e-01
A[9]= -2.000016e+03 pm 8.205693e+03
A[10]= 7.409015e+02 pm 5.134186e+03
A[11]= -3.329997e+02 pm 1.133097e+03
A[12]= -3.465975e+00 pm 4.938714e+01
A[13]= -1.105162e-01 pm 1.029093e+00
A[14]= 4.587906e+00 pm 1.884031e+00
A[15]= -9.342127e+03 pm 5.470292e+03
A[16]= 6.013108e+03 pm 3.575873e+03
A[17]= -9.896348e+02 pm 8.325215e+02
A[18]= 2.410776e+01 pm 2.380640e+01
A[19]= -1.891550e-01 pm 3.493558e-01
A[20]= -5.359805e+03 pm 1.100794e+04
A[21]= 3.168127e+03 pm 6.794101e+03
A[22]= -1.021217e+03 pm 1.463729e+03
A[23]= 3.266619e+01 pm 6.953998e+01
A[24]= -9.483111e-01 pm 1.417147e+00

Best-fitting parameters
A[0]= 9.462615e-01
A[1]= 9.979448e-01
A[2]= 4.098988e-01
A[3]= 3.815844e+00
A[4]= -4.742073e+03
A[5]= 2.294019e+03
A[6]= -3.375257e+01
A[7]= 1.935696e+01
A[8]= -2.700926e-01
A[9]= -5.111817e+03
A[10]= 1.985324e+03
A[11]= -4.365008e+02
A[12]= 3.496599e+01
A[13]= -8.164075e-01
A[14]= 5.803199e+00
A[15]= -1.163096e+04
A[16]= 7.411341e+03
A[17]= -1.300788e+03
A[18]= 2.772165e+01
A[19]= -2.015364e-01
A[20]= -7.083796e+03
A[21]= 3.622188e+03
A[22]= -9.793926e+02
A[23]= 5.569056e+01
A[24]= -1.309360e+00
chi2_min= 8.740374e+01


Cross-Covariance parameters
1.000000e+00	-5.626170e-01	-1.602434e-01	1.306330e-01	3.890724e-02	-2.770416e-02	8.258075e-03	9.944666e-03	1.421373e-02	-6.693052e-03	2.370483e-02	-6.039342e-02	1.590824e-01	-1.054900e-01	1.059074e-01	3.638958e-02	-3.034364e-02	1.618144e-02	5.058095e-02	-3.752939e-02	2.801210e-02	-8.653826e-03	-3.664117e-02	1.343811e-01	-1.026021e-01	
-5.626170e-01	1.000000e+00	2.602519e-01	-2.723137e-01	-2.845934e-02	2.724552e-02	-3.008553e-02	1.356095e-01	-1.342881e-01	-1.391548e-02	1.514632e-02	-6.737475e-03	-1.553877e-01	9.723010e-02	-2.717613e-01	-2.262348e-02	1.931617e-02	-1.867108e-02	1.197768e-01	-1.110739e-01	-4.262793e-02	4.244338e-02	-2.829197e-02	-1.279989e-01	1.040179e-01	
-1.602434e-01	2.602519e-01	1.000000e+00	-7.422370e-01	-1.463653e-02	1.438625e-02	-7.943988e-03	-1.327752e-02	-4.314708e-03	-4.826335e-01	5.820891e-01	-6.836180e-01	-1.663434e-01	2.910308e-01	-7.426712e-01	5.697796e-02	-7.707258e-02	1.002400e-01	4.862542e-02	-9.267912e-02	-3.883612e-01	4.783788e-01	-5.772558e-01	-1.712095e-01	2.732409e-01	
1.306330e-01	-2.723137e-01	-7.422370e-01	1.000000e+00	-4.444445e-01	4.992658e-01	-5.447604e-01	3.164685e-02	1.736881e-01	2.777925e-01	-3.389702e-01	4.074463e-01	5.671018e-02	-9.303296e-02	5.841415e-01	-2.984067e-02	4.246559e-02	-5.728796e-02	-4.752334e-02	7.482579e-02	3.159236e-01	-3.841609e-01	4.590395e-01	1.386377e-01	-2.183019e-01	
3.890724e-02	-2.845934e-02	-1.463653e-02	-4.444445e-01	1.000000e+00	-9.854510e-01	9.425752e-01	-6.123750e-01	3.073075e-01	7.920408e-02	-1.166122e-01	1.527568e-01	1.092567e-01	-7.462889e-02	2.077049e-03	2.798414e-02	-3.019386e-02	3.090256e-02	3.853406e-03	-1.471711e-02	2.315010e-02	-2.517577e-02	2.571476e-02	1.288558e-02	-1.951522e-02	
-2.770416e-02	2.724552e-02	1.438625e-02	4.992658e-01	-9.854510e-01	1.000000e+00	-9.851949e-01	5.471729e-01	-2.293747e-01	-1.009811e-01	1.405748e-01	-1.779804e-01	-1.201648e-01	1.053864e-01	-2.895588e-03	-2.772398e-02	2.978983e-02	-3.058273e-02	-1.568472e-03	1.297817e-02	-2.445160e-02	2.700453e-02	-2.829593e-02	-8.295369e-03	1.571598e-02	
8.258075e-03	-3.008553e-02	-7.943988e-03	-5.447604e-01	9.425752e-01	-9.851949e-01	1.000000e+00	-4.651253e-01	1.451969e-01	1.211275e-01	-1.611647e-01	1.980694e-01	1.214614e-01	-1.261987e-01	8.971925e-04	2.624062e-02	-2.819019e-02	2.933475e-02	-3.052454e-03	-9.011901e-03	2.173681e-02	-2.448505e-02	2.631201e-02	1.490495e-03	-8.639548e-03	
9.944666e-03	1.356095e-01	-1.327752e-02	3.164685e-02	-6.123750e-01	5.471729e-01	-4.651253e-01	1.000000e+00	-9.273884e-01	1.356596e-01	-1.073846e-01	6.336674e-02	2.949367e-03	-2.232455e-01	-6.292996e-03	-1.380915e-02	1.693764e-02	-2.077903e-02	2.405628e-02	-1.312796e-02	3.832643e-03	-5.361181e-03	7.584378e-03	-1.524650e-02	1.444793e-02	
1.421373e-02	-1.342881e-01	-4.314708e-03	1.736881e-01	3.073075e-01	-2.293747e-01	1.451969e-01	-9.273884e-01	1.000000e+00	-1.870240e-01	1.679270e-01	-1.293291e-01	-3.922840e-02	2.973915e-01	2.111262e-02	8.241844e-04	-2.889851e-03	5.572180e-03	-1.695569e-02	1.240855e-02	-2.499665e-03	3.889020e-03	-6.319630e-03	1.835098e-02	-1.682061e-02	
-6.693052e-03	-1.391548e-02	-4.826335e-01	2.777925e-01	7.920408e-02	-1.009811e-01	1.211275e-01	1.356596e-01	-1.870240e-01	1.000000e+00	-9.831492e-01	9.235440e-01	-5.980148e-01	3.571709e-01	3.543795e-01	-1.215243e-02	1.962850e-02	-2.959537e-02	-2.415683e-03	1.734385e-02	2.137553e-01	-2.637466e-01	3.217113e-01	8.356398e-02	-1.465046e-01	
2.370483e-02	1.514632e-02	5.820891e-01	-3.389702e-01	-1.166122e-01	1.405748e-01	-1.611647e-01	-1.073846e-01	1.679270e-01	-9.831492e-01	1.000000e+00	-9.773146e-01	5.480786e-01	-3.090747e-01	-4.300998e-01	1.693290e-02	-2.648060e-02	3.868864e-02	9.231707e-03	-2.762640e-02	-2.605218e-01	3.210219e-01	-3.910743e-01	-9.248543e-02	1.688135e-01	
-6.039342e-02	-6.737475e-03	-6.836180e-01	4.074463e-01	1.527568e-01	-1.779804e-01	1.980694e-01	6.336674e-02	-1.293291e-01	9.235440e-01	-9.773146e-01	1.000000e+00	-4.551904e-01	2.298221e-01	5.081284e-01	-2.334279e-02	3.496311e-02	-4.924815e-02	-1.849347e-02	4.048333e-02	3.087634e-01	-3.806358e-01	4.642144e-01	9.884109e-02	-1.895977e-01	
1.590824e-01	-1.553877e-01	-1.663434e-01	5.671018e-02	1.092567e-01	-1.201648e-01	1.214614e-01	2.949367e-03	-3.922840e-02	-5.980148e-01	5.480786e-01	-4.551904e-01	1.000000e+00	-9.349612e-01	1.356116e-01	5.292929e-03	-3.035789e-03	-6.181544e-04	-1.574941e-02	1.935781e-02	8.126950e-02	-9.204350e-02	9.940672e-02	3.578589e-02	-5.010172e-02	
-1.054900e-01	9.723010e-02	2.910308e-01	-9.303296e-02	-7.462889e-02	1.053864e-01	-1.261987e-01	-2.232455e-01	2.973915e-01	3.571709e-01	-3.090747e-01	2.298221e-01	-9.349612e-01	1.000000e+00	-2.230500e-01	-3.329154e-03	-1.204259e-03	7.772626e-03	1.569338e-02	-2.287274e-02	-1.445233e-01	1.701506e-01	-1.959259e-01	-4.773471e-02	8.284651e-02	
1.059074e-01	-2.717613e-01	-7.426712e-01	5.841415e-01	2.077049e-03	-2.895588e-03	8.971925e-04	-6.292996e-03	2.111262e-02	3.543795e-01	-4.300998e-01	5.081284e-01	1.356116e-01	-2.230500e-01	1.000000e+00	-4.613948e-01	5.345279e-01	-5.964087e-01	-1.180996e-01	3.190061e-01	1.825461e-01	-2.345369e-01	2.994453e-01	6.343414e-02	-8.676443e-02	
3.638958e-02	-2.262348e-02	5.697796e-02	-2.984067e-02	2.798414e-02	-2.772398e-02	2.624062e-02	-1.380915e-02	8.241844e-04	-1.215243e-02	1.693290e-02	-2.334279e-02	5.292929e-03	-3.329154e-03	-4.613948e-01	1.000000e+00	-9.840152e-01	9.371759e-01	-5.133195e-01	2.122256e-01	2.070399e-01	-2.302585e-01	2.464271e-01	2.416318e-02	-4.923752e-02	
-3.034364e-02	1.931617e-02	-7.707258e-02	4.246559e-02	-3.019386e-02	2.978983e-02	-2.819019e-02	1.693764e-02	-2.889851e-03	1.962850e-02	-2.648060e-02	3.496311e-02	-3.035789e-03	-1.204259e-03	5.345279e-01	-9.840152e-01	1.000000e+00	-9.838735e-01	4.290155e-01	-1.165731e-01	-2.167413e-01	2.428148e-01	-2.611894e-01	-4.519940e-02	8.232649e-02	
1.618144e-02	-1.867108e-02	1.002400e-01	-5.728796e-02	3.090256e-02	-3.058273e-02	2.933475e-02	-2.077903e-02	5.572180e-03	-2.959537e-02	3.868864e-02	-4.924815e-02	-6.181544e-04	7.772626e-03	-5.964087e-01	9.371759e-01	-9.838735e-01	1.000000e+00	-3.280054e-01	1.504343e-02	2.178720e-01	-2.457870e-01	2.657619e-01	6.182340e-02	-1.092045e-01	
5.058095e-02	1.197768e-01	4.862542e-02	-4.752334e-02	3.853406e-03	-1.568472e-03	-3.052454e-03	2.405628e-02	-1.695569e-02	-2.415683e-03	9.231707e-03	-1.849347e-02	-1.574941e-02	1.569338e-02	-1.180996e-01	-5.133195e-01	4.290155e-01	-3.280054e-01	1.000000e+00	-9.378707e-01	-6.972463e-03	1.636826e-02	-3.173424e-02	1.363272e-01	-2.393516e-01	
-3.752939e-02	-1.110739e-01	-9.267912e-02	7.482579e-02	-1.471711e-02	1.297817e-02	-9.011901e-03	-1.312796e-02	1.240855e-02	1.734385e-02	-2.762640e-02	4.048333e-02	1.935781e-02	-2.287274e-02	3.190061e-01	2.122256e-01	-1.165731e-01	1.504343e-02	-9.378707e-01	1.000000e+00	-6.752489e-02	6.473792e-02	-5.216908e-02	-1.555726e-01	2.873984e-01	
2.801210e-02	-4.262793e-02	-3.883612e-01	3.159236e-01	2.315010e-02	-2.445160e-02	2.173681e-02	3.832643e-03	-2.499665e-03	2.137553e-01	-2.605218e-01	3.087634e-01	8.126950e-02	-1.445233e-01	1.825461e-01	2.070399e-01	-2.167413e-01	2.178720e-01	-6.972463e-03	-6.752489e-02	1.000000e+00	-9.847989e-01	9.286656e-01	-6.095266e-01	4.205906e-01	
-8.653826e-03	4.244338e-02	4.783788e-01	-3.841609e-01	-2.517577e-02	2.700453e-02	-2.448505e-02	-5.361181e-03	3.889020e-03	-2.637466e-01	3.210219e-01	-3.806358e-01	-9.204350e-02	1.701506e-01	-2.345369e-01	-2.302585e-01	2.428148e-01	-2.457870e-01	1.636826e-02	6.473792e-02	-9.847989e-01	1.000000e+00	-9.781452e-01	5.661603e-01	-3.734742e-01	
-3.664117e-02	-2.829197e-02	-5.772558e-01	4.590395e-01	2.571476e-02	-2.829593e-02	2.631201e-02	7.584378e-03	-6.319630e-03	3.217113e-01	-3.910743e-01	4.642144e-01	9.940672e-02	-1.959259e-01	2.994453e-01	2.464271e-01	-2.611894e-01	2.657619e-01	-3.173424e-02	-5.216908e-02	9.286656e-01	-9.781452e-01	1.000000e+00	-4.795534e-01	2.903962e-01	
1.343811e-01	-1.279989e-01	-1.712095e-01	1.386377e-01	1.288558e-02	-8.295369e-03	1.490495e-03	-1.524650e-02	1.835098e-02	8.356398e-02	-9.248543e-02	9.884109e-02	3.578589e-02	-4.773471e-02	6.343414e-02	2.416318e-02	-4.519940e-02	6.182340e-02	1.363272e-01	-1.555726e-01	-6.095266e-01	5.661603e-01	-4.795534e-01	1.000000e+00	-9.624397e-01	
-1.026021e-01	1.040179e-01	2.732409e-01	-2.183019e-01	-1.951522e-02	1.571598e-02	-8.639548e-03	1.444793e-02	-1.682061e-02	-1.465046e-01	1.688135e-01	-1.895977e-01	-5.010172e-02	8.284651e-02	-8.676443e-02	-4.923752e-02	8.232649e-02	-1.092045e-01	-2.393516e-01	2.873984e-01	4.205906e-01	-3.734742e-01	2.903962e-01	-9.624397e-01	1.000000e+00	

Time taken for mcmc chain: 5.123611 hours
