Number of steps: 18304945
Number of accepted steps: 1000000
Burn-in number of steps: 320000
Accepted fraction of steps: 0.054630
Convergence Status
R[0]= 1.001493	R[1]= 1.001574	R[2]= 1.053196	R[3]= 1.026724	R[4]= 1.003326	R[5]= 1.004556	R[6]= 1.005870	R[7]= 1.000681	R[8]= 1.001532	R[9]= 1.003481	R[10]= 1.005477	R[11]= 1.008680	R[12]= 1.000166	R[13]= 1.000606	R[14]= 1.014544	R[15]= 1.000598	R[16]= 1.000553	R[17]= 1.000490	R[18]= 1.000436	R[19]= 1.000548	R[20]= 1.006861	R[21]= 1.010216	R[22]= 1.014718	R[23]= 1.000350	R[24]= 1.000669	
<R>= 1.006694

Mean parameters
A[0]= 9.410370e-01 pm 3.850895e-02
A[1]= 1.048077e+00 pm 3.012626e-02
A[2]= 6.645934e-01 pm 4.968562e-01
A[3]= 3.563357e+00 pm 1.225383e+00
A[4]= -4.235056e+03 pm 3.806780e+03
A[5]= 2.165039e+03 pm 2.506428e+03
A[6]= -6.776586e+01 pm 5.894274e+02
A[7]= 1.792668e+01 pm 1.327748e+01
A[8]= -2.763728e-01 pm 1.823185e-01
A[9]= -4.443602e+03 pm 8.531259e+03
A[10]= 2.047955e+03 pm 5.183015e+03
A[11]= -5.348526e+02 pm 1.107364e+03
A[12]= 2.100223e+01 pm 4.893808e+01
A[13]= -5.687699e-01 pm 9.485902e-01
A[14]= 5.052029e+00 pm 1.674302e+00
A[15]= -7.018435e+03 pm 5.315536e+03
A[16]= 5.092118e+03 pm 3.497790e+03
A[17]= -9.109663e+02 pm 8.231075e+02
A[18]= 4.113041e+00 pm 1.925986e+01
A[19]= 1.249467e-01 pm 2.633340e-01
A[20]= 5.272104e+03 pm 1.203130e+04
A[21]= -2.873061e+03 pm 7.360363e+03
A[22]= 9.813411e+01 pm 1.584009e+03
A[23]= -4.539756e+01 pm 6.802727e+01
A[24]= 6.505653e-01 pm 1.329857e+00

Best-fitting parameters
A[0]= 9.502792e-01
A[1]= 1.046186e+00
A[2]= 5.695320e-01
A[3]= 3.296931e+00
A[4]= -2.113787e+03
A[5]= 8.621722e+02
A[6]= 2.001753e+02
A[7]= 1.458172e+01
A[8]= -2.832483e-01
A[9]= -3.924242e+03
A[10]= 1.819593e+03
A[11]= -5.063859e+02
A[12]= 3.025214e+01
A[13]= -8.071713e-01
A[14]= 4.544653e+00
A[15]= -7.983975e+03
A[16]= 5.057789e+03
A[17]= -7.762447e+02
A[18]= 1.574412e+01
A[19]= -6.722625e-02
A[20]= 1.152089e+04
A[21]= -6.721912e+03
A[22]= 8.766533e+02
A[23]= -8.103589e+01
A[24]= 1.262385e+00
chi2_min= 8.799877e+01


Cross-Covariance parameters
1.000000e+00	-5.327265e-01	-1.157115e-01	6.801233e-02	3.362442e-02	-2.924916e-02	1.578768e-02	7.321125e-02	-6.484913e-02	-2.629006e-02	4.292736e-02	-7.977772e-02	1.458178e-01	-1.116839e-01	3.614466e-02	7.739588e-02	-7.659808e-02	6.587179e-02	6.482262e-02	-7.317457e-02	-6.501325e-03	2.225030e-02	-6.078861e-02	1.542191e-01	-1.254760e-01	
-5.327265e-01	1.000000e+00	1.854791e-01	-1.784351e-01	-3.696777e-02	3.693173e-02	-4.324693e-02	1.333224e-01	-1.286901e-01	-1.328767e-03	-5.572425e-03	2.323235e-02	-1.000455e-01	5.023077e-02	-2.254661e-01	1.614365e-04	-2.801394e-03	-1.511708e-04	1.363923e-01	-1.430157e-01	4.527062e-03	-1.002479e-02	2.990234e-02	-9.538149e-02	5.413472e-02	
-1.157115e-01	1.854791e-01	1.000000e+00	-7.142713e-01	-1.603965e-04	-4.061626e-03	1.428528e-02	-1.622090e-02	-1.080642e-02	-4.130897e-01	5.226414e-01	-6.489021e-01	-9.691272e-02	2.395913e-01	-6.895652e-01	-8.414890e-02	7.825400e-02	-6.446078e-02	9.074379e-03	4.862844e-03	-4.119481e-01	5.214458e-01	-6.469600e-01	-1.199678e-01	2.611410e-01	
6.801233e-02	-1.784351e-01	-7.142713e-01	1.000000e+00	-5.105199e-01	5.665394e-01	-6.096333e-01	1.462040e-01	1.347990e-01	2.322215e-01	-2.951571e-01	3.723505e-01	1.697438e-02	-7.699368e-02	5.279630e-01	5.923814e-02	-5.744377e-02	5.073675e-02	-1.762061e-02	7.970928e-03	3.038224e-01	-3.865321e-01	4.816001e-01	9.692224e-02	-2.024827e-01	
3.362442e-02	-3.696777e-02	-1.603965e-04	-5.105199e-01	1.000000e+00	-9.850960e-01	9.435029e-01	-6.545769e-01	2.619438e-01	7.613568e-02	-1.133833e-01	1.520980e-01	1.001997e-01	-9.807705e-02	2.847066e-03	1.648736e-02	-1.901184e-02	2.132188e-02	-3.133391e-03	-5.826374e-03	7.913712e-03	-8.628437e-03	8.785084e-03	1.236670e-02	-1.257419e-02	
-2.924916e-02	3.693173e-02	-4.061626e-03	5.665394e-01	-9.850960e-01	1.000000e+00	-9.859482e-01	6.007817e-01	-1.912373e-01	-8.492346e-02	1.247909e-01	-1.665747e-01	-1.112825e-01	1.221937e-01	6.574274e-04	-2.007798e-02	2.306479e-02	-2.577675e-02	6.046748e-03	5.193826e-03	-1.024077e-02	1.097421e-02	-1.093859e-02	-9.375312e-03	1.026378e-02	
1.578768e-02	-4.324693e-02	1.428528e-02	-6.096333e-01	9.435029e-01	-9.859482e-01	1.000000e+00	-5.359924e-01	1.250624e-01	9.458975e-02	-1.348619e-01	1.770517e-01	1.089688e-01	-1.294818e-01	-5.597276e-03	2.022228e-02	-2.345697e-02	2.674589e-02	-1.230623e-02	-2.798353e-06	8.009088e-03	-7.974618e-03	7.062867e-03	5.100219e-03	-5.048897e-03	
7.321125e-02	1.333224e-01	-1.622090e-02	1.462040e-01	-6.545769e-01	6.007817e-01	-5.359924e-01	1.000000e+00	-8.812115e-01	8.344715e-02	-6.265129e-02	2.963152e-02	-5.241651e-02	-9.817031e-02	-2.559568e-02	2.464690e-02	-2.638538e-02	2.346866e-02	5.146611e-02	-6.029172e-02	1.886278e-02	-2.264937e-02	2.575729e-02	1.245351e-02	-2.707032e-02	
-6.484913e-02	-1.286901e-01	-1.080642e-02	1.347990e-01	2.619438e-01	-1.912373e-01	1.250624e-01	-8.812115e-01	1.000000e+00	-1.371221e-01	1.308099e-01	-1.098666e-01	1.467427e-02	1.861156e-01	4.447784e-02	-3.341299e-02	3.769661e-02	-3.739779e-02	-4.866970e-02	6.481032e-02	-1.534129e-02	1.822244e-02	-2.012374e-02	-1.116960e-02	2.471990e-02	
-2.629006e-02	-1.328767e-03	-4.130897e-01	2.322215e-01	7.613568e-02	-8.492346e-02	9.458975e-02	8.344715e-02	-1.371221e-01	1.000000e+00	-9.835732e-01	9.179095e-01	-7.416923e-01	5.480914e-01	2.945702e-01	3.725254e-02	-3.676348e-02	3.300741e-02	-2.063849e-03	-7.548302e-03	1.790478e-01	-2.308312e-01	2.922122e-01	4.888108e-02	-1.162983e-01	
4.292736e-02	-5.572425e-03	5.226414e-01	-2.951571e-01	-1.133833e-01	1.247909e-01	-1.348619e-01	-6.265129e-02	1.308099e-01	-9.835732e-01	1.000000e+00	-9.736538e-01	6.869244e-01	-4.847053e-01	-3.723947e-01	-4.968479e-02	4.964679e-02	-4.537796e-02	1.616918e-03	1.186537e-02	-2.318309e-01	2.978076e-01	-3.761090e-01	-6.067876e-02	1.478860e-01	
-7.977772e-02	2.323235e-02	-6.489021e-01	3.723505e-01	1.520980e-01	-1.665747e-01	1.770517e-01	2.963152e-02	-1.098666e-01	9.179095e-01	-9.736538e-01	1.000000e+00	-5.721991e-01	3.682042e-01	4.624976e-01	6.367315e-02	-6.413423e-02	5.937201e-02	-2.508652e-03	-1.567970e-02	2.944417e-01	-3.772974e-01	4.760341e-01	7.131131e-02	-1.823461e-01	
1.458178e-01	-1.000455e-01	-9.691272e-02	1.697438e-02	1.001997e-01	-1.112825e-01	1.089688e-01	-5.241651e-02	1.467427e-02	-7.416923e-01	6.869244e-01	-5.721991e-01	1.000000e+00	-9.470341e-01	6.377014e-02	3.344546e-02	-3.524261e-02	3.438269e-02	3.506895e-03	-1.374871e-02	5.417193e-02	-6.177127e-02	6.666176e-02	2.966392e-02	-4.308328e-02	
-1.116839e-01	5.023077e-02	2.395913e-01	-7.699368e-02	-9.807705e-02	1.221937e-01	-1.294818e-01	-9.817031e-02	1.861156e-01	5.480914e-01	-4.847053e-01	3.682042e-01	-9.470341e-01	1.000000e+00	-1.581297e-01	-5.282154e-02	5.542103e-02	-5.346208e-02	-1.049568e-02	2.800125e-02	-1.261925e-01	1.534683e-01	-1.819521e-01	-4.157453e-02	8.406949e-02	
3.614466e-02	-2.254661e-01	-6.895652e-01	5.279630e-01	2.847066e-03	6.574274e-04	-5.597276e-03	-2.559568e-02	4.447784e-02	2.945702e-01	-3.723947e-01	4.624976e-01	6.377014e-02	-1.581297e-01	1.000000e+00	-4.535787e-01	5.160288e-01	-5.658063e-01	3.906977e-02	2.061153e-01	1.789382e-01	-2.383485e-01	3.146231e-01	5.309963e-02	-1.034573e-01	
7.739588e-02	1.614365e-04	-8.414890e-02	5.923814e-02	1.648736e-02	-2.007798e-02	2.022228e-02	2.464690e-02	-3.341299e-02	3.725254e-02	-4.968479e-02	6.367315e-02	3.344546e-02	-5.282154e-02	-4.535787e-01	1.000000e+00	-9.840423e-01	9.387725e-01	-5.860137e-01	2.076819e-01	2.329289e-01	-2.680496e-01	2.958835e-01	1.769063e-02	-7.172595e-02	
-7.659808e-02	-2.801394e-03	7.825400e-02	-5.744377e-02	-1.901184e-02	2.306479e-02	-2.345697e-02	-2.638538e-02	3.769661e-02	-3.676348e-02	4.964679e-02	-6.413423e-02	-3.524261e-02	5.542103e-02	5.160288e-01	-9.840423e-01	1.000000e+00	-9.846187e-01	5.182542e-01	-1.241133e-01	-2.405191e-01	2.800345e-01	-3.123192e-01	-3.295799e-02	9.695350e-02	
6.587179e-02	-1.511708e-04	-6.446078e-02	5.073675e-02	2.132188e-02	-2.577675e-02	2.674589e-02	2.346866e-02	-3.739779e-02	3.300741e-02	-4.537796e-02	5.937201e-02	3.438269e-02	-5.346208e-02	-5.658063e-01	9.387725e-01	-9.846187e-01	1.000000e+00	-4.389380e-01	4.353158e-02	2.394301e-01	-2.815610e-01	3.168413e-01	4.295972e-02	-1.129038e-01	
6.482262e-02	1.363923e-01	9.074379e-03	-1.762061e-02	-3.133391e-03	6.046748e-03	-1.230623e-02	5.146611e-02	-4.866970e-02	-2.063849e-03	1.616918e-03	-2.508652e-03	3.506895e-03	-1.049568e-02	3.906977e-02	-5.860137e-01	5.182542e-01	-4.389380e-01	1.000000e+00	-8.989447e-01	-4.411416e-02	5.257267e-02	-6.107959e-02	8.836821e-02	-1.579543e-01	
-7.317457e-02	-1.430157e-01	4.862844e-03	7.970928e-03	-5.826374e-03	5.193826e-03	-2.798353e-06	-6.029172e-02	6.481032e-02	-7.548302e-03	1.186537e-02	-1.567970e-02	-1.374871e-02	2.800125e-02	2.061153e-01	2.076819e-01	-1.241133e-01	4.353158e-02	-8.989447e-01	1.000000e+00	-5.425924e-02	6.082329e-02	-6.329808e-02	-1.113070e-01	2.276514e-01	
-6.501325e-03	4.527062e-03	-4.119481e-01	3.038224e-01	7.913712e-03	-1.024077e-02	8.009088e-03	1.886278e-02	-1.534129e-02	1.790478e-01	-2.318309e-01	2.944417e-01	5.417193e-02	-1.261925e-01	1.789382e-01	2.329289e-01	-2.405191e-01	2.394301e-01	-4.411416e-02	-5.425924e-02	1.000000e+00	-9.841097e-01	9.206020e-01	-7.136217e-01	5.321792e-01	
2.225030e-02	-1.002479e-02	5.214458e-01	-3.865321e-01	-8.628437e-03	1.097421e-02	-7.974618e-03	-2.264937e-02	1.822244e-02	-2.308312e-01	2.978076e-01	-3.772974e-01	-6.177127e-02	1.534683e-01	-2.383485e-01	-2.680496e-01	2.800345e-01	-2.815610e-01	5.257267e-02	6.082329e-02	-9.841097e-01	1.000000e+00	-9.745476e-01	6.531456e-01	-4.606112e-01	
-6.078861e-02	2.990234e-02	-6.469600e-01	4.816001e-01	8.785084e-03	-1.093859e-02	7.062867e-03	2.575729e-02	-2.012374e-02	2.922122e-01	-3.761090e-01	4.760341e-01	6.666176e-02	-1.819521e-01	3.146231e-01	2.958835e-01	-3.123192e-01	3.168413e-01	-6.107959e-02	-6.329808e-02	9.206020e-01	-9.745476e-01	1.000000e+00	-5.357173e-01	3.372955e-01	
1.542191e-01	-9.538149e-02	-1.199678e-01	9.692224e-02	1.236670e-02	-9.375312e-03	5.100219e-03	1.245351e-02	-1.116960e-02	4.888108e-02	-6.067876e-02	7.131131e-02	2.966392e-02	-4.157453e-02	5.309963e-02	1.769063e-02	-3.295799e-02	4.295972e-02	8.836821e-02	-1.113070e-01	-7.136217e-01	6.531456e-01	-5.357173e-01	1.000000e+00	-9.603949e-01	
-1.254760e-01	5.413472e-02	2.611410e-01	-2.024827e-01	-1.257419e-02	1.026378e-02	-5.048897e-03	-2.707032e-02	2.471990e-02	-1.162983e-01	1.478860e-01	-1.823461e-01	-4.308328e-02	8.406949e-02	-1.034573e-01	-7.172595e-02	9.695350e-02	-1.129038e-01	-1.579543e-01	2.276514e-01	5.321792e-01	-4.606112e-01	3.372955e-01	-9.603949e-01	1.000000e+00	

Time taken for mcmc chain: 3.428333 hours
