Number of steps: 8084951
Number of accepted steps: 1000000
Burn-in number of steps: 160000
Accepted fraction of steps: 0.123687
Convergence Status
R[0]= 1.000373	R[1]= 1.001622	R[2]= 1.029086	R[3]= 1.006872	R[4]= 1.000286	R[5]= 1.000245	R[6]= 1.000231	R[7]= 1.000501	R[8]= 1.000743	R[9]= 1.008709	R[10]= 1.012065	R[11]= 1.015973	R[12]= 1.001558	R[13]= 1.000742	R[14]= 1.014818	R[15]= 1.001620	R[16]= 1.002228	R[17]= 1.002907	R[18]= 1.000260	R[19]= 1.000434	R[20]= 1.005070	R[21]= 1.006904	R[22]= 1.009006	R[23]= 1.000934	R[24]= 1.000185	
<R>= 1.004935

Mean parameters
A[0]= 9.804541e-01 pm 3.473007e-02
A[1]= 1.057994e+00 pm 2.485853e-02
A[2]= 4.889312e-01 pm 3.720503e-01
A[3]= 4.155572e+00 pm 1.169608e+00
A[4]= -5.209150e+03 pm 3.832977e+03
A[5]= 2.819585e+03 pm 2.498446e+03
A[6]= -2.115514e+02 pm 5.845589e+02
A[7]= 1.631398e+01 pm 1.610757e+01
A[8]= -2.218519e-01 pm 2.313171e-01
A[9]= -5.001860e+03 pm 8.059444e+03
A[10]= 2.203986e+03 pm 4.979800e+03
A[11]= -5.133734e+02 pm 1.086598e+03
A[12]= 3.147273e+01 pm 4.901746e+01
A[13]= -6.952903e-01 pm 9.998577e-01
A[14]= 5.545969e+00 pm 1.621950e+00
A[15]= -6.369787e+03 pm 5.388531e+03
A[16]= 4.957169e+03 pm 3.512511e+03
A[17]= -9.526938e+02 pm 8.223801e+02
A[18]= 9.589986e+00 pm 2.404994e+01
A[19]= 3.589501e-02 pm 3.326827e-01
A[20]= 9.402817e+03 pm 1.085588e+04
A[21]= -5.083139e+03 pm 6.686593e+03
A[22]= 5.027983e+02 pm 1.451805e+03
A[23]= -4.012925e+01 pm 6.816450e+01
A[24]= 3.457392e-01 pm 1.351822e+00

Best-fitting parameters
A[0]= 9.686588e-01
A[1]= 1.054067e+00
A[2]= 3.016153e-01
A[3]= 4.560537e+00
A[4]= -4.143469e+03
A[5]= 2.256248e+03
A[6]= -1.103961e+02
A[7]= 1.201945e+01
A[8]= -1.703967e-01
A[9]= -9.943862e+02
A[10]= -5.180112e+02
A[11]= 1.418362e+02
A[12]= 1.078087e+01
A[13]= -3.127489e-01
A[14]= 7.611745e+00
A[15]= -1.043492e+04
A[16]= 8.143205e+03
A[17]= -1.793959e+03
A[18]= 1.498367e+01
A[19]= 3.760387e-02
A[20]= 1.469586e+04
A[21]= -8.703245e+03
A[22]= 1.363311e+03
A[23]= -8.319753e+01
A[24]= 1.043914e+00
chi2_min= 1.112399e+02


Cross-Covariance parameters
1.000000e+00	-4.905477e-01	-1.029746e-01	2.260070e-02	6.842636e-02	-6.983568e-02	6.162502e-02	2.891162e-02	-3.545393e-02	-3.873060e-02	5.261688e-02	-8.421649e-02	1.698742e-01	-1.310402e-01	4.879593e-02	3.508439e-02	-3.161146e-02	2.091801e-02	5.511101e-02	-4.886744e-02	-1.846840e-02	3.556524e-02	-7.285011e-02	1.542482e-01	-1.291056e-01	
-4.905477e-01	1.000000e+00	5.284598e-02	-9.096134e-02	-6.151800e-02	6.713226e-02	-7.812717e-02	1.531379e-01	-1.396404e-01	6.718837e-02	-8.322406e-02	1.068699e-01	-1.293569e-01	5.127814e-02	-1.468809e-01	-3.033776e-02	2.622093e-02	-2.740411e-02	1.641329e-01	-1.703867e-01	5.567898e-02	-7.028308e-02	9.585142e-02	-1.015884e-01	4.642692e-02	
-1.029746e-01	5.284598e-02	1.000000e+00	-6.663880e-01	-7.742764e-03	1.232214e-02	-1.027355e-02	-5.310916e-02	6.126831e-02	-4.776974e-01	5.856238e-01	-7.003146e-01	-3.009660e-02	2.028530e-01	-6.453789e-01	-8.624493e-03	8.037690e-03	-1.122440e-03	-3.243517e-02	3.067716e-02	-4.392850e-01	5.391873e-01	-6.524710e-01	-6.594811e-02	2.082817e-01	
2.260070e-02	-9.096134e-02	-6.663880e-01	1.000000e+00	-5.140339e-01	5.775906e-01	-6.298142e-01	1.356392e-01	9.866662e-02	2.586863e-01	-3.174100e-01	3.836684e-01	-4.747496e-02	-1.484426e-02	4.592745e-01	8.558386e-03	-7.021057e-03	2.650714e-03	-8.268140e-04	2.649853e-03	2.930203e-01	-3.626078e-01	4.433919e-01	5.028144e-02	-1.448427e-01	
6.842636e-02	-6.151800e-02	-7.742764e-03	-5.140339e-01	1.000000e+00	-9.845413e-01	9.383152e-01	-6.905604e-01	3.873511e-01	2.410379e-02	-5.507936e-02	9.129694e-02	7.681481e-02	-1.723924e-02	-2.864355e-03	2.344547e-02	-2.686685e-02	2.931247e-02	-6.314592e-03	-2.155854e-03	1.183040e-02	-1.262352e-02	1.160821e-02	1.058279e-02	-1.173424e-02	
-6.983568e-02	6.713226e-02	1.232214e-02	5.775906e-01	-9.845413e-01	1.000000e+00	-9.839064e-01	6.368988e-01	-3.163475e-01	-3.940299e-02	7.242177e-02	-1.103862e-01	-8.773085e-02	4.612855e-02	-2.234092e-03	-2.257260e-02	2.611525e-02	-2.874242e-02	6.807909e-03	1.144284e-03	-1.418607e-02	1.560266e-02	-1.518726e-02	-1.041368e-02	1.211862e-02	
6.162502e-02	-7.812717e-02	-1.027355e-02	-6.298142e-01	9.383152e-01	-9.839064e-01	1.000000e+00	-5.600247e-01	2.333111e-01	5.523493e-02	-8.839162e-02	1.258698e-01	9.092159e-02	-6.801012e-02	5.168889e-03	2.099335e-02	-2.462386e-02	2.763355e-02	-1.037676e-02	3.068379e-03	1.351335e-02	-1.502403e-02	1.478224e-02	8.714628e-03	-9.739371e-03	
2.891162e-02	1.531379e-01	-5.310916e-02	1.356392e-01	-6.905604e-01	6.368988e-01	-5.600247e-01	1.000000e+00	-9.211768e-01	1.329374e-01	-1.065743e-01	6.342619e-02	1.247040e-02	-2.384009e-01	9.425442e-03	-1.007601e-02	1.060064e-02	-1.346876e-02	4.934902e-02	-4.811978e-02	2.864651e-02	-3.353045e-02	3.872087e-02	-9.835000e-04	-1.365890e-02	
-3.545393e-02	-1.396404e-01	6.126831e-02	9.866662e-02	3.873511e-01	-3.163475e-01	2.333111e-01	-9.211768e-01	1.000000e+00	-1.832737e-01	1.652447e-01	-1.280904e-01	-4.277206e-02	3.115386e-01	-1.028267e-02	3.459833e-03	-2.725101e-03	4.734185e-03	-4.622590e-02	4.869158e-02	-3.662908e-02	4.209043e-02	-4.733272e-02	2.390525e-03	1.392352e-02	
-3.873060e-02	6.718837e-02	-4.776974e-01	2.586863e-01	2.410379e-02	-3.940299e-02	5.523493e-02	1.329374e-01	-1.832737e-01	1.000000e+00	-9.832531e-01	9.214984e-01	-7.153530e-01	4.731299e-01	3.052541e-01	1.099518e-02	-1.206299e-02	1.009338e-02	2.296710e-02	-2.549461e-02	2.297128e-01	-2.811923e-01	3.416357e-01	2.073503e-02	-9.817025e-02	
5.261688e-02	-8.322406e-02	5.856238e-01	-3.174100e-01	-5.507936e-02	7.242177e-02	-8.839162e-02	-1.065743e-01	1.652447e-01	-9.832531e-01	1.000000e+00	-9.760237e-01	6.859408e-01	-4.418205e-01	-3.744866e-01	-1.193763e-02	1.334492e-02	-1.101668e-02	-2.802198e-02	3.110681e-02	-2.807990e-01	3.444040e-01	-4.189976e-01	-2.334017e-02	1.181904e-01	
-8.421649e-02	1.068699e-01	-7.003146e-01	3.836684e-01	9.129694e-02	-1.103862e-01	1.258698e-01	6.342619e-02	-1.280904e-01	9.214984e-01	-9.760237e-01	1.000000e+00	-6.073977e-01	3.726698e-01	4.496166e-01	1.236039e-02	-1.428809e-02	1.187248e-02	3.195319e-02	-3.575891e-02	3.364558e-01	-4.136704e-01	5.044148e-01	2.413199e-02	-1.383913e-01	
1.698742e-01	-1.293569e-01	-3.009660e-02	-4.747496e-02	7.681481e-02	-8.773085e-02	9.092159e-02	1.247040e-02	-4.277206e-02	-7.153530e-01	6.859408e-01	-6.073977e-01	1.000000e+00	-9.288726e-01	2.524941e-02	1.154526e-02	-1.241807e-02	1.195344e-02	-4.893671e-03	2.483282e-03	2.604973e-04	-5.891794e-04	-2.329347e-03	3.157328e-02	-2.842980e-02	
-1.310402e-01	5.127814e-02	2.028530e-01	-1.484426e-02	-1.723924e-02	4.612855e-02	-6.801012e-02	-2.384009e-01	3.115386e-01	4.731299e-01	-4.418205e-01	3.726698e-01	-9.288726e-01	1.000000e+00	-1.274221e-01	-1.187269e-02	1.351658e-02	-1.215924e-02	-1.121940e-02	1.511701e-02	-8.582348e-02	1.051628e-01	-1.248221e-01	-3.153836e-02	5.907313e-02	
4.879593e-02	-1.468809e-01	-6.453789e-01	4.592745e-01	-2.864355e-03	-2.234092e-03	5.168889e-03	9.425442e-03	-1.028267e-02	3.052541e-01	-3.744866e-01	4.496166e-01	2.524941e-02	-1.274221e-01	1.000000e+00	-4.974388e-01	5.712529e-01	-6.340538e-01	5.423807e-02	1.708168e-01	1.774989e-01	-2.263836e-01	2.890023e-01	1.366160e-02	-5.360055e-02	
3.508439e-02	-3.033776e-02	-8.624493e-03	8.558386e-03	2.344547e-02	-2.257260e-02	2.099335e-02	-1.007601e-02	3.459833e-03	1.099518e-02	-1.193763e-02	1.236039e-02	1.154526e-02	-1.187269e-02	-4.974388e-01	1.000000e+00	-9.839052e-01	9.349969e-01	-6.669453e-01	3.863637e-01	1.501932e-01	-1.736362e-01	1.944942e-01	-1.916071e-02	1.862731e-02	
-3.161146e-02	2.622093e-02	8.037690e-03	-7.021057e-03	-2.686685e-02	2.611525e-02	-2.462386e-02	1.060064e-02	-2.725101e-03	-1.206299e-02	1.334492e-02	-1.428809e-02	-1.241807e-02	1.351658e-02	5.712529e-01	-9.839052e-01	1.000000e+00	-9.828392e-01	6.038096e-01	-3.063323e-01	-1.615764e-01	1.890340e-01	-2.136583e-01	7.066111e-03	5.555701e-03	
2.091801e-02	-2.740411e-02	-1.122440e-03	2.650714e-03	2.931247e-02	-2.874242e-02	2.763355e-02	-1.346876e-02	4.734185e-03	1.009338e-02	-1.101668e-02	1.187248e-02	1.195344e-02	-1.215924e-02	-6.340538e-01	9.349969e-01	-9.828392e-01	1.000000e+00	-5.150771e-01	2.107686e-01	1.670872e-01	-1.973257e-01	2.246384e-01	2.806527e-03	-2.658289e-02	
5.511101e-02	1.641329e-01	-3.243517e-02	-8.268140e-04	-6.314592e-03	6.807909e-03	-1.037676e-02	4.934902e-02	-4.622590e-02	2.296710e-02	-2.802198e-02	3.195319e-02	-4.893671e-03	-1.121940e-02	5.423807e-02	-6.669453e-01	6.038096e-01	-5.150771e-01	1.000000e+00	-9.350924e-01	-1.165265e-02	2.002909e-02	-3.330214e-02	1.144941e-01	-2.218476e-01	
-4.886744e-02	-1.703867e-01	3.067716e-02	2.649853e-03	-2.155854e-03	1.144284e-03	3.068379e-03	-4.811978e-02	4.869158e-02	-2.549461e-02	3.110681e-02	-3.575891e-02	2.483282e-03	1.511701e-02	1.708168e-01	3.863637e-01	-3.063323e-01	2.107686e-01	-9.350924e-01	1.000000e+00	-5.073756e-02	5.061190e-02	-4.273192e-02	-1.270624e-01	2.651161e-01	
-1.846840e-02	5.567898e-02	-4.392850e-01	2.930203e-01	1.183040e-02	-1.418607e-02	1.351335e-02	2.864651e-02	-3.662908e-02	2.297128e-01	-2.807990e-01	3.364558e-01	2.604973e-04	-8.582348e-02	1.774989e-01	1.501932e-01	-1.615764e-01	1.670872e-01	-1.165265e-02	-5.073756e-02	1.000000e+00	-9.839778e-01	9.234207e-01	-7.214952e-01	5.442733e-01	
3.556524e-02	-7.028308e-02	5.391873e-01	-3.626078e-01	-1.262352e-02	1.560266e-02	-1.502403e-02	-3.353045e-02	4.209043e-02	-2.811923e-01	3.444040e-01	-4.136704e-01	-5.891794e-04	1.051628e-01	-2.263836e-01	-1.736362e-01	1.890340e-01	-1.973257e-01	2.002909e-02	5.061190e-02	-9.839778e-01	1.000000e+00	-9.761573e-01	6.917660e-01	-5.090010e-01	
-7.285011e-02	9.585142e-02	-6.524710e-01	4.433919e-01	1.160821e-02	-1.518726e-02	1.478224e-02	3.872087e-02	-4.733272e-02	3.416357e-01	-4.189976e-01	5.044148e-01	-2.329347e-03	-1.248221e-01	2.890023e-01	1.944942e-01	-2.136583e-01	2.246384e-01	-3.330214e-02	-4.273192e-02	9.234207e-01	-9.761573e-01	1.000000e+00	-6.106407e-01	4.287574e-01	
1.542482e-01	-1.015884e-01	-6.594811e-02	5.028144e-02	1.058279e-02	-1.041368e-02	8.714628e-03	-9.835000e-04	2.390525e-03	2.073503e-02	-2.334017e-02	2.413199e-02	3.157328e-02	-3.153836e-02	1.366160e-02	-1.916071e-02	7.066111e-03	2.806527e-03	1.144941e-01	-1.270624e-01	-7.214952e-01	6.917660e-01	-6.106407e-01	1.000000e+00	-9.605941e-01	
-1.291056e-01	4.642692e-02	2.082817e-01	-1.448427e-01	-1.173424e-02	1.211862e-02	-9.739371e-03	-1.365890e-02	1.392352e-02	-9.817025e-02	1.181904e-01	-1.383913e-01	-2.842980e-02	5.907313e-02	-5.360055e-02	1.862731e-02	5.555701e-03	-2.658289e-02	-2.218476e-01	2.651161e-01	5.442733e-01	-5.090010e-01	4.287574e-01	-9.605941e-01	1.000000e+00	

Time taken for mcmc chain: 3.097500 hours
