Number of steps: 8600358
Number of accepted steps: 1000000
Burn-in number of steps: 160000
Accepted fraction of steps: 0.116274
Convergence Status
R[0]= 1.000260	R[1]= 1.000696	R[2]= 1.004099	R[3]= 1.006610	R[4]= 1.001060	R[5]= 1.001673	R[6]= 1.002457	R[7]= 1.000059	R[8]= 1.000636	R[9]= 1.000714	R[10]= 1.001002	R[11]= 1.001396	R[12]= 1.000211	R[13]= 1.000398	R[14]= 1.002117	R[15]= 1.001395	R[16]= 1.001489	R[17]= 1.001397	R[18]= 1.000439	R[19]= 1.000146	R[20]= 1.002202	R[21]= 1.002753	R[22]= 1.003428	R[23]= 1.000414	R[24]= 1.000608	
<R>= 1.001506

Mean parameters
A[0]= 9.044472e-01 pm 4.248565e-02
A[1]= 1.001367e+00 pm 3.061918e-02
A[2]= 4.755042e-01 pm 3.725748e-01
A[3]= 3.962255e+00 pm 1.289092e+00
A[4]= -4.420817e+03 pm 3.926544e+03
A[5]= 2.218886e+03 pm 2.553532e+03
A[6]= -7.048115e+01 pm 5.881759e+02
A[7]= 1.913585e+01 pm 1.584738e+01
A[8]= -3.219308e-01 pm 2.369597e-01
A[9]= -2.544871e+03 pm 7.761998e+03
A[10]= 7.171284e+02 pm 4.670137e+03
A[11]= -2.220182e+02 pm 9.756946e+02
A[12]= 2.278207e+01 pm 4.925801e+01
A[13]= -7.412337e-01 pm 1.004636e+00
A[14]= 5.722431e+00 pm 1.855573e+00
A[15]= -1.054654e+04 pm 5.438906e+03
A[16]= 6.717407e+03 pm 3.537541e+03
A[17]= -1.152338e+03 pm 8.164628e+02
A[18]= 1.873916e+01 pm 2.390323e+01
A[19]= -8.089298e-02 pm 3.504292e-01
A[20]= -4.117491e+03 pm 1.078900e+04
A[21]= 2.119112e+03 pm 6.584176e+03
A[22]= -7.051697e+02 pm 1.394596e+03
A[23]= 4.163249e+01 pm 6.891681e+01
A[24]= -1.145309e+00 pm 1.380598e+00

Best-fitting parameters
A[0]= 9.015578e-01
A[1]= 1.003966e+00
A[2]= 3.356691e-01
A[3]= 3.908874e+00
A[4]= -3.307462e+03
A[5]= 1.356799e+03
A[6]= 1.513741e+02
A[7]= 1.331256e+01
A[8]= -2.672730e-01
A[9]= 1.348152e+03
A[10]= -2.014504e+03
A[11]= 4.158612e+02
A[12]= -2.267450e+00
A[13]= -3.210487e-01
A[14]= 6.590553e+00
A[15]= -1.456195e+04
A[16]= 9.176408e+03
A[17]= -1.676210e+03
A[18]= 3.583674e+01
A[19]= -2.658373e-01
A[20]= -6.241670e+03
A[21]= 3.197560e+03
A[22]= -8.561982e+02
A[23]= 7.431115e+01
A[24]= -1.707871e+00
chi2_min= 8.621185e+01


Cross-Covariance parameters
1.000000e+00	-5.484217e-01	-1.406359e-01	7.638288e-02	3.654921e-02	-2.682966e-02	9.941133e-03	1.754004e-02	4.674004e-03	-1.704333e-02	4.439634e-02	-9.773382e-02	1.389211e-01	-8.812389e-02	8.262801e-02	1.312677e-02	-3.252722e-03	-1.459362e-02	5.217891e-02	-2.750959e-02	-1.726392e-02	4.457539e-02	-9.943051e-02	1.382199e-01	-9.593123e-02	
-5.484217e-01	1.000000e+00	2.606660e-01	-2.115285e-01	-3.920545e-02	4.286223e-02	-5.049211e-02	1.189582e-01	-1.065646e-01	-4.296206e-03	-4.377123e-03	2.514970e-02	-1.473743e-01	9.052273e-02	-2.596921e-01	8.991225e-03	-1.023912e-02	7.546169e-03	1.078040e-01	-1.088761e-01	-1.002922e-02	2.742055e-03	2.052495e-02	-1.339831e-01	9.926751e-02	
-1.406359e-01	2.606660e-01	1.000000e+00	-6.123035e-01	-4.981199e-02	5.196855e-02	-4.903531e-02	1.295276e-02	-1.077466e-02	-4.069103e-01	4.990115e-01	-6.056786e-01	-1.607431e-01	2.589019e-01	-5.932611e-01	-5.854866e-02	6.481258e-02	-6.491385e-02	-1.132636e-02	1.756636e-02	-4.199857e-01	5.118222e-01	-6.146387e-01	-1.737873e-01	2.828212e-01	
7.638288e-02	-2.115285e-01	-6.123035e-01	1.000000e+00	-5.395742e-01	6.052870e-01	-6.572285e-01	2.542269e-03	2.348833e-01	1.530756e-01	-1.963477e-01	2.572831e-01	3.250485e-02	-1.983088e-02	3.835807e-01	2.884758e-02	-3.406934e-02	3.683410e-02	1.924482e-03	-6.928819e-03	2.683070e-01	-3.248502e-01	3.875500e-01	1.045969e-01	-1.739897e-01	
3.654921e-02	-3.920545e-02	-4.981199e-02	-5.395742e-01	1.000000e+00	-9.855947e-01	9.432390e-01	-5.896217e-01	2.784900e-01	6.044757e-02	-9.253753e-02	1.252998e-01	8.753796e-02	-5.222638e-02	2.922363e-02	3.801503e-03	-3.468999e-03	2.724690e-03	-4.126677e-03	5.207544e-03	9.484283e-03	-1.385025e-02	1.826782e-02	1.083589e-02	-1.038789e-02	
-2.682966e-02	4.286223e-02	5.196855e-02	6.052870e-01	-9.855947e-01	1.000000e+00	-9.854070e-01	5.225424e-01	-1.996133e-01	-7.695362e-02	1.110004e-01	-1.449583e-01	-9.738537e-02	8.110453e-02	-3.182699e-02	-5.904130e-03	5.448833e-03	-4.639031e-03	7.693062e-03	-7.737038e-03	-1.091612e-02	1.549875e-02	-2.044997e-02	-1.163994e-02	1.173039e-02	
9.941133e-03	-5.049211e-02	-4.903531e-02	-6.572285e-01	9.432390e-01	-9.854070e-01	1.000000e+00	-4.391963e-01	1.152882e-01	9.410700e-02	-1.289435e-01	1.627792e-01	9.803763e-02	-1.006419e-01	3.273944e-02	7.298890e-03	-6.833170e-03	6.268140e-03	-1.310695e-02	1.175852e-02	1.002979e-02	-1.443290e-02	1.963080e-02	1.168725e-02	-1.193417e-02	
1.754004e-02	1.189582e-01	1.295276e-02	2.542269e-03	-5.896217e-01	5.225424e-01	-4.391963e-01	1.000000e+00	-9.270743e-01	1.387099e-01	-1.128384e-01	6.692934e-02	5.790473e-04	-2.260390e-01	-2.437278e-02	8.391835e-03	-6.952423e-03	3.442325e-03	2.694583e-02	-2.576341e-02	5.787596e-03	-4.587723e-03	3.551947e-03	3.896791e-03	-1.016281e-02	
4.674004e-03	-1.065646e-01	-1.077466e-02	2.348833e-01	2.784900e-01	-1.996133e-01	1.152882e-01	-9.270743e-01	1.000000e+00	-1.876293e-01	1.701505e-01	-1.290423e-01	-2.777753e-02	2.902358e-01	1.911733e-02	-8.858527e-03	7.460088e-03	-4.415090e-03	-1.718141e-02	1.693042e-02	-1.831188e-03	1.824498e-03	-2.838393e-03	-4.340101e-03	9.475359e-03	
-1.704333e-02	-4.296206e-03	-4.069103e-01	1.530756e-01	6.044757e-02	-7.695362e-02	9.410700e-02	1.387099e-01	-1.876293e-01	1.000000e+00	-9.848603e-01	9.260230e-01	-6.823722e-01	4.710415e-01	2.302125e-01	3.197464e-02	-3.566058e-02	3.623216e-02	1.126883e-02	-1.524539e-02	1.792166e-01	-2.211645e-01	2.704536e-01	6.754073e-02	-1.199641e-01	
4.439634e-02	-4.377123e-03	4.990115e-01	-1.963477e-01	-9.253753e-02	1.110004e-01	-1.289435e-01	-1.128384e-01	1.701505e-01	-9.848603e-01	1.000000e+00	-9.765159e-01	6.595442e-01	-4.510976e-01	-2.845922e-01	-3.801055e-02	4.259221e-02	-4.365429e-02	-1.336389e-02	1.910711e-02	-2.241854e-01	2.765529e-01	-3.385914e-01	-7.785774e-02	1.438310e-01	
-9.773382e-02	2.514970e-02	-6.056786e-01	2.572831e-01	1.252998e-01	-1.449583e-01	1.627792e-01	6.692934e-02	-1.290423e-01	9.260230e-01	-9.765159e-01	1.000000e+00	-5.923781e-01	3.985839e-01	3.476933e-01	4.448982e-02	-5.048437e-02	5.268142e-02	1.513631e-02	-2.362784e-02	2.787068e-01	-3.440656e-01	4.223863e-01	8.672394e-02	-1.699228e-01	
1.389211e-01	-1.473743e-01	-1.607431e-01	3.250485e-02	8.753796e-02	-9.738537e-02	9.803763e-02	5.790473e-04	-2.777753e-02	-6.823722e-01	6.595442e-01	-5.923781e-01	1.000000e+00	-9.387079e-01	1.133074e-01	4.831342e-03	-3.089484e-03	3.595425e-04	-3.747939e-03	5.437876e-03	5.727243e-02	-6.622779e-02	7.325292e-02	4.240618e-02	-5.088204e-02	
-8.812389e-02	9.052273e-02	2.589019e-01	-1.983088e-02	-5.222638e-02	8.110453e-02	-1.006419e-01	-2.260390e-01	2.902358e-01	4.710415e-01	-4.510976e-01	3.985839e-01	-9.387079e-01	1.000000e+00	-1.653877e-01	-1.605080e-02	1.470801e-02	-1.148663e-02	1.963041e-04	2.703518e-04	-1.045332e-01	1.260716e-01	-1.492688e-01	-5.508902e-02	8.021371e-02	
8.262801e-02	-2.596921e-01	-5.932611e-01	3.835807e-01	2.922363e-02	-3.182699e-02	3.273944e-02	-2.437278e-02	1.911733e-02	2.302125e-01	-2.845922e-01	3.476933e-01	1.133074e-01	-1.653877e-01	1.000000e+00	-5.125364e-01	5.843016e-01	-6.427134e-01	-1.142885e-01	3.252097e-01	1.241471e-01	-1.654085e-01	2.224957e-01	5.477798e-02	-5.528140e-02	
1.312677e-02	8.991225e-03	-5.854866e-02	2.884758e-02	3.801503e-03	-5.904130e-03	7.298890e-03	8.391835e-03	-8.858527e-03	3.197464e-02	-3.801055e-02	4.448982e-02	4.831342e-03	-1.605080e-02	-5.125364e-01	1.000000e+00	-9.844041e-01	9.379475e-01	-5.067324e-01	2.143030e-01	1.933050e-01	-2.151072e-01	2.302581e-01	-8.688754e-03	-1.097144e-02	
-3.252722e-03	-1.023912e-02	6.481258e-02	-3.406934e-02	-3.468999e-03	5.448833e-03	-6.833170e-03	-6.952423e-03	7.460088e-03	-3.566058e-02	4.259221e-02	-5.048437e-02	-3.089484e-03	1.470801e-02	5.843016e-01	-9.844041e-01	1.000000e+00	-9.838756e-01	4.244766e-01	-1.214635e-01	-2.062834e-01	2.320951e-01	-2.505603e-01	-8.558335e-03	4.178379e-02	
-1.459362e-02	7.546169e-03	-6.491385e-02	3.683410e-02	2.724690e-03	-4.639031e-03	6.268140e-03	3.442325e-03	-4.415090e-03	3.623216e-02	-4.365429e-02	5.268142e-02	3.595425e-04	-1.148663e-02	-6.427134e-01	9.379475e-01	-9.838756e-01	1.000000e+00	-3.255848e-01	2.233117e-02	2.129788e-01	-2.419382e-01	2.632360e-01	2.213324e-02	-6.755283e-02	
5.217891e-02	1.078040e-01	-1.132636e-02	1.924482e-03	-4.126677e-03	7.693062e-03	-1.310695e-02	2.694583e-02	-1.718141e-02	1.126883e-02	-1.336389e-02	1.513631e-02	-3.747939e-03	1.963041e-04	-1.142885e-01	-5.067324e-01	4.244766e-01	-3.255848e-01	1.000000e+00	-9.409507e-01	5.892651e-03	8.168918e-04	-1.488364e-02	1.407956e-01	-2.523016e-01	
-2.750959e-02	-1.088761e-01	1.756636e-02	-6.928819e-03	5.207544e-03	-7.737038e-03	1.175852e-02	-2.576341e-02	1.693042e-02	-1.524539e-02	1.910711e-02	-2.362784e-02	5.437876e-03	2.703518e-04	3.252097e-01	2.143030e-01	-1.214635e-01	2.233117e-02	-9.409507e-01	1.000000e+00	-7.479861e-02	7.473515e-02	-6.352047e-02	-1.482933e-01	2.874739e-01	
-1.726392e-02	-1.002922e-02	-4.199857e-01	2.683070e-01	9.484283e-03	-1.091612e-02	1.002979e-02	5.787596e-03	-1.831188e-03	1.792166e-01	-2.241854e-01	2.787068e-01	5.727243e-02	-1.045332e-01	1.241471e-01	1.933050e-01	-2.062834e-01	2.129788e-01	5.892651e-03	-7.479861e-02	1.000000e+00	-9.853672e-01	9.298190e-01	-6.658399e-01	4.934236e-01	
4.457539e-02	2.742055e-03	5.118222e-01	-3.248502e-01	-1.385025e-02	1.549875e-02	-1.443290e-02	-4.587723e-03	1.824498e-03	-2.211645e-01	2.765529e-01	-3.440656e-01	-6.622779e-02	1.260716e-01	-1.654085e-01	-2.151072e-01	2.320951e-01	-2.419382e-01	8.168918e-04	7.473515e-02	-9.853672e-01	1.000000e+00	-9.780685e-01	6.360596e-01	-4.611138e-01	
-9.943051e-02	2.052495e-02	-6.146387e-01	3.875500e-01	1.826782e-02	-2.044997e-02	1.963080e-02	3.551947e-03	-2.838393e-03	2.704536e-01	-3.385914e-01	4.223863e-01	7.325292e-02	-1.492688e-01	2.224957e-01	2.302581e-01	-2.505603e-01	2.632360e-01	-1.488364e-02	-6.352047e-02	9.298190e-01	-9.780685e-01	1.000000e+00	-5.640064e-01	3.935703e-01	
1.382199e-01	-1.339831e-01	-1.737873e-01	1.045969e-01	1.083589e-02	-1.163994e-02	1.168725e-02	3.896791e-03	-4.340101e-03	6.754073e-02	-7.785774e-02	8.672394e-02	4.240618e-02	-5.508902e-02	5.477798e-02	-8.688754e-03	-8.558335e-03	2.213324e-02	1.407956e-01	-1.482933e-01	-6.658399e-01	6.360596e-01	-5.640064e-01	1.000000e+00	-9.638227e-01	
-9.593123e-02	9.926751e-02	2.828212e-01	-1.739897e-01	-1.038789e-02	1.173039e-02	-1.193417e-02	-1.016281e-02	9.475359e-03	-1.199641e-01	1.438310e-01	-1.699228e-01	-5.088204e-02	8.021371e-02	-5.528140e-02	-1.097144e-02	4.178379e-02	-6.755283e-02	-2.523016e-01	2.874739e-01	4.934236e-01	-4.611138e-01	3.935703e-01	-9.638227e-01	1.000000e+00	

Time taken for mcmc chain: 3.399722 hours
