Number of steps: 7251315
Number of accepted steps: 1000000
Burn-in number of steps: 160000
Accepted fraction of steps: 0.137906
Convergence Status
R[0]= 1.000883	R[1]= 1.003578	R[2]= 1.001482	R[3]= 1.002550	R[4]= 1.002184	R[5]= 1.002084	R[6]= 1.001925	R[7]= 1.001879	R[8]= 1.001397	R[9]= 1.000547	R[10]= 1.000537	R[11]= 1.000548	R[12]= 1.000114	R[13]= 1.000041	R[14]= 1.002888	R[15]= 1.001264	R[16]= 1.001628	R[17]= 1.002102	R[18]= 1.000190	R[19]= 1.000141	R[20]= 1.001559	R[21]= 1.001509	R[22]= 1.001376	R[23]= 1.000759	R[24]= 1.000704	
<R>= 1.001355

Mean parameters
A[0]= 9.984222e-01 pm 3.242451e-02
A[1]= 1.063053e+00 pm 2.310276e-02
A[2]= 4.445800e-01 pm 2.957088e-01
A[3]= 4.378907e+00 pm 1.093844e+00
A[4]= -5.105121e+03 pm 3.826855e+03
A[5]= 2.990864e+03 pm 2.487916e+03
A[6]= -2.963571e+02 pm 5.812961e+02
A[7]= 1.815922e+01 pm 1.634293e+01
A[8]= -2.430849e-01 pm 2.312354e-01
A[9]= -3.314474e+03 pm 7.957316e+03
A[10]= 1.315297e+03 pm 4.863175e+03
A[11]= -3.657977e+02 pm 1.047643e+03
A[12]= 2.388232e+01 pm 4.914350e+01
A[13]= -5.607040e-01 pm 9.976169e-01
A[14]= 5.728304e+00 pm 1.536909e+00
A[15]= -6.735535e+03 pm 5.299434e+03
A[16]= 5.330506e+03 pm 3.449460e+03
A[17]= -1.062477e+03 pm 8.099682e+02
A[18]= 1.472326e+01 pm 2.418368e+01
A[19]= -3.890741e-02 pm 3.338069e-01
A[20]= 9.041556e+03 pm 1.062814e+04
A[21]= -4.648708e+03 pm 6.497142e+03
A[22]= 3.687092e+02 pm 1.396592e+03
A[23]= -2.290001e+01 pm 6.847068e+01
A[24]= -7.879383e-02 pm 1.356552e+00

Best-fitting parameters
A[0]= 9.888081e-01
A[1]= 1.059594e+00
A[2]= 4.292648e-01
A[3]= 4.747772e+00
A[4]= -5.823640e+03
A[5]= 3.683637e+03
A[6]= -5.088170e+02
A[7]= 2.010279e+01
A[8]= -2.958843e-01
A[9]= -2.184162e+03
A[10]= 7.343919e+02
A[11]= -3.109489e+02
A[12]= 1.803128e+01
A[13]= -6.389177e-01
A[14]= 5.601322e+00
A[15]= -7.469182e+03
A[16]= 5.563087e+03
A[17]= -1.049860e+03
A[18]= 1.715385e+01
A[19]= -8.351642e-02
A[20]= 7.965873e+03
A[21]= -4.166405e+03
A[22]= 3.092355e+02
A[23]= -1.980086e+01
A[24]= -2.281267e-01
chi2_min= 1.047219e+02


Cross-Covariance parameters
1.000000e+00	-4.769929e-01	-1.294555e-01	2.819874e-02	6.243632e-02	-6.485684e-02	5.748684e-02	3.031545e-02	-3.707249e-02	-2.677259e-02	3.910455e-02	-6.872537e-02	1.509136e-01	-1.157431e-01	5.405536e-02	3.732962e-02	-3.243930e-02	2.022128e-02	4.130458e-02	-3.653020e-02	-1.921842e-02	3.442832e-02	-6.980914e-02	1.487688e-01	-1.258949e-01	
-4.769929e-01	1.000000e+00	8.774620e-02	-1.050098e-01	-5.753134e-02	6.400409e-02	-7.574827e-02	1.447917e-01	-1.301542e-01	4.524961e-02	-5.778093e-02	7.853304e-02	-1.028393e-01	3.477801e-02	-1.705963e-01	-1.654458e-02	1.050058e-02	-8.693910e-03	1.609776e-01	-1.725551e-01	4.761721e-02	-6.137988e-02	8.705079e-02	-8.813026e-02	3.624708e-02	
-1.294555e-01	8.774620e-02	1.000000e+00	-6.379623e-01	-4.450125e-02	5.416716e-02	-5.772438e-02	-4.170240e-02	6.142509e-02	-4.609975e-01	5.639645e-01	-6.810739e-01	-5.010554e-02	2.104567e-01	-6.073912e-01	-2.016595e-02	2.757977e-02	-3.041563e-02	-4.832945e-02	5.875328e-02	-4.170620e-01	5.175647e-01	-6.372848e-01	-7.186766e-02	2.123984e-01	
2.819874e-02	-1.050098e-01	-6.379623e-01	1.000000e+00	-5.154093e-01	5.788530e-01	-6.310815e-01	1.650642e-01	6.472395e-02	2.362659e-01	-2.859941e-01	3.440054e-01	-3.939672e-02	-1.966849e-02	4.119371e-01	8.817508e-03	-1.220280e-02	1.409554e-02	7.647031e-03	-1.155497e-02	2.782843e-01	-3.436842e-01	4.218849e-01	2.313215e-02	-1.110051e-01	
6.243632e-02	-5.753134e-02	-4.450125e-02	-5.154093e-01	1.000000e+00	-9.847934e-01	9.386350e-01	-7.208144e-01	4.338993e-01	2.313871e-02	-5.890131e-02	1.046562e-01	7.175405e-02	-4.472404e-03	3.151360e-02	2.100046e-03	-2.726114e-03	2.516537e-03	-1.571406e-04	-4.054855e-04	-1.251224e-03	-1.870405e-03	5.532270e-03	3.079403e-02	-3.234701e-02	
-6.485684e-02	6.400409e-02	5.416716e-02	5.788530e-01	-9.847934e-01	1.000000e+00	-9.838066e-01	6.714923e-01	-3.671314e-01	-3.843373e-02	7.694781e-02	-1.255692e-01	-8.300946e-02	3.317252e-02	-3.520465e-02	-4.612821e-03	5.883656e-03	-6.270766e-03	-6.000537e-04	2.575393e-03	-2.967446e-03	7.194207e-03	-1.208316e-02	-3.307689e-02	3.648511e-02	
5.748684e-02	-7.574827e-02	-5.772438e-02	-6.310815e-01	9.386350e-01	-9.838066e-01	1.000000e+00	-5.970737e-01	2.856133e-01	5.626291e-02	-9.572359e-02	1.448200e-01	8.545488e-02	-5.472047e-02	3.735157e-02	6.261592e-03	-8.074875e-03	9.187574e-03	-1.575797e-03	-1.488307e-03	5.133469e-03	-9.920390e-03	1.551344e-02	3.314188e-02	-3.731308e-02	
3.031545e-02	1.447917e-01	-4.170240e-02	1.650642e-01	-7.208144e-01	6.714923e-01	-5.970737e-01	1.000000e+00	-9.242999e-01	1.302579e-01	-1.030419e-01	5.676667e-02	6.679506e-04	-2.218026e-01	-3.587324e-03	4.067319e-03	-4.234289e-03	2.685001e-03	3.721154e-02	-3.789398e-02	3.115570e-02	-3.524258e-02	3.936100e-02	-1.235431e-03	-1.316175e-02	
-3.707249e-02	-1.301542e-01	6.142509e-02	6.472395e-02	4.338993e-01	-3.671314e-01	2.856133e-01	-9.242999e-01	1.000000e+00	-1.802445e-01	1.629446e-01	-1.256125e-01	-2.834802e-02	2.911843e-01	-1.003206e-02	-5.208398e-03	5.747613e-03	-4.387517e-03	-3.575683e-02	3.657936e-02	-3.291377e-02	3.869766e-02	-4.504318e-02	-1.034468e-02	2.657281e-02	
-2.677259e-02	4.524961e-02	-4.609975e-01	2.362659e-01	2.313871e-02	-3.843373e-02	5.626291e-02	1.302579e-01	-1.802445e-01	1.000000e+00	-9.839998e-01	9.227933e-01	-7.276332e-01	4.988813e-01	2.850345e-01	1.430739e-03	-3.665854e-03	4.008406e-03	2.804421e-02	-3.039825e-02	2.128525e-01	-2.613212e-01	3.200428e-01	4.580573e-03	-7.538003e-02	
3.910455e-02	-5.778093e-02	5.639645e-01	-2.859941e-01	-5.890131e-02	7.694781e-02	-9.572359e-02	-1.030419e-01	1.629446e-01	-9.839998e-01	1.000000e+00	-9.757856e-01	7.038741e-01	-4.742673e-01	-3.459697e-01	-2.490275e-03	6.185884e-03	-7.620059e-03	-3.700353e-02	4.138944e-02	-2.572535e-01	3.172541e-01	-3.902778e-01	-1.096295e-02	9.827201e-02	
-6.872537e-02	7.853304e-02	-6.810739e-01	3.440054e-01	1.046562e-01	-1.255692e-01	1.448200e-01	5.676667e-02	-1.256125e-01	9.227933e-01	-9.757856e-01	1.000000e+00	-6.282519e-01	4.082976e-01	4.158661e-01	3.376754e-03	-8.816953e-03	1.166541e-02	4.624834e-02	-5.316860e-02	3.084022e-01	-3.820503e-01	4.722769e-01	1.658930e-02	-1.233852e-01	
1.509136e-01	-1.028393e-01	-5.010554e-02	-3.939672e-02	7.175405e-02	-8.300946e-02	8.545488e-02	6.679506e-04	-2.834802e-02	-7.276332e-01	7.038741e-01	-6.282519e-01	1.000000e+00	-9.329848e-01	2.148468e-02	2.012882e-02	-2.176815e-02	2.196676e-02	-7.615940e-03	3.760734e-03	3.701265e-04	-2.052580e-03	2.108991e-03	4.196134e-02	-4.218832e-02	
-1.157431e-01	3.477801e-02	2.104567e-01	-1.966849e-02	-4.472404e-03	3.317252e-02	-5.472047e-02	-2.218026e-01	2.911843e-01	4.988813e-01	-4.742673e-01	4.082976e-01	-9.329848e-01	1.000000e+00	-1.119130e-01	-2.269077e-02	2.602283e-02	-2.692496e-02	-9.178261e-03	1.545126e-02	-7.735729e-02	9.704780e-02	-1.195248e-01	-4.388541e-02	7.260864e-02	
5.405536e-02	-1.705963e-01	-6.073912e-01	4.119371e-01	3.151360e-02	-3.520465e-02	3.735157e-02	-3.587324e-03	-1.003206e-02	2.850345e-01	-3.459697e-01	4.158661e-01	2.148468e-02	-1.119130e-01	1.000000e+00	-5.133252e-01	5.919183e-01	-6.571235e-01	7.433442e-02	1.520039e-01	1.423821e-01	-1.822810e-01	2.360764e-01	1.530336e-02	-4.604928e-02	
3.732962e-02	-1.654458e-02	-2.016595e-02	8.817508e-03	2.100046e-03	-4.612821e-03	6.261592e-03	4.067319e-03	-5.208398e-03	1.430739e-03	-2.490275e-03	3.376754e-03	2.012882e-02	-2.269077e-02	-5.133252e-01	1.000000e+00	-9.828275e-01	9.303447e-01	-6.863948e-01	4.166589e-01	1.384491e-01	-1.629172e-01	1.871878e-01	-3.081491e-02	3.488739e-02	
-3.243930e-02	1.050058e-02	2.757977e-02	-1.220280e-02	-2.726114e-03	5.883656e-03	-8.074875e-03	-4.234289e-03	5.747613e-03	-3.665854e-03	6.185884e-03	-8.816953e-03	-2.176815e-02	2.602283e-02	5.919183e-01	-9.828275e-01	1.000000e+00	-9.815509e-01	6.217334e-01	-3.334061e-01	-1.531849e-01	1.826442e-01	-2.121682e-01	1.981860e-02	-1.049419e-02	
2.022128e-02	-8.693910e-03	-3.041563e-02	1.409554e-02	2.516537e-03	-6.270766e-03	9.187574e-03	2.685001e-03	-4.387517e-03	4.008406e-03	-7.620059e-03	1.166541e-02	2.196676e-02	-2.692496e-02	-6.571235e-01	9.303447e-01	-9.815509e-01	1.000000e+00	-5.283376e-01	2.318199e-01	1.627283e-01	-1.961343e-01	2.299927e-01	-1.004636e-02	-1.224276e-02	
4.130458e-02	1.609776e-01	-4.832945e-02	7.647031e-03	-1.571406e-04	-6.000537e-04	-1.575797e-03	3.721154e-02	-3.575683e-02	2.804421e-02	-3.700353e-02	4.624834e-02	-7.615940e-03	-9.178261e-03	7.433442e-02	-6.863948e-01	6.217334e-01	-5.283376e-01	1.000000e+00	-9.372189e-01	-1.011327e-02	1.636847e-02	-2.667429e-02	1.233247e-01	-2.323458e-01	
-3.653020e-02	-1.725551e-01	5.875328e-02	-1.155497e-02	-4.054855e-04	2.575393e-03	-1.488307e-03	-3.789398e-02	3.657936e-02	-3.039825e-02	4.138944e-02	-5.316860e-02	3.760734e-03	1.545126e-02	1.520039e-01	4.166589e-01	-3.334061e-01	2.318199e-01	-9.372189e-01	1.000000e+00	-5.274708e-02	5.594857e-02	-5.327991e-02	-1.324705e-01	2.730171e-01	
-1.921842e-02	4.761721e-02	-4.170620e-01	2.782843e-01	-1.251224e-03	-2.967446e-03	5.133469e-03	3.115570e-02	-3.291377e-02	2.128525e-01	-2.572535e-01	3.084022e-01	3.701265e-04	-7.735729e-02	1.423821e-01	1.384491e-01	-1.531849e-01	1.627283e-01	-1.011327e-02	-5.274708e-02	1.000000e+00	-9.843856e-01	9.233846e-01	-7.415599e-01	5.709008e-01	
3.442832e-02	-6.137988e-02	5.175647e-01	-3.436842e-01	-1.870405e-03	7.194207e-03	-9.920390e-03	-3.524258e-02	3.869766e-02	-2.613212e-01	3.172541e-01	-3.820503e-01	-2.052580e-03	9.704780e-02	-1.822810e-01	-1.629172e-01	1.826442e-01	-1.961343e-01	1.636847e-02	5.594857e-02	-9.843856e-01	1.000000e+00	-9.755921e-01	7.192925e-01	-5.432790e-01	
-6.980914e-02	8.705079e-02	-6.372848e-01	4.218849e-01	5.532270e-03	-1.208316e-02	1.551344e-02	3.936100e-02	-4.504318e-02	3.200428e-01	-3.902778e-01	4.722769e-01	2.108991e-03	-1.195248e-01	2.360764e-01	1.871878e-01	-2.121682e-01	2.299927e-01	-2.667429e-02	-5.327991e-02	9.233846e-01	-9.755921e-01	1.000000e+00	-6.437282e-01	4.682856e-01	
1.487688e-01	-8.813026e-02	-7.186766e-02	2.313215e-02	3.079403e-02	-3.307689e-02	3.314188e-02	-1.235431e-03	-1.034468e-02	4.580573e-03	-1.096295e-02	1.658930e-02	4.196134e-02	-4.388541e-02	1.530336e-02	-3.081491e-02	1.981860e-02	-1.004636e-02	1.233247e-01	-1.324705e-01	-7.415599e-01	7.192925e-01	-6.437282e-01	1.000000e+00	-9.614292e-01	
-1.258949e-01	3.624708e-02	2.123984e-01	-1.110051e-01	-3.234701e-02	3.648511e-02	-3.731308e-02	-1.316175e-02	2.657281e-02	-7.538003e-02	9.827201e-02	-1.233852e-01	-4.218832e-02	7.260864e-02	-4.604928e-02	3.488739e-02	-1.049419e-02	-1.224276e-02	-2.323458e-01	2.730171e-01	5.709008e-01	-5.432790e-01	4.682856e-01	-9.614292e-01	1.000000e+00	

Time taken for mcmc chain: 2.492500 hours
