Number of steps: 4021148
Number of accepted steps: 500000
Burn-in number of steps: 320000
Accepted fraction of steps: 0.124343
Convergence Status
R[0]= -nan	R[1]= -nan	R[2]= -nan	R[3]= -nan	R[4]= -nan	R[5]= -nan	R[6]= -nan	R[7]= -nan	R[8]= -nan	R[9]= -nan	R[10]= -nan	R[11]= -nan	R[12]= -nan	R[13]= -nan	R[14]= -nan	R[15]= -nan	R[16]= -nan	R[17]= -nan	R[18]= -nan	R[19]= -nan	R[20]= -nan	R[21]= -nan	R[22]= -nan	R[23]= -nan	R[24]= -nan	
<R>= -nan Mean parameters
A[0]= 9.358855e-01 pm 3.636499e-02
A[1]= 1.050250e+00 pm 3.163598e-02
A[2]= 4.927608e-01 pm 3.640784e-01
A[3]= 4.466939e+00 pm 1.308955e+00
A[4]= -3.905064e+03 pm 3.878148e+03
A[5]= 1.957210e+03 pm 2.559944e+03
A[6]= -2.323322e+01 pm 6.028533e+02
A[7]= 1.765490e+01 pm 1.345339e+01
A[8]= -2.769431e-01 pm 1.859903e-01
A[9]= -3.215341e+03 pm 8.605269e+03
A[10]= 1.089088e+03 pm 5.152213e+03
A[11]= -2.701543e+02 pm 1.081101e+03
A[12]= 2.390951e+01 pm 4.759802e+01
A[13]= -6.896395e-01 pm 9.200224e-01
A[14]= 1.976742e+00 pm 7.739559e-01
A[15]= -1.915892e+03 pm 2.354700e+03
A[16]= 9.282418e+02 pm 1.543842e+03
A[17]= -1.268410e+01 pm 3.636584e+02
A[18]= 1.127167e+01 pm 8.628691e+00
A[19]= -1.748532e-01 pm 1.166678e-01
A[20]= -9.644677e+02 pm 5.009982e+03
A[21]= 1.392242e+02 pm 2.907535e+03
A[22]= -3.911215e+01 pm 5.764701e+02
A[23]= 4.650305e+00 pm 3.028151e+01
A[24]= -1.401913e-01 pm 5.811110e-01

Best-fitting parameters
A[0]= 9.484556e-01
A[1]= 1.055934e+00
A[2]= 1.712039e-02
A[3]= 5.490746e+00
A[4]= -3.549632e+03
A[5]= 1.657830e+03
A[6]= 4.076301e+01
A[7]= 2.682453e+01
A[8]= -4.184809e-01
A[9]= 2.940612e+03
A[10]= -3.165029e+03
A[11]= 7.539577e+02
A[12]= 3.814123e+01
A[13]= -1.301728e+00
A[14]= 3.182277e+00
A[15]= -3.568844e+03
A[16]= 2.068465e+03
A[17]= -2.884811e+02
A[18]= 1.638372e+01
A[19]= -1.996526e-01
A[20]= 2.913272e+03
A[21]= -2.492324e+03
A[22]= 5.807997e+02
A[23]= -1.565123e-02
A[24]= -1.354970e-01
chi2_min= 6.920025e+01


Cross-Covariance parameters
1.000000e+00	-5.104080e-01	-3.787380e-03	6.470299e-03	-3.849031e-03	6.110473e-03	-1.286904e-02	5.396594e-02	-2.414851e-02	-7.080809e-02	9.640152e-02	-1.434147e-01	1.054414e-01	-4.598552e-02	-1.096629e-02	1.939278e-02	-1.739322e-02	1.123124e-02	3.462551e-02	-3.179107e-02	-3.851295e-02	6.473755e-02	-1.147534e-01	7.791708e-02	-4.415489e-02	
-5.104080e-01	1.000000e+00	3.701811e-03	-1.316093e-01	4.540725e-02	-4.346684e-02	3.078812e-02	1.324856e-01	-1.538459e-01	9.568170e-02	-1.234149e-01	1.636629e-01	-9.223067e-02	5.101006e-03	-6.583978e-02	-3.043047e-02	3.328246e-02	-4.166738e-02	1.266640e-01	-1.086766e-01	2.647896e-02	-4.741277e-02	8.762542e-02	-4.443645e-02	6.359916e-03	
-3.787380e-03	3.701811e-03	1.000000e+00	-5.785261e-01	-1.020459e-01	1.216936e-01	-1.298709e-01	-9.082386e-02	1.710186e-01	-4.226140e-01	5.358824e-01	-6.703436e-01	-9.480992e-02	2.847818e-01	-4.639883e-01	-1.118260e-01	1.170635e-01	-1.125049e-01	4.148181e-02	5.621692e-03	-2.897312e-01	3.896095e-01	-5.278114e-01	-1.006587e-01	2.090379e-01	
6.470299e-03	-1.316093e-01	-5.785261e-01	1.000000e+00	-5.727838e-01	6.198226e-01	-6.536588e-01	2.140184e-01	5.703806e-02	1.598295e-01	-2.035178e-01	2.608633e-01	-4.699970e-04	-6.230068e-02	2.504111e-01	1.126426e-01	-1.168133e-01	1.156256e-01	-6.570790e-02	2.419792e-02	1.656933e-01	-2.236410e-01	3.029058e-01	7.650673e-02	-1.342347e-01	
-3.849031e-03	4.540725e-02	-1.020459e-01	-5.727838e-01	1.000000e+00	-9.862085e-01	9.480228e-01	-6.324654e-01	2.367304e-01	9.585316e-02	-1.377770e-01	1.848278e-01	1.095655e-01	-1.108640e-01	9.754083e-02	-6.035668e-02	6.229511e-02	-6.329867e-02	2.948761e-02	-7.066151e-03	1.361853e-02	-2.196030e-02	3.512515e-02	3.427786e-03	-1.385172e-02	
6.110473e-03	-4.346684e-02	1.216936e-01	6.198226e-01	-9.862085e-01	1.000000e+00	-9.871742e-01	5.805392e-01	-1.691942e-01	-1.109206e-01	1.574451e-01	-2.097314e-01	-1.204673e-01	1.368148e-01	-1.081394e-01	6.165303e-02	-6.280035e-02	6.317143e-02	-3.151026e-02	1.058458e-02	-2.470367e-02	3.497030e-02	-5.062395e-02	7.071665e-04	1.266283e-02	
-1.286904e-02	3.078812e-02	-1.298709e-01	-6.536588e-01	9.480228e-01	-9.871742e-01	1.000000e+00	-5.201190e-01	1.073898e-01	1.251571e-01	-1.738249e-01	2.282485e-01	1.191554e-01	-1.465496e-01	1.139522e-01	-6.245562e-02	6.285216e-02	-6.241905e-02	2.990270e-02	-1.079070e-02	3.110797e-02	-4.224755e-02	5.898738e-02	-4.756156e-03	-9.736932e-03	
5.396594e-02	1.324856e-01	-9.082386e-02	2.140184e-01	-6.324654e-01	5.805392e-01	-5.201190e-01	1.000000e+00	-8.837249e-01	1.584066e-01	-1.479850e-01	1.239332e-01	-9.677309e-02	-8.803673e-02	-1.450193e-04	4.033247e-02	-4.190756e-02	3.926759e-02	2.523234e-02	-4.175940e-02	5.252678e-02	-6.235627e-02	7.527792e-02	-1.467007e-03	-1.196293e-02	
-2.414851e-02	-1.538459e-01	1.710186e-01	5.703806e-02	2.367304e-01	-1.691942e-01	1.073898e-01	-8.837249e-01	1.000000e+00	-2.487407e-01	2.603268e-01	-2.582340e-01	5.612754e-02	1.887318e-01	-6.264724e-02	-2.066315e-02	2.014201e-02	-1.586949e-02	-3.105205e-02	4.042681e-02	-8.092542e-02	9.774708e-02	-1.209236e-01	7.787776e-03	1.576874e-02	
-7.080809e-02	9.568170e-02	-4.226140e-01	1.598295e-01	9.585316e-02	-1.109206e-01	1.251571e-01	1.584066e-01	-2.487407e-01	1.000000e+00	-9.841967e-01	9.199681e-01	-7.470884e-01	5.223185e-01	1.989909e-01	2.612081e-02	-2.848465e-02	2.751227e-02	-1.669480e-04	-1.448959e-02	1.119028e-01	-1.535529e-01	2.155202e-01	4.804826e-02	-9.514057e-02	
9.640152e-02	-1.234149e-01	5.358824e-01	-2.035178e-01	-1.377770e-01	1.574451e-01	-1.738249e-01	-1.479850e-01	2.603268e-01	-9.841967e-01	1.000000e+00	-9.740283e-01	6.992831e-01	-4.632714e-01	-2.484731e-01	-3.785758e-02	4.171074e-02	-4.107477e-02	7.421301e-04	1.992960e-02	-1.497366e-01	2.041293e-01	-2.836743e-01	-5.307710e-02	1.146201e-01	
-1.434147e-01	1.636629e-01	-6.703436e-01	2.608633e-01	1.848278e-01	-2.097314e-01	2.282485e-01	1.239332e-01	-2.582340e-01	9.199681e-01	-9.740283e-01	1.000000e+00	-5.913600e-01	3.507737e-01	3.097101e-01	5.065537e-02	-5.587506e-02	5.533041e-02	-3.168610e-03	-2.352025e-02	1.950730e-01	-2.650362e-01	3.662345e-01	5.743236e-02	-1.362649e-01	
1.054414e-01	-9.223067e-02	-9.480992e-02	-4.699970e-04	1.095655e-01	-1.204673e-01	1.191554e-01	-9.677309e-02	5.612754e-02	-7.470884e-01	6.992831e-01	-5.913600e-01	1.000000e+00	-9.361467e-01	7.417589e-02	-8.800298e-03	1.035840e-02	-1.302828e-02	1.560631e-03	5.487137e-03	2.875899e-02	-3.519992e-02	4.128846e-02	8.896441e-03	-1.259405e-02	
-4.598552e-02	5.101006e-03	2.847818e-01	-6.230068e-02	-1.108640e-01	1.368148e-01	-1.465496e-01	-8.803673e-02	1.887318e-01	5.223185e-01	-4.632714e-01	3.507737e-01	-9.361467e-01	1.000000e+00	-1.607064e-01	-3.747903e-03	3.451380e-03	-1.112359e-04	-1.081798e-02	1.146224e-02	-8.623742e-02	1.132422e-01	-1.494473e-01	-2.611117e-02	5.367748e-02	
-1.096629e-02	-6.583978e-02	-4.639883e-01	2.504111e-01	9.754083e-02	-1.081394e-01	1.139522e-01	-1.450193e-04	-6.264724e-02	1.989909e-01	-2.484731e-01	3.097101e-01	7.417589e-02	-1.607064e-01	1.000000e+00	-5.945256e-01	6.763793e-01	-7.389613e-01	7.358764e-02	2.297931e-01	4.447217e-02	-6.900383e-02	1.114309e-01	-1.925300e-02	1.439495e-02	
1.939278e-02	-3.043047e-02	-1.118260e-01	1.126426e-01	-6.035668e-02	6.165303e-02	-6.245562e-02	4.033247e-02	-2.066315e-02	2.612081e-02	-3.785758e-02	5.065537e-02	-8.800298e-03	-3.747903e-03	-5.945256e-01	1.000000e+00	-9.825241e-01	9.322702e-01	-6.250916e-01	2.552088e-01	1.540633e-01	-1.886319e-01	2.255256e-01	2.311329e-02	-4.906573e-02	
-1.739322e-02	3.328246e-02	1.170635e-01	-1.168133e-01	6.229511e-02	-6.280035e-02	6.285216e-02	-4.190756e-02	2.014201e-02	-2.848465e-02	4.171074e-02	-5.587506e-02	1.035840e-02	3.451380e-03	6.763793e-01	-9.825241e-01	1.000000e+00	-9.828580e-01	5.589010e-01	-1.715290e-01	-1.592150e-01	1.977560e-01	-2.397654e-01	-3.984692e-02	7.424683e-02	
1.123124e-02	-4.166738e-02	-1.125049e-01	1.156256e-01	-6.329867e-02	6.317143e-02	-6.241905e-02	3.926759e-02	-1.586949e-02	2.751227e-02	-4.107477e-02	5.533041e-02	-1.302828e-02	-1.112359e-04	-7.389613e-01	9.322702e-01	-9.828580e-01	1.000000e+00	-4.744633e-01	8.525593e-02	1.576500e-01	-1.983963e-01	2.435807e-01	5.262806e-02	-9.252154e-02	
3.462551e-02	1.266640e-01	4.148181e-02	-6.570790e-02	2.948761e-02	-3.151026e-02	2.990270e-02	2.523234e-02	-3.105205e-02	-1.669480e-04	7.421301e-04	-3.168610e-03	1.560631e-03	-1.081798e-02	7.358764e-02	-6.250916e-01	5.589010e-01	-4.744633e-01	1.000000e+00	-8.989511e-01	-5.621708e-02	6.914669e-02	-8.365494e-02	8.857966e-02	-1.570352e-01	
-3.179107e-02	-1.086766e-01	5.621692e-03	2.419792e-02	-7.066151e-03	1.058458e-02	-1.079070e-02	-4.175940e-02	4.042681e-02	-1.448959e-02	1.992960e-02	-2.352025e-02	5.487137e-03	1.146224e-02	2.297931e-01	2.552088e-01	-1.715290e-01	8.525593e-02	-8.989511e-01	1.000000e+00	-1.293675e-02	1.561189e-02	-1.676232e-02	-1.232150e-01	2.301989e-01	
-3.851295e-02	2.647896e-02	-2.897312e-01	1.656933e-01	1.361853e-02	-2.470367e-02	3.110797e-02	5.252678e-02	-8.092542e-02	1.119028e-01	-1.497366e-01	1.950730e-01	2.875899e-02	-8.623742e-02	4.447217e-02	1.540633e-01	-1.592150e-01	1.576500e-01	-5.621708e-02	-1.293675e-02	1.000000e+00	-9.868124e-01	9.285865e-01	-8.135265e-01	6.846573e-01	
6.473755e-02	-4.741277e-02	3.896095e-01	-2.236410e-01	-2.196030e-02	3.497030e-02	-4.224755e-02	-6.235627e-02	9.774708e-02	-1.535529e-01	2.041293e-01	-2.650362e-01	-3.519992e-02	1.132422e-01	-6.900383e-02	-1.886319e-01	1.977560e-01	-1.983963e-01	6.914669e-02	1.561189e-02	-9.868124e-01	1.000000e+00	-9.754994e-01	7.922716e-01	-6.575488e-01	
-1.147534e-01	8.762542e-02	-5.278114e-01	3.029058e-01	3.512515e-02	-5.062395e-02	5.898738e-02	7.527792e-02	-1.209236e-01	2.155202e-01	-2.836743e-01	3.662345e-01	4.128846e-02	-1.494473e-01	1.114309e-01	2.255256e-01	-2.397654e-01	2.435807e-01	-8.365494e-02	-1.676232e-02	9.285865e-01	-9.754994e-01	1.000000e+00	-7.167874e-01	5.796363e-01	
7.791708e-02	-4.443645e-02	-1.006587e-01	7.650673e-02	3.427786e-03	7.071665e-04	-4.756156e-03	-1.467007e-03	7.787776e-03	4.804826e-02	-5.307710e-02	5.743236e-02	8.896441e-03	-2.611117e-02	-1.925300e-02	2.311329e-02	-3.984692e-02	5.262806e-02	8.857966e-02	-1.232150e-01	-8.135265e-01	7.922716e-01	-7.167874e-01	1.000000e+00	-9.694809e-01	
-4.415489e-02	6.359916e-03	2.090379e-01	-1.342347e-01	-1.385172e-02	1.266283e-02	-9.736932e-03	-1.196293e-02	1.576874e-02	-9.514057e-02	1.146201e-01	-1.362649e-01	-1.259405e-02	5.367748e-02	1.439495e-02	-4.906573e-02	7.424683e-02	-9.252154e-02	-1.570352e-01	2.301989e-01	6.846573e-01	-6.575488e-01	5.796363e-01	-9.694809e-01	1.000000e+00	

Time taken for mcmc chain: 23.600000 minutes
