Number of steps: 5695362
Number of accepted steps: 1000000
Burn-in number of steps: 320000
Accepted fraction of steps: 0.175581
Convergence Status
R[0]= 1.001348	R[1]= 1.000764	R[2]= 1.036980	R[3]= 1.025160	R[4]= 1.005490	R[5]= 1.006128	R[6]= 1.006902	R[7]= 1.002308	R[8]= 1.000434	R[9]= 1.002681	R[10]= 1.004128	R[11]= 1.007163	R[12]= 1.001043	R[13]= 1.001613	R[14]= 1.010755	R[15]= 1.001561	R[16]= 1.001848	R[17]= 1.001942	R[18]= 1.000408	R[19]= 1.000845	R[20]= 1.013749	R[21]= 1.017702	R[22]= 1.022653	R[23]= 1.000766	R[24]= 1.000475	
<R>= 1.006994

Mean parameters
A[0]= 9.555497e-01 pm 3.214380e-02
A[1]= 1.048031e+00 pm 2.579603e-02
A[2]= 5.910084e-01 pm 3.894219e-01
A[3]= 4.055280e+00 pm 1.204809e+00
A[4]= -4.950906e+03 pm 3.811440e+03
A[5]= 2.620447e+03 pm 2.501684e+03
A[6]= -1.615050e+02 pm 5.878588e+02
A[7]= 8.398955e+00 pm 1.350540e+01
A[8]= -9.487952e-02 pm 1.834736e-01
A[9]= -1.169939e+03 pm 8.686694e+03
A[10]= 7.378813e+01 pm 5.231745e+03
A[11]= -1.330621e+02 pm 1.108551e+03
A[12]= -1.337611e+01 pm 4.863061e+01
A[13]= 3.141906e-01 pm 9.317656e-01
A[14]= 5.757992e+00 pm 1.723443e+00
A[15]= -6.745240e+03 pm 5.270091e+03
A[16]= 5.419614e+03 pm 3.457364e+03
A[17]= -1.092308e+03 pm 8.135294e+02
A[18]= -1.135462e+00 pm 1.959645e+01
A[19]= 2.101966e-01 pm 2.637976e-01
A[20]= 6.788566e+03 pm 1.183233e+04
A[21]= -3.317714e+03 pm 7.183243e+03
A[22]= 1.007845e+02 pm 1.536292e+03
A[23]= -4.364728e+01 pm 6.819886e+01
A[24]= 5.514711e-01 pm 1.331783e+00

Best-fitting parameters
A[0]= 9.573929e-01
A[1]= 1.054723e+00
A[2]= 6.684425e-01
A[3]= 4.432371e+00
A[4]= -6.507628e+03
A[5]= 4.166786e+03
A[6]= -6.467146e+02
A[7]= 1.153697e+01
A[8]= -9.395523e-02
A[9]= -1.066087e+04
A[10]= 6.017535e+03
A[11]= -1.400717e+03
A[12]= 3.439989e+01
A[13]= -4.737151e-01
A[14]= 5.402490e+00
A[15]= -7.909718e+03
A[16]= 6.050692e+03
A[17]= -1.233573e+03
A[18]= 2.245644e+00
A[19]= 1.588088e-01
A[20]= 6.720598e+03
A[21]= -3.017430e+03
A[22]= -4.438170e+01
A[23]= -6.673364e+01
A[24]= 1.063522e+00
chi2_min= 1.076176e+02


Cross-Covariance parameters
1.000000e+00	-4.960331e-01	-1.617841e-01	1.027004e-01	1.679851e-02	-1.530048e-02	4.412695e-03	8.204279e-02	-7.458081e-02	-3.980017e-02	4.436514e-02	-6.404357e-02	1.773303e-01	-1.555806e-01	7.311173e-02	5.165760e-02	-5.114286e-02	4.148211e-02	6.946589e-02	-7.096108e-02	7.257856e-03	4.019012e-03	-3.502997e-02	1.538758e-01	-1.327559e-01	
-4.960331e-01	1.000000e+00	1.615676e-01	-1.806302e-01	-2.164887e-02	2.487778e-02	-3.526449e-02	1.209433e-01	-1.118975e-01	1.528170e-02	-2.027989e-02	3.316424e-02	-1.155460e-01	7.116370e-02	-2.354465e-01	1.965596e-02	-2.316182e-02	1.838587e-02	1.391139e-01	-1.531587e-01	8.824977e-03	-1.490054e-02	3.243209e-02	-1.030101e-01	6.664538e-02	
-1.617841e-01	1.615676e-01	1.000000e+00	-7.048818e-01	-9.730737e-04	5.370844e-03	-3.596501e-03	-6.123344e-02	5.460599e-02	-4.045142e-01	5.230092e-01	-6.614068e-01	-8.334004e-02	2.341144e-01	-6.897365e-01	-7.769526e-02	7.524496e-02	-6.371745e-02	6.117252e-03	1.753754e-02	-4.077175e-01	5.255640e-01	-6.624054e-01	-1.543337e-01	3.096646e-01	
1.027004e-01	-1.806302e-01	-7.048818e-01	1.000000e+00	-5.252081e-01	5.804165e-01	-6.212979e-01	1.824515e-01	9.428064e-02	2.133366e-01	-2.746330e-01	3.513114e-01	1.928030e-02	-7.702775e-02	5.137808e-01	4.328880e-02	-4.196851e-02	3.574261e-02	-2.041118e-02	7.986190e-03	2.921046e-01	-3.754512e-01	4.719321e-01	1.067121e-01	-2.158038e-01	
1.679851e-02	-2.164887e-02	-9.730737e-04	-5.252081e-01	1.000000e+00	-9.845187e-01	9.410099e-01	-6.697988e-01	2.828926e-01	7.108042e-02	-1.082274e-01	1.483048e-01	7.514718e-02	-7.182933e-02	4.035274e-03	1.463145e-02	-1.661308e-02	1.811195e-02	-3.765374e-03	-1.951037e-03	-9.948309e-03	5.427876e-03	2.116503e-04	2.326280e-02	-2.367029e-02	
-1.530048e-02	2.487778e-02	5.370844e-03	5.804165e-01	-9.845187e-01	1.000000e+00	-9.852365e-01	6.195049e-01	-2.151631e-01	-8.211112e-02	1.230479e-01	-1.673290e-01	-8.314252e-02	9.312706e-02	-9.444980e-03	-1.284151e-02	1.478910e-02	-1.625743e-02	2.631361e-03	2.590565e-03	6.397768e-03	-1.341039e-03	-4.878165e-03	-2.126045e-02	2.230179e-02	
4.412695e-03	-3.526449e-02	-3.596501e-03	-6.212979e-01	9.410099e-01	-9.852365e-01	1.000000e+00	-5.563001e-01	1.506393e-01	9.446577e-02	-1.368995e-01	1.825871e-01	7.901312e-02	-9.889847e-02	1.324497e-02	9.200556e-03	-1.091512e-02	1.255776e-02	-5.551155e-03	1.334319e-03	-5.330092e-03	4.982733e-04	5.469711e-03	1.666109e-02	-1.723207e-02	
8.204279e-02	1.209433e-01	-6.123344e-02	1.824515e-01	-6.697988e-01	6.195049e-01	-5.563001e-01	1.000000e+00	-8.816822e-01	9.008502e-02	-7.209366e-02	4.097392e-02	-3.885387e-02	-1.208450e-01	6.829574e-05	1.790145e-02	-1.773167e-02	1.382303e-02	4.689580e-02	-4.984918e-02	5.080393e-02	-5.384025e-02	5.554847e-02	-9.062724e-03	-4.882030e-03	
-7.458081e-02	-1.118975e-01	5.460599e-02	9.428064e-02	2.828926e-01	-2.151631e-01	1.506393e-01	-8.816822e-01	1.000000e+00	-1.536908e-01	1.510000e-01	-1.327551e-01	1.574432e-02	1.995006e-01	6.191434e-04	-2.202199e-02	2.295907e-02	-2.025893e-02	-4.452878e-02	4.934378e-02	-5.044528e-02	5.445678e-02	-5.760139e-02	8.147826e-03	4.836729e-03	
-3.980017e-02	1.528170e-02	-4.045142e-01	2.133366e-01	7.108042e-02	-8.211112e-02	9.446577e-02	9.008502e-02	-1.536908e-01	1.000000e+00	-9.832290e-01	9.152546e-01	-7.643507e-01	5.678299e-01	2.857452e-01	4.799592e-02	-4.574458e-02	3.990287e-02	-2.565629e-02	1.236448e-02	1.685300e-01	-2.246708e-01	2.922330e-01	6.013604e-02	-1.298582e-01	
4.436514e-02	-2.027989e-02	5.230092e-01	-2.746330e-01	-1.082274e-01	1.230479e-01	-1.368995e-01	-7.209366e-02	1.510000e-01	-9.832290e-01	1.000000e+00	-9.725998e-01	7.144284e-01	-5.097201e-01	-3.678767e-01	-5.650244e-02	5.465077e-02	-4.802836e-02	2.314602e-02	-6.443489e-03	-2.220751e-01	2.935008e-01	-3.790922e-01	-7.436739e-02	1.653237e-01	
-6.404357e-02	3.316424e-02	-6.614068e-01	3.513114e-01	1.483048e-01	-1.673290e-01	1.825871e-01	4.097392e-02	-1.327551e-01	9.152546e-01	-9.725998e-01	1.000000e+00	-6.032321e-01	3.979975e-01	4.647699e-01	6.396784e-02	-6.264669e-02	5.536133e-02	-1.919781e-02	-1.032938e-03	2.857777e-01	-3.753238e-01	4.826016e-01	8.827866e-02	-2.047176e-01	
1.773303e-01	-1.155460e-01	-8.334004e-02	1.928030e-02	7.514718e-02	-8.314252e-02	7.901312e-02	-3.885387e-02	1.574432e-02	-7.643507e-01	7.144284e-01	-6.032321e-01	1.000000e+00	-9.437063e-01	5.379385e-02	-1.575552e-03	-1.499569e-03	2.712968e-03	3.587222e-02	-3.641736e-02	3.439873e-02	-3.749336e-02	3.782933e-02	2.481013e-02	-3.149490e-02	
-1.555806e-01	7.116370e-02	2.341144e-01	-7.702775e-02	-7.182933e-02	9.312706e-02	-9.889847e-02	-1.208450e-01	1.995006e-01	5.678299e-01	-5.097201e-01	3.979975e-01	-9.437063e-01	1.000000e+00	-1.508862e-01	-1.775353e-02	2.145321e-02	-2.122876e-02	-4.123861e-02	4.841427e-02	-1.066494e-01	1.308204e-01	-1.566350e-01	-3.964438e-02	7.494740e-02	
7.311173e-02	-2.354465e-01	-6.897365e-01	5.137808e-01	4.035274e-03	-9.444980e-03	1.324497e-02	6.829574e-05	6.191434e-04	2.857452e-01	-3.678767e-01	4.647699e-01	5.379385e-02	-1.508862e-01	1.000000e+00	-4.639630e-01	5.323152e-01	-5.857819e-01	4.911668e-02	1.953372e-01	1.875003e-01	-2.491022e-01	3.274913e-01	6.709766e-02	-1.264567e-01	
5.165760e-02	1.965596e-02	-7.769526e-02	4.328880e-02	1.463145e-02	-1.284151e-02	9.200556e-03	1.790145e-02	-2.202199e-02	4.799592e-02	-5.650244e-02	6.396784e-02	-1.575552e-03	-1.775353e-02	-4.639630e-01	1.000000e+00	-9.824313e-01	9.330238e-01	-6.187459e-01	2.544709e-01	1.823417e-01	-2.175671e-01	2.485590e-01	1.803313e-02	-5.501744e-02	
-5.114286e-02	-2.316182e-02	7.524496e-02	-4.196851e-02	-1.661308e-02	1.478910e-02	-1.091512e-02	-1.773167e-02	2.295907e-02	-4.574458e-02	5.465077e-02	-6.264669e-02	-1.499569e-03	2.145321e-02	5.323152e-01	-9.824313e-01	1.000000e+00	-9.832773e-01	5.508621e-01	-1.682590e-01	-1.891525e-01	2.289639e-01	-2.647671e-01	-3.232755e-02	7.944307e-02	
4.148211e-02	1.838587e-02	-6.371745e-02	3.574261e-02	1.811195e-02	-1.625743e-02	1.255776e-02	1.382303e-02	-2.025893e-02	3.990287e-02	-4.802836e-02	5.536133e-02	2.712968e-03	-2.122876e-02	-5.857819e-01	9.330238e-01	-9.832773e-01	1.000000e+00	-4.692175e-01	8.394890e-02	1.881598e-01	-2.304763e-01	2.692092e-01	4.080667e-02	-9.412560e-02	
6.946589e-02	1.391139e-01	6.117252e-03	-2.041118e-02	-3.765374e-03	2.631361e-03	-5.551155e-03	4.689580e-02	-4.452878e-02	-2.565629e-02	2.314602e-02	-1.919781e-02	3.587222e-02	-4.123861e-02	4.911668e-02	-6.187459e-01	5.508621e-01	-4.692175e-01	1.000000e+00	-9.015293e-01	-4.163275e-02	5.377808e-02	-6.618959e-02	8.323153e-02	-1.534891e-01	
-7.096108e-02	-1.531587e-01	1.753754e-02	7.986190e-03	-1.951037e-03	2.590565e-03	1.334319e-03	-4.984918e-02	4.934378e-02	1.236448e-02	-6.443489e-03	-1.032938e-03	-3.641736e-02	4.841427e-02	1.953372e-01	2.544709e-01	-1.682590e-01	8.394890e-02	-9.015293e-01	1.000000e+00	-3.768854e-02	4.110178e-02	-4.154419e-02	-1.087846e-01	2.213343e-01	
7.257856e-03	8.824977e-03	-4.077175e-01	2.921046e-01	-9.948309e-03	6.397768e-03	-5.330092e-03	5.080393e-02	-5.044528e-02	1.685300e-01	-2.220751e-01	2.857777e-01	3.439873e-02	-1.066494e-01	1.875003e-01	1.823417e-01	-1.891525e-01	1.881598e-01	-4.163275e-02	-3.768854e-02	1.000000e+00	-9.831698e-01	9.152149e-01	-7.229257e-01	5.427705e-01	
4.019012e-03	-1.490054e-02	5.255640e-01	-3.754512e-01	5.427876e-03	-1.341039e-03	4.982733e-04	-5.384025e-02	5.445678e-02	-2.246708e-01	2.935008e-01	-3.753238e-01	-3.749336e-02	1.308204e-01	-2.491022e-01	-2.175671e-01	2.289639e-01	-2.304763e-01	5.377808e-02	4.110178e-02	-9.831698e-01	1.000000e+00	-9.726294e-01	6.635365e-01	-4.717925e-01	
-3.502997e-02	3.243209e-02	-6.624054e-01	4.719321e-01	2.116503e-04	-4.878165e-03	5.469711e-03	5.554847e-02	-5.760139e-02	2.922330e-01	-3.790922e-01	4.826016e-01	3.782933e-02	-1.566350e-01	3.274913e-01	2.485590e-01	-2.647671e-01	2.692092e-01	-6.618959e-02	-4.154419e-02	9.152149e-01	-9.726294e-01	1.000000e+00	-5.424306e-01	3.447352e-01	
1.538758e-01	-1.030101e-01	-1.543337e-01	1.067121e-01	2.326280e-02	-2.126045e-02	1.666109e-02	-9.062724e-03	8.147826e-03	6.013604e-02	-7.436739e-02	8.827866e-02	2.481013e-02	-3.964438e-02	6.709766e-02	1.803313e-02	-3.232755e-02	4.080667e-02	8.323153e-02	-1.087846e-01	-7.229257e-01	6.635365e-01	-5.424306e-01	1.000000e+00	-9.600362e-01	
-1.327559e-01	6.664538e-02	3.096646e-01	-2.158038e-01	-2.367029e-02	2.230179e-02	-1.723207e-02	-4.882030e-03	4.836729e-03	-1.298582e-01	1.653237e-01	-2.047176e-01	-3.149490e-02	7.494740e-02	-1.264567e-01	-5.501744e-02	7.944307e-02	-9.412560e-02	-1.534891e-01	2.213343e-01	5.427705e-01	-4.717925e-01	3.447352e-01	-9.600362e-01	1.000000e+00	

Time taken for mcmc chain: 43.050000 minutes
