Number of steps: 7452837
Number of accepted steps: 1000000
Burn-in number of steps: 320000
Accepted fraction of steps: 0.134177
Convergence Status
R[0]= 1.001626	R[1]= 1.000543	R[2]= 1.006689	R[3]= 1.007616	R[4]= 1.008297	R[5]= 1.009262	R[6]= 1.009901	R[7]= 1.002265	R[8]= 1.000406	R[9]= 1.000698	R[10]= 1.000808	R[11]= 1.000850	R[12]= 1.000427	R[13]= 1.000203	R[14]= 1.001973	R[15]= 1.000285	R[16]= 1.000169	R[17]= 1.000200	R[18]= 1.000858	R[19]= 1.001313	R[20]= 1.000517	R[21]= 1.000649	R[22]= 1.000974	R[23]= 1.003355	R[24]= 1.004503	
<R>= 1.002575

Mean parameters
A[0]= 9.094017e-01 pm 3.422014e-02
A[1]= 1.028891e+00 pm 3.035122e-02
A[2]= 7.386098e-01 pm 4.706657e-01
A[3]= 3.182927e+00 pm 1.203959e+00
A[4]= -2.878569e+03 pm 3.750122e+03
A[5]= 1.267600e+03 pm 2.458723e+03
A[6]= 1.337985e+02 pm 5.724531e+02
A[7]= 1.662470e+01 pm 1.280020e+01
A[8]= -2.986691e-01 pm 1.787308e-01
A[9]= -3.320221e+03 pm 8.194077e+03
A[10]= 1.580422e+03 pm 4.938026e+03
A[11]= -4.873092e+02 pm 1.038348e+03
A[12]= 1.867878e+01 pm 4.781055e+01
A[13]= -5.909320e-01 pm 9.303296e-01
A[14]= 4.735926e+00 pm 1.563241e+00
A[15]= -8.273910e+03 pm 5.108407e+03
A[16]= 5.581138e+03 pm 3.359490e+03
A[17]= -9.529878e+02 pm 7.831872e+02
A[18]= 1.093079e+01 pm 1.865022e+01
A[19]= 5.739762e-03 pm 2.602529e-01
A[20]= 1.097004e+03 pm 1.149077e+04
A[21]= -6.065640e+02 pm 7.021679e+03
A[22]= -3.002580e+02 pm 1.502882e+03
A[23]= -3.308017e+01 pm 6.570305e+01
A[24]= 3.870607e-01 pm 1.305520e+00

Best-fitting parameters
A[0]= 8.863095e-01
A[1]= 1.039000e+00
A[2]= 9.606198e-01
A[3]= 2.740820e+00
A[4]= -3.357606e+03
A[5]= 1.609037e+03
A[6]= 6.780743e+01
A[7]= 1.490381e+01
A[8]= -2.582484e-01
A[9]= -2.030168e+03
A[10]= 8.589505e+02
A[11]= -4.192455e+02
A[12]= -1.692614e+01
A[13]= 1.045545e-01
A[14]= 4.196866e+00
A[15]= -1.066601e+04
A[16]= 6.999229e+03
A[17]= -1.232472e+03
A[18]= 1.489866e+01
A[19]= -1.774887e-02
A[20]= -8.553066e+03
A[21]= 5.218821e+03
A[22]= -1.469345e+03
A[23]= -3.118895e+00
A[24]= -4.545340e-02
chi2_min= 9.444115e+01


Cross-Covariance parameters
1.000000e+00	-5.100975e-01	-1.351611e-01	1.035369e-01	-6.373027e-04	7.944690e-03	-2.091158e-02	5.929095e-02	-2.761175e-02	-2.808021e-02	4.104605e-02	-7.161804e-02	1.284844e-01	-9.211262e-02	2.634199e-02	9.438595e-02	-1.007531e-01	9.807569e-02	6.203954e-02	-8.114754e-02	2.632007e-02	-1.223155e-02	-2.314435e-02	1.337498e-01	-1.132133e-01	
-5.100975e-01	1.000000e+00	1.732561e-01	-1.927277e-01	-3.916495e-03	1.226918e-03	-6.114754e-03	1.233909e-01	-1.242701e-01	3.394476e-02	-3.766488e-02	4.983871e-02	-1.009929e-01	4.638645e-02	-1.778095e-01	-6.340844e-02	7.249966e-02	-8.660886e-02	1.562012e-01	-1.245832e-01	-3.982931e-02	3.360858e-02	-1.175186e-02	-7.449486e-02	4.850774e-02	
-1.351611e-01	1.732561e-01	1.000000e+00	-7.156329e-01	1.114177e-02	-1.614445e-02	2.764388e-02	-4.245776e-02	1.805589e-02	-3.737281e-01	4.887459e-01	-6.211664e-01	-1.252766e-01	2.503157e-01	-6.680885e-01	-1.728406e-01	1.878285e-01	-1.900382e-01	-3.323306e-02	9.683983e-02	-4.379467e-01	5.544097e-01	-6.847072e-01	-2.166817e-01	3.748848e-01	
1.035369e-01	-1.927277e-01	-7.156329e-01	1.000000e+00	-5.309933e-01	5.895601e-01	-6.345333e-01	1.219849e-01	1.625716e-01	1.783271e-01	-2.387856e-01	3.143790e-01	3.004444e-02	-6.532064e-02	5.100915e-01	1.182539e-01	-1.276806e-01	1.291569e-01	-2.837977e-03	-3.970067e-02	3.209439e-01	-4.035514e-01	4.952674e-01	1.459657e-01	-2.562616e-01	
-6.373027e-04	-3.916495e-03	1.114177e-02	-5.309933e-01	1.000000e+00	-9.852746e-01	9.444165e-01	-6.178329e-01	2.185335e-01	9.492165e-02	-1.314251e-01	1.688564e-01	9.216213e-02	-9.594226e-02	-2.873821e-02	2.546550e-02	-2.981349e-02	3.347425e-02	4.466049e-04	-1.253637e-02	-7.007056e-03	4.449024e-03	-1.522304e-03	1.526401e-02	-1.592391e-02	
7.944690e-03	1.226918e-03	-1.614445e-02	5.895601e-01	-9.852746e-01	1.000000e+00	-9.862705e-01	5.553451e-01	-1.413087e-01	-1.047080e-01	1.442218e-01	-1.848004e-01	-1.032489e-01	1.207802e-01	3.244914e-02	-2.542613e-02	3.000192e-02	-3.396278e-02	3.828475e-04	1.228944e-02	8.005781e-03	-5.668101e-03	2.894176e-03	-1.316982e-02	1.324095e-02	
-2.091158e-02	-6.114754e-03	2.764388e-02	-6.345333e-01	9.444165e-01	-9.862705e-01	1.000000e+00	-4.842361e-01	7.068658e-02	1.139386e-01	-1.541832e-01	1.952353e-01	1.022791e-01	-1.297136e-01	-3.789528e-02	2.304529e-02	-2.744724e-02	3.159349e-02	-4.693406e-03	-7.890770e-03	-1.209641e-02	1.094302e-02	-9.401942e-03	8.266231e-03	-6.360133e-03	
5.929095e-02	1.233909e-01	-4.245776e-02	1.219849e-01	-6.178329e-01	5.553451e-01	-4.842361e-01	1.000000e+00	-8.829743e-01	8.477587e-02	-7.094214e-02	4.641130e-02	-2.893862e-02	-1.267790e-01	4.902157e-03	3.147310e-03	-3.075284e-03	-3.859006e-04	5.769096e-02	-5.634356e-02	1.731590e-02	-2.243499e-02	2.826919e-02	1.718739e-02	-2.720852e-02	
-2.761175e-02	-1.242701e-01	1.805589e-02	1.625716e-01	2.185335e-01	-1.413087e-01	7.068658e-02	-8.829743e-01	1.000000e+00	-1.486952e-01	1.494736e-01	-1.370259e-01	-4.511056e-03	2.096286e-01	1.900247e-02	-9.133222e-03	1.151022e-02	-1.090693e-02	-5.233182e-02	5.606605e-02	-6.591042e-03	1.162191e-02	-1.788204e-02	-1.598736e-02	2.396688e-02	
-2.808021e-02	3.394476e-02	-3.737281e-01	1.783271e-01	9.492165e-02	-1.047080e-01	1.139386e-01	8.477587e-02	-1.486952e-01	1.000000e+00	-9.836072e-01	9.191072e-01	-7.469180e-01	5.644918e-01	2.327273e-01	8.654373e-02	-9.289767e-02	9.263694e-02	1.907013e-02	-5.606802e-02	1.833197e-01	-2.321435e-01	2.871026e-01	6.975871e-02	-1.391937e-01	
4.104605e-02	-3.766488e-02	4.887459e-01	-2.387856e-01	-1.314251e-01	1.442218e-01	-1.541832e-01	-7.094214e-02	1.494736e-01	-9.836072e-01	1.000000e+00	-9.743488e-01	6.926641e-01	-5.028603e-01	-3.112958e-01	-1.055002e-01	1.139099e-01	-1.142330e-01	-2.507076e-02	6.961659e-02	-2.354718e-01	2.994775e-01	-3.721549e-01	-9.292987e-02	1.826877e-01	
-7.161804e-02	4.983871e-02	-6.211664e-01	3.143790e-01	1.688564e-01	-1.848004e-01	1.952353e-01	4.641130e-02	-1.370259e-01	9.191072e-01	-9.743488e-01	1.000000e+00	-5.813008e-01	3.911693e-01	4.036676e-01	1.260330e-01	-1.365824e-01	1.375122e-01	3.018409e-02	-8.299690e-02	2.960618e-01	-3.780122e-01	4.719768e-01	1.178451e-01	-2.315997e-01	
1.284844e-01	-1.009929e-01	-1.252766e-01	3.004444e-02	9.216213e-02	-1.032489e-01	1.022791e-01	-2.893862e-02	-4.511056e-03	-7.469180e-01	6.926641e-01	-5.813008e-01	1.000000e+00	-9.505269e-01	9.103713e-02	1.627953e-02	-2.031278e-02	2.350542e-02	2.559083e-03	-2.128215e-03	3.469593e-02	-4.677895e-02	6.004390e-02	5.342104e-02	-6.238442e-02	
-9.211262e-02	4.638645e-02	2.503157e-01	-6.532064e-02	-9.594226e-02	1.207802e-01	-1.297136e-01	-1.267790e-01	2.096286e-01	5.644918e-01	-5.028603e-01	3.911693e-01	-9.505269e-01	1.000000e+00	-1.687435e-01	-3.759688e-02	4.443092e-02	-4.823109e-02	-1.690519e-02	2.510716e-02	-9.177858e-02	1.219847e-01	-1.569960e-01	-7.881723e-02	1.117675e-01	
2.634199e-02	-1.778095e-01	-6.680885e-01	5.100915e-01	-2.873821e-02	3.244914e-02	-3.789528e-02	4.902157e-03	1.900247e-02	2.327273e-01	-3.112958e-01	4.036676e-01	9.103713e-02	-1.687435e-01	1.000000e+00	-4.172107e-01	4.666273e-01	-5.065871e-01	2.423301e-02	1.824181e-01	1.935378e-01	-2.528798e-01	3.272820e-01	7.453588e-02	-1.355047e-01	
9.438595e-02	-6.340844e-02	-1.728406e-01	1.182539e-01	2.546550e-02	-2.542613e-02	2.304529e-02	3.147310e-03	-9.133222e-03	8.654373e-02	-1.055002e-01	1.260330e-01	1.627953e-02	-3.759688e-02	-4.172107e-01	1.000000e+00	-9.846346e-01	9.417190e-01	-5.322138e-01	1.639193e-01	2.178292e-01	-2.623672e-01	3.023605e-01	9.592669e-02	-1.466535e-01	
-1.007531e-01	7.249966e-02	1.878285e-01	-1.276806e-01	-2.981349e-02	3.000192e-02	-2.744724e-02	-3.075284e-03	1.151022e-02	-9.289767e-02	1.139099e-01	-1.365824e-01	-2.031278e-02	4.443092e-02	4.666273e-01	-9.846346e-01	1.000000e+00	-9.854976e-01	4.638765e-01	-8.372823e-02	-2.339532e-01	2.840691e-01	-3.293880e-01	-1.123153e-01	1.736441e-01	
9.807569e-02	-8.660886e-02	-1.900382e-01	1.291569e-01	3.347425e-02	-3.396278e-02	3.159349e-02	-3.859006e-04	-1.090693e-02	9.263694e-02	-1.142330e-01	1.375122e-01	2.350542e-02	-4.823109e-02	-5.065871e-01	9.417190e-01	-9.854976e-01	1.000000e+00	-3.877561e-01	9.588682e-03	2.404613e-01	-2.939565e-01	3.426160e-01	1.207885e-01	-1.881987e-01	
6.203954e-02	1.562012e-01	-3.323306e-02	-2.837977e-03	4.466049e-04	3.828475e-04	-4.693406e-03	5.769096e-02	-5.233182e-02	1.907013e-02	-2.507076e-02	3.018409e-02	2.559083e-03	-1.690519e-02	2.423301e-02	-5.322138e-01	4.638765e-01	-3.877561e-01	1.000000e+00	-9.072233e-01	1.117427e-02	-7.582670e-03	2.897040e-03	6.845435e-02	-1.505828e-01	
-8.114754e-02	-1.245832e-01	9.683983e-02	-3.970067e-02	-1.253637e-02	1.228944e-02	-7.890770e-03	-5.634356e-02	5.606605e-02	-5.606802e-02	6.961659e-02	-8.299690e-02	-2.128215e-03	2.510716e-02	1.824181e-01	1.639193e-01	-8.372823e-02	9.588682e-03	-9.072233e-01	1.000000e+00	-1.064394e-01	1.210192e-01	-1.313610e-01	-1.181745e-01	2.430924e-01	
2.632007e-02	-3.982931e-02	-4.379467e-01	3.209439e-01	-7.007056e-03	8.005781e-03	-1.209641e-02	1.731590e-02	-6.591042e-03	1.833197e-01	-2.354718e-01	2.960618e-01	3.469593e-02	-9.177858e-02	1.935378e-01	2.178292e-01	-2.339532e-01	2.404613e-01	1.117427e-02	-1.064394e-01	1.000000e+00	-9.833831e-01	9.183693e-01	-6.561263e-01	4.619582e-01	
-1.223155e-02	3.360858e-02	5.544097e-01	-4.035514e-01	4.449024e-03	-5.668101e-03	1.094302e-02	-2.243499e-02	1.162191e-02	-2.321435e-01	2.994775e-01	-3.780122e-01	-4.677895e-02	1.219847e-01	-2.528798e-01	-2.623672e-01	2.840691e-01	-2.939565e-01	-7.582670e-03	1.210192e-01	-9.833831e-01	1.000000e+00	-9.742083e-01	5.834128e-01	-3.790619e-01	
-2.314435e-02	-1.175186e-02	-6.847072e-01	4.952674e-01	-1.522304e-03	2.894176e-03	-9.401942e-03	2.826919e-02	-1.788204e-02	2.871026e-01	-3.721549e-01	4.719768e-01	6.004390e-02	-1.569960e-01	3.272820e-01	3.023605e-01	-3.293880e-01	3.426160e-01	2.897040e-03	-1.313610e-01	9.183693e-01	-9.742083e-01	1.000000e+00	-4.538253e-01	2.459033e-01	
1.337498e-01	-7.449486e-02	-2.166817e-01	1.459657e-01	1.526401e-02	-1.316982e-02	8.266231e-03	1.718739e-02	-1.598736e-02	6.975871e-02	-9.292987e-02	1.178451e-01	5.342104e-02	-7.881723e-02	7.453588e-02	9.592669e-02	-1.123153e-01	1.207885e-01	6.845435e-02	-1.181745e-01	-6.561263e-01	5.834128e-01	-4.538253e-01	1.000000e+00	-9.603768e-01	
-1.132133e-01	4.850774e-02	3.748848e-01	-2.562616e-01	-1.592391e-02	1.324095e-02	-6.360133e-03	-2.720852e-02	2.396688e-02	-1.391937e-01	1.826877e-01	-2.315997e-01	-6.238442e-02	1.117675e-01	-1.355047e-01	-1.466535e-01	1.736441e-01	-1.881987e-01	-1.505828e-01	2.430924e-01	4.619582e-01	-3.790619e-01	2.459033e-01	-9.603768e-01	1.000000e+00	

Time taken for mcmc chain: 57.583333 minutes
