Number of steps: 5621260
Number of accepted steps: 1000000
Burn-in number of steps: 320000
Accepted fraction of steps: 0.177896
Convergence Status
R[0]= 1.003921	R[1]= 1.009376	R[2]= 1.030425	R[3]= 1.022413	R[4]= 1.004599	R[5]= 1.005950	R[6]= 1.007122	R[7]= 1.002605	R[8]= 1.001231	R[9]= 1.002418	R[10]= 1.003920	R[11]= 1.006505	R[12]= 1.000873	R[13]= 1.002442	R[14]= 1.009440	R[15]= 1.000675	R[16]= 1.000568	R[17]= 1.000472	R[18]= 1.000220	R[19]= 1.000388	R[20]= 1.004750	R[21]= 1.007137	R[22]= 1.010366	R[23]= 1.000924	R[24]= 1.001867	
<R>= 1.005624

Mean parameters
A[0]= 9.736064e-01 pm 3.246482e-02
A[1]= 1.059380e+00 pm 2.598438e-02
A[2]= 6.170618e-01 pm 3.926001e-01
A[3]= 3.914237e+00 pm 1.148698e+00
A[4]= -3.544919e+03 pm 3.844115e+03
A[5]= 1.959486e+03 pm 2.543417e+03
A[6]= -5.006151e+01 pm 6.045035e+02
A[7]= 5.078424e+00 pm 1.378798e+01
A[8]= -5.632655e-02 pm 1.878504e-01
A[9]= 4.353642e+03 pm 8.899255e+03
A[10]= -2.778751e+03 pm 5.389242e+03
A[11]= 3.325574e+02 pm 1.149404e+03
A[12]= -4.484193e+01 pm 4.995825e+01
A[13]= 9.105169e-01 pm 9.677132e-01
A[14]= 5.605945e+00 pm 1.683906e+00
A[15]= -7.263986e+03 pm 5.362061e+03
A[16]= 5.747170e+03 pm 3.514737e+03
A[17]= -1.160573e+03 pm 8.303240e+02
A[18]= 4.875426e+00 pm 2.035529e+01
A[19]= 1.322207e-01 pm 2.696128e-01
A[20]= 1.610512e+04 pm 1.232089e+04
A[21]= -8.531703e+03 pm 7.501240e+03
A[22]= 1.021757e+03 pm 1.608585e+03
A[23]= -1.070697e+02 pm 6.938645e+01
A[24]= 1.671093e+00 pm 1.342549e+00

Best-fitting parameters
A[0]= 9.650314e-01
A[1]= 1.063623e+00
A[2]= 3.152510e-01
A[3]= 5.173999e+00
A[4]= -4.802056e+03
A[5]= 3.087086e+03
A[6]= -3.724488e+02
A[7]= 6.701734e+00
A[8]= -4.570943e-02
A[9]= 7.118177e+03
A[10]= -4.874189e+03
A[11]= 8.981146e+02
A[12]= -4.278389e+01
A[13]= 7.783146e-01
A[14]= 5.697011e+00
A[15]= -4.648158e+03
A[16]= 3.736555e+03
A[17]= -6.452870e+02
A[18]= 2.528844e+00
A[19]= 1.043127e-01
A[20]= 1.735331e+04
A[21]= -1.052753e+04
A[22]= 1.788610e+03
A[23]= -8.787209e+01
A[24]= 1.047947e+00
chi2_min= 9.932033e+01


Cross-Covariance parameters
1.000000e+00	-5.047165e-01	-1.367231e-01	1.012159e-01	1.809033e-02	-1.181237e-02	-1.757186e-03	6.394896e-02	-5.292546e-02	-2.917314e-02	3.780313e-02	-6.263770e-02	1.497987e-01	-1.202638e-01	6.063469e-02	4.195939e-02	-4.245681e-02	3.389226e-02	7.054487e-02	-7.527178e-02	1.044872e-02	2.567037e-03	-3.710886e-02	1.327588e-01	-1.145774e-01	
-5.047165e-01	1.000000e+00	1.557747e-01	-1.714113e-01	-3.659082e-02	3.971283e-02	-4.957398e-02	1.363731e-01	-1.235886e-01	1.566706e-02	-1.850432e-02	2.960651e-02	-1.037867e-01	5.180113e-02	-2.110617e-01	3.364076e-02	-3.739746e-02	3.284216e-02	1.021924e-01	-1.152168e-01	-3.154118e-03	-8.739253e-03	3.432843e-02	-7.094747e-02	3.716184e-02	
-1.367231e-01	1.557747e-01	1.000000e+00	-6.854970e-01	-5.208045e-02	5.861410e-02	-5.885667e-02	-4.403178e-02	6.651154e-02	-3.974487e-01	5.143573e-01	-6.502133e-01	-9.808562e-02	2.606291e-01	-7.029788e-01	-4.443165e-02	4.618681e-02	-3.985258e-02	-3.848989e-03	1.162374e-02	-4.295247e-01	5.431349e-01	-6.747471e-01	-8.027262e-02	2.448693e-01	
1.012159e-01	-1.714113e-01	-6.854970e-01	1.000000e+00	-5.131652e-01	5.667358e-01	-6.050883e-01	1.932161e-01	8.031061e-02	1.720530e-01	-2.282088e-01	2.983539e-01	4.571583e-02	-1.014323e-01	4.875666e-01	3.042054e-02	-3.640258e-02	3.727612e-02	-1.101112e-02	2.650383e-03	2.906685e-01	-3.677534e-01	4.581240e-01	6.902461e-02	-1.802197e-01	
1.809033e-02	-3.659082e-02	-5.208045e-02	-5.131652e-01	1.000000e+00	-9.841211e-01	9.398426e-01	-6.675981e-01	2.722010e-01	1.179064e-01	-1.634907e-01	2.128472e-01	4.358599e-02	-5.185026e-02	6.302523e-02	-1.141939e-02	1.625073e-02	-2.009552e-02	9.751904e-03	-1.763656e-03	2.997813e-02	-3.617019e-02	4.191158e-02	-1.145744e-02	4.578225e-03	
-1.181237e-02	3.971283e-02	5.861410e-02	5.667358e-01	-9.841211e-01	1.000000e+00	-9.850700e-01	6.205655e-01	-2.076820e-01	-1.374351e-01	1.869337e-01	-2.406732e-01	-4.683651e-02	7.010775e-02	-7.118143e-02	1.197980e-02	-1.731508e-02	2.150847e-02	-7.365688e-03	-1.119805e-03	-3.396533e-02	4.115780e-02	-4.809243e-02	1.322033e-02	-4.958778e-03	
-1.757186e-03	-4.957398e-02	-5.885667e-02	-6.050883e-01	9.398426e-01	-9.850700e-01	1.000000e+00	-5.591387e-01	1.450694e-01	1.559278e-01	-2.070073e-01	2.623225e-01	4.060477e-02	-7.548765e-02	7.606573e-02	-1.350384e-02	1.924806e-02	-2.340823e-02	1.943367e-03	7.153631e-03	3.489010e-02	-4.226937e-02	4.958111e-02	-1.602542e-02	7.869889e-03	
6.394896e-02	1.363731e-01	-4.403178e-02	1.932161e-01	-6.675981e-01	6.205655e-01	-5.591387e-01	1.000000e+00	-8.782593e-01	7.503987e-02	-5.305981e-02	1.953784e-02	-1.738085e-02	-1.394805e-01	-1.593585e-02	3.082923e-02	-3.445644e-02	3.363268e-02	2.361987e-02	-3.324067e-02	2.203630e-02	-2.862849e-02	3.591440e-02	1.834768e-02	-3.296218e-02	
-5.292546e-02	-1.235886e-01	6.651154e-02	8.031061e-02	2.722010e-01	-2.076820e-01	1.450694e-01	-8.782593e-01	1.000000e+00	-1.631072e-01	1.610647e-01	-1.462025e-01	5.604644e-03	2.125263e-01	-1.273314e-02	-2.614988e-02	2.741824e-02	-2.506871e-02	-2.440748e-02	3.046544e-02	-3.525773e-02	4.516833e-02	-5.612546e-02	-1.158017e-02	2.988687e-02	
-2.917314e-02	1.566706e-02	-3.974487e-01	1.720530e-01	1.179064e-01	-1.374351e-01	1.559278e-01	7.503987e-02	-1.631072e-01	1.000000e+00	-9.831602e-01	9.155446e-01	-7.613053e-01	5.563007e-01	2.864716e-01	1.830030e-02	-1.807890e-02	1.557311e-02	7.476947e-03	-1.256273e-02	2.080797e-01	-2.538207e-01	3.080839e-01	-1.595627e-03	-7.303399e-02	
3.780313e-02	-1.850432e-02	5.143573e-01	-2.282088e-01	-1.634907e-01	1.869337e-01	-2.070073e-01	-5.305981e-02	1.610647e-01	-9.831602e-01	1.000000e+00	-9.728293e-01	7.111022e-01	-4.966815e-01	-3.722844e-01	-2.026227e-02	2.003528e-02	-1.680950e-02	-8.374626e-03	1.224814e-02	-2.605332e-01	3.208244e-01	-3.923927e-01	-3.043900e-03	9.829265e-02	
-6.263770e-02	2.960651e-02	-6.502133e-01	2.983539e-01	2.128472e-01	-2.406732e-01	2.623225e-01	1.953784e-02	-1.462025e-01	9.155446e-01	-9.728293e-01	1.000000e+00	-5.986488e-01	3.817658e-01	4.720353e-01	2.235300e-02	-2.229753e-02	1.841093e-02	7.804369e-03	-1.049083e-02	3.199337e-01	-3.978543e-01	4.908084e-01	8.723449e-03	-1.283013e-01	
1.497987e-01	-1.037867e-01	-9.808562e-02	4.571583e-02	4.358599e-02	-4.683651e-02	4.060477e-02	-1.738085e-02	5.604644e-03	-7.613053e-01	7.111022e-01	-5.986488e-01	1.000000e+00	-9.418118e-01	6.435883e-02	1.066665e-02	-1.187597e-02	1.049091e-02	1.980375e-03	-3.092865e-03	4.198107e-03	-1.542521e-02	2.645916e-02	5.233584e-02	-6.010687e-02	
-1.202638e-01	5.180113e-02	2.606291e-01	-1.014323e-01	-5.185026e-02	7.010775e-02	-7.548765e-02	-1.394805e-01	2.125263e-01	5.563007e-01	-4.966815e-01	3.817658e-01	-9.418118e-01	1.000000e+00	-1.738717e-01	-2.223847e-02	2.411026e-02	-2.162440e-02	-6.677310e-03	1.009882e-02	-8.390171e-02	1.162079e-01	-1.528852e-01	-5.747830e-02	9.804541e-02	
6.063469e-02	-2.110617e-01	-7.029788e-01	4.875666e-01	6.302523e-02	-7.118143e-02	7.606573e-02	-1.593585e-02	-1.273314e-02	2.864716e-01	-3.722844e-01	4.720353e-01	6.435883e-02	-1.738717e-01	1.000000e+00	-4.685776e-01	5.370409e-01	-5.912231e-01	8.556005e-02	1.629134e-01	2.072598e-01	-2.638959e-01	3.365843e-01	2.168917e-02	-8.716435e-02	
4.195939e-02	3.364076e-02	-4.443165e-02	3.042054e-02	-1.141939e-02	1.197980e-02	-1.350384e-02	3.082923e-02	-2.614988e-02	1.830030e-02	-2.026227e-02	2.235300e-02	1.066665e-02	-2.223847e-02	-4.685776e-01	1.000000e+00	-9.817598e-01	9.297551e-01	-6.578810e-01	3.063909e-01	1.762907e-01	-2.099850e-01	2.393707e-01	2.756523e-03	-4.070124e-02	
-4.245681e-02	-3.739746e-02	4.618681e-02	-3.640258e-02	1.625073e-02	-1.731508e-02	1.924806e-02	-3.445644e-02	2.741824e-02	-1.807890e-02	2.003528e-02	-2.229753e-02	-1.187597e-02	2.411026e-02	5.370409e-01	-9.817598e-01	1.000000e+00	-9.822581e-01	5.925740e-01	-2.201465e-01	-1.830968e-01	2.224382e-01	-2.579601e-01	-1.920797e-02	6.823999e-02	
3.389226e-02	3.284216e-02	-3.985258e-02	3.727612e-02	-2.009552e-02	2.150847e-02	-2.340823e-02	3.363268e-02	-2.506871e-02	1.557311e-02	-1.680950e-02	1.841093e-02	1.049091e-02	-2.162440e-02	-5.912231e-01	9.297551e-01	-9.822581e-01	1.000000e+00	-5.086329e-01	1.310137e-01	1.831870e-01	-2.260006e-01	2.655803e-01	2.901155e-02	-8.515876e-02	
7.054487e-02	1.021924e-01	-3.848989e-03	-1.101112e-02	9.751904e-03	-7.365688e-03	1.943367e-03	2.361987e-02	-2.440748e-02	7.476947e-03	-8.374626e-03	7.804369e-03	1.980375e-03	-6.677310e-03	8.556005e-02	-6.578810e-01	5.925740e-01	-5.086329e-01	1.000000e+00	-9.028353e-01	-4.586704e-02	5.627321e-02	-6.723472e-02	7.847282e-02	-1.451610e-01	
-7.527178e-02	-1.152168e-01	1.162374e-02	2.650383e-03	-1.763656e-03	-1.119805e-03	7.153631e-03	-3.324067e-02	3.046544e-02	-1.256273e-02	1.224814e-02	-1.049083e-02	-3.092865e-03	1.009882e-02	1.629134e-01	3.063909e-01	-2.201465e-01	1.310137e-01	-9.028353e-01	1.000000e+00	-2.853221e-02	3.331609e-02	-3.485600e-02	-1.006766e-01	2.108798e-01	
1.044872e-02	-3.154118e-03	-4.295247e-01	2.906685e-01	2.997813e-02	-3.396533e-02	3.489010e-02	2.203630e-02	-3.525773e-02	2.080797e-01	-2.605332e-01	3.199337e-01	4.198107e-03	-8.390171e-02	2.072598e-01	1.762907e-01	-1.830968e-01	1.831870e-01	-4.586704e-02	-2.853221e-02	1.000000e+00	-9.838154e-01	9.180224e-01	-7.524741e-01	5.710011e-01	
2.567037e-03	-8.739253e-03	5.431349e-01	-3.677534e-01	-3.617019e-02	4.115780e-02	-4.226937e-02	-2.862849e-02	4.516833e-02	-2.538207e-01	3.208244e-01	-3.978543e-01	-1.542521e-02	1.162079e-01	-2.638959e-01	-2.099850e-01	2.224382e-01	-2.260006e-01	5.627321e-02	3.331609e-02	-9.838154e-01	1.000000e+00	-9.734145e-01	6.978788e-01	-5.038664e-01	
-3.710886e-02	3.432843e-02	-6.747471e-01	4.581240e-01	4.191158e-02	-4.809243e-02	4.958111e-02	3.591440e-02	-5.612546e-02	3.080839e-01	-3.923927e-01	4.908084e-01	2.645916e-02	-1.528852e-01	3.365843e-01	2.393707e-01	-2.579601e-01	2.655803e-01	-6.723472e-02	-3.485600e-02	9.180224e-01	-9.734145e-01	1.000000e+00	-5.833528e-01	3.819453e-01	
1.327588e-01	-7.094747e-02	-8.027262e-02	6.902461e-02	-1.145744e-02	1.322033e-02	-1.602542e-02	1.834768e-02	-1.158017e-02	-1.595627e-03	-3.043900e-03	8.723449e-03	5.233584e-02	-5.747830e-02	2.168917e-02	2.756523e-03	-1.920797e-02	2.901155e-02	7.847282e-02	-1.006766e-01	-7.524741e-01	6.978788e-01	-5.833528e-01	1.000000e+00	-9.579265e-01	
-1.145774e-01	3.716184e-02	2.448693e-01	-1.802197e-01	4.578225e-03	-4.958778e-03	7.869889e-03	-3.296218e-02	2.988687e-02	-7.303399e-02	9.829265e-02	-1.283013e-01	-6.010687e-02	9.804541e-02	-8.716435e-02	-4.070124e-02	6.823999e-02	-8.515876e-02	-1.451610e-01	2.108798e-01	5.710011e-01	-5.038664e-01	3.819453e-01	-9.579265e-01	1.000000e+00	

Time taken for mcmc chain: 40.733333 minutes
