Number of steps: 5866173
Number of accepted steps: 1000000
Burn-in number of steps: 320000
Accepted fraction of steps: 0.170469
Convergence Status
R[0]= 1.007699	R[1]= 1.023651	R[2]= 1.570259	R[3]= 1.248412	R[4]= 1.003188	R[5]= 1.004247	R[6]= 1.005440	R[7]= 1.000452	R[8]= 1.000482	R[9]= 1.081823	R[10]= 1.126480	R[11]= 1.185684	R[12]= 1.011861	R[13]= 1.032945	R[14]= 1.344116	R[15]= 1.013209	R[16]= 1.018213	R[17]= 1.023976	R[18]= 1.001510	R[19]= 1.007875	R[20]= 1.080098	R[21]= 1.111370	R[22]= 1.148839	R[23]= 1.006476	R[24]= 1.027505	
<R>= 1.083432

Mean parameters
A[0]= 9.004116e-01 pm 3.225232e-02
A[1]= 1.012125e+00 pm 3.345317e-02
A[2]= 9.776703e-01 pm 7.101378e-01
A[3]= 2.998339e+00 pm 1.334228e+00
A[4]= -2.240443e+03 pm 3.636896e+03
A[5]= 1.023322e+03 pm 2.387182e+03
A[6]= 1.469686e+02 pm 5.539226e+02
A[7]= 1.163992e+01 pm 1.218965e+01
A[8]= -2.259908e-01 pm 1.777819e-01
A[9]= -3.164538e+03 pm 8.282271e+03
A[10]= 1.757339e+03 pm 5.143076e+03
A[11]= -6.052097e+02 pm 1.125060e+03
A[12]= -1.780351e-01 pm 4.605541e+01
A[13]= -6.578567e-02 pm 9.198664e-01
A[14]= 4.220943e+00 pm 1.800209e+00
A[15]= -9.089142e+03 pm 5.130292e+03
A[16]= 5.879926e+03 pm 3.381799e+03
A[17]= -9.758495e+02 pm 7.897959e+02
A[18]= 1.938889e+01 pm 1.846736e+01
A[19]= -1.253561e-01 pm 2.600067e-01
A[20]= -7.715041e+03 pm 1.200798e+04
A[21]= 4.688792e+03 pm 7.518189e+03
A[22]= -1.385724e+03 pm 1.655485e+03
A[23]= 1.812800e+01 pm 6.370675e+01
A[24]= -5.395116e-01 pm 1.287825e+00

Best-fitting parameters
A[0]= 8.934045e-01
A[1]= 1.016179e+00
A[2]= 6.723271e-01
A[3]= 3.549810e+00
A[4]= -1.610737e+03
A[5]= 9.766716e+02
A[6]= 7.300922e+01
A[7]= 6.597673e+00
A[8]= -1.672800e-01
A[9]= -1.717867e+02
A[10]= 3.239968e+01
A[11]= -2.693642e+02
A[12]= -8.055716e+00
A[13]= -4.109401e-03
A[14]= 4.286900e+00
A[15]= -8.323206e+03
A[16]= 5.254777e+03
A[17]= -7.691741e+02
A[18]= 1.338191e+01
A[19]= -1.829894e-02
A[20]= -8.797267e+03
A[21]= 4.413264e+03
A[22]= -1.100468e+03
A[23]= 3.385994e+01
A[24]= -7.826430e-01
chi2_min= 1.058267e+02


Cross-Covariance parameters
1.000000e+00	-5.445284e-01	-1.432094e-01	7.359407e-02	1.370885e-01	-1.364026e-01	1.257016e-01	-1.108218e-02	-2.503460e-02	3.343505e-02	-3.186380e-02	1.576688e-02	1.359742e-01	-1.073308e-01	1.305637e-01	2.657513e-02	-1.461011e-02	-2.684649e-03	-9.375287e-03	2.838752e-02	-3.328761e-03	1.802767e-02	-4.819426e-02	1.322289e-01	-9.554916e-02	
-5.445284e-01	1.000000e+00	1.986204e-01	-1.845156e-01	-1.025589e-01	1.062602e-01	-1.129779e-01	1.316507e-01	-7.386162e-02	-4.420077e-02	5.310406e-02	-5.381456e-02	-1.121537e-01	8.416546e-02	-2.439193e-01	9.127083e-03	-1.743357e-02	1.830950e-02	1.795687e-01	-1.791432e-01	-1.911734e-02	5.368870e-03	1.894919e-02	-7.825383e-02	4.233744e-02	
-1.432094e-01	1.986204e-01	1.000000e+00	-7.904510e-01	-7.707936e-03	-2.603822e-03	2.144986e-02	1.760457e-03	-3.124615e-02	-4.579242e-01	5.709094e-01	-6.889455e-01	-2.064976e-01	3.422003e-01	-7.812409e-01	-4.331047e-02	3.677517e-02	-2.136811e-02	-1.850268e-02	1.745940e-02	-5.083090e-01	6.065998e-01	-7.060111e-01	-1.821104e-01	3.529120e-01	
7.359407e-02	-1.845156e-01	-7.904510e-01	1.000000e+00	-4.315546e-01	4.838930e-01	-5.278022e-01	3.696172e-02	2.027481e-01	2.970963e-01	-3.710325e-01	4.541186e-01	1.043171e-01	-1.657539e-01	6.618351e-01	4.991723e-02	-4.528431e-02	3.388790e-02	-7.281333e-03	2.001715e-03	4.228747e-01	-5.070259e-01	5.934202e-01	1.550366e-01	-2.951417e-01	
1.370885e-01	-1.025589e-01	-7.707936e-03	-4.315546e-01	1.000000e+00	-9.846862e-01	9.426178e-01	-5.504045e-01	1.369560e-01	1.052915e-01	-1.448001e-01	1.795615e-01	1.300206e-01	-1.451725e-01	-8.841926e-03	-1.271507e-02	1.578245e-02	-1.889767e-02	1.732937e-02	-1.522509e-02	-2.252013e-02	3.202973e-02	-4.421901e-02	6.132262e-03	4.757398e-03	
-1.364026e-01	1.062602e-01	-2.603822e-03	4.838930e-01	-9.846862e-01	1.000000e+00	-9.859371e-01	4.785980e-01	-5.319716e-02	-1.196583e-01	1.622373e-01	-1.994058e-01	-1.383266e-01	1.694871e-01	1.381185e-02	2.058492e-02	-2.326177e-02	2.560944e-02	-1.680040e-02	1.229580e-02	3.152631e-02	-4.220532e-02	5.548986e-02	-3.624573e-03	-9.912841e-03	
1.257016e-01	-1.129779e-01	2.144986e-02	-5.278022e-01	9.426178e-01	-9.859371e-01	1.000000e+00	-4.005743e-01	-2.132910e-02	1.297159e-01	-1.725346e-01	2.092226e-01	1.337424e-01	-1.765111e-01	-2.462121e-02	-2.803265e-02	3.005376e-02	-3.108075e-02	1.315930e-02	-7.036433e-03	-4.326216e-02	5.579825e-02	-7.082581e-02	-1.801485e-03	1.907783e-02	
-1.108218e-02	1.316507e-01	1.760457e-03	3.696172e-02	-5.504045e-01	4.785980e-01	-4.005743e-01	1.000000e+00	-8.838151e-01	1.145174e-01	-9.687333e-02	6.924445e-02	-5.383456e-02	-1.130100e-01	2.248911e-04	-2.026549e-02	1.871177e-02	-1.899894e-02	2.712267e-02	-1.289723e-02	7.729811e-03	-1.075834e-02	1.493327e-02	-1.213428e-02	7.072751e-03	
-2.503460e-02	-7.386162e-02	-3.124615e-02	2.027481e-01	1.369560e-01	-5.319716e-02	-2.132910e-02	-8.838151e-01	1.000000e+00	-1.764407e-01	1.735856e-01	-1.558707e-01	9.407089e-03	2.036149e-01	2.213121e-02	4.023862e-02	-4.013260e-02	4.095077e-02	-3.120455e-02	1.270983e-02	2.126054e-02	-2.681785e-02	3.231635e-02	2.200370e-02	-2.817869e-02	
3.343505e-02	-4.420077e-02	-4.579242e-01	2.970963e-01	1.052915e-01	-1.196583e-01	1.297159e-01	1.145174e-01	-1.764407e-01	1.000000e+00	-9.825454e-01	9.194659e-01	-6.243478e-01	4.003168e-01	3.674177e-01	2.029900e-02	-1.701241e-02	9.162918e-03	2.119233e-02	-2.248412e-02	2.579068e-01	-3.031922e-01	3.495994e-01	6.404517e-02	-1.518220e-01	
-3.186380e-02	5.310406e-02	5.709094e-01	-3.710325e-01	-1.448001e-01	1.622373e-01	-1.725346e-01	-9.687333e-02	1.735856e-01	-9.825454e-01	1.000000e+00	-9.759263e-01	5.411434e-01	-3.104718e-01	-4.602538e-01	-1.828146e-02	1.450045e-02	-5.316776e-03	-2.705597e-02	2.603197e-02	-3.131620e-01	3.705966e-01	-4.298833e-01	-8.474278e-02	1.921712e-01	
1.576688e-02	-5.381456e-02	-6.889455e-01	4.541186e-01	1.795615e-01	-1.994058e-01	2.092226e-01	6.924445e-02	-1.558707e-01	9.194659e-01	-9.759263e-01	1.000000e+00	-4.073997e-01	1.798962e-01	5.571131e-01	1.666826e-02	-1.250300e-02	2.078249e-03	3.323494e-02	-3.038325e-02	3.717885e-01	-4.425379e-01	5.161450e-01	1.057824e-01	-2.345784e-01	
1.359742e-01	-1.121537e-01	-2.064976e-01	1.043171e-01	1.300206e-01	-1.383266e-01	1.337424e-01	-5.383456e-02	9.407089e-03	-6.243478e-01	5.411434e-01	-4.073997e-01	1.000000e+00	-9.444567e-01	1.672707e-01	-6.477711e-04	1.984665e-03	-5.459877e-03	8.307733e-03	-3.092679e-03	7.543209e-02	-9.399218e-02	1.113139e-01	6.818027e-02	-9.250610e-02	
-1.073308e-01	8.416546e-02	3.422003e-01	-1.657539e-01	-1.451725e-01	1.694871e-01	-1.765111e-01	-1.130100e-01	2.036149e-01	4.003168e-01	-3.104718e-01	1.798962e-01	-9.444567e-01	1.000000e+00	-2.765450e-01	6.930237e-03	-8.308039e-03	1.319181e-02	-2.749869e-02	1.825989e-02	-1.496631e-01	1.828733e-01	-2.161780e-01	-8.716241e-02	1.403740e-01	
1.305637e-01	-2.439193e-01	-7.812409e-01	6.618351e-01	-8.841926e-03	1.381185e-02	-2.462121e-02	2.248911e-04	2.213121e-02	3.674177e-01	-4.602538e-01	5.571131e-01	1.672707e-01	-2.765450e-01	1.000000e+00	-3.933841e-01	4.477522e-01	-4.937401e-01	-9.636971e-03	2.061148e-01	2.959531e-01	-3.570605e-01	4.227037e-01	8.130095e-02	-1.648393e-01	
2.657513e-02	9.127083e-03	-4.331047e-02	4.991723e-02	-1.271507e-02	2.058492e-02	-2.803265e-02	-2.026549e-02	4.023862e-02	2.029900e-02	-1.828146e-02	1.666826e-02	-6.477711e-04	6.930237e-03	-3.933841e-01	1.000000e+00	-9.847029e-01	9.426800e-01	-5.170488e-01	1.552960e-01	2.383404e-01	-2.733287e-01	3.017440e-01	7.513143e-02	-1.330128e-01	
-1.461011e-02	-1.743357e-02	3.677517e-02	-4.528431e-02	1.578245e-02	-2.326177e-02	3.005376e-02	1.871177e-02	-4.013260e-02	-1.701241e-02	1.450045e-02	-1.250300e-02	1.984665e-03	-8.308039e-03	4.477522e-01	-9.847029e-01	1.000000e+00	-9.859568e-01	4.365635e-01	-6.286039e-02	-2.463399e-01	2.860990e-01	-3.195097e-01	-9.717086e-02	1.663119e-01	
-2.684649e-03	1.830950e-02	-2.136811e-02	3.388790e-02	-1.889767e-02	2.560944e-02	-3.108075e-02	-1.899894e-02	4.095077e-02	9.162918e-03	-5.316776e-03	2.078249e-03	-5.459877e-03	1.319181e-02	-4.937401e-01	9.426800e-01	-9.859568e-01	1.000000e+00	-3.511898e-01	-2.123486e-02	2.423097e-01	-2.847977e-01	3.214890e-01	1.124704e-01	-1.876407e-01	
-9.375287e-03	1.795687e-01	-1.850268e-02	-7.281333e-03	1.732937e-02	-1.680040e-02	1.315930e-02	2.712267e-02	-3.120455e-02	2.119233e-02	-2.705597e-02	3.323494e-02	8.307733e-03	-2.749869e-02	-9.636971e-03	-5.170488e-01	4.365635e-01	-3.511898e-01	1.000000e+00	-9.116840e-01	-3.709019e-03	1.123868e-03	1.885903e-03	8.525236e-02	-1.698397e-01	
2.838752e-02	-1.791432e-01	1.745940e-02	2.001715e-03	-1.522509e-02	1.229580e-02	-7.036433e-03	-1.289723e-02	1.270983e-02	-2.248412e-02	2.603197e-02	-3.038325e-02	-3.092679e-03	1.825989e-02	2.061148e-01	1.552960e-01	-6.286039e-02	-2.123486e-02	-9.116840e-01	1.000000e+00	-9.599272e-02	1.113972e-01	-1.235396e-01	-1.194964e-01	2.475943e-01	
-3.328761e-03	-1.911734e-02	-5.083090e-01	4.228747e-01	-2.252013e-02	3.152631e-02	-4.326216e-02	7.729811e-03	2.126054e-02	2.579068e-01	-3.131620e-01	3.717885e-01	7.543209e-02	-1.496631e-01	2.959531e-01	2.383404e-01	-2.463399e-01	2.423097e-01	-3.709019e-03	-9.599272e-02	1.000000e+00	-9.841200e-01	9.259087e-01	-5.832101e-01	3.508015e-01	
1.802767e-02	5.368870e-03	6.065998e-01	-5.070259e-01	3.202973e-02	-4.220532e-02	5.579825e-02	-1.075834e-02	-2.681785e-02	-3.031922e-01	3.705966e-01	-4.425379e-01	-9.399218e-02	1.828733e-01	-3.570605e-01	-2.733287e-01	2.860990e-01	-2.847977e-01	1.123868e-03	1.113972e-01	-9.841200e-01	1.000000e+00	-9.776836e-01	4.994046e-01	-2.575398e-01	
-4.819426e-02	1.894919e-02	-7.060111e-01	5.934202e-01	-4.421901e-02	5.548986e-02	-7.082581e-02	1.493327e-02	3.231635e-02	3.495994e-01	-4.298833e-01	5.161450e-01	1.113139e-01	-2.161780e-01	4.227037e-01	3.017440e-01	-3.195097e-01	3.214890e-01	1.885903e-03	-1.235396e-01	9.259087e-01	-9.776836e-01	1.000000e+00	-3.681885e-01	1.251075e-01	
1.322289e-01	-7.825383e-02	-1.821104e-01	1.550366e-01	6.132262e-03	-3.624573e-03	-1.801485e-03	-1.213428e-02	2.200370e-02	6.404517e-02	-8.474278e-02	1.057824e-01	6.818027e-02	-8.716241e-02	8.130095e-02	7.513143e-02	-9.717086e-02	1.124704e-01	8.525236e-02	-1.194964e-01	-5.832101e-01	4.994046e-01	-3.681885e-01	1.000000e+00	-9.529045e-01	
-9.554916e-02	4.233744e-02	3.529120e-01	-2.951417e-01	4.757398e-03	-9.912841e-03	1.907783e-02	7.072751e-03	-2.817869e-02	-1.518220e-01	1.921712e-01	-2.345784e-01	-9.250610e-02	1.403740e-01	-1.648393e-01	-1.330128e-01	1.663119e-01	-1.876407e-01	-1.698397e-01	2.475943e-01	3.508015e-01	-2.575398e-01	1.251075e-01	-9.529045e-01	1.000000e+00	

Time taken for mcmc chain: 1.656389 hours
