Number of steps: 5156725
Number of accepted steps: 1000000
Burn-in number of steps: 320000
Accepted fraction of steps: 0.193922
Convergence Status
R[0]= 1.002055	R[1]= 1.014230	R[2]= 1.041989	R[3]= 1.012451	R[4]= 1.001315	R[5]= 1.001402	R[6]= 1.001402	R[7]= 1.000304	R[8]= 1.001141	R[9]= 1.006593	R[10]= 1.009706	R[11]= 1.014410	R[12]= 1.001412	R[13]= 1.003581	R[14]= 1.015181	R[15]= 1.000388	R[16]= 1.000672	R[17]= 1.000969	R[18]= 1.000697	R[19]= 1.000280	R[20]= 1.005740	R[21]= 1.008826	R[22]= 1.013289	R[23]= 1.000672	R[24]= 1.003129	
<R>= 1.006473

Mean parameters
A[0]= 9.745949e-01 pm 3.223838e-02
A[1]= 1.060110e+00 pm 2.666625e-02
A[2]= 5.875711e-01 pm 3.962565e-01
A[3]= 4.008213e+00 pm 1.176379e+00
A[4]= -3.568351e+03 pm 3.863766e+03
A[5]= 1.974764e+03 pm 2.545341e+03
A[6]= -5.361063e+01 pm 6.025341e+02
A[7]= 4.534279e+00 pm 1.367322e+01
A[8]= -4.631692e-02 pm 1.846607e-01
A[9]= 3.936284e+03 pm 8.939170e+03
A[10]= -2.613939e+03 pm 5.439855e+03
A[11]= 3.184026e+02 pm 1.168209e+03
A[12]= -4.131790e+01 pm 5.017097e+01
A[13]= 8.568374e-01 pm 9.653008e-01
A[14]= 5.729550e+00 pm 1.796124e+00
A[15]= -6.955994e+03 pm 5.345076e+03
A[16]= 5.578727e+03 pm 3.490573e+03
A[17]= -1.131712e+03 pm 8.232545e+02
A[18]= 3.817381e+00 pm 2.044113e+01
A[19]= 1.420324e-01 pm 2.705923e-01
A[20]= 1.365422e+04 pm 1.221623e+04
A[21]= -7.134074e+03 pm 7.428763e+03
A[22]= 7.777978e+02 pm 1.591374e+03
A[23]= -8.287970e+01 pm 6.910013e+01
A[24]= 1.210325e+00 pm 1.328112e+00

Best-fitting parameters
A[0]= 9.714538e-01
A[1]= 1.061489e+00
A[2]= 4.306286e-01
A[3]= 4.526757e+00
A[4]= -3.669242e+03
A[5]= 2.149364e+03
A[6]= -1.146412e+02
A[7]= -4.947995e-01
A[8]= 3.315334e-02
A[9]= -9.301812e+02
A[10]= -2.829593e+02
A[11]= 4.568110e+01
A[12]= -1.236988e+01
A[13]= 4.395741e-01
A[14]= 6.217240e+00
A[15]= -7.352298e+03
A[16]= 5.627251e+03
A[17]= -1.124174e+03
A[18]= -2.213904e+00
A[19]= 2.116139e-01
A[20]= 1.204975e+04
A[21]= -6.545246e+03
A[22]= 7.603282e+02
A[23]= -5.255008e+01
A[24]= 4.637764e-01
chi2_min= 9.822843e+01


Cross-Covariance parameters
1.000000e+00	-4.974858e-01	-2.068246e-01	1.366493e-01	4.539305e-02	-3.960498e-02	2.484926e-02	5.442229e-02	-5.448170e-02	-1.403740e-02	9.873278e-03	-1.873880e-02	1.699145e-01	-1.544543e-01	1.267992e-01	2.484358e-02	-2.334383e-02	1.349885e-02	7.157882e-02	-6.616102e-02	3.153043e-02	-3.009950e-02	9.663663e-03	1.359851e-01	-1.291659e-01	
-4.974858e-01	1.000000e+00	2.484951e-01	-2.478482e-01	-1.320696e-02	1.452059e-02	-2.311480e-02	1.026871e-01	-9.457305e-02	6.483012e-03	4.498463e-03	-1.071602e-02	-1.285654e-01	9.703533e-02	-2.641966e-01	2.992186e-02	-3.119303e-02	2.434640e-02	1.095335e-01	-1.290558e-01	-3.635596e-02	4.016681e-02	-3.274324e-02	-8.257538e-02	6.683456e-02	
-2.068246e-01	2.484951e-01	1.000000e+00	-6.890666e-01	-9.417910e-02	1.022974e-01	-1.034950e-01	5.807339e-04	3.487238e-02	-3.993578e-01	5.228452e-01	-6.649695e-01	-1.097047e-01	2.722909e-01	-7.281853e-01	2.244272e-02	-2.701876e-02	3.401378e-02	-2.154678e-02	-1.357156e-02	-4.235662e-01	5.390023e-01	-6.728243e-01	-7.573839e-02	2.342198e-01	
1.366493e-01	-2.478482e-01	-6.890666e-01	1.000000e+00	-4.771373e-01	5.310578e-01	-5.708397e-01	1.717463e-01	8.882178e-02	1.739716e-01	-2.381789e-01	3.172447e-01	6.682025e-02	-1.278664e-01	5.357547e-01	-3.568491e-02	3.949067e-02	-4.334808e-02	6.361905e-03	2.669791e-02	3.039456e-01	-3.814414e-01	4.706760e-01	4.392540e-02	-1.521555e-01	
4.539305e-02	-1.320696e-02	-9.417910e-02	-4.771373e-01	1.000000e+00	-9.840826e-01	9.392488e-01	-6.797057e-01	2.881737e-01	1.354233e-01	-1.820873e-01	2.311916e-01	3.888540e-02	-5.081300e-02	5.589006e-02	2.619288e-02	-2.491388e-02	2.176596e-02	-8.149584e-03	-1.282263e-03	2.597856e-02	-3.892130e-02	5.462611e-02	2.977319e-02	-4.612360e-02	
-3.960498e-02	1.452059e-02	1.022974e-01	5.310578e-01	-9.840826e-01	1.000000e+00	-9.847981e-01	6.328373e-01	-2.235700e-01	-1.537704e-01	2.042502e-01	-2.576156e-01	-4.170330e-02	6.818843e-02	-6.220606e-02	-2.604179e-02	2.525934e-02	-2.274545e-02	9.044634e-03	6.533580e-04	-2.914974e-02	4.367739e-02	-6.142262e-02	-3.031491e-02	4.769427e-02	
2.484926e-02	-2.311480e-02	-1.034950e-01	-5.708397e-01	9.392488e-01	-9.847981e-01	1.000000e+00	-5.699448e-01	1.590244e-01	1.716769e-01	-2.235604e-01	2.782852e-01	3.466407e-02	-7.263854e-02	6.550376e-02	2.446269e-02	-2.422446e-02	2.270128e-02	-1.358639e-02	4.155516e-03	2.861266e-02	-4.383014e-02	6.269696e-02	2.970778e-02	-4.641723e-02	
5.442229e-02	1.026871e-01	5.807339e-04	1.717463e-01	-6.797057e-01	6.328373e-01	-5.699448e-01	1.000000e+00	-8.776117e-01	5.862741e-02	-3.243088e-02	-5.543322e-03	-2.601222e-02	-1.231555e-01	-1.586978e-02	1.526558e-02	-1.459169e-02	1.108115e-02	2.477991e-02	-2.843388e-02	1.653957e-02	-1.775311e-02	1.795952e-02	-3.108789e-03	-2.071191e-03	
-5.448170e-02	-9.457305e-02	3.487238e-02	8.882178e-02	2.881737e-01	-2.235700e-01	1.590244e-01	-8.776117e-01	1.000000e+00	-1.540990e-01	1.477513e-01	-1.271165e-01	2.226824e-02	1.904912e-01	-4.298825e-03	-3.128465e-02	3.032802e-02	-2.585464e-02	-1.566188e-02	2.635598e-02	-2.872396e-02	3.536034e-02	-4.257558e-02	-7.895352e-03	2.079952e-02	
-1.403740e-02	6.483012e-03	-3.993578e-01	1.739716e-01	1.354233e-01	-1.537704e-01	1.716769e-01	5.862741e-02	-1.540990e-01	1.000000e+00	-9.827143e-01	9.137340e-01	-7.589277e-01	5.544836e-01	2.926990e-01	7.797731e-03	-3.554773e-03	-2.599726e-03	1.153874e-03	4.387772e-03	1.734561e-01	-2.252192e-01	2.882049e-01	3.610474e-02	-1.099369e-01	
9.873278e-03	4.498463e-03	5.228452e-01	-2.381789e-01	-1.820873e-01	2.042502e-01	-2.235604e-01	-3.243088e-02	1.477513e-01	-9.827143e-01	1.000000e+00	-9.723935e-01	7.035939e-01	-4.894584e-01	-3.836776e-01	-5.049741e-03	6.094479e-04	6.093370e-03	-4.240798e-03	-5.264411e-03	-2.275371e-01	2.948502e-01	-3.764244e-01	-4.425391e-02	1.392592e-01	
-1.873880e-02	-1.071602e-02	-6.649695e-01	3.172447e-01	2.311916e-01	-2.576156e-01	2.782852e-01	-5.543322e-03	-1.271165e-01	9.137340e-01	-9.723935e-01	1.000000e+00	-5.853860e-01	3.689321e-01	4.888706e-01	5.470280e-04	4.034145e-03	-1.111039e-02	7.317824e-03	7.337212e-03	2.916149e-01	-3.770438e-01	4.804799e-01	5.024959e-02	-1.699825e-01	
1.699145e-01	-1.285654e-01	-1.097047e-01	6.682025e-02	3.888540e-02	-4.170330e-02	3.466407e-02	-2.601222e-02	2.226824e-02	-7.589277e-01	7.035939e-01	-5.853860e-01	1.000000e+00	-9.420208e-01	7.728558e-02	-3.583096e-03	1.760826e-03	-7.660350e-04	8.932811e-03	-3.424576e-03	4.512521e-02	-5.270072e-02	5.807525e-02	1.138030e-02	-1.922345e-02	
-1.544543e-01	9.703533e-02	2.722909e-01	-1.278664e-01	-5.081300e-02	6.818843e-02	-7.263854e-02	-1.231555e-01	1.904912e-01	5.544836e-01	-4.894584e-01	3.689321e-01	-9.420208e-01	1.000000e+00	-1.899806e-01	-2.751453e-03	3.862626e-03	-2.797712e-03	-1.337416e-02	7.311855e-03	-1.207614e-01	1.499050e-01	-1.817758e-01	-2.146760e-02	6.114111e-02	
1.267992e-01	-2.641966e-01	-7.281853e-01	5.357547e-01	5.589006e-02	-6.220606e-02	6.550376e-02	-1.586978e-02	-4.298825e-03	2.926990e-01	-3.836776e-01	4.888706e-01	7.728558e-02	-1.899806e-01	1.000000e+00	-4.965603e-01	5.674505e-01	-6.206104e-01	9.172963e-02	1.759745e-01	2.210894e-01	-2.854233e-01	3.663978e-01	3.662553e-02	-1.072665e-01	
2.484358e-02	2.992186e-02	2.244272e-02	-3.568491e-02	2.619288e-02	-2.604179e-02	2.446269e-02	1.526558e-02	-3.128465e-02	7.797731e-03	-5.049741e-03	5.470280e-04	-3.583096e-03	-2.751453e-03	-4.965603e-01	1.000000e+00	-9.813289e-01	9.274433e-01	-6.618569e-01	3.136424e-01	1.298296e-01	-1.526534e-01	1.704330e-01	-8.992462e-03	-9.524388e-03	
-2.334383e-02	-3.119303e-02	-2.701876e-02	3.949067e-02	-2.491388e-02	2.525934e-02	-2.422446e-02	-1.459169e-02	3.032802e-02	-3.554773e-03	6.094479e-04	4.034145e-03	1.760826e-03	3.862626e-03	5.674505e-01	-9.813289e-01	1.000000e+00	-9.815249e-01	5.958269e-01	-2.264953e-01	-1.374194e-01	1.647825e-01	-1.873243e-01	-2.342451e-03	3.125551e-02	
1.349885e-02	2.434640e-02	3.401378e-02	-4.334808e-02	2.176596e-02	-2.274545e-02	2.270128e-02	1.108115e-02	-2.585464e-02	-2.599726e-03	6.093370e-03	-1.111039e-02	-7.660350e-04	-2.797712e-03	-6.206104e-01	9.274433e-01	-9.815249e-01	1.000000e+00	-5.093657e-01	1.350379e-01	1.411886e-01	-1.716343e-01	1.976084e-01	8.141231e-03	-4.475805e-02	
7.157882e-02	1.095335e-01	-2.154678e-02	6.361905e-03	-8.149584e-03	9.044634e-03	-1.358639e-02	2.477991e-02	-1.566188e-02	1.153874e-03	-4.240798e-03	7.317824e-03	8.932811e-03	-1.337416e-02	9.172963e-02	-6.618569e-01	5.958269e-01	-5.093657e-01	1.000000e+00	-9.034343e-01	-2.094935e-02	2.899577e-02	-3.821079e-02	6.797335e-02	-1.430123e-01	
-6.616102e-02	-1.290558e-01	-1.357156e-02	2.669791e-02	-1.282263e-03	6.533580e-04	4.155516e-03	-2.843388e-02	2.635598e-02	4.387772e-03	-5.264411e-03	7.337212e-03	-3.424576e-03	7.311855e-03	1.759745e-01	3.136424e-01	-2.264953e-01	1.350379e-01	-9.034343e-01	1.000000e+00	-3.013400e-02	3.052538e-02	-2.626454e-02	-8.166834e-02	1.913728e-01	
3.153043e-02	-3.635596e-02	-4.235662e-01	3.039456e-01	2.597856e-02	-2.914974e-02	2.861266e-02	1.653957e-02	-2.872396e-02	1.734561e-01	-2.275371e-01	2.916149e-01	4.512521e-02	-1.207614e-01	2.210894e-01	1.298296e-01	-1.374194e-01	1.411886e-01	-2.094935e-02	-3.013400e-02	1.000000e+00	-9.838096e-01	9.183883e-01	-7.606259e-01	5.860010e-01	
-3.009950e-02	4.016681e-02	5.390023e-01	-3.814414e-01	-3.892130e-02	4.367739e-02	-4.383014e-02	-1.775311e-02	3.536034e-02	-2.252192e-01	2.948502e-01	-3.770438e-01	-5.270072e-02	1.499050e-01	-2.854233e-01	-1.526534e-01	1.647825e-01	-1.716343e-01	2.899577e-02	3.052538e-02	-9.838096e-01	1.000000e+00	-9.736313e-01	7.094157e-01	-5.235480e-01	
9.663663e-03	-3.274324e-02	-6.728243e-01	4.706760e-01	5.462611e-02	-6.142262e-02	6.269696e-02	1.795952e-02	-4.257558e-02	2.882049e-01	-3.764244e-01	4.804799e-01	5.807525e-02	-1.817758e-01	3.663978e-01	1.704330e-01	-1.873243e-01	1.976084e-01	-3.821079e-02	-2.626454e-02	9.183883e-01	-9.736313e-01	1.000000e+00	-5.983025e-01	4.060871e-01	
1.359851e-01	-8.257538e-02	-7.573839e-02	4.392540e-02	2.977319e-02	-3.031491e-02	2.970778e-02	-3.108789e-03	-7.895352e-03	3.610474e-02	-4.425391e-02	5.024959e-02	1.138030e-02	-2.146760e-02	3.662553e-02	-8.992462e-03	-2.342451e-03	8.141231e-03	6.797335e-02	-8.166834e-02	-7.606259e-01	7.094157e-01	-5.983025e-01	1.000000e+00	-9.592855e-01	
-1.291659e-01	6.683456e-02	2.342198e-01	-1.521555e-01	-4.612360e-02	4.769427e-02	-4.641723e-02	-2.071191e-03	2.079952e-02	-1.099369e-01	1.392592e-01	-1.699825e-01	-1.922345e-02	6.114111e-02	-1.072665e-01	-9.524388e-03	3.125551e-02	-4.475805e-02	-1.430123e-01	1.913728e-01	5.860010e-01	-5.235480e-01	4.060871e-01	-9.592855e-01	1.000000e+00	

Time taken for mcmc chain: 40.783333 minutes
