Number of steps: 4341972
Number of accepted steps: 1000000
Burn-in number of steps: 320000
Accepted fraction of steps: 0.230310
Convergence Status
R[0]= 1.000855	R[1]= 1.001266	R[2]= 1.012342	R[3]= 1.007592	R[4]= 1.001309	R[5]= 1.001596	R[6]= 1.001815	R[7]= 1.000954	R[8]= 1.000896	R[9]= 1.000845	R[10]= 1.001275	R[11]= 1.002399	R[12]= 1.001019	R[13]= 1.001873	R[14]= 1.009156	R[15]= 1.002447	R[16]= 1.003125	R[17]= 1.003490	R[18]= 1.000294	R[19]= 1.000055	R[20]= 1.003649	R[21]= 1.005129	R[22]= 1.007270	R[23]= 1.000141	R[24]= 1.000781	
<R>= 1.002863

Mean parameters
A[0]= 9.884979e-01 pm 3.472103e-02
A[1]= 1.072539e+00 pm 2.629889e-02
A[2]= 5.807456e-01 pm 3.426936e-01
A[3]= 3.617264e+00 pm 1.066134e+00
A[4]= -2.977934e+02 pm 3.934271e+03
A[5]= 1.962583e+02 pm 2.593677e+03
A[6]= 3.007031e+02 pm 6.167052e+02
A[7]= -1.323890e-01 pm 1.418897e+01
A[8]= -5.438752e-02 pm 1.910646e-01
A[9]= 8.113590e+03 pm 8.954794e+03
A[10]= -4.860933e+03 pm 5.325530e+03
A[11]= 7.288939e+02 pm 1.104406e+03
A[12]= -5.776274e+01 pm 5.189459e+01
A[13]= 1.070920e+00 pm 9.937375e-01
A[14]= 5.763633e+00 pm 1.569598e+00
A[15]= -6.905062e+03 pm 5.524487e+03
A[16]= 5.775824e+03 pm 3.611688e+03
A[17]= -1.213602e+03 pm 8.529383e+02
A[18]= 4.703152e+00 pm 2.113696e+01
A[19]= 1.421105e-01 pm 2.731877e-01
A[20]= 1.568655e+04 pm 1.255127e+04
A[21]= -8.301733e+03 pm 7.597061e+03
A[22]= 9.777849e+02 pm 1.617948e+03
A[23]= -1.027450e+02 pm 7.287784e+01
A[24]= 1.581832e+00 pm 1.413027e+00

Best-fitting parameters
A[0]= 9.868736e-01
A[1]= 1.081426e+00
A[2]= 7.044568e-01
A[3]= 3.710240e+00
A[4]= -1.598070e+03
A[5]= 1.432511e+03
A[6]= -6.789325e+01
A[7]= 3.863322e+00
A[8]= -8.802837e-02
A[9]= 4.602632e+03
A[10]= -2.465170e+03
A[11]= 1.878807e+02
A[12]= -6.396721e+01
A[13]= 1.300354e+00
A[14]= 5.242797e+00
A[15]= -8.611374e+03
A[16]= 6.482839e+03
A[17]= -1.302312e+03
A[18]= 4.773561e+00
A[19]= 1.753635e-01
A[20]= 4.282773e+03
A[21]= -1.478224e+03
A[22]= -3.913898e+02
A[23]= -4.926719e+01
A[24]= 7.379653e-01
chi2_min= 9.606441e+01


Cross-Covariance parameters
1.000000e+00	-5.007086e-01	-1.929116e-01	1.082692e-01	2.141860e-02	-1.577873e-02	2.274230e-03	6.921819e-02	-5.949549e-02	-1.947990e-02	2.691376e-02	-5.071043e-02	1.454249e-01	-1.266484e-01	7.943574e-02	6.999175e-02	-7.288037e-02	6.480334e-02	6.631243e-02	-8.407781e-02	2.905798e-02	-2.113263e-02	-8.456953e-03	1.491385e-01	-1.404177e-01	
-5.007086e-01	1.000000e+00	1.868425e-01	-1.866812e-01	7.098614e-05	1.656639e-03	-1.002788e-02	9.538580e-02	-9.822868e-02	1.947501e-02	-2.672938e-02	4.241215e-02	-9.734949e-02	5.304545e-02	-2.100702e-01	-2.533344e-02	2.961256e-02	-3.963397e-02	1.213708e-01	-1.137058e-01	-4.102699e-02	3.392234e-02	-1.185760e-02	-7.646448e-02	5.770154e-02	
-1.929116e-01	1.868425e-01	1.000000e+00	-6.106412e-01	-6.549934e-02	7.358785e-02	-7.486584e-02	-2.056463e-02	4.830558e-02	-3.557473e-01	4.623285e-01	-5.969072e-01	-5.496299e-02	1.943352e-01	-6.505045e-01	-1.356716e-01	1.500314e-01	-1.528080e-01	2.221083e-02	3.554279e-02	-4.048575e-01	5.214777e-01	-6.604119e-01	-1.105939e-01	2.724378e-01	
1.082692e-01	-1.866812e-01	-6.106412e-01	1.000000e+00	-5.617325e-01	6.230619e-01	-6.672201e-01	2.197606e-01	8.052291e-02	1.133427e-01	-1.485965e-01	1.982427e-01	8.943167e-03	-3.672870e-02	3.991048e-01	7.833661e-02	-9.139274e-02	9.883015e-02	-2.173519e-02	-1.639798e-02	2.505657e-01	-3.202596e-01	4.033792e-01	6.606933e-02	-1.629021e-01	
2.141860e-02	7.098614e-05	-6.549934e-02	-5.617325e-01	1.000000e+00	-9.834847e-01	9.370269e-01	-6.929049e-01	3.032801e-01	1.255132e-01	-1.717152e-01	2.256721e-01	1.955424e-02	-2.638547e-02	5.779592e-02	7.400696e-03	-5.140682e-03	1.634791e-03	-6.514815e-03	7.931717e-03	2.480727e-02	-3.320150e-02	4.301940e-02	9.848685e-03	-2.102035e-02	
-1.577873e-02	1.656639e-03	7.358785e-02	6.230619e-01	-9.834847e-01	1.000000e+00	-9.842578e-01	6.497453e-01	-2.414461e-01	-1.374075e-01	1.885292e-01	-2.489168e-01	-2.972680e-02	5.061664e-02	-6.702385e-02	-6.245255e-03	3.501951e-03	3.411628e-04	7.360361e-03	-9.731209e-03	-2.944393e-02	3.881275e-02	-4.984183e-02	-8.095147e-03	2.092311e-02	
2.274230e-03	-1.002788e-02	-7.486584e-02	-6.672201e-01	9.370269e-01	-9.842578e-01	1.000000e+00	-5.883614e-01	1.779016e-01	1.494336e-01	-2.032278e-01	2.670892e-01	2.991246e-02	-6.195964e-02	7.333566e-02	3.427423e-03	-2.122522e-04	-3.614487e-03	-1.075315e-02	1.457062e-02	3.144232e-02	-4.093470e-02	5.226372e-02	4.621434e-03	-1.773784e-02	
6.921819e-02	9.538580e-02	-2.056463e-02	2.197606e-01	-6.929049e-01	6.497453e-01	-5.883614e-01	1.000000e+00	-8.765214e-01	4.198707e-02	-1.928012e-02	-1.709438e-02	-3.070970e-03	-1.441527e-01	-1.351180e-02	8.242927e-03	-8.449917e-03	5.982937e-03	3.674422e-02	-3.987937e-02	2.549340e-03	-5.214272e-03	7.803400e-03	1.486926e-02	-2.001648e-02	
-5.949549e-02	-9.822868e-02	4.830558e-02	8.052291e-02	3.032801e-01	-2.414461e-01	1.779016e-01	-8.765214e-01	1.000000e+00	-1.281778e-01	1.274863e-01	-1.139908e-01	-4.896782e-03	2.158775e-01	-1.236261e-02	-1.399531e-02	1.254669e-02	-8.120638e-03	-3.030079e-02	3.392931e-02	-1.445532e-02	2.153357e-02	-2.947476e-02	-1.605797e-02	2.684484e-02	
-1.947990e-02	1.947501e-02	-3.557473e-01	1.133427e-01	1.255132e-01	-1.374075e-01	1.494336e-01	4.198707e-02	-1.281778e-01	1.000000e+00	-9.847464e-01	9.200891e-01	-8.080617e-01	6.318562e-01	2.410535e-01	3.660564e-02	-4.090060e-02	4.211376e-02	-5.686097e-03	-7.845976e-03	1.555794e-01	-2.001581e-01	2.551900e-01	2.241259e-02	-8.458347e-02	
2.691376e-02	-2.672938e-02	4.623285e-01	-1.485965e-01	-1.717152e-01	1.885292e-01	-2.032278e-01	-1.928012e-02	1.274863e-01	-9.847464e-01	1.000000e+00	-9.733492e-01	7.767319e-01	-5.923289e-01	-3.120344e-01	-4.884824e-02	5.434071e-02	-5.564004e-02	6.909925e-03	1.199907e-02	-2.010521e-01	2.591846e-01	-3.310727e-01	-2.995887e-02	1.113669e-01	
-5.071043e-02	4.241215e-02	-5.969072e-01	1.982427e-01	2.256721e-01	-2.489168e-01	2.670892e-01	-1.709438e-02	-1.139908e-01	9.200891e-01	-9.733492e-01	1.000000e+00	-6.853405e-01	4.983079e-01	4.026434e-01	6.261419e-02	-6.979984e-02	7.148616e-02	-8.749114e-03	-1.667986e-02	2.588258e-01	-3.345650e-01	4.286297e-01	3.770257e-02	-1.440725e-01	
1.454249e-01	-9.734949e-02	-5.496299e-02	8.943167e-03	1.955424e-02	-2.972680e-02	2.991246e-02	-3.070970e-03	-4.896782e-03	-8.080617e-01	7.767319e-01	-6.853405e-01	1.000000e+00	-9.468438e-01	2.809494e-02	1.975500e-02	-2.043752e-02	1.851472e-02	1.362023e-03	-9.324670e-03	7.873132e-03	-9.921957e-03	9.472342e-03	3.185415e-02	-3.578583e-02	
-1.266484e-01	5.304545e-02	1.943352e-01	-3.672870e-02	-2.638547e-02	5.061664e-02	-6.195964e-02	-1.441527e-01	2.158775e-01	6.318562e-01	-5.923289e-01	4.983079e-01	-9.468438e-01	1.000000e+00	-1.164746e-01	-3.916501e-02	4.059441e-02	-3.762820e-02	-1.764806e-03	1.658922e-02	-6.737137e-02	8.806369e-02	-1.109305e-01	-4.141632e-02	7.164364e-02	
7.943574e-02	-2.100702e-01	-6.505045e-01	3.991048e-01	5.779592e-02	-6.702385e-02	7.333566e-02	-1.351180e-02	-1.236261e-02	2.410535e-01	-3.120344e-01	4.026434e-01	2.809494e-02	-1.164746e-01	1.000000e+00	-4.457769e-01	5.108037e-01	-5.627712e-01	1.105649e-01	1.194899e-01	1.692210e-01	-2.171856e-01	2.816013e-01	5.148510e-02	-1.148089e-01	
6.999175e-02	-2.533344e-02	-1.356716e-01	7.833661e-02	7.400696e-03	-6.245255e-03	3.427423e-03	8.242927e-03	-1.399531e-02	3.660564e-02	-4.884824e-02	6.261419e-02	1.975500e-02	-3.916501e-02	-4.457769e-01	1.000000e+00	-9.818723e-01	9.292184e-01	-6.902710e-01	3.558098e-01	1.993237e-01	-2.427071e-01	2.839833e-01	-1.070282e-02	-2.608694e-02	
-7.288037e-02	2.961256e-02	1.500314e-01	-9.139274e-02	-5.140682e-03	3.501951e-03	-2.122522e-04	-8.449917e-03	1.254669e-02	-4.090060e-02	5.434071e-02	-6.979984e-02	-2.043752e-02	4.059441e-02	5.108037e-01	-9.818723e-01	1.000000e+00	-9.818871e-01	6.326132e-01	-2.763952e-01	-2.105262e-01	2.610040e-01	-3.103863e-01	-1.633627e-03	4.947676e-02	
6.480334e-02	-3.963397e-02	-1.528080e-01	9.883015e-02	1.634791e-03	3.411628e-04	-3.614487e-03	5.982937e-03	-8.120638e-03	4.211376e-02	-5.564004e-02	7.148616e-02	1.851472e-02	-3.762820e-02	-5.627712e-01	9.292184e-01	-9.818871e-01	1.000000e+00	-5.534566e-01	1.906306e-01	2.149567e-01	-2.701039e-01	3.251417e-01	7.951382e-03	-6.333218e-02	
6.631243e-02	1.213708e-01	2.221083e-02	-2.173519e-02	-6.514815e-03	7.360361e-03	-1.075315e-02	3.674422e-02	-3.030079e-02	-5.686097e-03	6.909925e-03	-8.749114e-03	1.362023e-03	-1.764806e-03	1.105649e-01	-6.902710e-01	6.326132e-01	-5.534566e-01	1.000000e+00	-9.056138e-01	-8.321254e-02	9.667771e-02	-1.094153e-01	9.550000e-02	-1.510268e-01	
-8.407781e-02	-1.137058e-01	3.554279e-02	-1.639798e-02	7.931717e-03	-9.731209e-03	1.457062e-02	-3.987937e-02	3.392931e-02	-7.845976e-03	1.199907e-02	-1.667986e-02	-9.324670e-03	1.658922e-02	1.194899e-01	3.558098e-01	-2.763952e-01	1.906306e-01	-9.056138e-01	1.000000e+00	2.743285e-03	4.962622e-03	-1.259828e-02	-1.170777e-01	2.167267e-01	
2.905798e-02	-4.102699e-02	-4.048575e-01	2.505657e-01	2.480727e-02	-2.944393e-02	3.144232e-02	2.549340e-03	-1.445532e-02	1.555794e-01	-2.010521e-01	2.588258e-01	7.873132e-03	-6.737137e-02	1.692210e-01	1.993237e-01	-2.105262e-01	2.149567e-01	-8.321254e-02	2.743285e-03	1.000000e+00	-9.835413e-01	9.155420e-01	-7.645764e-01	5.988406e-01	
-2.113263e-02	3.392234e-02	5.214777e-01	-3.202596e-01	-3.320150e-02	3.881275e-02	-4.093470e-02	-5.214272e-03	2.153357e-02	-2.001581e-01	2.591846e-01	-3.345650e-01	-9.921957e-03	8.806369e-02	-2.171856e-01	-2.427071e-01	2.610040e-01	-2.701039e-01	9.667771e-02	4.962622e-03	-9.835413e-01	1.000000e+00	-9.722882e-01	7.145967e-01	-5.363953e-01	
-8.456953e-03	-1.185760e-02	-6.604119e-01	4.033792e-01	4.301940e-02	-4.984183e-02	5.226372e-02	7.803400e-03	-2.947476e-02	2.551900e-01	-3.310727e-01	4.286297e-01	9.472342e-03	-1.109305e-01	2.816013e-01	2.839833e-01	-3.103863e-01	3.251417e-01	-1.094153e-01	-1.259828e-02	9.155420e-01	-9.722882e-01	1.000000e+00	-6.017586e-01	4.150554e-01	
1.491385e-01	-7.646448e-02	-1.105939e-01	6.606933e-02	9.848685e-03	-8.095147e-03	4.621434e-03	1.486926e-02	-1.605797e-02	2.241259e-02	-2.995887e-02	3.770257e-02	3.185415e-02	-4.141632e-02	5.148510e-02	-1.070282e-02	-1.633627e-03	7.951382e-03	9.550000e-02	-1.170777e-01	-7.645764e-01	7.145967e-01	-6.017586e-01	1.000000e+00	-9.620246e-01	
-1.404177e-01	5.770154e-02	2.724378e-01	-1.629021e-01	-2.102035e-02	2.092311e-02	-1.773784e-02	-2.001648e-02	2.684484e-02	-8.458347e-02	1.113669e-01	-1.440725e-01	-3.578583e-02	7.164364e-02	-1.148089e-01	-2.608694e-02	4.947676e-02	-6.333218e-02	-1.510268e-01	2.167267e-01	5.988406e-01	-5.363953e-01	4.150554e-01	-9.620246e-01	1.000000e+00	

Time taken for mcmc chain: 31.916667 minutes
