Number of steps: 5003740
Number of accepted steps: 1000000
Burn-in number of steps: 320000
Accepted fraction of steps: 0.199851
Convergence Status
R[0]= 1.010164	R[1]= 1.003185	R[2]= 1.004494	R[3]= 1.000529	R[4]= 1.000824	R[5]= 1.000662	R[6]= 1.000484	R[7]= 1.000251	R[8]= 1.000167	R[9]= 1.000683	R[10]= 1.001006	R[11]= 1.001495	R[12]= 1.000748	R[13]= 1.000603	R[14]= 1.009695	R[15]= 1.004367	R[16]= 1.005211	R[17]= 1.005959	R[18]= 1.000213	R[19]= 1.000965	R[20]= 1.000775	R[21]= 1.001029	R[22]= 1.001451	R[23]= 1.002339	R[24]= 1.002106	
<R>= 1.002376

Mean parameters
A[0]= 8.864970e-01 pm 3.538533e-02
A[1]= 9.934463e-01 pm 2.539453e-02
A[2]= 4.393126e-01 pm 2.957634e-01
A[3]= 4.058450e+00 pm 1.157998e+00
A[4]= -1.844158e+03 pm 3.570391e+03
A[5]= 8.898165e+02 pm 2.332744e+03
A[6]= 1.399336e+02 pm 5.365638e+02
A[7]= 4.618829e+00 pm 1.204277e+01
A[8]= -1.018102e-01 pm 1.767721e-01
A[9]= -7.627412e+03 pm 7.232991e+03
A[10]= 3.390808e+03 pm 4.261860e+03
A[11]= -6.601756e+02 pm 8.667949e+02
A[12]= 4.509394e+01 pm 4.289195e+01
A[13]= -8.462315e-01 pm 8.376477e-01
A[14]= 5.200309e+00 pm 1.491384e+00
A[15]= -7.564330e+03 pm 4.856332e+03
A[16]= 4.973526e+03 pm 3.193531e+03
A[17]= -7.982654e+02 pm 7.414827e+02
A[18]= 1.801094e+01 pm 1.766887e+01
A[19]= -1.308258e-01 pm 2.506545e-01
A[20]= 4.404201e+02 pm 1.012610e+04
A[21]= -5.843991e+02 pm 5.953362e+03
A[22]= -1.932764e+02 pm 1.201279e+03
A[23]= 1.721791e+01 pm 6.091948e+01
A[24]= -7.276425e-01 pm 1.182501e+00

Best-fitting parameters
A[0]= 8.945810e-01
A[1]= 9.917129e-01
A[2]= 3.509500e-01
A[3]= 4.734399e+00
A[4]= -4.203887e+03
A[5]= 2.499640e+03
A[6]= -2.343220e+02
A[7]= 1.159543e+01
A[8]= -1.668221e-01
A[9]= -6.985031e+03
A[10]= 3.015314e+03
A[11]= -5.837884e+02
A[12]= 4.240177e+01
A[13]= -7.908905e-01
A[14]= 5.758113e+00
A[15]= -7.621889e+03
A[16]= 5.273488e+03
A[17]= -9.325237e+02
A[18]= 1.629649e+01
A[19]= -9.629799e-02
A[20]= 1.088665e+04
A[21]= -6.545632e+03
A[22]= 9.161185e+02
A[23]= -4.661299e+01
A[24]= 4.228216e-01
chi2_min= 1.151813e+02


Cross-Covariance parameters
1.000000e+00	-5.049988e-01	-1.022838e-01	5.569695e-04	7.272299e-02	-7.073847e-02	6.074819e-02	6.961580e-03	1.816804e-03	1.117199e-02	1.235650e-02	-6.211809e-02	6.305456e-02	-9.788726e-03	4.488151e-02	2.521910e-02	-1.858899e-02	5.222884e-03	3.810770e-02	-2.212725e-02	6.230229e-05	2.654013e-02	-7.877282e-02	8.833517e-02	-5.489061e-02	
-5.049988e-01	1.000000e+00	8.848596e-02	-1.439296e-01	8.070430e-04	2.178618e-04	-9.434609e-03	1.453372e-01	-1.452692e-01	8.038656e-02	-9.725959e-02	1.272013e-01	-1.147494e-01	3.518012e-02	-1.225609e-01	-3.540823e-02	3.410339e-02	-3.891456e-02	1.322880e-01	-1.098157e-01	1.526826e-02	-3.867504e-02	8.060074e-02	-7.880785e-02	4.008860e-02	
-1.022838e-01	8.848596e-02	1.000000e+00	-5.503775e-01	-1.080857e-01	1.148005e-01	-1.121822e-01	-1.763336e-02	4.315934e-02	-3.399850e-01	4.591050e-01	-6.039233e-01	-1.848397e-01	2.986444e-01	-4.489502e-01	-2.042420e-01	2.169886e-01	-2.182492e-01	-1.871706e-02	8.481242e-02	-3.483384e-01	4.515122e-01	-5.835656e-01	-1.972364e-01	3.114672e-01	
5.569695e-04	-1.439296e-01	-5.503775e-01	1.000000e+00	-5.808045e-01	6.436785e-01	-6.897717e-01	3.213953e-02	2.643633e-01	9.838812e-02	-1.482862e-01	2.191342e-01	2.956629e-02	-1.931107e-02	2.766245e-01	1.123460e-01	-1.173957e-01	1.185019e-01	-2.446930e-02	-1.243197e-02	1.902370e-01	-2.459094e-01	3.188475e-01	1.113564e-01	-1.713769e-01	
7.272299e-02	8.070430e-04	-1.080857e-01	-5.808045e-01	1.000000e+00	-9.854778e-01	9.456874e-01	-5.362176e-01	1.366043e-01	6.009018e-02	-9.709674e-02	1.364138e-01	1.439041e-01	-1.494155e-01	2.744744e-02	2.315235e-02	-2.741885e-02	2.947238e-02	2.285925e-02	-3.032694e-02	3.232775e-02	-4.367163e-02	5.606628e-02	2.559668e-02	-3.705696e-02	
-7.073847e-02	2.178618e-04	1.148005e-01	6.436785e-01	-9.854778e-01	1.000000e+00	-9.867157e-01	4.650842e-01	-5.444195e-02	-7.449553e-02	1.139941e-01	-1.554473e-01	-1.523118e-01	1.745309e-01	-3.157992e-02	-2.374820e-02	2.806735e-02	-3.009900e-02	-2.209490e-02	3.046978e-02	-3.434119e-02	4.652022e-02	-5.987893e-02	-2.659886e-02	3.881580e-02	
6.074819e-02	-9.434609e-03	-1.121822e-01	-6.897717e-01	9.456874e-01	-9.867157e-01	1.000000e+00	-3.897063e-01	-1.760311e-02	8.664841e-02	-1.267962e-01	1.683372e-01	1.508751e-01	-1.855983e-01	3.329934e-02	2.247693e-02	-2.680349e-02	2.905495e-02	1.811733e-02	-2.727141e-02	3.294421e-02	-4.492941e-02	5.808758e-02	2.592368e-02	-3.769696e-02	
6.961580e-03	1.453372e-01	-1.763336e-02	3.213953e-02	-5.362176e-01	4.650842e-01	-3.897063e-01	1.000000e+00	-8.908991e-01	1.772995e-01	-1.626403e-01	1.318230e-01	-9.930665e-02	-9.237137e-02	-4.528766e-03	3.054093e-03	-8.932567e-04	-3.878471e-03	3.274762e-02	-3.251706e-02	1.220552e-02	-1.597449e-02	2.160971e-02	2.915028e-05	-9.809494e-03	
1.816804e-03	-1.452692e-01	4.315934e-02	2.643633e-01	1.366043e-01	-5.444195e-02	-1.760311e-02	-8.908991e-01	1.000000e+00	-2.243550e-01	2.239289e-01	-2.054599e-01	4.938287e-02	1.886661e-01	1.784018e-03	-1.139858e-02	1.094536e-02	-7.631029e-03	-3.771950e-02	4.290005e-02	-2.069005e-02	2.841561e-02	-3.869738e-02	-4.215600e-03	1.858877e-02	
1.117199e-02	8.038656e-02	-3.399850e-01	9.838812e-02	6.009018e-02	-7.449553e-02	8.664841e-02	1.772995e-01	-2.243550e-01	1.000000e+00	-9.836808e-01	9.164379e-01	-7.407866e-01	5.502501e-01	1.539468e-01	5.886147e-02	-6.142833e-02	5.897448e-02	2.549253e-02	-4.162708e-02	1.291610e-01	-1.660198e-01	2.131366e-01	5.450242e-02	-9.760646e-02	
1.235650e-02	-9.725959e-02	4.591050e-01	-1.482862e-01	-9.709674e-02	1.139941e-01	-1.267962e-01	-1.626403e-01	2.239289e-01	-9.836808e-01	1.000000e+00	-9.726444e-01	6.974587e-01	-5.018636e-01	-2.067965e-01	-8.234098e-02	8.677236e-02	-8.496304e-02	-2.815724e-02	5.197471e-02	-1.705120e-01	2.214221e-01	-2.873056e-01	-7.652411e-02	1.345270e-01	
-6.211809e-02	1.272013e-01	-6.039233e-01	2.191342e-01	1.364138e-01	-1.554473e-01	1.683372e-01	1.318230e-01	-2.054599e-01	9.164379e-01	-9.726444e-01	1.000000e+00	-5.956317e-01	4.032389e-01	2.704804e-01	1.111635e-01	-1.182225e-01	1.176660e-01	3.116503e-02	-6.535800e-02	2.212327e-01	-2.900798e-01	3.803038e-01	1.028172e-01	-1.803200e-01	
6.305456e-02	-1.147494e-01	-1.848397e-01	2.956629e-02	1.439041e-01	-1.523118e-01	1.508751e-01	-9.930665e-02	4.938287e-02	-7.407866e-01	6.974587e-01	-5.956317e-01	1.000000e+00	-9.443009e-01	7.717411e-02	5.021123e-02	-5.434530e-02	5.693103e-02	-7.996685e-03	-1.321916e-02	5.263364e-02	-7.042476e-02	9.246425e-02	5.086684e-02	-7.022013e-02	
-9.788726e-03	3.518012e-02	2.986444e-01	-1.931107e-02	-1.494155e-01	1.745309e-01	-1.855983e-01	-9.237137e-02	1.886661e-01	5.502501e-01	-5.018636e-01	4.032389e-01	-9.443009e-01	1.000000e+00	-1.214238e-01	-7.277033e-02	7.858170e-02	-8.111517e-02	-6.574803e-03	3.648887e-02	-9.771646e-02	1.311001e-01	-1.742696e-01	-6.641874e-02	1.051198e-01	
4.488151e-02	-1.225609e-01	-4.489502e-01	2.766245e-01	2.744744e-02	-3.157992e-02	3.329934e-02	-4.528766e-03	1.784018e-03	1.539468e-01	-2.067965e-01	2.704804e-01	7.717411e-02	-1.214238e-01	1.000000e+00	-5.590875e-01	6.309854e-01	-6.844490e-01	-4.401380e-02	3.038398e-01	4.191929e-02	-6.813128e-02	1.121230e-01	4.111743e-02	-4.523551e-02	
2.521910e-02	-3.540823e-02	-2.042420e-01	1.123460e-01	2.315235e-02	-2.374820e-02	2.247693e-02	3.054093e-03	-1.139858e-02	5.886147e-02	-8.234098e-02	1.111635e-01	5.021123e-02	-7.277033e-02	-5.590875e-01	1.000000e+00	-9.844136e-01	9.414394e-01	-4.966465e-01	1.387174e-01	2.030857e-01	-2.416953e-01	2.815304e-01	4.668567e-02	-7.781773e-02	
-1.858899e-02	3.410339e-02	2.169886e-01	-1.173957e-01	-2.741885e-02	2.806735e-02	-2.680349e-02	-8.932567e-04	1.094536e-02	-6.142833e-02	8.677236e-02	-1.182225e-01	-5.434530e-02	7.858170e-02	6.309854e-01	-9.844136e-01	1.000000e+00	-9.856119e-01	4.138782e-01	-4.601623e-02	-2.112761e-01	2.543095e-01	-2.992301e-01	-6.469143e-02	1.059367e-01	
5.222884e-03	-3.891456e-02	-2.182492e-01	1.185019e-01	2.947238e-02	-3.009900e-02	2.905495e-02	-3.878471e-03	-7.631029e-03	5.897448e-02	-8.496304e-02	1.176660e-01	5.693103e-02	-8.111517e-02	-6.844490e-01	9.414394e-01	-9.856119e-01	1.000000e+00	-3.259350e-01	-3.861811e-02	2.107082e-01	-2.566045e-01	3.050883e-01	7.845295e-02	-1.265237e-01	
3.810770e-02	1.322880e-01	-1.871706e-02	-2.446930e-02	2.285925e-02	-2.209490e-02	1.811733e-02	3.274762e-02	-3.771950e-02	2.549253e-02	-2.815724e-02	3.116503e-02	-7.996685e-03	-6.574803e-03	-4.401380e-02	-4.966465e-01	4.138782e-01	-3.259350e-01	1.000000e+00	-9.143452e-01	1.986737e-03	-3.973987e-03	3.223297e-03	6.999599e-02	-1.573527e-01	
-2.212725e-02	-1.098157e-01	8.481242e-02	-1.243197e-02	-3.032694e-02	3.046978e-02	-2.727141e-02	-3.251706e-02	4.290005e-02	-4.162708e-02	5.197471e-02	-6.535800e-02	-1.321916e-02	3.648887e-02	3.038398e-01	1.387174e-01	-4.601623e-02	-3.861811e-02	-9.143452e-01	1.000000e+00	-8.554957e-02	1.021859e-01	-1.149849e-01	-9.251872e-02	2.117645e-01	
6.230229e-05	1.526826e-02	-3.483384e-01	1.902370e-01	3.232775e-02	-3.434119e-02	3.294421e-02	1.220552e-02	-2.069005e-02	1.291610e-01	-1.705120e-01	2.212327e-01	5.263364e-02	-9.771646e-02	4.191929e-02	2.030857e-01	-2.112761e-01	2.107082e-01	1.986737e-03	-8.554957e-02	1.000000e+00	-9.858866e-01	9.259745e-01	-7.389442e-01	5.941719e-01	
2.654013e-02	-3.867504e-02	4.515122e-01	-2.459094e-01	-4.367163e-02	4.652022e-02	-4.492941e-02	-1.597449e-02	2.841561e-02	-1.660198e-01	2.214221e-01	-2.900798e-01	-7.042476e-02	1.311001e-01	-6.813128e-02	-2.416953e-01	2.543095e-01	-2.566045e-01	-3.973987e-03	1.021859e-01	-9.858866e-01	1.000000e+00	-9.752467e-01	7.017015e-01	-5.506478e-01	
-7.877282e-02	8.060074e-02	-5.835656e-01	3.188475e-01	5.606628e-02	-5.987893e-02	5.808758e-02	2.160971e-02	-3.869738e-02	2.131366e-01	-2.873056e-01	3.803038e-01	9.246425e-02	-1.742696e-01	1.121230e-01	2.815304e-01	-2.992301e-01	3.050883e-01	3.223297e-03	-1.149849e-01	9.259745e-01	-9.752467e-01	1.000000e+00	-6.085007e-01	4.556742e-01	
8.833517e-02	-7.880785e-02	-1.972364e-01	1.113564e-01	2.559668e-02	-2.659886e-02	2.592368e-02	2.915028e-05	-4.215600e-03	5.450242e-02	-7.652411e-02	1.028172e-01	5.086684e-02	-6.641874e-02	4.111743e-02	4.668567e-02	-6.469143e-02	7.845295e-02	6.999599e-02	-9.251872e-02	-7.389442e-01	7.017015e-01	-6.085007e-01	1.000000e+00	-9.679780e-01	
-5.489061e-02	4.008860e-02	3.114672e-01	-1.713769e-01	-3.705696e-02	3.881580e-02	-3.769696e-02	-9.809494e-03	1.858877e-02	-9.760646e-02	1.345270e-01	-1.803200e-01	-7.022013e-02	1.051198e-01	-4.523551e-02	-7.781773e-02	1.059367e-01	-1.265237e-01	-1.573527e-01	2.117645e-01	5.941719e-01	-5.506478e-01	4.556742e-01	-9.679780e-01	1.000000e+00	

Time taken for mcmc chain: 35.466667 minutes
