Number of steps: 4019331
Number of accepted steps: 1000000
Burn-in number of steps: 320000
Accepted fraction of steps: 0.248798
Convergence Status
R[0]= 1.000746	R[1]= 1.000067	R[2]= 1.015806	R[3]= 1.008260	R[4]= 1.001425	R[5]= 1.001943	R[6]= 1.002436	R[7]= 1.000493	R[8]= 1.000259	R[9]= 1.003040	R[10]= 1.004235	R[11]= 1.006186	R[12]= 1.000153	R[13]= 1.000561	R[14]= 1.010358	R[15]= 1.004846	R[16]= 1.005326	R[17]= 1.005456	R[18]= 1.001030	R[19]= 1.000628	R[20]= 1.003068	R[21]= 1.004108	R[22]= 1.005666	R[23]= 1.000682	R[24]= 1.001428	
<R>= 1.003528

Mean parameters
A[0]= 8.872226e-01 pm 3.373049e-02
A[1]= 9.922058e-01 pm 2.456932e-02
A[2]= 4.299495e-01 pm 2.961770e-01
A[3]= 4.005221e+00 pm 1.173433e+00
A[4]= -1.850074e+03 pm 3.440547e+03
A[5]= 8.875923e+02 pm 2.240893e+03
A[6]= 1.427138e+02 pm 5.164283e+02
A[7]= 7.185563e+00 pm 1.204920e+01
A[8]= -1.420170e-01 pm 1.790390e-01
A[9]= -5.380562e+03 pm 7.354471e+03
A[10]= 2.269240e+03 pm 4.315877e+03
A[11]= -4.772568e+02 pm 8.688604e+02
A[12]= 3.988821e+01 pm 4.347439e+01
A[13]= -8.200417e-01 pm 8.435833e-01
A[14]= 5.449608e+00 pm 1.567282e+00
A[15]= -7.904271e+03 pm 4.686028e+03
A[16]= 5.274998e+03 pm 3.067964e+03
A[17]= -8.865327e+02 pm 7.108714e+02
A[18]= 1.733305e+01 pm 1.767314e+01
A[19]= -1.122904e-01 pm 2.516600e-01
A[20]= -4.848848e+00 pm 1.009272e+04
A[21]= -3.307765e+02 pm 5.927851e+03
A[22]= -2.295675e+02 pm 1.195044e+03
A[23]= 2.080403e+01 pm 6.118575e+01
A[24]= -7.944400e-01 pm 1.184478e+00

Best-fitting parameters
A[0]= 8.791896e-01
A[1]= 9.931246e-01
A[2]= 3.026285e-01
A[3]= 4.205761e+00
A[4]= -2.174784e+03
A[5]= 1.046410e+03
A[6]= 1.209786e+02
A[7]= 1.053334e+01
A[8]= -2.004519e-01
A[9]= -4.103039e+03
A[10]= 1.060768e+03
A[11]= -1.325024e+02
A[12]= 2.917386e+01
A[13]= -7.131316e-01
A[14]= 4.857524e+00
A[15]= -4.381552e+03
A[16]= 2.922215e+03
A[17]= -3.654749e+02
A[18]= 1.800500e+01
A[19]= -2.285446e-01
A[20]= 7.347343e+03
A[21]= -4.473304e+03
A[22]= 5.322292e+02
A[23]= 1.305377e+01
A[24]= -9.413478e-01
chi2_min= 1.100063e+02


Cross-Covariance parameters
1.000000e+00	-4.976720e-01	-8.318442e-02	2.996568e-02	3.927542e-02	-3.115028e-02	1.626829e-02	6.997865e-03	8.999073e-03	-2.456813e-02	4.627113e-02	-9.089164e-02	7.286011e-02	-1.595056e-02	4.715622e-03	6.335836e-02	-5.775689e-02	4.553653e-02	1.488684e-02	-8.239373e-03	-2.174097e-02	4.878215e-02	-1.009282e-01	1.099725e-01	-7.186759e-02	
-4.976720e-01	1.000000e+00	1.056934e-01	-1.646403e-01	3.423982e-03	-7.874636e-03	4.002449e-03	1.552202e-01	-1.517879e-01	7.251333e-02	-8.552569e-02	1.094690e-01	-1.019220e-01	2.857134e-02	-1.440371e-01	-2.400449e-02	2.320216e-02	-3.005205e-02	1.483912e-01	-1.317022e-01	3.409450e-02	-5.182243e-02	8.646157e-02	-9.699145e-02	5.575618e-02	
-8.318442e-02	1.056934e-01	1.000000e+00	-5.879745e-01	-4.211781e-02	4.155504e-02	-3.406958e-02	-1.863331e-02	2.558449e-02	-3.454692e-01	4.534208e-01	-5.890898e-01	-1.412410e-01	2.546749e-01	-5.252630e-01	-1.202186e-01	1.303079e-01	-1.307373e-01	-1.497852e-02	5.116628e-02	-3.380282e-01	4.423984e-01	-5.773293e-01	-1.973613e-01	3.086206e-01	
2.996568e-02	-1.646403e-01	-5.879745e-01	1.000000e+00	-5.823914e-01	6.541243e-01	-7.064845e-01	-3.154157e-04	2.811084e-01	1.104780e-01	-1.579264e-01	2.268667e-01	3.294578e-02	-2.657740e-02	3.339022e-01	6.776104e-02	-7.123536e-02	7.120983e-02	-2.200456e-02	1.419897e-03	2.041852e-01	-2.640764e-01	3.408805e-01	1.020445e-01	-1.629877e-01	
3.927542e-02	3.423982e-03	-4.211781e-02	-5.823914e-01	1.000000e+00	-9.840435e-01	9.403091e-01	-5.261812e-01	1.425666e-01	3.535234e-02	-6.490554e-02	9.703921e-02	1.206622e-01	-1.160298e-01	8.651535e-03	1.128001e-02	-1.554197e-02	1.792002e-02	1.743190e-02	-2.569100e-02	1.076291e-02	-1.463456e-02	1.942362e-02	2.729250e-02	-3.557880e-02	
-3.115028e-02	-7.874636e-03	4.155504e-02	6.541243e-01	-9.840435e-01	1.000000e+00	-9.853978e-01	4.495925e-01	-5.501956e-02	-5.008517e-02	8.144051e-02	-1.150431e-01	-1.242647e-01	1.367740e-01	-8.083134e-03	-1.122516e-02	1.564943e-02	-1.822780e-02	-1.758955e-02	2.604843e-02	-8.463885e-03	1.282854e-02	-1.852387e-02	-2.928094e-02	3.757463e-02	
1.626829e-02	4.002449e-03	-3.406958e-02	-7.064845e-01	9.403091e-01	-9.853978e-01	1.000000e+00	-3.679101e-01	-2.246299e-02	6.375322e-02	-9.529436e-02	1.285246e-01	1.182562e-01	-1.439853e-01	6.225471e-03	9.274359e-03	-1.367341e-02	1.661549e-02	1.500006e-02	-2.344224e-02	3.503136e-03	-7.568406e-03	1.321653e-02	2.925712e-02	-3.656748e-02	
6.997865e-03	1.552202e-01	-1.863331e-02	-3.154157e-04	-5.261812e-01	4.495925e-01	-3.679101e-01	1.000000e+00	-8.993366e-01	1.726639e-01	-1.610081e-01	1.339138e-01	-9.025382e-02	-1.034316e-01	-1.078578e-02	2.037721e-03	-4.214950e-04	-3.564151e-03	3.678879e-02	-2.953026e-02	1.441988e-02	-1.942138e-02	2.608957e-02	-8.190153e-03	1.728940e-03	
8.999073e-03	-1.517879e-01	2.558449e-02	2.811084e-01	1.425666e-01	-5.501956e-02	-2.246299e-02	-8.993366e-01	1.000000e+00	-2.107934e-01	2.106038e-01	-1.934120e-01	5.111342e-02	1.833254e-01	8.978708e-03	-5.219771e-03	5.285966e-03	-2.748060e-03	-3.719430e-02	3.404196e-02	-1.301921e-02	1.973869e-02	-2.913277e-02	-1.132732e-03	9.890926e-03	
-2.456813e-02	7.251333e-02	-3.454692e-01	1.104780e-01	3.535234e-02	-5.008517e-02	6.375322e-02	1.726639e-01	-2.107934e-01	1.000000e+00	-9.856285e-01	9.257699e-01	-7.682874e-01	5.872874e-01	1.639047e-01	4.973357e-02	-5.223435e-02	5.032653e-02	2.181399e-02	-3.632229e-02	1.296040e-01	-1.680588e-01	2.192765e-01	5.367415e-02	-9.885882e-02	
4.627113e-02	-8.552569e-02	4.534208e-01	-1.579264e-01	-6.490554e-02	8.144051e-02	-9.529436e-02	-1.610081e-01	2.106038e-01	-9.856285e-01	1.000000e+00	-9.755049e-01	7.334831e-01	-5.477547e-01	-2.205364e-01	-6.149219e-02	6.547094e-02	-6.403546e-02	-2.638955e-02	4.511903e-02	-1.676072e-01	2.186611e-01	-2.868783e-01	-7.366598e-02	1.327119e-01	
-9.089164e-02	1.094690e-01	-5.890898e-01	2.268667e-01	9.703921e-02	-1.150431e-01	1.285246e-01	1.339138e-01	-1.934120e-01	9.257699e-01	-9.755049e-01	1.000000e+00	-6.440762e-01	4.608406e-01	2.925445e-01	7.506361e-02	-8.122627e-02	8.078061e-02	3.175356e-02	-5.605866e-02	2.159242e-01	-2.835328e-01	3.743280e-01	9.760077e-02	-1.749453e-01	
7.286011e-02	-1.019220e-01	-1.412410e-01	3.294578e-02	1.206622e-01	-1.242647e-01	1.182562e-01	-9.025382e-02	5.111342e-02	-7.682874e-01	7.334831e-01	-6.440762e-01	1.000000e+00	-9.457162e-01	8.877159e-02	1.184891e-02	-1.438042e-02	1.580396e-02	-8.310555e-03	3.726022e-03	3.857601e-02	-5.155798e-02	6.636324e-02	4.291257e-02	-5.489416e-02	
-1.595056e-02	2.857134e-02	2.546749e-01	-2.657740e-02	-1.160298e-01	1.367740e-01	-1.439853e-01	-1.034316e-01	1.833254e-01	5.872874e-01	-5.477547e-01	4.608406e-01	-9.457162e-01	1.000000e+00	-1.417902e-01	-2.479807e-02	2.895079e-02	-3.027539e-02	-5.778041e-03	1.499277e-02	-8.550427e-02	1.135147e-01	-1.490884e-01	-5.647673e-02	8.707412e-02	
4.715622e-03	-1.440371e-01	-5.252630e-01	3.339022e-01	8.651535e-03	-8.083134e-03	6.225471e-03	-1.078578e-02	8.978708e-03	1.639047e-01	-2.205364e-01	2.925445e-01	8.877159e-02	-1.417902e-01	1.000000e+00	-5.594820e-01	6.322284e-01	-6.857218e-01	-5.993238e-02	3.048332e-01	7.067223e-02	-1.104479e-01	1.722622e-01	6.212699e-02	-7.572002e-02	
6.335836e-02	-2.400449e-02	-1.202186e-01	6.776104e-02	1.128001e-02	-1.122516e-02	9.274359e-03	2.037721e-03	-5.219771e-03	4.973357e-02	-6.149219e-02	7.506361e-02	1.184891e-02	-2.479807e-02	-5.594820e-01	1.000000e+00	-9.833209e-01	9.372152e-01	-4.933351e-01	1.537977e-01	1.704078e-01	-1.968363e-01	2.201164e-01	2.670741e-02	-4.807513e-02	
-5.775689e-02	2.320216e-02	1.303079e-01	-7.123536e-02	-1.554197e-02	1.564943e-02	-1.367341e-02	-4.214950e-04	5.285966e-03	-5.223435e-02	6.547094e-02	-8.122627e-02	-1.438042e-02	2.895079e-02	6.322284e-01	-9.833209e-01	1.000000e+00	-9.845220e-01	4.091058e-01	-5.870523e-02	-1.778732e-01	2.082882e-01	-2.360023e-01	-4.391130e-02	7.524047e-02	
4.553653e-02	-3.005205e-02	-1.307373e-01	7.120983e-02	1.792002e-02	-1.822780e-02	1.661549e-02	-3.564151e-03	-2.748060e-03	5.032653e-02	-6.403546e-02	8.078061e-02	1.580396e-02	-3.027539e-02	-6.857218e-01	9.372152e-01	-9.845220e-01	1.000000e+00	-3.191978e-01	-2.830123e-02	1.762644e-01	-2.094229e-01	2.405100e-01	5.738254e-02	-9.514038e-02	
1.488684e-02	1.483912e-01	-1.497852e-02	-2.200456e-02	1.743190e-02	-1.758955e-02	1.500006e-02	3.678879e-02	-3.719430e-02	2.181399e-02	-2.638955e-02	3.175356e-02	-8.310555e-03	-5.778041e-03	-5.993238e-02	-4.933351e-01	4.091058e-01	-3.191978e-01	1.000000e+00	-9.209743e-01	9.889563e-03	-1.088104e-02	1.002320e-02	6.895281e-02	-1.568119e-01	
-8.239373e-03	-1.317022e-01	5.116628e-02	1.419897e-03	-2.569100e-02	2.604843e-02	-2.344224e-02	-2.953026e-02	3.404196e-02	-3.632229e-02	4.511903e-02	-5.605866e-02	3.726022e-03	1.499277e-02	3.048332e-01	1.537977e-01	-5.870523e-02	-2.830123e-02	-9.209743e-01	1.000000e+00	-8.196901e-02	9.296119e-02	-9.951270e-02	-8.072845e-02	1.964599e-01	
-2.174097e-02	3.409450e-02	-3.380282e-01	2.041852e-01	1.076291e-02	-8.463885e-03	3.503136e-03	1.441988e-02	-1.301921e-02	1.296040e-01	-1.676072e-01	2.159242e-01	3.857601e-02	-8.550427e-02	7.067223e-02	1.704078e-01	-1.778732e-01	1.762644e-01	9.889563e-03	-8.196901e-02	1.000000e+00	-9.859959e-01	9.265850e-01	-7.471920e-01	6.046902e-01	
4.878215e-02	-5.182243e-02	4.423984e-01	-2.640764e-01	-1.463456e-02	1.282854e-02	-7.568406e-03	-1.942138e-02	1.973869e-02	-1.680588e-01	2.186611e-01	-2.835328e-01	-5.155798e-02	1.135147e-01	-1.104479e-01	-1.968363e-01	2.082882e-01	-2.094229e-01	-1.088104e-02	9.296119e-02	-9.859959e-01	1.000000e+00	-9.754436e-01	7.118209e-01	-5.636578e-01	
-1.009282e-01	8.646157e-02	-5.773293e-01	3.408805e-01	1.942362e-02	-1.852387e-02	1.321653e-02	2.608957e-02	-2.913277e-02	2.192765e-01	-2.868783e-01	3.743280e-01	6.636324e-02	-1.490884e-01	1.722622e-01	2.201164e-01	-2.360023e-01	2.405100e-01	1.002320e-02	-9.951270e-02	9.265850e-01	-9.754436e-01	1.000000e+00	-6.208169e-01	4.713140e-01	
1.099725e-01	-9.699145e-02	-1.973613e-01	1.020445e-01	2.729250e-02	-2.928094e-02	2.925712e-02	-8.190153e-03	-1.132732e-03	5.367415e-02	-7.366598e-02	9.760077e-02	4.291257e-02	-5.647673e-02	6.212699e-02	2.670741e-02	-4.391130e-02	5.738254e-02	6.895281e-02	-8.072845e-02	-7.471920e-01	7.118209e-01	-6.208169e-01	1.000000e+00	-9.685167e-01	
-7.186759e-02	5.575618e-02	3.086206e-01	-1.629877e-01	-3.557880e-02	3.757463e-02	-3.656748e-02	1.728940e-03	9.890926e-03	-9.885882e-02	1.327119e-01	-1.749453e-01	-5.489416e-02	8.707412e-02	-7.572002e-02	-4.807513e-02	7.524047e-02	-9.514038e-02	-1.568119e-01	1.964599e-01	6.046902e-01	-5.636578e-01	4.713140e-01	-9.685167e-01	1.000000e+00	

Time taken for mcmc chain: 27.733333 minutes
