Number of steps: 7953875
Number of accepted steps: 1000000
Burn-in number of steps: 320000
Accepted fraction of steps: 0.125725
Convergence Status
R[0]= 1.002196	R[1]= 1.003625	R[2]= 1.002242	R[3]= 1.001604	R[4]= 1.003956	R[5]= 1.004549	R[6]= 1.004879	R[7]= 1.001458	R[8]= 1.003030	R[9]= 1.000206	R[10]= 1.000328	R[11]= 1.000649	R[12]= 1.001098	R[13]= 1.002055	R[14]= 1.006600	R[15]= 1.003517	R[16]= 1.005207	R[17]= 1.006859	R[18]= 1.000399	R[19]= 1.001861	R[20]= 1.000909	R[21]= 1.001123	R[22]= 1.001498	R[23]= 1.001738	R[24]= 1.002097	
<R>= 1.002547

Mean parameters
A[0]= 8.991925e-01 pm 3.222763e-02
A[1]= 1.006484e+00 pm 2.878345e-02
A[2]= 6.608367e-01 pm 4.261835e-01
A[3]= 3.469076e+00 pm 1.180095e+00
A[4]= -2.579602e+03 pm 3.581819e+03
A[5]= 1.230322e+03 pm 2.333870e+03
A[6]= 1.047963e+02 pm 5.390596e+02
A[7]= 1.212122e+01 pm 1.238291e+01
A[8]= -2.195520e-01 pm 1.793000e-01
A[9]= -2.305521e+03 pm 7.803699e+03
A[10]= 8.874835e+02 pm 4.681294e+03
A[11]= -3.260773e+02 pm 9.775062e+02
A[12]= 4.982945e+00 pm 4.469982e+01
A[13]= -1.918347e-01 pm 8.789163e-01
A[14]= 4.995970e+00 pm 1.577423e+00
A[15]= -9.621703e+03 pm 5.033560e+03
A[16]= 6.264484e+03 pm 3.321089e+03
A[17]= -1.072397e+03 pm 7.750129e+02
A[18]= 1.773689e+01 pm 1.813981e+01
A[19]= -8.436291e-02 pm 2.570371e-01
A[20]= -4.557289e+03 pm 1.108190e+04
A[21]= 2.475192e+03 pm 6.717394e+03
A[22]= -8.469220e+02 pm 1.419918e+03
A[23]= 1.444857e+01 pm 6.355918e+01
A[24]= -5.448271e-01 pm 1.258004e+00

Best-fitting parameters
A[0]= 9.196065e-01
A[1]= 9.788907e-01
A[2]= 7.306919e-01
A[3]= 3.344010e+00
A[4]= -3.445401e+03
A[5]= 1.813961e+03
A[6]= -1.358246e+01
A[7]= 1.509457e+01
A[8]= -2.234981e-01
A[9]= -6.562987e+03
A[10]= 3.700603e+03
A[11]= -9.745146e+02
A[12]= 2.243217e+01
A[13]= -3.372840e-01
A[14]= 4.561400e+00
A[15]= -8.384015e+03
A[16]= 5.482066e+03
A[17]= -9.089737e+02
A[18]= 1.634616e+01
A[19]= -7.186032e-02
A[20]= -4.504015e+03
A[21]= 2.873211e+03
A[22]= -1.087692e+03
A[23]= 1.295927e+01
A[24]= -4.930584e-01
chi2_min= 1.008412e+02


Cross-Covariance parameters
1.000000e+00	-5.213558e-01	-1.527806e-01	6.476036e-02	5.878910e-02	-5.997630e-02	5.248991e-02	3.432388e-02	-3.540073e-02	1.265619e-02	-6.542728e-04	-3.028009e-02	1.122715e-01	-8.056023e-02	9.154250e-02	5.322226e-02	-5.265700e-02	4.516244e-02	1.465234e-02	-5.222771e-03	2.904099e-02	-1.395958e-02	-2.176251e-02	1.150338e-01	-8.449393e-02	
-5.213558e-01	1.000000e+00	1.878669e-01	-1.945495e-01	-1.821954e-02	2.134107e-02	-3.181006e-02	1.368620e-01	-1.232626e-01	3.048434e-02	-3.183699e-02	4.051950e-02	-1.197794e-01	6.436365e-02	-2.229009e-01	-1.666096e-02	2.104332e-02	-3.200129e-02	1.653711e-01	-1.544517e-01	-2.522084e-02	1.803047e-02	3.151085e-03	-7.419178e-02	3.856301e-02	
-1.527806e-01	1.878669e-01	1.000000e+00	-6.842156e-01	-2.179013e-02	2.839001e-02	-2.714292e-02	-2.913643e-02	2.614100e-02	-3.972983e-01	5.089592e-01	-6.380205e-01	-1.611889e-01	2.902784e-01	-6.215802e-01	-1.622725e-01	1.815391e-01	-1.894941e-01	-1.095900e-02	6.373690e-02	-4.345976e-01	5.463115e-01	-6.727189e-01	-2.047415e-01	3.426062e-01	
6.476036e-02	-1.945495e-01	-6.842156e-01	1.000000e+00	-5.196271e-01	5.774829e-01	-6.203213e-01	4.985590e-02	2.129701e-01	1.945923e-01	-2.472297e-01	3.150915e-01	4.591774e-02	-7.498329e-02	4.603326e-01	1.075772e-01	-1.196488e-01	1.258823e-01	-2.147864e-02	-1.351498e-02	3.057550e-01	-3.822978e-01	4.696750e-01	1.393888e-01	-2.350828e-01	
5.878910e-02	-1.821954e-02	-2.179013e-02	-5.196271e-01	1.000000e+00	-9.840500e-01	9.401348e-01	-5.613262e-01	1.712145e-01	8.473974e-02	-1.250968e-01	1.660302e-01	1.007768e-01	-1.041473e-01	-9.194089e-04	1.407224e-02	-1.669262e-02	1.751294e-02	1.349219e-02	-2.380907e-02	2.698591e-03	-5.080071e-03	6.294997e-03	1.797421e-02	-2.137570e-02	
-5.997630e-02	2.134107e-02	2.839001e-02	5.774829e-01	-9.840500e-01	1.000000e+00	-9.852969e-01	4.917007e-01	-8.938090e-02	-9.733230e-02	1.420088e-01	-1.874337e-01	-1.150075e-01	1.342247e-01	-2.646083e-03	-1.544724e-02	1.817150e-02	-1.905743e-02	-1.412394e-02	2.498970e-02	-5.271274e-03	8.647906e-03	-1.093123e-02	-1.840429e-02	2.268400e-02	
5.248991e-02	-3.181006e-02	-2.714292e-02	-6.203213e-01	9.401348e-01	-9.852969e-01	1.000000e+00	-4.153608e-01	1.635287e-02	1.074573e-01	-1.540681e-01	2.013477e-01	1.179687e-01	-1.487522e-01	3.283767e-03	1.461755e-02	-1.733265e-02	1.853502e-02	1.091215e-02	-2.193472e-02	4.045603e-03	-7.512187e-03	9.915995e-03	1.621368e-02	-1.988275e-02	
3.432388e-02	1.368620e-01	-2.913643e-02	4.985590e-02	-5.613262e-01	4.917007e-01	-4.153608e-01	1.000000e+00	-8.930539e-01	1.146790e-01	-9.964952e-02	7.285955e-02	-3.173151e-02	-1.460835e-01	-9.574057e-04	4.577022e-03	-3.877181e-03	1.103584e-03	4.773152e-02	-4.085069e-02	2.677729e-02	-3.217094e-02	3.848336e-02	-3.185909e-03	-5.855357e-03	
-3.540073e-02	-1.232626e-01	2.614100e-02	2.129701e-01	1.712145e-01	-8.938090e-02	1.635287e-02	-8.930539e-01	1.000000e+00	-1.730217e-01	1.749408e-01	-1.625091e-01	7.004066e-05	2.231962e-01	5.205951e-03	-5.509218e-03	5.917697e-03	-4.223947e-03	-4.938082e-02	4.613608e-02	-2.126518e-02	2.701250e-02	-3.361132e-02	-2.289360e-04	9.010369e-03	
1.265619e-02	3.048434e-02	-3.972983e-01	1.945923e-01	8.473974e-02	-9.733230e-02	1.074573e-01	1.146790e-01	-1.730217e-01	1.000000e+00	-9.838858e-01	9.206244e-01	-7.094374e-01	5.077523e-01	2.522135e-01	5.364721e-02	-6.010006e-02	6.158711e-02	2.717954e-02	-4.506467e-02	1.649012e-01	-2.126380e-01	2.689529e-01	9.591098e-02	-1.577768e-01	
-6.542728e-04	-3.183699e-02	5.089592e-01	-2.472297e-01	-1.250968e-01	1.420088e-01	-1.540681e-01	-9.964952e-02	1.749408e-01	-9.838858e-01	1.000000e+00	-9.748527e-01	6.547165e-01	-4.469275e-01	-3.209781e-01	-7.262927e-02	8.149179e-02	-8.408568e-02	-2.993936e-02	5.502097e-02	-2.170376e-01	2.787056e-01	-3.512652e-01	-1.152805e-01	1.952808e-01	
-3.028009e-02	4.051950e-02	-6.380205e-01	3.150915e-01	1.660302e-01	-1.874337e-01	2.013477e-01	7.285955e-02	-1.625091e-01	9.206244e-01	-9.748527e-01	1.000000e+00	-5.440204e-01	3.384805e-01	3.995810e-01	9.572126e-02	-1.074971e-01	1.115712e-01	3.230404e-02	-6.665494e-02	2.792202e-01	-3.575874e-01	4.498618e-01	1.352799e-01	-2.372609e-01	
1.122715e-01	-1.197794e-01	-1.611889e-01	4.591774e-02	1.007768e-01	-1.150075e-01	1.179687e-01	-3.173151e-02	7.004066e-05	-7.094374e-01	6.547165e-01	-5.440204e-01	1.000000e+00	-9.448846e-01	9.461200e-02	4.601731e-02	-5.022212e-02	5.209622e-02	-3.528249e-03	-1.135273e-02	8.490373e-02	-1.006667e-01	1.154575e-01	2.487275e-02	-4.414320e-02	
-8.056023e-02	6.436365e-02	2.902784e-01	-7.498329e-02	-1.041473e-01	1.342247e-01	-1.487522e-01	-1.460835e-01	2.231962e-01	5.077523e-01	-4.469275e-01	3.384805e-01	-9.448846e-01	1.000000e+00	-1.714160e-01	-6.359435e-02	7.021133e-02	-7.270255e-02	-1.431494e-02	3.513910e-02	-1.443370e-01	1.774791e-01	-2.134680e-01	-4.928802e-02	9.204207e-02	
9.154250e-02	-2.229009e-01	-6.215802e-01	4.603326e-01	-9.194089e-04	-2.646083e-03	3.283767e-03	-9.574057e-04	5.205951e-03	2.522135e-01	-3.209781e-01	3.995810e-01	9.461200e-02	-1.714160e-01	1.000000e+00	-4.678252e-01	5.198447e-01	-5.585004e-01	-2.383254e-02	2.469239e-01	1.499407e-01	-1.992992e-01	2.612649e-01	6.057625e-02	-9.171869e-02	
5.322226e-02	-1.666096e-02	-1.622725e-01	1.075772e-01	1.407224e-02	-1.544724e-02	1.461755e-02	4.577022e-03	-5.509218e-03	5.364721e-02	-7.262927e-02	9.572126e-02	4.601731e-02	-6.359435e-02	-4.678252e-01	1.000000e+00	-9.843400e-01	9.416453e-01	-4.989400e-01	1.358116e-01	2.312534e-01	-2.736362e-01	3.136168e-01	7.706431e-02	-1.291280e-01	
-5.265700e-02	2.104332e-02	1.815391e-01	-1.196488e-01	-1.669262e-02	1.817150e-02	-1.733265e-02	-3.877181e-03	5.917697e-03	-6.010006e-02	8.149179e-02	-1.074971e-01	-5.022212e-02	7.021133e-02	5.198447e-01	-9.843400e-01	1.000000e+00	-9.857773e-01	4.205139e-01	-4.700987e-02	-2.463455e-01	2.944800e-01	-3.408197e-01	-1.000687e-01	1.640803e-01	
4.516244e-02	-3.200129e-02	-1.894941e-01	1.258823e-01	1.751294e-02	-1.905743e-02	1.853502e-02	1.103584e-03	-4.223947e-03	6.158711e-02	-8.408568e-02	1.115712e-01	5.209622e-02	-7.270255e-02	-5.585004e-01	9.416453e-01	-9.857773e-01	1.000000e+00	-3.374815e-01	-3.293490e-02	2.508494e-01	-3.028223e-01	3.537500e-01	1.162324e-01	-1.876056e-01	
1.465234e-02	1.653711e-01	-1.095900e-02	-2.147864e-02	1.349219e-02	-1.412394e-02	1.091215e-02	4.773152e-02	-4.938082e-02	2.717954e-02	-2.993936e-02	3.230404e-02	-3.528249e-03	-1.431494e-02	-2.383254e-02	-4.989400e-01	4.205139e-01	-3.374815e-01	1.000000e+00	-9.116694e-01	6.934905e-03	-4.921766e-03	2.124439e-03	8.009919e-02	-1.664888e-01	
-5.222771e-03	-1.544517e-01	6.373690e-02	-1.351498e-02	-2.380907e-02	2.498970e-02	-2.193472e-02	-4.085069e-02	4.613608e-02	-4.506467e-02	5.502097e-02	-6.665494e-02	-1.135273e-02	3.513910e-02	2.469239e-01	1.358116e-01	-4.700987e-02	-3.293490e-02	-9.116694e-01	1.000000e+00	-1.036432e-01	1.179394e-01	-1.294880e-01	-1.185432e-01	2.464053e-01	
2.904099e-02	-2.522084e-02	-4.345976e-01	3.057550e-01	2.698591e-03	-5.271274e-03	4.045603e-03	2.677729e-02	-2.126518e-02	1.649012e-01	-2.170376e-01	2.792202e-01	8.490373e-02	-1.443370e-01	1.499407e-01	2.312534e-01	-2.463455e-01	2.508494e-01	6.934905e-03	-1.036432e-01	1.000000e+00	-9.842768e-01	9.216852e-01	-6.591547e-01	4.755849e-01	
-1.395958e-02	1.803047e-02	5.463115e-01	-3.822978e-01	-5.080071e-03	8.647906e-03	-7.512187e-03	-3.217094e-02	2.701250e-02	-2.126380e-01	2.787056e-01	-3.575874e-01	-1.006667e-01	1.774791e-01	-1.992992e-01	-2.736362e-01	2.944800e-01	-3.028223e-01	-4.921766e-03	1.179394e-01	-9.842768e-01	1.000000e+00	-9.750084e-01	5.919227e-01	-4.000265e-01	
-2.176251e-02	3.151085e-03	-6.727189e-01	4.696750e-01	6.294997e-03	-1.093123e-02	9.915995e-03	3.848336e-02	-3.361132e-02	2.689529e-01	-3.512652e-01	4.498618e-01	1.154575e-01	-2.134680e-01	2.612649e-01	3.136168e-01	-3.408197e-01	3.537500e-01	2.124439e-03	-1.294880e-01	9.216852e-01	-9.750084e-01	1.000000e+00	-4.685073e-01	2.744231e-01	
1.150338e-01	-7.419178e-02	-2.047415e-01	1.393888e-01	1.797421e-02	-1.840429e-02	1.621368e-02	-3.185909e-03	-2.289360e-04	9.591098e-02	-1.152805e-01	1.352799e-01	2.487275e-02	-4.928802e-02	6.057625e-02	7.706431e-02	-1.000687e-01	1.162324e-01	8.009919e-02	-1.185432e-01	-6.591547e-01	5.919227e-01	-4.685073e-01	1.000000e+00	-9.622772e-01	
-8.449393e-02	3.856301e-02	3.426062e-01	-2.350828e-01	-2.137570e-02	2.268400e-02	-1.988275e-02	-5.855357e-03	9.010369e-03	-1.577768e-01	1.952808e-01	-2.372609e-01	-4.414320e-02	9.204207e-02	-9.171869e-02	-1.291280e-01	1.640803e-01	-1.876056e-01	-1.664888e-01	2.464053e-01	4.755849e-01	-4.000265e-01	2.744231e-01	-9.622772e-01	1.000000e+00	

Time taken for mcmc chain: 53.950000 minutes
