Number of steps: 4462565
Number of accepted steps: 1000000
Burn-in number of steps: 320000
Accepted fraction of steps: 0.224086
Convergence Status
R[0]= 1.001998	R[1]= 1.007168	R[2]= 1.020899	R[3]= 1.014470	R[4]= 1.003466	R[5]= 1.004325	R[6]= 1.004896	R[7]= 1.003555	R[8]= 1.002206	R[9]= 1.001517	R[10]= 1.002226	R[11]= 1.003465	R[12]= 1.001244	R[13]= 1.002610	R[14]= 1.011108	R[15]= 1.001023	R[16]= 1.001291	R[17]= 1.001400	R[18]= 1.000194	R[19]= 1.000095	R[20]= 1.004850	R[21]= 1.006641	R[22]= 1.008824	R[23]= 1.000582	R[24]= 1.001316	
<R>= 1.004455

Mean parameters
A[0]= 9.915632e-01 pm 3.491742e-02
A[1]= 1.066320e+00 pm 2.577064e-02
A[2]= 5.322741e-01 pm 3.312211e-01
A[3]= 3.831714e+00 pm 1.092433e+00
A[4]= -8.949849e+02 pm 3.920482e+03
A[5]= 5.505725e+02 pm 2.591329e+03
A[6]= 2.217757e+02 pm 6.175954e+02
A[7]= 6.522597e-01 pm 1.403602e+01
A[8]= -5.445258e-02 pm 1.885547e-01
A[9]= 8.900228e+03 pm 8.914720e+03
A[10]= -5.277782e+03 pm 5.326163e+03
A[11]= 8.150052e+02 pm 1.112252e+03
A[12]= -5.823442e+01 pm 5.168656e+01
A[13]= 1.064576e+00 pm 9.900552e-01
A[14]= 6.080982e+00 pm 1.684851e+00
A[15]= -7.983490e+03 pm 5.451366e+03
A[16]= 6.409848e+03 pm 3.566103e+03
A[17]= -1.344767e+03 pm 8.438572e+02
A[18]= 8.589416e+00 pm 2.087517e+01
A[19]= 1.034035e-01 pm 2.724548e-01
A[20]= 1.736057e+04 pm 1.246713e+04
A[21]= -9.212275e+03 pm 7.534950e+03
A[22]= 1.145675e+03 pm 1.599049e+03
A[23]= -1.004766e+02 pm 7.330540e+01
A[24]= 1.455732e+00 pm 1.420077e+00

Best-fitting parameters
A[0]= 1.009541e+00
A[1]= 1.061846e+00
A[2]= 6.568309e-01
A[3]= 3.878399e+00
A[4]= -1.339816e+03
A[5]= 1.151229e+03
A[6]= 5.544091e+00
A[7]= -1.827990e+00
A[8]= 1.185457e-02
A[9]= 7.524376e+03
A[10]= -3.672564e+03
A[11]= 2.876584e+02
A[12]= -5.772101e+01
A[13]= 1.144952e+00
A[14]= 6.169824e+00
A[15]= -1.017312e+04
A[16]= 8.090722e+03
A[17]= -1.818540e+03
A[18]= 1.090285e+01
A[19]= 8.820391e-02
A[20]= 1.750903e+04
A[21]= -8.529235e+03
A[22]= 7.438375e+02
A[23]= -1.418482e+02
A[24]= 2.448209e+00
chi2_min= 9.347820e+01


Cross-Covariance parameters
1.000000e+00	-5.050546e-01	-1.821790e-01	1.034067e-01	1.609292e-02	-1.096213e-02	-2.152250e-03	8.355725e-02	-7.595859e-02	-2.475030e-02	3.168834e-02	-5.628780e-02	1.516170e-01	-1.338068e-01	7.131240e-02	5.191959e-02	-5.393010e-02	4.623424e-02	7.669234e-02	-8.357817e-02	3.518739e-02	-2.331572e-02	-1.270998e-02	1.293020e-01	-1.169568e-01	
-5.050546e-01	1.000000e+00	1.840400e-01	-2.047407e-01	2.279631e-02	-2.202909e-02	1.406254e-02	7.088704e-02	-8.114098e-02	2.500342e-02	-3.080482e-02	4.578738e-02	-1.026025e-01	5.872610e-02	-1.981188e-01	-1.039101e-02	1.387283e-02	-2.438406e-02	1.112556e-01	-1.111299e-01	-2.934866e-02	2.133473e-02	2.082118e-03	-7.891118e-02	5.366755e-02	
-1.821790e-01	1.840400e-01	1.000000e+00	-6.078383e-01	-5.934583e-02	7.315617e-02	-7.875074e-02	-4.675640e-02	8.653702e-02	-3.675208e-01	4.789564e-01	-6.157759e-01	-5.195321e-02	1.987527e-01	-6.711585e-01	-6.038800e-02	6.565442e-02	-6.290155e-02	4.612409e-04	1.613615e-02	-3.998661e-01	5.153285e-01	-6.536479e-01	-9.223835e-02	2.499524e-01	
1.034067e-01	-2.047407e-01	-6.078383e-01	1.000000e+00	-5.659766e-01	6.251286e-01	-6.670159e-01	2.366347e-01	6.200571e-02	1.232346e-01	-1.630028e-01	2.151259e-01	5.883045e-03	-3.565070e-02	4.299067e-01	4.039148e-02	-4.289484e-02	4.179241e-02	-2.486196e-02	1.301670e-02	2.448534e-01	-3.145596e-01	3.973773e-01	5.999343e-02	-1.546235e-01	
1.609292e-02	2.279631e-02	-5.934583e-02	-5.659766e-01	1.000000e+00	-9.832849e-01	9.363919e-01	-6.949279e-01	2.975885e-01	1.077278e-01	-1.527355e-01	2.062887e-01	3.478486e-02	-4.336988e-02	5.037364e-02	-1.467529e-02	1.509515e-02	-1.574720e-02	1.168063e-02	-2.890224e-03	1.847439e-02	-2.639794e-02	3.668142e-02	5.609069e-03	-1.471499e-02	
-1.096213e-02	-2.202909e-02	7.315617e-02	6.251286e-01	-9.832849e-01	1.000000e+00	-9.841500e-01	6.498580e-01	-2.338924e-01	-1.255337e-01	1.755474e-01	-2.354063e-01	-4.057113e-02	6.419681e-02	-5.965452e-02	1.588633e-02	-1.597134e-02	1.616436e-02	-1.152520e-02	2.338703e-03	-2.408631e-02	3.369994e-02	-4.625738e-02	-4.647225e-03	1.579840e-02	
-2.152250e-03	1.406254e-02	-7.875074e-02	-6.670159e-01	9.363919e-01	-9.841500e-01	1.000000e+00	-5.878358e-01	1.703119e-01	1.423135e-01	-1.949594e-01	2.580932e-01	3.687286e-02	-7.206563e-02	6.500211e-02	-1.700583e-02	1.687653e-02	-1.647185e-02	8.075536e-03	1.254471e-03	2.661741e-02	-3.693501e-02	5.067933e-02	2.579363e-03	-1.436401e-02	
8.355725e-02	7.088704e-02	-4.675640e-02	2.366347e-01	-6.949279e-01	6.498580e-01	-5.878358e-01	1.000000e+00	-8.730132e-01	5.328807e-02	-3.219415e-02	-2.580941e-03	-6.361737e-03	-1.405861e-01	-6.687220e-03	2.377318e-02	-2.436101e-02	2.124660e-02	2.854672e-02	-3.950325e-02	2.063463e-02	-2.481531e-02	2.805713e-02	9.605501e-03	-1.810113e-02	
-7.595859e-02	-8.114098e-02	8.653702e-02	6.200571e-02	2.975885e-01	-2.338924e-01	1.703119e-01	-8.730132e-01	1.000000e+00	-1.407238e-01	1.418997e-01	-1.306200e-01	-5.119536e-03	2.192971e-01	-2.239713e-02	-1.824853e-02	1.902862e-02	-1.626724e-02	-2.980291e-02	3.762424e-02	-3.278631e-02	4.278520e-02	-5.366686e-02	-9.853808e-03	2.401697e-02	
-2.475030e-02	2.500342e-02	-3.675208e-01	1.232346e-01	1.077278e-01	-1.255337e-01	1.423135e-01	5.328807e-02	-1.407238e-01	1.000000e+00	-9.844240e-01	9.189683e-01	-8.061784e-01	6.258088e-01	2.638866e-01	4.625405e-04	5.104715e-04	-3.840927e-03	8.363821e-03	-7.105669e-03	1.458333e-01	-1.906939e-01	2.480114e-01	2.629542e-02	-8.831119e-02	
3.168834e-02	-3.080482e-02	4.789564e-01	-1.630028e-01	-1.527355e-01	1.755474e-01	-1.949594e-01	-3.219415e-02	1.418997e-01	-9.844240e-01	1.000000e+00	-9.731377e-01	7.712735e-01	-5.824874e-01	-3.413882e-01	-4.789763e-03	4.141655e-03	-3.452143e-04	-8.570790e-03	7.903968e-03	-1.914866e-01	2.506853e-01	-3.258928e-01	-3.370149e-02	1.152333e-01	
-5.628780e-02	4.578738e-02	-6.157759e-01	2.151259e-01	2.062887e-01	-2.354063e-01	2.580932e-01	-2.580941e-03	-1.306200e-01	9.189683e-01	-9.731377e-01	1.000000e+00	-6.762830e-01	4.849485e-01	4.356450e-01	1.103927e-02	-1.109468e-02	7.132881e-03	7.315936e-03	-8.192220e-03	2.490197e-01	-3.265673e-01	4.249135e-01	4.025539e-02	-1.467192e-01	
1.516170e-01	-1.026025e-01	-5.195321e-02	5.883045e-03	3.478486e-02	-4.057113e-02	3.687286e-02	-6.361737e-03	-5.119536e-03	-8.061784e-01	7.712735e-01	-6.762830e-01	1.000000e+00	-9.457750e-01	1.483300e-02	2.127032e-02	-2.465941e-02	2.650552e-02	8.682008e-04	-6.600107e-03	2.225455e-02	-2.426636e-02	2.203213e-02	1.212840e-02	-1.411361e-02	
-1.338068e-01	5.872610e-02	1.987527e-01	-3.565070e-02	-4.336988e-02	6.419681e-02	-7.206563e-02	-1.405861e-01	2.192971e-01	6.258088e-01	-5.824874e-01	4.849485e-01	-9.457750e-01	1.000000e+00	-1.106135e-01	-2.631244e-02	3.000477e-02	-3.058716e-02	-8.219313e-03	1.521663e-02	-8.230818e-02	1.032256e-01	-1.250873e-01	-2.066841e-02	4.935618e-02	
7.131240e-02	-1.981188e-01	-6.711585e-01	4.299067e-01	5.037364e-02	-5.965452e-02	6.500211e-02	-6.687220e-03	-2.239713e-02	2.638866e-01	-3.413882e-01	4.356450e-01	1.483300e-02	-1.106135e-01	1.000000e+00	-4.833183e-01	5.539936e-01	-6.092084e-01	1.071777e-01	1.501456e-01	1.677474e-01	-2.239559e-01	2.986644e-01	5.183676e-02	-1.130805e-01	
5.191959e-02	-1.039101e-02	-6.038800e-02	4.039148e-02	-1.467529e-02	1.588633e-02	-1.700583e-02	2.377318e-02	-1.824853e-02	4.625405e-04	-4.789763e-03	1.103927e-02	2.127032e-02	-2.631244e-02	-4.833183e-01	1.000000e+00	-9.814936e-01	9.280092e-01	-6.815253e-01	3.360810e-01	1.678104e-01	-1.991646e-01	2.273567e-01	-1.490303e-02	-1.467332e-02	
-5.393010e-02	1.387283e-02	6.565442e-02	-4.289484e-02	1.509515e-02	-1.597134e-02	1.687653e-02	-2.436101e-02	1.902862e-02	5.104715e-04	4.141655e-03	-1.109468e-02	-2.465941e-02	3.000477e-02	5.539936e-01	-9.814936e-01	1.000000e+00	-9.816260e-01	6.210483e-01	-2.533166e-01	-1.770650e-01	2.137594e-01	-2.479258e-01	5.300588e-03	3.453510e-02	
4.623424e-02	-2.438406e-02	-6.290155e-02	4.179241e-02	-1.574720e-02	1.616436e-02	-1.647185e-02	2.124660e-02	-1.626724e-02	-3.840927e-03	-3.452143e-04	7.132881e-03	2.650552e-02	-3.058716e-02	-6.092084e-01	9.280092e-01	-9.816260e-01	1.000000e+00	-5.388752e-01	1.645561e-01	1.809542e-01	-2.209897e-01	2.591262e-01	-1.579809e-03	-4.528749e-02	
7.669234e-02	1.112556e-01	4.612409e-04	-2.486196e-02	1.168063e-02	-1.152520e-02	8.075536e-03	2.854672e-02	-2.980291e-02	8.363821e-03	-8.570790e-03	7.315936e-03	8.682008e-04	-8.219313e-03	1.071777e-01	-6.815253e-01	6.210483e-01	-5.388752e-01	1.000000e+00	-9.017053e-01	-6.078432e-02	7.280235e-02	-8.545578e-02	8.992961e-02	-1.501435e-01	
-8.357817e-02	-1.111299e-01	1.613615e-02	1.301670e-02	-2.890224e-03	2.338703e-03	1.254471e-03	-3.950325e-02	3.762424e-02	-7.105669e-03	7.903968e-03	-8.192220e-03	-6.600107e-03	1.521663e-02	1.501456e-01	3.360810e-01	-2.533166e-01	1.645561e-01	-9.017053e-01	1.000000e+00	-5.835612e-03	8.814168e-03	-9.498271e-03	-1.085187e-01	2.091746e-01	
3.518739e-02	-2.934866e-02	-3.998661e-01	2.448534e-01	1.847439e-02	-2.408631e-02	2.661741e-02	2.063463e-02	-3.278631e-02	1.458333e-01	-1.914866e-01	2.490197e-01	2.225455e-02	-8.230818e-02	1.677474e-01	1.678104e-01	-1.770650e-01	1.809542e-01	-6.078432e-02	-5.835612e-03	1.000000e+00	-9.838682e-01	9.166507e-01	-7.731878e-01	6.101008e-01	
-2.331572e-02	2.133473e-02	5.153285e-01	-3.145596e-01	-2.639794e-02	3.369994e-02	-3.693501e-02	-2.481531e-02	4.278520e-02	-1.906939e-01	2.506853e-01	-3.265673e-01	-2.426636e-02	1.032256e-01	-2.239559e-01	-1.991646e-01	2.137594e-01	-2.209897e-01	7.280235e-02	8.814168e-03	-9.838682e-01	1.000000e+00	-9.725001e-01	7.280755e-01	-5.527593e-01	
-1.270998e-02	2.082118e-03	-6.536479e-01	3.973773e-01	3.668142e-02	-4.625738e-02	5.067933e-02	2.805713e-02	-5.366686e-02	2.480114e-01	-3.258928e-01	4.249135e-01	2.203213e-02	-1.250873e-01	2.986644e-01	2.273567e-01	-2.479258e-01	2.591262e-01	-8.545578e-02	-9.498271e-03	9.166507e-01	-9.725001e-01	1.000000e+00	-6.210938e-01	4.371141e-01	
1.293020e-01	-7.891118e-02	-9.223835e-02	5.999343e-02	5.609069e-03	-4.647225e-03	2.579363e-03	9.605501e-03	-9.853808e-03	2.629542e-02	-3.370149e-02	4.025539e-02	1.212840e-02	-2.066841e-02	5.183676e-02	-1.490303e-02	5.300588e-03	-1.579809e-03	8.992961e-02	-1.085187e-01	-7.731878e-01	7.280755e-01	-6.210938e-01	1.000000e+00	-9.622407e-01	
-1.169568e-01	5.366755e-02	2.499524e-01	-1.546235e-01	-1.471499e-02	1.579840e-02	-1.436401e-02	-1.810113e-02	2.401697e-02	-8.831119e-02	1.152333e-01	-1.467192e-01	-1.411361e-02	4.935618e-02	-1.130805e-01	-1.467332e-02	3.453510e-02	-4.528749e-02	-1.501435e-01	2.091746e-01	6.101008e-01	-5.527593e-01	4.371141e-01	-9.622407e-01	1.000000e+00	

Time taken for mcmc chain: 29.800000 minutes
