Number of steps: 6682824
Number of accepted steps: 1000000
Burn-in number of steps: 320000
Accepted fraction of steps: 0.149637
Convergence Status
R[0]= 1.012918	R[1]= 1.009844	R[2]= 1.111583	R[3]= 1.060776	R[4]= 1.007284	R[5]= 1.009256	R[6]= 1.011204	R[7]= 1.001412	R[8]= 1.002193	R[9]= 1.012886	R[10]= 1.019971	R[11]= 1.030843	R[12]= 1.000929	R[13]= 1.003864	R[14]= 1.070813	R[15]= 1.022078	R[16]= 1.029832	R[17]= 1.036607	R[18]= 1.001029	R[19]= 1.009951	R[20]= 1.004746	R[21]= 1.009665	R[22]= 1.017084	R[23]= 1.011699	R[24]= 1.018953	
<R>= 1.021097

Mean parameters
A[0]= 9.111398e-01 pm 3.447568e-02
A[1]= 1.025656e+00 pm 3.225447e-02
A[2]= 7.341819e-01 pm 4.744996e-01
A[3]= 3.190716e+00 pm 1.200655e+00
A[4]= -2.652989e+03 pm 3.752975e+03
A[5]= 1.135704e+03 pm 2.456198e+03
A[6]= 1.585707e+02 pm 5.707218e+02
A[7]= 1.549831e+01 pm 1.266479e+01
A[8]= -2.841174e-01 pm 1.781781e-01
A[9]= -4.167578e+03 pm 8.305377e+03
A[10]= 1.999420e+03 pm 4.984973e+03
A[11]= -5.516728e+02 pm 1.041603e+03
A[12]= 2.323011e+01 pm 4.815996e+01
A[13]= -6.544969e-01 pm 9.399802e-01
A[14]= 4.761254e+00 pm 1.604540e+00
A[15]= -8.159162e+03 pm 5.357817e+03
A[16]= 5.546230e+03 pm 3.570470e+03
A[17]= -9.514173e+02 pm 8.427929e+02
A[18]= 1.123643e+01 pm 1.883564e+01
A[19]= 3.705247e-04 pm 2.653784e-01
A[20]= 1.706103e+03 pm 1.118287e+04
A[21]= -9.486732e+02 pm 6.826928e+03
A[22]= -2.391712e+02 pm 1.468360e+03
A[23]= -3.535200e+01 pm 6.608863e+01
A[24]= 4.160008e-01 pm 1.319646e+00

Best-fitting parameters
A[0]= 9.204431e-01
A[1]= 1.023294e+00
A[2]= 8.521374e-01
A[3]= 3.629340e+00
A[4]= -5.024369e+03
A[5]= 3.018853e+03
A[6]= -3.478623e+02
A[7]= 9.475370e+00
A[8]= -1.211268e-01
A[9]= -5.023198e+03
A[10]= 3.495945e+03
A[11]= -1.073798e+03
A[12]= 4.008682e+00
A[13]= -2.489736e-02
A[14]= 4.674842e+00
A[15]= -1.087583e+04
A[16]= 7.305195e+03
A[17]= -1.356444e+03
A[18]= 1.695775e+01
A[19]= -2.747249e-02
A[20]= -1.660759e+03
A[21]= 1.943187e+03
A[22]= -1.031975e+03
A[23]= -2.917224e+01
A[24]= 4.557048e-01
chi2_min= 9.663717e+01


Cross-Covariance parameters
1.000000e+00	-5.285388e-01	-1.291655e-01	9.072259e-02	1.306824e-02	-7.257316e-03	-4.750667e-03	4.666601e-02	-2.461766e-02	-3.588032e-02	4.989232e-02	-8.234774e-02	1.353780e-01	-1.007035e-01	3.185707e-02	9.926200e-02	-1.073789e-01	1.067240e-01	5.746159e-02	-7.601999e-02	2.112954e-02	-9.120373e-03	-2.384158e-02	1.543531e-01	-1.274671e-01	
-5.285388e-01	1.000000e+00	7.021560e-02	-1.378583e-01	-5.579399e-03	1.995604e-03	-7.812345e-03	1.329568e-01	-1.342981e-01	6.484582e-02	-8.024048e-02	1.063427e-01	-8.903169e-02	2.121697e-02	-1.249561e-01	-7.570949e-02	8.538304e-02	-9.963750e-02	1.737108e-01	-1.356153e-01	-1.805158e-03	-1.162805e-02	4.058565e-02	-8.470885e-02	4.095977e-02	
-1.291655e-01	7.021560e-02	1.000000e+00	-7.178119e-01	4.312311e-02	-4.655685e-02	5.620161e-02	-6.889699e-02	3.207106e-02	-4.057442e-01	5.078143e-01	-6.287937e-01	-1.191858e-01	2.580116e-01	-6.587689e-01	-1.339856e-01	1.446189e-01	-1.408130e-01	-1.887296e-02	6.729545e-02	-3.686137e-01	4.943336e-01	-6.334291e-01	-2.542456e-01	3.868409e-01	
9.072259e-02	-1.378583e-01	-7.178119e-01	1.000000e+00	-5.505933e-01	6.064333e-01	-6.485999e-01	1.369430e-01	1.504336e-01	2.333114e-01	-2.800565e-01	3.411783e-01	-1.103959e-03	-4.555366e-02	4.941498e-01	1.194621e-01	-1.307133e-01	1.319916e-01	-6.180106e-03	-4.097753e-02	2.874151e-01	-3.813678e-01	4.843680e-01	1.904009e-01	-2.896606e-01	
1.306824e-02	-5.579399e-03	4.312311e-02	-5.505933e-01	1.000000e+00	-9.852035e-01	9.441009e-01	-6.132998e-01	2.146692e-01	3.008076e-02	-7.060304e-02	1.144390e-01	1.351025e-01	-1.313559e-01	-2.068169e-02	-4.047400e-02	4.225275e-02	-4.242831e-02	4.443004e-03	1.472598e-02	-3.950848e-02	5.000184e-02	-5.995377e-02	-1.280233e-02	2.864565e-02	
-7.257316e-03	1.995604e-03	-4.655685e-02	6.064333e-01	-9.852035e-01	1.000000e+00	-9.861639e-01	5.517453e-01	-1.390116e-01	-3.892591e-02	8.357806e-02	-1.317978e-01	-1.478167e-01	1.577599e-01	2.015420e-02	4.379006e-02	-4.688919e-02	4.807587e-02	-2.823270e-03	-1.734490e-02	4.161360e-02	-5.273425e-02	6.344964e-02	1.735985e-02	-3.292785e-02	
-4.750667e-03	-7.812345e-03	5.620161e-02	-6.485999e-01	9.441009e-01	-9.861639e-01	1.000000e+00	-4.820716e-01	7.068574e-02	4.844014e-02	-9.470534e-02	1.443144e-01	1.473348e-01	-1.670717e-01	-2.225858e-02	-4.631912e-02	5.069623e-02	-5.261289e-02	-3.921594e-03	2.428187e-02	-4.634592e-02	5.864993e-02	-7.071065e-02	-2.286073e-02	3.920296e-02	
4.666601e-02	1.329568e-01	-6.889699e-02	1.369430e-01	-6.132998e-01	5.517453e-01	-4.820716e-01	1.000000e+00	-8.836519e-01	1.308499e-01	-1.178706e-01	9.213095e-02	-6.366549e-02	-1.008661e-01	1.332158e-02	3.324350e-02	-3.127056e-02	2.514854e-02	3.812590e-02	-4.903456e-02	5.461537e-02	-6.426145e-02	7.262536e-02	2.826101e-03	-2.654102e-02	
-2.461766e-02	-1.342981e-01	3.207106e-02	1.504336e-01	2.146692e-01	-1.390116e-01	7.068574e-02	-8.836519e-01	1.000000e+00	-1.680190e-01	1.725460e-01	-1.626485e-01	1.410387e-02	1.960936e-01	4.234811e-03	-1.246844e-02	8.968350e-03	-2.569044e-03	-3.461753e-02	3.827495e-02	-3.528839e-02	3.844517e-02	-4.053392e-02	1.487170e-02	1.848818e-03	
-3.588032e-02	6.484582e-02	-4.057442e-01	2.333114e-01	3.008076e-02	-3.892591e-02	4.844014e-02	1.308499e-01	-1.680190e-01	1.000000e+00	-9.846266e-01	9.233883e-01	-7.369453e-01	5.442385e-01	2.823680e-01	4.252406e-02	-4.126554e-02	3.462422e-02	1.545280e-03	-1.712951e-02	1.554434e-01	-2.086894e-01	2.693720e-01	8.536900e-02	-1.473637e-01	
4.989232e-02	-8.024048e-02	5.078143e-01	-2.800565e-01	-7.060304e-02	8.357806e-02	-9.470534e-02	-1.178706e-01	1.725460e-01	-9.846266e-01	1.000000e+00	-9.754581e-01	6.855524e-01	-4.849418e-01	-3.524049e-01	-5.042978e-02	5.018363e-02	-4.316966e-02	-6.634200e-03	2.553917e-02	-1.949214e-01	2.619016e-01	-3.383606e-01	-1.060177e-01	1.837728e-01	
-8.234774e-02	1.063427e-01	-6.287937e-01	3.411783e-01	1.144390e-01	-1.317978e-01	1.443144e-01	9.213095e-02	-1.626485e-01	9.233883e-01	-9.754581e-01	1.000000e+00	-5.776147e-01	3.760888e-01	4.357295e-01	5.929658e-02	-6.026667e-02	5.298901e-02	1.212057e-02	-3.491320e-02	2.418851e-01	-3.257385e-01	4.219349e-01	1.296170e-01	-2.266489e-01	
1.353780e-01	-8.903169e-02	-1.191858e-01	-1.103959e-03	1.351025e-01	-1.478167e-01	1.473348e-01	-6.366549e-02	1.410387e-02	-7.369453e-01	6.855524e-01	-5.776147e-01	1.000000e+00	-9.480986e-01	7.225730e-02	1.760239e-02	-2.119908e-02	2.285670e-02	1.359543e-02	-1.546890e-02	3.596570e-02	-4.605864e-02	5.562509e-02	4.578771e-02	-5.130148e-02	
-1.007035e-01	2.121697e-02	2.580116e-01	-4.555366e-02	-1.313559e-01	1.577599e-01	-1.670717e-01	-1.008661e-01	1.960936e-01	5.442385e-01	-4.849418e-01	3.760888e-01	-9.480986e-01	1.000000e+00	-1.619871e-01	-3.028326e-02	3.362215e-02	-3.274880e-02	-2.528957e-02	3.200175e-02	-9.465983e-02	1.236655e-01	-1.551363e-01	-6.723962e-02	9.675471e-02	
3.185707e-02	-1.249561e-01	-6.587689e-01	4.941498e-01	-2.068169e-02	2.015420e-02	-2.225858e-02	1.332158e-02	4.234811e-03	2.823680e-01	-3.524049e-01	4.357295e-01	7.225730e-02	-1.619871e-01	1.000000e+00	-4.590764e-01	5.097097e-01	-5.503751e-01	2.945277e-04	2.335356e-01	1.131778e-01	-1.707212e-01	2.426195e-01	8.640335e-02	-1.162157e-01	
9.926200e-02	-7.570949e-02	-1.339856e-01	1.194621e-01	-4.047400e-02	4.379006e-02	-4.631912e-02	3.324350e-02	-1.246844e-02	4.252406e-02	-5.042978e-02	5.929658e-02	1.760239e-02	-3.028326e-02	-4.590764e-01	1.000000e+00	-9.847752e-01	9.437131e-01	-5.077271e-01	1.132005e-01	2.416343e-01	-2.925067e-01	3.373777e-01	1.079429e-01	-1.676382e-01	
-1.073789e-01	8.538304e-02	1.446189e-01	-1.307133e-01	4.225275e-02	-4.688919e-02	5.069623e-02	-3.127056e-02	8.968350e-03	-4.126554e-02	5.018363e-02	-6.026667e-02	-2.119908e-02	3.362215e-02	5.097097e-01	-9.847752e-01	1.000000e+00	-9.864022e-01	4.298918e-01	-2.342322e-02	-2.584528e-01	3.153063e-01	-3.661659e-01	-1.287184e-01	1.999444e-01	
1.067240e-01	-9.963750e-02	-1.408130e-01	1.319916e-01	-4.242831e-02	4.807587e-02	-5.261289e-02	2.514854e-02	-2.569044e-03	3.462422e-02	-4.316966e-02	5.298901e-02	2.285670e-02	-3.274880e-02	-5.503751e-01	9.437131e-01	-9.864022e-01	1.000000e+00	-3.480587e-01	-5.655808e-02	2.645951e-01	-3.245456e-01	3.786555e-01	1.397818e-01	-2.176566e-01	
5.746159e-02	1.737108e-01	-1.887296e-02	-6.180106e-03	4.443004e-03	-2.823270e-03	-3.921594e-03	3.812590e-02	-3.461753e-02	1.545280e-03	-6.634200e-03	1.212057e-02	1.359543e-02	-2.528957e-02	2.945277e-04	-5.077271e-01	4.298918e-01	-3.480587e-01	1.000000e+00	-8.988031e-01	3.245074e-03	-1.149740e-03	-1.219859e-03	7.260151e-02	-1.498125e-01	
-7.601999e-02	-1.356153e-01	6.729545e-02	-4.097753e-02	1.472598e-02	-1.734490e-02	2.428187e-02	-4.903456e-02	3.827495e-02	-1.712951e-02	2.553917e-02	-3.491320e-02	-1.546890e-02	3.200175e-02	2.335356e-01	1.132005e-01	-2.342322e-02	-5.655808e-02	-8.988031e-01	1.000000e+00	-1.119749e-01	1.327819e-01	-1.501445e-01	-1.305408e-01	2.537815e-01	
2.112954e-02	-1.805158e-03	-3.686137e-01	2.874151e-01	-3.950848e-02	4.161360e-02	-4.634592e-02	5.461537e-02	-3.528839e-02	1.554434e-01	-1.949214e-01	2.418851e-01	3.596570e-02	-9.465983e-02	1.131778e-01	2.416343e-01	-2.584528e-01	2.645951e-01	3.245074e-03	-1.119749e-01	1.000000e+00	-9.811563e-01	9.086696e-01	-6.480895e-01	4.630919e-01	
-9.120373e-03	-1.162805e-02	4.943336e-01	-3.813678e-01	5.000184e-02	-5.273425e-02	5.864993e-02	-6.426145e-02	3.844517e-02	-2.086894e-01	2.619016e-01	-3.257385e-01	-4.605864e-02	1.236655e-01	-1.707212e-01	-2.925067e-01	3.153063e-01	-3.245456e-01	-1.149740e-03	1.327819e-01	-9.811563e-01	1.000000e+00	-9.714684e-01	5.661431e-01	-3.700731e-01	
-2.384158e-02	4.058565e-02	-6.334291e-01	4.843680e-01	-5.995377e-02	6.344964e-02	-7.071065e-02	7.262536e-02	-4.053392e-02	2.693720e-01	-3.383606e-01	4.219349e-01	5.562509e-02	-1.551363e-01	2.426195e-01	3.373777e-01	-3.661659e-01	3.786555e-01	-1.219859e-03	-1.501445e-01	9.086696e-01	-9.714684e-01	1.000000e+00	-4.248676e-01	2.250098e-01	
1.543531e-01	-8.470885e-02	-2.542456e-01	1.904009e-01	-1.280233e-02	1.735985e-02	-2.286073e-02	2.826101e-03	1.487170e-02	8.536900e-02	-1.060177e-01	1.296170e-01	4.578771e-02	-6.723962e-02	8.640335e-02	1.079429e-01	-1.287184e-01	1.397818e-01	7.260151e-02	-1.305408e-01	-6.480895e-01	5.661431e-01	-4.248676e-01	1.000000e+00	-9.627073e-01	
-1.274671e-01	4.095977e-02	3.868409e-01	-2.896606e-01	2.864565e-02	-3.292785e-02	3.920296e-02	-2.654102e-02	1.848818e-03	-1.473637e-01	1.837728e-01	-2.266489e-01	-5.130148e-02	9.675471e-02	-1.162157e-01	-1.676382e-01	1.999444e-01	-2.176566e-01	-1.498125e-01	2.537815e-01	4.630919e-01	-3.700731e-01	2.250098e-01	-9.627073e-01	1.000000e+00	

Time taken for mcmc chain: 58.116667 minutes
