Number of steps: 5582975
Number of accepted steps: 1000000
Burn-in number of steps: 320000
Accepted fraction of steps: 0.179116
Convergence Status
R[0]= 1.004869	R[1]= 1.002602	R[2]= 1.000870	R[3]= 1.006160	R[4]= 1.004960	R[5]= 1.005202	R[6]= 1.005239	R[7]= 1.000744	R[8]= 1.000145	R[9]= 1.000932	R[10]= 1.000876	R[11]= 1.000944	R[12]= 1.000755	R[13]= 1.000460	R[14]= 1.000396	R[15]= 1.001510	R[16]= 1.001917	R[17]= 1.002303	R[18]= 1.003275	R[19]= 1.005042	R[20]= 1.000911	R[21]= 1.000921	R[22]= 1.000947	R[23]= 1.003756	R[24]= 1.003778	
<R>= 1.002381

Mean parameters
A[0]= 9.248628e-01 pm 3.606797e-02
A[1]= 1.046948e+00 pm 2.954471e-02
A[2]= 6.158715e-01 pm 4.104567e-01
A[3]= 3.620979e+00 pm 1.170352e+00
A[4]= -4.042431e+03 pm 3.721576e+03
A[5]= 2.039556e+03 pm 2.443455e+03
A[6]= -3.541695e+01 pm 5.726194e+02
A[7]= 1.667151e+01 pm 1.315146e+01
A[8]= -2.657562e-01 pm 1.808482e-01
A[9]= -3.492294e+03 pm 8.469663e+03
A[10]= 1.413498e+03 pm 5.090827e+03
A[11]= -3.791171e+02 pm 1.070718e+03
A[12]= 1.713135e+01 pm 4.936154e+01
A[13]= -5.228667e-01 pm 9.536683e-01
A[14]= 5.111635e+00 pm 1.603671e+00
A[15]= -6.642980e+03 pm 5.244012e+03
A[16]= 4.846996e+03 pm 3.460635e+03
A[17]= -8.483671e+02 pm 8.142811e+02
A[18]= 1.989764e+00 pm 1.916246e+01
A[19]= 1.447722e-01 pm 2.646707e-01
A[20]= 6.036318e+03 pm 1.172042e+04
A[21]= -3.461404e+03 pm 7.084881e+03
A[22]= 2.670282e+02 pm 1.498756e+03
A[23]= -4.734710e+01 pm 6.677393e+01
A[24]= 6.525321e-01 pm 1.295156e+00

Best-fitting parameters
A[0]= 9.250291e-01
A[1]= 1.062099e+00
A[2]= 8.556334e-01
A[3]= 2.235493e+00
A[4]= -8.679411e+02
A[5]= -2.362159e+02
A[6]= 5.280261e+02
A[7]= 1.556643e+01
A[8]= -3.226206e-01
A[9]= -4.093284e+03
A[10]= 2.031288e+03
A[11]= -5.660375e+02
A[12]= 2.473110e+01
A[13]= -7.108992e-01
A[14]= 4.634773e+00
A[15]= -7.016438e+03
A[16]= 5.331116e+03
A[17]= -1.041704e+03
A[18]= -6.870870e+00
A[19]= 2.794817e-01
A[20]= 2.423078e+02
A[21]= 5.069097e+02
A[22]= -6.851633e+02
A[23]= -5.391077e+01
A[24]= 9.554731e-01
chi2_min= 8.916035e+01


Cross-Covariance parameters
1.000000e+00	-5.186018e-01	-1.094599e-01	5.027540e-02	1.343850e-02	-1.700323e-02	1.194951e-02	7.768074e-02	-6.196208e-02	-2.991990e-02	4.984364e-02	-9.114731e-02	1.388730e-01	-1.031002e-01	1.981629e-02	6.493216e-02	-6.924565e-02	6.454715e-02	5.670958e-02	-5.834482e-02	-1.489891e-02	3.225811e-02	-7.226439e-02	1.468234e-01	-1.154113e-01	
-5.186018e-01	1.000000e+00	1.506146e-01	-1.230197e-01	-7.602984e-02	8.446857e-02	-9.766283e-02	1.595741e-01	-1.304964e-01	3.335739e-03	-1.402380e-02	3.655057e-02	-9.489363e-02	4.094159e-02	-1.847898e-01	-4.569126e-03	1.287626e-02	-2.703165e-02	1.357339e-01	-1.343251e-01	6.700664e-03	-1.625630e-02	4.018250e-02	-9.338832e-02	5.058373e-02	
-1.094599e-01	1.506146e-01	1.000000e+00	-6.933098e-01	-4.707742e-02	4.907234e-02	-4.309819e-02	-1.843597e-02	1.810394e-02	-3.877799e-01	5.060433e-01	-6.445206e-01	-1.094399e-01	2.475127e-01	-6.439963e-01	-1.152551e-01	1.220114e-01	-1.185447e-01	-2.086831e-02	5.336751e-02	-4.130784e-01	5.243506e-01	-6.538349e-01	-1.387137e-01	2.857499e-01	
5.027540e-02	-1.230197e-01	-6.933098e-01	1.000000e+00	-5.069197e-01	5.630905e-01	-6.063071e-01	1.488123e-01	1.204481e-01	2.130824e-01	-2.773832e-01	3.582419e-01	6.005723e-03	-6.393708e-02	4.659399e-01	7.912016e-02	-8.518868e-02	8.569658e-02	5.546919e-03	-2.428391e-02	2.742288e-01	-3.560589e-01	4.536622e-01	1.143734e-01	-2.178705e-01	
1.343850e-02	-7.602984e-02	-4.707742e-02	-5.069197e-01	1.000000e+00	-9.848748e-01	9.427923e-01	-6.561378e-01	2.746259e-01	6.705683e-02	-1.034560e-01	1.428893e-01	1.096009e-01	-1.004268e-01	2.762330e-02	1.735002e-02	-1.915133e-02	2.000502e-02	-2.506418e-02	1.571642e-02	4.154215e-02	-4.277605e-02	4.175777e-02	-1.277073e-02	9.335958e-03	
-1.700323e-02	8.446857e-02	4.907234e-02	5.630905e-01	-9.848748e-01	1.000000e+00	-9.857874e-01	6.019787e-01	-2.044577e-01	-7.472570e-02	1.141393e-01	-1.567887e-01	-1.224219e-01	1.254271e-01	-3.078143e-02	-1.625789e-02	1.799523e-02	-1.880478e-02	2.472680e-02	-1.478083e-02	-4.161842e-02	4.264790e-02	-4.123194e-02	1.125137e-02	-8.095082e-03	
1.194951e-02	-9.766283e-02	-4.309819e-02	-6.063071e-01	9.427923e-01	-9.857874e-01	1.000000e+00	-5.380468e-01	1.400723e-01	8.376783e-02	-1.238504e-01	1.668750e-01	1.212379e-01	-1.328797e-01	3.100211e-02	1.309899e-02	-1.463895e-02	1.563648e-02	-2.739284e-02	1.737381e-02	3.883573e-02	-3.884892e-02	3.618104e-02	-1.273745e-02	1.115675e-02	
7.768074e-02	1.595741e-01	-1.843597e-02	1.488123e-01	-6.561378e-01	6.019787e-01	-5.380468e-01	1.000000e+00	-8.865765e-01	9.677006e-02	-7.778099e-02	4.556178e-02	-5.736403e-02	-9.923125e-02	-1.076237e-02	1.159463e-02	-8.499823e-03	1.675962e-03	5.654164e-02	-5.495992e-02	2.152911e-03	-7.785213e-03	1.396221e-02	1.837150e-02	-2.841653e-02	
-6.196208e-02	-1.304964e-01	1.810394e-02	1.204481e-01	2.746259e-01	-2.044577e-01	1.400723e-01	-8.865765e-01	1.000000e+00	-1.479885e-01	1.434696e-01	-1.238659e-01	1.826395e-02	1.846733e-01	4.539035e-03	-1.206646e-02	9.060899e-03	-2.361970e-03	-4.263585e-02	4.406022e-02	-9.955402e-03	1.469479e-02	-1.906020e-02	-9.199506e-03	1.817319e-02	
-2.991990e-02	3.335739e-03	-3.877799e-01	2.130824e-01	6.705683e-02	-7.472570e-02	8.376783e-02	9.677006e-02	-1.479885e-01	1.000000e+00	-9.834285e-01	9.164392e-01	-7.612602e-01	5.793157e-01	2.461140e-01	5.958816e-02	-6.464874e-02	6.483005e-02	9.553532e-03	-2.893850e-02	1.898229e-01	-2.358015e-01	2.901807e-01	4.122384e-02	-1.073964e-01	
4.984364e-02	-1.402380e-02	5.060433e-01	-2.773832e-01	-1.034560e-01	1.141393e-01	-1.238504e-01	-7.778099e-02	1.434696e-01	-9.834285e-01	1.000000e+00	-9.729874e-01	7.119607e-01	-5.216153e-01	-3.228290e-01	-7.358414e-02	7.903120e-02	-7.860659e-02	-1.129996e-02	3.520634e-02	-2.408592e-01	3.014848e-01	-3.737251e-01	-5.408885e-02	1.395180e-01	
-9.114731e-02	3.655057e-02	-6.445206e-01	3.582419e-01	1.428893e-01	-1.567887e-01	1.668750e-01	4.556178e-02	-1.238659e-01	9.164392e-01	-9.729874e-01	1.000000e+00	-6.027321e-01	4.106474e-01	4.143465e-01	8.811483e-02	-9.376547e-02	9.253984e-02	1.193128e-02	-4.067956e-02	3.011049e-01	-3.794774e-01	4.736952e-01	6.599279e-02	-1.748282e-01	
1.388730e-01	-9.489363e-02	-1.094399e-01	6.005723e-03	1.096009e-01	-1.224219e-01	1.212379e-01	-5.736403e-02	1.826395e-02	-7.612602e-01	7.119607e-01	-6.027321e-01	1.000000e+00	-9.491450e-01	7.633925e-02	1.456298e-03	-1.478394e-03	-1.403344e-04	6.715998e-03	-3.628068e-03	2.022753e-02	-2.879408e-02	3.633646e-02	3.410089e-02	-4.141036e-02	
-1.031002e-01	4.094159e-02	2.475127e-01	-6.393708e-02	-1.004268e-01	1.254271e-01	-1.328797e-01	-9.923125e-02	1.846733e-01	5.793157e-01	-5.216153e-01	4.106474e-01	-9.491450e-01	1.000000e+00	-1.636278e-01	-1.725782e-02	1.840362e-02	-1.588345e-02	-1.826464e-02	1.969774e-02	-8.434778e-02	1.115881e-01	-1.419662e-01	-4.730200e-02	8.069131e-02	
1.981629e-02	-1.847898e-01	-6.439963e-01	4.659399e-01	2.762330e-02	-3.078143e-02	3.100211e-02	-1.076237e-02	4.539035e-03	2.461140e-01	-3.228290e-01	4.143465e-01	7.633925e-02	-1.636278e-01	1.000000e+00	-4.853544e-01	5.438350e-01	-5.896003e-01	4.437897e-02	2.053705e-01	1.669504e-01	-2.170399e-01	2.851471e-01	2.951561e-02	-7.448249e-02	
6.493216e-02	-4.569126e-03	-1.152551e-01	7.912016e-02	1.735002e-02	-1.625789e-02	1.309899e-02	1.159463e-02	-1.206646e-02	5.958816e-02	-7.358414e-02	8.811483e-02	1.456298e-03	-1.725782e-02	-4.853544e-01	1.000000e+00	-9.843354e-01	9.402631e-01	-5.633088e-01	1.891667e-01	2.021834e-01	-2.401679e-01	2.729860e-01	5.092795e-02	-9.721716e-02	
-6.924565e-02	1.287626e-02	1.220114e-01	-8.518868e-02	-1.915133e-02	1.799523e-02	-1.463895e-02	-8.499823e-03	9.060899e-03	-6.464874e-02	7.903120e-02	-9.376547e-02	-1.478394e-03	1.840362e-02	5.438350e-01	-9.843354e-01	1.000000e+00	-9.850790e-01	4.963255e-01	-1.082147e-01	-2.107038e-01	2.541565e-01	-2.924588e-01	-6.709111e-02	1.231568e-01	
6.454715e-02	-2.703165e-02	-1.185447e-01	8.569658e-02	2.000502e-02	-1.880478e-02	1.563648e-02	1.675962e-03	-2.361970e-03	6.483005e-02	-7.860659e-02	9.253984e-02	-1.403344e-04	-1.588345e-02	-5.896003e-01	9.402631e-01	-9.850790e-01	1.000000e+00	-4.188765e-01	3.093941e-02	2.113278e-01	-2.582011e-01	3.001295e-01	7.697565e-02	-1.388277e-01	
5.670958e-02	1.357339e-01	-2.086831e-02	5.546919e-03	-2.506418e-02	2.472680e-02	-2.739284e-02	5.654164e-02	-4.263585e-02	9.553532e-03	-1.129996e-02	1.193128e-02	6.715998e-03	-1.826464e-02	4.437897e-02	-5.633088e-01	4.963255e-01	-4.188765e-01	1.000000e+00	-9.025253e-01	-1.335550e-02	1.830472e-02	-2.425984e-02	7.316811e-02	-1.530579e-01	
-5.834482e-02	-1.343251e-01	5.336751e-02	-2.428391e-02	1.571642e-02	-1.478083e-02	1.737381e-02	-5.495992e-02	4.406022e-02	-2.893850e-02	3.520634e-02	-4.067956e-02	-3.628068e-03	1.969774e-02	2.053705e-01	1.891667e-01	-1.082147e-01	3.093941e-02	-9.025253e-01	1.000000e+00	-7.329592e-02	8.466775e-02	-9.175571e-02	-1.054976e-01	2.281467e-01	
-1.489891e-02	6.700664e-03	-4.130784e-01	2.742288e-01	4.154215e-02	-4.161842e-02	3.883573e-02	2.152911e-03	-9.955402e-03	1.898229e-01	-2.408592e-01	3.011049e-01	2.022753e-02	-8.434778e-02	1.669504e-01	2.021834e-01	-2.107038e-01	2.113278e-01	-1.335550e-02	-7.329592e-02	1.000000e+00	-9.843149e-01	9.209982e-01	-7.199178e-01	5.436186e-01	
3.225811e-02	-1.625630e-02	5.243506e-01	-3.560589e-01	-4.277605e-02	4.264790e-02	-3.884892e-02	-7.785213e-03	1.469479e-02	-2.358015e-01	3.014848e-01	-3.794774e-01	-2.879408e-02	1.115881e-01	-2.170399e-01	-2.401679e-01	2.541565e-01	-2.582011e-01	1.830472e-02	8.466775e-02	-9.843149e-01	1.000000e+00	-9.745046e-01	6.644245e-01	-4.774773e-01	
-7.226439e-02	4.018250e-02	-6.538349e-01	4.536622e-01	4.175777e-02	-4.123194e-02	3.618104e-02	1.396221e-02	-1.906020e-02	2.901807e-01	-3.737251e-01	4.736952e-01	3.633646e-02	-1.419662e-01	2.851471e-01	2.729860e-01	-2.924588e-01	3.001295e-01	-2.425984e-02	-9.175571e-02	9.209982e-01	-9.745046e-01	1.000000e+00	-5.523980e-01	3.600145e-01	
1.468234e-01	-9.338832e-02	-1.387137e-01	1.143734e-01	-1.277073e-02	1.125137e-02	-1.273745e-02	1.837150e-02	-9.199506e-03	4.122384e-02	-5.408885e-02	6.599279e-02	3.410089e-02	-4.730200e-02	2.951561e-02	5.092795e-02	-6.709111e-02	7.697565e-02	7.316811e-02	-1.054976e-01	-7.199178e-01	6.644245e-01	-5.523980e-01	1.000000e+00	-9.611265e-01	
-1.154113e-01	5.058373e-02	2.857499e-01	-2.178705e-01	9.335958e-03	-8.095082e-03	1.115675e-02	-2.841653e-02	1.817319e-02	-1.073964e-01	1.395180e-01	-1.748282e-01	-4.141036e-02	8.069131e-02	-7.448249e-02	-9.721716e-02	1.231568e-01	-1.388277e-01	-1.530579e-01	2.281467e-01	5.436186e-01	-4.774773e-01	3.600145e-01	-9.611265e-01	1.000000e+00	

Time taken for mcmc chain: 27.150000 minutes
