Number of steps: 7776013
Number of accepted steps: 1000000
Burn-in number of steps: 320000
Accepted fraction of steps: 0.128601
Convergence Status
R[0]= 1.006799	R[1]= 1.011073	R[2]= 1.020112	R[3]= 1.040947	R[4]= 1.024605	R[5]= 1.029993	R[6]= 1.034278	R[7]= 1.007442	R[8]= 1.001670	R[9]= 1.003527	R[10]= 1.003029	R[11]= 1.002244	R[12]= 1.005260	R[13]= 1.003352	R[14]= 1.023836	R[15]= 1.000515	R[16]= 1.000940	R[17]= 1.001703	R[18]= 1.001288	R[19]= 1.002522	R[20]= 1.001659	R[21]= 1.001476	R[22]= 1.002397	R[23]= 1.007304	R[24]= 1.007126	
<R>= 1.009804

Mean parameters
A[0]= 9.246961e-01 pm 3.501580e-02
A[1]= 1.046670e+00 pm 3.016705e-02
A[2]= 5.834633e-01 pm 3.818670e-01
A[3]= 2.764718e+00 pm 9.135171e-01
A[4]= -3.875666e+03 pm 3.870171e+03
A[5]= 1.907225e+03 pm 2.558263e+03
A[6]= -1.128029e+00 pm 6.023175e+02
A[7]= 1.646746e+01 pm 1.308900e+01
A[8]= -2.682722e-01 pm 1.801957e-01
A[9]= -3.471769e+03 pm 8.096832e+03
A[10]= 1.341090e+03 pm 4.806174e+03
A[11]= -3.443124e+02 pm 9.936122e+02
A[12]= 2.017290e+01 pm 4.858634e+01
A[13]= -6.012446e-01 pm 9.377820e-01
A[14]= 4.035106e+00 pm 1.199595e+00
A[15]= -7.129106e+03 pm 5.337003e+03
A[16]= 5.193668e+03 pm 3.521983e+03
A[17]= -9.330523e+02 pm 8.286161e+02
A[18]= 1.933157e+00 pm 1.940127e+01
A[19]= 1.559980e-01 pm 2.711242e-01
A[20]= 6.562906e+03 pm 1.189970e+04
A[21]= -3.761672e+03 pm 7.195120e+03
A[22]= 3.261595e+02 pm 1.515032e+03
A[23]= -5.032195e+01 pm 6.871832e+01
A[24]= 7.006504e-01 pm 1.340444e+00

Best-fitting parameters
A[0]= 9.129246e-01
A[1]= 1.060590e+00
A[2]= 4.902959e-01
A[3]= 2.633351e+00
A[4]= -3.964150e+03
A[5]= 1.733587e+03
A[6]= 9.110429e+01
A[7]= 1.680377e+01
A[8]= -2.804345e-01
A[9]= -2.610592e+03
A[10]= 6.385259e+02
A[11]= -1.205817e+02
A[12]= 1.296103e+01
A[13]= -4.763916e-01
A[14]= 4.977018e+00
A[15]= -8.646580e+03
A[16]= 6.768323e+03
A[17]= -1.430573e+03
A[18]= -6.055148e+00
A[19]= 3.396007e-01
A[20]= 6.930181e+03
A[21]= -4.009521e+03
A[22]= 4.251397e+02
A[23]= -5.937711e+01
A[24]= 9.031981e-01
chi2_min= 8.824185e+01


Cross-Covariance parameters
1.000000e+00	-5.224868e-01	-2.213911e-01	1.401325e-01	-2.984095e-03	5.778261e-03	-1.549860e-02	7.410348e-02	-5.027287e-02	-2.273333e-02	3.053284e-02	-5.584337e-02	1.702538e-01	-1.470090e-01	1.010225e-01	5.374715e-02	-5.954590e-02	5.648960e-02	6.809667e-02	-6.990188e-02	3.554297e-02	-2.969483e-02	4.535877e-03	1.392096e-01	-1.233426e-01	
-5.224868e-01	1.000000e+00	1.876436e-01	-1.829916e-01	-3.254196e-02	3.419903e-02	-4.268639e-02	1.205613e-01	-1.046541e-01	5.231244e-03	-1.314164e-02	3.147580e-02	-1.163625e-01	6.912946e-02	-2.570138e-01	3.016797e-02	-2.724845e-02	1.680385e-02	1.334246e-01	-1.415600e-01	-3.681019e-02	2.836984e-02	-4.488833e-03	-4.747733e-02	1.297824e-02	
-2.213911e-01	1.876436e-01	1.000000e+00	-6.740240e-01	1.239398e-02	-1.465027e-02	2.347010e-02	-4.653435e-02	1.934046e-02	-3.134199e-01	4.308204e-01	-5.728915e-01	-1.611075e-01	2.753425e-01	-5.853878e-01	-1.926038e-01	2.073554e-01	-2.085327e-01	-3.865215e-02	1.059665e-01	-4.286135e-01	5.395254e-01	-6.671913e-01	-1.496410e-01	2.966262e-01	
1.401325e-01	-1.829916e-01	-6.740240e-01	1.000000e+00	-5.749756e-01	6.326827e-01	-6.755260e-01	1.694396e-01	1.463097e-01	1.398454e-01	-1.935286e-01	2.650056e-01	3.764651e-02	-6.650132e-02	4.383888e-01	1.109384e-01	-1.155693e-01	1.136830e-01	1.149990e-02	-4.609256e-02	2.845639e-01	-3.595682e-01	4.469223e-01	9.860137e-02	-1.928556e-01	
-2.984095e-03	-3.254196e-02	1.239398e-02	-5.749756e-01	1.000000e+00	-9.856565e-01	9.459929e-01	-6.450180e-01	2.328084e-01	8.476294e-02	-1.211497e-01	1.590432e-01	8.634772e-02	-8.772808e-02	-1.415637e-02	-2.362047e-03	-3.789970e-03	8.924012e-03	-7.057963e-03	1.596562e-03	8.192802e-03	-5.591834e-03	4.086311e-04	-1.242814e-02	1.186384e-02	
5.778261e-03	3.419903e-02	-1.465027e-02	6.326827e-01	-9.856565e-01	1.000000e+00	-9.866621e-01	5.898727e-01	-1.619405e-01	-8.862388e-02	1.284999e-01	-1.706343e-01	-9.987731e-02	1.123079e-01	1.950539e-02	-1.213453e-03	7.975616e-03	-1.367955e-02	1.018987e-02	-2.492710e-03	-8.691094e-03	5.785817e-03	-1.120928e-04	1.363123e-02	-1.277777e-02	
-1.549860e-02	-4.268639e-02	2.347010e-02	-6.755260e-01	9.459929e-01	-9.866621e-01	1.000000e+00	-5.258584e-01	9.787295e-02	9.400687e-02	-1.350466e-01	1.786015e-01	1.006795e-01	-1.203804e-01	-2.468783e-02	3.914163e-04	-7.475092e-03	1.393933e-02	-1.591112e-02	7.687637e-03	6.094154e-03	-2.065380e-03	-4.966177e-03	-1.708123e-02	1.733821e-02	
7.410348e-02	1.205613e-01	-4.653435e-02	1.694396e-01	-6.450180e-01	5.898727e-01	-5.258584e-01	1.000000e+00	-8.737407e-01	7.428593e-02	-5.994620e-02	3.452523e-02	-4.039185e-02	-1.082894e-01	-1.808992e-02	4.222736e-02	-4.204147e-02	3.827297e-02	2.644881e-02	-3.528989e-02	1.816058e-02	-2.444193e-02	3.253406e-02	2.224139e-02	-3.191218e-02	
-5.027287e-02	-1.046541e-01	1.934046e-02	1.463097e-01	2.328084e-01	-1.619405e-01	9.787295e-02	-8.737407e-01	1.000000e+00	-1.355595e-01	1.369200e-01	-1.243861e-01	9.375507e-03	1.906531e-01	4.286816e-02	-4.956978e-02	5.247639e-02	-5.145980e-02	-1.142557e-02	2.746419e-02	-1.785671e-02	2.144001e-02	-2.543464e-02	-9.140212e-03	1.681640e-02	
-2.273333e-02	5.231244e-03	-3.134199e-01	1.398454e-01	8.476294e-02	-8.862388e-02	9.400687e-02	7.428593e-02	-1.355595e-01	1.000000e+00	-9.831573e-01	9.139654e-01	-7.681444e-01	5.988129e-01	1.562867e-01	9.969720e-02	-1.110903e-01	1.168306e-01	-1.123236e-02	-3.211545e-02	1.705299e-01	-2.080792e-01	2.533550e-01	3.240604e-02	-8.760644e-02	
3.053284e-02	-1.314164e-02	4.308204e-01	-1.935286e-01	-1.211497e-01	1.284999e-01	-1.350466e-01	-5.994620e-02	1.369200e-01	-9.831573e-01	1.000000e+00	-9.719096e-01	7.218998e-01	-5.449874e-01	-2.258530e-01	-1.206089e-01	1.333111e-01	-1.388740e-01	5.790810e-03	4.494759e-02	-2.247982e-01	2.766547e-01	-3.388802e-01	-4.325904e-02	1.183154e-01	
-5.584337e-02	3.147580e-02	-5.728915e-01	2.650056e-01	1.590432e-01	-1.706343e-01	1.786015e-01	3.452523e-02	-1.243861e-01	9.139654e-01	-9.719096e-01	1.000000e+00	-6.148536e-01	4.374801e-01	3.130968e-01	1.427450e-01	-1.565916e-01	1.617068e-01	1.015264e-05	-5.817356e-02	2.893761e-01	-3.591384e-01	4.429266e-01	5.501773e-02	-1.547807e-01	
1.702538e-01	-1.163625e-01	-1.611075e-01	3.764651e-02	8.634772e-02	-9.987731e-02	1.006795e-01	-4.039185e-02	9.375507e-03	-7.681444e-01	7.218998e-01	-6.148536e-01	1.000000e+00	-9.519719e-01	1.115421e-01	1.561954e-03	-1.839198e-03	1.151486e-04	2.687946e-02	-2.190472e-02	3.944142e-02	-5.384649e-02	6.694658e-02	4.132495e-02	-5.703152e-02	
-1.470090e-01	6.912946e-02	2.753425e-01	-6.650132e-02	-8.772808e-02	1.123079e-01	-1.203804e-01	-1.082894e-01	1.906531e-01	5.988129e-01	-5.449874e-01	4.374801e-01	-9.519719e-01	1.000000e+00	-1.576652e-01	-4.409509e-02	4.821162e-02	-4.751838e-02	-2.900327e-02	4.194614e-02	-9.979648e-02	1.297804e-01	-1.617748e-01	-5.253851e-02	9.096105e-02	
1.010225e-01	-2.570138e-01	-5.853878e-01	4.383888e-01	-1.415637e-02	1.950539e-02	-2.468783e-02	-1.808992e-02	4.286816e-02	1.562867e-01	-2.258530e-01	3.130968e-01	1.115421e-01	-1.576652e-01	1.000000e+00	-4.719765e-01	5.333371e-01	-5.811601e-01	3.457751e-02	2.176667e-01	1.713186e-01	-2.117246e-01	2.643371e-01	3.341572e-03	-3.960041e-02	
5.374715e-02	3.016797e-02	-1.926038e-01	1.109384e-01	-2.362047e-03	-1.213453e-03	3.914163e-04	4.222736e-02	-4.956978e-02	9.969720e-02	-1.206089e-01	1.427450e-01	1.561954e-03	-4.409509e-02	-4.719765e-01	1.000000e+00	-9.836152e-01	9.382005e-01	-5.453600e-01	1.629332e-01	1.827223e-01	-2.317385e-01	2.825424e-01	8.793155e-02	-1.346132e-01	
-5.954590e-02	-2.724845e-02	2.073554e-01	-1.155693e-01	-3.789970e-03	7.975616e-03	-7.475092e-03	-4.204147e-02	5.247639e-02	-1.110903e-01	1.333111e-01	-1.565916e-01	-1.839198e-03	4.821162e-02	5.333371e-01	-9.836152e-01	1.000000e+00	-9.847662e-01	4.709286e-01	-7.345612e-02	-1.978459e-01	2.518716e-01	-3.076776e-01	-1.034690e-01	1.617768e-01	
5.648960e-02	1.680385e-02	-2.085327e-01	1.136830e-01	8.924012e-03	-1.367955e-02	1.393933e-02	3.827297e-02	-5.145980e-02	1.168306e-01	-1.388740e-01	1.617068e-01	1.151486e-04	-4.751838e-02	-5.811601e-01	9.382005e-01	-9.847662e-01	1.000000e+00	-3.876903e-01	-1.009981e-02	2.045458e-01	-2.611373e-01	3.194627e-01	1.118104e-01	-1.775480e-01	
6.809667e-02	1.334246e-01	-3.865215e-02	1.149990e-02	-7.057963e-03	1.018987e-02	-1.591112e-02	2.644881e-02	-1.142557e-02	-1.123236e-02	5.790810e-03	1.015264e-05	2.687946e-02	-2.900327e-02	3.457751e-02	-5.453600e-01	4.709286e-01	-3.876903e-01	1.000000e+00	-9.005258e-01	1.059189e-02	-7.790331e-03	2.254576e-03	7.101238e-02	-1.545532e-01	
-6.990188e-02	-1.415600e-01	1.059665e-01	-4.609256e-02	1.596562e-03	-2.492710e-03	7.687637e-03	-3.528989e-02	2.746419e-02	-3.211545e-02	4.494759e-02	-5.817356e-02	-2.190472e-02	4.194614e-02	2.176667e-01	1.629332e-01	-7.345612e-02	-1.009981e-02	-9.005258e-01	1.000000e+00	-8.725214e-02	1.053921e-01	-1.203729e-01	-1.236053e-01	2.482460e-01	
3.554297e-02	-3.681019e-02	-4.286135e-01	2.845639e-01	8.192802e-03	-8.691094e-03	6.094154e-03	1.816058e-02	-1.785671e-02	1.705299e-01	-2.247982e-01	2.893761e-01	3.944142e-02	-9.979648e-02	1.713186e-01	1.827223e-01	-1.978459e-01	2.045458e-01	1.059189e-02	-8.725214e-02	1.000000e+00	-9.847539e-01	9.239849e-01	-7.176776e-01	5.475515e-01	
-2.969483e-02	2.836984e-02	5.395254e-01	-3.595682e-01	-5.591834e-03	5.785817e-03	-2.065380e-03	-2.444193e-02	2.144001e-02	-2.080792e-01	2.766547e-01	-3.591384e-01	-5.384649e-02	1.297804e-01	-2.117246e-01	-2.317385e-01	2.518716e-01	-2.611373e-01	-7.790331e-03	1.053921e-01	-9.847539e-01	1.000000e+00	-9.756706e-01	6.606298e-01	-4.803019e-01	
4.535877e-03	-4.488833e-03	-6.671913e-01	4.469223e-01	4.086311e-04	-1.120928e-04	-4.966177e-03	3.253406e-02	-2.543464e-02	2.533550e-01	-3.388802e-01	4.429266e-01	6.694658e-02	-1.617748e-01	2.643371e-01	2.825424e-01	-3.076776e-01	3.194627e-01	2.254576e-03	-1.203729e-01	9.239849e-01	-9.756706e-01	1.000000e+00	-5.479073e-01	3.621395e-01	
1.392096e-01	-4.747733e-02	-1.496410e-01	9.860137e-02	-1.242814e-02	1.363123e-02	-1.708123e-02	2.224139e-02	-9.140212e-03	3.240604e-02	-4.325904e-02	5.501773e-02	4.132495e-02	-5.253851e-02	3.341572e-03	8.793155e-02	-1.034690e-01	1.118104e-01	7.101238e-02	-1.236053e-01	-7.176776e-01	6.606298e-01	-5.479073e-01	1.000000e+00	-9.633662e-01	
-1.233426e-01	1.297824e-02	2.966262e-01	-1.928556e-01	1.186384e-02	-1.277777e-02	1.733821e-02	-3.191218e-02	1.681640e-02	-8.760644e-02	1.183154e-01	-1.547807e-01	-5.703152e-02	9.096105e-02	-3.960041e-02	-1.346132e-01	1.617768e-01	-1.775480e-01	-1.545532e-01	2.482460e-01	5.475515e-01	-4.803019e-01	3.621395e-01	-9.633662e-01	1.000000e+00	

Time taken for mcmc chain: 1.283056 hours
