Number of steps: 7740293
Number of accepted steps: 500000
Burn-in number of steps: 320000
Accepted fraction of steps: 0.064597
Convergence Status
R[0]= -nan	R[1]= -nan	R[2]= -nan	R[3]= -nan	R[4]= -nan	R[5]= -nan	R[6]= -nan	R[7]= -nan	R[8]= -nan	R[9]= -nan	R[10]= -nan	R[11]= -nan	R[12]= -nan	R[13]= -nan	R[14]= -nan	R[15]= -nan	R[16]= -nan	R[17]= -nan	R[18]= -nan	R[19]= -nan	R[20]= -nan	R[21]= -nan	R[22]= -nan	R[23]= -nan	R[24]= -nan	
<R>= -nan

Mean parameters
A[0]= 9.370231e-01 pm 3.669974e-02
A[1]= 1.051303e+00 pm 3.287304e-02
A[2]= 5.226509e-01 pm 4.040349e-01
A[3]= 3.698312e+00 pm 1.173851e+00
A[4]= -3.725049e+03 pm 3.729740e+03
A[5]= 1.812444e+03 pm 2.429121e+03
A[6]= 1.599516e+01 pm 5.660448e+02
A[7]= 1.793022e+01 pm 1.333565e+01
A[8]= -2.865278e-01 pm 1.834592e-01
A[9]= -2.950236e+03 pm 8.241545e+03
A[10]= 9.525628e+02 pm 4.907679e+03
A[11]= -2.502563e+02 pm 1.025169e+03
A[12]= 2.328948e+01 pm 4.773913e+01
A[13]= -6.855239e-01 pm 9.288130e-01
A[14]= 1.626900e+00 pm 6.625288e-01
A[15]= -1.773580e+03 pm 2.375470e+03
A[16]= 8.377402e+02 pm 1.559804e+03
A[17]= 6.879029e+00 pm 3.669951e+02
A[18]= 1.139560e+01 pm 8.697389e+00
A[19]= -1.806534e-01 pm 1.195101e-01
A[20]= -1.037562e+03 pm 5.132269e+03
A[21]= 1.739067e+02 pm 3.012976e+03
A[22]= -4.660483e+01 pm 6.055604e+02
A[23]= 4.287326e+00 pm 2.994267e+01
A[24]= -1.365014e-01 pm 5.685312e-01

Best-fitting parameters
A[0]= 9.450495e-01
A[1]= 1.043080e+00
A[2]= 4.716472e-01
A[3]= 3.882690e+00
A[4]= -4.222796e+03
A[5]= 2.112979e+03
A[6]= -5.419642e+01
A[7]= 1.328229e+01
A[8]= -2.101242e-01
A[9]= -6.793993e+03
A[10]= 3.081623e+03
A[11]= -6.507133e+02
A[12]= 4.435444e+01
A[13]= -1.072596e+00
A[14]= 1.452243e+00
A[15]= -1.519852e+03
A[16]= 6.504521e+02
A[17]= 5.223809e+01
A[18]= 1.642887e+01
A[19]= -2.646104e-01
A[20]= -4.140968e+03
A[21]= 2.123801e+03
A[22]= -4.344536e+02
A[23]= 3.490161e+01
A[24]= -7.134404e-01
chi2_min= 6.888879e+01


Cross-Covariance parameters
1.000000e+00	-5.078341e-01	-5.294141e-02	-3.358836e-03	4.111665e-02	-4.552524e-02	4.124049e-02	6.351418e-02	-6.648147e-02	-5.304070e-02	7.432807e-02	-1.172743e-01	1.332025e-01	-9.301366e-02	5.040229e-02	-2.398297e-02	2.850579e-02	-3.441915e-02	4.214501e-02	-1.788515e-02	-1.837681e-02	3.881168e-02	-8.004934e-02	6.129288e-02	-3.430334e-02	
-5.078341e-01	1.000000e+00	5.497826e-02	-1.340160e-01	3.762880e-03	2.462856e-03	-1.794974e-02	1.381987e-01	-1.359409e-01	5.162714e-02	-7.290288e-02	1.083082e-01	-9.659341e-02	3.308039e-02	-1.395100e-01	4.291673e-02	-4.445446e-02	3.797997e-02	9.018277e-02	-1.063278e-01	2.042600e-02	-3.901717e-02	7.367008e-02	-3.287807e-02	-3.022613e-03	
-5.294141e-02	5.497826e-02	1.000000e+00	-6.817969e-01	3.760758e-02	-3.003199e-02	2.881316e-02	-7.401791e-02	6.075650e-02	-3.470289e-01	4.717522e-01	-6.220955e-01	-1.046768e-01	2.465950e-01	-4.937248e-01	-5.189538e-02	5.792621e-02	-5.667206e-02	-1.710822e-02	2.393150e-02	-3.149949e-01	4.065244e-01	-5.283431e-01	-5.988192e-02	1.789653e-01	
-3.358836e-03	-1.340160e-01	-6.817969e-01	1.000000e+00	-5.624084e-01	6.176443e-01	-6.575216e-01	1.804612e-01	9.928838e-02	1.669094e-01	-2.369084e-01	3.270071e-01	2.675611e-02	-7.965898e-02	3.809137e-01	2.119850e-02	-2.179101e-02	1.946558e-02	-6.891801e-03	7.593620e-03	2.172073e-01	-2.824101e-01	3.685500e-01	2.997679e-02	-1.131487e-01	
4.111665e-02	3.762880e-03	3.760758e-02	-5.624084e-01	1.000000e+00	-9.842743e-01	9.399283e-01	-6.523431e-01	2.669097e-01	4.429096e-02	-6.839783e-02	9.363195e-02	9.460365e-02	-8.303424e-02	-3.074082e-02	1.950635e-03	-3.325713e-03	4.578366e-03	2.710658e-02	-2.654506e-02	-1.968580e-02	2.818966e-02	-3.772656e-02	3.153619e-02	-2.427169e-02	
-4.552524e-02	2.462856e-03	-3.003199e-02	6.176443e-01	-9.842743e-01	1.000000e+00	-9.849150e-01	5.982669e-01	-1.973513e-01	-5.537487e-02	8.346004e-02	-1.130838e-01	-1.044137e-01	1.055666e-01	3.204575e-02	-6.158856e-03	8.679803e-03	-1.076148e-02	-2.553679e-02	2.729615e-02	1.518893e-02	-2.261809e-02	3.105635e-02	-2.929556e-02	2.231439e-02	
4.124049e-02	-1.794974e-02	2.881316e-02	-6.575216e-01	9.399283e-01	-9.849150e-01	1.000000e+00	-5.336466e-01	1.336282e-01	6.981173e-02	-9.946435e-02	1.304270e-01	9.961444e-02	-1.099059e-01	-3.247853e-02	8.213661e-03	-1.140147e-02	1.407031e-02	1.944110e-02	-2.281531e-02	-1.420301e-02	2.116355e-02	-2.924384e-02	2.590116e-02	-1.787808e-02	
6.351418e-02	1.381987e-01	-7.401791e-02	1.804612e-01	-6.523431e-01	5.982669e-01	-5.336466e-01	1.000000e+00	-8.842468e-01	1.292208e-01	-1.189993e-01	9.658595e-02	-5.944841e-02	-1.100182e-01	1.927654e-02	1.371953e-02	-1.620390e-02	1.551851e-02	1.670080e-02	-2.029529e-02	4.116137e-02	-5.417619e-02	6.981661e-02	-1.640348e-02	4.544405e-03	
-6.648147e-02	-1.359409e-01	6.075650e-02	9.928838e-02	2.669097e-01	-1.973513e-01	1.336282e-01	-8.842468e-01	1.000000e+00	-1.789655e-01	1.805475e-01	-1.670431e-01	2.333072e-02	1.973030e-01	-6.148815e-03	-1.236041e-02	1.907395e-02	-2.248991e-02	-2.972433e-02	3.463637e-02	-3.388709e-02	4.534470e-02	-6.018189e-02	2.139089e-03	6.207577e-03	
-5.304070e-02	5.162714e-02	-3.470289e-01	1.669094e-01	4.429096e-02	-5.537487e-02	6.981173e-02	1.292208e-01	-1.789655e-01	1.000000e+00	-9.826406e-01	9.103121e-01	-7.729043e-01	5.801380e-01	1.964504e-01	1.592388e-02	-1.465378e-02	1.075893e-02	-2.365230e-02	3.058588e-02	1.110813e-01	-1.451539e-01	1.932885e-01	1.477472e-02	-5.541040e-02	
7.432807e-02	-7.290288e-02	4.717522e-01	-2.369084e-01	-6.839783e-02	8.346004e-02	-9.946435e-02	-1.189993e-01	1.805475e-01	-9.826406e-01	1.000000e+00	-9.704498e-01	7.266747e-01	-5.243249e-01	-2.553635e-01	-2.235915e-02	2.280039e-02	-1.945428e-02	1.310228e-02	-1.802329e-02	-1.519596e-01	1.989521e-01	-2.645658e-01	-2.289834e-02	8.058771e-02	
-1.172743e-01	1.083082e-01	-6.220955e-01	3.270071e-01	9.363195e-02	-1.130838e-01	1.304270e-01	9.658595e-02	-1.670431e-01	9.103121e-01	-9.704498e-01	1.000000e+00	-6.165542e-01	4.123084e-01	3.242292e-01	3.219648e-02	-3.475415e-02	3.207143e-02	-2.460391e-04	1.180139e-03	2.016442e-01	-2.647728e-01	3.524279e-01	3.209737e-02	-1.109983e-01	
1.332025e-01	-9.659341e-02	-1.046768e-01	2.675611e-02	9.460365e-02	-1.044137e-01	9.961444e-02	-5.944841e-02	2.333072e-02	-7.729043e-01	7.266747e-01	-6.165542e-01	1.000000e+00	-9.444229e-01	3.312521e-02	1.411915e-02	-1.760231e-02	2.026981e-02	3.687103e-02	-4.614117e-02	3.750383e-02	-4.364293e-02	4.953363e-02	1.987239e-02	-3.078456e-02	
-9.301366e-02	3.308039e-02	2.465950e-01	-7.965898e-02	-8.303424e-02	1.055666e-01	-1.099059e-01	-1.100182e-01	1.973030e-01	5.801380e-01	-5.243249e-01	4.123084e-01	-9.444229e-01	1.000000e+00	-1.002421e-01	-2.753138e-02	3.320014e-02	-3.653226e-02	-4.142114e-02	5.236824e-02	-9.019235e-02	1.123870e-01	-1.413080e-01	-2.565378e-02	5.596336e-02	
5.040229e-02	-1.395100e-01	-4.937248e-01	3.809137e-01	-3.074082e-02	3.204575e-02	-3.247853e-02	1.927654e-02	-6.148815e-03	1.964504e-01	-2.553635e-01	3.242292e-01	3.312521e-02	-1.002421e-01	1.000000e+00	-6.077892e-01	6.841887e-01	-7.419712e-01	7.208679e-02	2.542158e-01	9.878561e-03	-2.938447e-02	6.762096e-02	2.332850e-02	-1.768029e-02	
-2.398297e-02	4.291673e-02	-5.189538e-02	2.119850e-02	1.950635e-03	-6.158856e-03	8.213661e-03	1.371953e-02	-1.236041e-02	1.592388e-02	-2.235915e-02	3.219648e-02	1.411915e-02	-2.753138e-02	-6.077892e-01	1.000000e+00	-9.838060e-01	9.377512e-01	-5.990940e-01	2.113690e-01	2.159846e-01	-2.502028e-01	2.843376e-01	-4.784687e-02	5.915664e-03	
2.850579e-02	-4.445446e-02	5.792621e-02	-2.179101e-02	-3.325713e-03	8.679803e-03	-1.140147e-02	-1.620390e-02	1.907395e-02	-1.465378e-02	2.280039e-02	-3.475415e-02	-1.760231e-02	3.320014e-02	6.841887e-01	-9.838060e-01	1.000000e+00	-9.843645e-01	5.312934e-01	-1.268130e-01	-2.222779e-01	2.614975e-01	-3.011491e-01	3.518210e-02	1.680528e-02	
-3.441915e-02	3.797997e-02	-5.667206e-02	1.946558e-02	4.578366e-03	-1.076148e-02	1.407031e-02	1.551851e-02	-2.248991e-02	1.075893e-02	-1.945428e-02	3.207143e-02	2.026981e-02	-3.653226e-02	-7.419712e-01	9.377512e-01	-9.843645e-01	1.000000e+00	-4.475266e-01	4.128224e-02	2.218625e-01	-2.642694e-01	3.075243e-01	-2.450364e-02	-3.419107e-02	
4.214501e-02	9.018277e-02	-1.710822e-02	-6.891801e-03	2.710658e-02	-2.553679e-02	1.944110e-02	1.670080e-02	-2.972433e-02	-2.365230e-02	1.310228e-02	-2.460391e-04	3.687103e-02	-4.142114e-02	7.208679e-02	-5.990940e-01	5.312934e-01	-4.475266e-01	1.000000e+00	-8.947282e-01	-3.079961e-02	3.771471e-02	-4.692968e-02	8.303834e-02	-1.586886e-01	
-1.788515e-02	-1.063278e-01	2.393150e-02	7.593620e-03	-2.654506e-02	2.729615e-02	-2.281531e-02	-2.029529e-02	3.463637e-02	3.058588e-02	-1.802329e-02	1.180139e-03	-4.614117e-02	5.236824e-02	2.542158e-01	2.113690e-01	-1.268130e-01	4.128224e-02	-8.947282e-01	1.000000e+00	-6.268595e-02	7.135998e-02	-7.595167e-02	-8.034958e-02	2.002935e-01	
-1.837681e-02	2.042600e-02	-3.149949e-01	2.172073e-01	-1.968580e-02	1.518893e-02	-1.420301e-02	4.116137e-02	-3.388709e-02	1.110813e-01	-1.519596e-01	2.016442e-01	3.750383e-02	-9.019235e-02	9.878561e-03	2.159846e-01	-2.222779e-01	2.218625e-01	-3.079961e-02	-6.268595e-02	1.000000e+00	-9.869297e-01	9.313576e-01	-8.139650e-01	6.717074e-01	
3.881168e-02	-3.901717e-02	4.065244e-01	-2.824101e-01	2.818966e-02	-2.261809e-02	2.116355e-02	-5.417619e-02	4.534470e-02	-1.451539e-01	1.989521e-01	-2.647728e-01	-4.364293e-02	1.123870e-01	-2.938447e-02	-2.502028e-01	2.614975e-01	-2.642694e-01	3.771471e-02	7.135998e-02	-9.869297e-01	1.000000e+00	-9.770291e-01	7.944464e-01	-6.461565e-01	
-8.004934e-02	7.367008e-02	-5.283431e-01	3.685500e-01	-3.772656e-02	3.105635e-02	-2.924384e-02	6.981661e-02	-6.018189e-02	1.932885e-01	-2.645658e-01	3.524279e-01	4.953363e-02	-1.413080e-01	6.762096e-02	2.843376e-01	-3.011491e-01	3.075243e-01	-4.692968e-02	-7.595167e-02	9.313576e-01	-9.770291e-01	1.000000e+00	-7.232679e-01	5.726425e-01	
6.129288e-02	-3.287807e-02	-5.988192e-02	2.997679e-02	3.153619e-02	-2.929556e-02	2.590116e-02	-1.640348e-02	2.139089e-03	1.477472e-02	-2.289834e-02	3.209737e-02	1.987239e-02	-2.565378e-02	2.332850e-02	-4.784687e-02	3.518210e-02	-2.450364e-02	8.303834e-02	-8.034958e-02	-8.139650e-01	7.944464e-01	-7.232679e-01	1.000000e+00	-9.651647e-01	
-3.430334e-02	-3.022613e-03	1.789653e-01	-1.131487e-01	-2.427169e-02	2.231439e-02	-1.787808e-02	4.544405e-03	6.207577e-03	-5.541040e-02	8.058771e-02	-1.109983e-01	-3.078456e-02	5.596336e-02	-1.768029e-02	5.915664e-03	1.680528e-02	-3.419107e-02	-1.586886e-01	2.002935e-01	6.717074e-01	-6.461565e-01	5.726425e-01	-9.651647e-01	1.000000e+00	

Time taken for mcmc chain: 40.266667 minutes
