Number of steps: 3695692
Number of accepted steps: 1000000
Burn-in number of steps: 320000
Accepted fraction of steps: 0.270585
Convergence Status
R[0]= 1.006597	R[1]= 1.006477	R[2]= 1.008195	R[3]= 1.007939	R[4]= 1.002104	R[5]= 1.002267	R[6]= 1.002535	R[7]= 1.001448	R[8]= 1.000983	R[9]= 1.002148	R[10]= 1.001370	R[11]= 1.000843	R[12]= 1.003330	R[13]= 1.002947	R[14]= 1.002952	R[15]= 1.000767	R[16]= 1.000987	R[17]= 1.001228	R[18]= 1.000511	R[19]= 1.000296	R[20]= 1.004301	R[21]= 1.004155	R[22]= 1.003519	R[23]= 1.001869	R[24]= 1.002114	
<R>= 1.002875

Mean parameters
A[0]= 8.896120e-01 pm 3.958051e-02
A[1]= 1.002252e+00 pm 3.144649e-02
A[2]= 5.565789e-01 pm 4.001272e-01
A[3]= 3.690469e+00 pm 1.266666e+00
A[4]= -3.234131e+03 pm 3.867116e+03
A[5]= 1.453236e+03 pm 2.542237e+03
A[6]= 9.711019e+01 pm 5.900033e+02
A[7]= 1.214912e+01 pm 1.280024e+01
A[8]= -2.270799e-01 pm 1.861363e-01
A[9]= -3.928317e+03 pm 8.337253e+03
A[10]= 1.440606e+03 pm 4.892870e+03
A[11]= -3.268596e+02 pm 9.901182e+02
A[12]= 1.879320e+01 pm 4.930425e+01
A[13]= -5.312980e-01 pm 9.545416e-01
A[14]= 5.632683e+00 pm 1.885818e+00
A[15]= -1.041683e+04 pm 5.124676e+03
A[16]= 6.688663e+03 pm 3.368076e+03
A[17]= -1.152179e+03 pm 7.847721e+02
A[18]= 1.344548e+01 pm 1.922631e+01
A[19]= -5.076133e-03 pm 2.756172e-01
A[20]= -1.822941e+03 pm 1.158565e+04
A[21]= 7.248413e+02 pm 6.923747e+03
A[22]= -4.209176e+02 pm 1.435576e+03
A[23]= 3.931812e+00 pm 6.842042e+01
A[24]= -3.604914e-01 pm 1.333717e+00

Best-fitting parameters
A[0]= 9.118054e-01
A[1]= 9.868997e-01
A[2]= 1.398253e-01
A[3]= 5.084159e+00
A[4]= -2.556023e+03
A[5]= 1.218805e+03
A[6]= 9.177391e+01
A[7]= 3.586922e+00
A[8]= -1.132239e-01
A[9]= -2.005205e+02
A[10]= -1.164121e+03
A[11]= 3.012318e+02
A[12]= 3.078167e+01
A[13]= -9.090593e-01
A[14]= 7.001951e+00
A[15]= -9.772918e+03
A[16]= 6.159583e+03
A[17]= -1.031065e+03
A[18]= 1.168497e+01
A[19]= 2.399818e-02
A[20]= 3.615411e+03
A[21]= -3.942111e+03
A[22]= 8.161809e+02
A[23]= -5.671440e+00
A[24]= -2.460177e-01
chi2_min= 8.778523e+01


Cross-Covariance parameters
1.000000e+00	-5.178647e-01	-1.317471e-01	1.039224e-01	1.696098e-02	-4.282306e-03	-1.449553e-02	8.346484e-03	2.598225e-02	-1.690542e-02	3.764113e-02	-8.141500e-02	1.105834e-01	-6.608311e-02	2.734472e-02	8.751608e-02	-7.843333e-02	6.025743e-02	3.390196e-02	-3.623745e-02	1.797904e-02	6.702297e-03	-5.945288e-02	9.309091e-02	-5.710666e-02	
-5.178647e-01	1.000000e+00	2.306759e-01	-2.003198e-01	-7.735617e-02	7.397661e-02	-7.516855e-02	1.856890e-01	-1.575171e-01	3.087001e-03	-5.498151e-03	1.713734e-02	-1.299722e-01	8.418426e-02	-2.144418e-01	-2.325602e-02	2.129609e-02	-2.717575e-02	1.263748e-01	-1.085154e-01	-6.842141e-03	4.427775e-03	1.334590e-02	-9.719896e-02	6.361548e-02	
-1.317471e-01	2.306759e-01	1.000000e+00	-6.303638e-01	-4.349859e-02	4.517293e-02	-3.971322e-02	1.035917e-03	6.278238e-05	-3.396912e-01	4.449770e-01	-5.763808e-01	-1.698874e-01	2.757815e-01	-6.631164e-01	-5.292746e-02	4.991143e-02	-4.262729e-02	2.838225e-03	-8.900635e-03	-3.795028e-01	4.901901e-01	-6.227818e-01	-1.904179e-01	3.013782e-01	
1.039224e-01	-2.003198e-01	-6.303638e-01	1.000000e+00	-5.662745e-01	6.233880e-01	-6.651929e-01	4.017288e-02	2.534892e-01	1.169675e-01	-1.618658e-01	2.274265e-01	5.330040e-02	-5.313157e-02	4.522108e-01	-5.582595e-03	8.630898e-03	-1.234322e-02	-8.739343e-03	2.924227e-02	2.397310e-01	-3.076984e-01	3.880412e-01	1.046152e-01	-1.680351e-01	
1.696098e-02	-7.735617e-02	-4.349859e-02	-5.662745e-01	1.000000e+00	-9.859500e-01	9.475991e-01	-5.496531e-01	1.399249e-01	7.455529e-02	-1.134022e-01	1.549244e-01	1.236253e-01	-1.339594e-01	2.102797e-02	3.761865e-02	-3.876269e-02	3.963928e-02	-7.427450e-04	-1.874256e-02	7.318022e-03	-1.445455e-02	2.300006e-02	4.127711e-02	-5.043974e-02	
-4.282306e-03	7.397661e-02	4.517293e-02	6.233880e-01	-9.859500e-01	1.000000e+00	-9.872017e-01	4.827306e-01	-6.164398e-02	-8.760066e-02	1.299419e-01	-1.752272e-01	-1.305269e-01	1.561361e-01	-1.896152e-02	-4.442158e-02	4.658183e-02	-4.817659e-02	3.289274e-03	1.996817e-02	-9.181471e-03	1.771024e-02	-2.816860e-02	-4.249102e-02	5.333025e-02	
-1.449553e-02	-7.516855e-02	-3.971322e-02	-6.651929e-01	9.475991e-01	-9.872017e-01	1.000000e+00	-4.120942e-01	-5.781964e-03	1.007556e-01	-1.446028e-01	1.913191e-01	1.252791e-01	-1.619430e-01	1.486110e-02	4.703460e-02	-5.025308e-02	5.297161e-02	-7.453184e-03	-1.845918e-02	7.999378e-03	-1.699654e-02	2.830771e-02	4.043825e-02	-5.167279e-02	
8.346484e-03	1.856890e-01	1.035917e-03	4.017288e-02	-5.496531e-01	4.827306e-01	-4.120942e-01	1.000000e+00	-8.852346e-01	1.219649e-01	-1.073749e-01	7.844742e-02	-7.249626e-02	-9.490341e-02	-2.192270e-02	1.405700e-02	-9.690246e-03	1.361545e-03	2.341117e-02	-1.763437e-02	9.363223e-03	-1.127520e-02	1.462621e-02	-6.123607e-03	2.317749e-03	
2.598225e-02	-1.575171e-01	6.278238e-05	2.534892e-01	1.399249e-01	-6.164398e-02	-5.781964e-03	-8.852346e-01	1.000000e+00	-1.775152e-01	1.793465e-01	-1.654329e-01	3.068159e-02	1.843975e-01	2.223426e-02	-2.996426e-02	2.709638e-02	-2.072688e-02	-1.593255e-02	2.097779e-02	-4.262311e-03	9.023550e-03	-1.667993e-02	-9.539543e-03	1.638719e-02	
-1.690542e-02	3.087001e-03	-3.396912e-01	1.169675e-01	7.455529e-02	-8.760066e-02	1.007556e-01	1.219649e-01	-1.775152e-01	1.000000e+00	-9.850223e-01	9.221641e-01	-7.527091e-01	5.789926e-01	2.228755e-01	1.133423e-02	-8.652708e-03	5.858197e-03	7.891034e-03	3.614071e-03	1.269337e-01	-1.681912e-01	2.187311e-01	6.318185e-02	-1.031775e-01	
3.764113e-02	-5.498151e-03	4.449770e-01	-1.618658e-01	-1.134022e-01	1.299419e-01	-1.446028e-01	-1.073749e-01	1.793465e-01	-9.850223e-01	1.000000e+00	-9.742232e-01	7.079749e-01	-5.287448e-01	-2.942901e-01	-1.658325e-02	1.478654e-02	-1.223727e-02	-1.124696e-02	8.292533e-04	-1.696391e-01	2.248767e-01	-2.932546e-01	-8.462818e-02	1.402607e-01	
-8.141500e-02	1.713734e-02	-5.763808e-01	2.274265e-01	1.549244e-01	-1.752272e-01	1.913191e-01	7.844742e-02	-1.654329e-01	9.221641e-01	-9.742232e-01	1.000000e+00	-6.056683e-01	4.278484e-01	3.850414e-01	2.204316e-02	-2.148458e-02	1.948634e-02	1.311232e-02	-4.417713e-03	2.241932e-01	-2.976497e-01	3.896553e-01	1.091433e-01	-1.852202e-01	
1.105834e-01	-1.299722e-01	-1.698874e-01	5.330040e-02	1.236253e-01	-1.305269e-01	1.252791e-01	-7.249626e-02	3.068159e-02	-7.527091e-01	7.079749e-01	-6.056683e-01	1.000000e+00	-9.509888e-01	1.120165e-01	4.342318e-02	-4.298460e-02	3.948444e-02	-1.200272e-02	-5.933672e-03	6.623621e-02	-8.468622e-02	1.047940e-01	4.469423e-02	-6.253158e-02	
-6.608311e-02	8.418426e-02	2.757815e-01	-5.313157e-02	-1.339594e-01	1.561361e-01	-1.619430e-01	-9.490341e-02	1.843975e-01	5.789926e-01	-5.287448e-01	4.278484e-01	-9.509888e-01	1.000000e+00	-1.795041e-01	-5.305851e-02	5.193644e-02	-4.681948e-02	8.474745e-03	9.605468e-03	-1.051328e-01	1.394957e-01	-1.804590e-01	-6.851647e-02	1.029965e-01	
2.734472e-02	-2.144418e-01	-6.631164e-01	4.522108e-01	2.102797e-02	-1.896152e-02	1.486110e-02	-2.192270e-02	2.223426e-02	2.228755e-01	-2.942901e-01	3.850414e-01	1.120165e-01	-1.795041e-01	1.000000e+00	-5.052230e-01	5.750071e-01	-6.261103e-01	-8.123949e-02	3.233795e-01	1.567470e-01	-2.176323e-01	3.007446e-01	7.466074e-02	-1.041917e-01	
8.751608e-02	-2.325602e-02	-5.292746e-02	-5.582595e-03	3.761865e-02	-4.442158e-02	4.703460e-02	1.405700e-02	-2.996426e-02	1.133423e-02	-1.658325e-02	2.204316e-02	4.342318e-02	-5.305851e-02	-5.052230e-01	1.000000e+00	-9.828776e-01	9.351644e-01	-4.705426e-01	1.083384e-01	1.646293e-01	-1.891591e-01	2.053044e-01	3.285065e-02	-6.157643e-02	
-7.843333e-02	2.129609e-02	4.991143e-02	8.630898e-03	-3.876269e-02	4.658183e-02	-5.025308e-02	-9.690246e-03	2.709638e-02	-8.652708e-03	1.478654e-02	-2.148458e-02	-4.298460e-02	5.193644e-02	5.750071e-01	-9.828776e-01	1.000000e+00	-9.839164e-01	3.853417e-01	-1.242678e-02	-1.703435e-01	1.983739e-01	-2.181629e-01	-4.958579e-02	8.811834e-02	
6.025743e-02	-2.717575e-02	-4.262729e-02	-1.234322e-02	3.963928e-02	-4.817659e-02	5.297161e-02	1.361545e-03	-2.072688e-02	5.858197e-03	-1.223727e-02	1.948634e-02	3.948444e-02	-4.681948e-02	-6.261103e-01	9.351644e-01	-9.839164e-01	1.000000e+00	-2.941014e-01	-7.519327e-02	1.694335e-01	-1.997899e-01	2.224322e-01	6.090291e-02	-1.059903e-01	
3.390196e-02	1.263748e-01	2.838225e-03	-8.739343e-03	-7.427450e-04	3.289274e-03	-7.453184e-03	2.341117e-02	-1.593255e-02	7.891034e-03	-1.124696e-02	1.311232e-02	-1.200272e-02	8.474745e-03	-8.123949e-02	-4.705426e-01	3.853417e-01	-2.941014e-01	1.000000e+00	-9.133008e-01	-1.575940e-02	1.800501e-02	-2.116004e-02	1.024855e-01	-1.827954e-01	
-3.623745e-02	-1.085154e-01	-8.900635e-03	2.924227e-02	-1.874256e-02	1.996817e-02	-1.845918e-02	-1.763437e-02	2.097779e-02	3.614071e-03	8.292533e-04	-4.417713e-03	-5.933672e-03	9.605468e-03	3.233795e-01	1.083384e-01	-1.242678e-02	-7.519327e-02	-9.133008e-01	1.000000e+00	-4.373553e-02	4.992833e-02	-5.084586e-02	-1.231715e-01	2.318315e-01	
1.797904e-02	-6.842141e-03	-3.795028e-01	2.397310e-01	7.318022e-03	-9.181471e-03	7.999378e-03	9.363223e-03	-4.262311e-03	1.269337e-01	-1.696391e-01	2.241932e-01	6.623621e-02	-1.051328e-01	1.567470e-01	1.646293e-01	-1.703435e-01	1.694335e-01	-1.575940e-02	-4.373553e-02	1.000000e+00	-9.847064e-01	9.211546e-01	-7.174759e-01	5.639652e-01	
6.702297e-03	4.427775e-03	4.901901e-01	-3.076984e-01	-1.445455e-02	1.771024e-02	-1.699654e-02	-1.127520e-02	9.023550e-03	-1.681912e-01	2.248767e-01	-2.976497e-01	-8.468622e-02	1.394957e-01	-2.176323e-01	-1.891591e-01	1.983739e-01	-1.997899e-01	1.800501e-02	4.992833e-02	-9.847064e-01	1.000000e+00	-9.740449e-01	6.625406e-01	-5.016151e-01	
-5.945288e-02	1.334590e-02	-6.227818e-01	3.880412e-01	2.300006e-02	-2.816860e-02	2.830771e-02	1.462621e-02	-1.667993e-02	2.187311e-01	-2.932546e-01	3.896553e-01	1.047940e-01	-1.804590e-01	3.007446e-01	2.053044e-01	-2.181629e-01	2.224322e-01	-2.116004e-02	-5.084586e-02	9.211546e-01	-9.740449e-01	1.000000e+00	-5.495613e-01	3.862508e-01	
9.309091e-02	-9.719896e-02	-1.904179e-01	1.046152e-01	4.127711e-02	-4.249102e-02	4.043825e-02	-6.123607e-03	-9.539543e-03	6.318185e-02	-8.462818e-02	1.091433e-01	4.469423e-02	-6.851647e-02	7.466074e-02	3.285065e-02	-4.958579e-02	6.090291e-02	1.024855e-01	-1.231715e-01	-7.174759e-01	6.625406e-01	-5.495613e-01	1.000000e+00	-9.672038e-01	
-5.710666e-02	6.361548e-02	3.013782e-01	-1.680351e-01	-5.043974e-02	5.333025e-02	-5.167279e-02	2.317749e-03	1.638719e-02	-1.031775e-01	1.402607e-01	-1.852202e-01	-6.253158e-02	1.029965e-01	-1.041917e-01	-6.157643e-02	8.811834e-02	-1.059903e-01	-1.827954e-01	2.318315e-01	5.639652e-01	-5.016151e-01	3.862508e-01	-9.672038e-01	1.000000e+00	

Time taken for mcmc chain: 18.700000 minutes
