Number of steps: 4539378
Number of accepted steps: 1000000
Burn-in number of steps: 320000
Accepted fraction of steps: 0.220294
Convergence Status
R[0]= 1.001302	R[1]= 1.001400	R[2]= 1.009016	R[3]= 1.004134	R[4]= 1.001806	R[5]= 1.002802	R[6]= 1.003899	R[7]= 1.000252	R[8]= 1.000782	R[9]= 1.000757	R[10]= 1.001516	R[11]= 1.002934	R[12]= 1.000644	R[13]= 1.001399	R[14]= 1.011194	R[15]= 1.002624	R[16]= 1.003119	R[17]= 1.003625	R[18]= 1.001013	R[19]= 1.001340	R[20]= 1.000279	R[21]= 1.000212	R[22]= 1.000385	R[23]= 1.002446	R[24]= 1.003217	
<R>= 1.002484

Mean parameters
A[0]= 9.115445e-01 pm 3.735959e-02
A[1]= 1.033244e+00 pm 3.417933e-02
A[2]= 6.735793e-01 pm 4.223698e-01
A[3]= 3.254887e+00 pm 1.133388e+00
A[4]= -3.064649e+03 pm 3.815109e+03
A[5]= 1.381486e+03 pm 2.503112e+03
A[6]= 1.156106e+02 pm 5.833083e+02
A[7]= 1.798353e+01 pm 1.309288e+01
A[8]= -3.179370e-01 pm 1.831941e-01
A[9]= -5.617130e+03 pm 8.405451e+03
A[10]= 2.633165e+03 pm 5.019855e+03
A[11]= -6.180703e+02 pm 1.041720e+03
A[12]= 3.203164e+01 pm 4.817997e+01
A[13]= -8.553168e-01 pm 9.302497e-01
A[14]= 4.862764e+00 pm 1.609630e+00
A[15]= -7.698539e+03 pm 5.304950e+03
A[16]= 5.285979e+03 pm 3.479156e+03
A[17]= -8.903716e+02 pm 8.127270e+02
A[18]= 8.574097e+00 pm 1.950319e+01
A[19]= 4.302335e-02 pm 2.711352e-01
A[20]= 4.001425e+03 pm 1.144979e+04
A[21]= -2.351079e+03 pm 6.917712e+03
A[22]= 6.053192e+01 pm 1.461111e+03
A[23]= -4.235431e+01 pm 6.762954e+01
A[24]= 5.696030e-01 pm 1.327524e+00

Best-fitting parameters
A[0]= 9.345007e-01
A[1]= 1.022187e+00
A[2]= 5.840342e-01
A[3]= 3.167323e+00
A[4]= -2.962709e+03
A[5]= 1.202522e+03
A[6]= 1.839961e+02
A[7]= 1.830494e+01
A[8]= -3.299344e-01
A[9]= -2.393832e+03
A[10]= 6.605051e+02
A[11]= -2.577102e+02
A[12]= 1.328230e+01
A[13]= -5.957135e-01
A[14]= 5.576095e+00
A[15]= -8.455617e+03
A[16]= 6.054386e+03
A[17]= -1.130298e+03
A[18]= -2.302403e-01
A[19]= 2.342666e-01
A[20]= 4.895391e+03
A[21]= -3.126278e+03
A[22]= 2.243927e+02
A[23]= -7.269942e+01
A[24]= 1.301436e+00
chi2_min= 9.015902e+01


Cross-Covariance parameters
1.000000e+00	-5.609556e-01	-1.478958e-01	1.209948e-01	-4.740661e-03	1.149533e-02	-2.387673e-02	5.219336e-02	-1.618795e-02	-2.774220e-02	4.695206e-02	-8.670141e-02	1.335249e-01	-9.362461e-02	6.361341e-02	6.929073e-02	-7.140753e-02	6.480873e-02	4.779689e-02	-5.818622e-02	-2.088727e-02	3.365159e-02	-6.912417e-02	1.584178e-01	-1.260783e-01	
-5.609556e-01	1.000000e+00	1.677090e-01	-1.916248e-01	-3.882278e-03	5.309547e-03	-1.432070e-02	1.282589e-01	-1.315432e-01	3.817729e-02	-5.309518e-02	7.868542e-02	-1.109342e-01	4.949508e-02	-2.180943e-01	-2.788789e-02	3.017060e-02	-3.914939e-02	1.631114e-01	-1.447540e-01	9.537454e-03	-1.687289e-02	4.094021e-02	-9.243945e-02	5.032580e-02	
-1.478958e-01	1.677090e-01	1.000000e+00	-6.500529e-01	-6.049486e-02	6.646647e-02	-6.260584e-02	-4.452697e-02	6.223362e-02	-3.763187e-01	4.853636e-01	-6.147134e-01	-1.263678e-01	2.664480e-01	-6.401972e-01	-1.226757e-01	1.296452e-01	-1.268695e-01	-1.826311e-02	5.510068e-02	-3.874595e-01	5.032234e-01	-6.351826e-01	-1.706916e-01	3.033337e-01	
1.209948e-01	-1.916248e-01	-6.500529e-01	1.000000e+00	-5.390838e-01	5.929073e-01	-6.342609e-01	1.419302e-01	1.398547e-01	1.541194e-01	-1.978239e-01	2.571868e-01	2.127679e-02	-5.243641e-02	4.161881e-01	9.957293e-02	-1.059266e-01	1.051512e-01	-8.680554e-03	-2.780668e-02	2.483238e-01	-3.220494e-01	4.063981e-01	1.233574e-01	-2.075957e-01	
-4.740661e-03	-3.882278e-03	-6.049486e-02	-5.390838e-01	1.000000e+00	-9.856406e-01	9.454782e-01	-6.180302e-01	2.222611e-01	1.033019e-01	-1.476995e-01	1.947292e-01	1.041983e-01	-1.145753e-01	5.214462e-02	-3.219392e-03	3.329537e-03	-1.839675e-03	-1.273825e-03	7.585141e-03	3.407127e-02	-4.222889e-02	5.004900e-02	-8.280077e-04	-8.060240e-03	
1.149533e-02	5.309547e-03	6.646647e-02	5.929073e-01	-9.856406e-01	1.000000e+00	-9.864252e-01	5.613742e-01	-1.509400e-01	-1.136916e-01	1.627582e-01	-2.150778e-01	-1.155726e-01	1.396593e-01	-5.900542e-02	4.617822e-03	-4.455855e-03	2.545071e-03	1.953138e-03	-8.928756e-03	-3.792052e-02	4.693790e-02	-5.589021e-02	7.862986e-04	8.926578e-03	
-2.387673e-02	-1.432070e-02	-6.260584e-02	-6.342609e-01	9.454782e-01	-9.864252e-01	1.000000e+00	-4.963543e-01	8.631696e-02	1.218759e-01	-1.731077e-01	2.278421e-01	1.157235e-01	-1.489804e-01	6.164625e-02	-8.045227e-03	7.626427e-03	-4.992415e-03	-6.381018e-03	1.417189e-02	3.726542e-02	-4.597414e-02	5.477216e-02	-3.110115e-03	-5.773654e-03	
5.219336e-02	1.282589e-01	-4.452697e-02	1.419302e-01	-6.180302e-01	5.613742e-01	-4.963543e-01	1.000000e+00	-8.840594e-01	1.167500e-01	-1.024827e-01	7.522600e-02	-6.731670e-02	-9.960402e-02	-5.281940e-03	9.653846e-03	-1.053728e-02	6.446915e-03	6.021046e-02	-6.105030e-02	1.459393e-02	-1.982054e-02	2.712215e-02	2.479866e-02	-3.804296e-02	
-1.618795e-02	-1.315432e-01	6.223362e-02	1.398547e-01	2.222611e-01	-1.509400e-01	8.631696e-02	-8.840594e-01	1.000000e+00	-1.936570e-01	1.991731e-01	-1.895172e-01	3.542165e-02	1.876245e-01	-1.577278e-02	-5.740923e-03	6.461421e-03	-3.425670e-03	-5.459290e-02	5.211714e-02	-3.054338e-02	3.926078e-02	-5.042733e-02	-1.546891e-02	3.182061e-02	
-2.774220e-02	3.817729e-02	-3.763187e-01	1.541194e-01	1.033019e-01	-1.136916e-01	1.218759e-01	1.167500e-01	-1.936570e-01	1.000000e+00	-9.840276e-01	9.194459e-01	-7.523044e-01	5.570045e-01	2.583211e-01	7.748866e-03	-1.027668e-02	9.870200e-03	2.930086e-02	-2.766783e-02	1.642145e-01	-2.086366e-01	2.607660e-01	3.910006e-02	-9.707568e-02	
4.695206e-02	-5.309518e-02	4.853636e-01	-1.978239e-01	-1.476995e-01	1.627582e-01	-1.731077e-01	-1.024827e-01	1.991731e-01	-9.840276e-01	1.000000e+00	-9.739591e-01	7.049687e-01	-5.011108e-01	-3.254274e-01	-2.400034e-02	2.722873e-02	-2.645015e-02	-3.270628e-02	3.607506e-02	-2.127520e-01	2.713915e-01	-3.405064e-01	-5.275550e-02	1.282913e-01	
-8.670141e-02	7.868542e-02	-6.147134e-01	2.571868e-01	1.947292e-01	-2.150778e-01	2.278421e-01	7.522600e-02	-1.895172e-01	9.194459e-01	-9.739591e-01	1.000000e+00	-5.999061e-01	3.948708e-01	4.048133e-01	4.358880e-02	-4.782093e-02	4.693390e-02	3.469379e-02	-4.428295e-02	2.709704e-01	-3.471318e-01	4.375751e-01	6.758856e-02	-1.647099e-01	
1.335249e-01	-1.109342e-01	-1.263678e-01	2.127679e-02	1.041983e-01	-1.155726e-01	1.157235e-01	-6.731670e-02	3.542165e-02	-7.523044e-01	7.049687e-01	-5.999061e-01	1.000000e+00	-9.445371e-01	6.179409e-02	4.912519e-02	-5.337667e-02	5.490186e-02	-2.829552e-04	-1.711216e-02	2.523425e-02	-3.882736e-02	5.300575e-02	6.760339e-02	-7.790260e-02	
-9.362461e-02	4.949508e-02	2.664480e-01	-5.243641e-02	-1.145753e-01	1.396593e-01	-1.489804e-01	-9.960402e-02	1.876245e-01	5.570045e-01	-5.011108e-01	3.948708e-01	-9.445371e-01	1.000000e+00	-1.485157e-01	-5.538781e-02	6.124276e-02	-6.247467e-02	-2.163237e-02	3.996026e-02	-8.624639e-02	1.181753e-01	-1.550321e-01	-8.525397e-02	1.202723e-01	
6.361341e-02	-2.180943e-01	-6.401972e-01	4.161881e-01	5.214462e-02	-5.900542e-02	6.164625e-02	-5.281940e-03	-1.577278e-02	2.583211e-01	-3.254274e-01	4.048133e-01	6.179409e-02	-1.485157e-01	1.000000e+00	-4.702244e-01	5.325739e-01	-5.804902e-01	2.407279e-03	2.341851e-01	1.464995e-01	-1.967283e-01	2.616586e-01	2.957463e-02	-6.097598e-02	
6.929073e-02	-2.788789e-02	-1.226757e-01	9.957293e-02	-3.219392e-03	4.617822e-03	-8.045227e-03	9.653846e-03	-5.740923e-03	7.748866e-03	-2.400034e-02	4.358880e-02	4.912519e-02	-5.538781e-02	-4.702244e-01	1.000000e+00	-9.837940e-01	9.383403e-01	-5.426967e-01	1.746935e-01	1.926543e-01	-2.350763e-01	2.737731e-01	8.000915e-02	-1.255094e-01	
-7.140753e-02	3.017060e-02	1.296452e-01	-1.059266e-01	3.329537e-03	-4.455855e-03	7.626427e-03	-1.053728e-02	6.461421e-03	-1.027668e-02	2.722873e-02	-4.782093e-02	-5.337667e-02	6.124276e-02	5.325739e-01	-9.837940e-01	1.000000e+00	-9.846370e-01	4.683192e-01	-8.684398e-02	-2.028867e-01	2.507574e-01	-2.950144e-01	-9.919736e-02	1.556145e-01	
6.480873e-02	-3.914939e-02	-1.268695e-01	1.051512e-01	-1.839675e-03	2.545071e-03	-4.992415e-03	6.446915e-03	-3.425670e-03	9.870200e-03	-2.645015e-02	4.693390e-02	5.490186e-02	-6.247467e-02	-5.804902e-01	9.383403e-01	-9.846370e-01	1.000000e+00	-3.853537e-01	4.687930e-03	2.052937e-01	-2.564818e-01	3.043518e-01	1.113968e-01	-1.747927e-01	
4.779689e-02	1.631114e-01	-1.826311e-02	-8.680554e-03	-1.273825e-03	1.953138e-03	-6.381018e-03	6.021046e-02	-5.459290e-02	2.930086e-02	-3.270628e-02	3.469379e-02	-2.829552e-04	-2.163237e-02	2.407279e-03	-5.426967e-01	4.683192e-01	-3.853537e-01	1.000000e+00	-9.067964e-01	-6.093011e-03	1.008276e-02	-1.480269e-02	7.968074e-02	-1.572019e-01	
-5.818622e-02	-1.447540e-01	5.510068e-02	-2.780668e-02	7.585141e-03	-8.928756e-03	1.417189e-02	-6.105030e-02	5.211714e-02	-2.766783e-02	3.607506e-02	-4.428295e-02	-1.711216e-02	3.996026e-02	2.341851e-01	1.746935e-01	-8.684398e-02	4.687930e-03	-9.067964e-01	1.000000e+00	-7.559387e-02	8.913635e-02	-9.914667e-02	-1.249639e-01	2.422020e-01	
-2.088727e-02	9.537454e-03	-3.874595e-01	2.483238e-01	3.407127e-02	-3.792052e-02	3.726542e-02	1.459393e-02	-3.054338e-02	1.642145e-01	-2.127520e-01	2.709704e-01	2.523425e-02	-8.624639e-02	1.464995e-01	1.926543e-01	-2.028867e-01	2.052937e-01	-6.093011e-03	-7.559387e-02	1.000000e+00	-9.834704e-01	9.180354e-01	-7.099174e-01	5.400978e-01	
3.365159e-02	-1.687289e-02	5.032234e-01	-3.220494e-01	-4.222889e-02	4.693790e-02	-4.597414e-02	-1.982054e-02	3.926078e-02	-2.086366e-01	2.713915e-01	-3.471318e-01	-3.882736e-02	1.181753e-01	-1.967283e-01	-2.350763e-01	2.507574e-01	-2.564818e-01	1.008276e-02	8.913635e-02	-9.834704e-01	1.000000e+00	-9.738581e-01	6.503847e-01	-4.707285e-01	
-6.912417e-02	4.094021e-02	-6.351826e-01	4.063981e-01	5.004900e-02	-5.589021e-02	5.477216e-02	2.712215e-02	-5.042733e-02	2.607660e-01	-3.405064e-01	4.375751e-01	5.300575e-02	-1.550321e-01	2.616586e-01	2.737731e-01	-2.950144e-01	3.043518e-01	-1.480269e-02	-9.914667e-02	9.180354e-01	-9.738581e-01	1.000000e+00	-5.343945e-01	3.503211e-01	
1.584178e-01	-9.243945e-02	-1.706916e-01	1.233574e-01	-8.280077e-04	7.862986e-04	-3.110115e-03	2.479866e-02	-1.546891e-02	3.910006e-02	-5.275550e-02	6.758856e-02	6.760339e-02	-8.525397e-02	2.957463e-02	8.000915e-02	-9.919736e-02	1.113968e-01	7.968074e-02	-1.249639e-01	-7.099174e-01	6.503847e-01	-5.343945e-01	1.000000e+00	-9.640223e-01	
-1.260783e-01	5.032580e-02	3.033337e-01	-2.075957e-01	-8.060240e-03	8.926578e-03	-5.773654e-03	-3.804296e-02	3.182061e-02	-9.707568e-02	1.282913e-01	-1.647099e-01	-7.790260e-02	1.202723e-01	-6.097598e-02	-1.255094e-01	1.556145e-01	-1.747927e-01	-1.572019e-01	2.422020e-01	5.400978e-01	-4.707285e-01	3.503211e-01	-9.640223e-01	1.000000e+00	

Time taken for mcmc chain: 23.950000 minutes
