Number of steps: 17390414
Number of accepted steps: 1000000
Burn-in number of steps: 320000
Accepted fraction of steps: 0.057503
Convergence Status
R[0]= 1.004657	R[1]= 1.009540	R[2]= 1.032405	R[3]= 1.013894	R[4]= 1.000956	R[5]= 1.000884	R[6]= 1.000833	R[7]= 1.000244	R[8]= 1.000233	R[9]= 1.003204	R[10]= 1.005209	R[11]= 1.007876	R[12]= 1.001115	R[13]= 1.002071	R[14]= 1.007744	R[15]= 1.000819	R[16]= 1.000919	R[17]= 1.000947	R[18]= 1.000129	R[19]= 1.000121	R[20]= 1.002331	R[21]= 1.003966	R[22]= 1.006342	R[23]= 1.002854	R[24]= 1.005225	
<R>= 1.004581

Mean parameters
A[0]= 9.235997e-01 pm 3.457405e-02
A[1]= 1.047779e+00 pm 3.063025e-02
A[2]= 6.687475e-01 pm 4.732208e-01
A[3]= 4.439063e+00 pm 1.503822e+00
A[4]= -3.913151e+03 pm 3.747131e+03
A[5]= 1.943615e+03 pm 2.460795e+03
A[6]= -9.502090e+00 pm 5.768078e+02
A[7]= 1.618887e+01 pm 1.312630e+01
A[8]= -2.598002e-01 pm 1.818937e-01
A[9]= -4.185891e+03 pm 8.510113e+03
A[10]= 1.865462e+03 pm 5.130948e+03
A[11]= -4.791071e+02 pm 1.082495e+03
A[12]= 1.900888e+01 pm 4.816276e+01
A[13]= -5.377827e-01 pm 9.335056e-01
A[14]= 6.391346e+00 pm 2.088063e+00
A[15]= -6.900659e+03 pm 5.231795e+03
A[16]= 5.002930e+03 pm 3.441649e+03
A[17]= -8.805420e+02 pm 8.080889e+02
A[18]= 1.904705e+00 pm 1.938030e+01
A[19]= 1.488407e-01 pm 2.690502e-01
A[20]= 5.707504e+03 pm 1.175485e+04
A[21]= -3.184267e+03 pm 7.136946e+03
A[22]= 1.886061e+02 pm 1.518082e+03
A[23]= -5.065336e+01 pm 6.812388e+01
A[24]= 7.376744e-01 pm 1.337726e+00

Best-fitting parameters
A[0]= 9.316483e-01
A[1]= 1.040972e+00
A[2]= 5.512841e-01
A[3]= 4.413730e+00
A[4]= -3.511253e+03
A[5]= 1.684628e+03
A[6]= 5.667182e+01
A[7]= 1.642001e+01
A[8]= -2.792097e-01
A[9]= -1.801185e+02
A[10]= -2.957564e+02
A[11]= -6.905841e+01
A[12]= -3.306097e+00
A[13]= -1.679511e-02
A[14]= 6.257609e+00
A[15]= -5.702528e+03
A[16]= 4.115022e+03
A[17]= -6.566096e+02
A[18]= -1.735703e+00
A[19]= 2.224716e-01
A[20]= 3.049653e+03
A[21]= -2.030202e+03
A[22]= 5.270174e+01
A[23]= -2.359056e+01
A[24]= 2.614581e-01
chi2_min= 8.898677e+01


Cross-Covariance parameters
1.000000e+00	-5.059333e-01	-1.709316e-01	1.231402e-01	2.046884e-03	4.510812e-04	-1.074239e-02	8.288753e-02	-6.145255e-02	-3.015489e-04	8.608170e-03	-3.504454e-02	1.322157e-01	-1.087517e-01	3.873017e-02	1.113815e-01	-1.171749e-01	1.123135e-01	5.841680e-02	-8.334015e-02	2.520337e-02	-1.816130e-02	-9.738707e-03	1.527579e-01	-1.364501e-01	
-5.059333e-01	1.000000e+00	2.707482e-01	-2.356266e-01	-3.802565e-02	4.078486e-02	-4.944888e-02	1.342102e-01	-1.174085e-01	-4.188145e-02	4.562948e-02	-4.093827e-02	-9.689906e-02	6.301445e-02	-2.486780e-01	-3.630229e-02	3.642387e-02	-4.279725e-02	1.729112e-01	-1.669107e-01	-4.137805e-02	4.136768e-02	-2.881838e-02	-9.237731e-02	6.870258e-02	
-1.709316e-01	2.707482e-01	1.000000e+00	-7.013939e-01	-3.220741e-02	3.879470e-02	-3.573487e-02	-5.615875e-02	7.070386e-02	-4.204747e-01	5.330984e-01	-6.622500e-01	-1.090217e-01	2.574026e-01	-6.741450e-01	-1.006358e-01	1.043519e-01	-9.994780e-02	5.821734e-03	8.948336e-03	-4.098803e-01	5.191714e-01	-6.456541e-01	-1.612910e-01	3.066377e-01	
1.231402e-01	-2.356266e-01	-7.013939e-01	1.000000e+00	-5.068948e-01	5.576061e-01	-5.971719e-01	1.613295e-01	9.636749e-02	2.295288e-01	-2.896844e-01	3.636805e-01	1.690459e-02	-7.644479e-02	5.092654e-01	6.973400e-02	-7.465126e-02	7.381399e-02	-7.318195e-03	-4.802827e-03	2.943643e-01	-3.757659e-01	4.697970e-01	1.292339e-01	-2.330580e-01	
2.046884e-03	-3.802565e-02	-3.220741e-02	-5.068948e-01	1.000000e+00	-9.848537e-01	9.427447e-01	-6.402281e-01	2.513791e-01	7.062501e-02	-1.087116e-01	1.499328e-01	1.192733e-01	-1.169668e-01	1.725429e-02	1.409429e-02	-1.283975e-02	1.204609e-02	-2.226610e-02	1.620304e-02	1.757504e-02	-1.873187e-02	2.000500e-02	-6.193156e-03	3.284920e-03	
4.510812e-04	4.078486e-02	3.879470e-02	5.576061e-01	-9.848537e-01	1.000000e+00	-9.857983e-01	5.853043e-01	-1.810720e-01	-8.342217e-02	1.256394e-01	-1.714018e-01	-1.301513e-01	1.418154e-01	-2.099602e-02	-1.674140e-02	1.581657e-02	-1.535605e-02	2.378817e-02	-1.661685e-02	-2.259582e-02	2.490324e-02	-2.746792e-02	8.431550e-03	-4.536475e-03	
-1.074239e-02	-4.944888e-02	-3.573487e-02	-5.971719e-01	9.427447e-01	-9.857983e-01	1.000000e+00	-5.206085e-01	1.165690e-01	9.545343e-02	-1.391619e-01	1.863180e-01	1.274175e-01	-1.489021e-01	2.077882e-02	1.634288e-02	-1.560478e-02	1.568911e-02	-2.845375e-02	2.100554e-02	2.262347e-02	-2.489111e-02	2.744709e-02	-1.272926e-02	9.708162e-03	
8.288753e-02	1.342102e-01	-5.615875e-02	1.613295e-01	-6.402281e-01	5.853043e-01	-5.206085e-01	1.000000e+00	-8.846967e-01	1.169815e-01	-1.027911e-01	7.604376e-02	-6.930430e-02	-9.438514e-02	1.845994e-03	1.832458e-02	-2.073975e-02	1.866377e-02	6.026232e-02	-6.280846e-02	2.749849e-02	-3.683410e-02	4.685050e-02	2.163129e-02	-3.784540e-02	
-6.145255e-02	-1.174085e-01	7.070386e-02	9.636749e-02	2.513791e-01	-1.810720e-01	1.165690e-01	-8.846967e-01	1.000000e+00	-1.788905e-01	1.819442e-01	-1.708653e-01	2.612535e-02	1.899647e-01	-9.264531e-03	-2.375237e-02	2.549525e-02	-2.334116e-02	-4.554664e-02	5.102234e-02	-3.554971e-02	4.543752e-02	-5.651377e-02	-1.504394e-02	3.290770e-02	
-3.015489e-04	-4.188145e-02	-4.204747e-01	2.295288e-01	7.062501e-02	-8.342217e-02	9.545343e-02	1.169815e-01	-1.788905e-01	1.000000e+00	-9.838670e-01	9.197010e-01	-7.374476e-01	5.411623e-01	2.805362e-01	4.998014e-02	-5.070795e-02	4.775411e-02	-3.752351e-03	-7.902197e-03	1.888136e-01	-2.376165e-01	2.951404e-01	5.158454e-02	-1.213550e-01	
8.608170e-03	4.562948e-02	5.330984e-01	-2.896844e-01	-1.087116e-01	1.256394e-01	-1.391619e-01	-1.027911e-01	1.819442e-01	-9.838670e-01	1.000000e+00	-9.743297e-01	6.820751e-01	-4.771680e-01	-3.599745e-01	-6.025131e-02	6.185261e-02	-5.881992e-02	1.967882e-03	1.157602e-02	-2.409294e-01	3.039192e-01	-3.784041e-01	-6.529202e-02	1.539461e-01	
-3.504454e-02	-4.093827e-02	-6.622500e-01	3.636805e-01	1.499328e-01	-1.714018e-01	1.863180e-01	7.604376e-02	-1.708653e-01	9.197010e-01	-9.743297e-01	1.000000e+00	-5.681695e-01	3.617981e-01	4.533993e-01	7.018925e-02	-7.278944e-02	6.980376e-02	-5.101356e-04	-1.471079e-02	3.011719e-01	-3.811123e-01	4.762769e-01	7.990442e-02	-1.909370e-01	
1.322157e-01	-9.689906e-02	-1.090217e-01	1.690459e-02	1.192733e-01	-1.301513e-01	1.274175e-01	-6.930430e-02	2.612535e-02	-7.374476e-01	6.820751e-01	-5.681695e-01	1.000000e+00	-9.458316e-01	7.639722e-02	2.192936e-02	-2.408071e-02	2.433322e-02	4.864419e-03	-9.148178e-03	3.601974e-02	-4.762069e-02	5.942589e-02	3.880187e-02	-4.803114e-02	
-1.087517e-01	6.301445e-02	2.574026e-01	-7.644479e-02	-1.169668e-01	1.418154e-01	-1.489021e-01	-9.438514e-02	1.899647e-01	5.411623e-01	-4.771680e-01	3.617981e-01	-9.458316e-01	1.000000e+00	-1.730597e-01	-3.791455e-02	4.053520e-02	-3.950072e-02	-1.355452e-02	2.126053e-02	-1.059558e-01	1.366853e-01	-1.716811e-01	-5.394370e-02	9.107051e-02	
3.873017e-02	-2.486780e-01	-6.741450e-01	5.092654e-01	1.725429e-02	-2.099602e-02	2.077882e-02	1.845994e-03	-9.264531e-03	2.805362e-01	-3.599745e-01	4.533993e-01	7.639722e-02	-1.730597e-01	1.000000e+00	-4.562754e-01	5.156568e-01	-5.617983e-01	1.498867e-02	2.244340e-01	1.878302e-01	-2.446034e-01	3.196701e-01	4.672351e-02	-1.021336e-01	
1.113815e-01	-3.630229e-02	-1.006358e-01	6.973400e-02	1.409429e-02	-1.674140e-02	1.634288e-02	1.832458e-02	-2.375237e-02	4.998014e-02	-6.025131e-02	7.018925e-02	2.192936e-02	-3.791455e-02	-4.562754e-01	1.000000e+00	-9.834955e-01	9.372677e-01	-5.575752e-01	1.911442e-01	1.905658e-01	-2.289525e-01	2.610648e-01	5.832674e-02	-9.577963e-02	
-1.171749e-01	3.642387e-02	1.043519e-01	-7.465126e-02	-1.283975e-02	1.581657e-02	-1.560478e-02	-2.073975e-02	2.549525e-02	-5.070795e-02	6.185261e-02	-7.278944e-02	-2.408071e-02	4.053520e-02	5.156568e-01	-9.834955e-01	1.000000e+00	-9.843794e-01	4.838044e-01	-1.031000e-01	-2.010179e-01	2.446161e-01	-2.819347e-01	-7.702155e-02	1.243551e-01	
1.123135e-01	-4.279725e-02	-9.994780e-02	7.381399e-02	1.204609e-02	-1.535605e-02	1.568911e-02	1.866377e-02	-2.334116e-02	4.775411e-02	-5.881992e-02	6.980376e-02	2.433322e-02	-3.950072e-02	-5.617983e-01	9.372677e-01	-9.843794e-01	1.000000e+00	-4.001273e-01	1.965602e-02	2.037550e-01	-2.504826e-01	2.911639e-01	8.864124e-02	-1.421617e-01	
5.841680e-02	1.729112e-01	5.821734e-03	-7.318195e-03	-2.226610e-02	2.378817e-02	-2.845375e-02	6.026232e-02	-4.554664e-02	-3.752351e-03	1.967882e-03	-5.101356e-04	4.864419e-03	-1.355452e-02	1.498867e-02	-5.575752e-01	4.838044e-01	-4.001273e-01	1.000000e+00	-9.064240e-01	-1.249829e-02	1.693013e-02	-2.217760e-02	7.898908e-02	-1.577812e-01	
-8.334015e-02	-1.669107e-01	8.948336e-03	-4.802827e-03	1.620304e-02	-1.661685e-02	2.100554e-02	-6.280846e-02	5.102234e-02	-7.902197e-03	1.157602e-02	-1.471079e-02	-9.148178e-03	2.126053e-02	2.244340e-01	1.911442e-01	-1.031000e-01	1.965602e-02	-9.064240e-01	1.000000e+00	-6.058945e-02	7.126533e-02	-7.741424e-02	-1.191985e-01	2.334992e-01	
2.520337e-02	-4.137805e-02	-4.098803e-01	2.943643e-01	1.757504e-02	-2.259582e-02	2.262347e-02	2.749849e-02	-3.554971e-02	1.888136e-01	-2.409294e-01	3.011719e-01	3.601974e-02	-1.059558e-01	1.878302e-01	1.905658e-01	-2.010179e-01	2.037550e-01	-1.249829e-02	-6.058945e-02	1.000000e+00	-9.839384e-01	9.198799e-01	-7.044747e-01	5.289671e-01	
-1.816130e-02	4.136768e-02	5.191714e-01	-3.757659e-01	-1.873187e-02	2.490324e-02	-2.489111e-02	-3.683410e-02	4.543752e-02	-2.376165e-01	3.039192e-01	-3.811123e-01	-4.762069e-02	1.366853e-01	-2.446034e-01	-2.289525e-01	2.446161e-01	-2.504826e-01	1.693013e-02	7.126533e-02	-9.839384e-01	1.000000e+00	-9.743362e-01	6.419424e-01	-4.560494e-01	
-9.738707e-03	-2.881838e-02	-6.456541e-01	4.697970e-01	2.000500e-02	-2.746792e-02	2.744709e-02	4.685050e-02	-5.651377e-02	2.951404e-01	-3.784041e-01	4.762769e-01	5.942589e-02	-1.716811e-01	3.196701e-01	2.610648e-01	-2.819347e-01	2.911639e-01	-2.217760e-02	-7.741424e-02	9.198799e-01	-9.743362e-01	1.000000e+00	-5.222636e-01	3.316191e-01	
1.527579e-01	-9.237731e-02	-1.612910e-01	1.292339e-01	-6.193156e-03	8.431550e-03	-1.272926e-02	2.163129e-02	-1.504394e-02	5.158454e-02	-6.529202e-02	7.990442e-02	3.880187e-02	-5.394370e-02	4.672351e-02	5.832674e-02	-7.702155e-02	8.864124e-02	7.898908e-02	-1.191985e-01	-7.044747e-01	6.419424e-01	-5.222636e-01	1.000000e+00	-9.625436e-01	
-1.364501e-01	6.870258e-02	3.066377e-01	-2.330580e-01	3.284920e-03	-4.536475e-03	9.708162e-03	-3.784540e-02	3.290770e-02	-1.213550e-01	1.539461e-01	-1.909370e-01	-4.803114e-02	9.107051e-02	-1.021336e-01	-9.577963e-02	1.243551e-01	-1.421617e-01	-1.577812e-01	2.334992e-01	5.289671e-01	-4.560494e-01	3.316191e-01	-9.625436e-01	1.000000e+00	

Time taken for mcmc chain: 1.388333 hours
