Number of steps: 22287004
Number of accepted steps: 1000000
Burn-in number of steps: 320000
Accepted fraction of steps: 0.044869
Convergence Status
R[0]= 1.000753	R[1]= 1.000493	R[2]= 1.001539	R[3]= 1.000384	R[4]= 1.000818	R[5]= 1.001050	R[6]= 1.001154	R[7]= 1.000105	R[8]= 1.000482	R[9]= 1.000426	R[10]= 1.000361	R[11]= 1.000312	R[12]= 1.000189	R[13]= 1.000337	R[14]= 1.000501	R[15]= 1.000839	R[16]= 1.000852	R[17]= 1.000826	R[18]= 1.000609	R[19]= 1.000273	R[20]= 1.000533	R[21]= 1.000440	R[22]= 1.000326	R[23]= 1.000554	R[24]= 1.000527	
<R>= 1.000587

Mean parameters
A[0]= 9.237862e-01 pm 3.451837e-02
A[1]= 1.046794e+00 pm 3.037663e-02
A[2]= 6.834357e-01 pm 4.916327e-01
A[3]= 4.113854e+00 pm 1.439227e+00
A[4]= -3.939993e+03 pm 3.784863e+03
A[5]= 1.963342e+03 pm 2.491404e+03
A[6]= -1.409845e+01 pm 5.845589e+02
A[7]= 1.620630e+01 pm 1.308168e+01
A[8]= -2.605563e-01 pm 1.801738e-01
A[9]= -4.151584e+03 pm 8.513780e+03
A[10]= 1.866825e+03 pm 5.119226e+03
A[11]= -4.856723e+02 pm 1.077733e+03
A[12]= 1.851686e+01 pm 4.893944e+01
A[13]= -5.301882e-01 pm 9.461181e-01
A[14]= 5.876008e+00 pm 1.989079e+00
A[15]= -6.747465e+03 pm 5.308296e+03
A[16]= 4.900960e+03 pm 3.483683e+03
A[17]= -8.565823e+02 pm 8.156550e+02
A[18]= 1.416038e+00 pm 1.943992e+01
A[19]= 1.525351e-01 pm 2.674996e-01
A[20]= 5.481661e+03 pm 1.183410e+04
A[21]= -3.024570e+03 pm 7.212516e+03
A[22]= 1.503777e+02 pm 1.538800e+03
A[23]= -4.906361e+01 pm 6.772964e+01
A[24]= 7.146274e-01 pm 1.328192e+00

Best-fitting parameters
A[0]= 9.274546e-01
A[1]= 1.057173e+00
A[2]= 7.350395e-01
A[3]= 3.574895e+00
A[4]= -3.392693e+03
A[5]= 1.619461e+03
A[6]= 4.638587e+01
A[7]= 2.066573e+01
A[8]= -3.571739e-01
A[9]= -6.174896e+03
A[10]= 3.223457e+03
A[11]= -8.263238e+02
A[12]= 3.663755e+01
A[13]= -9.424559e-01
A[14]= 5.804473e+00
A[15]= -6.376731e+03
A[16]= 5.007915e+03
A[17]= -9.734452e+02
A[18]= -5.774788e+00
A[19]= 2.763444e-01
A[20]= 1.746514e+03
A[21]= -3.409608e+02
A[22]= -4.666196e+02
A[23]= -3.823671e+01
A[24]= 4.754523e-01
chi2_min= 8.902058e+01


Cross-Covariance parameters
1.000000e+00	-5.035485e-01	-1.846298e-01	1.160633e-01	-5.624997e-03	6.836497e-03	-1.564105e-02	8.722601e-02	-5.947451e-02	-1.125254e-02	2.000255e-02	-4.646715e-02	1.416415e-01	-1.159952e-01	7.465387e-02	6.005098e-02	-6.387629e-02	5.856406e-02	7.993433e-02	-8.382924e-02	2.933581e-02	-2.249187e-02	-5.869029e-03	1.366467e-01	-1.213922e-01	
-5.035485e-01	1.000000e+00	2.282977e-01	-2.164177e-01	3.028349e-03	1.230454e-03	-1.268299e-02	1.182725e-01	-1.250472e-01	5.101143e-03	-6.628799e-03	1.617950e-02	-1.132493e-01	6.820091e-02	-2.568039e-01	9.649912e-03	-7.095763e-03	-1.591357e-03	1.339373e-01	-1.420439e-01	-2.738805e-02	2.924687e-02	-1.771851e-02	-8.232750e-02	5.488754e-02	
-1.846298e-01	2.282977e-01	1.000000e+00	-7.146138e-01	2.407556e-02	-2.289641e-02	2.947712e-02	-6.259284e-02	3.164655e-02	-3.833978e-01	4.966857e-01	-6.274918e-01	-1.267515e-01	2.638953e-01	-6.886281e-01	-3.930035e-02	4.844508e-02	-4.899585e-02	-4.703276e-02	4.828440e-02	-4.057686e-01	5.176720e-01	-6.442570e-01	-1.521404e-01	2.968428e-01	
1.160633e-01	-2.164177e-01	-7.146138e-01	1.000000e+00	-5.314386e-01	5.828126e-01	-6.221206e-01	1.695439e-01	1.144967e-01	2.210331e-01	-2.842858e-01	3.627440e-01	2.800896e-02	-8.706288e-02	5.336322e-01	3.139572e-02	-3.701886e-02	3.696895e-02	1.408307e-02	-1.681674e-02	3.080704e-01	-3.908939e-01	4.847632e-01	1.095579e-01	-2.155629e-01	
-5.624997e-03	3.028349e-03	2.407556e-02	-5.314386e-01	1.000000e+00	-9.851962e-01	9.441603e-01	-6.436621e-01	2.483056e-01	5.038139e-02	-8.580266e-02	1.240481e-01	1.227440e-01	-1.186524e-01	-2.028652e-02	1.802403e-02	-1.909312e-02	2.011455e-02	-3.068568e-03	-7.355851e-03	2.737098e-03	-1.870837e-03	9.497200e-04	-5.822615e-03	5.596035e-03	
6.836497e-03	1.230454e-03	-2.289641e-02	5.828126e-01	-9.851962e-01	1.000000e+00	-9.861865e-01	5.903563e-01	-1.791120e-01	-6.035788e-02	9.955917e-02	-1.419252e-01	-1.321972e-01	1.402134e-01	1.790079e-02	-1.817629e-02	1.903481e-02	-1.996585e-02	4.300709e-03	6.299881e-03	-3.561769e-03	2.832211e-03	-2.056035e-03	5.937972e-03	-5.538600e-03	
-1.564105e-02	-1.268299e-02	2.947712e-02	-6.221206e-01	9.441603e-01	-9.861865e-01	1.000000e+00	-5.274267e-01	1.157619e-01	7.115989e-02	-1.115052e-01	1.548331e-01	1.280017e-01	-1.443244e-01	-1.886268e-02	1.683874e-02	-1.744493e-02	1.855208e-02	-9.257673e-03	-1.279803e-03	7.755193e-04	7.306490e-04	-2.324706e-03	-8.111389e-03	9.089306e-03	
8.722601e-02	1.182725e-01	-6.259284e-02	1.695439e-01	-6.436621e-01	5.903563e-01	-5.274267e-01	1.000000e+00	-8.808300e-01	1.158696e-01	-1.023675e-01	7.576014e-02	-7.523387e-02	-7.928687e-02	6.952366e-03	1.466545e-02	-1.614422e-02	1.371326e-02	5.294807e-02	-5.521557e-02	2.492497e-02	-3.182388e-02	3.895649e-02	2.982477e-02	-4.596102e-02	
-5.947451e-02	-1.250472e-01	3.164655e-02	1.144967e-01	2.483056e-01	-1.791120e-01	1.157619e-01	-8.808300e-01	1.000000e+00	-1.601359e-01	1.618571e-01	-1.485745e-01	3.153453e-02	1.707231e-01	1.342156e-02	-2.108089e-02	2.302084e-02	-2.148461e-02	-4.719699e-02	5.503405e-02	-1.924954e-02	2.400530e-02	-2.911866e-02	-2.328391e-02	3.797264e-02	
-1.125254e-02	5.101143e-03	-3.833978e-01	2.210331e-01	5.038139e-02	-6.035788e-02	7.115989e-02	1.158696e-01	-1.601359e-01	1.000000e+00	-9.833336e-01	9.166004e-01	-7.443168e-01	5.565010e-01	2.688504e-01	2.984363e-02	-3.465057e-02	3.534314e-02	2.598386e-02	-3.518092e-02	1.833221e-01	-2.313741e-01	2.878973e-01	5.464062e-02	-1.242388e-01	
2.000255e-02	-6.628799e-03	4.966857e-01	-2.842858e-01	-8.580266e-02	9.955917e-02	-1.115052e-01	-1.023675e-01	1.618571e-01	-9.833336e-01	1.000000e+00	-9.732426e-01	6.883425e-01	-4.913577e-01	-3.509780e-01	-3.597227e-02	4.165459e-02	-4.215275e-02	-3.224271e-02	4.304686e-02	-2.362064e-01	2.986257e-01	-3.721719e-01	-6.820227e-02	1.574042e-01	
-4.646715e-02	1.617950e-02	-6.274918e-01	3.627440e-01	1.240481e-01	-1.419252e-01	1.548331e-01	7.576014e-02	-1.485745e-01	9.166004e-01	-9.732426e-01	1.000000e+00	-5.722244e-01	3.731139e-01	4.467341e-01	4.260308e-02	-4.919087e-02	4.948284e-02	3.804218e-02	-5.075879e-02	2.978055e-01	-3.774026e-01	4.716478e-01	8.210021e-02	-1.944920e-01	
1.416415e-01	-1.132493e-01	-1.267515e-01	2.800896e-02	1.227440e-01	-1.321972e-01	1.280017e-01	-7.523387e-02	3.153453e-02	-7.443168e-01	6.883425e-01	-5.722244e-01	1.000000e+00	-9.487420e-01	8.892105e-02	1.687695e-02	-1.669170e-02	1.508603e-02	-3.470092e-04	-2.282844e-03	4.544632e-02	-5.682404e-02	6.675402e-02	2.915455e-02	-3.990316e-02	
-1.159952e-01	6.820091e-02	2.638953e-01	-8.706288e-02	-1.186524e-01	1.402134e-01	-1.443244e-01	-7.928687e-02	1.707231e-01	5.565010e-01	-4.913577e-01	3.731139e-01	-9.487420e-01	1.000000e+00	-1.797651e-01	-3.047256e-02	3.191017e-02	-3.004093e-02	-1.342022e-02	2.077112e-02	-1.155328e-01	1.451305e-01	-1.769069e-01	-4.514123e-02	8.393756e-02	
7.465387e-02	-2.568039e-01	-6.886281e-01	5.336322e-01	-2.028652e-02	1.790079e-02	-1.886268e-02	6.952366e-03	1.342156e-02	2.688504e-01	-3.509780e-01	4.467341e-01	8.892105e-02	-1.797651e-01	1.000000e+00	-4.765748e-01	5.324761e-01	-5.760511e-01	4.784619e-02	1.974505e-01	1.926178e-01	-2.522696e-01	3.276762e-01	4.867950e-02	-1.051525e-01	
6.005098e-02	9.649912e-03	-3.930035e-02	3.139572e-02	1.802403e-02	-1.817629e-02	1.683874e-02	1.466545e-02	-2.108089e-02	2.984363e-02	-3.597227e-02	4.260308e-02	1.687695e-02	-3.047256e-02	-4.765748e-01	1.000000e+00	-9.839238e-01	9.387421e-01	-5.689620e-01	1.954379e-01	1.967822e-01	-2.292437e-01	2.551537e-01	3.507684e-02	-7.573501e-02	
-6.387629e-02	-7.095763e-03	4.844508e-02	-3.701886e-02	-1.909312e-02	1.903481e-02	-1.744493e-02	-1.614422e-02	2.302084e-02	-3.465057e-02	4.165459e-02	-4.919087e-02	-1.669170e-02	3.191017e-02	5.324761e-01	-9.839238e-01	1.000000e+00	-9.847180e-01	4.978490e-01	-1.095795e-01	-2.072377e-01	2.450885e-01	-2.765039e-01	-5.362187e-02	1.044400e-01	
5.856406e-02	-1.591357e-03	-4.899585e-02	3.696895e-02	2.011455e-02	-1.996585e-02	1.855208e-02	1.371326e-02	-2.148461e-02	3.534314e-02	-4.215275e-02	4.948284e-02	1.508603e-02	-3.004093e-02	-5.760511e-01	9.387421e-01	-9.847180e-01	1.000000e+00	-4.166052e-01	2.807728e-02	2.088373e-01	-2.501674e-01	2.854544e-01	6.606064e-02	-1.229612e-01	
7.993433e-02	1.339373e-01	-4.703276e-02	1.408307e-02	-3.068568e-03	4.300709e-03	-9.257673e-03	5.294807e-02	-4.719699e-02	2.598386e-02	-3.224271e-02	3.804218e-02	-3.470092e-04	-1.342022e-02	4.784619e-02	-5.689620e-01	4.978490e-01	-4.166052e-01	1.000000e+00	-9.027305e-01	-1.814348e-02	1.941618e-02	-2.059791e-02	9.057800e-02	-1.670222e-01	
-8.382924e-02	-1.420439e-01	4.828440e-02	-1.681674e-02	-7.355851e-03	6.299881e-03	-1.279803e-03	-5.521557e-02	5.503405e-02	-3.518092e-02	4.304686e-02	-5.075879e-02	-2.282844e-03	2.077112e-02	1.974505e-01	1.954379e-01	-1.095795e-01	2.807728e-02	-9.027305e-01	1.000000e+00	-6.605772e-02	7.857062e-02	-8.742442e-02	-1.202194e-01	2.362853e-01	
2.933581e-02	-2.738805e-02	-4.057686e-01	3.080704e-01	2.737098e-03	-3.561769e-03	7.755193e-04	2.492497e-02	-1.924954e-02	1.833221e-01	-2.362064e-01	2.978055e-01	4.544632e-02	-1.155328e-01	1.926178e-01	1.967822e-01	-2.072377e-01	2.088373e-01	-1.814348e-02	-6.605772e-02	1.000000e+00	-9.838617e-01	9.204232e-01	-7.052187e-01	5.263345e-01	
-2.249187e-02	2.924687e-02	5.176720e-01	-3.908939e-01	-1.870837e-03	2.832211e-03	7.306490e-04	-3.182388e-02	2.400530e-02	-2.313741e-01	2.986257e-01	-3.774026e-01	-5.682404e-02	1.451305e-01	-2.522696e-01	-2.292437e-01	2.450885e-01	-2.501674e-01	1.941618e-02	7.857062e-02	-9.838617e-01	1.000000e+00	-9.747515e-01	6.430315e-01	-4.537767e-01	
-5.869029e-03	-1.771851e-02	-6.442570e-01	4.847632e-01	9.497200e-04	-2.056035e-03	-2.324706e-03	3.895649e-02	-2.911866e-02	2.878973e-01	-3.721719e-01	4.716478e-01	6.675402e-02	-1.769069e-01	3.276762e-01	2.551537e-01	-2.765039e-01	2.854544e-01	-2.059791e-02	-8.742442e-02	9.204232e-01	-9.747515e-01	1.000000e+00	-5.247109e-01	3.306920e-01	
1.366467e-01	-8.232750e-02	-1.521404e-01	1.095579e-01	-5.822615e-03	5.937972e-03	-8.111389e-03	2.982477e-02	-2.328391e-02	5.464062e-02	-6.820227e-02	8.210021e-02	2.915455e-02	-4.514123e-02	4.867950e-02	3.507684e-02	-5.362187e-02	6.606064e-02	9.057800e-02	-1.202194e-01	-7.052187e-01	6.430315e-01	-5.247109e-01	1.000000e+00	-9.620014e-01	
-1.213922e-01	5.488754e-02	2.968428e-01	-2.155629e-01	5.596035e-03	-5.538600e-03	9.089306e-03	-4.596102e-02	3.797264e-02	-1.242388e-01	1.574042e-01	-1.944920e-01	-3.990316e-02	8.393756e-02	-1.051525e-01	-7.573501e-02	1.044400e-01	-1.229612e-01	-1.670222e-01	2.362853e-01	5.263345e-01	-4.537767e-01	3.306920e-01	-9.620014e-01	1.000000e+00	

Time taken for mcmc chain: 1.727778 hours
