Number of steps: 15149974
Number of accepted steps: 1000000
Burn-in number of steps: 320000
Accepted fraction of steps: 0.066007
Convergence Status
R[0]= 1.000690	R[1]= 1.001932	R[2]= 1.003274	R[3]= 1.004656	R[4]= 1.001582	R[5]= 1.001965	R[6]= 1.002277	R[7]= 1.000854	R[8]= 1.000730	R[9]= 1.000514	R[10]= 1.000515	R[11]= 1.000603	R[12]= 1.000674	R[13]= 1.000603	R[14]= 1.003251	R[15]= 1.002382	R[16]= 1.002875	R[17]= 1.003155	R[18]= 1.000647	R[19]= 1.000307	R[20]= 1.001719	R[21]= 1.001930	R[22]= 1.002140	R[23]= 1.001011	R[24]= 1.000674	
<R>= 1.001638

Mean parameters
A[0]= 9.249778e-01 pm 3.548871e-02
A[1]= 1.046605e+00 pm 2.998679e-02
A[2]= 6.338339e-01 pm 4.262712e-01
A[3]= 3.544389e+00 pm 1.195951e+00
A[4]= -3.878072e+03 pm 3.805059e+03
A[5]= 1.912342e+03 pm 2.503881e+03
A[6]= -9.780791e-01 pm 5.873706e+02
A[7]= 1.634007e+01 pm 1.313106e+01
A[8]= -2.637336e-01 pm 1.804732e-01
A[9]= -3.782599e+03 pm 8.390874e+03
A[10]= 1.585951e+03 pm 5.024997e+03
A[11]= -4.130001e+02 pm 1.051477e+03
A[12]= 1.864536e+01 pm 4.850469e+01
A[13]= -5.446092e-01 pm 9.369332e-01
A[14]= 5.052349e+00 pm 1.622386e+00
A[15]= -6.619498e+03 pm 5.249274e+03
A[16]= 4.815947e+03 pm 3.443803e+03
A[17]= -8.372724e+02 pm 8.069328e+02
A[18]= 1.869223e+00 pm 1.928974e+01
A[19]= 1.444518e-01 pm 2.651415e-01
A[20]= 6.153239e+03 pm 1.163973e+04
A[21]= -3.489929e+03 pm 7.045133e+03
A[22]= 2.614012e+02 pm 1.493764e+03
A[23]= -4.947798e+01 pm 6.834667e+01
A[24]= 6.982511e-01 pm 1.332768e+00

Best-fitting parameters
A[0]= 9.318981e-01
A[1]= 1.049826e+00
A[2]= 8.889322e-01
A[3]= 3.109320e+00
A[4]= -3.701233e+03
A[5]= 2.014515e+03
A[6]= -6.791493e+01
A[7]= 9.461601e+00
A[8]= -1.609387e-01
A[9]= -7.658779e+03
A[10]= 4.297636e+03
A[11]= -1.097367e+03
A[12]= 1.430372e+01
A[13]= -3.210079e-01
A[14]= 4.155194e+00
A[15]= -5.161668e+03
A[16]= 3.831667e+03
A[17]= -6.134812e+02
A[18]= -1.488520e+01
A[19]= 3.622794e-01
A[20]= 2.997534e+03
A[21]= -1.240491e+03
A[22]= -2.904131e+02
A[23]= -7.592386e+01
A[24]= 1.493721e+00
chi2_min= 8.906711e+01


Cross-Covariance parameters
1.000000e+00	-5.175489e-01	-1.349262e-01	7.860194e-02	1.706684e-02	-1.636161e-02	8.041314e-03	6.514834e-02	-4.902008e-02	-1.745044e-02	3.085954e-02	-6.376661e-02	1.262367e-01	-9.296997e-02	4.067925e-02	6.715279e-02	-6.760460e-02	5.963871e-02	5.960678e-02	-6.418118e-02	-1.019132e-02	2.456470e-02	-6.138865e-02	1.477822e-01	-1.208988e-01	
-5.175489e-01	1.000000e+00	1.335825e-01	-1.430116e-01	-4.402693e-02	4.963808e-02	-6.073067e-02	1.508687e-01	-1.359227e-01	3.665260e-02	-4.451738e-02	6.179584e-02	-1.140021e-01	5.699331e-02	-2.006059e-01	-4.835952e-03	4.154175e-03	-1.101861e-02	1.465677e-01	-1.458637e-01	2.465999e-02	-3.296863e-02	5.494226e-02	-9.601903e-02	5.419269e-02	
-1.349262e-01	1.335825e-01	1.000000e+00	-6.918500e-01	2.910936e-03	-4.523828e-03	1.303139e-02	-6.781492e-02	4.674729e-02	-3.837246e-01	4.945912e-01	-6.278171e-01	-1.162542e-01	2.512104e-01	-6.524046e-01	-1.103149e-01	1.151747e-01	-1.094870e-01	-1.715965e-02	4.532098e-02	-4.018710e-01	5.173241e-01	-6.507953e-01	-1.494257e-01	2.872755e-01	
7.860194e-02	-1.430116e-01	-6.918500e-01	1.000000e+00	-5.456588e-01	6.013852e-01	-6.436894e-01	1.789106e-01	1.165704e-01	1.996115e-01	-2.558202e-01	3.299621e-01	1.883660e-02	-6.758373e-02	4.939123e-01	6.295970e-02	-6.438459e-02	5.992330e-02	-9.372952e-03	-2.851906e-03	2.854896e-01	-3.664945e-01	4.603453e-01	9.896360e-02	-1.936934e-01	
1.706684e-02	-4.402693e-02	2.910936e-03	-5.456588e-01	1.000000e+00	-9.851682e-01	9.439853e-01	-6.476112e-01	2.483269e-01	5.689995e-02	-9.298844e-02	1.310655e-01	1.095784e-01	-1.039553e-01	-1.856751e-02	1.829769e-02	-2.239080e-02	2.635531e-02	-1.054389e-03	-1.038362e-02	-6.075210e-03	5.204518e-03	-4.200715e-03	1.121638e-02	-1.001026e-02	
-1.636161e-02	4.963808e-02	-4.523828e-03	6.013852e-01	-9.851682e-01	1.000000e+00	-9.861208e-01	5.948409e-01	-1.794210e-01	-6.562835e-02	1.050437e-01	-1.466498e-01	-1.192539e-01	1.260117e-01	1.911528e-02	-1.966852e-02	2.391105e-02	-2.803791e-02	1.715981e-03	1.118646e-02	5.473363e-03	-4.801146e-03	4.124683e-03	-1.121016e-02	1.047578e-02	
8.041314e-03	-6.073067e-02	1.303139e-02	-6.436894e-01	9.439853e-01	-9.861208e-01	1.000000e+00	-5.317400e-01	1.158470e-01	7.524654e-02	-1.156798e-01	1.580372e-01	1.159257e-01	-1.314536e-01	-2.120185e-02	1.821207e-02	-2.242592e-02	2.688632e-02	-5.497746e-03	-7.886463e-03	-7.970555e-03	8.326706e-03	-8.823171e-03	8.917227e-03	-7.217194e-03	
6.514834e-02	1.508687e-01	-6.781492e-02	1.789106e-01	-6.476112e-01	5.948409e-01	-5.317400e-01	1.000000e+00	-8.787860e-01	1.176840e-01	-1.042218e-01	7.839279e-02	-6.887652e-02	-9.061500e-02	8.521505e-03	2.547171e-02	-2.397203e-02	1.800676e-02	4.934053e-02	-5.336007e-02	4.044766e-02	-4.764994e-02	5.494926e-02	1.647958e-02	-3.461213e-02	
-4.902008e-02	-1.359227e-01	4.674729e-02	1.165704e-01	2.483269e-01	-1.794210e-01	1.158470e-01	-8.787860e-01	1.000000e+00	-1.670233e-01	1.688098e-01	-1.556171e-01	2.906553e-02	1.796935e-01	1.251110e-02	-3.448731e-02	3.465113e-02	-3.068514e-02	-4.500276e-02	5.599991e-02	-3.282713e-02	3.872720e-02	-4.481054e-02	-1.621749e-02	3.280497e-02	
-1.745044e-02	3.665260e-02	-3.837246e-01	1.996115e-01	5.689995e-02	-6.562835e-02	7.524654e-02	1.176840e-01	-1.670233e-01	1.000000e+00	-9.839596e-01	9.188043e-01	-7.559979e-01	5.710650e-01	2.461695e-01	4.959823e-02	-5.288133e-02	5.159441e-02	1.738130e-02	-3.281755e-02	1.664587e-01	-2.155721e-01	2.746567e-01	5.263321e-02	-1.148502e-01	
3.085954e-02	-4.451738e-02	4.945912e-01	-2.558202e-01	-9.298844e-02	1.050437e-01	-1.156798e-01	-1.042218e-01	1.688098e-01	-9.839596e-01	1.000000e+00	-9.736510e-01	7.075625e-01	-5.147815e-01	-3.195605e-01	-6.367529e-02	6.778296e-02	-6.610433e-02	-1.907631e-02	3.916203e-02	-2.151651e-01	2.785816e-01	-3.548654e-01	-6.730735e-02	1.473607e-01	
-6.376661e-02	6.179584e-02	-6.278171e-01	3.299621e-01	1.310655e-01	-1.466498e-01	1.580372e-01	7.839279e-02	-1.556171e-01	9.188043e-01	-9.736510e-01	1.000000e+00	-5.991356e-01	4.051852e-01	4.084789e-01	7.913122e-02	-8.431069e-02	8.236440e-02	2.034455e-02	-4.586658e-02	2.748316e-01	-3.559152e-01	4.537290e-01	8.221280e-02	-1.844530e-01	
1.262367e-01	-1.140021e-01	-1.162542e-01	1.883660e-02	1.095784e-01	-1.192539e-01	1.159257e-01	-6.887652e-02	2.906553e-02	-7.559979e-01	7.075625e-01	-5.991356e-01	1.000000e+00	-9.483841e-01	7.862775e-02	1.593759e-02	-1.672320e-02	1.603040e-02	1.576305e-03	-4.967520e-03	4.483549e-02	-5.358486e-02	6.050261e-02	2.629250e-02	-3.629077e-02	
-9.296997e-02	5.699331e-02	2.512104e-01	-6.758373e-02	-1.039553e-01	1.260117e-01	-1.314536e-01	-9.061500e-02	1.796935e-01	5.710650e-01	-5.147815e-01	4.051852e-01	-9.483841e-01	1.000000e+00	-1.594578e-01	-3.659080e-02	3.870021e-02	-3.726989e-02	-1.431569e-02	2.471617e-02	-1.102376e-01	1.373390e-01	-1.667625e-01	-4.079009e-02	7.643653e-02	
4.067925e-02	-2.006059e-01	-6.524046e-01	4.939123e-01	-1.856751e-02	1.911528e-02	-2.120185e-02	8.521505e-03	1.251110e-02	2.461695e-01	-3.195605e-01	4.084789e-01	7.862775e-02	-1.594578e-01	1.000000e+00	-4.706115e-01	5.332450e-01	-5.828598e-01	3.627539e-02	2.076757e-01	1.736199e-01	-2.284292e-01	2.997152e-01	3.257997e-02	-7.660481e-02	
6.715279e-02	-4.835952e-03	-1.103149e-01	6.295970e-02	1.829769e-02	-1.966852e-02	1.821207e-02	2.547171e-02	-3.448731e-02	4.959823e-02	-6.367529e-02	7.913122e-02	1.593759e-02	-3.659080e-02	-4.706115e-01	1.000000e+00	-9.837718e-01	9.380048e-01	-5.745445e-01	2.079471e-01	1.837156e-01	-2.229985e-01	2.586181e-01	5.826603e-02	-9.728341e-02	
-6.760460e-02	4.154175e-03	1.151747e-01	-6.438459e-02	-2.239080e-02	2.391105e-02	-2.242592e-02	-2.397203e-02	3.465113e-02	-5.288133e-02	6.778296e-02	-8.431069e-02	-1.672320e-02	3.870021e-02	5.332450e-01	-9.837718e-01	1.000000e+00	-9.844859e-01	5.041235e-01	-1.221640e-01	-1.908964e-01	2.353746e-01	-2.764420e-01	-7.625440e-02	1.253262e-01	
5.963871e-02	-1.101861e-02	-1.094870e-01	5.992330e-02	2.635531e-02	-2.803791e-02	2.688632e-02	1.800676e-02	-3.068514e-02	5.159441e-02	-6.610433e-02	8.236440e-02	1.603040e-02	-3.726989e-02	-5.828598e-01	9.380048e-01	-9.844859e-01	1.000000e+00	-4.229423e-01	3.998952e-02	1.903832e-01	-2.378854e-01	2.823678e-01	8.752158e-02	-1.428289e-01	
5.960678e-02	1.465677e-01	-1.715965e-02	-9.372952e-03	-1.054389e-03	1.715981e-03	-5.497746e-03	4.934053e-02	-4.500276e-02	1.738130e-02	-1.907631e-02	2.034455e-02	1.576305e-03	-1.431569e-02	3.627539e-02	-5.745445e-01	5.041235e-01	-4.229423e-01	1.000000e+00	-9.048463e-01	-2.078815e-02	2.638811e-02	-3.282944e-02	8.171980e-02	-1.587237e-01	
-6.418118e-02	-1.458637e-01	4.532098e-02	-2.851906e-03	-1.038362e-02	1.118646e-02	-7.886463e-03	-5.336007e-02	5.599991e-02	-3.281755e-02	3.916203e-02	-4.586658e-02	-4.967520e-03	2.471617e-02	2.076757e-01	2.079471e-01	-1.221640e-01	3.998952e-02	-9.048463e-01	1.000000e+00	-5.461325e-02	6.540060e-02	-7.286744e-02	-1.210065e-01	2.365856e-01	
-1.019132e-02	2.465999e-02	-4.018710e-01	2.854896e-01	-6.075210e-03	5.473363e-03	-7.970555e-03	4.044766e-02	-3.282713e-02	1.664587e-01	-2.151651e-01	2.748316e-01	4.483549e-02	-1.102376e-01	1.736199e-01	1.837156e-01	-1.908964e-01	1.903832e-01	-2.078815e-02	-5.461325e-02	1.000000e+00	-9.837172e-01	9.181635e-01	-7.243402e-01	5.569265e-01	
2.456470e-02	-3.296863e-02	5.173241e-01	-3.664945e-01	5.204518e-03	-4.801146e-03	8.326706e-03	-4.764994e-02	3.872720e-02	-2.155721e-01	2.785816e-01	-3.559152e-01	-5.358486e-02	1.373390e-01	-2.284292e-01	-2.229985e-01	2.353746e-01	-2.378854e-01	2.638811e-02	6.540060e-02	-9.837172e-01	1.000000e+00	-9.736312e-01	6.657555e-01	-4.884852e-01	
-6.138865e-02	5.494226e-02	-6.507953e-01	4.603453e-01	-4.200715e-03	4.124683e-03	-8.823171e-03	5.494926e-02	-4.481054e-02	2.746567e-01	-3.548654e-01	4.537290e-01	6.050261e-02	-1.667625e-01	2.997152e-01	2.586181e-01	-2.764420e-01	2.823678e-01	-3.282944e-02	-7.286744e-02	9.181635e-01	-9.736312e-01	1.000000e+00	-5.488465e-01	3.668978e-01	
1.477822e-01	-9.601903e-02	-1.494257e-01	9.896360e-02	1.121638e-02	-1.121016e-02	8.917227e-03	1.647958e-02	-1.621749e-02	5.263321e-02	-6.730735e-02	8.221280e-02	2.629250e-02	-4.079009e-02	3.257997e-02	5.826603e-02	-7.625440e-02	8.752158e-02	8.171980e-02	-1.210065e-01	-7.243402e-01	6.657555e-01	-5.488465e-01	1.000000e+00	-9.642048e-01	
-1.208988e-01	5.419269e-02	2.872755e-01	-1.936934e-01	-1.001026e-02	1.047578e-02	-7.217194e-03	-3.461213e-02	3.280497e-02	-1.148502e-01	1.473607e-01	-1.844530e-01	-3.629077e-02	7.643653e-02	-7.660481e-02	-9.728341e-02	1.253262e-01	-1.428289e-01	-1.587237e-01	2.365856e-01	5.569265e-01	-4.884852e-01	3.668978e-01	-9.642048e-01	1.000000e+00	

Time taken for mcmc chain: 1.157778 hours
