Number of steps: 4790134
Number of accepted steps: 1000000
Burn-in number of steps: 320000
Accepted fraction of steps: 0.208762
Convergence Status
R[0]= 1.041844	R[1]= 1.118271	R[2]= 1.127995	R[3]= 1.041208	R[4]= 1.058224	R[5]= 1.070517	R[6]= 1.083407	R[7]= 1.010421	R[8]= 1.033121	R[9]= 1.003079	R[10]= 1.004307	R[11]= 1.005960	R[12]= 1.000134	R[13]= 1.001935	R[14]= 1.067191	R[15]= 1.066471	R[16]= 1.080489	R[17]= 1.094353	R[18]= 1.029663	R[19]= 1.050494	R[20]= 1.003720	R[21]= 1.004639	R[22]= 1.006185	R[23]= 1.001169	R[24]= 1.001444	
<R>= 1.040250

Mean parameters
A[0]= 1.098891e+00 pm 2.198542e-01
A[1]= 1.084413e+00 pm 3.169049e-01
A[2]= 8.713299e-01 pm 1.012548e+00
A[3]= 3.505298e+00 pm 1.775473e+00
A[4]= 1.038001e+03 pm 4.634192e+03
A[5]= -2.335008e+03 pm 2.933705e+03
A[6]= 1.300674e+03 pm 6.130448e+02
A[7]= -8.297510e+00 pm 1.401578e+01
A[8]= -2.552502e-01 pm 2.106185e-01
A[9]= -1.166152e+03 pm 7.980160e+03
A[10]= -6.035488e+02 pm 4.507103e+03
A[11]= 2.138744e+02 pm 8.296109e+02
A[12]= 1.225417e+01 pm 5.045434e+01
A[13]= -7.138250e-01 pm 9.457682e-01
A[14]= 4.481904e+00 pm 2.360280e+00
A[15]= 1.208758e+03 pm 6.175426e+03
A[16]= -1.744616e+03 pm 3.917248e+03
A[17]= 1.117238e+03 pm 8.182577e+02
A[18]= -2.982954e+01 pm 2.266455e+01
A[19]= 1.270855e-01 pm 3.214081e-01
A[20]= 9.931116e+03 pm 1.109110e+04
A[21]= -6.745191e+03 pm 6.276608e+03
A[22]= 1.196437e+03 pm 1.154824e+03
A[23]= -5.301908e+01 pm 7.014060e+01
A[24]= 3.744829e-01 pm 1.318336e+00

Best-fitting parameters
A[0]= 1.200150e+00
A[1]= 1.294527e+00
A[2]= 2.118180e-01
A[3]= 5.285704e+00
A[4]= -1.579365e+03
A[5]= -4.553892e+02
A[6]= 8.775666e+02
A[7]= -1.766635e+01
A[8]= -8.593031e-02
A[9]= 1.195642e+03
A[10]= -2.242349e+03
A[11]= 5.586473e+02
A[12]= 1.164989e+01
A[13]= -5.489714e-01
A[14]= 6.952444e+00
A[15]= -1.962734e+03
A[16]= 4.403355e+02
A[17]= 6.474189e+02
A[18]= -4.811450e+01
A[19]= 4.140069e-01
A[20]= 1.740809e+04
A[21]= -1.117894e+04
A[22]= 2.028255e+03
A[23]= -7.821535e+01
A[24]= 8.840385e-01
chi2_min= 9.051522e+01


Cross-Covariance parameters
1.000000e+00	4.006585e-01	-3.279931e-01	2.442107e-01	-3.360799e-01	3.752235e-01	-4.114578e-01	-1.204399e-01	2.871211e-01	-4.381494e-02	8.143680e-02	-1.356423e-01	-5.317042e-02	1.681728e-01	4.070927e-01	-3.671357e-01	4.025899e-01	-4.307994e-01	-2.343869e-01	3.088659e-01	-6.430203e-02	9.506317e-02	-1.370936e-01	-7.921367e-02	1.525579e-01	
4.006585e-01	1.000000e+00	-4.845778e-01	4.540121e-01	-6.683584e-01	7.231234e-01	-7.702020e-01	-2.248067e-01	4.512467e-01	1.314386e-01	-1.365440e-01	1.411091e-01	-3.543264e-02	1.327173e-01	5.846648e-01	-6.635739e-01	7.215478e-01	-7.684566e-01	-3.874842e-01	5.159592e-01	5.868627e-02	-5.940013e-02	6.686180e-02	-3.772967e-02	1.013664e-01	
-3.279931e-01	-4.845778e-01	1.000000e+00	-6.162670e-01	3.770481e-01	-4.060262e-01	4.274817e-01	2.006002e-01	-3.184052e-01	-1.864081e-01	2.026326e-01	-2.100093e-01	-8.642758e-02	-2.216088e-02	-6.010459e-01	2.990070e-01	-3.341001e-01	3.651663e-01	2.401006e-01	-3.150344e-01	-1.614783e-01	1.747587e-01	-1.826754e-01	-1.032291e-01	1.778537e-02	
2.442107e-01	4.540121e-01	-6.162670e-01	1.000000e+00	-6.865909e-01	7.093294e-01	-7.086530e-01	-3.619141e-01	4.027492e-01	1.140123e-01	-1.207408e-01	1.278422e-01	-3.429256e-02	1.105329e-01	6.100170e-01	-3.336429e-01	3.643892e-01	-3.877582e-01	-2.592357e-01	3.107310e-01	1.398818e-01	-1.546084e-01	1.695316e-01	7.642374e-02	-2.031794e-02	
-3.360799e-01	-6.683584e-01	3.770481e-01	-6.865909e-01	1.000000e+00	-9.917625e-01	9.684002e-01	-6.327889e-02	-1.396058e-01	-7.853395e-02	6.576767e-02	-5.240415e-02	1.362831e-01	-1.553570e-01	-4.936022e-01	4.892299e-01	-5.314990e-01	5.641539e-01	3.112195e-01	-3.940216e-01	-4.494504e-02	4.070307e-02	-3.896947e-02	3.090398e-02	-7.744018e-02	
3.752235e-01	7.231234e-01	-4.060262e-01	7.093294e-01	-9.917625e-01	1.000000e+00	-9.919140e-01	6.404623e-03	1.987867e-01	8.653744e-02	-7.343059e-02	5.914672e-02	-1.406190e-01	1.713488e-01	5.287348e-01	-5.272956e-01	5.733503e-01	-6.091887e-01	-3.356530e-01	4.265561e-01	4.532405e-02	-4.056562e-02	3.855486e-02	-3.372357e-02	8.526992e-02	
-4.114578e-01	-7.702020e-01	4.274817e-01	-7.086530e-01	9.684002e-01	-9.919140e-01	1.000000e+00	2.835613e-02	-2.352797e-01	-9.152656e-02	7.856274e-02	-6.359131e-02	1.328155e-01	-1.709960e-01	-5.546524e-01	5.587412e-01	-6.080747e-01	6.468520e-01	3.538819e-01	-4.525965e-01	-4.458008e-02	3.948878e-02	-3.745196e-02	3.513659e-02	-9.080875e-02	
-1.204399e-01	-2.248067e-01	2.006002e-01	-3.619141e-01	-6.327889e-02	6.404623e-03	2.835613e-02	1.000000e+00	-9.271529e-01	9.053954e-02	-8.738261e-02	7.380994e-02	3.104290e-02	-2.108400e-01	-2.232605e-01	1.676115e-01	-1.838700e-01	1.952625e-01	1.500466e-01	-1.705758e-01	-3.523172e-02	3.367636e-02	-3.190936e-02	2.993649e-02	-5.605246e-02	
2.871211e-01	4.512467e-01	-3.184052e-01	4.027492e-01	-1.396058e-01	1.987867e-01	-2.352797e-01	-9.271529e-01	1.000000e+00	-5.292451e-02	5.045716e-02	-3.918160e-02	-1.533407e-02	2.358281e-01	3.628322e-01	-3.240811e-01	3.557980e-01	-3.804507e-01	-2.390906e-01	2.935356e-01	3.996189e-02	-3.597977e-02	3.222764e-02	-3.456180e-02	7.747762e-02	
-4.381494e-02	1.314386e-01	-1.864081e-01	1.140123e-01	-7.853395e-02	8.653744e-02	-9.152656e-02	9.053954e-02	-5.292451e-02	1.000000e+00	-9.908007e-01	9.562400e-01	-7.407677e-01	6.638785e-01	1.371978e-01	-5.916957e-02	6.594068e-02	-7.238587e-02	-4.834649e-02	6.720151e-02	6.756060e-02	-8.034331e-02	9.535092e-02	6.222069e-02	-5.066691e-02	
8.143680e-02	-1.365440e-01	2.026326e-01	-1.207408e-01	6.576767e-02	-7.343059e-02	7.856274e-02	-8.738261e-02	5.045716e-02	-9.908007e-01	1.000000e+00	-9.863953e-01	7.331007e-01	-6.633269e-01	-1.491506e-01	5.376057e-02	-6.039397e-02	6.701409e-02	4.622848e-02	-6.537747e-02	-8.315352e-02	9.996780e-02	-1.200752e-01	-7.837768e-02	6.795761e-02	
-1.356423e-01	1.411091e-01	-2.100093e-01	1.278422e-01	-5.240415e-02	5.914672e-02	-6.359131e-02	7.380994e-02	-3.918160e-02	9.562400e-01	-9.863953e-01	1.000000e+00	-7.115097e-01	6.538680e-01	1.596046e-01	-4.666840e-02	5.313645e-02	-5.991342e-02	-4.375190e-02	6.225129e-02	1.008896e-01	-1.226915e-01	1.494588e-01	9.527753e-02	-8.748298e-02	
-5.317042e-02	-3.543264e-02	-8.642758e-02	-3.429256e-02	1.362831e-01	-1.406190e-01	1.328155e-01	3.104290e-02	-1.533407e-02	-7.407677e-01	7.331007e-01	-7.115097e-01	1.000000e+00	-9.525961e-01	4.114002e-02	5.051160e-02	-5.337787e-02	5.411729e-02	4.175627e-02	-4.638681e-02	5.011409e-02	-6.302768e-02	7.694907e-02	6.616560e-02	-6.588717e-02	
1.681728e-01	1.327173e-01	-2.216088e-02	1.105329e-01	-1.553570e-01	1.713488e-01	-1.709960e-01	-2.108400e-01	2.358281e-01	6.638785e-01	-6.633269e-01	6.538680e-01	-9.525961e-01	1.000000e+00	5.253663e-02	-1.206572e-01	1.308788e-01	-1.373582e-01	-9.534684e-02	1.130258e-01	-4.326261e-02	5.832237e-02	-7.593421e-02	-6.931122e-02	8.290980e-02	
4.070927e-01	5.846648e-01	-6.010459e-01	6.100170e-01	-4.936022e-01	5.287348e-01	-5.546524e-01	-2.232605e-01	3.628322e-01	1.371978e-01	-1.491506e-01	1.596046e-01	4.114002e-02	5.253663e-02	1.000000e+00	-6.951778e-01	7.402108e-01	-7.630650e-01	-4.960640e-01	5.437160e-01	2.510955e-02	-2.467545e-02	2.936157e-02	-2.270551e-02	9.120889e-02	
-3.671357e-01	-6.635739e-01	2.990070e-01	-3.336429e-01	4.892299e-01	-5.272956e-01	5.587412e-01	1.676115e-01	-3.240811e-01	-5.916957e-02	5.376057e-02	-4.666840e-02	5.051160e-02	-1.206572e-01	-6.951778e-01	1.000000e+00	-9.906883e-01	9.654278e-01	6.138574e-02	-1.985824e-01	8.553431e-02	-1.030417e-01	1.143829e-01	8.525735e-02	-1.073703e-01	
4.025899e-01	7.215478e-01	-3.341001e-01	3.643892e-01	-5.314990e-01	5.733503e-01	-6.080747e-01	-1.838700e-01	3.557980e-01	6.594068e-02	-6.039397e-02	5.313645e-02	-5.337787e-02	1.308788e-01	7.402108e-01	-9.906883e-01	1.000000e+00	-9.914742e-01	-1.351350e-01	2.679114e-01	-7.575102e-02	9.402413e-02	-1.061229e-01	-9.278561e-02	1.220396e-01	
-4.307994e-01	-7.684566e-01	3.651663e-01	-3.877582e-01	5.641539e-01	-6.091887e-01	6.468520e-01	1.952625e-01	-3.804507e-01	-7.238587e-02	6.701409e-02	-5.991342e-02	5.411729e-02	-1.373582e-01	-7.630650e-01	9.654278e-01	-9.914742e-01	1.000000e+00	1.850602e-01	-3.121347e-01	6.201666e-02	-8.044277e-02	9.318406e-02	9.175887e-02	-1.254543e-01	
-2.343869e-01	-3.874842e-01	2.401006e-01	-2.592357e-01	3.112195e-01	-3.356530e-01	3.538819e-01	1.500466e-01	-2.390906e-01	-4.834649e-02	4.622848e-02	-4.375190e-02	4.175627e-02	-9.534684e-02	-4.960640e-01	6.138574e-02	-1.351350e-01	1.850602e-01	1.000000e+00	-9.661421e-01	1.121425e-02	-1.534834e-02	1.154577e-02	1.400423e-01	-2.417674e-01	
3.088659e-01	5.159592e-01	-3.150344e-01	3.107310e-01	-3.940216e-01	4.265561e-01	-4.525965e-01	-1.705758e-01	2.935356e-01	6.720151e-02	-6.537747e-02	6.225129e-02	-4.638681e-02	1.130258e-01	5.437160e-01	-1.985824e-01	2.679114e-01	-3.121347e-01	-9.661421e-01	1.000000e+00	1.821690e-03	1.570941e-03	3.956131e-03	-1.284199e-01	2.482278e-01	
-6.430203e-02	5.868627e-02	-1.614783e-01	1.398818e-01	-4.494504e-02	4.532405e-02	-4.458008e-02	-3.523172e-02	3.996189e-02	6.756060e-02	-8.315352e-02	1.008896e-01	5.011409e-02	-4.326261e-02	2.510955e-02	8.553431e-02	-7.575102e-02	6.201666e-02	1.121425e-02	1.821690e-03	1.000000e+00	-9.916309e-01	9.599115e-01	-7.162821e-01	6.603417e-01	
9.506317e-02	-5.940013e-02	1.747587e-01	-1.546084e-01	4.070307e-02	-4.056562e-02	3.948878e-02	3.367636e-02	-3.597977e-02	-8.034331e-02	9.996780e-02	-1.226915e-01	-6.302768e-02	5.832237e-02	-2.467545e-02	-1.030417e-01	9.402413e-02	-8.044277e-02	-1.534834e-02	1.570941e-03	-9.916309e-01	1.000000e+00	-9.874584e-01	7.081224e-01	-6.581238e-01	
-1.370936e-01	6.686180e-02	-1.826754e-01	1.695316e-01	-3.896947e-02	3.855486e-02	-3.745196e-02	-3.190936e-02	3.222764e-02	9.535092e-02	-1.200752e-01	1.494588e-01	7.694907e-02	-7.593421e-02	2.936157e-02	1.143829e-01	-1.061229e-01	9.318406e-02	1.154577e-02	3.956131e-03	9.599115e-01	-9.874584e-01	1.000000e+00	-6.876826e-01	6.486226e-01	
-7.921367e-02	-3.772967e-02	-1.032291e-01	7.642374e-02	3.090398e-02	-3.372357e-02	3.513659e-02	2.993649e-02	-3.456180e-02	6.222069e-02	-7.837768e-02	9.527753e-02	6.616560e-02	-6.931122e-02	-2.270551e-02	8.525735e-02	-9.278561e-02	9.175887e-02	1.400423e-01	-1.284199e-01	-7.162821e-01	7.081224e-01	-6.876826e-01	1.000000e+00	-9.741196e-01	
1.525579e-01	1.013664e-01	1.778537e-02	-2.031794e-02	-7.744018e-02	8.526992e-02	-9.080875e-02	-5.605246e-02	7.747762e-02	-5.066691e-02	6.795761e-02	-8.748298e-02	-6.588717e-02	8.290980e-02	9.120889e-02	-1.073703e-01	1.220396e-01	-1.254543e-01	-2.417674e-01	2.482278e-01	6.603417e-01	-6.581238e-01	6.486226e-01	-9.741196e-01	1.000000e+00	

Time taken for mcmc chain: 1.063056 hours
