Number of steps: 7915549
Number of accepted steps: 1000000
Burn-in number of steps: 320000
Accepted fraction of steps: 0.126334
Convergence Status
R[0]= 1.006073	R[1]= 1.029187	R[2]= 1.111815	R[3]= 1.025436	R[4]= 1.016133	R[5]= 1.018490	R[6]= 1.019797	R[7]= 1.001442	R[8]= 1.001684	R[9]= 1.006687	R[10]= 1.011423	R[11]= 1.019108	R[12]= 1.011650	R[13]= 1.013524	R[14]= 1.088819	R[15]= 1.019244	R[16]= 1.021975	R[17]= 1.024095	R[18]= 1.002250	R[19]= 1.004279	R[20]= 1.012952	R[21]= 1.018783	R[22]= 1.027649	R[23]= 1.001936	R[24]= 1.002642	
<R>= 1.020683

Mean parameters
A[0]= 1.073085e+00 pm 4.011731e-02
A[1]= 1.209225e+00 pm 3.929372e-02
A[2]= 6.575475e-01 pm 3.621969e-01
A[3]= 3.555594e+00 pm 1.208367e+00
A[4]= -3.086659e+03 pm 3.710567e+03
A[5]= 7.384944e+02 pm 2.304898e+03
A[6]= 5.131879e+02 pm 4.861682e+02
A[7]= -4.890495e-01 pm 1.284658e+01
A[8]= -2.019519e-01 pm 1.840386e-01
A[9]= -2.629255e+03 pm 7.927199e+03
A[10]= 5.978948e+02 pm 4.517671e+03
A[11]= -1.077385e+02 pm 8.535979e+02
A[12]= 7.682377e+00 pm 4.925364e+01
A[13]= -4.665167e-01 pm 9.329009e-01
A[14]= 4.692350e+00 pm 1.476154e+00
A[15]= -4.025026e+03 pm 4.892828e+03
A[16]= 2.183457e+03 pm 3.009504e+03
A[17]= 1.054237e+02 pm 6.294879e+02
A[18]= -2.276799e+01 pm 1.985437e+01
A[19]= 2.239593e-01 pm 2.730670e-01
A[20]= 7.652568e+03 pm 1.093230e+04
A[21]= -4.918378e+03 pm 6.273709e+03
A[22]= 7.223219e+02 pm 1.192594e+03
A[23]= -5.988243e+01 pm 6.884373e+01
A[24]= 6.896169e-01 pm 1.311596e+00

Best-fitting parameters
A[0]= 1.073835e+00
A[1]= 1.211003e+00
A[2]= 7.788564e-01
A[3]= 3.728798e+00
A[4]= -5.259117e+03
A[5]= 2.159909e+03
A[6]= 2.076831e+02
A[7]= -4.450226e+00
A[8]= -1.078935e-01
A[9]= 3.331665e+02
A[10]= -3.004554e+02
A[11]= -9.637421e+01
A[12]= -2.739451e+01
A[13]= 2.964928e-01
A[14]= 4.240372e+00
A[15]= -4.120423e+03
A[16]= 2.218020e+03
A[17]= 8.160186e+01
A[18]= -1.926988e+01
A[19]= 1.548745e-01
A[20]= 6.694805e+03
A[21]= -3.786893e+03
A[22]= 3.658687e+02
A[23]= -5.483206e+01
A[24]= 5.621743e-01
chi2_min= 8.865346e+01


Cross-Covariance parameters
1.000000e+00	-3.953065e-01	-1.546848e-01	6.089741e-02	4.080869e-03	-3.950440e-03	-3.175727e-03	8.480685e-02	-6.746411e-02	-6.534114e-02	7.959961e-02	-1.128567e-01	1.263680e-01	-9.759144e-02	4.433007e-02	3.717623e-02	-3.705313e-02	3.006908e-02	7.608977e-02	-6.736814e-02	-3.217889e-02	4.628853e-02	-8.051474e-02	1.104719e-01	-8.696768e-02	
-3.953065e-01	1.000000e+00	9.241208e-02	-6.937469e-02	-8.343520e-02	9.442081e-02	-1.104141e-01	1.110858e-01	-7.433120e-02	5.305854e-02	-6.323811e-02	8.277165e-02	-9.094514e-02	4.611639e-02	-1.486422e-01	-3.132967e-02	3.503157e-02	-4.697692e-02	1.365776e-01	-1.143220e-01	1.834568e-02	-3.127669e-02	5.663227e-02	-2.559207e-02	-7.779359e-03	
-1.546848e-01	9.241208e-02	1.000000e+00	-7.031915e-01	1.324483e-01	-1.435345e-01	1.566398e-01	1.148106e-02	-6.356168e-02	-2.425843e-01	3.171596e-01	-4.109384e-01	-1.830645e-01	2.053656e-01	-6.092701e-01	-4.529752e-02	4.338773e-02	-3.500567e-02	-3.209185e-03	-4.656412e-03	-2.663725e-01	3.385458e-01	-4.275333e-01	-2.109739e-01	2.426948e-01	
6.089741e-02	-6.937469e-02	-7.031915e-01	1.000000e+00	-6.099525e-01	6.629281e-01	-7.015832e-01	-7.950351e-02	2.447600e-01	1.249268e-01	-1.613531e-01	2.129076e-01	2.948142e-02	-1.700094e-02	4.728841e-01	5.155943e-03	-3.465990e-03	-1.212571e-03	-1.774037e-02	2.828068e-02	1.903912e-01	-2.423701e-01	3.071921e-01	1.435076e-01	-1.644749e-01	
4.080869e-03	-8.343520e-02	1.324483e-01	-6.099525e-01	1.000000e+00	-9.890590e-01	9.575045e-01	-4.400176e-01	1.946896e-01	-2.533108e-03	-1.625286e-02	3.613032e-02	1.344038e-01	-9.569736e-02	-1.081698e-01	5.330180e-02	-5.654206e-02	6.023919e-02	2.016717e-03	-1.631563e-02	-1.394523e-02	2.180013e-02	-3.257428e-02	-2.295614e-02	2.432575e-02	
-3.950440e-03	9.442081e-02	-1.435345e-01	6.629281e-01	-9.890590e-01	1.000000e+00	-9.890400e-01	3.854777e-01	-1.428040e-01	3.535283e-03	1.665713e-02	-3.817025e-02	-1.477166e-01	1.147428e-01	1.161889e-01	-5.723265e-02	6.084163e-02	-6.499045e-02	-2.894058e-04	1.608720e-02	1.700025e-02	-2.553875e-02	3.724212e-02	2.366777e-02	-2.575848e-02	
-3.175727e-03	-1.104141e-01	1.566398e-01	-7.015832e-01	9.575045e-01	-9.890400e-01	1.000000e+00	-3.372167e-01	1.071477e-01	-5.596535e-04	-2.027312e-02	4.270757e-02	1.473574e-01	-1.162280e-01	-1.217869e-01	5.830156e-02	-6.206629e-02	6.674906e-02	-4.766724e-03	-1.237103e-02	-2.098552e-02	3.049621e-02	-4.335493e-02	-2.645452e-02	2.966006e-02	
8.480685e-02	1.110858e-01	1.148106e-02	-7.950351e-02	-4.400176e-01	3.854777e-01	-3.372167e-01	1.000000e+00	-9.439733e-01	1.186932e-01	-1.105857e-01	8.798986e-02	-2.670297e-02	-1.458134e-01	-4.441216e-02	5.660981e-03	-7.962869e-03	6.329535e-03	5.141072e-02	-4.871165e-02	2.901189e-03	-2.544869e-03	2.048994e-04	9.434481e-03	-1.370449e-02	
-6.746411e-02	-7.433120e-02	-6.356168e-02	2.447600e-01	1.946896e-01	-1.428040e-01	1.071477e-01	-9.439733e-01	1.000000e+00	-1.232642e-01	1.177041e-01	-9.571076e-02	-1.693443e-04	1.929985e-01	7.671138e-02	-1.768191e-02	2.038453e-02	-1.988556e-02	-3.993649e-02	4.180510e-02	5.070966e-03	-8.738334e-03	1.526773e-02	5.398078e-03	-3.265482e-03	
-6.534114e-02	5.305854e-02	-2.425843e-01	1.249268e-01	-2.533108e-03	3.535283e-03	-5.596535e-04	1.186932e-01	-1.232642e-01	1.000000e+00	-9.890903e-01	9.460041e-01	-7.751575e-01	6.575578e-01	1.492869e-01	1.433596e-02	-1.600127e-02	1.576633e-02	5.044936e-03	-3.451342e-03	9.323421e-02	-1.161301e-01	1.458792e-01	3.504748e-02	-4.906560e-02	
7.959961e-02	-6.323811e-02	3.171596e-01	-1.613531e-01	-1.625286e-02	1.665713e-02	-2.027312e-02	-1.105857e-01	1.177041e-01	-9.890903e-01	1.000000e+00	-9.827412e-01	7.595677e-01	-6.474584e-01	-1.931999e-01	-2.197715e-02	2.411884e-02	-2.373203e-02	-7.699970e-03	6.317199e-03	-1.178806e-01	1.475003e-01	-1.859624e-01	-5.190008e-02	7.002437e-02	
-1.128567e-01	8.277165e-02	-4.109384e-01	2.129076e-01	3.613032e-02	-3.817025e-02	4.270757e-02	8.798986e-02	-9.571076e-02	9.460041e-01	-9.827412e-01	1.000000e+00	-7.126202e-01	6.139892e-01	2.498314e-01	3.064859e-02	-3.318123e-02	3.251677e-02	9.259273e-03	-8.166736e-03	1.492509e-01	-1.877546e-01	2.379933e-01	7.180579e-02	-9.535956e-02	
1.263680e-01	-9.094514e-02	-1.830645e-01	2.948142e-02	1.344038e-01	-1.477166e-01	1.473574e-01	-2.670297e-02	-1.693443e-04	-7.751575e-01	7.595677e-01	-7.126202e-01	1.000000e+00	-9.617685e-01	9.257518e-02	4.531154e-02	-4.667890e-02	4.571457e-02	1.352792e-02	-2.001266e-02	4.919177e-02	-6.122866e-02	7.396751e-02	5.869826e-02	-6.395806e-02	
-9.759144e-02	4.611639e-02	2.053656e-01	-1.700094e-02	-9.569736e-02	1.147428e-01	-1.162280e-01	-1.458134e-01	1.929985e-01	6.575578e-01	-6.474584e-01	6.139892e-01	-9.617685e-01	1.000000e+00	-9.820627e-02	-4.948864e-02	5.171743e-02	-5.081168e-02	-2.216266e-02	2.866294e-02	-6.423029e-02	7.976706e-02	-9.733511e-02	-5.992431e-02	6.888439e-02	
4.433007e-02	-1.486422e-01	-6.092701e-01	4.728841e-01	-1.081698e-01	1.161889e-01	-1.217869e-01	-4.441216e-02	7.671138e-02	1.492869e-01	-1.931999e-01	2.498314e-01	9.257518e-02	-9.820627e-02	1.000000e+00	-5.151103e-01	5.784079e-01	-6.275229e-01	-1.884507e-01	3.046809e-01	7.725434e-02	-1.028397e-01	1.410978e-01	2.948334e-02	-1.769142e-02	
3.717623e-02	-3.132967e-02	-4.529752e-02	5.155943e-03	5.330180e-02	-5.723265e-02	5.830156e-02	5.660981e-03	-1.768191e-02	1.433596e-02	-2.197715e-02	3.064859e-02	4.531154e-02	-4.948864e-02	-5.151103e-01	1.000000e+00	-9.871405e-01	9.492136e-01	-3.967949e-01	1.981561e-01	1.464856e-01	-1.715489e-01	1.951119e-01	6.654566e-02	-6.586418e-02	
-3.705313e-02	3.503157e-02	4.338773e-02	-3.465990e-03	-5.654206e-02	6.084163e-02	-6.206629e-02	-7.962869e-03	2.038453e-02	-1.600127e-02	2.411884e-02	-3.318123e-02	-4.667890e-02	5.171743e-02	5.784079e-01	-9.871405e-01	1.000000e+00	-9.866991e-01	3.306665e-01	-1.349988e-01	-1.489743e-01	1.771745e-01	-2.041284e-01	-8.517762e-02	8.855349e-02	
3.006908e-02	-4.697692e-02	-3.500567e-02	-1.212571e-03	6.023919e-02	-6.499045e-02	6.674906e-02	6.329535e-03	-1.988556e-02	1.576633e-02	-2.373203e-02	3.251677e-02	4.571457e-02	-5.081168e-02	-6.275229e-01	9.492136e-01	-9.866991e-01	1.000000e+00	-2.692435e-01	8.544640e-02	1.466714e-01	-1.770688e-01	2.067748e-01	9.589492e-02	-1.003701e-01	
7.608977e-02	1.365776e-01	-3.209185e-03	-1.774037e-02	2.016717e-03	-2.894058e-04	-4.766724e-03	5.141072e-02	-3.993649e-02	5.044936e-03	-7.699970e-03	9.259273e-03	1.352792e-02	-2.216266e-02	-1.884507e-01	-3.967949e-01	3.306665e-01	-2.692435e-01	1.000000e+00	-9.628964e-01	8.613820e-03	-9.635124e-03	6.064810e-03	1.174252e-01	-2.042208e-01	
-6.736814e-02	-1.143220e-01	-4.656412e-03	2.828068e-02	-1.631563e-02	1.608720e-02	-1.237103e-02	-4.871165e-02	4.180510e-02	-3.451342e-03	6.317199e-03	-8.166736e-03	-2.001266e-02	2.866294e-02	3.046809e-01	1.981561e-01	-1.349988e-01	8.544640e-02	-9.628964e-01	1.000000e+00	-3.557686e-02	3.971634e-02	-3.747728e-02	-1.344979e-01	2.350576e-01	
-3.217889e-02	1.834568e-02	-2.663725e-01	1.903912e-01	-1.394523e-02	1.700025e-02	-2.098552e-02	2.901189e-03	5.070966e-03	9.323421e-02	-1.178806e-01	1.492509e-01	4.919177e-02	-6.423029e-02	7.725434e-02	1.464856e-01	-1.489743e-01	1.466714e-01	8.613820e-03	-3.557686e-02	1.000000e+00	-9.897016e-01	9.494510e-01	-7.523387e-01	6.576129e-01	
4.628853e-02	-3.127669e-02	3.385458e-01	-2.423701e-01	2.180013e-02	-2.553875e-02	3.049621e-02	-2.544869e-03	-8.738334e-03	-1.161301e-01	1.475003e-01	-1.877546e-01	-6.122866e-02	7.976706e-02	-1.028397e-01	-1.715489e-01	1.771745e-01	-1.770688e-01	-9.635124e-03	3.971634e-02	-9.897016e-01	1.000000e+00	-9.839489e-01	7.350696e-01	-6.431820e-01	
-8.051474e-02	5.663227e-02	-4.275333e-01	3.071921e-01	-3.257428e-02	3.724212e-02	-4.335493e-02	2.048994e-04	1.526773e-02	1.458792e-01	-1.859624e-01	2.379933e-01	7.396751e-02	-9.733511e-02	1.410978e-01	1.951119e-01	-2.041284e-01	2.067748e-01	6.064810e-03	-3.747728e-02	9.494510e-01	-9.839489e-01	1.000000e+00	-6.892414e-01	6.060167e-01	
1.104719e-01	-2.559207e-02	-2.109739e-01	1.435076e-01	-2.295614e-02	2.366777e-02	-2.645452e-02	9.434481e-03	5.398078e-03	3.504748e-02	-5.190008e-02	7.180579e-02	5.869826e-02	-5.992431e-02	2.948334e-02	6.654566e-02	-8.517762e-02	9.589492e-02	1.174252e-01	-1.344979e-01	-7.523387e-01	7.350696e-01	-6.892414e-01	1.000000e+00	-9.773663e-01	
-8.696768e-02	-7.779359e-03	2.426948e-01	-1.644749e-01	2.432575e-02	-2.575848e-02	2.966006e-02	-1.370449e-02	-3.265482e-03	-4.906560e-02	7.002437e-02	-9.535956e-02	-6.395806e-02	6.888439e-02	-1.769142e-02	-6.586418e-02	8.855349e-02	-1.003701e-01	-2.042208e-01	2.350576e-01	6.576129e-01	-6.431820e-01	6.060167e-01	-9.773663e-01	1.000000e+00	

Time taken for mcmc chain: 40.166667 minutes
