Number of steps: 1028088
Number of accepted steps: 1000000
Burn-in number of steps: 320000
Accepted fraction of steps: 0.972679
Convergence Status
R[0]= 1.597953	R[1]= 1.078462	R[2]= 1.039919	R[3]= 1.075009	R[4]= 1.060776	R[5]= 1.080844	R[6]= 1.108680	R[7]= 1.141039	R[8]= 1.100087	R[9]= 1.010373	R[10]= 1.011336	R[11]= 1.015820	R[12]= 1.028441	R[13]= 1.051057	R[14]= 1.203348	R[15]= 1.145331	R[16]= 1.142315	R[17]= 1.126416	R[18]= 1.116945	R[19]= 1.080514	R[20]= 1.061374	R[21]= 1.054571	R[22]= 1.052638	R[23]= 1.073221	R[24]= 1.091990	
<R>= 1.101938

Mean parameters
A[0]= 9.333259e-01 pm 5.418645e-02
A[1]= 1.010218e+00 pm 3.486514e-02
A[2]= 7.897723e-01 pm 2.946896e-01
A[3]= 4.795411e-01 pm 2.735712e-01
A[4]= 8.551096e+03 pm 1.875468e+03
A[5]= -7.123517e+03 pm 9.896492e+02
A[6]= 2.275147e+03 pm 1.731746e+02
A[7]= -8.396173e-01 pm 1.090941e+01
A[8]= -3.596979e-01 pm 1.497577e-01
A[9]= -5.497622e+02 pm 6.101983e+03
A[10]= -1.278669e+03 pm 3.356939e+03
A[11]= 3.842350e+02 pm 5.983685e+02
A[12]= 4.071305e+01 pm 3.958355e+01
A[13]= -1.259052e+00 pm 7.557910e-01
A[14]= 6.186738e-01 pm 3.840436e-01
A[15]= 8.927049e+03 pm 3.358181e+03
A[16]= -6.894867e+03 pm 1.788553e+03
A[17]= 2.207994e+03 pm 3.142990e+02
A[18]= -8.016265e+00 pm 1.669723e+01
A[19]= -1.508733e-01 pm 2.106090e-01
A[20]= 1.243565e+04 pm 1.024326e+04
A[21]= -8.568426e+03 pm 5.675034e+03
A[22]= 1.593670e+03 pm 1.003149e+03
A[23]= -2.768565e+01 pm 6.423842e+01
A[24]= -1.488921e-01 pm 1.166956e+00

Best-fitting parameters
A[0]= 9.272594e-01
A[1]= 1.014076e+00
A[2]= 7.848662e-01
A[3]= 4.102401e-01
A[4]= 8.906847e+03
A[5]= -7.229278e+03
A[6]= 2.284223e+03
A[7]= -4.683944e-02
A[8]= -3.293700e-01
A[9]= 5.410449e+03
A[10]= -4.348515e+03
A[11]= 8.952678e+02
A[12]= 7.963863e+00
A[13]= -5.214637e-01
A[14]= 4.777607e-01
A[15]= 8.881726e+03
A[16]= -6.927589e+03
A[17]= 2.232248e+03
A[18]= -7.561624e+00
A[19]= -1.553785e-01
A[20]= 1.495577e+04
A[21]= -9.782576e+03
A[22]= 1.761270e+03
A[23]= -3.233779e+01
A[24]= -6.801714e-02
chi2_min= 1.297430e+02


Cross-Covariance parameters
1.000000e+00	2.141809e-01	-4.969997e-01	-1.078091e-01	8.120981e-02	-8.904632e-02	7.737312e-02	4.152691e-02	-4.092442e-02	-8.858235e-03	-2.062154e-02	4.372107e-02	-2.878300e-02	5.091173e-02	-2.803799e-01	1.222883e-02	-3.982065e-02	5.880421e-02	8.590988e-02	-4.847228e-02	1.148760e-01	-1.216448e-01	1.180790e-01	-5.221121e-02	3.762446e-02	
2.141809e-01	1.000000e+00	2.539552e-01	-5.883577e-01	1.713148e-01	-1.956634e-01	2.052775e-01	6.831200e-02	-5.195623e-02	1.980218e-01	-1.866391e-01	1.709010e-01	-9.755626e-02	8.324563e-02	-5.454709e-01	2.228832e-01	-2.437830e-01	2.671440e-01	-1.698323e-01	2.184769e-01	1.446372e-01	-1.504000e-01	1.509084e-01	-1.150092e-01	1.529429e-01	
-4.969997e-01	2.539552e-01	1.000000e+00	-8.485073e-02	-6.332792e-02	7.044286e-02	-6.069079e-02	-2.809307e-02	3.049675e-02	1.495177e-01	-1.334475e-01	1.224181e-01	-1.734977e-01	1.647871e-01	3.795771e-02	1.645370e-02	1.008516e-02	-2.132226e-02	-1.422243e-01	1.467481e-01	2.841549e-01	-2.663315e-01	2.527562e-01	-3.171717e-01	3.084449e-01	
-1.078091e-01	-5.883577e-01	-8.485073e-02	1.000000e+00	-2.524124e-01	2.737027e-01	-2.644375e-01	-2.750532e-01	1.898490e-01	-4.452381e-02	3.876214e-02	-2.678826e-02	-1.001945e-01	1.041283e-01	4.370904e-01	3.779481e-02	4.266814e-03	-4.796487e-02	-6.470480e-02	2.628507e-02	-2.143574e-02	4.225195e-02	-5.538451e-02	1.119829e-02	-5.148691e-02	
8.120981e-02	1.713148e-01	-6.332792e-02	-2.524124e-01	1.000000e+00	-9.901110e-01	9.453660e-01	-6.952200e-01	5.987964e-01	5.647797e-02	-5.432297e-02	4.996504e-02	-2.213957e-02	1.035637e-01	-2.667620e-01	1.508708e-01	-1.550892e-01	1.501874e-01	-3.210117e-02	2.337760e-02	7.811956e-02	-7.898135e-02	7.649462e-02	-3.862624e-02	4.107239e-02	
-8.904632e-02	-1.956634e-01	7.044286e-02	2.737027e-01	-9.901110e-01	1.000000e+00	-9.784779e-01	7.300535e-01	-6.385116e-01	-5.668564e-02	5.325290e-02	-4.782435e-02	1.570179e-02	-1.020736e-01	2.877099e-01	-1.592257e-01	1.670327e-01	-1.652842e-01	4.143143e-02	-3.537719e-02	-8.375335e-02	8.284925e-02	-7.833314e-02	3.507144e-02	-4.033683e-02	
7.737312e-02	2.052775e-01	-6.069079e-02	-2.644375e-01	9.453660e-01	-9.784779e-01	1.000000e+00	-8.026342e-01	7.403303e-01	7.864229e-02	-7.235157e-02	6.544168e-02	-3.667264e-02	1.421804e-01	-2.900922e-01	1.599486e-01	-1.702968e-01	1.719088e-01	-5.353389e-02	5.135836e-02	8.107551e-02	-7.609044e-02	6.759261e-02	-2.095877e-02	2.941965e-02	
4.152691e-02	6.831200e-02	-2.809307e-02	-2.750532e-01	-6.952200e-01	7.300535e-01	-8.026342e-01	1.000000e+00	-9.505696e-01	-9.790388e-02	8.927112e-02	-8.462937e-02	1.373047e-01	-2.672891e-01	3.775926e-02	-1.547217e-01	1.449763e-01	-1.308127e-01	1.120470e-01	-9.732088e-02	-7.590931e-02	5.254376e-02	-3.109535e-02	1.685014e-02	-3.896323e-03	
-4.092442e-02	-5.195623e-02	3.049675e-02	1.898490e-01	5.987964e-01	-6.385116e-01	7.403303e-01	-9.505696e-01	1.000000e+00	8.608293e-02	-7.326700e-02	6.599022e-02	-1.136990e-01	2.746426e-01	-6.845444e-04	9.686617e-02	-8.932558e-02	7.758354e-02	-7.172835e-02	6.492140e-02	6.859635e-02	-4.773449e-02	2.708397e-02	-1.144667e-02	1.634539e-03	
-8.858235e-03	1.980218e-01	1.495177e-01	-4.452381e-02	5.647797e-02	-5.668564e-02	7.864229e-02	-9.790388e-02	8.608293e-02	1.000000e+00	-9.920708e-01	9.643363e-01	-8.991052e-01	8.186001e-01	-2.305845e-01	1.659338e-01	-1.669833e-01	1.543484e-01	-8.617991e-02	5.045969e-02	7.124169e-02	-4.446518e-02	9.026221e-03	2.943263e-02	-2.907803e-02	
-2.062154e-02	-1.866391e-01	-1.334475e-01	3.876214e-02	-5.432297e-02	5.325290e-02	-7.235157e-02	8.927112e-02	-7.326700e-02	-9.920708e-01	1.000000e+00	-9.891974e-01	9.359299e-01	-8.568651e-01	2.289913e-01	-1.751706e-01	1.761770e-01	-1.610213e-01	8.380983e-02	-4.296561e-02	-7.225993e-02	4.739383e-02	-1.395602e-02	-2.424352e-02	2.354747e-02	
4.372107e-02	1.709010e-01	1.224181e-01	-2.678826e-02	4.996504e-02	-4.782435e-02	6.544168e-02	-8.462937e-02	6.599022e-02	9.643363e-01	-9.891974e-01	1.000000e+00	-9.693764e-01	9.004071e-01	-2.267825e-01	1.781714e-01	-1.795613e-01	1.623767e-01	-7.692798e-02	3.164544e-02	7.075132e-02	-4.869184e-02	1.842372e-02	1.805493e-02	-1.732340e-02	
-2.878300e-02	-9.755626e-02	-1.734977e-01	-1.001945e-01	-2.213957e-02	1.570179e-02	-3.667264e-02	1.373047e-01	-1.136990e-01	-8.991052e-01	9.359299e-01	-9.693764e-01	1.000000e+00	-9.643526e-01	1.534570e-01	-1.621845e-01	1.579671e-01	-1.362595e-01	8.157522e-02	-3.152631e-02	-6.306205e-02	4.170985e-02	-1.491627e-02	-4.105512e-03	9.857791e-03	
5.091173e-02	8.324563e-02	1.647871e-01	1.041283e-01	1.035637e-01	-1.020736e-01	1.421804e-01	-2.672891e-01	2.746426e-01	8.186001e-01	-8.568651e-01	9.004071e-01	-9.643526e-01	1.000000e+00	-1.342448e-01	1.586095e-01	-1.559013e-01	1.357358e-01	-8.702867e-02	3.697508e-02	4.208038e-02	-2.395786e-02	1.694253e-03	1.362568e-02	-1.893972e-02	
-2.803799e-01	-5.454709e-01	3.795771e-02	4.370904e-01	-2.667620e-01	2.877099e-01	-2.900922e-01	3.775926e-02	-6.845444e-04	-2.305845e-01	2.289913e-01	-2.267825e-01	1.534570e-01	-1.342448e-01	1.000000e+00	-3.612511e-01	4.141968e-01	-4.561847e-01	1.025589e-01	-1.412213e-01	-1.828564e-01	1.821034e-01	-1.717141e-01	6.069093e-02	-6.852852e-02	
1.222883e-02	2.228832e-01	1.645370e-02	3.779481e-02	1.508708e-01	-1.592257e-01	1.599486e-01	-1.547217e-01	9.686617e-02	1.659338e-01	-1.751706e-01	1.781714e-01	-1.621845e-01	1.586095e-01	-3.612511e-01	1.000000e+00	-9.898755e-01	9.495924e-01	-8.193222e-01	7.331248e-01	1.648323e-01	-1.721722e-01	1.758395e-01	-1.373546e-01	1.710141e-01	
-3.982065e-02	-2.437830e-01	1.008516e-02	4.266814e-03	-1.550892e-01	1.670327e-01	-1.702968e-01	1.449763e-01	-8.932558e-02	-1.669833e-01	1.761770e-01	-1.795613e-01	1.579671e-01	-1.559013e-01	4.141968e-01	-9.898755e-01	1.000000e+00	-9.828444e-01	8.505966e-01	-7.758244e-01	-1.448180e-01	1.523071e-01	-1.551498e-01	1.100527e-01	-1.457873e-01	
5.880421e-02	2.671440e-01	-2.132226e-02	-4.796487e-02	1.501874e-01	-1.652842e-01	1.719088e-01	-1.308127e-01	7.758354e-02	1.543484e-01	-1.610213e-01	1.623767e-01	-1.362595e-01	1.357358e-01	-4.561847e-01	9.495924e-01	-9.828444e-01	1.000000e+00	-8.898919e-01	8.407595e-01	1.014045e-01	-1.087719e-01	1.116605e-01	-6.627010e-02	1.093525e-01	
8.590988e-02	-1.698323e-01	-1.422243e-01	-6.470480e-02	-3.210117e-02	4.143143e-02	-5.353389e-02	1.120470e-01	-7.172835e-02	-8.617991e-02	8.380983e-02	-7.692798e-02	8.157522e-02	-8.702867e-02	1.025589e-01	-8.193222e-01	8.505966e-01	-8.898919e-01	1.000000e+00	-9.722413e-01	-1.994147e-02	2.602911e-02	-3.375621e-02	5.111003e-02	-1.100807e-01	
-4.847228e-02	2.184769e-01	1.467481e-01	2.628507e-02	2.337760e-02	-3.537719e-02	5.135836e-02	-9.732088e-02	6.492140e-02	5.045969e-02	-4.296561e-02	3.164544e-02	-3.152631e-02	3.697508e-02	-1.412213e-01	7.331248e-01	-7.758244e-01	8.407595e-01	-9.722413e-01	1.000000e+00	-2.056849e-03	-4.418014e-03	1.331589e-02	-3.391890e-02	1.058574e-01	
1.148760e-01	1.446372e-01	2.841549e-01	-2.143574e-02	7.811956e-02	-8.375335e-02	8.107551e-02	-7.590931e-02	6.859635e-02	7.124169e-02	-7.225993e-02	7.075132e-02	-6.306205e-02	4.208038e-02	-1.828564e-01	1.648323e-01	-1.448180e-01	1.014045e-01	-1.994147e-02	-2.056849e-03	1.000000e+00	-9.931398e-01	9.692744e-01	-9.151636e-01	8.470337e-01	
-1.216448e-01	-1.504000e-01	-2.663315e-01	4.225195e-02	-7.898135e-02	8.284925e-02	-7.609044e-02	5.254376e-02	-4.773449e-02	-4.446518e-02	4.739383e-02	-4.869184e-02	4.170985e-02	-2.395786e-02	1.821034e-01	-1.721722e-01	1.523071e-01	-1.087719e-01	2.602911e-02	-4.418014e-03	-9.931398e-01	1.000000e+00	-9.909039e-01	9.483533e-01	-8.896823e-01	
1.180790e-01	1.509084e-01	2.527562e-01	-5.538451e-02	7.649462e-02	-7.833314e-02	6.759261e-02	-3.109535e-02	2.708397e-02	9.026221e-03	-1.395602e-02	1.842372e-02	-1.491627e-02	1.694253e-03	-1.717141e-01	1.758395e-01	-1.551498e-01	1.116605e-01	-3.375621e-02	1.331589e-02	9.692744e-01	-9.909039e-01	1.000000e+00	-9.767076e-01	9.323665e-01	
-5.221121e-02	-1.150092e-01	-3.171717e-01	1.119829e-02	-3.862624e-02	3.507144e-02	-2.095877e-02	1.685014e-02	-1.144667e-02	2.943263e-02	-2.424352e-02	1.805493e-02	-4.105512e-03	1.362568e-02	6.069093e-02	-1.373546e-01	1.100527e-01	-6.627010e-02	5.111003e-02	-3.391890e-02	-9.151636e-01	9.483533e-01	-9.767076e-01	1.000000e+00	-9.793491e-01	
3.762446e-02	1.529429e-01	3.084449e-01	-5.148691e-02	4.107239e-02	-4.033683e-02	2.941965e-02	-3.896323e-03	1.634539e-03	-2.907803e-02	2.354747e-02	-1.732340e-02	9.857791e-03	-1.893972e-02	-6.852852e-02	1.710141e-01	-1.457873e-01	1.093525e-01	-1.100807e-01	1.058574e-01	8.470337e-01	-8.896823e-01	9.323665e-01	-9.793491e-01	1.000000e+00	

Time taken for mcmc chain: 7.966667 minutes
