Number of steps: 1030980
Number of accepted steps: 1000000
Burn-in number of steps: 320000
Accepted fraction of steps: 0.969951
Convergence Status
R[0]= 1.154017	R[1]= 1.283758	R[2]= 1.176038	R[3]= 1.035250	R[4]= 1.247496	R[5]= 1.266214	R[6]= 1.269788	R[7]= 1.164250	R[8]= 1.132739	R[9]= 1.011648	R[10]= 1.017505	R[11]= 1.026159	R[12]= 1.042226	R[13]= 1.128189	R[14]= 1.068963	R[15]= 1.072308	R[16]= 1.118031	R[17]= 1.192525	R[18]= 1.302391	R[19]= 1.468892	R[20]= 1.169704	R[21]= 1.140125	R[22]= 1.086660	R[23]= 1.071773	R[24]= 1.056994	
<R>= 1.148146

Mean parameters
A[0]= 9.381154e-01 pm 6.636521e-02
A[1]= 1.046240e+00 pm 3.945898e-02
A[2]= 7.921918e-01 pm 2.680757e-01
A[3]= 5.130869e-01 pm 3.055193e-01
A[4]= 7.509271e+03 pm 2.378636e+03
A[5]= -6.478952e+03 pm 1.276471e+03
A[6]= 2.135901e+03 pm 2.312145e+02
A[7]= 2.483438e+00 pm 1.273215e+01
A[8]= -3.929363e-01 pm 1.765996e-01
A[9]= 2.765974e+02 pm 6.387080e+03
A[10]= -1.567399e+03 pm 3.499865e+03
A[11]= 4.012149e+02 pm 6.150333e+02
A[12]= 3.559874e+01 pm 3.767807e+01
A[13]= -1.153860e+00 pm 6.873047e-01
A[14]= 6.410381e-01 pm 3.861132e-01
A[15]= 8.569827e+03 pm 3.340745e+03
A[16]= -6.574836e+03 pm 1.849095e+03
A[17]= 2.104777e+03 pm 3.386608e+02
A[18]= -7.703478e+00 pm 1.855533e+01
A[19]= -1.532292e-01 pm 2.444743e-01
A[20]= 1.379555e+04 pm 9.598609e+03
A[21]= -8.859594e+03 pm 5.193264e+03
A[22]= 1.538519e+03 pm 8.983092e+02
A[23]= -2.336804e+01 pm 5.902065e+01
A[24]= -2.687625e-01 pm 1.056877e+00

Best-fitting parameters
A[0]= 9.565568e-01
A[1]= 1.085237e+00
A[2]= 8.045415e-01
A[3]= 5.970699e-01
A[4]= 5.168065e+03
A[5]= -5.142455e+03
A[6]= 1.866426e+03
A[7]= 1.663208e+01
A[8]= -5.775737e-01
A[9]= -2.277471e+03
A[10]= -4.701712e+01
A[11]= 1.233181e+02
A[12]= 4.820400e+01
A[13]= -1.415981e+00
A[14]= 9.926482e-01
A[15]= 9.009002e+03
A[16]= -6.580661e+03
A[17]= 2.068828e+03
A[18]= -1.863609e+01
A[19]= 3.935943e-02
A[20]= 1.627286e+04
A[21]= -1.056285e+04
A[22]= 1.913170e+03
A[23]= -6.425954e+01
A[24]= 5.864960e-01
chi2_min= 1.258571e+02


Cross-Covariance parameters
1.000000e+00	-9.336892e-02	-3.592382e-01	-1.437630e-01	6.142184e-02	-6.837985e-02	6.031533e-02	8.628040e-02	-3.885758e-02	-4.121916e-02	5.008049e-02	-6.592524e-02	1.078317e-01	-9.648339e-02	3.145725e-02	-1.747525e-01	1.779196e-01	-1.852190e-01	2.234504e-01	-2.076837e-01	6.042881e-02	-3.744835e-02	5.597404e-03	2.313997e-02	-4.568573e-02	
-9.336892e-02	1.000000e+00	3.861362e-01	-2.244726e-01	-1.964642e-01	1.862260e-01	-1.793243e-01	2.342441e-01	-1.936713e-01	4.506206e-02	-2.928591e-02	1.496945e-02	-2.377779e-02	2.333146e-02	-3.728827e-01	2.287983e-01	-2.397871e-01	2.358782e-01	-1.099451e-01	1.386774e-01	-7.463854e-02	8.067215e-02	-9.246303e-02	1.309093e-01	-1.106117e-01	
-3.592382e-01	3.861362e-01	1.000000e+00	-1.367584e-01	-1.053858e-01	1.402676e-01	-1.845742e-01	1.323046e-01	-1.758720e-01	9.873906e-02	-8.184650e-02	5.573258e-02	-1.309911e-01	5.658137e-02	5.819576e-02	-2.859869e-02	4.274787e-02	-5.486101e-02	-1.366883e-01	1.349840e-01	5.958231e-02	-4.885439e-02	3.112301e-02	-1.102587e-01	9.258415e-02	
-1.437630e-01	-2.244726e-01	-1.367584e-01	1.000000e+00	-2.868972e-01	3.583746e-01	-4.081227e-01	-2.390383e-01	2.496077e-01	-2.538434e-01	2.614899e-01	-2.685222e-01	1.096377e-01	-3.077693e-02	1.895622e-01	3.114372e-02	-2.971885e-02	1.600090e-02	-7.585521e-02	4.817994e-02	-9.985658e-02	5.569284e-02	2.673121e-03	-7.479204e-02	1.567730e-01	
6.142184e-02	-1.964642e-01	-1.053858e-01	-2.868972e-01	1.000000e+00	-9.879218e-01	9.378783e-01	-7.381524e-01	6.269861e-01	-1.613611e-01	1.407496e-01	-1.012618e-01	9.171290e-02	6.510708e-02	-1.034092e-01	4.647550e-02	-4.907032e-02	5.581663e-02	1.151798e-02	3.500157e-04	2.605611e-02	-8.359372e-03	-7.551703e-03	4.152568e-02	-5.672788e-02	
-6.837985e-02	1.862260e-01	1.402676e-01	3.583746e-01	-9.879218e-01	1.000000e+00	-9.787779e-01	7.409822e-01	-6.440997e-01	1.552732e-01	-1.349890e-01	9.452678e-02	-1.044174e-01	-5.947982e-02	1.231130e-01	-4.006204e-02	4.283790e-02	-5.085609e-02	-3.292593e-02	1.488699e-02	-6.802753e-02	4.600623e-02	-2.327662e-02	-2.689595e-02	5.262050e-02	
6.031533e-02	-1.793243e-01	-1.845742e-01	-4.081227e-01	9.378783e-01	-9.787779e-01	1.000000e+00	-7.520397e-01	6.854625e-01	-1.460989e-01	1.272305e-01	-8.660826e-02	1.149865e-01	6.281109e-02	-1.350366e-01	2.696459e-02	-2.923424e-02	3.862032e-02	5.971110e-02	-3.288424e-02	1.165323e-01	-9.165148e-02	6.373417e-02	2.336221e-03	-3.660142e-02	
8.628040e-02	2.342441e-01	1.323046e-01	-2.390383e-01	-7.381524e-01	7.409822e-01	-7.520397e-01	1.000000e+00	-9.693130e-01	3.310443e-01	-3.228707e-01	2.898292e-01	-1.866855e-01	-7.521196e-02	3.424465e-02	-4.476575e-02	4.291905e-02	-4.019129e-02	-1.149012e-02	-9.101448e-03	-9.248028e-02	9.275981e-02	-9.781698e-02	8.157255e-02	-1.033789e-01	
-3.885758e-02	-1.936713e-01	-1.758720e-01	2.496077e-01	6.269861e-01	-6.440997e-01	6.854625e-01	-9.693130e-01	1.000000e+00	-3.113542e-01	3.102399e-01	-2.848065e-01	1.900619e-01	8.908611e-02	-4.519192e-02	4.968889e-02	-4.856053e-02	4.824702e-02	1.374855e-02	2.006496e-02	9.788201e-02	-9.876703e-02	1.051857e-01	-8.543912e-02	1.158130e-01	
-4.121916e-02	4.506206e-02	9.873906e-02	-2.538434e-01	-1.613611e-01	1.552732e-01	-1.460989e-01	3.310443e-01	-3.113542e-01	1.000000e+00	-9.909334e-01	9.553003e-01	-8.546829e-01	6.691825e-01	2.088146e-01	1.536136e-02	-1.008607e-02	1.029607e-02	-1.838300e-01	1.869842e-01	6.285119e-02	-5.901910e-02	4.779294e-02	-6.974878e-02	4.265668e-02	
5.008049e-02	-2.928591e-02	-8.184650e-02	2.614899e-01	1.407496e-01	-1.349890e-01	1.272305e-01	-3.228707e-01	3.102399e-01	-9.909334e-01	1.000000e+00	-9.856168e-01	9.041966e-01	-7.331965e-01	-1.888545e-01	-2.250688e-02	1.376118e-02	-8.955388e-03	1.624447e-01	-1.607963e-01	-5.771538e-02	5.866187e-02	-5.260738e-02	7.211397e-02	-3.888125e-02	
-6.592524e-02	1.496945e-02	5.573258e-02	-2.685222e-01	-1.012618e-01	9.452678e-02	-8.660826e-02	2.898292e-01	-2.848065e-01	9.553003e-01	-9.856168e-01	1.000000e+00	-9.498677e-01	8.098964e-01	1.633293e-01	2.998741e-02	-1.638500e-02	4.725953e-03	-1.301575e-01	1.234615e-01	5.007728e-02	-5.701456e-02	5.739808e-02	-7.328172e-02	3.347178e-02	
1.078317e-01	-2.377779e-02	-1.309911e-01	1.096377e-01	9.171290e-02	-1.044174e-01	1.149865e-01	-1.866855e-01	1.900619e-01	-8.546829e-01	9.041966e-01	-9.498677e-01	1.000000e+00	-9.274951e-01	-1.568024e-01	-3.695443e-02	1.440495e-02	1.175595e-02	1.047812e-01	-8.949887e-02	-8.045323e-03	2.701616e-02	-4.187803e-02	7.713476e-02	-4.592683e-02	
-9.648339e-02	2.333146e-02	5.658137e-02	-3.077693e-02	6.510708e-02	-5.947982e-02	6.281109e-02	-7.521196e-02	8.908611e-02	6.691825e-01	-7.331965e-01	8.098964e-01	-9.274951e-01	1.000000e+00	8.987031e-02	9.447854e-02	-6.910111e-02	3.759644e-02	-9.449326e-02	7.999304e-02	-5.763788e-03	-2.445517e-02	5.344936e-02	-8.071978e-02	5.621905e-02	
3.145725e-02	-3.728827e-01	5.819576e-02	1.895622e-01	-1.034092e-01	1.231130e-01	-1.350366e-01	3.424465e-02	-4.519192e-02	2.088146e-01	-1.888545e-01	1.633293e-01	-1.568024e-01	8.987031e-02	1.000000e+00	-4.046572e-01	4.448494e-01	-4.784009e-01	-1.287357e-01	1.464545e-01	1.423304e-01	-1.399148e-01	1.281361e-01	-2.868935e-01	2.686295e-01	
-1.747525e-01	2.287983e-01	-2.859869e-02	3.114372e-02	4.647550e-02	-4.006204e-02	2.696459e-02	-4.476575e-02	4.968889e-02	1.536136e-02	-2.250688e-02	2.998741e-02	-3.695443e-02	9.447854e-02	-4.046572e-01	1.000000e+00	-9.895960e-01	9.484381e-01	-7.216117e-01	6.149285e-01	-1.217313e-01	9.678399e-02	-6.717312e-02	1.205362e-01	-8.235883e-02	
1.779196e-01	-2.397871e-01	4.274787e-02	-2.971885e-02	-4.907032e-02	4.283790e-02	-2.923424e-02	4.291905e-02	-4.856053e-02	-1.008607e-02	1.376118e-02	-1.638500e-02	1.440495e-02	-6.910111e-02	4.448494e-01	-9.895960e-01	1.000000e+00	-9.828667e-01	7.496062e-01	-6.522110e-01	1.410227e-01	-1.152893e-01	8.215788e-02	-1.358998e-01	8.563080e-02	
-1.852190e-01	2.358782e-01	-5.486101e-02	1.600090e-02	5.581663e-02	-5.085609e-02	3.862032e-02	-4.019129e-02	4.824702e-02	1.029607e-02	-8.955388e-03	4.725953e-03	1.175595e-02	3.759644e-02	-4.784009e-01	9.484381e-01	-9.828667e-01	1.000000e+00	-7.747844e-01	7.000757e-01	-1.518113e-01	1.254631e-01	-8.787775e-02	1.387584e-01	-7.280974e-02	
2.234504e-01	-1.099451e-01	-1.366883e-01	-7.585521e-02	1.151798e-02	-3.292593e-02	5.971110e-02	-1.149012e-02	1.374855e-02	-1.838300e-01	1.624447e-01	-1.301575e-01	1.047812e-01	-9.449326e-02	-1.287357e-01	-7.216117e-01	7.496062e-01	-7.747844e-01	1.000000e+00	-9.676919e-01	6.473897e-02	-4.398081e-02	1.574685e-02	5.201773e-02	-1.247893e-01	
-2.076837e-01	1.386774e-01	1.349840e-01	4.817994e-02	3.500157e-04	1.488699e-02	-3.288424e-02	-9.101448e-03	2.006496e-02	1.869842e-01	-1.607963e-01	1.234615e-01	-8.949887e-02	7.999304e-02	1.464545e-01	6.149285e-01	-6.522110e-01	7.000757e-01	-9.676919e-01	1.000000e+00	-4.514370e-02	3.183707e-02	-9.171806e-03	-6.404143e-02	1.499869e-01	
6.042881e-02	-7.463854e-02	5.958231e-02	-9.985658e-02	2.605611e-02	-6.802753e-02	1.165323e-01	-9.248028e-02	9.788201e-02	6.285119e-02	-5.771538e-02	5.007728e-02	-8.045323e-03	-5.763788e-03	1.423304e-01	-1.217313e-01	1.410227e-01	-1.518113e-01	6.473897e-02	-4.514370e-02	1.000000e+00	-9.911692e-01	9.547807e-01	-8.849761e-01	8.162893e-01	
-3.744835e-02	8.067215e-02	-4.885439e-02	5.569284e-02	-8.359372e-03	4.600623e-02	-9.165148e-02	9.275981e-02	-9.876703e-02	-5.901910e-02	5.866187e-02	-5.701456e-02	2.701616e-02	-2.445517e-02	-1.399148e-01	9.678399e-02	-1.152893e-01	1.254631e-01	-4.398081e-02	3.183707e-02	-9.911692e-01	1.000000e+00	-9.852249e-01	9.294426e-01	-8.690903e-01	
5.597404e-03	-9.246303e-02	3.112301e-02	2.673121e-03	-7.551703e-03	-2.327662e-02	6.373417e-02	-9.781698e-02	1.051857e-01	4.779294e-02	-5.260738e-02	5.739808e-02	-4.187803e-02	5.344936e-02	1.281361e-01	-6.717312e-02	8.215788e-02	-8.787775e-02	1.574685e-02	-9.171806e-03	9.547807e-01	-9.852249e-01	1.000000e+00	-9.665032e-01	9.225240e-01	
2.313997e-02	1.309093e-01	-1.102587e-01	-7.479204e-02	4.152568e-02	-2.689595e-02	2.336221e-03	8.157255e-02	-8.543912e-02	-6.974878e-02	7.211397e-02	-7.328172e-02	7.713476e-02	-8.071978e-02	-2.868935e-01	1.205362e-01	-1.358998e-01	1.387584e-01	5.201773e-02	-6.404143e-02	-8.849761e-01	9.294426e-01	-9.665032e-01	1.000000e+00	-9.773071e-01	
-4.568573e-02	-1.106117e-01	9.258415e-02	1.567730e-01	-5.672788e-02	5.262050e-02	-3.660142e-02	-1.033789e-01	1.158130e-01	4.265668e-02	-3.888125e-02	3.347178e-02	-4.592683e-02	5.621905e-02	2.686295e-01	-8.235883e-02	8.563080e-02	-7.280974e-02	-1.247893e-01	1.499869e-01	8.162893e-01	-8.690903e-01	9.225240e-01	-9.773071e-01	1.000000e+00	

Time taken for mcmc chain: 8.616667 minutes
