Number of steps: 1063920
Number of accepted steps: 1000000
Burn-in number of steps: 320000
Accepted fraction of steps: 0.939920
Convergence Status
R[0]= 1.035744	R[1]= 1.118317	R[2]= 1.072714	R[3]= 1.130370	R[4]= 1.017325	R[5]= 1.020456	R[6]= 1.043549	R[7]= 1.134915	R[8]= 1.217118	R[9]= 1.183194	R[10]= 1.208599	R[11]= 1.256680	R[12]= 1.232489	R[13]= 1.277789	R[14]= 1.088534	R[15]= 1.003087	R[16]= 1.002429	R[17]= 1.013105	R[18]= 1.102628	R[19]= 1.152268	R[20]= 1.086232	R[21]= 1.076274	R[22]= 1.060565	R[23]= 1.083105	R[24]= 1.086989	
<R>= 1.108179

Mean parameters
A[0]= 8.655636e-01 pm 4.227110e-02
A[1]= 1.026951e+00 pm 2.353378e-02
A[2]= 3.556802e-01 pm 1.785795e-01
A[3]= 2.136593e+00 pm 7.105858e-01
A[4]= 2.469621e+03 pm 2.826888e+03
A[5]= -2.469614e+03 pm 1.828438e+03
A[6]= 1.006388e+03 pm 4.360776e+02
A[7]= 1.427576e+01 pm 1.172026e+01
A[8]= -3.351223e-01 pm 1.726960e-01
A[9]= -1.654221e+03 pm 8.269305e+03
A[10]= -2.641633e+02 pm 4.546744e+03
A[11]= 1.272217e+02 pm 8.106694e+02
A[12]= 4.193281e+01 pm 4.896087e+01
A[13]= -1.216295e+00 pm 8.885124e-01
A[14]= 3.267934e+00 pm 9.575272e-01
A[15]= 1.599272e+03 pm 4.269927e+03
A[16]= -7.585644e+02 pm 2.698982e+03
A[17]= 4.170572e+02 pm 6.356903e+02
A[18]= 4.924240e+00 pm 1.744788e+01
A[19]= -4.297052e-02 pm 2.280962e-01
A[20]= 8.362324e+03 pm 8.125632e+03
A[21]= -5.836259e+03 pm 4.559601e+03
A[22]= 9.934230e+02 pm 8.344427e+02
A[23]= -1.342926e+01 pm 5.066706e+01
A[24]= -3.150616e-01 pm 9.675689e-01

Best-fitting parameters
A[0]= 8.394372e-01
A[1]= 1.033802e+00
A[2]= 4.411600e-01
A[3]= 3.261547e+00
A[4]= -3.111501e+03
A[5]= 1.292869e+03
A[6]= 1.001564e+02
A[7]= 2.210693e+01
A[8]= -3.049027e-01
A[9]= -2.531569e+03
A[10]= 4.729239e+02
A[11]= -2.306086e+01
A[12]= 2.198723e+01
A[13]= -6.412655e-01
A[14]= 2.626080e+00
A[15]= 3.406330e+03
A[16]= -2.078865e+03
A[17]= 7.689276e+02
A[18]= -2.941042e-01
A[19]= -2.854362e-02
A[20]= 9.385405e+03
A[21]= -6.700504e+03
A[22]= 1.228847e+03
A[23]= -3.568008e+01
A[24]= 1.728281e-01
chi2_min= 9.726164e+01


Cross-Covariance parameters
1.000000e+00	-2.245387e-01	-3.163644e-01	-1.803253e-01	1.665140e-01	-1.927019e-01	2.077529e-01	6.117339e-02	-1.513621e-01	-1.354326e-01	1.143308e-01	-1.059764e-01	1.730538e-01	-1.770054e-01	-3.400680e-01	3.881562e-01	-4.214660e-01	4.155095e-01	-8.020557e-02	-8.566570e-02	2.965542e-01	-3.175935e-01	3.090025e-01	-2.039972e-01	2.108701e-01	
-2.245387e-01	1.000000e+00	1.478027e-01	-3.133543e-01	5.912799e-02	-1.209898e-01	1.650888e-01	1.043150e-01	-2.095020e-01	1.517254e-02	-4.201526e-02	8.372816e-02	-9.174973e-02	1.013287e-01	-3.103406e-01	1.204210e-01	-1.402868e-01	1.562069e-01	6.239230e-02	-1.349056e-01	-2.006640e-01	1.981119e-01	-1.843511e-01	2.633940e-01	-3.097748e-01	
-3.163644e-01	1.478027e-01	1.000000e+00	-1.868014e-01	-9.427125e-02	1.153588e-01	-1.325395e-01	8.048765e-02	-4.889312e-02	-8.363533e-02	1.298513e-01	-2.037791e-01	-5.208093e-02	8.479519e-02	-1.232245e-01	-3.102268e-01	3.061508e-01	-2.878503e-01	1.975563e-01	-1.496658e-01	-1.315206e-01	2.092176e-01	-3.448242e-01	-3.120845e-03	9.736473e-03	
-1.803253e-01	-3.133543e-01	-1.868014e-01	1.000000e+00	-5.816441e-01	7.220353e-01	-8.316876e-01	-9.964370e-03	4.149740e-01	-8.209734e-02	1.071700e-01	-1.257708e-01	6.729392e-02	-2.181759e-02	3.020966e-01	-7.595622e-02	1.069722e-01	-1.303531e-01	-1.462017e-01	2.507678e-01	1.078209e-01	-1.237391e-01	1.560955e-01	-1.554733e-01	2.002039e-01	
1.665140e-01	5.912799e-02	-9.427125e-02	-5.816441e-01	1.000000e+00	-9.732464e-01	8.930388e-01	-6.777879e-01	2.642534e-01	3.160345e-02	-5.947991e-02	8.804424e-02	7.367967e-03	1.759766e-02	-1.715828e-01	7.721193e-02	-1.090713e-01	1.379604e-01	5.451966e-02	-1.271698e-01	-2.046765e-01	1.939085e-01	-1.782475e-01	2.604953e-01	-2.923787e-01	
-1.927019e-01	-1.209898e-01	1.153588e-01	7.220353e-01	-9.732464e-01	1.000000e+00	-9.715775e-01	5.899304e-01	-1.421624e-01	-3.362532e-02	6.794457e-02	-1.055065e-01	-1.093056e-02	-2.433649e-03	1.942768e-01	-1.018297e-01	1.322731e-01	-1.577748e-01	-7.608652e-02	1.649918e-01	1.752760e-01	-1.667199e-01	1.536624e-01	-2.533807e-01	2.938510e-01	
2.077529e-01	1.650888e-01	-1.325395e-01	-8.316876e-01	8.930388e-01	-9.715775e-01	1.000000e+00	-4.630409e-01	1.008183e-02	5.686335e-02	-9.510431e-02	1.385141e-01	-6.509941e-03	7.413384e-03	-2.060296e-01	1.215856e-01	-1.501862e-01	1.724851e-01	8.544644e-02	-1.837997e-01	-1.339663e-01	1.278236e-01	-1.172067e-01	2.275803e-01	-2.717135e-01	
6.117339e-02	1.043150e-01	8.048765e-02	-9.964370e-03	-6.777879e-01	5.899304e-01	-4.630409e-01	1.000000e+00	-8.680476e-01	1.062880e-01	-9.952124e-02	8.166136e-02	-8.576428e-02	-6.018839e-02	-6.513665e-02	3.367374e-02	-4.063443e-02	3.849884e-02	-4.613716e-03	-1.189724e-02	7.615451e-02	-8.120023e-02	8.271230e-02	-1.228268e-01	1.311658e-01	
-1.513621e-01	-2.095020e-01	-4.889312e-02	4.149740e-01	2.642534e-01	-1.421624e-01	1.008183e-02	-8.680476e-01	1.000000e+00	-1.340169e-01	1.466958e-01	-1.477819e-01	8.962729e-02	9.533242e-02	2.170468e-01	-1.242807e-01	1.495333e-01	-1.608531e-01	-1.866643e-02	9.652221e-02	2.454841e-02	-1.060503e-02	-2.618840e-03	-1.465934e-04	7.812858e-03	
-1.354326e-01	1.517254e-02	-8.363533e-02	-8.209734e-02	3.160345e-02	-3.362532e-02	5.686335e-02	1.062880e-01	-1.340169e-01	1.000000e+00	-9.933830e-01	9.641038e-01	-9.115900e-01	8.077603e-01	1.212397e-01	-2.161757e-01	1.999053e-01	-1.621101e-01	1.649405e-01	-7.285040e-02	-1.612603e-01	1.624428e-01	-1.486840e-01	1.785169e-01	-1.826133e-01	
1.143308e-01	-4.201526e-02	1.298513e-01	1.071700e-01	-5.947991e-02	6.794457e-02	-9.510431e-02	-9.952124e-02	1.466958e-01	-9.933830e-01	1.000000e+00	-9.876106e-01	9.319648e-01	-8.325410e-01	-1.094556e-01	1.763066e-01	-1.618977e-01	1.280374e-01	-1.404136e-01	5.731443e-02	1.488019e-01	-1.460629e-01	1.248800e-01	-1.714386e-01	1.744299e-01	
-1.059764e-01	8.372816e-02	-2.037791e-01	-1.257708e-01	8.804424e-02	-1.055065e-01	1.385141e-01	8.166136e-02	-1.477819e-01	9.641038e-01	-9.876106e-01	1.000000e+00	-9.394821e-01	8.516766e-01	1.085620e-01	-1.263044e-01	1.164994e-01	-8.943926e-02	1.045223e-01	-2.943127e-02	-1.360937e-01	1.279731e-01	-9.505624e-02	1.698772e-01	-1.724369e-01	
1.730538e-01	-9.174973e-02	-5.208093e-02	6.729392e-02	7.367967e-03	-1.093056e-02	-6.509941e-03	-8.576428e-02	8.962729e-02	-9.115900e-01	9.319648e-01	-9.394821e-01	1.000000e+00	-9.602962e-01	-1.080835e-01	1.860421e-01	-1.874132e-01	1.687344e-01	-1.065731e-01	8.153042e-03	1.244163e-01	-1.394950e-01	1.458503e-01	-1.146499e-01	1.056463e-01	
-1.770054e-01	1.013287e-01	8.479519e-02	-2.181759e-02	1.759766e-02	-2.433649e-03	7.413384e-03	-6.018839e-02	9.533242e-02	8.077603e-01	-8.325410e-01	8.516766e-01	-9.602962e-01	1.000000e+00	1.267643e-01	-1.805265e-01	1.920244e-01	-1.840128e-01	8.817159e-02	1.245390e-02	-9.681777e-02	1.226924e-01	-1.443741e-01	1.032987e-01	-9.636698e-02	
-3.400680e-01	-3.103406e-01	-1.232245e-01	3.020966e-01	-1.715828e-01	1.942768e-01	-2.060296e-01	-6.513665e-02	2.170468e-01	1.212397e-01	-1.094556e-01	1.085620e-01	-1.080835e-01	1.267643e-01	1.000000e+00	-5.090752e-01	6.647769e-01	-7.967298e-01	9.366489e-02	2.220018e-01	-1.178289e-02	5.919990e-02	-9.616535e-02	6.943468e-03	4.583266e-03	
3.881562e-01	1.204210e-01	-3.102268e-01	-7.595622e-02	7.721193e-02	-1.018297e-01	1.215856e-01	3.367374e-02	-1.242807e-01	-2.161757e-01	1.763066e-01	-1.263044e-01	1.860421e-01	-1.805265e-01	-5.090752e-01	1.000000e+00	-9.720633e-01	8.788744e-01	-7.318789e-01	4.331276e-01	1.680127e-01	-2.221324e-01	2.856175e-01	-1.033627e-01	1.408871e-01	
-4.214660e-01	-1.402868e-01	3.061508e-01	1.069722e-01	-1.090713e-01	1.322731e-01	-1.501862e-01	-4.063443e-02	1.495333e-01	1.999053e-01	-1.618977e-01	1.164994e-01	-1.874132e-01	1.920244e-01	6.647769e-01	-9.720633e-01	1.000000e+00	-9.656084e-01	6.858815e-01	-3.625030e-01	-1.313560e-01	1.973335e-01	-2.757029e-01	7.827432e-02	-1.151012e-01	
4.155095e-01	1.562069e-01	-2.878503e-01	-1.303531e-01	1.379604e-01	-1.577748e-01	1.724851e-01	3.849884e-02	-1.608531e-01	-1.621101e-01	1.280374e-01	-8.943926e-02	1.687344e-01	-1.840128e-01	-7.967298e-01	8.788744e-01	-9.656084e-01	1.000000e+00	-5.863921e-01	2.580111e-01	8.383158e-02	-1.597184e-01	2.522023e-01	-4.963258e-02	8.412964e-02	
-8.020557e-02	6.239230e-02	1.975563e-01	-1.462017e-01	5.451966e-02	-7.608652e-02	8.544644e-02	-4.613716e-03	-1.866643e-02	1.649405e-01	-1.404136e-01	1.045223e-01	-1.065731e-01	8.817159e-02	9.366489e-02	-7.318789e-01	6.858815e-01	-5.863921e-01	1.000000e+00	-9.151510e-01	-1.468642e-02	5.174712e-02	-1.123970e-01	7.323012e-02	-1.953790e-01	
-8.566570e-02	-1.349056e-01	-1.496658e-01	2.507678e-01	-1.271698e-01	1.649918e-01	-1.837997e-01	-1.189724e-02	9.652221e-02	-7.285040e-02	5.731443e-02	-2.943127e-02	8.153042e-03	1.245390e-02	2.220018e-01	4.331276e-01	-3.625030e-01	2.580111e-01	-9.151510e-01	1.000000e+00	-5.900020e-02	4.148714e-02	4.251500e-03	-4.004783e-02	1.894539e-01	
2.965542e-01	-2.006640e-01	-1.315206e-01	1.078209e-01	-2.046765e-01	1.752760e-01	-1.339663e-01	7.615451e-02	2.454841e-02	-1.612603e-01	1.488019e-01	-1.360937e-01	1.244163e-01	-9.681777e-02	-1.178289e-02	1.680127e-01	-1.313560e-01	8.383158e-02	-1.468642e-02	-5.900020e-02	1.000000e+00	-9.881545e-01	9.313697e-01	-8.947101e-01	7.950176e-01	
-3.175935e-01	1.981119e-01	2.092176e-01	-1.237391e-01	1.939085e-01	-1.667199e-01	1.278236e-01	-8.120023e-02	-1.060503e-02	1.624428e-01	-1.460629e-01	1.279731e-01	-1.394950e-01	1.226924e-01	5.919990e-02	-2.221324e-01	1.973335e-01	-1.597184e-01	5.174712e-02	4.148714e-02	-9.881545e-01	1.000000e+00	-9.745660e-01	9.130628e-01	-8.187283e-01	
3.090025e-01	-1.843511e-01	-3.448242e-01	1.560955e-01	-1.782475e-01	1.536624e-01	-1.172067e-01	8.271230e-02	-2.618840e-03	-1.486840e-01	1.248800e-01	-9.505624e-02	1.458503e-01	-1.443741e-01	-9.616535e-02	2.856175e-01	-2.757029e-01	2.522023e-01	-1.123970e-01	4.251500e-03	9.313697e-01	-9.745660e-01	1.000000e+00	-9.003031e-01	8.227885e-01	
-2.039972e-01	2.633940e-01	-3.120845e-03	-1.554733e-01	2.604953e-01	-2.533807e-01	2.275803e-01	-1.228268e-01	-1.465934e-04	1.785169e-01	-1.714386e-01	1.698772e-01	-1.146499e-01	1.032987e-01	6.943468e-03	-1.033627e-01	7.827432e-02	-4.963258e-02	7.323012e-02	-4.004783e-02	-8.947101e-01	9.130628e-01	-9.003031e-01	1.000000e+00	-9.657462e-01	
2.108701e-01	-3.097748e-01	9.736473e-03	2.002039e-01	-2.923787e-01	2.938510e-01	-2.717135e-01	1.311658e-01	7.812858e-03	-1.826133e-01	1.744299e-01	-1.724369e-01	1.056463e-01	-9.636698e-02	4.583266e-03	1.408871e-01	-1.151012e-01	8.412964e-02	-1.953790e-01	1.894539e-01	7.950176e-01	-8.187283e-01	8.227885e-01	-9.657462e-01	1.000000e+00	

Time taken for mcmc chain: 9.366667 minutes
