Number of steps: 5984044
Number of accepted steps: 1000000
Burn-in number of steps: 320000
Accepted fraction of steps: 0.167111
Convergence Status
R[0]= 1.021405	R[1]= 1.033892	R[2]= 1.291416	R[3]= 1.086009	R[4]= 1.032517	R[5]= 1.035351	R[6]= 1.036326	R[7]= 1.006950	R[8]= 1.008359	R[9]= 1.007382	R[10]= 1.011490	R[11]= 1.016306	R[12]= 1.017486	R[13]= 1.016343	R[14]= 1.018234	R[15]= 1.078260	R[16]= 1.086503	R[17]= 1.089656	R[18]= 1.022667	R[19]= 1.022161	R[20]= 1.042257	R[21]= 1.058849	R[22]= 1.075943	R[23]= 1.057760	R[24]= 1.055627	
<R>= 1.049166

Mean parameters
A[0]= 1.124176e+00 pm 1.532677e-01
A[1]= 1.233686e+00 pm 2.672301e-01
A[2]= 2.895650e+00 pm 2.058822e+00
A[3]= 8.261965e-01 pm 5.756845e-01
A[4]= 2.849583e+03 pm 4.292347e+03
A[5]= -3.448254e+03 pm 2.667845e+03
A[6]= 1.513242e+03 pm 5.407798e+02
A[7]= -3.931379e+00 pm 1.353497e+01
A[8]= -2.980487e-01 pm 1.930230e-01
A[9]= -4.067042e+03 pm 8.078714e+03
A[10]= 1.481576e+03 pm 4.635327e+03
A[11]= -2.666199e+02 pm 8.689291e+02
A[12]= -8.218768e+00 pm 5.655711e+01
A[13]= -3.596959e-01 pm 1.059372e+00
A[14]= 1.195417e+00 pm 8.072668e-01
A[15]= 2.080015e+03 pm 6.076820e+03
A[16]= -2.266475e+03 pm 3.781167e+03
A[17]= 1.210765e+03 pm 7.668829e+02
A[18]= -2.560868e+01 pm 2.187773e+01
A[19]= 8.781770e-02 pm 2.931203e-01
A[20]= 4.868320e+03 pm 1.186865e+04
A[21]= -3.123702e+03 pm 6.990342e+03
A[22]= 3.719248e+02 pm 1.340205e+03
A[23]= -9.374666e+01 pm 8.009173e+01
A[24]= 1.109039e+00 pm 1.496680e+00

Best-fitting parameters
A[0]= 1.128775e+00
A[1]= 1.390091e+00
A[2]= 1.986963e+00
A[3]= 1.767409e+00
A[4]= -2.201747e+03
A[5]= -7.293573e+01
A[6]= 7.799102e+02
A[7]= -7.279335e+00
A[8]= -2.608613e-01
A[9]= -4.989438e+03
A[10]= 2.300415e+03
A[11]= -4.589448e+02
A[12]= -4.988870e+01
A[13]= 3.510508e-01
A[14]= 2.118383e+00
A[15]= -1.781364e+03
A[16]= 1.920752e+02
A[17]= 7.352728e+02
A[18]= -4.150620e+01
A[19]= 3.475252e-01
A[20]= 7.847757e+03
A[21]= -4.481160e+03
A[22]= 5.757939e+02
A[23]= -1.321708e+02
A[24]= 1.899796e+00
chi2_min= 9.472220e+01


Cross-Covariance parameters
1.000000e+00	4.130674e-01	1.318136e-01	1.089802e-01	-2.120672e-01	2.322384e-01	-2.504882e-01	-8.413381e-02	1.277317e-01	-1.116863e-01	1.487035e-01	-1.916440e-01	-1.341517e-01	1.608511e-01	1.923443e-01	-2.402194e-01	2.597775e-01	-2.757307e-01	-1.334655e-01	1.611844e-01	-1.380963e-01	1.689853e-01	-2.024220e-01	-1.569028e-01	1.756325e-01	
4.130674e-01	1.000000e+00	3.899439e-01	2.941234e-01	-5.999916e-01	6.409922e-01	-6.704260e-01	-2.500143e-01	3.049106e-01	-2.223173e-01	2.862181e-01	-3.480546e-01	-3.566470e-01	3.657565e-01	3.301450e-01	-6.210241e-01	6.634953e-01	-6.939181e-01	-3.385026e-01	3.811659e-01	-3.084150e-01	3.619551e-01	-4.068475e-01	-3.721596e-01	3.788482e-01	
1.318136e-01	3.899439e-01	1.000000e+00	-4.523460e-01	-1.904259e-01	1.973616e-01	-2.003318e-01	-2.139091e-02	1.927120e-02	-1.800372e-01	2.290375e-01	-2.808563e-01	-2.249393e-01	2.019783e-01	-4.020210e-01	-3.949049e-01	4.129230e-01	-4.199581e-01	-2.100105e-01	2.109234e-01	-3.560453e-01	4.177480e-01	-4.745265e-01	-3.958176e-01	3.902909e-01	
1.089802e-01	2.941234e-01	-4.523460e-01	1.000000e+00	-5.518894e-01	5.846617e-01	-6.036171e-01	-2.871166e-01	3.116815e-01	-1.141195e-01	1.446692e-01	-1.684104e-01	-2.270860e-01	2.463266e-01	6.778757e-01	-2.092980e-01	2.255683e-01	-2.384371e-01	-1.212683e-01	1.505477e-01	2.721613e-02	-3.232157e-02	4.097594e-02	8.051726e-03	-2.296018e-03	
-2.120672e-01	-5.999916e-01	-1.904259e-01	-5.518894e-01	1.000000e+00	-9.921646e-01	9.713371e-01	-8.801417e-02	-1.724995e-02	2.232345e-01	-2.984274e-01	3.714847e-01	4.488260e-01	-4.066982e-01	-3.433422e-01	4.723513e-01	-5.013045e-01	5.206082e-01	2.459739e-01	-2.770889e-01	2.096831e-01	-2.458068e-01	2.753286e-01	2.627964e-01	-2.624672e-01	
2.322384e-01	6.409922e-01	1.973616e-01	5.846617e-01	-9.921646e-01	1.000000e+00	-9.929782e-01	2.682873e-02	6.815964e-02	-2.335630e-01	3.130364e-01	-3.905613e-01	-4.767051e-01	4.387109e-01	3.679746e-01	-5.020223e-01	5.330432e-01	-5.538093e-01	-2.616184e-01	2.952455e-01	-2.230059e-01	2.613535e-01	-2.927582e-01	-2.781603e-01	2.783862e-01	
-2.504882e-01	-6.704260e-01	-2.003318e-01	-6.036171e-01	9.713371e-01	-9.929782e-01	1.000000e+00	1.093955e-02	-9.148506e-02	2.416773e-01	-3.239386e-01	4.048581e-01	4.869717e-01	-4.491265e-01	-3.848582e-01	5.213793e-01	-5.539288e-01	5.759014e-01	2.715545e-01	-3.072237e-01	2.322684e-01	-2.720750e-01	3.048037e-01	2.872007e-01	-2.880645e-01	
-8.413381e-02	-2.500143e-01	-2.139091e-02	-2.871166e-01	-8.801417e-02	2.682873e-02	1.093955e-02	1.000000e+00	-9.642044e-01	2.031537e-01	-2.226418e-01	2.289382e-01	1.619343e-01	-2.996180e-01	-2.027984e-01	2.008968e-01	-2.144960e-01	2.226414e-01	1.274495e-01	-1.400410e-01	7.849172e-02	-9.289716e-02	1.035369e-01	1.120976e-01	-1.139539e-01	
1.277317e-01	3.049106e-01	1.927120e-02	3.116815e-01	-1.724995e-02	6.815964e-02	-9.148506e-02	-9.642044e-01	1.000000e+00	-2.187677e-01	2.424654e-01	-2.521137e-01	-1.815792e-01	3.366282e-01	2.362648e-01	-2.331191e-01	2.493401e-01	-2.598406e-01	-1.420077e-01	1.577293e-01	-8.994934e-02	1.069894e-01	-1.202336e-01	-1.286240e-01	1.312973e-01	
-1.116863e-01	-2.223173e-01	-1.800372e-01	-1.141195e-01	2.232345e-01	-2.335630e-01	2.416773e-01	2.031537e-01	-2.187677e-01	1.000000e+00	-9.888407e-01	9.508462e-01	-5.443120e-01	4.617771e-01	-5.277519e-02	1.952824e-01	-2.059825e-01	2.122786e-01	1.047728e-01	-1.167037e-01	1.211854e-01	-1.409905e-01	1.591026e-01	1.270741e-01	-1.288127e-01	
1.487035e-01	2.862181e-01	2.290375e-01	1.446692e-01	-2.984274e-01	3.130364e-01	-3.239386e-01	-2.226418e-01	2.424654e-01	-9.888407e-01	1.000000e+00	-9.858432e-01	4.927849e-01	-4.192116e-01	6.696731e-02	-2.497005e-01	2.635035e-01	-2.717404e-01	-1.301012e-01	1.454554e-01	-1.520096e-01	1.775402e-01	-2.009775e-01	-1.631355e-01	1.649793e-01	
-1.916440e-01	-3.480546e-01	-2.808563e-01	-1.684104e-01	3.714847e-01	-3.905613e-01	4.048581e-01	2.289382e-01	-2.521137e-01	9.508462e-01	-9.858432e-01	1.000000e+00	-4.284865e-01	3.703543e-01	-7.587659e-02	3.017569e-01	-3.186090e-01	3.288662e-01	1.524778e-01	-1.713736e-01	1.830779e-01	-2.145575e-01	2.437667e-01	1.983223e-01	-2.005328e-01	
-1.341517e-01	-3.566470e-01	-2.249393e-01	-2.270860e-01	4.488260e-01	-4.767051e-01	4.869717e-01	1.619343e-01	-1.815792e-01	-5.443120e-01	4.927849e-01	-4.284865e-01	1.000000e+00	-9.718116e-01	-1.131104e-01	2.949272e-01	-3.132990e-01	3.245683e-01	1.652695e-01	-1.799488e-01	1.533544e-01	-1.813770e-01	2.049968e-01	2.012254e-01	-1.996350e-01	
1.608511e-01	3.657565e-01	2.019783e-01	2.463266e-01	-4.066982e-01	4.387109e-01	-4.491265e-01	-2.996180e-01	3.366282e-01	4.617771e-01	-4.192116e-01	3.703543e-01	-9.718116e-01	1.000000e+00	1.379536e-01	-2.991689e-01	3.181498e-01	-3.299624e-01	-1.693425e-01	1.857885e-01	-1.529162e-01	1.809925e-01	-2.049124e-01	-1.999637e-01	1.996110e-01	
1.923443e-01	3.301450e-01	-4.020210e-01	6.778757e-01	-3.433422e-01	3.679746e-01	-3.848582e-01	-2.027984e-01	2.362648e-01	-5.277519e-02	6.696731e-02	-7.587659e-02	-1.131104e-01	1.379536e-01	1.000000e+00	-4.422270e-01	4.739479e-01	-4.940939e-01	-3.063128e-01	3.315903e-01	-1.015604e-01	1.162756e-01	-1.236974e-01	-1.467094e-01	1.574191e-01	
-2.402194e-01	-6.210241e-01	-3.949049e-01	-2.092980e-01	4.723513e-01	-5.020223e-01	5.213793e-01	2.008968e-01	-2.331191e-01	1.952824e-01	-2.497005e-01	3.017569e-01	2.949272e-01	-2.991689e-01	-4.422270e-01	1.000000e+00	-9.919487e-01	9.705532e-01	2.377530e-02	-1.082381e-01	3.878196e-01	-4.517724e-01	5.056544e-01	4.227895e-01	-4.054053e-01	
2.597775e-01	6.634953e-01	4.129230e-01	2.255683e-01	-5.013045e-01	5.330432e-01	-5.539288e-01	-2.144960e-01	2.493401e-01	-2.059825e-01	2.635035e-01	-3.186090e-01	-3.132990e-01	3.181498e-01	4.739479e-01	-9.919487e-01	1.000000e+00	-9.928182e-01	-8.875910e-02	1.636071e-01	-4.058648e-01	4.741697e-01	-5.320363e-01	-4.512169e-01	4.351442e-01	
-2.757307e-01	-6.939181e-01	-4.199581e-01	-2.384371e-01	5.206082e-01	-5.538093e-01	5.759014e-01	2.226414e-01	-2.598406e-01	2.122786e-01	-2.717404e-01	3.288662e-01	3.245683e-01	-3.299624e-01	-4.940939e-01	9.705532e-01	-9.928182e-01	1.000000e+00	1.298712e-01	-1.919116e-01	4.145995e-01	-4.858460e-01	5.468692e-01	4.651697e-01	-4.483535e-01	
-1.334655e-01	-3.385026e-01	-2.100105e-01	-1.212683e-01	2.459739e-01	-2.616184e-01	2.715545e-01	1.274495e-01	-1.420077e-01	1.047728e-01	-1.301012e-01	1.524778e-01	1.652695e-01	-1.693425e-01	-3.063128e-01	2.377530e-02	-8.875910e-02	1.298712e-01	1.000000e+00	-9.767981e-01	2.148783e-01	-2.445824e-01	2.637279e-01	3.249379e-01	-3.849567e-01	
1.611844e-01	3.811659e-01	2.109234e-01	1.505477e-01	-2.770889e-01	2.952455e-01	-3.072237e-01	-1.400410e-01	1.577293e-01	-1.167037e-01	1.454554e-01	-1.713736e-01	-1.799488e-01	1.857885e-01	3.315903e-01	-1.082381e-01	1.636071e-01	-1.919116e-01	-9.767981e-01	1.000000e+00	-2.313275e-01	2.627719e-01	-2.824270e-01	-3.374072e-01	4.072376e-01	
-1.380963e-01	-3.084150e-01	-3.560453e-01	2.721613e-02	2.096831e-01	-2.230059e-01	2.322684e-01	7.849172e-02	-8.994934e-02	1.211854e-01	-1.520096e-01	1.830779e-01	1.533544e-01	-1.529162e-01	-1.015604e-01	3.878196e-01	-4.058648e-01	4.145995e-01	2.148783e-01	-2.313275e-01	1.000000e+00	-9.901166e-01	9.586444e-01	-3.818295e-01	3.285321e-01	
1.689853e-01	3.619551e-01	4.177480e-01	-3.232157e-02	-2.458068e-01	2.613535e-01	-2.720750e-01	-9.289716e-02	1.069894e-01	-1.409905e-01	1.775402e-01	-2.145575e-01	-1.813770e-01	1.809925e-01	1.162756e-01	-4.517724e-01	4.741697e-01	-4.858460e-01	-2.445824e-01	2.627719e-01	-9.901166e-01	1.000000e+00	-9.886502e-01	3.200095e-01	-2.735468e-01	
-2.024220e-01	-4.068475e-01	-4.745265e-01	4.097594e-02	2.753286e-01	-2.927582e-01	3.048037e-01	1.035369e-01	-1.202336e-01	1.591026e-01	-2.009775e-01	2.437667e-01	2.049968e-01	-2.049124e-01	-1.236974e-01	5.056544e-01	-5.320363e-01	5.468692e-01	2.637279e-01	-2.824270e-01	9.586444e-01	-9.886502e-01	1.000000e+00	-2.550774e-01	2.195509e-01	
-1.569028e-01	-3.721596e-01	-3.958176e-01	8.051726e-03	2.627964e-01	-2.781603e-01	2.872007e-01	1.120976e-01	-1.286240e-01	1.270741e-01	-1.631355e-01	1.983223e-01	2.012254e-01	-1.999637e-01	-1.467094e-01	4.227895e-01	-4.512169e-01	4.651697e-01	3.249379e-01	-3.374072e-01	-3.818295e-01	3.200095e-01	-2.550774e-01	1.000000e+00	-9.847113e-01	
1.756325e-01	3.788482e-01	3.902909e-01	-2.296018e-03	-2.624672e-01	2.783862e-01	-2.880645e-01	-1.139539e-01	1.312973e-01	-1.288127e-01	1.649793e-01	-2.005328e-01	-1.996350e-01	1.996110e-01	1.574191e-01	-4.054053e-01	4.351442e-01	-4.483535e-01	-3.849567e-01	4.072376e-01	3.285321e-01	-2.735468e-01	2.195509e-01	-9.847113e-01	1.000000e+00	

Time taken for mcmc chain: 2.263611 hours
