Number of steps: 1473905
Number of accepted steps: 1000000
Burn-in number of steps: 320000
Accepted fraction of steps: 0.678470
Convergence Status
R[0]= 1.016900	R[1]= 1.069677	R[2]= 1.084087	R[3]= 1.391550	R[4]= 1.008614	R[5]= 1.033762	R[6]= 1.122309	R[7]= 1.047533	R[8]= 1.032604	R[9]= 1.319384	R[10]= 1.319006	R[11]= 1.318991	R[12]= 1.317294	R[13]= 1.280862	R[14]= 1.093166	R[15]= 1.108516	R[16]= 1.130240	R[17]= 1.143203	R[18]= 1.064659	R[19]= 1.020103	R[20]= 1.014309	R[21]= 1.010926	R[22]= 1.008450	R[23]= 1.010379	R[24]= 1.019548	
<R>= 1.119443

Mean parameters
A[0]= 9.704982e-01 pm 3.907646e-02
A[1]= 1.051792e+00 pm 2.195158e-02
A[2]= 2.553616e-01 pm 1.902085e-01
A[3]= 2.511444e-01 pm 1.843098e-01
A[4]= 8.666423e+03 pm 2.312024e+03
A[5]= -7.041628e+03 pm 1.308905e+03
A[6]= 2.180437e+03 pm 2.736147e+02
A[7]= 5.916957e+00 pm 1.354232e+01
A[8]= -4.106812e-01 pm 1.813188e-01
A[9]= 2.882622e+03 pm 7.622816e+03
A[10]= -3.113232e+03 pm 4.194411e+03
A[11]= 6.802355e+02 pm 7.453790e+02
A[12]= 2.730273e+01 pm 4.692872e+01
A[13]= -1.034726e+00 pm 8.436224e-01
A[14]= 3.500571e-01 pm 2.357778e-01
A[15]= 9.153433e+03 pm 3.162490e+03
A[16]= -6.775473e+03 pm 1.772434e+03
A[17]= 2.066188e+03 pm 3.611953e+02
A[18]= 1.423047e+00 pm 1.904552e+01
A[19]= -2.171513e-01 pm 2.476281e-01
A[20]= 1.423809e+04 pm 8.916325e+03
A[21]= -9.616048e+03 pm 4.965034e+03
A[22]= 1.761479e+03 pm 8.932050e+02
A[23]= -3.138453e+01 pm 5.785471e+01
A[24]= -4.325642e-02 pm 1.087310e+00

Best-fitting parameters
A[0]= 9.732492e-01
A[1]= 1.034763e+00
A[2]= 8.333701e-02
A[3]= 1.497619e-01
A[4]= 9.799421e+03
A[5]= -7.756772e+03
A[6]= 2.333614e+03
A[7]= 2.549107e+00
A[8]= -3.818352e-01
A[9]= 1.772511e+03
A[10]= -2.541579e+03
A[11]= 6.277240e+02
A[12]= 2.813834e+01
A[13]= -9.809289e-01
A[14]= 1.809728e-01
A[15]= 1.194253e+04
A[16]= -8.324870e+03
A[17]= 2.370301e+03
A[18]= -7.803540e+00
A[19]= -1.679601e-01
A[20]= 1.930402e+04
A[21]= -1.221531e+04
A[22]= 2.215372e+03
A[23]= -5.770829e+01
A[24]= 3.294733e-01
chi2_min= 1.291490e+02


Cross-Covariance parameters
1.000000e+00	1.457298e-01	-1.634962e-01	1.734120e-02	-2.665100e-02	2.742910e-02	-3.969188e-02	8.413544e-02	-1.008146e-01	2.741938e-01	-2.683229e-01	2.498583e-01	-2.170552e-01	1.826936e-01	-1.711074e-01	1.262126e-01	-1.393939e-01	1.540335e-01	-9.819437e-02	1.009561e-01	2.546693e-03	4.840221e-03	-2.397869e-02	5.573545e-02	-5.874272e-02	
1.457298e-01	1.000000e+00	1.894607e-01	5.852990e-01	-3.332037e-01	4.329085e-01	-5.651959e-01	3.680358e-01	-2.305648e-01	4.936531e-02	-4.875098e-02	3.483192e-02	-6.917715e-02	5.258479e-02	2.643868e-01	-1.488962e-01	1.702370e-01	-2.145051e-01	7.256380e-02	1.887165e-02	3.657340e-02	-4.455391e-02	5.189600e-02	-8.733895e-02	1.063225e-01	
-1.634962e-01	1.894607e-01	1.000000e+00	8.293794e-02	-1.883956e-02	5.100368e-02	-1.289950e-01	4.575282e-02	-6.671526e-02	-2.070818e-01	2.128389e-01	-2.353867e-01	1.620976e-01	-1.442097e-01	-5.542057e-02	-2.116325e-01	2.238343e-01	-2.382668e-01	2.253551e-01	-2.160660e-01	7.934168e-02	-7.982533e-02	6.703322e-02	-1.435176e-01	1.198459e-01	
1.734120e-02	5.852990e-01	8.293794e-02	1.000000e+00	-2.347652e-01	3.810729e-01	-5.988518e-01	2.248285e-01	-6.605966e-02	-6.111669e-02	7.836613e-02	-1.096302e-01	6.244974e-02	-6.141837e-02	2.503244e-01	-1.577410e-01	1.750517e-01	-2.138933e-01	1.080013e-01	-4.201515e-02	-2.476014e-02	1.725602e-02	-5.526495e-03	-3.172284e-02	3.860186e-02	
-2.665100e-02	-3.332037e-01	-1.883956e-02	-2.347652e-01	1.000000e+00	-9.769440e-01	8.624064e-01	-8.429448e-01	7.024141e-01	-1.918759e-01	1.712016e-01	-1.381786e-01	1.284252e-01	-2.996241e-02	-5.582355e-02	8.621687e-02	-8.140469e-02	8.125333e-02	-4.661521e-02	3.596996e-02	8.977682e-02	-6.255807e-02	3.181685e-02	2.232462e-03	-2.303362e-02	
2.742910e-02	4.329085e-01	5.100368e-02	3.810729e-01	-9.769440e-01	1.000000e+00	-9.480053e-01	8.928069e-01	-7.376885e-01	2.015557e-01	-1.791588e-01	1.389036e-01	-1.324707e-01	2.242645e-02	8.865574e-02	-1.130002e-01	1.115914e-01	-1.165505e-01	6.478450e-02	-3.725323e-02	-8.642349e-02	5.992101e-02	-2.729661e-02	-1.834880e-02	4.492776e-02	
-3.969188e-02	-5.651959e-01	-1.289950e-01	-5.988518e-01	8.624064e-01	-9.480053e-01	1.000000e+00	-8.824715e-01	7.267043e-01	-1.783694e-01	1.548214e-01	-1.060643e-01	1.076582e-01	1.070928e-02	-1.354328e-01	1.428938e-01	-1.473819e-01	1.633722e-01	-8.824213e-02	3.988711e-02	6.510514e-02	-4.204243e-02	1.185384e-02	4.584710e-02	-7.316549e-02	
8.413544e-02	3.680358e-01	4.575282e-02	2.248285e-01	-8.429448e-01	8.928069e-01	-8.824715e-01	1.000000e+00	-9.445353e-01	3.097972e-01	-2.953046e-01	2.532324e-01	-2.038139e-01	1.639704e-02	3.022207e-02	-5.175422e-02	4.593593e-02	-4.211070e-02	6.335972e-03	2.406089e-02	-5.799526e-02	3.473633e-02	-3.432929e-03	-4.078757e-02	7.448579e-02	
-1.008146e-01	-2.305648e-01	-6.671526e-02	-6.605966e-02	7.024141e-01	-7.376885e-01	7.267043e-01	-9.445353e-01	1.000000e+00	-3.539938e-01	3.480728e-01	-3.126784e-01	2.431436e-01	-1.461005e-02	4.283292e-02	-1.818908e-02	2.931790e-02	-3.903569e-02	4.330430e-02	-5.392373e-02	1.496833e-02	2.623650e-03	-2.402844e-02	5.053484e-02	-7.118650e-02	
2.741938e-01	4.936531e-02	-2.070818e-01	-6.111669e-02	-1.918759e-01	2.015557e-01	-1.783694e-01	3.097972e-01	-3.539938e-01	1.000000e+00	-9.937983e-01	9.681886e-01	-9.134742e-01	7.866513e-01	-2.027731e-01	1.133668e-01	-1.340646e-01	1.782352e-01	-1.251342e-01	1.228386e-01	-2.963222e-02	2.069467e-02	-1.784373e-03	3.252578e-03	7.234756e-03	
-2.683229e-01	-4.875098e-02	2.128389e-01	7.836613e-02	1.712016e-01	-1.791588e-01	1.548214e-01	-2.953046e-01	3.480728e-01	-9.937983e-01	1.000000e+00	-9.893384e-01	9.462131e-01	-8.272979e-01	1.908300e-01	-1.203099e-01	1.379191e-01	-1.777849e-01	1.257919e-01	-1.233165e-01	3.362034e-02	-2.526334e-02	7.182260e-03	-1.147629e-02	2.342214e-03	
2.498583e-01	3.483192e-02	-2.353867e-01	-1.096302e-01	-1.381786e-01	1.389036e-01	-1.060643e-01	2.532324e-01	-3.126784e-01	9.681886e-01	-9.893384e-01	1.000000e+00	-9.755314e-01	8.776068e-01	-1.714719e-01	1.215978e-01	-1.366097e-01	1.732095e-01	-1.241290e-01	1.211087e-01	-3.792415e-02	3.077262e-02	-1.428764e-02	2.454279e-02	-1.822739e-02	
-2.170552e-01	-6.917715e-02	1.620976e-01	6.244974e-02	1.284252e-01	-1.324707e-01	1.076582e-01	-2.038139e-01	2.431436e-01	-9.134742e-01	9.462131e-01	-9.755314e-01	1.000000e+00	-9.512068e-01	1.406998e-01	-7.553090e-02	8.691060e-02	-1.186937e-01	8.256010e-02	-8.461120e-02	4.095087e-02	-3.542064e-02	2.172182e-02	-2.664716e-02	2.546531e-02	
1.826936e-01	5.258479e-02	-1.442097e-01	-6.141837e-02	-2.996241e-02	2.242645e-02	1.070928e-02	1.639704e-02	-1.461005e-02	7.866513e-01	-8.272979e-01	8.776068e-01	-9.512068e-01	1.000000e+00	-1.036160e-01	2.232526e-02	-3.311600e-02	6.562558e-02	-4.593437e-02	5.447749e-02	-7.487865e-02	7.281841e-02	-6.263893e-02	6.507838e-02	-6.295426e-02	
-1.711074e-01	2.643868e-01	-5.542057e-02	2.503244e-01	-5.582355e-02	8.865574e-02	-1.354328e-01	3.022207e-02	4.283292e-02	-2.027731e-01	1.908300e-01	-1.714719e-01	1.406998e-01	-1.036160e-01	1.000000e+00	-2.629206e-01	3.819121e-01	-5.580379e-01	2.189852e-01	-1.028507e-01	-1.330515e-01	1.294826e-01	-1.238589e-01	6.635543e-02	-4.756465e-02	
1.262126e-01	-1.488962e-01	-2.116325e-01	-1.577410e-01	8.621687e-02	-1.130002e-01	1.428938e-01	-5.175422e-02	-1.818908e-02	1.133668e-01	-1.203099e-01	1.215978e-01	-7.553090e-02	2.232526e-02	-2.629206e-01	1.000000e+00	-9.812300e-01	8.947716e-01	-8.592453e-01	7.635569e-01	-1.239283e-02	9.646637e-03	2.412456e-03	5.045854e-04	6.692009e-02	
-1.393939e-01	1.702370e-01	2.238343e-01	1.750517e-01	-8.140469e-02	1.115914e-01	-1.473819e-01	4.593593e-02	2.931790e-02	-1.340646e-01	1.379191e-01	-1.366097e-01	8.691060e-02	-3.311600e-02	3.819121e-01	-9.812300e-01	1.000000e+00	-9.617714e-01	9.047837e-01	-8.052885e-01	2.923924e-03	5.269456e-04	-1.250007e-02	-8.678474e-05	-6.406293e-02	
1.540335e-01	-2.145051e-01	-2.382668e-01	-2.138933e-01	8.125333e-02	-1.165505e-01	1.633722e-01	-4.211070e-02	-3.903569e-02	1.782352e-01	-1.777849e-01	1.732095e-01	-1.186937e-01	6.562558e-02	-5.580379e-01	8.947716e-01	-9.617714e-01	1.000000e+00	-9.056684e-01	8.090134e-01	1.468796e-02	-2.023305e-02	3.403132e-02	-8.894873e-03	6.608343e-02	
-9.819437e-02	7.256380e-02	2.253551e-01	1.080013e-01	-4.661521e-02	6.478450e-02	-8.824213e-02	6.335972e-03	4.330430e-02	-1.251342e-01	1.257919e-01	-1.241290e-01	8.256010e-02	-4.593437e-02	2.189852e-01	-8.592453e-01	9.047837e-01	-9.056684e-01	1.000000e+00	-9.714024e-01	6.044670e-02	-4.767251e-02	2.347245e-02	-6.459932e-03	-7.869882e-02	
1.009561e-01	1.887165e-02	-2.160660e-01	-4.201515e-02	3.596996e-02	-3.725323e-02	3.988711e-02	2.406089e-02	-5.392373e-02	1.228386e-01	-1.233165e-01	1.211087e-01	-8.461120e-02	5.447749e-02	-1.028507e-01	7.635569e-01	-8.052885e-01	8.090134e-01	-9.714024e-01	1.000000e+00	-9.462715e-02	7.805438e-02	-4.803902e-02	1.434037e-02	8.523394e-02	
2.546693e-03	3.657340e-02	7.934168e-02	-2.476014e-02	8.977682e-02	-8.642349e-02	6.510514e-02	-5.799526e-02	1.496833e-02	-2.963222e-02	3.362034e-02	-3.792415e-02	4.095087e-02	-7.487865e-02	-1.330515e-01	-1.239283e-02	2.923924e-03	1.468796e-02	6.044670e-02	-9.462715e-02	1.000000e+00	-9.912592e-01	9.585453e-01	-8.888823e-01	7.960741e-01	
4.840221e-03	-4.455391e-02	-7.982533e-02	1.725602e-02	-6.255807e-02	5.992101e-02	-4.204243e-02	3.473633e-02	2.623650e-03	2.069467e-02	-2.526334e-02	3.077262e-02	-3.542064e-02	7.281841e-02	1.294826e-01	9.646637e-03	5.269456e-04	-2.023305e-02	-4.767251e-02	7.805438e-02	-9.912592e-01	1.000000e+00	-9.868669e-01	9.325381e-01	-8.471487e-01	
-2.397869e-02	5.189600e-02	6.703322e-02	-5.526495e-03	3.181685e-02	-2.729661e-02	1.185384e-02	-3.432929e-03	-2.402844e-02	-1.784373e-03	7.182260e-03	-1.428764e-02	2.172182e-02	-6.263893e-02	-1.238589e-01	2.412456e-03	-1.250007e-02	3.403132e-02	2.347245e-02	-4.803902e-02	9.585453e-01	-9.868669e-01	1.000000e+00	-9.713814e-01	9.046340e-01	
5.573545e-02	-8.733895e-02	-1.435176e-01	-3.172284e-02	2.232462e-03	-1.834880e-02	4.584710e-02	-4.078757e-02	5.053484e-02	3.252578e-03	-1.147629e-02	2.454279e-02	-2.664716e-02	6.507838e-02	6.635543e-02	5.045854e-04	-8.678474e-05	-8.894873e-03	-6.459932e-03	1.434037e-02	-8.888823e-01	9.325381e-01	-9.713814e-01	1.000000e+00	-9.718763e-01	
-5.874272e-02	1.063225e-01	1.198459e-01	3.860186e-02	-2.303362e-02	4.492776e-02	-7.316549e-02	7.448579e-02	-7.118650e-02	7.234756e-03	2.342214e-03	-1.822739e-02	2.546531e-02	-6.295426e-02	-4.756465e-02	6.692009e-02	-6.406293e-02	6.608343e-02	-7.869882e-02	8.523394e-02	7.960741e-01	-8.471487e-01	9.046340e-01	-9.718763e-01	1.000000e+00	

Time taken for mcmc chain: 10.450000 minutes
