Number of steps: 6025500
Number of accepted steps: 1000000
Burn-in number of steps: 320000
Accepted fraction of steps: 0.165961
Convergence Status
R[0]= 1.000702	R[1]= 1.004701	R[2]= 1.102045	R[3]= 1.043768	R[4]= 1.001763	R[5]= 1.002266	R[6]= 1.003082	R[7]= 1.001080	R[8]= 1.000669	R[9]= 1.010379	R[10]= 1.016460	R[11]= 1.026081	R[12]= 1.001552	R[13]= 1.006366	R[14]= 1.040624	R[15]= 1.009638	R[16]= 1.010811	R[17]= 1.011088	R[18]= 1.001950	R[19]= 1.000311	R[20]= 1.015170	R[21]= 1.024498	R[22]= 1.037934	R[23]= 1.003527	R[24]= 1.008651	
<R>= 1.015405

Mean parameters
A[0]= 9.248837e-01 pm 3.479736e-02
A[1]= 1.047888e+00 pm 2.939644e-02
A[2]= 6.452209e-01 pm 4.669510e-01
A[3]= 3.576677e+00 pm 1.210770e+00
A[4]= -4.017150e+03 pm 3.748880e+03
A[5]= 2.036920e+03 pm 2.467558e+03
A[6]= -3.784011e+01 pm 5.799476e+02
A[7]= 1.665282e+01 pm 1.318133e+01
A[8]= -2.616921e-01 pm 1.820662e-01
A[9]= -3.970187e+03 pm 8.511425e+03
A[10]= 1.728711e+03 pm 5.129391e+03
A[11]= -4.480298e+02 pm 1.081360e+03
A[12]= 1.938842e+01 pm 4.884107e+01
A[13]= -5.534782e-01 pm 9.454868e-01
A[14]= 5.047836e+00 pm 1.640234e+00
A[15]= -6.656165e+03 pm 5.229835e+03
A[16]= 4.859192e+03 pm 3.429531e+03
A[17]= -8.521874e+02 pm 8.055095e+02
A[18]= 1.753511e+00 pm 1.932740e+01
A[19]= 1.510211e-01 pm 2.658511e-01
A[20]= 6.159075e+03 pm 1.171332e+04
A[21]= -3.475717e+03 pm 7.128199e+03
A[22]= 2.528864e+02 pm 1.522423e+03
A[23]= -5.028446e+01 pm 6.697079e+01
A[24]= 7.236111e-01 pm 1.317749e+00

Best-fitting parameters
A[0]= 9.128596e-01
A[1]= 1.050774e+00
A[2]= 9.237307e-01
A[3]= 2.742111e+00
A[4]= -2.826740e+03
A[5]= 1.348162e+03
A[6]= 1.053756e+02
A[7]= 1.457192e+01
A[8]= -2.724291e-01
A[9]= -6.935664e+03
A[10]= 3.807254e+03
A[11]= -9.521350e+02
A[12]= 1.628289e+01
A[13]= -4.022633e-01
A[14]= 3.696587e+00
A[15]= -5.391705e+03
A[16]= 3.687555e+03
A[17]= -4.824265e+02
A[18]= -8.577371e+00
A[19]= 3.052196e-01
A[20]= 3.297893e+03
A[21]= -1.309024e+03
A[22]= -2.774944e+02
A[23]= -6.138465e+01
A[24]= 1.254481e+00
chi2_min= 8.816358e+01


Cross-Covariance parameters
1.000000e+00	-5.154178e-01	-1.723970e-01	9.789585e-02	2.589459e-02	-2.725915e-02	1.955333e-02	8.753681e-02	-8.615560e-02	1.039089e-02	-2.770019e-03	-2.302700e-02	1.337782e-01	-1.172659e-01	6.986285e-02	6.861590e-02	-7.113640e-02	6.452320e-02	5.406017e-02	-6.074378e-02	1.235518e-02	-3.901119e-03	-2.518784e-02	1.503835e-01	-1.296596e-01	
-5.154178e-01	1.000000e+00	1.992623e-01	-1.606004e-01	-5.861164e-02	7.035262e-02	-8.629752e-02	1.103829e-01	-7.161871e-02	-1.042186e-02	1.350952e-02	-8.144501e-03	-1.058529e-01	6.972435e-02	-2.376175e-01	-2.332841e-03	5.270185e-03	-1.453469e-02	1.425494e-01	-1.471667e-01	-1.047712e-02	8.189021e-03	7.256339e-03	-1.049271e-01	7.257756e-02	
-1.723970e-01	1.992623e-01	1.000000e+00	-7.017989e-01	-1.391707e-02	1.952201e-02	-1.367524e-02	-8.582032e-02	9.035599e-02	-3.983917e-01	5.169677e-01	-6.541258e-01	-1.300303e-01	2.876242e-01	-6.634884e-01	-1.519793e-01	1.537296e-01	-1.426488e-01	9.811059e-03	3.592761e-02	-4.229523e-01	5.370659e-01	-6.667303e-01	-1.758185e-01	3.321664e-01	
9.789585e-02	-1.606004e-01	-7.017989e-01	1.000000e+00	-5.236623e-01	5.744773e-01	-6.148053e-01	1.918019e-01	7.469149e-02	2.255364e-01	-2.934072e-01	3.777821e-01	2.437145e-02	-9.654315e-02	5.052768e-01	8.061207e-02	-8.323637e-02	7.813632e-02	-5.824860e-03	-1.764093e-02	2.966955e-01	-3.792981e-01	4.747628e-01	1.290991e-01	-2.399056e-01	
2.589459e-02	-5.861164e-02	-1.391707e-02	-5.236623e-01	1.000000e+00	-9.849110e-01	9.430158e-01	-6.510416e-01	2.628648e-01	4.515375e-02	-7.979713e-02	1.163060e-01	1.175383e-01	-1.043405e-01	-1.876068e-02	4.467707e-02	-4.927059e-02	5.300449e-02	-1.094982e-02	-8.751184e-03	1.756653e-02	-2.018482e-02	2.091292e-02	8.826175e-03	-1.429266e-02	
-2.725915e-02	7.035262e-02	1.952201e-02	5.744773e-01	-9.849110e-01	1.000000e+00	-9.858658e-01	5.957688e-01	-1.912364e-01	-5.832019e-02	9.608405e-02	-1.358203e-01	-1.279506e-01	1.282008e-01	1.320862e-02	-4.632683e-02	5.131604e-02	-5.544769e-02	1.377401e-02	6.824334e-03	-2.142791e-02	2.510379e-02	-2.678124e-02	-7.910921e-03	1.365977e-02	
1.955333e-02	-8.629752e-02	-1.367524e-02	-6.148053e-01	9.430158e-01	-9.858658e-01	1.000000e+00	-5.314366e-01	1.264156e-01	7.041436e-02	-1.086588e-01	1.484821e-01	1.247053e-01	-1.340351e-01	-1.189260e-02	4.379419e-02	-4.893277e-02	5.363259e-02	-1.938327e-02	-8.019609e-04	1.921857e-02	-2.258131e-02	2.383473e-02	5.000937e-03	-8.837290e-03	
8.753681e-02	1.103829e-01	-8.582032e-02	1.918019e-01	-6.510416e-01	5.957688e-01	-5.314366e-01	1.000000e+00	-8.839755e-01	1.384578e-01	-1.251591e-01	9.916504e-02	-7.328936e-02	-9.205209e-02	4.778303e-02	-4.302573e-03	7.578155e-03	-1.440756e-02	4.736502e-02	-3.984152e-02	3.426099e-02	-4.229518e-02	5.136272e-02	1.514490e-02	-2.892785e-02	
-8.615560e-02	-7.161871e-02	9.035599e-02	7.469149e-02	2.628648e-01	-1.912364e-01	1.264156e-01	-8.839755e-01	1.000000e+00	-1.906949e-01	1.920437e-01	-1.782577e-01	3.160022e-02	1.803687e-01	-4.363185e-02	-1.046783e-02	8.866729e-03	-3.907418e-03	-4.022903e-02	3.946770e-02	-4.124974e-02	5.001415e-02	-5.917148e-02	-1.579875e-02	3.065764e-02	
1.039089e-02	-1.042186e-02	-3.983917e-01	2.255364e-01	4.515375e-02	-5.832019e-02	7.041436e-02	1.384578e-01	-1.906949e-01	1.000000e+00	-9.833483e-01	9.167125e-01	-7.461727e-01	5.507124e-01	2.600329e-01	8.214164e-02	-8.204540e-02	7.593204e-02	-7.928100e-03	-1.758035e-02	1.831299e-01	-2.344623e-01	2.936334e-01	5.872482e-02	-1.244164e-01	
-2.770019e-03	1.350952e-02	5.169677e-01	-2.934072e-01	-7.979713e-02	9.608405e-02	-1.086588e-01	-1.251591e-01	1.920437e-01	-9.833483e-01	1.000000e+00	-9.733034e-01	6.902177e-01	-4.852266e-01	-3.411992e-01	-9.931628e-02	1.002469e-01	-9.374371e-02	6.150762e-03	2.566913e-02	-2.390351e-01	3.055410e-01	-3.825249e-01	-7.590633e-02	1.635339e-01	
-2.302700e-02	-8.144501e-03	-6.541258e-01	3.777821e-01	1.163060e-01	-1.358203e-01	1.484821e-01	9.916504e-02	-1.782577e-01	9.167125e-01	-9.733034e-01	1.000000e+00	-5.741364e-01	3.665402e-01	4.358249e-01	1.177867e-01	-1.200554e-01	1.133442e-01	-4.832806e-03	-3.429377e-02	3.043614e-01	-3.887453e-01	4.871084e-01	9.491896e-02	-2.091030e-01	
1.337782e-01	-1.058529e-01	-1.300303e-01	2.437145e-02	1.175383e-01	-1.279506e-01	1.247053e-01	-7.328936e-02	3.160022e-02	-7.461727e-01	6.902177e-01	-5.741364e-01	1.000000e+00	-9.466772e-01	8.079243e-02	1.665863e-02	-2.155304e-02	2.449242e-02	1.294560e-02	-1.964136e-02	4.576079e-02	-5.741937e-02	6.819616e-02	4.422006e-02	-6.211557e-02	
-1.172659e-01	6.972435e-02	2.876242e-01	-9.654315e-02	-1.043405e-01	1.282008e-01	-1.340351e-01	-9.205209e-02	1.803687e-01	5.507124e-01	-4.852266e-01	3.665402e-01	-9.466772e-01	1.000000e+00	-1.794231e-01	-4.488024e-02	4.977579e-02	-5.026707e-02	-2.017310e-02	3.581913e-02	-1.193017e-01	1.518841e-01	-1.873944e-01	-6.452850e-02	1.112768e-01	
6.986285e-02	-2.376175e-01	-6.634884e-01	5.052768e-01	-1.876068e-02	1.320862e-02	-1.189260e-02	4.778303e-02	-4.363185e-02	2.600329e-01	-3.411992e-01	4.358249e-01	8.079243e-02	-1.794231e-01	1.000000e+00	-4.358283e-01	5.002198e-01	-5.528895e-01	2.710342e-02	1.985654e-01	1.733787e-01	-2.290878e-01	3.025281e-01	8.795249e-02	-1.474574e-01	
6.861590e-02	-2.332841e-03	-1.519793e-01	8.061207e-02	4.467707e-02	-4.632683e-02	4.379419e-02	-4.302573e-03	-1.046783e-02	8.214164e-02	-9.931628e-02	1.177867e-01	1.665863e-02	-4.488024e-02	-4.358283e-01	1.000000e+00	-9.829065e-01	9.345953e-01	-5.804079e-01	2.189815e-01	2.141453e-01	-2.572744e-01	2.940973e-01	2.859611e-02	-7.341259e-02	
-7.113640e-02	5.270185e-03	1.537296e-01	-8.323637e-02	-4.927059e-02	5.131604e-02	-4.893277e-02	7.578155e-03	8.866729e-03	-8.204540e-02	1.002469e-01	-1.200554e-01	-2.155304e-02	4.977579e-02	5.002198e-01	-9.829065e-01	1.000000e+00	-9.836086e-01	5.072398e-01	-1.301227e-01	-2.248507e-01	2.730252e-01	-3.146853e-01	-4.311369e-02	9.780014e-02	
6.452320e-02	-1.453469e-02	-1.426488e-01	7.813632e-02	5.300449e-02	-5.544769e-02	5.363259e-02	-1.440756e-02	-3.907418e-03	7.593204e-02	-9.374371e-02	1.133442e-01	2.449242e-02	-5.026707e-02	-5.528895e-01	9.345953e-01	-9.836086e-01	1.000000e+00	-4.218475e-01	4.428384e-02	2.261219e-01	-2.769454e-01	3.212384e-01	5.133823e-02	-1.116405e-01	
5.406017e-02	1.425494e-01	9.811059e-03	-5.824860e-03	-1.094982e-02	1.377401e-02	-1.938327e-02	4.736502e-02	-4.022903e-02	-7.928100e-03	6.150762e-03	-4.832806e-03	1.294560e-02	-2.017310e-02	2.710342e-02	-5.804079e-01	5.072398e-01	-4.218475e-01	1.000000e+00	-9.062939e-01	-1.901896e-02	2.541126e-02	-3.256204e-02	7.293127e-02	-1.478303e-01	
-6.074378e-02	-1.471667e-01	3.592761e-02	-1.764093e-02	-8.751184e-03	6.824334e-03	-8.019609e-04	-3.984152e-02	3.946770e-02	-1.758035e-02	2.566913e-02	-3.429377e-02	-1.964136e-02	3.581913e-02	1.985654e-01	2.189815e-01	-1.301227e-01	4.428384e-02	-9.062939e-01	1.000000e+00	-7.166062e-02	8.288828e-02	-8.967349e-02	-9.857910e-02	2.146531e-01	
1.235518e-02	-1.047712e-02	-4.229523e-01	2.966955e-01	1.756653e-02	-2.142791e-02	1.921857e-02	3.426099e-02	-4.124974e-02	1.831299e-01	-2.390351e-01	3.043614e-01	4.576079e-02	-1.193017e-01	1.733787e-01	2.141453e-01	-2.248507e-01	2.261219e-01	-1.901896e-02	-7.166062e-02	1.000000e+00	-9.833121e-01	9.177517e-01	-7.010787e-01	5.167388e-01	
-3.901119e-03	8.189021e-03	5.370659e-01	-3.792981e-01	-2.018482e-02	2.510379e-02	-2.258131e-02	-4.229518e-02	5.001415e-02	-2.344623e-01	3.055410e-01	-3.887453e-01	-5.741937e-02	1.518841e-01	-2.290878e-01	-2.572744e-01	2.730252e-01	-2.769454e-01	2.541126e-02	8.288828e-02	-9.833121e-01	1.000000e+00	-9.739004e-01	6.378305e-01	-4.426549e-01	
-2.518784e-02	7.256339e-03	-6.667303e-01	4.747628e-01	2.091292e-02	-2.678124e-02	2.383473e-02	5.136272e-02	-5.917148e-02	2.936334e-01	-3.825249e-01	4.871084e-01	6.819616e-02	-1.873944e-01	3.025281e-01	2.940973e-01	-3.146853e-01	3.212384e-01	-3.256204e-02	-8.967349e-02	9.177517e-01	-9.739004e-01	1.000000e+00	-5.164806e-01	3.161766e-01	
1.503835e-01	-1.049271e-01	-1.758185e-01	1.290991e-01	8.826175e-03	-7.910921e-03	5.000937e-03	1.514490e-02	-1.579875e-02	5.872482e-02	-7.590633e-02	9.491896e-02	4.422006e-02	-6.452850e-02	8.795249e-02	2.859611e-02	-4.311369e-02	5.133823e-02	7.293127e-02	-9.857910e-02	-7.010787e-01	6.378305e-01	-5.164806e-01	1.000000e+00	-9.608635e-01	
-1.296596e-01	7.257756e-02	3.321664e-01	-2.399056e-01	-1.429266e-02	1.365977e-02	-8.837290e-03	-2.892785e-02	3.065764e-02	-1.244164e-01	1.635339e-01	-2.091030e-01	-6.211557e-02	1.112768e-01	-1.474574e-01	-7.341259e-02	9.780014e-02	-1.116405e-01	-1.478303e-01	2.146531e-01	5.167388e-01	-4.426549e-01	3.161766e-01	-9.608635e-01	1.000000e+00	

Time taken for mcmc chain: 32.383333 minutes
