Number of steps: 1231401
Number of accepted steps: 1000000
Burn-in number of steps: 320000
Accepted fraction of steps: 0.812083
Convergence Status
R[0]= 1.079936	R[1]= 1.102455	R[2]= 1.009870	R[3]= 1.171477	R[4]= 1.075490	R[5]= 1.126076	R[6]= 1.180634	R[7]= 1.043787	R[8]= 1.039055	R[9]= 1.218152	R[10]= 1.207292	R[11]= 1.171623	R[12]= 1.175603	R[13]= 1.133252	R[14]= 1.028555	R[15]= 1.108338	R[16]= 1.108193	R[17]= 1.092103	R[18]= 1.074144	R[19]= 1.058680	R[20]= 1.041259	R[21]= 1.034223	R[22]= 1.025239	R[23]= 1.026196	R[24]= 1.022612	
<R>= 1.094170

Mean parameters
A[0]= 9.231328e-01 pm 3.998512e-02
A[1]= 1.056495e+00 pm 2.092150e-02
A[2]= 3.484176e-01 pm 2.537938e-01
A[3]= 1.341417e+00 pm 5.608242e-01
A[4]= 5.302765e+03 pm 2.517586e+03
A[5]= -4.487445e+03 pm 1.541189e+03
A[6]= 1.514280e+03 pm 3.578511e+02
A[7]= 8.665800e+00 pm 1.101197e+01
A[8]= -3.419265e-01 pm 1.599471e-01
A[9]= 2.275758e+02 pm 7.627168e+03
A[10]= -1.536370e+03 pm 4.170321e+03
A[11]= 3.872120e+02 pm 7.480463e+02
A[12]= 3.075263e+01 pm 4.656714e+01
A[13]= -9.778033e-01 pm 8.783125e-01
A[14]= 2.078857e+00 pm 7.429775e-01
A[15]= 4.091740e+03 pm 4.302134e+03
A[16]= -2.871774e+03 pm 2.532913e+03
A[17]= 1.021742e+03 pm 5.410393e+02
A[18]= 5.978486e+00 pm 2.243505e+01
A[19]= -1.427979e-01 pm 2.811022e-01
A[20]= 1.163091e+04 pm 8.724225e+03
A[21]= -7.998791e+03 pm 4.953534e+03
A[22]= 1.447920e+03 pm 9.225161e+02
A[23]= -3.447704e+01 pm 5.558848e+01
A[24]= 7.215669e-02 pm 1.038223e+00

Best-fitting parameters
A[0]= 8.823236e-01
A[1]= 1.029518e+00
A[2]= 3.769513e-01
A[3]= 1.967148e+00
A[4]= 7.408555e+02
A[5]= -1.597971e+03
A[6]= 9.079862e+02
A[7]= 2.025420e+01
A[8]= -3.568164e-01
A[9]= 4.633022e+03
A[10]= -3.399788e+03
A[11]= 6.079281e+02
A[12]= 1.159924e+01
A[13]= -6.444640e-01
A[14]= 3.388825e+00
A[15]= -6.245974e+02
A[16]= 7.690502e+02
A[17]= 2.633738e+01
A[18]= 2.636231e+01
A[19]= -2.977271e-01
A[20]= 5.441004e+03
A[21]= -4.010165e+03
A[22]= 6.123223e+02
A[23]= 5.149924e+00
A[24]= -7.775855e-01
chi2_min= 1.054841e+02


Cross-Covariance parameters
1.000000e+00	-1.500908e-01	-3.034200e-01	-1.730739e-01	1.900143e-01	-2.350081e-01	2.620128e-01	-1.528126e-02	-1.621851e-02	-9.868189e-02	6.196328e-02	-2.414053e-02	9.078450e-02	-7.224412e-02	-1.400398e-01	8.600279e-02	-1.099389e-01	1.276258e-01	1.409230e-01	-1.985513e-01	2.801810e-02	-3.905296e-02	4.323750e-02	4.887719e-02	-2.651177e-02	
-1.500908e-01	1.000000e+00	4.050169e-01	-1.393470e-01	1.061639e-01	-5.375877e-02	-1.116694e-02	-6.137710e-02	4.251883e-02	1.994085e-01	-1.930118e-01	1.635181e-01	-2.583590e-01	2.560035e-01	-2.845112e-01	-1.102332e-01	8.636473e-02	-6.066015e-02	1.160578e-01	-1.161589e-01	-2.772123e-02	5.780533e-02	-9.839989e-02	-2.016994e-03	-1.965509e-02	
-3.034200e-01	4.050169e-01	1.000000e+00	-3.365783e-01	2.199620e-02	9.480215e-03	-3.271272e-02	-5.744874e-02	4.782999e-02	-2.872439e-02	1.011239e-01	-2.183029e-01	-2.758624e-02	5.237833e-02	-4.605760e-01	6.780583e-03	-1.023652e-02	1.248976e-02	-3.982155e-02	1.778837e-02	-5.104784e-02	1.120787e-01	-2.178399e-01	-1.337990e-01	1.734190e-01	
-1.730739e-01	-1.393470e-01	-3.365783e-01	1.000000e+00	-5.263840e-01	6.668100e-01	-7.874700e-01	1.138060e-01	1.815149e-01	-7.508398e-02	8.114781e-02	-6.740009e-02	8.017114e-02	-6.932113e-02	3.849940e-01	-4.916297e-02	8.085491e-02	-1.261305e-01	-7.427528e-02	1.304910e-01	-5.703212e-02	2.972117e-02	1.460776e-02	7.851526e-02	-7.208317e-02	
1.900143e-01	1.061639e-01	2.199620e-02	-5.263840e-01	1.000000e+00	-9.700065e-01	8.683593e-01	-7.190221e-01	4.252035e-01	-3.106550e-02	4.078337e-03	2.625101e-02	3.841730e-03	7.565893e-02	-2.933770e-01	1.053297e-01	-1.529356e-01	2.127211e-01	-2.710235e-02	-2.008081e-02	-3.582877e-02	4.665344e-02	-6.274247e-02	1.039995e-01	-1.103943e-01	
-2.350081e-01	-5.375877e-02	9.480215e-03	6.668100e-01	-9.700065e-01	1.000000e+00	-9.617620e-01	6.756864e-01	-3.555868e-01	2.036449e-02	1.253065e-02	-5.149424e-02	9.093379e-04	-7.205882e-02	2.902307e-01	-1.039781e-01	1.524201e-01	-2.143645e-01	1.981954e-03	5.127750e-02	8.559532e-03	-1.682597e-02	2.739526e-02	-7.652768e-02	8.406702e-02	
2.620128e-01	-1.116694e-02	-3.271272e-02	-7.874700e-01	8.683593e-01	-9.617620e-01	1.000000e+00	-5.747391e-01	2.521508e-01	1.281296e-02	-4.856824e-02	9.200165e-02	-2.270492e-02	7.990802e-02	-2.720407e-01	9.281608e-02	-1.379031e-01	1.982520e-01	3.318602e-02	-8.972073e-02	2.469390e-02	-1.874194e-02	1.350669e-02	3.882473e-02	-4.804379e-02	
-1.528126e-02	-6.137710e-02	-5.744874e-02	1.138060e-01	-7.190221e-01	6.756864e-01	-5.747391e-01	1.000000e+00	-9.099394e-01	7.211262e-02	-6.330802e-02	3.749410e-02	1.163288e-02	-1.796039e-01	1.727308e-01	-7.623605e-02	1.011079e-01	-1.321972e-01	5.481090e-02	-3.379854e-02	1.005096e-01	-1.162438e-01	1.309239e-01	-1.353970e-01	1.137519e-01	
-1.621851e-02	4.251883e-02	4.782999e-02	1.815149e-01	4.252035e-01	-3.555868e-01	2.521508e-01	-9.099394e-01	1.000000e+00	-7.250244e-02	7.581803e-02	-5.994013e-02	-1.808096e-02	2.074287e-01	-6.884397e-02	3.290743e-02	-4.010003e-02	4.876063e-02	-3.437922e-02	2.893940e-02	-9.447220e-02	1.116435e-01	-1.268273e-01	1.229460e-01	-1.003187e-01	
-9.868189e-02	1.994085e-01	-2.872439e-02	-7.508398e-02	-3.106550e-02	2.036449e-02	1.281296e-02	7.211262e-02	-7.250244e-02	1.000000e+00	-9.895633e-01	9.429945e-01	-8.886514e-01	7.881550e-01	8.482538e-02	-9.484084e-02	1.311848e-01	-1.610993e-01	1.614019e-01	-1.321095e-01	-1.236822e-01	1.269817e-01	-1.189606e-01	1.244860e-01	-1.245969e-01	
6.196328e-02	-1.930118e-01	1.011239e-01	8.114781e-02	4.078337e-03	1.253065e-02	-4.856824e-02	-6.330802e-02	7.581803e-02	-9.895633e-01	1.000000e+00	-9.802364e-01	9.231733e-01	-8.278496e-01	-1.065702e-01	7.715884e-02	-1.142483e-01	1.451024e-01	-1.469850e-01	1.181307e-01	1.052502e-01	-1.040896e-01	8.850707e-02	-1.165433e-01	1.166683e-01	
-2.414053e-02	1.635181e-01	-2.183029e-01	-6.740009e-02	2.625101e-02	-5.149424e-02	9.200165e-02	3.749410e-02	-5.994013e-02	9.429945e-01	-9.802364e-01	1.000000e+00	-9.369427e-01	8.569691e-01	1.490395e-01	-5.641197e-02	9.348245e-02	-1.244615e-01	1.270831e-01	-9.823993e-02	-8.362593e-02	7.534965e-02	-4.700024e-02	1.144834e-01	-1.155839e-01	
9.078450e-02	-2.583590e-01	-2.758624e-02	8.017114e-02	3.841730e-03	9.093379e-04	-2.270492e-02	1.163288e-02	-1.808096e-02	-8.886514e-01	9.231733e-01	-9.369427e-01	1.000000e+00	-9.634800e-01	-4.835518e-02	3.255710e-02	-7.699796e-02	1.182243e-01	-8.274012e-02	5.560555e-02	1.121527e-01	-1.243091e-01	1.287064e-01	-9.905627e-02	8.134570e-02	
-7.224412e-02	2.560035e-01	5.237833e-02	-6.932113e-02	7.565893e-02	-7.205882e-02	7.990802e-02	-1.796039e-01	2.074287e-01	7.881550e-01	-8.278496e-01	8.569691e-01	-9.634800e-01	1.000000e+00	2.632077e-03	2.612444e-03	3.809604e-02	-7.654716e-02	5.501866e-02	-3.939197e-02	-1.128068e-01	1.319641e-01	-1.466027e-01	1.156875e-01	-9.653689e-02	
-1.400398e-01	-2.845112e-01	-4.605760e-01	3.849940e-01	-2.933770e-01	2.902307e-01	-2.720407e-01	1.727308e-01	-6.884397e-02	8.482538e-02	-1.065702e-01	1.490395e-01	-4.835518e-02	2.632077e-03	1.000000e+00	-3.721101e-01	4.976529e-01	-6.379775e-01	8.601849e-02	8.545426e-02	-1.012373e-01	9.395533e-02	-5.529024e-02	1.154840e-01	-1.117656e-01	
8.600279e-02	-1.102332e-01	6.780583e-03	-4.916297e-02	1.053297e-01	-1.039781e-01	9.281608e-02	-7.623605e-02	3.290743e-02	-9.484084e-02	7.715884e-02	-5.641197e-02	3.255710e-02	2.612444e-03	-3.721101e-01	1.000000e+00	-9.808316e-01	9.052609e-01	-8.523225e-01	7.266011e-01	1.469178e-01	-1.733459e-01	1.963416e-01	-1.872733e-01	2.683696e-01	
-1.099389e-01	8.636473e-02	-1.023652e-02	8.085491e-02	-1.529356e-01	1.524201e-01	-1.379031e-01	1.011079e-01	-4.010003e-02	1.311848e-01	-1.142483e-01	9.348245e-02	-7.699796e-02	3.809604e-02	4.976529e-01	-9.808316e-01	1.000000e+00	-9.697169e-01	8.218481e-01	-6.781776e-01	-1.612339e-01	1.918852e-01	-2.185199e-01	1.888440e-01	-2.606097e-01	
1.276258e-01	-6.066015e-02	1.248976e-02	-1.261305e-01	2.127211e-01	-2.143645e-01	1.982520e-01	-1.321972e-01	4.876063e-02	-1.610993e-01	1.451024e-01	-1.244615e-01	1.182243e-01	-7.654716e-02	-6.379775e-01	9.052609e-01	-9.697169e-01	1.000000e+00	-7.309797e-01	5.725661e-01	1.780520e-01	-2.119682e-01	2.416538e-01	-1.862042e-01	2.417855e-01	
1.409230e-01	1.160578e-01	-3.982155e-02	-7.427528e-02	-2.710235e-02	1.981954e-03	3.318602e-02	5.481090e-02	-3.437922e-02	1.614019e-01	-1.469850e-01	1.270831e-01	-8.274012e-02	5.501866e-02	8.601849e-02	-8.523225e-01	8.218481e-01	-7.309797e-01	1.000000e+00	-9.694977e-01	-7.241553e-02	9.298963e-02	-1.183689e-01	1.771297e-01	-2.909737e-01	
-1.985513e-01	-1.161589e-01	1.778837e-02	1.304910e-01	-2.008081e-02	5.127750e-02	-8.972073e-02	-3.379854e-02	2.893940e-02	-1.321095e-01	1.181307e-01	-9.823993e-02	5.560555e-02	-3.939197e-02	8.545426e-02	7.266011e-01	-6.781776e-01	5.725661e-01	-9.694977e-01	1.000000e+00	2.796411e-02	-4.410149e-02	7.025187e-02	-1.491038e-01	2.755890e-01	
2.801810e-02	-2.772123e-02	-5.104784e-02	-5.703212e-02	-3.582877e-02	8.559532e-03	2.469390e-02	1.005096e-01	-9.447220e-02	-1.236822e-01	1.052502e-01	-8.362593e-02	1.121527e-01	-1.128068e-01	-1.012373e-01	1.469178e-01	-1.612339e-01	1.780520e-01	-7.241553e-02	2.796411e-02	1.000000e+00	-9.906344e-01	9.514481e-01	-8.949589e-01	8.022940e-01	
-3.905296e-02	5.780533e-02	1.120787e-01	2.972117e-02	4.665344e-02	-1.682597e-02	-1.874194e-02	-1.162438e-01	1.116435e-01	1.269817e-01	-1.040896e-01	7.534965e-02	-1.243091e-01	1.319641e-01	9.395533e-02	-1.733459e-01	1.918852e-01	-2.119682e-01	9.298963e-02	-4.410149e-02	-9.906344e-01	1.000000e+00	-9.833122e-01	9.128474e-01	-8.228848e-01	
4.323750e-02	-9.839989e-02	-2.178399e-01	1.460776e-02	-6.274247e-02	2.739526e-02	1.350669e-02	1.309239e-01	-1.268273e-01	-1.189606e-01	8.850707e-02	-4.700024e-02	1.287064e-01	-1.466027e-01	-5.529024e-02	1.963416e-01	-2.185199e-01	2.416538e-01	-1.183689e-01	7.025187e-02	9.514481e-01	-9.833122e-01	1.000000e+00	-9.053358e-01	8.247322e-01	
4.887719e-02	-2.016994e-03	-1.337990e-01	7.851526e-02	1.039995e-01	-7.652768e-02	3.882473e-02	-1.353970e-01	1.229460e-01	1.244860e-01	-1.165433e-01	1.144834e-01	-9.905627e-02	1.156875e-01	1.154840e-01	-1.872733e-01	1.888440e-01	-1.862042e-01	1.771297e-01	-1.491038e-01	-8.949589e-01	9.128474e-01	-9.053358e-01	1.000000e+00	-9.699674e-01	
-2.651177e-02	-1.965509e-02	1.734190e-01	-7.208317e-02	-1.103943e-01	8.406702e-02	-4.804379e-02	1.137519e-01	-1.003187e-01	-1.245969e-01	1.166683e-01	-1.155839e-01	8.134570e-02	-9.653689e-02	-1.117656e-01	2.683696e-01	-2.606097e-01	2.417855e-01	-2.909737e-01	2.755890e-01	8.022940e-01	-8.228848e-01	8.247322e-01	-9.699674e-01	1.000000e+00	

Time taken for mcmc chain: 9.683333 minutes
