Number of steps: 1072930
Number of accepted steps: 1000000
Burn-in number of steps: 320000
Accepted fraction of steps: 0.932027
Convergence Status
R[0]= 1.018313	R[1]= 1.111113	R[2]= 1.074543	R[3]= 1.076032	R[4]= 1.093726	R[5]= 1.099899	R[6]= 1.104957	R[7]= 1.099231	R[8]= 1.084027	R[9]= 1.017359	R[10]= 1.016267	R[11]= 1.013777	R[12]= 1.008407	R[13]= 1.002545	R[14]= 1.296062	R[15]= 1.193296	R[16]= 1.214191	R[17]= 1.233111	R[18]= 1.299202	R[19]= 1.261154	R[20]= 1.150461	R[21]= 1.173945	R[22]= 1.195548	R[23]= 1.199850	R[24]= 1.180390	
<R>= 1.128696

Mean parameters
A[0]= 9.435141e-01 pm 5.935996e-02
A[1]= 1.033671e+00 pm 2.392958e-02
A[2]= 6.583381e-01 pm 1.400342e-01
A[3]= 3.043516e-01 pm 1.000379e-01
A[4]= 9.363194e+03 pm 2.325246e+03
A[5]= -7.585922e+03 pm 1.237802e+03
A[6]= 2.368911e+03 pm 2.206767e+02
A[7]= -3.461141e+00 pm 1.307217e+01
A[8]= -3.005053e-01 pm 1.745134e-01
A[9]= 4.435092e+03 pm 7.027095e+03
A[10]= -3.994334e+03 pm 3.809009e+03
A[11]= 8.601018e+02 pm 6.632972e+02
A[12]= 1.246236e+01 pm 4.219321e+01
A[13]= -6.510945e-01 pm 7.918963e-01
A[14]= 2.592760e-01 pm 1.178559e-01
A[15]= 1.009632e+04 pm 3.339582e+03
A[16]= -7.613916e+03 pm 1.753030e+03
A[17]= 2.346546e+03 pm 3.041450e+02
A[18]= -9.090382e+00 pm 1.842085e+01
A[19]= -1.304608e-01 pm 2.387618e-01
A[20]= 1.235875e+04 pm 9.897388e+03
A[21]= -8.409217e+03 pm 5.607189e+03
A[22]= 1.527716e+03 pm 1.033746e+03
A[23]= -1.236423e+01 pm 6.979548e+01
A[24]= -4.404274e-01 pm 1.344346e+00

Best-fitting parameters
A[0]= 8.144561e-01
A[1]= 1.000236e+00
A[2]= 7.326529e-01
A[3]= 1.897127e-01
A[4]= 1.020728e+04
A[5]= -8.129313e+03
A[6]= 2.467994e+03
A[7]= -5.720724e+00
A[8]= -2.862665e-01
A[9]= -6.424893e+02
A[10]= -1.308179e+03
A[11]= 4.022202e+02
A[12]= 4.132862e+01
A[13]= -1.070223e+00
A[14]= 2.674507e-01
A[15]= 1.070048e+04
A[16]= -7.708661e+03
A[17]= 2.324444e+03
A[18]= -7.096344e+00
A[19]= -1.220868e-01
A[20]= 1.420814e+04
A[21]= -9.172566e+03
A[22]= 1.586518e+03
A[23]= -9.550994e+00
A[24]= -5.737995e-01
chi2_min= 1.306564e+02


Cross-Covariance parameters
1.000000e+00	1.283971e-01	-5.533361e-01	1.519483e-01	-5.967696e-02	4.798217e-02	-4.429050e-02	3.988871e-02	-4.037570e-02	5.360440e-02	-2.184343e-02	-3.186346e-02	1.090425e-01	-1.499693e-01	1.372745e-01	-1.317511e-01	1.010343e-01	-5.055657e-02	-2.269343e-02	7.546754e-02	-2.636622e-01	2.822722e-01	-2.940180e-01	2.765853e-01	-2.252156e-01	
1.283971e-01	1.000000e+00	2.637185e-01	-3.091675e-01	3.656478e-02	-5.198179e-02	6.481277e-02	-5.523693e-02	7.088012e-02	1.004707e-02	-1.658038e-02	2.480566e-02	-2.704428e-02	3.435471e-02	-2.662700e-01	-1.084589e-01	6.460442e-02	-2.386663e-02	1.675854e-02	2.266687e-02	-8.431265e-02	9.468127e-02	-1.124052e-01	1.421881e-01	-1.404855e-01	
-5.533361e-01	2.637185e-01	1.000000e+00	-4.743125e-01	8.513775e-02	-9.168710e-02	1.078947e-01	-1.053583e-01	1.033608e-01	-6.744713e-02	2.974798e-02	2.164451e-02	-1.070633e-01	1.435602e-01	-4.645293e-01	1.934147e-02	-2.703057e-02	2.898779e-02	1.233817e-02	-6.896768e-03	1.842136e-02	-3.060697e-02	4.079378e-02	-3.873079e-02	1.841406e-02	
1.519483e-01	-3.091675e-01	-4.743125e-01	1.000000e+00	-2.166718e-01	2.591968e-01	-3.182378e-01	2.294960e-01	-2.449544e-01	4.941197e-02	-1.445956e-02	-3.847464e-02	1.114933e-01	-1.951799e-01	2.909443e-02	4.564287e-03	2.089012e-02	-4.432714e-02	6.394416e-02	-8.930366e-02	-3.569221e-02	4.210764e-02	-4.154451e-02	2.867638e-02	-1.952906e-02	
-5.967696e-02	3.656478e-02	8.513775e-02	-2.166718e-01	1.000000e+00	-9.914125e-01	9.530857e-01	-8.856821e-01	7.863629e-01	-1.577496e-01	1.352885e-01	-9.967266e-02	4.854383e-02	9.406674e-02	-3.381831e-02	6.792155e-03	-5.591043e-03	3.088510e-03	1.000738e-03	-6.218423e-03	-1.639926e-01	1.692375e-01	-1.612575e-01	1.352868e-01	-1.007399e-01	
4.798217e-02	-5.198179e-02	-9.168710e-02	2.591968e-01	-9.914125e-01	1.000000e+00	-9.829782e-01	9.270874e-01	-8.340630e-01	1.716523e-01	-1.471591e-01	1.071596e-01	-4.898874e-02	-1.072522e-01	4.626396e-02	9.795899e-03	-9.090187e-03	9.321072e-03	-1.321980e-02	1.471906e-02	1.787253e-01	-1.823214e-01	1.721673e-01	-1.438962e-01	1.072168e-01	
-4.429050e-02	6.481277e-02	1.078947e-01	-3.182378e-01	9.530857e-01	-9.829782e-01	1.000000e+00	-9.700108e-01	8.995246e-01	-1.802958e-01	1.531383e-01	-1.065410e-01	3.482193e-02	1.455323e-01	-5.911517e-02	-3.923830e-02	3.728516e-02	-3.586642e-02	4.000963e-02	-3.693969e-02	-1.947688e-01	1.953449e-01	-1.814733e-01	1.500845e-01	-1.115791e-01	
3.988871e-02	-5.523693e-02	-1.053583e-01	2.294960e-01	-8.856821e-01	9.270874e-01	-9.700108e-01	1.000000e+00	-9.657311e-01	1.958224e-01	-1.700374e-01	1.220983e-01	-3.645722e-02	-1.696970e-01	8.640283e-02	8.656288e-02	-8.711947e-02	8.719602e-02	-9.484913e-02	9.005536e-02	2.289059e-01	-2.266998e-01	2.079438e-01	-1.710744e-01	1.302421e-01	
-4.037570e-02	7.088012e-02	1.033608e-01	-2.449544e-01	7.863629e-01	-8.340630e-01	8.995246e-01	-9.657311e-01	1.000000e+00	-2.100981e-01	1.837926e-01	-1.330261e-01	3.503882e-02	2.001404e-01	-3.575998e-02	-1.562904e-01	1.599408e-01	-1.619146e-01	1.631108e-01	-1.566004e-01	-2.451183e-01	2.394871e-01	-2.186852e-01	1.831127e-01	-1.468126e-01	
5.360440e-02	1.004707e-02	-6.744713e-02	4.941197e-02	-1.577496e-01	1.716523e-01	-1.802958e-01	1.958224e-01	-2.100981e-01	1.000000e+00	-9.935707e-01	9.665213e-01	-8.998639e-01	7.634793e-01	-1.559871e-01	3.039842e-02	-1.450820e-02	-9.570881e-03	5.975072e-02	-4.639657e-02	6.000131e-02	-5.681286e-02	4.708402e-02	-2.010030e-02	5.400657e-03	
-2.184343e-02	-1.658038e-02	2.974798e-02	-1.445956e-02	1.352885e-01	-1.471591e-01	1.531383e-01	-1.700374e-01	1.837926e-01	-9.935707e-01	1.000000e+00	-9.887192e-01	9.380175e-01	-8.136176e-01	1.652542e-01	-2.647543e-02	9.080351e-03	1.826031e-02	-7.274305e-02	6.205404e-02	-7.213032e-02	6.854640e-02	-5.817518e-02	2.956352e-02	-1.081310e-02	
-3.186346e-02	2.480566e-02	2.164451e-02	-3.847464e-02	-9.967266e-02	1.071596e-01	-1.065410e-01	1.220983e-01	-1.330261e-01	9.665213e-01	-9.887192e-01	1.000000e+00	-9.765227e-01	8.767282e-01	-1.725824e-01	2.110968e-02	-2.039334e-03	-2.900784e-02	8.819210e-02	-8.038024e-02	8.987291e-02	-8.632992e-02	7.586431e-02	-4.583891e-02	2.309483e-02	
1.090425e-01	-2.704428e-02	-1.070633e-01	1.114933e-01	4.854383e-02	-4.898874e-02	3.482193e-02	-3.645722e-02	3.503882e-02	-8.998639e-01	9.380175e-01	-9.765227e-01	1.000000e+00	-9.500318e-01	1.814794e-01	-2.002531e-03	-1.815239e-02	5.164565e-02	-1.136792e-01	1.078195e-01	-1.099021e-01	1.080716e-01	-1.000772e-01	7.225781e-02	-4.694885e-02	
-1.499693e-01	3.435471e-02	1.435602e-01	-1.951799e-01	9.406674e-02	-1.072522e-01	1.455323e-01	-1.696970e-01	2.001404e-01	7.634793e-01	-8.136176e-01	8.767282e-01	-9.500318e-01	1.000000e+00	-1.679713e-01	-5.416843e-02	7.366702e-02	-1.054708e-01	1.630343e-01	-1.582953e-01	1.032704e-01	-1.044369e-01	1.022569e-01	-8.285937e-02	6.302446e-02	
1.372745e-01	-2.662700e-01	-4.645293e-01	2.909443e-02	-3.381831e-02	4.626396e-02	-5.911517e-02	8.640283e-02	-3.575998e-02	-1.559871e-01	1.652542e-01	-1.725824e-01	1.814794e-01	-1.679713e-01	1.000000e+00	6.836078e-02	-3.247985e-02	-9.028605e-03	-1.013724e-01	7.857622e-02	3.209585e-02	-3.859463e-02	4.411518e-02	-4.937141e-02	2.378805e-02	
-1.317511e-01	-1.084589e-01	1.934147e-02	4.564287e-03	6.792155e-03	9.795899e-03	-3.923830e-02	8.656288e-02	-1.562904e-01	3.039842e-02	-2.647543e-02	2.110968e-02	-2.002531e-03	-5.416843e-02	6.836078e-02	1.000000e+00	-9.883848e-01	9.341312e-01	-8.373443e-01	7.464254e-01	1.317332e-01	-1.348447e-01	1.309530e-01	-1.212244e-01	1.513100e-01	
1.010343e-01	6.460442e-02	-2.703057e-02	2.089012e-02	-5.591043e-03	-9.090187e-03	3.728516e-02	-8.711947e-02	1.599408e-01	-1.450820e-02	9.080351e-03	-2.039334e-03	-1.815239e-02	7.366702e-02	-3.247985e-02	-9.883848e-01	1.000000e+00	-9.760837e-01	8.991357e-01	-8.186426e-01	-1.359533e-01	1.429775e-01	-1.438768e-01	1.396099e-01	-1.767292e-01	
-5.055657e-02	-2.386663e-02	2.898779e-02	-4.432714e-02	3.088510e-03	9.321072e-03	-3.586642e-02	8.719602e-02	-1.619146e-01	-9.570881e-03	1.826031e-02	-2.900784e-02	5.164565e-02	-1.054708e-01	-9.028605e-03	9.341312e-01	-9.760837e-01	1.000000e+00	-9.635712e-01	9.079117e-01	1.287545e-01	-1.399260e-01	1.476326e-01	-1.539146e-01	2.025787e-01	
-2.269343e-02	1.675854e-02	1.233817e-02	6.394416e-02	1.000738e-03	-1.321980e-02	4.000963e-02	-9.484913e-02	1.631108e-01	5.975072e-02	-7.274305e-02	8.819210e-02	-1.136792e-01	1.630343e-01	-1.013724e-01	-8.373443e-01	8.991357e-01	-9.635712e-01	1.000000e+00	-9.780193e-01	-1.088177e-01	1.227040e-01	-1.370290e-01	1.589109e-01	-2.171795e-01	
7.546754e-02	2.266687e-02	-6.896768e-03	-8.930366e-02	-6.218423e-03	1.471906e-02	-3.693969e-02	9.005536e-02	-1.566004e-01	-4.639657e-02	6.205404e-02	-8.038024e-02	1.078195e-01	-1.582953e-01	7.857622e-02	7.464254e-01	-8.186426e-01	9.079117e-01	-9.780193e-01	1.000000e+00	7.377380e-02	-8.432273e-02	9.755918e-02	-1.240607e-01	1.930560e-01	
-2.636622e-01	-8.431265e-02	1.842136e-02	-3.569221e-02	-1.639926e-01	1.787253e-01	-1.947688e-01	2.289059e-01	-2.451183e-01	6.000131e-02	-7.213032e-02	8.987291e-02	-1.099021e-01	1.032704e-01	3.209585e-02	1.317332e-01	-1.359533e-01	1.287545e-01	-1.088177e-01	7.377380e-02	1.000000e+00	-9.928038e-01	9.655333e-01	-9.141926e-01	8.666989e-01	
2.822722e-01	9.468127e-02	-3.060697e-02	4.210764e-02	1.692375e-01	-1.823214e-01	1.953449e-01	-2.266998e-01	2.394871e-01	-5.681286e-02	6.854640e-02	-8.632992e-02	1.080716e-01	-1.044369e-01	-3.859463e-02	-1.348447e-01	1.429775e-01	-1.399260e-01	1.227040e-01	-8.432273e-02	-9.928038e-01	1.000000e+00	-9.891947e-01	9.514805e-01	-9.081927e-01	
-2.940180e-01	-1.124052e-01	4.079378e-02	-4.154451e-02	-1.612575e-01	1.721673e-01	-1.814733e-01	2.079438e-01	-2.186852e-01	4.708402e-02	-5.817518e-02	7.586431e-02	-1.000772e-01	1.022569e-01	4.411518e-02	1.309530e-01	-1.438768e-01	1.476326e-01	-1.370290e-01	9.755918e-02	9.655333e-01	-9.891947e-01	1.000000e+00	-9.841015e-01	9.499628e-01	
2.765853e-01	1.421881e-01	-3.873079e-02	2.867638e-02	1.352868e-01	-1.438962e-01	1.500845e-01	-1.710744e-01	1.831127e-01	-2.010030e-02	2.956352e-02	-4.583891e-02	7.225781e-02	-8.285937e-02	-4.937141e-02	-1.212244e-01	1.396099e-01	-1.539146e-01	1.589109e-01	-1.240607e-01	-9.141926e-01	9.514805e-01	-9.841015e-01	1.000000e+00	-9.843618e-01	
-2.252156e-01	-1.404855e-01	1.841406e-02	-1.952906e-02	-1.007399e-01	1.072168e-01	-1.115791e-01	1.302421e-01	-1.468126e-01	5.400657e-03	-1.081310e-02	2.309483e-02	-4.694885e-02	6.302446e-02	2.378805e-02	1.513100e-01	-1.767292e-01	2.025787e-01	-2.171795e-01	1.930560e-01	8.666989e-01	-9.081927e-01	9.499628e-01	-9.843618e-01	1.000000e+00	

Time taken for mcmc chain: 13.216667 minutes
