Number of steps: 12162090
Number of accepted steps: 1000000
Burn-in number of steps: 320000
Accepted fraction of steps: 0.082223
Convergence Status
R[0]= 1.021831	R[1]= 1.099426	R[2]= 1.255197	R[3]= 1.002555	R[4]= 1.060027	R[5]= 1.069621	R[6]= 1.071826	R[7]= 1.021949	R[8]= 1.006964	R[9]= 1.046660	R[10]= 1.101208	R[11]= 1.220060	R[12]= 1.004084	R[13]= 1.007845	R[14]= 1.029598	R[15]= 1.107688	R[16]= 1.125901	R[17]= 1.130684	R[18]= 1.020023	R[19]= 1.021996	R[20]= 1.082015	R[21]= 1.176794	R[22]= 1.356436	R[23]= 1.005102	R[24]= 1.026841	
<R>= 1.082893

Mean parameters
A[0]= 7.307408e-01 pm 7.130499e-02
A[1]= 8.725478e-01 pm 9.775428e-02
A[2]= 7.335140e-01 pm 3.276210e-01
A[3]= 2.920471e+00 pm 1.204778e+00
A[4]= -6.019171e+02 pm 4.296411e+03
A[5]= 5.454807e+02 pm 3.231255e+03
A[6]= -6.039112e+01 pm 9.184604e+02
A[7]= 3.289412e+01 pm 1.624141e+01
A[8]= -3.898583e-01 pm 1.779452e-01
A[9]= -4.997521e+03 pm 8.141925e+03
A[10]= 2.730222e+03 pm 4.834006e+03
A[11]= -8.227922e+02 pm 1.035356e+03
A[12]= 3.820372e+01 pm 4.822478e+01
A[13]= -8.290725e-01 pm 9.089822e-01
A[14]= 5.139518e+00 pm 1.712179e+00
A[15]= -6.005351e+03 pm 6.360205e+03
A[16]= 5.982114e+03 pm 4.748085e+03
A[17]= -1.804562e+03 pm 1.331354e+03
A[18]= 3.927886e+01 pm 2.344590e+01
A[19]= -7.615422e-02 pm 2.600274e-01
A[20]= 4.105113e+03 pm 1.153479e+04
A[21]= -1.218169e+03 pm 7.213605e+03
A[22]= -5.884323e+02 pm 1.693268e+03
A[23]= -3.331619e+01 pm 6.736444e+01
A[24]= 6.485568e-01 pm 1.290270e+00

Best-fitting parameters
A[0]= 7.131509e-01
A[1]= 8.729900e-01
A[2]= 7.301559e-01
A[3]= 3.363045e+00
A[4]= -2.946842e+03
A[5]= 2.295286e+03
A[6]= -5.365661e+02
A[7]= 3.755814e+01
A[8]= -3.610561e-01
A[9]= -2.378905e+03
A[10]= 1.518693e+03
A[11]= -6.884953e+02
A[12]= 2.018140e+01
A[13]= -5.567612e-01
A[14]= 5.394539e+00
A[15]= -9.950104e+03
A[16]= 8.484425e+03
A[17]= -2.379274e+03
A[18]= 5.706779e+01
A[19]= -2.373007e-01
A[20]= 7.631269e+03
A[21]= -2.947653e+03
A[22]= -3.339846e+02
A[23]= -5.198107e+01
A[24]= 8.467194e-01
chi2_min= 9.571807e+01


Cross-Covariance parameters
1.000000e+00	-6.258003e-03	-2.180853e-01	3.552062e-02	8.812660e-02	-7.482431e-02	5.296696e-02	-2.064013e-02	5.767015e-03	3.972877e-02	-2.264629e-02	-3.035937e-02	7.846515e-02	-4.641873e-02	-1.046941e-02	1.418290e-01	-1.309604e-01	1.054669e-01	-1.252030e-02	-4.619308e-02	6.406583e-02	-3.800214e-02	-3.133046e-02	1.269509e-01	-9.448320e-02	
-6.258003e-03	1.000000e+00	1.866954e-02	-4.078050e-01	3.297758e-01	-3.553763e-01	3.598891e-01	-1.876390e-01	-9.421085e-02	1.076693e-01	-1.673096e-01	2.583175e-01	-6.276710e-02	-4.148465e-02	-4.191122e-01	3.414363e-01	-3.526129e-01	3.349346e-01	-8.717936e-02	-1.872452e-01	1.125885e-01	-1.885756e-01	2.986742e-01	-9.548298e-02	-4.195226e-02	
-2.180853e-01	1.866954e-02	1.000000e+00	-3.362054e-01	-2.386779e-02	1.826404e-02	-6.896422e-03	-3.625787e-02	4.604146e-02	-1.964839e-01	2.708519e-01	-3.650417e-01	2.469238e-02	8.271578e-02	-3.597770e-01	-9.574214e-02	1.022370e-01	-9.691208e-02	-2.898400e-02	1.072167e-01	-2.910384e-01	3.879018e-01	-4.888745e-01	2.793157e-02	1.402823e-01	
3.552062e-02	-4.078050e-01	-3.362054e-01	1.000000e+00	-7.639254e-01	8.442485e-01	-8.891355e-01	5.700151e-01	9.515822e-02	-1.496347e-01	2.201606e-01	-3.084835e-01	-1.313816e-02	1.402163e-01	3.823020e-01	-1.778726e-01	1.897576e-01	-1.918268e-01	9.196072e-02	6.221466e-02	4.771584e-02	-4.091554e-02	2.222814e-02	1.289952e-02	-2.468596e-03	
8.812660e-02	3.297758e-01	-2.386779e-02	-7.639254e-01	1.000000e+00	-9.800448e-01	9.333190e-01	-8.567432e-01	2.691757e-01	1.785728e-01	-2.753935e-01	3.968957e-01	4.134498e-02	-1.385285e-01	-2.163115e-01	2.153349e-01	-2.320947e-01	2.352447e-01	-9.459578e-02	-8.899887e-02	7.166314e-02	-1.135722e-01	1.630711e-01	-7.542957e-03	-6.065923e-02	
-7.482431e-02	-3.553763e-01	1.826404e-02	8.442485e-01	-9.800448e-01	1.000000e+00	-9.856864e-01	8.237557e-01	-1.733008e-01	-2.049804e-01	3.110823e-01	-4.446578e-01	-3.697545e-02	1.629303e-01	2.367769e-01	-2.327254e-01	2.510923e-01	-2.552828e-01	1.061015e-01	9.371208e-02	-7.752343e-02	1.234788e-01	-1.786232e-01	1.169411e-02	6.394002e-02	
5.296696e-02	3.598891e-01	-6.896422e-03	-8.891355e-01	9.333190e-01	-9.856864e-01	1.000000e+00	-7.697819e-01	8.633560e-02	2.254307e-01	-3.356475e-01	4.744810e-01	2.552337e-02	-1.716542e-01	-2.451294e-01	2.360568e-01	-2.553115e-01	2.608275e-01	-1.138670e-01	-9.056726e-02	7.687559e-02	-1.241691e-01	1.819679e-01	-1.557920e-02	-6.228647e-02	
-2.064013e-02	-1.876390e-01	-3.625787e-02	5.700151e-01	-8.567432e-01	8.237557e-01	-7.697819e-01	1.000000e+00	-6.849153e-01	-4.719428e-02	1.190771e-01	-2.184665e-01	-6.342199e-02	3.368432e-02	1.510255e-01	-1.327129e-01	1.451913e-01	-1.517017e-01	9.132682e-02	2.131550e-02	-3.204181e-02	5.420468e-02	-8.149911e-02	1.485850e-02	1.706363e-02	
5.767015e-03	-9.421085e-02	4.604146e-02	9.515822e-02	2.691757e-01	-1.733008e-01	8.633560e-02	-6.849153e-01	1.000000e+00	-1.688604e-01	1.786325e-01	-1.777066e-01	7.049925e-02	1.535292e-01	3.472472e-02	-4.411411e-02	4.677248e-02	-4.496606e-02	-1.035135e-02	5.564334e-02	-2.559927e-02	4.290273e-02	-6.548738e-02	-2.826131e-03	3.672242e-02	
3.972877e-02	1.076693e-01	-1.964839e-01	-1.496347e-01	1.785728e-01	-2.049804e-01	2.254307e-01	-4.719428e-02	-1.688604e-01	1.000000e+00	-9.802371e-01	8.861886e-01	-8.551824e-01	6.755942e-01	9.638952e-03	9.330650e-02	-1.019405e-01	1.030983e-01	-3.093711e-02	-5.010456e-02	8.136210e-02	-1.219413e-01	1.692142e-01	-1.178304e-03	-6.316893e-02	
-2.264629e-02	-1.673096e-01	2.708519e-01	2.201606e-01	-2.753935e-01	3.110823e-01	-3.356475e-01	1.190771e-01	1.786325e-01	-9.802371e-01	1.000000e+00	-9.588847e-01	8.351321e-01	-6.307650e-01	-1.726694e-03	-1.356382e-01	1.491655e-01	-1.526136e-01	4.575592e-02	7.739719e-02	-1.217925e-01	1.823328e-01	-2.541971e-01	1.392444e-02	8.463495e-02	
-3.035937e-02	2.583175e-01	-3.650417e-01	-3.084835e-01	3.968957e-01	-4.446578e-01	4.744810e-01	-2.184665e-01	-1.777066e-01	8.861886e-01	-9.588847e-01	1.000000e+00	-7.375524e-01	5.069465e-01	-1.271371e-02	1.907476e-01	-2.113585e-01	2.187271e-01	-6.713739e-02	-1.132997e-01	1.763189e-01	-2.656445e-01	3.746775e-01	-3.849486e-02	-1.094353e-01	
7.846515e-02	-6.276710e-02	2.469238e-02	-1.313816e-02	4.134498e-02	-3.697545e-02	2.552337e-02	-6.342199e-02	7.049925e-02	-8.551824e-01	8.351321e-01	-7.375524e-01	1.000000e+00	-9.328244e-01	-2.662444e-03	-2.010312e-03	4.778541e-03	-6.393752e-03	-9.761881e-04	1.064960e-02	1.078247e-03	1.504958e-02	-4.144417e-02	9.001501e-03	1.116199e-02	
-4.641873e-02	-4.148465e-02	8.271578e-02	1.402163e-01	-1.385285e-01	1.629303e-01	-1.716542e-01	3.368432e-02	1.535292e-01	6.755942e-01	-6.307650e-01	5.069465e-01	-9.328244e-01	1.000000e+00	2.171626e-02	-6.496665e-02	6.958813e-02	-7.079213e-02	2.233067e-02	3.403739e-02	-6.230421e-02	7.713211e-02	-8.955115e-02	1.141614e-02	2.234402e-02	
-1.046941e-02	-4.191122e-01	-3.597770e-01	3.823020e-01	-2.163115e-01	2.367769e-01	-2.451294e-01	1.510255e-01	3.472472e-02	9.638952e-03	-1.726694e-03	-1.271371e-02	-2.662444e-03	2.171626e-02	1.000000e+00	-7.184778e-01	7.853374e-01	-8.227964e-01	4.921400e-01	1.163274e-01	-1.282541e-01	1.838002e-01	-2.385773e-01	-1.096382e-02	1.170189e-01	
1.418290e-01	3.414363e-01	-9.574214e-02	-1.778726e-01	2.153349e-01	-2.327254e-01	2.360568e-01	-1.327129e-01	-4.411411e-02	9.330650e-02	-1.356382e-01	1.907476e-01	-2.010312e-03	-6.496665e-02	-7.184778e-01	1.000000e+00	-9.818275e-01	9.366035e-01	-8.108525e-01	2.182442e-01	3.027719e-01	-4.026237e-01	4.973657e-01	-2.374587e-02	-1.366911e-01	
-1.309604e-01	-3.526129e-01	1.022370e-01	1.897576e-01	-2.320947e-01	2.510923e-01	-2.553115e-01	1.451913e-01	4.677248e-02	-1.019405e-01	1.491655e-01	-2.113585e-01	4.778541e-03	6.958813e-02	7.853374e-01	-9.818275e-01	1.000000e+00	-9.855785e-01	7.729514e-01	-1.227631e-01	-3.214103e-01	4.327606e-01	-5.400834e-01	1.634399e-02	1.673498e-01	
1.054669e-01	3.349346e-01	-9.691208e-02	-1.918268e-01	2.352447e-01	-2.552828e-01	2.608275e-01	-1.517017e-01	-4.496606e-02	1.030983e-01	-1.526136e-01	2.187271e-01	-6.393752e-03	-7.079213e-02	-8.227964e-01	9.366035e-01	-9.855785e-01	1.000000e+00	-7.202243e-01	3.891610e-02	3.269575e-01	-4.444144e-01	5.587674e-01	-1.038533e-02	-1.865796e-01	
-1.252030e-02	-8.717936e-02	-2.898400e-02	9.196072e-02	-9.459578e-02	1.061015e-01	-1.138670e-01	9.132682e-02	-1.035135e-02	-3.093711e-02	4.575592e-02	-6.713739e-02	-9.761881e-04	2.233067e-02	4.921400e-01	-8.108525e-01	7.729514e-01	-7.202243e-01	1.000000e+00	-7.071576e-01	-1.707947e-01	2.297147e-01	-2.833610e-01	5.844206e-02	-2.549447e-02	
-4.619308e-02	-1.872452e-01	1.072167e-01	6.221466e-02	-8.899887e-02	9.371208e-02	-9.056726e-02	2.131550e-02	5.564334e-02	-5.010456e-02	7.739719e-02	-1.132997e-01	1.064960e-02	3.403739e-02	1.163274e-01	2.182442e-01	-1.227631e-01	3.891610e-02	-7.071576e-01	1.000000e+00	-7.404174e-02	1.038934e-01	-1.385662e-01	-7.149078e-02	2.279783e-01	
6.406583e-02	1.125885e-01	-2.910384e-01	4.771584e-02	7.166314e-02	-7.752343e-02	7.687559e-02	-3.204181e-02	-2.559927e-02	8.136210e-02	-1.217925e-01	1.763189e-01	1.078247e-03	-6.230421e-02	-1.282541e-01	3.027719e-01	-3.214103e-01	3.269575e-01	-1.707947e-01	-7.404174e-02	1.000000e+00	-9.744065e-01	8.643548e-01	-8.116473e-01	6.040673e-01	
-3.800214e-02	-1.885756e-01	3.879018e-01	-4.091554e-02	-1.135722e-01	1.234788e-01	-1.241691e-01	5.420468e-02	4.290273e-02	-1.219413e-01	1.823328e-01	-2.656445e-01	1.504958e-02	7.713211e-02	1.838002e-01	-4.026237e-01	4.327606e-01	-4.444144e-01	2.297147e-01	1.038934e-01	-9.744065e-01	1.000000e+00	-9.538154e-01	7.655081e-01	-5.178246e-01	
-3.133046e-02	2.986742e-01	-4.888745e-01	2.222814e-02	1.630711e-01	-1.786232e-01	1.819679e-01	-8.149911e-02	-6.548738e-02	1.692142e-01	-2.541971e-01	3.746775e-01	-4.144417e-02	-8.955115e-02	-2.385773e-01	4.973657e-01	-5.400834e-01	5.587674e-01	-2.833610e-01	-1.385662e-01	8.643548e-01	-9.538154e-01	1.000000e+00	-6.377865e-01	3.514340e-01	
1.269509e-01	-9.548298e-02	2.793157e-02	1.289952e-02	-7.542957e-03	1.169411e-02	-1.557920e-02	1.485850e-02	-2.826131e-03	-1.178304e-03	1.392444e-02	-3.849486e-02	9.001501e-03	1.141614e-02	-1.096382e-02	-2.374587e-02	1.634399e-02	-1.038533e-02	5.844206e-02	-7.149078e-02	-8.116473e-01	7.655081e-01	-6.377865e-01	1.000000e+00	-9.308323e-01	
-9.448320e-02	-4.195226e-02	1.402823e-01	-2.468596e-03	-6.065923e-02	6.394002e-02	-6.228647e-02	1.706363e-02	3.672242e-02	-6.316893e-02	8.463495e-02	-1.094353e-01	1.116199e-02	2.234402e-02	1.170189e-01	-1.366911e-01	1.673498e-01	-1.865796e-01	-2.549447e-02	2.279783e-01	6.040673e-01	-5.178246e-01	3.514340e-01	-9.308323e-01	1.000000e+00	

Time taken for mcmc chain: 1.335278 hours
