Number of steps: 4680337
Number of accepted steps: 1000000
Burn-in number of steps: 320000
Accepted fraction of steps: 0.213660
Convergence Status
R[0]= 1.004301	R[1]= 1.010840	R[2]= 1.008946	R[3]= 1.008993	R[4]= 1.002473	R[5]= 1.003136	R[6]= 1.004008	R[7]= 1.001518	R[8]= 1.001262	R[9]= 1.000256	R[10]= 1.000300	R[11]= 1.000555	R[12]= 1.000971	R[13]= 1.001478	R[14]= 1.000046	R[15]= 1.005239	R[16]= 1.005880	R[17]= 1.005983	R[18]= 1.000687	R[19]= 1.000886	R[20]= 1.007020	R[21]= 1.008946	R[22]= 1.011255	R[23]= 1.000706	R[24]= 1.000657	
<R>= 1.003854

Mean parameters
A[0]= 9.267613e-01 pm 3.488513e-02
A[1]= 1.046227e+00 pm 2.894016e-02
A[2]= 5.794756e-01 pm 3.629726e-01
A[3]= 3.636141e+00 pm 1.101929e+00
A[4]= -3.954553e+03 pm 3.703709e+03
A[5]= 1.982695e+03 pm 2.432479e+03
A[6]= -2.307861e+01 pm 5.714190e+02
A[7]= 1.688294e+01 pm 1.312280e+01
A[8]= -2.673120e-01 pm 1.800363e-01
A[9]= -3.521396e+03 pm 8.365585e+03
A[10]= 1.394751e+03 pm 4.978508e+03
A[11]= -3.630162e+02 pm 1.029945e+03
A[12]= 1.963658e+01 pm 4.856001e+01
A[13]= -5.782362e-01 pm 9.325987e-01
A[14]= 5.189815e+00 pm 1.544555e+00
A[15]= -6.728173e+03 pm 5.365149e+03
A[16]= 4.913624e+03 pm 3.533567e+03
A[17]= -8.674979e+02 pm 8.299759e+02
A[18]= 2.333477e+00 pm 1.953015e+01
A[19]= 1.438516e-01 pm 2.676624e-01
A[20]= 6.527173e+03 pm 1.154642e+04
A[21]= -3.763809e+03 pm 6.955626e+03
A[22]= 3.310618e+02 pm 1.464634e+03
A[23]= -4.815265e+01 pm 6.696604e+01
A[24]= 6.610610e-01 pm 1.308239e+00

Best-fitting parameters
A[0]= 9.238900e-01
A[1]= 1.053253e+00
A[2]= 5.889793e-01
A[3]= 4.053052e+00
A[4]= -4.885976e+03
A[5]= 2.818132e+03
A[6]= -2.782874e+02
A[7]= 1.138156e+01
A[8]= -1.451493e-01
A[9]= -6.417292e+03
A[10]= 3.255067e+03
A[11]= -7.369969e+02
A[12]= 2.296872e+01
A[13]= -4.139302e-01
A[14]= 4.609511e+00
A[15]= -6.505324e+03
A[16]= 4.307946e+03
A[17]= -6.378576e+02
A[18]= 1.220350e+00
A[19]= 1.277575e-01
A[20]= 6.407692e+03
A[21]= -4.171591e+03
A[22]= 4.842425e+02
A[23]= -5.335404e+01
A[24]= 6.412821e-01
chi2_min= 8.815716e+01


Cross-Covariance parameters
1.000000e+00	-4.850266e-01	-1.252077e-01	2.919623e-02	6.699622e-02	-6.777476e-02	5.902902e-02	5.398985e-02	-6.218670e-02	-3.891120e-02	5.048584e-02	-8.185800e-02	1.544972e-01	-1.270400e-01	1.587131e-02	8.312940e-02	-8.345183e-02	7.530862e-02	6.439470e-02	-8.045581e-02	-3.385187e-03	1.663945e-02	-5.265479e-02	1.361546e-01	-1.096016e-01	
-4.850266e-01	1.000000e+00	5.670122e-02	-6.024228e-02	-8.271830e-02	9.160357e-02	-1.071018e-01	1.449229e-01	-1.015469e-01	4.550883e-02	-6.000202e-02	8.781467e-02	-9.837292e-02	4.422560e-02	-1.662336e-01	2.288296e-02	-2.236891e-02	1.371485e-02	1.398204e-01	-1.463477e-01	4.126570e-02	-6.006093e-02	9.585903e-02	-5.995584e-02	6.300279e-03	
-1.252077e-01	5.670122e-02	1.000000e+00	-6.493247e-01	-5.168329e-02	5.909823e-02	-5.562479e-02	-3.225715e-02	3.633206e-02	-3.803668e-01	4.945543e-01	-6.326107e-01	-8.628513e-02	2.212135e-01	-5.712962e-01	-1.611558e-01	1.747538e-01	-1.774750e-01	-2.275199e-02	7.917706e-02	-3.945392e-01	5.111398e-01	-6.486523e-01	-1.526611e-01	2.980231e-01	
2.919623e-02	-6.024228e-02	-6.493247e-01	1.000000e+00	-5.414913e-01	5.992386e-01	-6.436900e-01	1.633007e-01	1.212890e-01	1.758024e-01	-2.299376e-01	3.011630e-01	-1.526041e-02	-2.952833e-02	4.045628e-01	7.206350e-02	-8.191990e-02	8.694822e-02	2.123705e-02	-4.700457e-02	2.556167e-01	-3.312738e-01	4.228110e-01	9.734213e-02	-1.917074e-01	
6.699622e-02	-8.271830e-02	-5.168329e-02	-5.414913e-01	1.000000e+00	-9.843723e-01	9.406162e-01	-6.551214e-01	2.751763e-01	6.841588e-02	-1.032816e-01	1.417360e-01	1.096573e-01	-9.942896e-02	2.475778e-02	2.945703e-02	-2.970654e-02	2.901069e-02	-1.529722e-02	3.085618e-03	1.170014e-02	-1.758265e-02	2.222179e-02	1.790366e-02	-1.988663e-02	
-6.777476e-02	9.160357e-02	5.909823e-02	5.992386e-01	-9.843723e-01	1.000000e+00	-9.851810e-01	6.003755e-01	-2.046016e-01	-7.778251e-02	1.166386e-01	-1.597455e-01	-1.227844e-01	1.252573e-01	-2.954631e-02	-3.371698e-02	3.392342e-02	-3.292896e-02	1.981895e-02	-5.939887e-03	-1.730226e-02	2.381229e-02	-2.887449e-02	-1.661408e-02	1.960779e-02	
5.902902e-02	-1.071018e-01	-5.562479e-02	-6.436900e-01	9.406162e-01	-9.851810e-01	1.000000e+00	-5.334868e-01	1.373882e-01	8.819091e-02	-1.284570e-01	1.729892e-01	1.219501e-01	-1.337056e-01	3.144048e-02	3.410400e-02	-3.403641e-02	3.293822e-02	-2.856264e-02	1.432675e-02	1.750513e-02	-2.331150e-02	2.747759e-02	1.335915e-02	-1.541628e-02	
5.398985e-02	1.449229e-01	-3.225715e-02	1.633007e-01	-6.551214e-01	6.003755e-01	-5.334868e-01	1.000000e+00	-8.865814e-01	9.464032e-02	-8.019561e-02	5.306323e-02	-5.465093e-02	-1.023067e-01	-2.382116e-02	2.269337e-02	-2.439940e-02	2.189270e-02	4.192280e-02	-4.909372e-02	1.896313e-02	-2.374801e-02	2.889808e-02	1.151729e-02	-2.458347e-02	
-6.218670e-02	-1.015469e-01	3.633206e-02	1.212890e-01	2.751763e-01	-2.046016e-01	1.373882e-01	-8.865814e-01	1.000000e+00	-1.457185e-01	1.448334e-01	-1.292920e-01	1.195944e-02	1.919358e-01	1.950297e-02	-3.126979e-02	3.313755e-02	-3.063616e-02	-3.168759e-02	4.467861e-02	-1.867387e-02	2.474626e-02	-3.027874e-02	-1.116271e-02	2.338292e-02	
-3.891120e-02	4.550883e-02	-3.803668e-01	1.758024e-01	6.841588e-02	-7.778251e-02	8.819091e-02	9.464032e-02	-1.457185e-01	1.000000e+00	-9.844331e-01	9.203576e-01	-7.773931e-01	6.013987e-01	2.141842e-01	5.831705e-02	-6.429853e-02	6.582181e-02	1.634642e-02	-4.125538e-02	1.467813e-01	-1.942939e-01	2.533375e-01	5.691662e-02	-1.178792e-01	
5.048584e-02	-6.000202e-02	4.945543e-01	-2.299376e-01	-1.032816e-01	1.166386e-01	-1.284570e-01	-8.019561e-02	1.448334e-01	-9.844331e-01	1.000000e+00	-9.739224e-01	7.365812e-01	-5.537624e-01	-2.796487e-01	-7.651910e-02	8.414266e-02	-8.603460e-02	-1.983578e-02	5.162685e-02	-1.944848e-01	2.563442e-01	-3.328384e-01	-7.118108e-02	1.506809e-01	
-8.185800e-02	8.781467e-02	-6.326107e-01	3.011630e-01	1.417360e-01	-1.597455e-01	1.729892e-01	5.306323e-02	-1.292920e-01	9.203576e-01	-9.739224e-01	1.000000e+00	-6.379123e-01	4.547685e-01	3.596890e-01	9.806769e-02	-1.075449e-01	1.098633e-01	2.213474e-02	-6.207075e-02	2.535191e-01	-3.332623e-01	4.318175e-01	8.609934e-02	-1.887977e-01	
1.544972e-01	-9.837292e-02	-8.628513e-02	-1.526041e-02	1.096573e-01	-1.227844e-01	1.219501e-01	-5.465093e-02	1.195944e-02	-7.773931e-01	7.365812e-01	-6.379123e-01	1.000000e+00	-9.496883e-01	5.093546e-02	2.595733e-02	-2.638208e-02	2.525024e-02	-5.698026e-03	1.067634e-03	3.733026e-02	-4.307586e-02	4.542763e-02	2.110653e-02	-2.575619e-02	
-1.270400e-01	4.422560e-02	2.212135e-01	-2.952833e-02	-9.942896e-02	1.252573e-01	-1.337056e-01	-1.023067e-01	1.919358e-01	6.013987e-01	-5.537624e-01	4.547685e-01	-9.496883e-01	1.000000e+00	-1.221967e-01	-4.641080e-02	4.941191e-02	-4.880415e-02	-7.710942e-03	2.103727e-02	-9.407465e-02	1.178024e-01	-1.424274e-01	-3.670623e-02	6.552738e-02	
1.587131e-02	-1.662336e-01	-5.712962e-01	4.045628e-01	2.475778e-02	-2.954631e-02	3.144048e-02	-2.382116e-02	1.950297e-02	2.141842e-01	-2.796487e-01	3.596890e-01	5.093546e-02	-1.221967e-01	1.000000e+00	-5.079788e-01	5.690309e-01	-6.155270e-01	5.734439e-02	2.050382e-01	1.157814e-01	-1.587180e-01	2.192870e-01	3.012488e-02	-6.111662e-02	
8.312940e-02	2.288296e-02	-1.611558e-01	7.206350e-02	2.945703e-02	-3.371698e-02	3.410400e-02	2.269337e-02	-3.126979e-02	5.831705e-02	-7.651910e-02	9.806769e-02	2.595733e-02	-4.641080e-02	-5.079788e-01	1.000000e+00	-9.844004e-01	9.406636e-01	-5.760971e-01	2.038396e-01	2.101431e-01	-2.544554e-01	2.945707e-01	4.425958e-02	-9.139122e-02	
-8.345183e-02	-2.236891e-02	1.747538e-01	-8.191990e-02	-2.970654e-02	3.392342e-02	-3.403641e-02	-2.439940e-02	3.313755e-02	-6.429853e-02	8.414266e-02	-1.075449e-01	-2.638208e-02	4.941191e-02	5.690309e-01	-9.844004e-01	1.000000e+00	-9.852481e-01	5.069722e-01	-1.194344e-01	-2.218153e-01	2.716541e-01	-3.176173e-01	-5.976255e-02	1.172925e-01	
7.530862e-02	1.371485e-02	-1.774750e-01	8.694822e-02	2.901069e-02	-3.292896e-02	3.293822e-02	2.189270e-02	-3.063616e-02	6.582181e-02	-8.603460e-02	1.098633e-01	2.525024e-02	-4.880415e-02	-6.155270e-01	9.406636e-01	-9.852481e-01	1.000000e+00	-4.275291e-01	3.870626e-02	2.256455e-01	-2.788925e-01	3.287150e-01	6.936208e-02	-1.334520e-01	
6.439470e-02	1.398204e-01	-2.275199e-02	2.123705e-02	-1.529722e-02	1.981895e-02	-2.856264e-02	4.192280e-02	-3.168759e-02	1.634642e-02	-1.983578e-02	2.213474e-02	-5.698026e-03	-7.710942e-03	5.734439e-02	-5.760971e-01	5.069722e-01	-4.275291e-01	1.000000e+00	-9.024603e-01	-2.351076e-02	2.946953e-02	-3.505555e-02	8.796913e-02	-1.636527e-01	
-8.045581e-02	-1.463477e-01	7.917706e-02	-4.700457e-02	3.085618e-03	-5.939887e-03	1.432675e-02	-4.909372e-02	4.467861e-02	-4.125538e-02	5.162685e-02	-6.207075e-02	1.067634e-03	2.103727e-02	2.050382e-01	2.038396e-01	-1.194344e-01	3.870626e-02	-9.024603e-01	1.000000e+00	-6.567546e-02	7.840804e-02	-8.870390e-02	-1.229941e-01	2.415690e-01	
-3.385187e-03	4.126570e-02	-3.945392e-01	2.556167e-01	1.170014e-02	-1.730226e-02	1.750513e-02	1.896313e-02	-1.867387e-02	1.467813e-01	-1.944848e-01	2.535191e-01	3.733026e-02	-9.407465e-02	1.157814e-01	2.101431e-01	-2.218153e-01	2.256455e-01	-2.351076e-02	-6.567546e-02	1.000000e+00	-9.839003e-01	9.186952e-01	-7.319561e-01	5.618299e-01	
1.663945e-02	-6.006093e-02	5.111398e-01	-3.312738e-01	-1.758265e-02	2.381229e-02	-2.331150e-02	-2.374801e-02	2.474626e-02	-1.942939e-01	2.563442e-01	-3.332623e-01	-4.307586e-02	1.178024e-01	-1.587180e-01	-2.544554e-01	2.716541e-01	-2.788925e-01	2.946953e-02	7.840804e-02	-9.839003e-01	1.000000e+00	-9.736738e-01	6.768144e-01	-4.965741e-01	
-5.265479e-02	9.585903e-02	-6.486523e-01	4.228110e-01	2.222179e-02	-2.887449e-02	2.747759e-02	2.889808e-02	-3.027874e-02	2.533375e-01	-3.328384e-01	4.318175e-01	4.542763e-02	-1.424274e-01	2.192870e-01	2.945707e-01	-3.176173e-01	3.287150e-01	-3.505555e-02	-8.870390e-02	9.186952e-01	-9.736738e-01	1.000000e+00	-5.631444e-01	3.778988e-01	
1.361546e-01	-5.995584e-02	-1.526611e-01	9.734213e-02	1.790366e-02	-1.661408e-02	1.335915e-02	1.151729e-02	-1.116271e-02	5.691662e-02	-7.118108e-02	8.609934e-02	2.110653e-02	-3.670623e-02	3.012488e-02	4.425958e-02	-5.976255e-02	6.936208e-02	8.796913e-02	-1.229941e-01	-7.319561e-01	6.768144e-01	-5.631444e-01	1.000000e+00	-9.626679e-01	
-1.096016e-01	6.300279e-03	2.980231e-01	-1.917074e-01	-1.988663e-02	1.960779e-02	-1.541628e-02	-2.458347e-02	2.338292e-02	-1.178792e-01	1.506809e-01	-1.887977e-01	-2.575619e-02	6.552738e-02	-6.111662e-02	-9.139122e-02	1.172925e-01	-1.334520e-01	-1.636527e-01	2.415690e-01	5.618299e-01	-4.965741e-01	3.778988e-01	-9.626679e-01	1.000000e+00	

Time taken for mcmc chain: 29.083333 minutes
