Number of steps: 1060037
Number of accepted steps: 1000000
Burn-in number of steps: 320000
Accepted fraction of steps: 0.943363
Convergence Status
R[0]= 1.196498	R[1]= 1.300714	R[2]= 1.265280	R[3]= 1.028507	R[4]= 1.043767	R[5]= 1.048571	R[6]= 1.057277	R[7]= 1.058086	R[8]= 1.072840	R[9]= 1.042104	R[10]= 1.045185	R[11]= 1.060483	R[12]= 1.008408	R[13]= 1.019227	R[14]= 1.103891	R[15]= 1.109599	R[16]= 1.120491	R[17]= 1.127437	R[18]= 1.075142	R[19]= 1.105371	R[20]= 1.100516	R[21]= 1.103775	R[22]= 1.096330	R[23]= 1.087286	R[24]= 1.059995	
<R>= 1.093471

Mean parameters
A[0]= 9.906091e-01 pm 3.696005e-02
A[1]= 1.059054e+00 pm 2.997003e-02
A[2]= 1.067943e+00 pm 3.255712e-01
A[3]= 1.534731e+00 pm 5.314406e-01
A[4]= 2.170995e+03 pm 3.001398e+03
A[5]= -2.639384e+03 pm 1.853151e+03
A[6]= 1.203081e+03 pm 4.021020e+02
A[7]= 5.983488e+00 pm 1.276219e+01
A[8]= -3.223923e-01 pm 1.888733e-01
A[9]= -4.491251e+03 pm 7.450953e+03
A[10]= 1.841812e+03 pm 4.247220e+03
A[11]= -4.241129e+02 pm 7.864917e+02
A[12]= 2.668660e+01 pm 4.421479e+01
A[13]= -7.775689e-01 pm 8.189630e-01
A[14]= 2.174872e+00 pm 7.555492e-01
A[15]= 2.193272e+03 pm 4.459039e+03
A[16]= -1.895644e+03 pm 2.696226e+03
A[17]= 9.543073e+02 pm 5.594887e+02
A[18]= -1.570476e+01 pm 1.713550e+01
A[19]= 1.198998e-01 pm 2.250793e-01
A[20]= 9.850955e+03 pm 1.088977e+04
A[21]= -5.955684e+03 pm 6.031230e+03
A[22]= 7.903445e+02 pm 1.079488e+03
A[23]= -6.502745e+01 pm 6.601204e+01
A[24]= 8.510907e-01 pm 1.210435e+00

Best-fitting parameters
A[0]= 9.796921e-01
A[1]= 1.083431e+00
A[2]= 9.283443e-01
A[3]= 2.300119e+00
A[4]= -1.486700e+03
A[5]= -3.523509e+02
A[6]= 6.949372e+02
A[7]= 7.954925e+00
A[8]= -2.818427e-01
A[9]= -2.077102e+04
A[10]= 1.116011e+04
A[11]= -2.100314e+03
A[12]= 1.093614e+02
A[13]= -2.069056e+00
A[14]= 3.619918e+00
A[15]= -3.293079e+03
A[16]= 2.083002e+03
A[17]= -2.392671e+00
A[18]= -1.654754e+01
A[19]= 2.434757e-01
A[20]= 9.401097e+03
A[21]= -4.934054e+03
A[22]= 4.147735e+02
A[23]= -8.277317e+01
A[24]= 1.309344e+00
chi2_min= 9.664888e+01


Cross-Covariance parameters
1.000000e+00	-2.576277e-01	-3.084061e-01	1.354971e-01	-4.070983e-02	5.341733e-02	-7.325547e-02	2.175188e-01	-2.101284e-01	2.091171e-01	-2.135492e-01	2.022478e-01	-1.932233e-01	1.664967e-01	2.058537e-01	-5.375126e-02	5.211031e-02	-5.815198e-02	-6.300474e-03	3.490094e-02	7.765248e-02	-6.635839e-02	2.373635e-02	1.179649e-02	-2.155595e-02	
-2.576277e-01	1.000000e+00	2.950087e-01	1.598017e-01	-2.303746e-01	2.714529e-01	-3.105874e-01	-4.254797e-02	1.302315e-01	5.529412e-02	-2.181738e-02	-3.087718e-02	-1.409344e-01	1.613195e-01	-1.129164e-01	-6.737273e-02	8.163384e-02	-9.349169e-02	-2.681090e-03	5.334521e-02	-8.075160e-03	9.417712e-03	-5.230687e-03	-6.825428e-02	6.609704e-02	
-3.084061e-01	2.950087e-01	1.000000e+00	-3.435743e-01	2.858670e-02	-2.854880e-03	-1.175154e-02	-2.881334e-01	3.181271e-01	-1.551344e-02	6.838316e-02	-1.455948e-01	-2.206084e-01	3.088223e-01	-5.592057e-01	2.673269e-02	-2.551358e-02	4.218934e-02	3.898585e-02	-1.479253e-02	-2.231912e-01	2.539865e-01	-2.870957e-01	2.854326e-02	1.708068e-02	
1.354971e-01	1.598017e-01	-3.435743e-01	1.000000e+00	-6.590148e-01	7.467834e-01	-8.144835e-01	1.509286e-01	3.647310e-02	-3.334010e-01	3.667232e-01	-4.109788e-01	2.024330e-01	-1.266064e-01	4.296304e-01	-1.813507e-01	1.999828e-01	-2.221476e-01	-1.406768e-01	1.950033e-01	3.983628e-02	-3.231919e-02	2.627639e-02	-7.092778e-02	9.824936e-02	
-4.070983e-02	-2.303746e-01	2.858670e-02	-6.590148e-01	1.000000e+00	-9.841315e-01	9.369383e-01	-6.443210e-01	4.254308e-01	1.405797e-01	-1.700393e-01	2.169152e-01	3.010967e-02	-3.375398e-03	-9.295848e-02	-1.781087e-02	4.144380e-03	1.039822e-02	1.944340e-01	-2.128825e-01	2.927769e-02	-4.227049e-02	4.662037e-02	1.111253e-02	-6.673558e-02	
5.341733e-02	2.714529e-01	-2.854880e-03	7.467834e-01	-9.841315e-01	1.000000e+00	-9.834766e-01	5.701571e-01	-3.420069e-01	-1.945131e-01	2.330472e-01	-2.918198e-01	1.086384e-03	-2.184279e-03	1.263900e-01	-3.549029e-02	5.061404e-02	-6.537138e-02	-1.873960e-01	2.214509e-01	-2.880070e-02	4.508417e-02	-5.485116e-02	-3.220925e-02	8.867042e-02	
-7.325547e-02	-3.105874e-01	-1.175154e-02	-8.144835e-01	9.369383e-01	-9.834766e-01	1.000000e+00	-4.897769e-01	2.640105e-01	2.353533e-01	-2.821511e-01	3.519186e-01	-3.334601e-02	1.505262e-02	-1.569087e-01	7.799275e-02	-9.479218e-02	1.105956e-01	1.808924e-01	-2.274402e-01	2.140525e-02	-3.978148e-02	5.403816e-02	5.457287e-02	-1.088812e-01	
2.175188e-01	-4.254797e-02	-2.881334e-01	1.509286e-01	-6.443210e-01	5.701571e-01	-4.897769e-01	1.000000e+00	-9.537106e-01	1.571248e-01	-1.692399e-01	1.761724e-01	-7.275046e-02	-1.370719e-01	7.785947e-02	1.624777e-01	-1.619166e-01	1.532689e-01	-1.797897e-01	1.543598e-01	9.355521e-02	-1.008414e-01	1.153008e-01	-2.295382e-02	4.464691e-02	
-2.101284e-01	1.302315e-01	3.181271e-01	3.647310e-02	4.254308e-01	-3.420069e-01	2.640105e-01	-9.537106e-01	1.000000e+00	-2.471466e-01	2.683460e-01	-2.880485e-01	8.318278e-02	1.739413e-01	-4.322591e-02	-2.243450e-01	2.261482e-01	-2.192514e-01	1.893620e-01	-1.453514e-01	-9.620769e-02	1.111794e-01	-1.343031e-01	7.094926e-03	-2.026054e-02	
2.091171e-01	5.529412e-02	-1.551344e-02	-3.334010e-01	1.405797e-01	-1.945131e-01	2.353533e-01	1.571248e-01	-2.471466e-01	1.000000e+00	-9.924322e-01	9.587101e-01	-8.786817e-01	7.242645e-01	-1.550820e-01	2.223143e-01	-2.275800e-01	2.211269e-01	-8.829255e-02	3.227263e-02	8.054719e-02	-1.044089e-01	1.268463e-01	-6.514945e-02	4.977543e-02	
-2.135492e-01	-2.181738e-02	6.838316e-02	3.667232e-01	-1.700393e-01	2.330472e-01	-2.821511e-01	-1.692399e-01	2.683460e-01	-9.924322e-01	1.000000e+00	-9.858518e-01	8.751120e-01	-7.166350e-01	1.291351e-01	-2.112434e-01	2.188568e-01	-2.144268e-01	7.189605e-02	-1.589702e-02	-9.302570e-02	1.173498e-01	-1.403742e-01	6.044860e-02	-4.233941e-02	
2.022478e-01	-3.087718e-02	-1.455948e-01	-4.109788e-01	2.169152e-01	-2.918198e-01	3.519186e-01	1.761724e-01	-2.880485e-01	9.587101e-01	-9.858518e-01	1.000000e+00	-8.431902e-01	6.843960e-01	-8.845168e-02	1.971536e-01	-2.068361e-01	2.041918e-01	-4.981764e-02	-6.849000e-03	1.092681e-01	-1.347391e-01	1.595219e-01	-5.326203e-02	3.091413e-02	
-1.932233e-01	-1.409344e-01	-2.206084e-01	2.024330e-01	3.010967e-02	1.086384e-03	-3.334601e-02	-7.275046e-02	8.318278e-02	-8.786817e-01	8.751120e-01	-8.431902e-01	1.000000e+00	-9.448196e-01	1.960671e-01	-1.257940e-01	1.296003e-01	-1.279744e-01	7.714825e-02	-5.892556e-02	-2.625222e-03	6.805691e-03	-6.564834e-03	5.774539e-02	-7.410619e-02	
1.664967e-01	1.613195e-01	3.088223e-01	-1.266064e-01	-3.375398e-03	-2.184279e-03	1.505262e-02	-1.370719e-01	1.739413e-01	7.242645e-01	-7.166350e-01	6.843960e-01	-9.448196e-01	1.000000e+00	-1.927874e-01	4.108893e-02	-4.585122e-02	4.807265e-02	-2.659381e-02	3.454742e-02	-5.728507e-02	5.989916e-02	-6.879629e-02	-3.217625e-02	5.604531e-02	
2.058537e-01	-1.129164e-01	-5.592057e-01	4.296304e-01	-9.295848e-02	1.263900e-01	-1.569087e-01	7.785947e-02	-4.322591e-02	-1.550820e-01	1.291351e-01	-8.845168e-02	1.960671e-01	-1.927874e-01	1.000000e+00	-6.078698e-01	6.711257e-01	-7.346339e-01	6.324032e-02	1.124756e-01	5.612234e-02	-4.796621e-02	2.175381e-02	-2.110281e-01	2.328308e-01	
-5.375126e-02	-6.737273e-02	2.673269e-02	-1.813507e-01	-1.781087e-02	-3.549029e-02	7.799275e-02	1.624777e-01	-2.243450e-01	2.223143e-01	-2.112434e-01	1.971536e-01	-1.257940e-01	4.108893e-02	-6.078698e-01	1.000000e+00	-9.896191e-01	9.559918e-01	-6.636863e-01	4.317554e-01	7.118878e-02	-9.667862e-02	1.377445e-01	1.422055e-01	-1.452371e-01	
5.211031e-02	8.163384e-02	-2.551358e-02	1.999828e-01	4.144380e-03	5.061404e-02	-9.479218e-02	-1.619166e-01	2.261482e-01	-2.275800e-01	2.188568e-01	-2.068361e-01	1.296003e-01	-4.585122e-02	6.711257e-01	-9.896191e-01	1.000000e+00	-9.875342e-01	6.227655e-01	-3.847009e-01	-6.148282e-02	8.829066e-02	-1.336415e-01	-1.753966e-01	1.845002e-01	
-5.815198e-02	-9.349169e-02	4.218934e-02	-2.221476e-01	1.039822e-02	-6.537138e-02	1.105956e-01	1.532689e-01	-2.192514e-01	2.211269e-01	-2.144268e-01	2.041918e-01	-1.279744e-01	4.807265e-02	-7.346339e-01	9.559918e-01	-9.875342e-01	1.000000e+00	-5.673848e-01	3.341293e-01	4.669055e-02	-7.447814e-02	1.240866e-01	2.026827e-01	-2.147394e-01	
-6.300474e-03	-2.681090e-03	3.898585e-02	-1.406768e-01	1.944340e-01	-1.873960e-01	1.808924e-01	-1.797897e-01	1.893620e-01	-8.829255e-02	7.189605e-02	-4.981764e-02	7.714825e-02	-2.659381e-02	6.324032e-02	-6.636863e-01	6.227655e-01	-5.673848e-01	1.000000e+00	-9.459030e-01	5.163285e-02	-4.605692e-02	3.033411e-02	-3.894980e-02	-3.271404e-02	
3.490094e-02	5.334521e-02	-1.479253e-02	1.950033e-01	-2.128825e-01	2.214509e-01	-2.274402e-01	1.543598e-01	-1.453514e-01	3.227263e-02	-1.589702e-02	-6.849000e-03	-5.892556e-02	3.454742e-02	1.124756e-01	4.317554e-01	-3.847009e-01	3.341293e-01	-9.459030e-01	1.000000e+00	-1.080696e-01	1.081135e-01	-9.977965e-02	-2.838843e-03	1.012476e-01	
7.765248e-02	-8.075160e-03	-2.231912e-01	3.983628e-02	2.927769e-02	-2.880070e-02	2.140525e-02	9.355521e-02	-9.620769e-02	8.054719e-02	-9.302570e-02	1.092681e-01	-2.625222e-03	-5.728507e-02	5.612234e-02	7.118878e-02	-6.148282e-02	4.669055e-02	5.163285e-02	-1.080696e-01	1.000000e+00	-9.935543e-01	9.648978e-01	-8.529129e-01	7.507350e-01	
-6.635839e-02	9.417712e-03	2.539865e-01	-3.231919e-02	-4.227049e-02	4.508417e-02	-3.978148e-02	-1.008414e-01	1.111794e-01	-1.044089e-01	1.173498e-01	-1.347391e-01	6.805691e-03	5.989916e-02	-4.796621e-02	-9.667862e-02	8.829066e-02	-7.447814e-02	-4.605692e-02	1.081135e-01	-9.935543e-01	1.000000e+00	-9.877750e-01	8.644829e-01	-7.660438e-01	
2.373635e-02	-5.230687e-03	-2.870957e-01	2.627639e-02	4.662037e-02	-5.485116e-02	5.403816e-02	1.153008e-01	-1.343031e-01	1.268463e-01	-1.403742e-01	1.595219e-01	-6.564834e-03	-6.879629e-02	2.175381e-02	1.377445e-01	-1.336415e-01	1.240866e-01	3.033411e-02	-9.977965e-02	9.648978e-01	-9.877750e-01	1.000000e+00	-8.618954e-01	7.735003e-01	
1.179649e-02	-6.825428e-02	2.854326e-02	-7.092778e-02	1.111253e-02	-3.220925e-02	5.457287e-02	-2.295382e-02	7.094926e-03	-6.514945e-02	6.044860e-02	-5.326203e-02	5.774539e-02	-3.217625e-02	-2.110281e-01	1.422055e-01	-1.753966e-01	2.026827e-01	-3.894980e-02	-2.838843e-03	-8.529129e-01	8.644829e-01	-8.618954e-01	1.000000e+00	-9.757858e-01	
-2.155595e-02	6.609704e-02	1.708068e-02	9.824936e-02	-6.673558e-02	8.867042e-02	-1.088812e-01	4.464691e-02	-2.026054e-02	4.977543e-02	-4.233941e-02	3.091413e-02	-7.410619e-02	5.604531e-02	2.328308e-01	-1.452371e-01	1.845002e-01	-2.147394e-01	-3.271404e-02	1.012476e-01	7.507350e-01	-7.660438e-01	7.735003e-01	-9.757858e-01	1.000000e+00	

Time taken for mcmc chain: 7.833333 minutes
