Number of steps: 3077688
Number of accepted steps: 1000000
Burn-in number of steps: 320000
Accepted fraction of steps: 0.324919
Convergence Status
R[0]= 1.027723	R[1]= 1.114635	R[2]= 1.096354	R[3]= 1.026662	R[4]= 1.001710	R[5]= 1.002272	R[6]= 1.002670	R[7]= 1.001577	R[8]= 1.001023	R[9]= 1.000190	R[10]= 1.000295	R[11]= 1.000400	R[12]= 1.006478	R[13]= 1.004180	R[14]= 1.068104	R[15]= 1.004255	R[16]= 1.005643	R[17]= 1.006807	R[18]= 1.001615	R[19]= 1.000997	R[20]= 1.000466	R[21]= 1.000338	R[22]= 1.000203	R[23]= 1.006806	R[24]= 1.004358	
<R>= 1.015430

Mean parameters
A[0]= 1.074875e+00 pm 7.438254e-02
A[1]= 1.203097e+00 pm 9.747743e-02
A[2]= 5.269563e-01 pm 5.352601e-01
A[3]= 2.519274e+00 pm 9.310046e-01
A[4]= 6.811415e+03 pm 2.397191e+03
A[5]= -6.039249e+03 pm 1.267100e+03
A[6]= 2.080135e+03 pm 2.207115e+02
A[7]= -1.259683e+01 pm 1.367617e+01
A[8]= -2.563021e-01 pm 1.829985e-01
A[9]= 1.658579e+03 pm 7.608221e+03
A[10]= -2.407191e+03 pm 4.188328e+03
A[11]= 5.816420e+02 pm 7.412166e+02
A[12]= 2.086427e+01 pm 4.998661e+01
A[13]= -8.646904e-01 pm 9.216576e-01
A[14]= 3.877983e+00 pm 1.332402e+00
A[15]= 7.795222e+03 pm 3.500192e+03
A[16]= -6.053309e+03 pm 1.861015e+03
A[17]= 2.046533e+03 pm 3.262927e+02
A[18]= -3.685874e+01 pm 2.092001e+01
A[19]= 1.116612e-01 pm 2.648702e-01
A[20]= 1.412010e+04 pm 1.041285e+04
A[21]= -9.318947e+03 pm 5.753476e+03
A[22]= 1.710486e+03 pm 1.023817e+03
A[23]= -4.600314e+01 pm 7.020866e+01
A[24]= 2.277529e-01 pm 1.297233e+00

Best-fitting parameters
A[0]= 1.075900e+00
A[1]= 1.222941e+00
A[2]= 1.472692e-01
A[3]= 2.424215e+00
A[4]= 7.417507e+03
A[5]= -6.385120e+03
A[6]= 2.131616e+03
A[7]= -8.830156e+00
A[8]= -2.754410e-01
A[9]= -3.459668e+03
A[10]= 7.189729e+01
A[11]= 2.058391e+02
A[12]= 5.440106e+01
A[13]= -1.362132e+00
A[14]= 5.199116e+00
A[15]= 6.681108e+03
A[16]= -5.274522e+03
A[17]= 1.877668e+03
A[18]= -3.069758e+01
A[19]= -1.348531e-02
A[20]= 1.478919e+04
A[21]= -9.978939e+03
A[22]= 1.902886e+03
A[23]= -4.667980e+01
A[24]= 2.538378e-01
chi2_min= 9.978206e+01


Cross-Covariance parameters
1.000000e+00	-3.477548e-01	-9.026283e-03	1.500877e-01	-4.242923e-02	5.338736e-02	-6.003115e-02	-3.129603e-02	2.389721e-02	-6.483329e-03	1.493520e-02	-2.492950e-02	-5.660643e-02	5.300206e-02	-3.824620e-02	6.941655e-02	-7.198032e-02	6.340562e-02	4.071131e-02	-1.094136e-02	2.868119e-02	-1.995327e-02	4.742536e-03	-4.584916e-02	4.688218e-02	
-3.477548e-01	1.000000e+00	-3.664846e-01	5.916437e-02	-4.692810e-02	6.310397e-02	-8.503273e-02	-5.661332e-03	9.054639e-03	3.410518e-02	-4.401677e-02	5.038065e-02	1.041070e-01	-8.340239e-02	1.445417e-01	-9.659750e-02	1.236818e-01	-1.471687e-01	-7.709809e-02	4.946354e-02	9.772546e-03	-1.142395e-02	1.567799e-02	3.814666e-02	-3.003107e-02	
-9.026283e-03	-3.664846e-01	1.000000e+00	-5.422793e-01	4.726183e-02	-5.519659e-02	7.038498e-02	-3.144935e-02	1.982732e-02	-1.187766e-02	2.720261e-02	-3.383282e-02	-2.561842e-01	2.036315e-01	-6.234069e-01	3.961896e-02	-4.970695e-02	6.103861e-02	3.166508e-02	-3.086034e-02	7.450281e-03	-1.999611e-03	2.882639e-03	-2.342509e-01	1.827046e-01	
1.500877e-01	5.916437e-02	-5.422793e-01	1.000000e+00	-2.276567e-01	2.760562e-01	-2.973125e-01	-2.731164e-01	1.958545e-01	2.665639e-02	-3.378037e-02	4.008364e-02	6.136832e-02	-1.987888e-02	4.095619e-01	9.471345e-03	-6.264490e-03	4.363826e-04	-2.234007e-02	2.533520e-02	1.463657e-02	-1.956799e-02	2.040446e-02	1.318978e-01	-9.524380e-02	
-4.242923e-02	-4.692810e-02	4.726183e-02	-2.276567e-01	1.000000e+00	-9.879339e-01	9.372726e-01	-6.372450e-01	5.745677e-01	-8.280078e-02	8.038336e-02	-7.471081e-02	5.948278e-02	3.418394e-02	-4.312963e-02	4.382073e-03	-7.404143e-03	1.151386e-02	4.910406e-03	-3.033895e-03	-1.644279e-03	8.907228e-04	1.927653e-04	-1.378595e-02	1.157333e-02	
5.338736e-02	6.310397e-02	-5.519659e-02	2.760562e-01	-9.879339e-01	1.000000e+00	-9.774737e-01	6.527355e-01	-6.065923e-01	1.057814e-01	-1.030200e-01	9.571707e-02	-7.827534e-02	-2.489659e-02	4.367692e-02	-4.074509e-03	7.728499e-03	-1.289765e-02	-4.724093e-03	2.845022e-03	3.427601e-03	-2.689821e-03	1.603936e-03	1.259716e-02	-1.019957e-02	
-6.003115e-02	-8.503273e-02	7.038498e-02	-2.973125e-01	9.372726e-01	-9.774737e-01	1.000000e+00	-7.014487e-01	6.869724e-01	-1.222184e-01	1.184135e-01	-1.071936e-01	7.654933e-02	4.713128e-02	-4.574128e-02	6.222833e-03	-1.047142e-02	1.677215e-02	1.390643e-03	1.701541e-04	-4.474588e-03	3.616020e-03	-2.289883e-03	-1.470686e-02	1.196610e-02	
-3.129603e-02	-5.661332e-03	-3.144935e-02	-2.731164e-01	-6.372450e-01	6.527355e-01	-7.014487e-01	1.000000e+00	-9.601559e-01	1.064515e-01	-1.031145e-01	8.620105e-02	1.014609e-02	-1.678625e-01	1.188799e-02	-1.965038e-02	1.914226e-02	-2.018686e-02	3.427521e-02	-3.215828e-02	-2.413244e-02	2.573496e-02	-2.850216e-02	4.783629e-02	-4.930104e-02	
2.389721e-02	9.054639e-03	1.982732e-02	1.958545e-01	5.745677e-01	-6.065923e-01	6.869724e-01	-9.601559e-01	1.000000e+00	-1.184598e-01	1.154421e-01	-9.741861e-02	4.834595e-03	1.788248e-01	-6.235109e-03	2.081608e-02	-2.012574e-02	2.062076e-02	-3.436008e-02	3.180840e-02	2.089923e-02	-2.229506e-02	2.463814e-02	-4.185565e-02	4.349021e-02	
-6.483329e-03	3.410518e-02	-1.187766e-02	2.665639e-02	-8.280078e-02	1.057814e-01	-1.222184e-01	1.064515e-01	-1.184598e-01	1.000000e+00	-9.930337e-01	9.670058e-01	-8.677582e-01	7.838345e-01	-1.446126e-02	1.511031e-03	-1.127872e-03	-6.046882e-04	9.970966e-03	-8.258345e-03	-1.359394e-03	-1.717231e-03	4.936849e-03	-3.449582e-03	4.888071e-03	
1.493520e-02	-4.401677e-02	2.720261e-02	-3.378037e-02	8.038336e-02	-1.030200e-01	1.184135e-01	-1.031145e-01	1.154421e-01	-9.930337e-01	1.000000e+00	-9.896407e-01	8.968932e-01	-8.217861e-01	3.025445e-03	1.095497e-03	-1.999096e-03	4.346904e-03	-1.088230e-02	9.488757e-03	2.052980e-03	1.221124e-03	-4.591495e-03	-1.366440e-03	-8.643795e-04	
-2.492950e-02	5.038065e-02	-3.383282e-02	4.008364e-02	-7.471081e-02	9.571707e-02	-1.071936e-01	8.620105e-02	-9.741861e-02	9.670058e-01	-9.896407e-01	1.000000e+00	-9.260023e-01	8.679463e-01	3.934384e-03	-2.784001e-03	4.252530e-03	-7.251444e-03	1.106942e-02	-1.029448e-02	-2.213033e-03	-1.209109e-03	4.762557e-03	3.557098e-03	-1.097711e-03	
-5.660643e-02	1.041070e-01	-2.561842e-01	6.136832e-02	5.948278e-02	-7.827534e-02	7.654933e-02	1.014609e-02	4.834595e-03	-8.677582e-01	8.968932e-01	-9.260023e-01	1.000000e+00	-9.632839e-01	1.813108e-01	-1.844616e-02	1.998483e-02	-1.983762e-02	-1.490627e-02	1.226877e-02	-6.973781e-03	7.918843e-03	-1.062715e-02	7.999808e-02	-6.716059e-02	
5.300206e-02	-8.340239e-02	2.036315e-01	-1.987888e-02	3.418394e-02	-2.489659e-02	4.713128e-02	-1.678625e-01	1.788248e-01	7.838345e-01	-8.217861e-01	8.679463e-01	-9.632839e-01	1.000000e+00	-1.430491e-01	1.706221e-02	-1.773577e-02	1.680843e-02	9.324407e-03	-7.946839e-03	1.172176e-02	-1.313465e-02	1.601178e-02	-7.362897e-02	6.332989e-02	
-3.824620e-02	1.445417e-01	-6.234069e-01	4.095619e-01	-4.312963e-02	4.367692e-02	-4.574128e-02	1.188799e-02	-6.235109e-03	-1.446126e-02	3.025445e-03	3.934384e-03	1.813108e-01	-1.430491e-01	1.000000e+00	-1.692238e-01	2.045602e-01	-2.134496e-01	-2.955401e-01	2.290268e-01	-1.505642e-02	1.524641e-02	-1.480211e-02	1.348748e-01	-9.175866e-02	
6.941655e-02	-9.659750e-02	3.961896e-02	9.471345e-03	4.382073e-03	-4.074509e-03	6.222833e-03	-1.965038e-02	2.081608e-02	1.511031e-03	1.095497e-03	-2.784001e-03	-1.844616e-02	1.706221e-02	-1.692238e-01	1.000000e+00	-9.889365e-01	9.421151e-01	-6.593967e-01	6.225925e-01	5.286676e-02	-5.758966e-02	6.158276e-02	-6.017372e-02	1.073844e-01	
-7.198032e-02	1.236818e-01	-4.970695e-02	-6.264490e-03	-7.404143e-03	7.728499e-03	-1.047142e-02	1.914226e-02	-2.012574e-02	-1.127872e-03	-1.999096e-03	4.252530e-03	1.998483e-02	-1.773577e-02	2.045602e-01	-9.889365e-01	1.000000e+00	-9.792311e-01	6.794282e-01	-6.572658e-01	-4.649681e-02	5.263536e-02	-5.838963e-02	5.740249e-02	-1.099142e-01	
6.340562e-02	-1.471687e-01	6.103861e-02	4.363826e-04	1.151386e-02	-1.289765e-02	1.677215e-02	-2.018686e-02	2.062076e-02	-6.046882e-04	4.346904e-03	-7.251444e-03	-1.983762e-02	1.680843e-02	-2.134496e-01	9.421151e-01	-9.792311e-01	1.000000e+00	-7.292532e-01	7.325700e-01	3.830477e-02	-4.645970e-02	5.608192e-02	-6.374085e-02	1.272278e-01	
4.071131e-02	-7.709809e-02	3.166508e-02	-2.234007e-02	4.910406e-03	-4.724093e-03	1.390643e-03	3.427521e-02	-3.436008e-02	9.970966e-03	-1.088230e-02	1.106942e-02	-1.490627e-02	9.324407e-03	-2.955401e-01	-6.593967e-01	6.794282e-01	-7.292532e-01	1.000000e+00	-9.704576e-01	-3.063095e-02	3.548970e-02	-5.008401e-02	1.184655e-01	-1.959557e-01	
-1.094136e-02	4.946354e-02	-3.086034e-02	2.533520e-02	-3.033895e-03	2.845022e-03	1.701541e-04	-3.215828e-02	3.180840e-02	-8.258345e-03	9.488757e-03	-1.029448e-02	1.226877e-02	-7.946839e-03	2.290268e-01	6.225925e-01	-6.572658e-01	7.325700e-01	-9.704576e-01	1.000000e+00	2.678075e-02	-3.305281e-02	5.029340e-02	-1.177298e-01	2.105499e-01	
2.868119e-02	9.772546e-03	7.450281e-03	1.463657e-02	-1.644279e-03	3.427601e-03	-4.474588e-03	-2.413244e-02	2.089923e-02	-1.359394e-03	2.052980e-03	-2.213033e-03	-6.973781e-03	1.172176e-02	-1.505642e-02	5.286676e-02	-4.649681e-02	3.830477e-02	-3.063095e-02	2.678075e-02	1.000000e+00	-9.930888e-01	9.667407e-01	-8.742098e-01	8.187030e-01	
-1.995327e-02	-1.142395e-02	-1.999611e-03	-1.956799e-02	8.907228e-04	-2.689821e-03	3.616020e-03	2.573496e-02	-2.229506e-02	-1.717231e-03	1.221124e-03	-1.209109e-03	7.918843e-03	-1.313465e-02	1.524641e-02	-5.758966e-02	5.263536e-02	-4.645970e-02	3.548970e-02	-3.305281e-02	-9.930888e-01	1.000000e+00	-9.894355e-01	9.050342e-01	-8.568608e-01	
4.742536e-03	1.567799e-02	2.882639e-03	2.040446e-02	1.927653e-04	1.603936e-03	-2.289883e-03	-2.850216e-02	2.463814e-02	4.936849e-03	-4.591495e-03	4.762557e-03	-1.062715e-02	1.601178e-02	-1.480211e-02	6.158276e-02	-5.838963e-02	5.608192e-02	-5.008401e-02	5.029340e-02	9.667407e-01	-9.894355e-01	1.000000e+00	-9.354791e-01	9.013755e-01	
-4.584916e-02	3.814666e-02	-2.342509e-01	1.318978e-01	-1.378595e-02	1.259716e-02	-1.470686e-02	4.783629e-02	-4.185565e-02	-3.449582e-03	-1.366440e-03	3.557098e-03	7.999808e-02	-7.362897e-02	1.348748e-01	-6.017372e-02	5.740249e-02	-6.374085e-02	1.184655e-01	-1.177298e-01	-8.742098e-01	9.050342e-01	-9.354791e-01	1.000000e+00	-9.779992e-01	
4.688218e-02	-3.003107e-02	1.827046e-01	-9.524380e-02	1.157333e-02	-1.019957e-02	1.196610e-02	-4.930104e-02	4.349021e-02	4.888071e-03	-8.643795e-04	-1.097711e-03	-6.716059e-02	6.332989e-02	-9.175866e-02	1.073844e-01	-1.099142e-01	1.272278e-01	-1.959557e-01	2.105499e-01	8.187030e-01	-8.568608e-01	9.013755e-01	-9.779992e-01	1.000000e+00	

Time taken for mcmc chain: 26.300000 minutes
