Number of steps: 8629613
Number of accepted steps: 1000000
Burn-in number of steps: 320000
Accepted fraction of steps: 0.115880
Convergence Status
R[0]= 1.020796	R[1]= 1.017970	R[2]= 1.391984	R[3]= 1.170412	R[4]= 1.071571	R[5]= 1.080813	R[6]= 1.086868	R[7]= 1.022589	R[8]= 1.031540	R[9]= 1.007287	R[10]= 1.011081	R[11]= 1.016779	R[12]= 1.014007	R[13]= 1.009727	R[14]= 1.152347	R[15]= 1.035406	R[16]= 1.042457	R[17]= 1.048337	R[18]= 1.019244	R[19]= 1.021801	R[20]= 1.013409	R[21]= 1.024288	R[22]= 1.040300	R[23]= 1.038235	R[24]= 1.031554	
<R>= 1.056832

Mean parameters
A[0]= 1.174640e+00 pm 1.083153e-01
A[1]= 1.215945e+00 pm 1.526841e-01
A[2]= 1.382356e+00 pm 1.884955e+00
A[3]= 3.272323e+00 pm 1.952638e+00
A[4]= 3.582314e+02 pm 4.541022e+03
A[5]= -1.847330e+03 pm 2.827587e+03
A[6]= 1.188478e+03 pm 5.749198e+02
A[7]= -1.010443e+01 pm 1.412609e+01
A[8]= -2.055773e-01 pm 2.046197e-01
A[9]= -2.469698e+03 pm 7.994702e+03
A[10]= 2.956564e+02 pm 4.504205e+03
A[11]= 1.085509e+01 pm 8.255074e+02
A[12]= 1.116829e+01 pm 5.134397e+01
A[13]= -6.029268e-01 pm 9.600564e-01
A[14]= 4.436779e+00 pm 2.733983e+00
A[15]= -1.494917e+02 pm 5.433032e+03
A[16]= -8.214382e+02 pm 3.378144e+03
A[17]= 9.179614e+02 pm 6.907067e+02
A[18]= -3.491739e+01 pm 2.276788e+01
A[19]= 2.201743e-01 pm 3.123200e-01
A[20]= 7.897170e+03 pm 1.091213e+04
A[21]= -5.288325e+03 pm 6.206297e+03
A[22]= 8.587639e+02 pm 1.152243e+03
A[23]= -5.823598e+01 pm 7.112833e+01
A[24]= 5.501496e-01 pm 1.328790e+00

Best-fitting parameters
A[0]= 1.214961e+00
A[1]= 1.289041e+00
A[2]= 7.145161e-01
A[3]= 3.867071e+00
A[4]= -1.472658e+03
A[5]= -3.687283e+02
A[6]= 8.368912e+02
A[7]= -1.576193e+01
A[8]= -1.299877e-01
A[9]= -6.941688e+03
A[10]= 3.064864e+03
A[11]= -5.630556e+02
A[12]= 2.584133e+01
A[13]= -9.407320e-01
A[14]= 4.272808e+00
A[15]= -1.582845e+01
A[16]= -7.863953e+02
A[17]= 8.782677e+02
A[18]= -3.809171e+01
A[19]= 2.820813e-01
A[20]= 1.667559e+04
A[21]= -1.013934e+04
A[22]= 1.685179e+03
A[23]= -1.171691e+02
A[24]= 1.594683e+00
chi2_min= 9.227180e+01


Cross-Covariance parameters
1.000000e+00	6.321686e-01	-2.793287e-02	1.943660e-01	-2.611809e-01	2.920105e-01	-3.223784e-01	-1.449751e-01	2.358685e-01	-3.077986e-02	5.154116e-02	-8.108943e-02	-6.578716e-02	1.336246e-01	2.161544e-01	-2.953463e-01	3.313528e-01	-3.636173e-01	-1.873111e-01	2.496411e-01	-5.986843e-02	8.250391e-02	-1.127148e-01	-5.919470e-02	1.074557e-01	
6.321686e-01	1.000000e+00	-9.809447e-02	3.441295e-01	-4.699220e-01	5.109628e-01	-5.473228e-01	-2.279121e-01	3.343104e-01	-1.923996e-02	3.617808e-02	-5.433245e-02	-8.704877e-02	1.508189e-01	3.709025e-01	-4.629875e-01	5.156298e-01	-5.588180e-01	-3.162594e-01	3.874583e-01	-5.446249e-02	6.580094e-02	-7.560386e-02	-4.337868e-02	9.072237e-02	
-2.793287e-02	-9.809447e-02	1.000000e+00	-7.532468e-01	4.820227e-01	-5.067471e-01	5.194579e-01	2.645657e-01	-2.917746e-01	-1.454808e-01	1.675633e-01	-1.936678e-01	-1.197643e-01	7.844241e-02	-7.192730e-01	3.057149e-01	-3.392937e-01	3.639866e-01	2.425093e-01	-2.487741e-01	-2.049729e-01	2.680432e-01	-3.367695e-01	-2.743951e-01	2.380968e-01	
1.943660e-01	3.441295e-01	-7.532468e-01	1.000000e+00	-7.377975e-01	7.764093e-01	-7.979272e-01	-4.047023e-01	4.520249e-01	1.130603e-01	-1.295146e-01	1.524394e-01	6.759083e-02	5.964743e-04	7.800839e-01	-4.415149e-01	4.827104e-01	-5.114225e-01	-3.145206e-01	3.463561e-01	1.687684e-01	-2.187827e-01	2.761103e-01	2.235219e-01	-1.777607e-01	
-2.611809e-01	-4.699220e-01	4.820227e-01	-7.377975e-01	1.000000e+00	-9.924840e-01	9.721243e-01	-1.346967e-02	-1.176128e-01	-2.376374e-02	5.304920e-03	1.284556e-02	1.048456e-01	-1.134066e-01	-5.010535e-01	3.889798e-01	-4.301775e-01	4.609783e-01	2.666542e-01	-3.007724e-01	-3.313243e-02	5.448642e-02	-8.162394e-02	-8.885145e-02	4.960431e-02	
2.920105e-01	5.109628e-01	-5.067471e-01	7.764093e-01	-9.924840e-01	1.000000e+00	-9.931155e-01	-4.915534e-02	1.718736e-01	2.883694e-02	-9.777349e-03	-9.351512e-03	-1.128995e-01	1.286235e-01	5.341665e-01	-4.202035e-01	4.640808e-01	-4.967651e-01	-2.873144e-01	3.249246e-01	3.561423e-02	-5.723704e-02	8.465961e-02	8.969951e-02	-4.802869e-02	
-3.223784e-01	-5.473228e-01	5.194579e-01	-7.979272e-01	9.721243e-01	-9.931155e-01	1.000000e+00	9.010310e-02	-2.011778e-01	-3.040603e-02	1.098063e-02	9.230845e-03	1.113529e-01	-1.293874e-01	-5.575786e-01	4.448811e-01	-4.908125e-01	5.250128e-01	3.023165e-01	-3.431534e-01	-3.704717e-02	5.831355e-02	-8.520429e-02	-8.910993e-02	4.575126e-02	
-1.449751e-01	-2.279121e-01	2.645657e-01	-4.047023e-01	-1.346967e-02	-4.915534e-02	9.010310e-02	1.000000e+00	-9.615695e-01	1.101495e-01	-1.058013e-01	8.833149e-02	-1.858456e-02	-1.566212e-01	-2.967808e-01	2.172170e-01	-2.377605e-01	2.508654e-01	1.782196e-01	-1.953101e-01	-5.103981e-02	6.120177e-02	-7.370982e-02	-2.040112e-02	-3.791797e-04	
2.358685e-01	3.343104e-01	-2.917746e-01	4.520249e-01	-1.176128e-01	1.718736e-01	-2.011778e-01	-9.615695e-01	1.000000e+00	-1.086169e-01	1.072455e-01	-9.217830e-02	1.157672e-02	1.855838e-01	3.489993e-01	-2.704996e-01	2.976100e-01	-3.163812e-01	-2.117713e-01	2.373283e-01	4.228802e-02	-5.300327e-02	6.647721e-02	2.595189e-02	2.370887e-03	
-3.077986e-02	-1.923996e-02	-1.454808e-01	1.130603e-01	-2.376374e-02	2.883694e-02	-3.040603e-02	1.101495e-01	-1.086169e-01	1.000000e+00	-9.913232e-01	9.596547e-01	-7.406572e-01	6.545995e-01	1.643322e-01	-4.517624e-02	4.889848e-02	-5.126763e-02	-3.813858e-02	3.471702e-02	4.225455e-02	-6.043011e-02	8.171849e-02	8.927807e-02	-8.384025e-02	
5.154116e-02	3.617808e-02	1.675633e-01	-1.295146e-01	5.304920e-03	-9.777349e-03	1.098063e-02	-1.058013e-01	1.072455e-01	-9.913232e-01	1.000000e+00	-9.877351e-01	7.303494e-01	-6.521718e-01	-1.922909e-01	4.752088e-02	-5.081480e-02	5.263675e-02	4.082205e-02	-3.682698e-02	-5.898302e-02	8.055201e-02	-1.057142e-01	-1.045925e-01	9.917246e-02	
-8.108943e-02	-5.433245e-02	-1.936678e-01	1.524394e-01	1.284556e-02	-9.351512e-03	9.230845e-03	8.833149e-02	-9.217830e-02	9.596547e-01	-9.877351e-01	1.000000e+00	-7.046290e-01	6.419983e-01	2.264511e-01	-5.212193e-02	5.511581e-02	-5.631791e-02	-4.619152e-02	4.151061e-02	7.856678e-02	-1.042145e-01	1.341664e-01	1.214801e-01	-1.161240e-01	
-6.578716e-02	-8.704877e-02	-1.197643e-01	6.759083e-02	1.048456e-01	-1.128995e-01	1.113529e-01	-1.858456e-02	1.157672e-02	-7.406572e-01	7.303494e-01	-7.046290e-01	1.000000e+00	-9.632681e-01	1.139802e-01	9.303917e-03	-1.285188e-02	1.529642e-02	1.759685e-02	-1.667657e-02	9.331357e-02	-1.090518e-01	1.239959e-01	8.121541e-02	-8.233383e-02	
1.336246e-01	1.508189e-01	7.844241e-02	5.964743e-04	-1.134066e-01	1.286235e-01	-1.293874e-01	-1.566212e-01	1.855838e-01	6.545995e-01	-6.521718e-01	6.419983e-01	-9.632681e-01	1.000000e+00	-5.476143e-02	-5.406821e-02	6.229895e-02	-6.808189e-02	-5.348592e-02	5.848531e-02	-8.705116e-02	1.015295e-01	-1.150324e-01	-7.685879e-02	8.463627e-02	
2.161544e-01	3.709025e-01	-7.192730e-01	7.800839e-01	-5.010535e-01	5.341665e-01	-5.575786e-01	-2.967808e-01	3.489993e-01	1.643322e-01	-1.922909e-01	2.264511e-01	1.139802e-01	-5.476143e-02	1.000000e+00	-6.708547e-01	7.268064e-01	-7.605601e-01	-4.808724e-01	5.099435e-01	1.097838e-01	-1.517414e-01	2.031196e-01	1.833728e-01	-1.257042e-01	
-2.953463e-01	-4.629875e-01	3.057149e-01	-4.415149e-01	3.889798e-01	-4.202035e-01	4.448811e-01	2.172170e-01	-2.704996e-01	-4.517624e-02	4.752088e-02	-5.212193e-02	9.303917e-03	-5.406821e-02	-6.708547e-01	1.000000e+00	-9.894823e-01	9.612731e-01	7.190789e-03	-1.060693e-01	6.672129e-02	-6.791777e-02	6.378125e-02	-3.377262e-02	1.820907e-02	
3.313528e-01	5.156298e-01	-3.392937e-01	4.827104e-01	-4.301775e-01	4.640808e-01	-4.908125e-01	-2.377605e-01	2.976100e-01	4.889848e-02	-5.081480e-02	5.511581e-02	-1.285188e-02	6.229895e-02	7.268064e-01	-9.894823e-01	1.000000e+00	-9.904920e-01	-8.522876e-02	1.754903e-01	-6.101886e-02	6.219010e-02	-5.796110e-02	2.851736e-02	-7.007563e-03	
-3.636173e-01	-5.588180e-01	3.639866e-01	-5.114225e-01	4.609783e-01	-4.967651e-01	5.250128e-01	2.508654e-01	-3.163812e-01	-5.126763e-02	5.263675e-02	-5.631791e-02	1.529642e-02	-6.808189e-02	-7.605601e-01	9.612731e-01	-9.904920e-01	1.000000e+00	1.372128e-01	-2.154870e-01	5.467983e-02	-5.600805e-02	5.249926e-02	-2.902460e-02	5.201279e-03	
-1.873111e-01	-3.162594e-01	2.425093e-01	-3.145206e-01	2.666542e-01	-2.873144e-01	3.023165e-01	1.782196e-01	-2.117713e-01	-3.813858e-02	4.082205e-02	-4.619152e-02	1.759685e-02	-5.348592e-02	-4.808724e-01	7.190789e-03	-8.522876e-02	1.372128e-01	1.000000e+00	-9.773540e-01	8.756140e-04	9.585588e-03	-2.998427e-02	7.683709e-02	-1.765868e-01	
2.496411e-01	3.874583e-01	-2.487741e-01	3.463561e-01	-3.007724e-01	3.249246e-01	-3.431534e-01	-1.953101e-01	2.373283e-01	3.471702e-02	-3.682698e-02	4.151061e-02	-1.667657e-02	5.848531e-02	5.099435e-01	-1.060693e-01	1.754903e-01	-2.154870e-01	-9.773540e-01	1.000000e+00	-4.732671e-03	-5.003392e-03	2.561816e-02	-7.743683e-02	1.892272e-01	
-5.986843e-02	-5.446249e-02	-2.049729e-01	1.687684e-01	-3.313243e-02	3.561423e-02	-3.704717e-02	-5.103981e-02	4.228802e-02	4.225455e-02	-5.898302e-02	7.856678e-02	9.331357e-02	-8.705116e-02	1.097838e-01	6.672129e-02	-6.101886e-02	5.467983e-02	8.756140e-04	-4.732671e-03	1.000000e+00	-9.901900e-01	9.544036e-01	-6.855949e-01	6.254699e-01	
8.250391e-02	6.580094e-02	2.680432e-01	-2.187827e-01	5.448642e-02	-5.723704e-02	5.831355e-02	6.120177e-02	-5.300327e-02	-6.043011e-02	8.055201e-02	-1.042145e-01	-1.090518e-01	1.015295e-01	-1.517414e-01	-6.791777e-02	6.219010e-02	-5.600805e-02	9.585588e-03	-5.003392e-03	-9.901900e-01	1.000000e+00	-9.861968e-01	6.631567e-01	-6.117849e-01	
-1.127148e-01	-7.560386e-02	-3.367695e-01	2.761103e-01	-8.162394e-02	8.465961e-02	-8.520429e-02	-7.370982e-02	6.647721e-02	8.171849e-02	-1.057142e-01	1.341664e-01	1.239959e-01	-1.150324e-01	2.031196e-01	6.378125e-02	-5.796110e-02	5.249926e-02	-2.998427e-02	2.561816e-02	9.544036e-01	-9.861968e-01	1.000000e+00	-6.239157e-01	5.880729e-01	
-5.919470e-02	-4.337868e-02	-2.743951e-01	2.235219e-01	-8.885145e-02	8.969951e-02	-8.910993e-02	-2.040112e-02	2.595189e-02	8.927807e-02	-1.045925e-01	1.214801e-01	8.121541e-02	-7.685879e-02	1.833728e-01	-3.377262e-02	2.851736e-02	-2.902460e-02	7.683709e-02	-7.743683e-02	-6.855949e-01	6.631567e-01	-6.239157e-01	1.000000e+00	-9.775504e-01	
1.074557e-01	9.072237e-02	2.380968e-01	-1.777607e-01	4.960431e-02	-4.802869e-02	4.575126e-02	-3.791797e-04	2.370887e-03	-8.384025e-02	9.917246e-02	-1.161240e-01	-8.233383e-02	8.463627e-02	-1.257042e-01	1.820907e-02	-7.007563e-03	5.201279e-03	-1.765868e-01	1.892272e-01	6.254699e-01	-6.117849e-01	5.880729e-01	-9.775504e-01	1.000000e+00	

Time taken for mcmc chain: 1.386944 hours
