Number of steps: 6162223
Number of accepted steps: 1000000
Burn-in number of steps: 320000
Accepted fraction of steps: 0.162279
Convergence Status
R[0]= 1.006830	R[1]= 1.008971	R[2]= 1.078618	R[3]= 1.121281	R[4]= 1.065132	R[5]= 1.074700	R[6]= 1.080713	R[7]= 1.004026	R[8]= 1.007699	R[9]= 1.003266	R[10]= 1.004790	R[11]= 1.007319	R[12]= 1.000785	R[13]= 1.001110	R[14]= 1.029726	R[15]= 1.003748	R[16]= 1.004764	R[17]= 1.005715	R[18]= 1.001361	R[19]= 1.001235	R[20]= 1.001152	R[21]= 1.002164	R[22]= 1.004242	R[23]= 1.007908	R[24]= 1.007123	
<R>= 1.021375

Mean parameters
A[0]= 1.179427e+00 pm 4.672514e-02
A[1]= 1.314488e+00 pm 3.703921e-02
A[2]= 4.321594e-01 pm 2.993525e-01
A[3]= 4.409307e+00 pm 1.382309e+00
A[4]= -1.741675e+03 pm 3.507659e+03
A[5]= -4.422878e+02 pm 2.099730e+03
A[6]= 8.824231e+02 pm 4.152542e+02
A[7]= -1.169104e+01 pm 1.328987e+01
A[8]= -1.670998e-01 pm 1.862114e-01
A[9]= -4.351225e+02 pm 7.862512e+03
A[10]= -1.028443e+03 pm 4.408621e+03
A[11]= 2.964564e+02 pm 8.042901e+02
A[12]= 1.173946e+01 pm 4.983177e+01
A[13]= -6.189491e-01 pm 9.284771e-01
A[14]= 5.625707e+00 pm 1.641062e+00
A[15]= -1.780003e+03 pm 4.521077e+03
A[16]= 3.133266e+02 pm 2.667139e+03
A[17]= 6.595129e+02 pm 5.216099e+02
A[18]= -3.650970e+01 pm 2.066297e+01
A[19]= 2.549467e-01 pm 2.728278e-01
A[20]= 1.041509e+04 pm 1.067981e+04
A[21]= -7.017847e+03 pm 5.995105e+03
A[22]= 1.249751e+03 pm 1.093103e+03
A[23]= -5.081767e+01 pm 6.838490e+01
A[24]= 4.071898e-01 pm 1.277646e+00

Best-fitting parameters
A[0]= 1.202719e+00
A[1]= 1.306721e+00
A[2]= 4.413490e-01
A[3]= 4.294645e+00
A[4]= -2.249957e+03
A[5]= -6.685008e+01
A[6]= 7.933979e+02
A[7]= -7.136599e+00
A[8]= -2.160683e-01
A[9]= -2.359604e+03
A[10]= 1.274496e+02
A[11]= 4.037036e+01
A[12]= 2.421705e+01
A[13]= -9.440564e-01
A[14]= 5.985856e+00
A[15]= -5.393268e+03
A[16]= 2.172320e+03
A[17]= 3.732513e+02
A[18]= -3.730370e+01
A[19]= 3.447512e-01
A[20]= 1.046747e+04
A[21]= -6.779138e+03
A[22]= 1.147842e+03
A[23]= -5.871275e+01
A[24]= 7.035566e-01
chi2_min= 9.033719e+01


Cross-Covariance parameters
1.000000e+00	-4.581868e-01	-5.027801e-02	-4.011009e-02	1.316016e-02	-1.692625e-02	1.338469e-02	1.075862e-01	-8.422093e-02	-8.733430e-02	1.082307e-01	-1.464676e-01	8.286804e-02	-6.114225e-02	3.162322e-02	-1.588666e-02	2.215866e-02	-3.417625e-02	6.009624e-02	-4.478824e-02	-7.368625e-02	9.164824e-02	-1.267759e-01	7.463282e-02	-5.645891e-02	
-4.581868e-01	1.000000e+00	4.206498e-02	-2.745661e-02	-9.469464e-02	1.081603e-01	-1.290170e-01	1.070513e-01	-8.724295e-02	7.983657e-02	-9.948130e-02	1.286938e-01	-6.960025e-02	2.089373e-02	-1.937904e-01	9.181975e-03	-8.705940e-03	-2.863725e-03	1.685665e-01	-1.573393e-01	5.263853e-02	-6.665984e-02	9.137665e-02	-1.818687e-02	-1.522900e-02	
-5.027801e-02	4.206498e-02	1.000000e+00	-6.240694e-01	1.056733e-01	-1.142884e-01	1.235536e-01	5.086800e-02	-6.842804e-02	-1.951897e-01	2.501307e-01	-3.133198e-01	-2.164475e-01	1.963477e-01	-5.220886e-01	-4.497553e-02	4.770184e-02	-4.545459e-02	-2.266655e-02	1.484578e-02	-1.965740e-01	2.459438e-01	-3.025357e-01	-2.534200e-01	2.425239e-01	
-4.011009e-02	-2.745661e-02	-6.240694e-01	1.000000e+00	-6.259797e-01	6.795400e-01	-7.138640e-01	-2.577464e-01	2.919578e-01	1.097638e-01	-1.378724e-01	1.771385e-01	3.759389e-02	-2.244433e-03	3.347578e-01	2.905792e-02	-3.120705e-02	3.108797e-02	7.508074e-03	-3.214579e-03	1.242371e-01	-1.564444e-01	1.943797e-01	1.607254e-01	-1.510766e-01	
1.316016e-02	-9.469464e-02	1.056733e-01	-6.259797e-01	1.000000e+00	-9.898035e-01	9.599584e-01	-3.032387e-01	1.961745e-01	-4.582886e-02	3.918578e-02	-3.478845e-02	1.152228e-01	-6.585302e-02	-4.889429e-02	1.739858e-02	-2.054234e-02	2.460063e-02	-1.885416e-02	1.480010e-02	-1.624508e-02	2.112403e-02	-2.776358e-02	-2.432889e-02	2.375644e-02	
-1.692625e-02	1.081603e-01	-1.142884e-01	6.795400e-01	-9.898035e-01	1.000000e+00	-9.893425e-01	2.510081e-01	-1.549504e-01	5.210481e-02	-4.507080e-02	4.021723e-02	-1.283726e-01	8.174989e-02	5.160276e-02	-1.820758e-02	2.172036e-02	-2.634275e-02	2.137869e-02	-1.693846e-02	1.666300e-02	-2.212542e-02	2.952920e-02	2.733779e-02	-2.670949e-02	
1.338469e-02	-1.290170e-01	1.235536e-01	-7.138640e-01	9.599584e-01	-9.893425e-01	1.000000e+00	-2.189440e-01	1.413611e-01	-5.334710e-02	4.603905e-02	-4.032698e-02	1.281258e-01	-7.838386e-02	-5.219005e-02	1.868378e-02	-2.253306e-02	2.792268e-02	-2.735169e-02	2.212055e-02	-1.742081e-02	2.343466e-02	-3.144746e-02	-3.148163e-02	3.114241e-02	
1.075862e-01	1.070513e-01	5.086800e-02	-2.577464e-01	-3.032387e-01	2.510081e-01	-2.189440e-01	1.000000e+00	-9.657139e-01	1.098602e-01	-1.030430e-01	8.135699e-02	-9.401219e-03	-1.621687e-01	-5.368940e-02	-5.658229e-03	7.071807e-03	-1.132118e-02	4.179334e-02	-3.641515e-02	-1.351670e-02	1.738773e-02	-2.297560e-02	-4.564426e-05	-3.849299e-03	
-8.422093e-02	-8.724295e-02	-6.842804e-02	2.919578e-01	1.961745e-01	-1.549504e-01	1.413611e-01	-9.657139e-01	1.000000e+00	-1.115922e-01	1.050344e-01	-8.228203e-02	8.243270e-03	1.828006e-01	5.914229e-02	5.957719e-03	-6.747119e-03	9.670934e-03	-3.609702e-02	3.149831e-02	1.427166e-02	-1.900087e-02	2.558215e-02	6.183709e-03	-2.229742e-03	
-8.733430e-02	7.983657e-02	-1.951897e-01	1.097638e-01	-4.582886e-02	5.210481e-02	-5.334710e-02	1.098602e-01	-1.115922e-01	1.000000e+00	-9.913564e-01	9.586320e-01	-8.045250e-01	7.118663e-01	1.041590e-01	1.253339e-02	-1.252694e-02	1.127714e-02	1.399136e-03	1.230488e-04	7.103102e-02	-8.125740e-02	9.462217e-02	3.238288e-02	-3.355853e-02	
1.082307e-01	-9.948130e-02	2.501307e-01	-1.378724e-01	3.918578e-02	-4.507080e-02	4.603905e-02	-1.030430e-01	1.050344e-01	-9.913564e-01	1.000000e+00	-9.870835e-01	8.076640e-01	-7.237878e-01	-1.296665e-01	-1.720270e-02	1.782697e-02	-1.680807e-02	-4.435693e-03	2.380944e-03	-8.401960e-02	9.784874e-02	-1.156858e-01	-4.642971e-02	4.743087e-02	
-1.464676e-01	1.286938e-01	-3.133198e-01	1.771385e-01	-3.478845e-02	4.021723e-02	-4.032698e-02	8.135699e-02	-8.228203e-02	9.586320e-01	-9.870835e-01	1.000000e+00	-7.962567e-01	7.295856e-01	1.586589e-01	2.283915e-02	-2.427685e-02	2.368465e-02	7.586105e-03	-5.193135e-03	1.002455e-01	-1.185914e-01	1.421929e-01	6.147502e-02	-6.260909e-02	
8.286804e-02	-6.960025e-02	-2.164475e-01	3.759389e-02	1.152228e-01	-1.283726e-01	1.281258e-01	-9.401219e-03	8.243270e-03	-8.045250e-01	8.076640e-01	-7.962567e-01	1.000000e+00	-9.628471e-01	9.857908e-02	2.684023e-02	-3.071245e-02	3.263720e-02	1.827898e-02	-1.744436e-02	1.909748e-02	-3.062532e-02	4.241872e-02	8.032900e-02	-7.679858e-02	
-6.114225e-02	2.089373e-02	1.963477e-01	-2.244433e-03	-6.585302e-02	8.174989e-02	-7.838386e-02	-1.621687e-01	1.828006e-01	7.118663e-01	-7.237878e-01	7.295856e-01	-9.628471e-01	1.000000e+00	-7.828855e-02	-2.716869e-02	3.106892e-02	-3.259112e-02	-2.683503e-02	2.535808e-02	-1.970163e-02	3.072655e-02	-4.232977e-02	-7.409071e-02	7.261894e-02	
3.162322e-02	-1.937904e-01	-5.220886e-01	3.347578e-01	-4.889429e-02	5.160276e-02	-5.219005e-02	-5.368940e-02	5.914229e-02	1.041590e-01	-1.296665e-01	1.586589e-01	9.857908e-02	-7.828855e-02	1.000000e+00	-5.185733e-01	5.832625e-01	-6.271988e-01	-3.193033e-01	3.385879e-01	3.610450e-02	-5.052051e-02	7.324775e-02	5.938711e-02	-3.422444e-02	
-1.588666e-02	9.181975e-03	-4.497553e-02	2.905792e-02	1.739858e-02	-1.820758e-02	1.868378e-02	-5.658229e-03	5.957719e-03	1.253339e-02	-1.720270e-02	2.283915e-02	2.684023e-02	-2.716869e-02	-5.185733e-01	1.000000e+00	-9.878505e-01	9.511759e-01	-3.280867e-01	2.413522e-01	1.006909e-01	-1.149128e-01	1.260292e-01	3.575063e-02	-1.077508e-02	
2.215866e-02	-8.705940e-03	4.770184e-02	-3.120705e-02	-2.054234e-02	2.172036e-02	-2.253306e-02	7.071807e-03	-6.747119e-03	-1.252694e-02	1.782697e-02	-2.427685e-02	-3.071245e-02	3.106892e-02	5.832625e-01	-9.878505e-01	1.000000e+00	-9.867112e-01	2.711239e-01	-1.950998e-01	-1.012997e-01	1.177128e-01	-1.310164e-01	-4.913243e-02	2.509641e-02	
-3.417625e-02	-2.863725e-03	-4.545459e-02	3.108797e-02	2.460063e-02	-2.634275e-02	2.792268e-02	-1.132118e-02	9.670934e-03	1.127714e-02	-1.680807e-02	2.368465e-02	3.263720e-02	-3.259112e-02	-6.271988e-01	9.511759e-01	-9.867112e-01	1.000000e+00	-2.329590e-01	1.748605e-01	9.831184e-02	-1.167632e-01	1.328334e-01	5.429056e-02	-2.750125e-02	
6.009624e-02	1.685665e-01	-2.266655e-02	7.508074e-03	-1.885416e-02	2.137869e-02	-2.735169e-02	4.179334e-02	-3.609702e-02	1.399136e-03	-4.435693e-03	7.586105e-03	1.827898e-02	-2.683503e-02	-3.193033e-01	-3.280867e-01	2.711239e-01	-2.329590e-01	1.000000e+00	-9.761313e-01	2.435689e-02	-2.409175e-02	1.636961e-02	1.115301e-01	-1.963557e-01	
-4.478824e-02	-1.573393e-01	1.484578e-02	-3.214579e-03	1.480010e-02	-1.693846e-02	2.212055e-02	-3.641515e-02	3.149831e-02	1.230488e-04	2.380944e-03	-5.193135e-03	-1.744436e-02	2.535808e-02	3.385879e-01	2.413522e-01	-1.950998e-01	1.748605e-01	-9.761313e-01	1.000000e+00	-3.099824e-02	3.000168e-02	-1.974646e-02	-1.140599e-01	2.107719e-01	
-7.368625e-02	5.263853e-02	-1.965740e-01	1.242371e-01	-1.624508e-02	1.666300e-02	-1.742081e-02	-1.351670e-02	1.427166e-02	7.103102e-02	-8.401960e-02	1.002455e-01	1.909748e-02	-1.970163e-02	3.610450e-02	1.006909e-01	-1.012997e-01	9.831184e-02	2.435689e-02	-3.099824e-02	1.000000e+00	-9.917917e-01	9.606558e-01	-7.880133e-01	7.197550e-01	
9.164824e-02	-6.665984e-02	2.459438e-01	-1.564444e-01	2.112403e-02	-2.212542e-02	2.343466e-02	1.738773e-02	-1.900087e-02	-8.125740e-02	9.784874e-02	-1.185914e-01	-3.062532e-02	3.072655e-02	-5.052051e-02	-1.149128e-01	1.177128e-01	-1.167632e-01	-2.409175e-02	3.000168e-02	-9.917917e-01	1.000000e+00	-9.876714e-01	7.933825e-01	-7.322595e-01	
-1.267759e-01	9.137665e-02	-3.025357e-01	1.943797e-01	-2.776358e-02	2.952920e-02	-3.144746e-02	-2.297560e-02	2.558215e-02	9.462217e-02	-1.156858e-01	1.421929e-01	4.241872e-02	-4.232977e-02	7.324775e-02	1.260292e-01	-1.310164e-01	1.328334e-01	1.636961e-02	-1.974646e-02	9.606558e-01	-9.876714e-01	1.000000e+00	-7.866722e-01	7.395248e-01	
7.463282e-02	-1.818687e-02	-2.534200e-01	1.607254e-01	-2.432889e-02	2.733779e-02	-3.148163e-02	-4.564426e-05	6.183709e-03	3.238288e-02	-4.642971e-02	6.147502e-02	8.032900e-02	-7.409071e-02	5.938711e-02	3.575063e-02	-4.913243e-02	5.429056e-02	1.115301e-01	-1.140599e-01	-7.880133e-01	7.933825e-01	-7.866722e-01	1.000000e+00	-9.782801e-01	
-5.645891e-02	-1.522900e-02	2.425239e-01	-1.510766e-01	2.375644e-02	-2.670949e-02	3.114241e-02	-3.849299e-03	-2.229742e-03	-3.355853e-02	4.743087e-02	-6.260909e-02	-7.679858e-02	7.261894e-02	-3.422444e-02	-1.077508e-02	2.509641e-02	-2.750125e-02	-1.963557e-01	2.107719e-01	7.197550e-01	-7.322595e-01	7.395248e-01	-9.782801e-01	1.000000e+00	

Time taken for mcmc chain: 32.650000 minutes
