Number of steps: 6408335
Number of accepted steps: 1000000
Burn-in number of steps: 320000
Accepted fraction of steps: 0.156047
Convergence Status
R[0]= 1.010049	R[1]= 1.011477	R[2]= 1.126447	R[3]= 1.045886	R[4]= 1.003704	R[5]= 1.004185	R[6]= 1.004676	R[7]= 1.003678	R[8]= 1.002524	R[9]= 1.017655	R[10]= 1.026162	R[11]= 1.036837	R[12]= 1.000225	R[13]= 1.003502	R[14]= 1.054164	R[15]= 1.000682	R[16]= 1.000570	R[17]= 1.000554	R[18]= 1.000401	R[19]= 1.000233	R[20]= 1.027892	R[21]= 1.038202	R[22]= 1.049685	R[23]= 1.000215	R[24]= 1.002341	
<R>= 1.018878

Mean parameters
A[0]= 9.246220e-01 pm 3.530113e-02
A[1]= 1.048664e+00 pm 3.030194e-02
A[2]= 7.098488e-01 pm 5.268427e-01
A[3]= 3.417542e+00 pm 1.261943e+00
A[4]= -3.713142e+03 pm 3.742986e+03
A[5]= 1.802299e+03 pm 2.453847e+03
A[6]= 2.490193e+01 pm 5.747770e+02
A[7]= 1.582899e+01 pm 1.323002e+01
A[8]= -2.593003e-01 pm 1.810830e-01
A[9]= -4.252115e+03 pm 8.639205e+03
A[10]= 1.939098e+03 pm 5.209930e+03
A[11]= -5.018894e+02 pm 1.097125e+03
A[12]= 1.945143e+01 pm 4.916499e+01
A[13]= -5.405971e-01 pm 9.489285e-01
A[14]= 4.890692e+00 pm 1.668707e+00
A[15]= -6.636406e+03 pm 5.199025e+03
A[16]= 4.832023e+03 pm 3.407714e+03
A[17]= -8.411548e+02 pm 7.968980e+02
A[18]= 1.767765e+00 pm 1.939464e+01
A[19]= 1.460809e-01 pm 2.641257e-01
A[20]= 5.424740e+03 pm 1.196205e+04
A[21]= -2.940550e+03 pm 7.345060e+03
A[22]= 1.213926e+02 pm 1.580451e+03
A[23]= -5.028069e+01 pm 6.796891e+01
A[24]= 7.411629e-01 pm 1.334920e+00

Best-fitting parameters
A[0]= 9.634321e-01
A[1]= 1.030556e+00
A[2]= 7.140824e-01
A[3]= 3.155351e+00
A[4]= -4.409438e+03
A[5]= 2.142122e+03
A[6]= -1.580508e+01
A[7]= 1.963110e+01
A[8]= -2.979867e-01
A[9]= -5.443276e+03
A[10]= 3.176529e+03
A[11]= -8.671702e+02
A[12]= 2.520036e+01
A[13]= -5.087936e-01
A[14]= 4.499527e+00
A[15]= -7.287945e+03
A[16]= 5.115804e+03
A[17]= -8.824342e+02
A[18]= 1.096184e+01
A[19]= 2.202861e-02
A[20]= 1.565605e+03
A[21]= -1.410434e+02
A[22]= -5.854385e+02
A[23]= -2.205358e+01
A[24]= 4.098468e-01
chi2_min= 8.911773e+01


Cross-Covariance parameters
1.000000e+00	-5.198571e-01	-2.155806e-01	1.506138e-01	-2.123659e-02	2.006017e-02	-2.722167e-02	1.086138e-01	-8.449539e-02	-1.074927e-02	9.239322e-03	-2.431201e-02	1.614596e-01	-1.504628e-01	8.030895e-02	8.927278e-02	-9.965016e-02	9.918802e-02	9.834925e-02	-1.224009e-01	6.502711e-02	-6.487617e-02	4.358004e-02	1.380013e-01	-1.359703e-01	
-5.198571e-01	1.000000e+00	2.684132e-01	-2.566391e-01	3.618749e-02	-3.010815e-02	1.729879e-02	5.749816e-02	-6.428612e-02	-5.082716e-03	1.428968e-02	-1.651562e-02	-1.214892e-01	9.760106e-02	-2.705161e-01	-1.902639e-02	2.781052e-02	-4.223254e-02	1.089865e-01	-1.008730e-01	-8.853823e-02	9.496062e-02	-8.684477e-02	-7.834042e-02	7.116259e-02	
-2.155806e-01	2.684132e-01	1.000000e+00	-7.446393e-01	8.584997e-02	-8.787091e-02	9.637404e-02	-1.492299e-01	1.182394e-01	-4.057074e-01	5.198769e-01	-6.486304e-01	-9.827832e-02	2.605427e-01	-7.083560e-01	-8.392189e-02	9.645221e-02	-9.848492e-02	-6.881570e-02	8.949927e-02	-4.636167e-01	5.770904e-01	-6.993354e-01	-1.449411e-01	3.056208e-01	
1.506138e-01	-2.566391e-01	-7.446393e-01	1.000000e+00	-5.454269e-01	5.991923e-01	-6.405887e-01	2.168599e-01	4.932175e-02	2.490153e-01	-3.183210e-01	4.013839e-01	1.874425e-02	-1.009680e-01	5.477406e-01	7.617573e-02	-8.558017e-02	8.832247e-02	2.588663e-02	-4.516361e-02	3.491440e-01	-4.362857e-01	5.307513e-01	1.155256e-01	-2.345050e-01	
-2.123659e-02	3.618749e-02	8.584997e-02	-5.454269e-01	1.000000e+00	-9.847536e-01	9.420043e-01	-6.531352e-01	2.733471e-01	1.687519e-02	-4.479902e-02	7.541487e-02	1.040059e-01	-8.228916e-02	-5.061754e-02	-3.486325e-03	1.410441e-03	9.573239e-04	1.291300e-02	-1.826382e-02	-2.113210e-02	2.927253e-02	-3.698712e-02	-7.785164e-03	1.289814e-02	
2.006017e-02	-3.010815e-02	-8.787091e-02	5.991923e-01	-9.847536e-01	1.000000e+00	-9.855263e-01	6.003893e-01	-2.050011e-01	-2.425577e-02	5.483846e-02	-8.831551e-02	-1.160946e-01	1.058196e-01	5.154509e-02	7.182015e-05	2.419814e-03	-5.089531e-03	-8.866980e-03	1.615285e-02	2.158637e-02	-2.943428e-02	3.695055e-02	6.923379e-03	-1.224143e-02	
-2.722167e-02	1.729879e-02	9.637404e-02	-6.405887e-01	9.420043e-01	-9.855263e-01	1.000000e+00	-5.362918e-01	1.406093e-01	3.366711e-02	-6.452142e-02	9.794184e-02	1.140608e-01	-1.120288e-01	-5.460672e-02	5.419466e-04	-3.192817e-03	6.273960e-03	8.617913e-04	-9.086657e-03	-2.535691e-02	3.388065e-02	-4.222734e-02	-8.734198e-03	1.586708e-02	
1.086138e-01	5.749816e-02	-1.492299e-01	2.168599e-01	-6.531352e-01	6.003893e-01	-5.362918e-01	1.000000e+00	-8.878333e-01	1.530935e-01	-1.447737e-01	1.240859e-01	-6.073643e-02	-1.108871e-01	6.385070e-02	2.999643e-02	-3.179072e-02	2.874795e-02	4.070583e-02	-4.622931e-02	5.283160e-02	-7.008877e-02	8.748312e-02	4.257483e-02	-6.794621e-02	
-8.449539e-02	-6.428612e-02	1.182394e-01	4.932175e-02	2.733471e-01	-2.050011e-01	1.406093e-01	-8.878333e-01	1.000000e+00	-1.911862e-01	1.949989e-01	-1.849195e-01	1.998344e-02	1.949583e-01	-4.994681e-02	-2.688194e-02	2.891239e-02	-2.663294e-02	-4.097221e-02	4.790455e-02	-4.141348e-02	5.603569e-02	-7.156280e-02	-4.321597e-02	6.722859e-02	
-1.074927e-02	-5.082716e-03	-4.057074e-01	2.490153e-01	1.687519e-02	-2.425577e-02	3.366711e-02	1.530935e-01	-1.911862e-01	1.000000e+00	-9.838309e-01	9.198885e-01	-7.557667e-01	5.570217e-01	2.872178e-01	3.729034e-02	-4.418554e-02	4.659063e-02	3.872402e-02	-5.396503e-02	2.094585e-01	-2.600170e-01	3.161291e-01	4.942001e-02	-1.292247e-01	
9.239322e-03	1.428968e-02	5.198769e-01	-3.183210e-01	-4.479902e-02	5.483846e-02	-6.452142e-02	-1.447737e-01	1.949989e-01	-9.838309e-01	1.000000e+00	-9.745162e-01	7.008278e-01	-4.928547e-01	-3.703861e-01	-5.055744e-02	5.914467e-02	-6.194202e-02	-4.596319e-02	6.522013e-02	-2.676817e-01	3.326492e-01	-4.050915e-01	-6.504940e-02	1.656853e-01	
-2.431201e-02	-1.651562e-02	-6.486304e-01	4.013839e-01	7.541487e-02	-8.831551e-02	9.794184e-02	1.240859e-01	-1.849195e-01	9.198885e-01	-9.745162e-01	1.000000e+00	-5.886047e-01	3.782443e-01	4.662262e-01	6.548961e-02	-7.589359e-02	7.913432e-02	5.153661e-02	-7.525243e-02	3.336634e-01	-4.156931e-01	5.079549e-01	8.172690e-02	-2.065119e-01	
1.614596e-01	-1.214892e-01	-9.827832e-02	1.874425e-02	1.040059e-01	-1.160946e-01	1.140608e-01	-6.073643e-02	1.998344e-02	-7.557667e-01	7.008278e-01	-5.886047e-01	1.000000e+00	-9.458936e-01	7.048586e-02	2.883586e-02	-3.119112e-02	3.113879e-02	6.225724e-03	-1.307761e-02	2.697796e-02	-3.764607e-02	4.819197e-02	4.997202e-02	-5.693867e-02	
-1.504628e-01	9.760106e-02	2.605427e-01	-1.009680e-01	-8.228916e-02	1.058196e-01	-1.120288e-01	-1.108871e-01	1.949583e-01	5.570217e-01	-4.928547e-01	3.782443e-01	-9.458936e-01	1.000000e+00	-1.798773e-01	-4.757775e-02	5.233132e-02	-5.247907e-02	-2.494555e-02	3.834732e-02	-1.041567e-01	1.362788e-01	-1.715378e-01	-7.652627e-02	1.152470e-01	
8.030895e-02	-2.705161e-01	-7.083560e-01	5.477406e-01	-5.061754e-02	5.154509e-02	-5.460672e-02	6.385070e-02	-4.994681e-02	2.872178e-01	-3.703861e-01	4.662262e-01	7.048586e-02	-1.798773e-01	1.000000e+00	-4.279431e-01	4.807193e-01	-5.229322e-01	7.500276e-02	1.451706e-01	2.409649e-01	-3.063394e-01	3.845942e-01	5.620624e-02	-1.315225e-01	
8.927278e-02	-1.902639e-02	-8.392189e-02	7.617573e-02	-3.486325e-03	7.182015e-05	5.419466e-04	2.999643e-02	-2.688194e-02	3.729034e-02	-5.055744e-02	6.548961e-02	2.883586e-02	-4.757775e-02	-4.279431e-01	1.000000e+00	-9.834738e-01	9.366750e-01	-5.871524e-01	2.290877e-01	1.828127e-01	-2.198112e-01	2.506564e-01	5.328583e-02	-9.047739e-02	
-9.965016e-02	2.781052e-02	9.645221e-02	-8.558017e-02	1.410441e-03	2.419814e-03	-3.192817e-03	-3.179072e-02	2.891239e-02	-4.418554e-02	5.914467e-02	-7.589359e-02	-3.119112e-02	5.233132e-02	4.807193e-01	-9.834738e-01	1.000000e+00	-9.840846e-01	5.180200e-01	-1.449248e-01	-1.964937e-01	2.388141e-01	-2.747835e-01	-7.027055e-02	1.177021e-01	
9.918802e-02	-4.223254e-02	-9.848492e-02	8.832247e-02	9.573239e-04	-5.089531e-03	6.273960e-03	2.874795e-02	-2.663294e-02	4.659063e-02	-6.194202e-02	7.913432e-02	3.113879e-02	-5.247907e-02	-5.229322e-01	9.366750e-01	-9.840846e-01	1.000000e+00	-4.374872e-01	6.392732e-02	2.013937e-01	-2.468934e-01	2.861123e-01	8.069650e-02	-1.344027e-01	
9.834925e-02	1.089865e-01	-6.881570e-02	2.588663e-02	1.291300e-02	-8.866980e-03	8.617913e-04	4.070583e-02	-4.097221e-02	3.872402e-02	-4.596319e-02	5.153661e-02	6.225724e-03	-2.494555e-02	7.500276e-02	-5.871524e-01	5.180200e-01	-4.374872e-01	1.000000e+00	-9.075788e-01	-4.206142e-03	7.319566e-03	-9.874163e-03	8.971985e-02	-1.659876e-01	
-1.224009e-01	-1.008730e-01	8.949927e-02	-4.516361e-02	-1.826382e-02	1.615285e-02	-9.086657e-03	-4.622931e-02	4.790455e-02	-5.396503e-02	6.522013e-02	-7.525243e-02	-1.307761e-02	3.834732e-02	1.451706e-01	2.290877e-01	-1.449248e-01	6.392732e-02	-9.075788e-01	1.000000e+00	-7.174612e-02	8.282278e-02	-9.093012e-02	-1.263459e-01	2.392953e-01	
6.502711e-02	-8.853823e-02	-4.636167e-01	3.491440e-01	-2.113210e-02	2.158637e-02	-2.535691e-02	5.283160e-02	-4.141348e-02	2.094585e-01	-2.676817e-01	3.336634e-01	2.697796e-02	-1.041567e-01	2.409649e-01	1.828127e-01	-1.964937e-01	2.013937e-01	-4.206142e-03	-7.174612e-02	1.000000e+00	-9.834319e-01	9.199090e-01	-6.864151e-01	5.003542e-01	
-6.487617e-02	9.496062e-02	5.770904e-01	-4.362857e-01	2.927253e-02	-2.943428e-02	3.388065e-02	-7.008877e-02	5.603569e-02	-2.600170e-01	3.326492e-01	-4.156931e-01	-3.764607e-02	1.362788e-01	-3.063394e-01	-2.198112e-01	2.388141e-01	-2.468934e-01	7.319566e-03	8.282278e-02	-9.834319e-01	1.000000e+00	-9.750365e-01	6.182374e-01	-4.219048e-01	
4.358004e-02	-8.684477e-02	-6.993354e-01	5.307513e-01	-3.698712e-02	3.695055e-02	-4.222734e-02	8.748312e-02	-7.156280e-02	3.161291e-01	-4.050915e-01	5.079549e-01	4.819197e-02	-1.715378e-01	3.845942e-01	2.506564e-01	-2.747835e-01	2.861123e-01	-9.874163e-03	-9.093012e-02	9.199090e-01	-9.750365e-01	1.000000e+00	-4.958844e-01	2.954957e-01	
1.380013e-01	-7.834042e-02	-1.449411e-01	1.155256e-01	-7.785164e-03	6.923379e-03	-8.734198e-03	4.257483e-02	-4.321597e-02	4.942001e-02	-6.504940e-02	8.172690e-02	4.997202e-02	-7.652627e-02	5.620624e-02	5.328583e-02	-7.027055e-02	8.069650e-02	8.971985e-02	-1.263459e-01	-6.864151e-01	6.182374e-01	-4.958844e-01	1.000000e+00	-9.615052e-01	
-1.359703e-01	7.116259e-02	3.056208e-01	-2.345050e-01	1.289814e-02	-1.224143e-02	1.586708e-02	-6.794621e-02	6.722859e-02	-1.292247e-01	1.656853e-01	-2.065119e-01	-5.693867e-02	1.152470e-01	-1.315225e-01	-9.047739e-02	1.177021e-01	-1.344027e-01	-1.659876e-01	2.392953e-01	5.003542e-01	-4.219048e-01	2.954957e-01	-9.615052e-01	1.000000e+00	

Time taken for mcmc chain: 49.700000 minutes
