Number of steps: 16290885
Number of accepted steps: 1000000
Burn-in number of steps: 320000
Accepted fraction of steps: 0.061384
Convergence Status
R[0]= 1.038094	R[1]= 1.067194	R[2]= 1.167462	R[3]= 1.092256	R[4]= 1.011292	R[5]= 1.012724	R[6]= 1.013595	R[7]= 1.002999	R[8]= 1.000784	R[9]= 1.008002	R[10]= 1.015217	R[11]= 1.027383	R[12]= 1.001700	R[13]= 1.004927	R[14]= 1.051769	R[15]= 1.003394	R[16]= 1.004276	R[17]= 1.004586	R[18]= 1.001057	R[19]= 1.000307	R[20]= 1.027124	R[21]= 1.042748	R[22]= 1.061945	R[23]= 1.001649	R[24]= 1.012237	
<R>= 1.026989

Mean parameters
A[0]= 8.197432e-01 pm 3.122264e-02
A[1]= 9.285138e-01 pm 2.616921e-02
A[2]= 5.885491e-01 pm 3.666835e-01
A[3]= 3.635691e+00 pm 1.190926e+00
A[4]= -3.177962e+03 pm 3.803025e+03
A[5]= 1.984729e+03 pm 2.647598e+03
A[6]= -2.495134e+02 pm 6.850898e+02
A[7]= 2.811219e+01 pm 1.411152e+01
A[8]= -3.256170e-01 pm 1.792165e-01
A[9]= -4.078533e+03 pm 8.230018e+03
A[10]= 1.930407e+03 pm 4.918436e+03
A[11]= -5.582246e+02 pm 1.045738e+03
A[12]= 2.868992e+01 pm 4.842333e+01
A[13]= -6.785747e-01 pm 9.184183e-01
A[14]= 6.175815e+00 pm 1.853466e+00
A[15]= -9.222295e+03 pm 5.514481e+03
A[16]= 7.636941e+03 pm 3.851200e+03
A[17]= -1.923004e+03 pm 9.957044e+02
A[18]= 2.589725e+01 pm 2.016566e+01
A[19]= 7.120164e-02 pm 2.632251e-01
A[20]= 5.022409e+03 pm 1.172889e+04
A[21]= -2.222475e+03 pm 7.299518e+03
A[22]= -2.010412e+02 pm 1.650486e+03
A[23]= -4.188302e+01 pm 6.628478e+01
A[24]= 7.335491e-01 pm 1.291786e+00

Best-fitting parameters
A[0]= 8.218881e-01
A[1]= 9.333789e-01
A[2]= 6.870981e-01
A[3]= 4.264483e+00
A[4]= -7.616012e+03
A[5]= 5.329586e+03
A[6]= -1.141366e+03
A[7]= 4.319284e+01
A[8]= -3.955659e-01
A[9]= -4.217486e+03
A[10]= 2.840243e+03
A[11]= -1.017363e+03
A[12]= 1.687340e+01
A[13]= -4.307136e-01
A[14]= 5.212616e+00
A[15]= -8.018274e+03
A[16]= 6.696624e+03
A[17]= -1.633950e+03
A[18]= 2.115475e+01
A[19]= 9.825083e-02
A[20]= 6.226643e+03
A[21]= -2.199749e+03
A[22]= -3.726195e+02
A[23]= -5.056556e+01
A[24]= 9.105884e-01
chi2_min= 9.087057e+01


Cross-Covariance parameters
1.000000e+00	-4.939261e-01	-2.347174e-01	1.210731e-01	2.378228e-02	-2.193386e-02	1.107227e-02	5.348759e-02	-4.435160e-02	1.911855e-02	-1.602340e-02	-7.778200e-03	1.282562e-01	-1.118536e-01	1.689916e-01	2.180826e-02	-1.352391e-02	-3.007872e-03	6.879954e-02	-4.993038e-02	5.482609e-02	-5.011227e-02	1.885471e-02	1.464311e-01	-1.378299e-01	
-4.939261e-01	1.000000e+00	2.672874e-01	-1.617264e-01	-5.538849e-02	6.588989e-02	-8.068929e-02	1.366109e-01	-1.098975e-01	-1.835500e-02	2.465328e-02	-2.313777e-02	-1.068406e-01	7.970200e-02	-3.889934e-01	1.112469e-01	-1.253923e-01	1.277313e-01	1.089677e-01	-1.994342e-01	-4.276461e-02	4.012874e-02	-1.994282e-02	-7.559020e-02	4.610938e-02	
-2.347174e-01	2.672874e-01	1.000000e+00	-6.463517e-01	5.995850e-02	-6.537731e-02	7.453665e-02	-8.289274e-02	3.736681e-02	-3.131586e-01	4.284897e-01	-5.777454e-01	-8.288111e-03	1.627272e-01	-6.137767e-01	-8.313938e-02	8.937450e-02	-8.596591e-02	-1.817973e-02	6.245608e-02	-4.281473e-01	5.555670e-01	-6.946230e-01	-3.666476e-02	2.527610e-01	
1.210731e-01	-1.617264e-01	-6.463517e-01	1.000000e+00	-6.211715e-01	6.928558e-01	-7.404263e-01	3.482005e-01	8.160304e-02	1.074095e-01	-1.493203e-01	2.137251e-01	-4.264041e-02	1.022077e-02	4.167297e-01	4.419702e-02	-4.382005e-02	3.895224e-02	1.774287e-02	-3.618901e-02	2.835910e-01	-3.654452e-01	4.566107e-01	1.852645e-02	-1.610811e-01	
2.378228e-02	-5.538849e-02	5.995850e-02	-6.211715e-01	1.000000e+00	-9.807091e-01	9.304090e-01	-7.752305e-01	3.051315e-01	6.865690e-02	-1.107578e-01	1.565259e-01	7.596732e-02	-8.426189e-02	-2.197504e-02	-6.919879e-03	2.805296e-03	1.371391e-03	-1.753437e-02	1.734920e-02	-2.561464e-02	3.138984e-02	-3.976127e-02	-2.520381e-04	1.755006e-02	
-2.193386e-02	6.588989e-02	-6.537731e-02	6.928558e-01	-9.807091e-01	1.000000e+00	-9.836370e-01	7.288767e-01	-2.192708e-01	-8.362807e-02	1.301091e-01	-1.804127e-01	-8.207443e-02	1.096530e-01	2.510387e-02	2.750626e-03	1.877655e-03	-6.587259e-03	2.415102e-02	-2.100043e-02	2.695838e-02	-3.272624e-02	4.130933e-02	-6.790549e-04	-1.735258e-02	
1.107227e-02	-8.068929e-02	7.453665e-02	-7.404263e-01	9.304090e-01	-9.836370e-01	1.000000e+00	-6.617171e-01	1.349469e-01	9.830733e-02	-1.461552e-01	1.972645e-01	7.739825e-02	-1.198931e-01	-2.715778e-02	-2.512835e-03	-2.322158e-03	7.656637e-03	-3.169403e-02	2.790166e-02	-3.072716e-02	3.718417e-02	-4.651415e-02	2.214754e-04	1.991462e-02	
5.348759e-02	1.366109e-01	-8.289274e-02	3.482005e-01	-7.752305e-01	7.288767e-01	-6.617171e-01	1.000000e+00	-8.117771e-01	7.786802e-02	-5.273891e-02	1.457873e-02	-8.316681e-02	-4.647727e-02	-6.022341e-03	4.946083e-02	-4.999815e-02	4.560122e-02	3.342712e-02	-6.065497e-02	4.715982e-02	-6.112315e-02	7.635378e-02	6.312969e-03	-3.888678e-02	
-4.435160e-02	-1.098975e-01	3.736681e-02	8.160304e-02	3.051315e-01	-2.192708e-01	1.349469e-01	-8.117771e-01	1.000000e+00	-1.728063e-01	1.727163e-01	-1.563337e-01	6.045697e-02	1.561230e-01	3.019665e-02	-5.585640e-02	5.945586e-02	-5.800756e-02	-1.079047e-02	4.501062e-02	-3.260808e-02	4.371430e-02	-5.475502e-02	-1.969309e-03	2.600635e-02	
1.911855e-02	-1.835500e-02	-3.131586e-01	1.074095e-01	6.865690e-02	-8.362807e-02	9.830733e-02	7.786802e-02	-1.728063e-01	1.000000e+00	-9.821488e-01	9.040700e-01	-8.318415e-01	6.479743e-01	1.836866e-01	4.245800e-02	-4.704498e-02	4.747678e-02	7.416005e-03	-3.375673e-02	1.589275e-01	-2.040032e-01	2.546433e-01	-9.510700e-03	-6.987233e-02	
-1.602340e-02	2.465328e-02	4.284897e-01	-1.493203e-01	-1.107578e-01	1.301091e-01	-1.461552e-01	-5.273891e-02	1.727163e-01	-9.821488e-01	1.000000e+00	-9.672261e-01	8.002485e-01	-6.012213e-01	-2.517393e-01	-5.880062e-02	6.518553e-02	-6.598540e-02	-6.283930e-03	4.347417e-02	-2.130065e-01	2.758351e-01	-3.467606e-01	9.570021e-03	9.942692e-02	
-7.778200e-03	-2.313777e-02	-5.777454e-01	2.137251e-01	1.565259e-01	-1.804127e-01	1.972645e-01	1.457873e-02	-1.563337e-01	9.040700e-01	-9.672261e-01	1.000000e+00	-6.975815e-01	4.872973e-01	3.388824e-01	7.943921e-02	-8.839103e-02	9.007611e-02	4.202486e-03	-5.582764e-02	2.831315e-01	-3.696167e-01	4.681389e-01	-1.150406e-02	-1.368990e-01	
1.282562e-01	-1.068406e-01	-8.288111e-03	-4.264041e-02	7.596732e-02	-8.207443e-02	7.739825e-02	-8.316681e-02	6.045697e-02	-8.318415e-01	8.002485e-01	-6.975815e-01	1.000000e+00	-9.405746e-01	1.963354e-02	-5.976493e-03	7.327935e-03	-8.520165e-03	-5.792235e-03	1.388930e-02	-1.906567e-02	2.235571e-02	-2.936992e-02	3.285351e-02	-2.136252e-02	
-1.118536e-01	7.970200e-02	1.627272e-01	1.022077e-02	-8.426189e-02	1.096530e-01	-1.198931e-01	-4.647727e-02	1.561230e-01	6.479743e-01	-6.012213e-01	4.872973e-01	-9.405746e-01	1.000000e+00	-9.928066e-02	-2.665155e-02	2.831605e-02	-2.741686e-02	7.202116e-03	5.530086e-03	-5.702843e-02	7.942692e-02	-1.021835e-01	-2.977428e-02	6.145115e-02	
1.689916e-01	-3.889934e-01	-6.137767e-01	4.167297e-01	-2.197504e-02	2.510387e-02	-2.715778e-02	-6.022341e-03	3.019665e-02	1.836866e-01	-2.517393e-01	3.388824e-01	1.963354e-02	-9.928066e-02	1.000000e+00	-5.408996e-01	6.094757e-01	-6.567256e-01	2.025084e-01	1.872705e-01	1.426795e-01	-1.885607e-01	2.450221e-01	-3.773967e-03	-4.898212e-02	
2.180826e-02	1.112469e-01	-8.313938e-02	4.419702e-02	-6.919879e-03	2.750626e-03	-2.512835e-03	4.946083e-02	-5.585640e-02	4.245800e-02	-5.880062e-02	7.943921e-02	-5.976493e-03	-2.665155e-02	-5.408996e-01	1.000000e+00	-9.806069e-01	9.296672e-01	-6.978753e-01	2.014768e-01	2.043311e-01	-2.539031e-01	2.984813e-01	3.368062e-03	-8.294834e-02	
-1.352391e-02	-1.253923e-01	8.937450e-02	-4.382005e-02	2.805296e-03	1.877655e-03	-2.322158e-03	-4.999815e-02	5.945586e-02	-4.704498e-02	6.518553e-02	-8.839103e-02	7.327935e-03	2.831605e-02	6.094757e-01	-9.806069e-01	1.000000e+00	-9.833871e-01	6.331618e-01	-1.004462e-01	-2.158212e-01	2.726831e-01	-3.250172e-01	-1.637607e-02	1.122221e-01	
-3.007872e-03	1.277313e-01	-8.596591e-02	3.895224e-02	1.371391e-03	-6.587259e-03	7.656637e-03	4.560122e-02	-5.800756e-02	4.747678e-02	-6.598540e-02	9.007611e-02	-8.520165e-03	-2.741686e-02	-6.567256e-01	9.296672e-01	-9.833871e-01	1.000000e+00	-5.514198e-01	4.202419e-03	2.180773e-01	-2.790163e-01	3.360318e-01	2.474410e-02	-1.306750e-01	
6.879954e-02	1.089677e-01	-1.817973e-02	1.774287e-02	-1.753437e-02	2.415102e-02	-3.169403e-02	3.342712e-02	-1.079047e-02	7.416005e-03	-6.283930e-03	4.202486e-03	-5.792235e-03	7.202116e-03	2.025084e-01	-6.978753e-01	6.331618e-01	-5.514198e-01	1.000000e+00	-8.205341e-01	-5.488768e-02	7.128503e-02	-8.569539e-02	6.185134e-02	-1.131094e-01	
-4.993038e-02	-1.994342e-01	6.245608e-02	-3.618901e-02	1.734920e-02	-2.100043e-02	2.790166e-02	-6.065497e-02	4.501062e-02	-3.375673e-02	4.347417e-02	-5.582764e-02	1.388930e-02	5.530086e-03	1.872705e-01	2.014768e-01	-1.004462e-01	4.202419e-03	-8.205341e-01	1.000000e+00	-7.375231e-02	9.067404e-02	-1.066376e-01	-8.669553e-02	2.237858e-01	
5.482609e-02	-4.276461e-02	-4.281473e-01	2.835910e-01	-2.561464e-02	2.695838e-02	-3.072716e-02	4.715982e-02	-3.260808e-02	1.589275e-01	-2.130065e-01	2.831315e-01	-1.906567e-02	-5.702843e-02	1.426795e-01	2.043311e-01	-2.158212e-01	2.180773e-01	-5.488768e-02	-7.375231e-02	1.000000e+00	-9.793502e-01	8.963222e-01	-7.697812e-01	5.544677e-01	
-5.011227e-02	4.012874e-02	5.555670e-01	-3.654452e-01	3.138984e-02	-3.272624e-02	3.718417e-02	-6.112315e-02	4.371430e-02	-2.040032e-01	2.758351e-01	-3.696167e-01	2.235571e-02	7.942692e-02	-1.885607e-01	-2.539031e-01	2.726831e-01	-2.790163e-01	7.128503e-02	9.067404e-02	-9.793502e-01	1.000000e+00	-9.664984e-01	7.082165e-01	-4.684525e-01	
1.885471e-02	-1.994282e-02	-6.946230e-01	4.566107e-01	-3.976127e-02	4.130933e-02	-4.651415e-02	7.635378e-02	-5.475502e-02	2.546433e-01	-3.467606e-01	4.681389e-01	-2.936992e-02	-1.021835e-01	2.450221e-01	2.984813e-01	-3.250172e-01	3.360318e-01	-8.569539e-02	-1.066376e-01	8.963222e-01	-9.664984e-01	1.000000e+00	-5.752017e-01	3.163327e-01	
1.464311e-01	-7.559020e-02	-3.666476e-02	1.852645e-02	-2.520381e-04	-6.790549e-04	2.214754e-04	6.312969e-03	-1.969309e-03	-9.510700e-03	9.570021e-03	-1.150406e-02	3.285351e-02	-2.977428e-02	-3.773967e-03	3.368062e-03	-1.637607e-02	2.474410e-02	6.185134e-02	-8.669553e-02	-7.697812e-01	7.082165e-01	-5.752017e-01	1.000000e+00	-9.433620e-01	
-1.378299e-01	4.610938e-02	2.527610e-01	-1.610811e-01	1.755006e-02	-1.735258e-02	1.991462e-02	-3.888678e-02	2.600635e-02	-6.987233e-02	9.942692e-02	-1.368990e-01	-2.136252e-02	6.145115e-02	-4.898212e-02	-8.294834e-02	1.122221e-01	-1.306750e-01	-1.131094e-01	2.237858e-01	5.544677e-01	-4.684525e-01	3.163327e-01	-9.433620e-01	1.000000e+00	

Time taken for mcmc chain: 1.943333 hours
