Number of steps: 12514516
Number of accepted steps: 1000000
Burn-in number of steps: 320000
Accepted fraction of steps: 0.079907
Convergence Status
R[0]= 1.038644	R[1]= 1.088008	R[2]= 1.026219	R[3]= 1.053885	R[4]= 1.039320	R[5]= 1.053228	R[6]= 1.063179	R[7]= 1.021931	R[8]= 1.000548	R[9]= 1.008087	R[10]= 1.016325	R[11]= 1.036572	R[12]= 1.001239	R[13]= 1.000725	R[14]= 1.038577	R[15]= 1.015920	R[16]= 1.019657	R[17]= 1.021072	R[18]= 1.006085	R[19]= 1.005116	R[20]= 1.000100	R[21]= 1.001344	R[22]= 1.008984	R[23]= 1.002423	R[24]= 1.004576	
<R>= 1.022871

Mean parameters
A[0]= 7.267280e-01 pm 3.624162e-02
A[1]= 8.584124e-01 pm 2.810414e-02
A[2]= 6.756240e-01 pm 1.980873e-01
A[3]= 3.002609e+00 pm 9.620445e-01
A[4]= -7.695837e+02 pm 3.802557e+03
A[5]= 6.424616e+02 pm 2.770386e+03
A[6]= -8.067746e+01 pm 7.742068e+02
A[7]= 3.349865e+01 pm 1.558477e+01
A[8]= -3.949575e-01 pm 1.760927e-01
A[9]= -4.750239e+03 pm 7.891407e+03
A[10]= 2.486310e+03 pm 4.585083e+03
A[11]= -7.393654e+02 pm 9.377145e+02
A[12]= 3.691754e+01 pm 4.789427e+01
A[13]= -8.278044e-01 pm 8.995070e-01
A[14]= 5.153540e+00 pm 1.496149e+00
A[15]= -5.727176e+03 pm 5.723569e+03
A[16]= 5.724469e+03 pm 4.227711e+03
A[17]= -1.716134e+03 pm 1.190762e+03
A[18]= 3.845120e+01 pm 2.243418e+01
A[19]= -7.976966e-02 pm 2.569836e-01
A[20]= 4.632486e+03 pm 1.097988e+04
A[21]= -1.705641e+03 pm 6.518491e+03
A[22]= -4.295428e+02 pm 1.393314e+03
A[23]= -3.266258e+01 pm 6.662554e+01
A[24]= 5.920279e-01 pm 1.266494e+00

Best-fitting parameters
A[0]= 7.541198e-01
A[1]= 8.350628e-01
A[2]= 4.987639e-01
A[3]= 4.400875e+00
A[4]= -5.253273e+03
A[5]= 3.826522e+03
A[6]= -9.141886e+02
A[7]= 4.679256e+01
A[8]= -4.242153e-01
A[9]= -1.404543e+03
A[10]= 6.064697e+02
A[11]= -4.362537e+02
A[12]= 1.184078e+01
A[13]= -2.920929e-01
A[14]= 7.551633e+00
A[15]= -9.852972e+03
A[16]= 9.424189e+03
A[17]= -2.872263e+03
A[18]= 4.716827e+01
A[19]= 5.344131e-03
A[20]= 5.008350e+03
A[21]= -1.808303e+03
A[22]= -4.931905e+02
A[23]= -4.029702e+01
A[24]= 8.563774e-01
chi2_min= 9.457244e+01


Cross-Covariance parameters
1.000000e+00	-5.293511e-01	-1.543814e-01	6.778772e-02	3.138123e-02	-1.578315e-02	-8.377264e-03	4.716485e-02	-2.643745e-02	-3.634967e-04	3.782578e-02	-1.276821e-01	1.230358e-01	-7.351253e-02	-1.560083e-02	1.144352e-01	-1.043736e-01	8.113769e-02	-1.643200e-03	-3.176357e-02	3.924592e-02	1.268105e-03	-1.025503e-01	1.390973e-01	-8.655858e-02	
-5.293511e-01	1.000000e+00	-2.610604e-02	-3.315551e-02	-3.986771e-02	4.165834e-02	-4.863164e-02	1.113911e-01	-1.102272e-01	3.288641e-02	-7.292626e-02	1.566478e-01	-9.741409e-02	2.015948e-02	-1.727934e-01	5.023004e-02	-6.408597e-02	6.838674e-02	9.328236e-02	-1.828643e-01	4.562384e-02	-1.056559e-01	2.189648e-01	-8.935734e-02	-1.101453e-02	
-1.543814e-01	-2.610604e-02	1.000000e+00	-2.771484e-01	-8.309305e-02	8.628862e-02	-7.881242e-02	-8.154044e-03	7.618158e-02	-2.068987e-01	2.954887e-01	-4.261991e-01	5.173831e-02	7.368762e-02	-1.516285e-01	-1.714006e-01	1.945915e-01	-2.022339e-01	3.883140e-02	1.107293e-01	-2.518508e-01	3.555033e-01	-4.947057e-01	2.725340e-02	1.220514e-01	
6.778772e-02	-3.315551e-02	-2.771484e-01	1.000000e+00	-7.282328e-01	8.283327e-01	-8.881976e-01	5.435920e-01	1.318195e-02	-1.279381e-01	1.788545e-01	-2.391831e-01	-4.560560e-02	1.232533e-01	1.457080e-01	-3.055797e-02	3.244051e-02	-3.543164e-02	4.381798e-02	-1.815614e-02	5.257069e-02	-7.127589e-02	9.635834e-02	-2.413151e-03	-2.366615e-02	
3.138123e-02	-3.986771e-02	-8.309305e-02	-7.282328e-01	1.000000e+00	-9.762155e-01	9.171382e-01	-8.568473e-01	3.874473e-01	1.303427e-01	-2.039140e-01	3.015209e-01	5.577660e-02	-9.308810e-02	-6.449057e-02	7.914803e-02	-8.794507e-02	9.329436e-02	-5.570090e-02	-1.121179e-02	4.393738e-02	-5.586788e-02	6.964352e-02	-4.031320e-03	-1.780338e-02	
-1.578315e-02	4.165834e-02	8.628862e-02	8.283327e-01	-9.762155e-01	1.000000e+00	-9.812458e-01	8.257833e-01	-2.945109e-01	-1.560605e-01	2.386299e-01	-3.482351e-01	-5.636603e-02	1.198215e-01	6.832191e-02	-8.443581e-02	9.394730e-02	-1.000851e-01	6.454787e-02	6.471685e-03	-4.137731e-02	5.552216e-02	-7.295028e-02	3.460613e-03	1.957801e-02	
-8.377264e-03	-4.863164e-02	-7.881242e-02	-8.881976e-01	9.171382e-01	-9.812458e-01	1.000000e+00	-7.644748e-01	1.998935e-01	1.786710e-01	-2.655780e-01	3.806381e-01	4.653843e-02	-1.300836e-01	-6.681719e-02	8.247829e-02	-9.215343e-02	9.909144e-02	-7.129709e-02	1.788647e-03	3.492374e-02	-4.985152e-02	6.932897e-02	-3.549234e-03	-1.843430e-02	
4.716485e-02	1.113911e-01	-8.154044e-03	5.435920e-01	-8.568473e-01	8.257833e-01	-7.644748e-01	1.000000e+00	-7.664897e-01	-1.318009e-02	6.756848e-02	-1.484986e-01	-6.398056e-02	-1.135855e-02	2.133246e-02	-2.731872e-02	3.110692e-02	-3.651646e-02	5.872188e-02	-3.670619e-02	-3.565169e-03	4.261812e-03	-6.038595e-03	1.637084e-03	5.809076e-05	
-2.643745e-02	-1.102272e-01	7.618158e-02	1.318195e-02	3.874473e-01	-2.945109e-01	1.998935e-01	-7.664897e-01	1.000000e+00	-1.479986e-01	1.485063e-01	-1.354762e-01	5.587291e-02	1.545481e-01	2.569421e-02	-2.786791e-02	3.221495e-02	-3.272107e-02	-1.675685e-02	4.461416e-02	-2.882975e-02	4.163148e-02	-5.806554e-02	1.045830e-02	7.380470e-03	
-3.634967e-04	3.288641e-02	-2.068987e-01	-1.279381e-01	1.303427e-01	-1.560605e-01	1.786710e-01	-1.318009e-02	-1.479986e-01	1.000000e+00	-9.837329e-01	9.020131e-01	-8.679096e-01	7.159465e-01	1.935134e-02	4.449424e-02	-4.928956e-02	5.115910e-02	-1.314016e-02	-2.562638e-02	4.730334e-02	-7.233159e-02	1.084558e-01	-7.665941e-03	-2.340235e-02	
3.782578e-02	-7.292626e-02	2.954887e-01	1.788545e-01	-2.039140e-01	2.386299e-01	-2.655780e-01	6.756848e-02	1.485063e-01	-9.837329e-01	1.000000e+00	-9.633466e-01	8.650651e-01	-6.985482e-01	-2.219828e-02	-6.359351e-02	7.273210e-02	-7.752736e-02	2.109925e-02	3.877624e-02	-7.254739e-02	1.113432e-01	-1.683884e-01	1.757433e-02	3.375450e-02	
-1.276821e-01	1.566478e-01	-4.261991e-01	-2.391831e-01	3.015209e-01	-3.482351e-01	3.806381e-01	-1.484986e-01	-1.354762e-01	9.020131e-01	-9.633466e-01	1.000000e+00	-7.970504e-01	6.149078e-01	2.735394e-02	8.926630e-02	-1.051112e-01	1.148023e-01	-3.262972e-02	-5.808571e-02	1.100101e-01	-1.713077e-01	2.639609e-01	-3.739743e-02	-4.699379e-02	
1.230358e-01	-9.741409e-02	5.173831e-02	-4.560560e-02	5.577660e-02	-5.636603e-02	4.653843e-02	-6.398056e-02	5.587291e-02	-8.679096e-01	8.650651e-01	-7.970504e-01	1.000000e+00	-9.436552e-01	-1.115178e-02	5.153432e-03	-2.620409e-03	-5.602805e-04	-4.785628e-03	9.278715e-03	-8.048637e-03	2.203201e-02	-4.787063e-02	2.141722e-02	-6.115785e-03	
-7.351253e-02	2.015948e-02	7.368762e-02	1.232533e-01	-9.308810e-02	1.198215e-01	-1.300836e-01	-1.135855e-02	1.545481e-01	7.159465e-01	-6.985482e-01	6.149078e-01	-9.436552e-01	1.000000e+00	1.347136e-02	-3.594765e-02	3.915341e-02	-3.937393e-02	1.168276e-02	1.651676e-02	-2.900462e-02	3.508629e-02	-3.980290e-02	-6.121116e-03	1.949303e-02	
-1.560083e-02	-1.727934e-01	-1.516285e-01	1.457080e-01	-6.449057e-02	6.832191e-02	-6.681719e-02	2.133246e-02	2.569421e-02	1.935134e-02	-2.219828e-02	2.735394e-02	-1.115178e-02	1.347136e-02	1.000000e+00	-7.424508e-01	8.351838e-01	-8.885379e-01	4.747458e-01	1.411168e-01	-1.767051e-01	2.431418e-01	-3.137942e-01	-4.532053e-02	1.502919e-01	
1.144352e-01	5.023004e-02	-1.714006e-01	-3.055797e-02	7.914803e-02	-8.443581e-02	8.247829e-02	-2.731872e-02	-2.786791e-02	4.449424e-02	-6.359351e-02	8.926630e-02	5.153432e-03	-3.594765e-02	-7.424508e-01	1.000000e+00	-9.773068e-01	9.216765e-01	-8.219550e-01	2.867979e-01	2.447283e-01	-3.256188e-01	4.134432e-01	3.134722e-03	-9.739821e-02	
-1.043736e-01	-6.408597e-02	1.945915e-01	3.244051e-02	-8.794507e-02	9.394730e-02	-9.215343e-02	3.110692e-02	3.221495e-02	-4.928956e-02	7.273210e-02	-1.051112e-01	-2.620409e-03	3.915341e-02	8.351838e-01	-9.773068e-01	1.000000e+00	-9.825019e-01	7.744548e-01	-1.760065e-01	-2.641173e-01	3.575967e-01	-4.617711e-01	-1.390197e-02	1.315595e-01	
8.113769e-02	6.838674e-02	-2.022339e-01	-3.543164e-02	9.329436e-02	-1.000851e-01	9.909144e-02	-3.651646e-02	-3.272107e-02	5.115910e-02	-7.752736e-02	1.148023e-01	-5.602805e-04	-3.937393e-02	-8.885379e-01	9.216765e-01	-9.825019e-01	1.000000e+00	-7.030316e-01	7.085844e-02	2.711551e-01	-3.721953e-01	4.872186e-01	2.068184e-02	-1.541384e-01	
-1.643200e-03	9.328236e-02	3.883140e-02	4.381798e-02	-5.570090e-02	6.454787e-02	-7.129709e-02	5.872188e-02	-1.675685e-02	-1.314016e-02	2.109925e-02	-3.262972e-02	-4.785628e-03	1.168276e-02	4.747458e-01	-8.219550e-01	7.744548e-01	-7.030316e-01	1.000000e+00	-7.449462e-01	-1.444387e-01	1.936899e-01	-2.467789e-01	4.915416e-02	-5.236837e-02	
-3.176357e-02	-1.828643e-01	1.107293e-01	-1.815614e-02	-1.121179e-02	6.471685e-03	1.788647e-03	-3.670619e-02	4.461416e-02	-2.562638e-02	3.877624e-02	-5.808571e-02	9.278715e-03	1.651676e-02	1.411168e-01	2.867979e-01	-1.760065e-01	7.085844e-02	-7.449462e-01	1.000000e+00	-4.457169e-02	6.626971e-02	-9.510609e-02	-8.310191e-02	2.189069e-01	
3.924592e-02	4.562384e-02	-2.518508e-01	5.257069e-02	4.393738e-02	-4.137731e-02	3.492374e-02	-3.565169e-03	-2.882975e-02	4.730334e-02	-7.254739e-02	1.100101e-01	-8.048637e-03	-2.900462e-02	-1.767051e-01	2.447283e-01	-2.641173e-01	2.711551e-01	-1.444387e-01	-4.457169e-02	1.000000e+00	-9.805283e-01	8.852636e-01	-8.432192e-01	6.962514e-01	
1.268105e-03	-1.056559e-01	3.555033e-01	-7.127589e-02	-5.586788e-02	5.552216e-02	-4.985152e-02	4.261812e-03	4.163148e-02	-7.233159e-02	1.113432e-01	-1.713077e-01	2.203201e-02	3.508629e-02	2.431418e-01	-3.256188e-01	3.575967e-01	-3.721953e-01	1.936899e-01	6.626971e-02	-9.805283e-01	1.000000e+00	-9.577326e-01	8.252066e-01	-6.545031e-01	
-1.025503e-01	2.189648e-01	-4.947057e-01	9.635834e-02	6.964352e-02	-7.295028e-02	6.932897e-02	-6.038595e-03	-5.806554e-02	1.084558e-01	-1.683884e-01	2.639609e-01	-4.787063e-02	-3.980290e-02	-3.137942e-01	4.134432e-01	-4.617711e-01	4.872186e-01	-2.467789e-01	-9.510609e-02	8.852636e-01	-9.577326e-01	1.000000e+00	-7.322523e-01	5.343273e-01	
1.390973e-01	-8.935734e-02	2.725340e-02	-2.413151e-03	-4.031320e-03	3.460613e-03	-3.549234e-03	1.637084e-03	1.045830e-02	-7.665941e-03	1.757433e-02	-3.739743e-02	2.141722e-02	-6.121116e-03	-4.532053e-02	3.134722e-03	-1.390197e-02	2.068184e-02	4.915416e-02	-8.310191e-02	-8.432192e-01	8.252066e-01	-7.322523e-01	1.000000e+00	-9.531332e-01	
-8.655858e-02	-1.101453e-02	1.220514e-01	-2.366615e-02	-1.780338e-02	1.957801e-02	-1.843430e-02	5.809076e-05	7.380470e-03	-2.340235e-02	3.375450e-02	-4.699379e-02	-6.115785e-03	1.949303e-02	1.502919e-01	-9.739821e-02	1.315595e-01	-1.541384e-01	-5.236837e-02	2.189069e-01	6.962514e-01	-6.545031e-01	5.343273e-01	-9.531332e-01	1.000000e+00	

Time taken for mcmc chain: 1.174444 hours
