Number of steps: 1593795
Number of accepted steps: 1000000
Burn-in number of steps: 320000
Accepted fraction of steps: 0.627433
Convergence Status
R[0]= 1.140818	R[1]= 1.298322	R[2]= 1.238186	R[3]= 1.080680	R[4]= 1.028084	R[5]= 1.039780	R[6]= 1.110788	R[7]= 1.133831	R[8]= 1.104322	R[9]= 1.029485	R[10]= 1.035056	R[11]= 1.051731	R[12]= 1.060729	R[13]= 1.067426	R[14]= 1.029899	R[15]= 1.035751	R[16]= 1.028591	R[17]= 1.035538	R[18]= 1.074701	R[19]= 1.102507	R[20]= 1.066458	R[21]= 1.076149	R[22]= 1.092103	R[23]= 1.086095	R[24]= 1.101134	
<R>= 1.085927

Mean parameters
A[0]= 9.663146e-01 pm 4.631070e-02
A[1]= 1.054152e+00 pm 1.697509e-02
A[2]= 3.347638e-01 pm 1.732658e-01
A[3]= 1.656199e-01 pm 1.311964e-01
A[4]= 8.938707e+03 pm 1.974047e+03
A[5]= -7.235678e+03 pm 1.031720e+03
A[6]= 2.230796e+03 pm 2.020030e+02
A[7]= 5.687448e+00 pm 1.070904e+01
A[8]= -4.118218e-01 pm 1.529873e-01
A[9]= 2.425033e+03 pm 7.086519e+03
A[10]= -2.818407e+03 pm 3.909963e+03
A[11]= 6.205916e+02 pm 6.967289e+02
A[12]= 3.091505e+01 pm 4.590307e+01
A[13]= -1.068610e+00 pm 8.955674e-01
A[14]= 2.890225e-01 pm 1.886364e-01
A[15]= 9.509853e+03 pm 3.188831e+03
A[16]= -7.001956e+03 pm 1.701288e+03
A[17]= 2.102396e+03 pm 3.267338e+02
A[18]= 1.275654e+00 pm 1.785409e+01
A[19]= -2.248057e-01 pm 2.355340e-01
A[20]= 1.177426e+04 pm 1.030713e+04
A[21]= -7.880626e+03 pm 5.739739e+03
A[22]= 1.386649e+03 pm 1.025769e+03
A[23]= -5.539528e+00 pm 6.512667e+01
A[24]= -5.143261e-01 pm 1.187977e+00

Best-fitting parameters
A[0]= 9.299135e-01
A[1]= 1.048607e+00
A[2]= 3.765823e-01
A[3]= 1.103024e-01
A[4]= 1.021638e+04
A[5]= -7.992227e+03
A[6]= 2.398370e+03
A[7]= -3.682855e+00
A[8]= -2.641085e-01
A[9]= -9.179515e+02
A[10]= -9.031512e+02
A[11]= 3.136625e+02
A[12]= 4.563455e+01
A[13]= -1.068294e+00
A[14]= 1.665571e-01
A[15]= 1.170959e+04
A[16]= -8.327262e+03
A[17]= 2.413360e+03
A[18]= -1.489047e+01
A[19]= -4.434889e-02
A[20]= 1.603037e+04
A[21]= -1.028306e+04
A[22]= 1.790543e+03
A[23]= -2.432884e+01
A[24]= -2.557997e-01
chi2_min= 1.306194e+02


Cross-Covariance parameters
1.000000e+00	2.209172e-01	4.711970e-02	3.691600e-01	-7.763325e-02	1.693716e-01	-3.256561e-01	2.225361e-01	-9.666326e-02	2.243483e-01	-2.257566e-01	2.038400e-01	-2.223359e-01	2.207076e-01	8.160113e-02	-1.921427e-01	2.039711e-01	-2.288916e-01	2.326303e-01	-2.115707e-01	-1.087736e-01	1.092717e-01	-1.284304e-01	1.339322e-01	-1.583239e-01	
2.209172e-01	1.000000e+00	2.358902e-01	4.144299e-01	-5.669336e-02	1.235492e-01	-2.568955e-01	4.825501e-02	6.449670e-02	5.038943e-02	-4.864249e-02	3.502120e-02	-6.506561e-02	9.904158e-02	2.945373e-01	-1.649581e-01	2.008205e-01	-2.837731e-01	1.801352e-01	-1.268782e-01	-1.259349e-02	3.745470e-02	-7.827390e-02	9.435243e-02	-1.403949e-01	
4.711970e-02	2.358902e-01	1.000000e+00	7.031999e-02	-1.177139e-01	1.442142e-01	-1.923416e-01	9.517637e-02	-5.714446e-02	-2.331076e-02	2.287894e-02	-3.417959e-02	-4.061900e-02	6.898633e-02	-1.886394e-01	-1.295478e-01	1.373239e-01	-1.386852e-01	1.680317e-01	-1.777407e-01	-2.446672e-01	2.257604e-01	-2.119408e-01	1.362710e-01	-1.302395e-01	
3.691600e-01	4.144299e-01	7.031999e-02	1.000000e+00	-7.269916e-02	2.208518e-01	-4.981779e-01	7.017431e-02	1.024234e-01	1.888031e-01	-1.733329e-01	1.312861e-01	-1.711662e-01	1.875240e-01	2.131586e-01	-7.118662e-02	1.114722e-01	-1.913593e-01	1.507131e-01	-1.334163e-01	-7.108872e-02	8.665647e-02	-1.123264e-01	1.207116e-01	-1.503867e-01	
-7.763325e-02	-5.669336e-02	-1.177139e-01	-7.269916e-02	1.000000e+00	-9.715579e-01	8.074758e-01	-7.484019e-01	5.800426e-01	-1.735033e-01	1.885452e-01	-1.944242e-01	2.026786e-01	-1.420228e-01	4.292948e-02	-1.871897e-02	1.960328e-02	-3.403644e-02	5.374233e-02	-4.710858e-02	3.873395e-02	-3.395718e-02	2.656608e-02	-1.685672e-02	1.776451e-02	
1.693716e-01	1.235492e-01	1.442142e-01	2.208518e-01	-9.715579e-01	1.000000e+00	-9.199825e-01	8.350820e-01	-6.515802e-01	2.031878e-01	-2.128813e-01	2.056526e-01	-2.106270e-01	1.316670e-01	6.260662e-03	-1.772953e-02	2.494458e-02	-2.656169e-02	-2.324171e-03	-3.532117e-04	-4.956588e-02	5.150931e-02	-5.511464e-02	5.165835e-02	-6.332314e-02	
-3.256561e-01	-2.568955e-01	-1.923416e-01	-4.981779e-01	8.074758e-01	-9.199825e-01	1.000000e+00	-8.541781e-01	6.664783e-01	-2.286460e-01	2.264577e-01	-1.954841e-01	2.003661e-01	-1.079769e-01	-8.106020e-02	7.270074e-02	-9.499896e-02	1.277932e-01	-9.243266e-02	9.055640e-02	7.069343e-02	-8.325811e-02	1.047851e-01	-1.098595e-01	1.373389e-01	
2.225361e-01	4.825501e-02	9.517637e-02	7.017431e-02	-7.484019e-01	8.350820e-01	-8.541781e-01	1.000000e+00	-9.370498e-01	1.808858e-01	-1.794071e-01	1.550299e-01	-1.100662e-01	-4.354846e-02	1.080728e-03	-4.239669e-02	5.161364e-02	-5.909683e-02	5.662921e-02	-7.376037e-02	-1.819651e-02	3.125699e-02	-5.350850e-02	7.302570e-02	-9.947984e-02	
-9.666326e-02	6.449670e-02	-5.714446e-02	1.024234e-01	5.800426e-01	-6.515802e-01	6.664783e-01	-9.370498e-01	1.000000e+00	-1.404310e-01	1.375010e-01	-1.163891e-01	4.997301e-02	1.309939e-01	6.659554e-02	1.739730e-02	-1.822144e-02	9.365018e-03	-3.453091e-02	6.110782e-02	-2.106136e-02	8.254595e-03	1.401317e-02	-4.115275e-02	6.136179e-02	
2.243483e-01	5.038943e-02	-2.331076e-02	1.888031e-01	-1.735033e-01	2.031878e-01	-2.286460e-01	1.808858e-01	-1.404310e-01	1.000000e+00	-9.919467e-01	9.580460e-01	-8.868670e-01	7.787383e-01	7.969841e-03	-5.439268e-02	4.303594e-02	-2.397282e-02	1.066715e-02	4.898331e-03	-1.286179e-01	1.201762e-01	-1.087552e-01	9.439426e-02	-6.690044e-02	
-2.257566e-01	-4.864249e-02	2.287894e-02	-1.733329e-01	1.885452e-01	-2.128813e-01	2.264577e-01	-1.794071e-01	1.375010e-01	-9.919467e-01	1.000000e+00	-9.857384e-01	9.303274e-01	-8.296462e-01	-1.995031e-02	7.221927e-02	-6.008414e-02	3.942809e-02	-2.021075e-02	-2.099804e-03	1.164129e-01	-1.067491e-01	9.467321e-02	-7.983083e-02	5.434979e-02	
2.038400e-01	3.502120e-02	-3.417959e-02	1.312861e-01	-1.944242e-01	2.056526e-01	-1.954841e-01	1.550299e-01	-1.163891e-01	9.580460e-01	-9.857384e-01	1.000000e+00	-9.709116e-01	8.883345e-01	3.833190e-02	-8.260265e-02	6.993920e-02	-4.942488e-02	2.338426e-02	4.495489e-03	-9.430666e-02	8.147111e-02	-6.654302e-02	5.073029e-02	-2.715576e-02	
-2.223359e-01	-6.506561e-02	-4.061900e-02	-1.711662e-01	2.026786e-01	-2.106270e-01	2.003661e-01	-1.100662e-01	4.997301e-02	-8.868670e-01	9.303274e-01	-9.709116e-01	1.000000e+00	-9.638771e-01	-6.274747e-02	1.090268e-01	-1.008822e-01	8.978400e-02	-5.412405e-02	1.966560e-02	9.324056e-02	-7.637388e-02	5.917615e-02	-3.454318e-02	1.438164e-02	
2.207076e-01	9.904158e-02	6.898633e-02	1.875240e-01	-1.420228e-01	1.316670e-01	-1.079769e-01	-4.354846e-02	1.309939e-01	7.787383e-01	-8.296462e-01	8.883345e-01	-9.638771e-01	1.000000e+00	9.075861e-02	-1.165794e-01	1.125405e-01	-1.103384e-01	6.468426e-02	-2.232363e-02	-8.049311e-02	6.038824e-02	-4.011967e-02	9.238598e-03	8.365038e-03	
8.160113e-02	2.945373e-01	-1.886394e-01	2.131586e-01	4.292948e-02	6.260662e-03	-8.106020e-02	1.080728e-03	6.659554e-02	7.969841e-03	-1.995031e-02	3.833190e-02	-6.274747e-02	9.075861e-02	1.000000e+00	-9.680996e-02	2.117826e-01	-4.341425e-01	1.123005e-01	-6.726814e-03	5.648110e-02	-3.186560e-02	-6.115689e-03	-4.044197e-03	-1.993876e-03	
-1.921427e-01	-1.649581e-01	-1.295478e-01	-7.118662e-02	-1.871897e-02	-1.772953e-02	7.270074e-02	-4.239669e-02	1.739730e-02	-5.439268e-02	7.221927e-02	-8.260265e-02	1.090268e-01	-1.165794e-01	-9.680996e-02	1.000000e+00	-9.825488e-01	8.766885e-01	-8.279368e-01	7.015179e-01	1.023210e-01	-1.043563e-01	1.126669e-01	-1.022745e-01	1.513073e-01	
2.039711e-01	2.008205e-01	1.373239e-01	1.114722e-01	1.960328e-02	2.494458e-02	-9.499896e-02	5.161364e-02	-1.822144e-02	4.303594e-02	-6.008414e-02	6.993920e-02	-1.008822e-01	1.125405e-01	2.117826e-01	-9.825488e-01	1.000000e+00	-9.477684e-01	8.860131e-01	-7.604616e-01	-9.034407e-02	9.667403e-02	-1.121814e-01	1.022684e-01	-1.571341e-01	
-2.288916e-01	-2.837731e-01	-1.386852e-01	-1.913593e-01	-3.403644e-02	-2.656169e-02	1.277932e-01	-5.909683e-02	9.365018e-03	-2.397282e-02	3.942809e-02	-4.942488e-02	8.978400e-02	-1.103384e-01	-4.341425e-01	8.766885e-01	-9.477684e-01	1.000000e+00	-9.102551e-01	7.987666e-01	5.330241e-02	-6.761737e-02	9.754242e-02	-9.087400e-02	1.562169e-01	
2.326303e-01	1.801352e-01	1.680317e-01	1.507131e-01	5.374233e-02	-2.324171e-03	-9.243266e-02	5.662921e-02	-3.453091e-02	1.066715e-02	-2.021075e-02	2.338426e-02	-5.412405e-02	6.468426e-02	1.123005e-01	-8.279368e-01	8.860131e-01	-9.102551e-01	1.000000e+00	-9.645984e-01	-3.414982e-02	4.177939e-02	-6.516599e-02	8.014679e-02	-1.687303e-01	
-2.115707e-01	-1.268782e-01	-1.777407e-01	-1.334163e-01	-4.710858e-02	-3.532117e-04	9.055640e-02	-7.376037e-02	6.110782e-02	4.898331e-03	-2.099804e-03	4.495489e-03	1.966560e-02	-2.232363e-02	-6.726814e-03	7.015179e-01	-7.604616e-01	7.987666e-01	-9.645984e-01	1.000000e+00	1.058148e-02	-1.592039e-02	3.791100e-02	-6.238996e-02	1.638532e-01	
-1.087736e-01	-1.259349e-02	-2.446672e-01	-7.108872e-02	3.873395e-02	-4.956588e-02	7.069343e-02	-1.819651e-02	-2.106136e-02	-1.286179e-01	1.164129e-01	-9.430666e-02	9.324056e-02	-8.049311e-02	5.648110e-02	1.023210e-01	-9.034407e-02	5.330241e-02	-3.414982e-02	1.058148e-02	1.000000e+00	-9.928725e-01	9.652789e-01	-9.122667e-01	8.433568e-01	
1.092717e-01	3.745470e-02	2.257604e-01	8.665647e-02	-3.395718e-02	5.150931e-02	-8.325811e-02	3.125699e-02	8.254595e-03	1.201762e-01	-1.067491e-01	8.147111e-02	-7.637388e-02	6.038824e-02	-3.186560e-02	-1.043563e-01	9.667403e-02	-6.761737e-02	4.177939e-02	-1.592039e-02	-9.928725e-01	1.000000e+00	-9.889061e-01	9.496671e-01	-8.883786e-01	
-1.284304e-01	-7.827390e-02	-2.119408e-01	-1.123264e-01	2.656608e-02	-5.511464e-02	1.047851e-01	-5.350850e-02	1.401317e-02	-1.087552e-01	9.467321e-02	-6.654302e-02	5.917615e-02	-4.011967e-02	-6.115689e-03	1.126669e-01	-1.121814e-01	9.754242e-02	-6.516599e-02	3.791100e-02	9.652789e-01	-9.889061e-01	1.000000e+00	-9.810976e-01	9.346823e-01	
1.339322e-01	9.435243e-02	1.362710e-01	1.207116e-01	-1.685672e-02	5.165835e-02	-1.098595e-01	7.302570e-02	-4.115275e-02	9.439426e-02	-7.983083e-02	5.073029e-02	-3.454318e-02	9.238598e-03	-4.044197e-03	-1.022745e-01	1.022684e-01	-9.087400e-02	8.014679e-02	-6.238996e-02	-9.122667e-01	9.496671e-01	-9.810976e-01	1.000000e+00	-9.787831e-01	
-1.583239e-01	-1.403949e-01	-1.302395e-01	-1.503867e-01	1.776451e-02	-6.332314e-02	1.373389e-01	-9.947984e-02	6.136179e-02	-6.690044e-02	5.434979e-02	-2.715576e-02	1.438164e-02	8.365038e-03	-1.993876e-03	1.513073e-01	-1.571341e-01	1.562169e-01	-1.687303e-01	1.638532e-01	8.433568e-01	-8.883786e-01	9.346823e-01	-9.787831e-01	1.000000e+00	

Time taken for mcmc chain: 11.233333 minutes
