Number of steps: 10298808
Number of accepted steps: 1000000
Burn-in number of steps: 320000
Accepted fraction of steps: 0.097099
Convergence Status
R[0]= 1.040180	R[1]= 1.032271	R[2]= 1.023633	R[3]= 1.079557	R[4]= 1.042829	R[5]= 1.057671	R[6]= 1.074325	R[7]= 1.060014	R[8]= 1.010258	R[9]= 1.007484	R[10]= 1.011151	R[11]= 1.020370	R[12]= 1.003678	R[13]= 1.000554	R[14]= 1.015259	R[15]= 1.022990	R[16]= 1.020527	R[17]= 1.016349	R[18]= 1.011459	R[19]= 1.015358	R[20]= 1.010413	R[21]= 1.013947	R[22]= 1.027441	R[23]= 1.007912	R[24]= 1.000736	
<R>= 1.025055

Mean parameters
A[0]= 5.865019e-01 pm 9.982884e-02
A[1]= 9.493545e-01 pm 7.020494e-02
A[2]= 9.312180e-01 pm 3.502441e-01
A[3]= 1.308236e+00 pm 7.626388e-01
A[4]= 2.569724e+03 pm 4.752089e+03
A[5]= -2.071696e+03 pm 3.546977e+03
A[6]= 6.943738e+02 pm 1.009377e+03
A[7]= 3.009134e+01 pm 1.969505e+01
A[8]= -4.858592e-01 pm 1.808985e-01
A[9]= -4.988713e+03 pm 8.648041e+03
A[10]= 1.713186e+03 pm 4.953464e+03
A[11]= -2.014848e+02 pm 9.307450e+02
A[12]= 3.625225e+01 pm 4.826378e+01
A[13]= -1.120741e+00 pm 8.867456e-01
A[14]= 4.157194e+00 pm 1.670878e+00
A[15]= -9.995447e+03 pm 9.692958e+03
A[16]= 9.279504e+03 pm 7.377987e+03
A[17]= -2.846869e+03 pm 2.091827e+03
A[18]= 7.187132e+01 pm 3.515345e+01
A[19]= -3.318446e-01 pm 2.586818e-01
A[20]= -4.220688e+03 pm 1.367686e+04
A[21]= 2.336025e+03 pm 8.094937e+03
A[22]= -5.311967e+02 pm 1.641533e+03
A[23]= -3.972003e+01 pm 6.888681e+01
A[24]= 3.911354e-01 pm 1.253332e+00

Best-fitting parameters
A[0]= 5.149031e-01
A[1]= 9.701177e-01
A[2]= 1.029819e+00
A[3]= 1.480790e+00
A[4]= -6.387850e+01
A[5]= -3.160677e+02
A[6]= 2.756091e+02
A[7]= 3.924632e+01
A[8]= -5.600600e-01
A[9]= -4.717526e+03
A[10]= 1.531977e+03
A[11]= -6.387369e+01
A[12]= 1.771267e+01
A[13]= -7.696023e-01
A[14]= 6.447985e+00
A[15]= -2.611699e+04
A[16]= 2.178381e+04
A[17]= -6.352003e+03
A[18]= 1.251959e+02
A[19]= -5.098885e-01
A[20]= -1.747315e+04
A[21]= 9.667896e+03
A[22]= -1.367733e+03
A[23]= -8.202441e+01
A[24]= 1.171199e+00
chi2_min= 1.072371e+02


Cross-Covariance parameters
1.000000e+00	8.505390e-03	-4.174715e-01	-1.476315e-01	3.556216e-01	-3.295610e-01	2.754049e-01	-1.831354e-01	9.117778e-02	1.826370e-01	-1.650336e-01	7.571997e-02	9.288744e-02	-4.022275e-02	-3.394203e-01	5.545893e-01	-5.249895e-01	4.653046e-01	-3.328222e-01	9.063867e-02	3.686718e-01	-3.231965e-01	1.448375e-01	1.832154e-01	-1.142280e-01	
8.505390e-03	1.000000e+00	-2.141517e-01	3.819894e-02	-1.067184e-02	3.065960e-02	-5.979048e-02	1.010057e-01	-8.764311e-02	8.259260e-03	-4.165480e-02	1.282771e-01	-6.156538e-02	-1.423752e-03	-1.263326e-02	5.721989e-02	-3.419658e-02	-4.160721e-03	1.080021e-01	-1.765144e-01	8.196510e-02	-1.400142e-01	2.673984e-01	-1.495695e-01	4.774874e-02	
-4.174715e-01	-2.141517e-01	1.000000e+00	-1.100202e-01	-2.341219e-01	2.086999e-01	-1.599091e-01	6.853965e-02	-4.020053e-03	-2.219025e-01	2.629026e-01	-3.202064e-01	3.756737e-02	9.841432e-03	-8.278648e-02	-3.386043e-01	3.092292e-01	-2.554720e-01	1.303624e-01	3.224878e-02	-3.746554e-01	4.407599e-01	-5.140597e-01	5.219567e-02	6.330876e-02	
-1.476315e-01	3.819894e-02	-1.100202e-01	1.000000e+00	-7.709759e-01	8.602145e-01	-9.211314e-01	7.364723e-01	-2.235145e-01	-3.467494e-01	3.744204e-01	-3.449952e-01	-7.219298e-02	8.203695e-02	2.670075e-01	-2.406197e-01	2.525989e-01	-2.589075e-01	2.412942e-01	-1.080101e-01	-1.210716e-01	9.995051e-02	-2.268742e-02	-7.961852e-02	4.614068e-02	
3.556216e-01	-1.067184e-02	-2.341219e-01	-7.709759e-01	1.000000e+00	-9.813055e-01	9.309592e-01	-8.978823e-01	5.265495e-01	3.501363e-01	-3.865365e-01	3.712171e-01	8.850114e-02	-4.832681e-02	-2.392815e-01	3.750316e-01	-3.711725e-01	3.516806e-01	-2.807631e-01	9.043019e-02	2.606856e-01	-2.549342e-01	1.848409e-01	7.862070e-02	-7.090095e-02	
-3.295610e-01	3.065960e-02	2.086999e-01	8.602145e-01	-9.813055e-01	1.000000e+00	-9.832530e-01	8.985242e-01	-4.661347e-01	-3.805474e-01	4.204574e-01	-4.067776e-01	-8.766628e-02	6.362610e-02	2.524432e-01	-3.745227e-01	3.753999e-01	-3.619912e-01	2.983386e-01	-1.026777e-01	-2.580967e-01	2.534695e-01	-1.851155e-01	-7.874198e-02	7.364443e-02	
2.754049e-01	-5.979048e-02	-1.599091e-01	-9.211314e-01	9.309592e-01	-9.832530e-01	1.000000e+00	-8.732913e-01	3.979943e-01	3.975535e-01	-4.391223e-01	4.274706e-01	7.686518e-02	-6.817692e-02	-2.515820e-01	3.480394e-01	-3.548066e-01	3.500867e-01	-3.007188e-01	1.126202e-01	2.359975e-01	-2.322642e-01	1.690496e-01	7.552141e-02	-7.226952e-02	
-1.831354e-01	1.010057e-01	6.853965e-02	7.364723e-01	-8.978823e-01	8.985242e-01	-8.732913e-01	1.000000e+00	-7.771268e-01	-2.343417e-01	2.676725e-01	-2.620987e-01	-9.684768e-02	-2.637263e-03	1.909546e-01	-2.419950e-01	2.511893e-01	-2.543479e-01	2.323971e-01	-1.034482e-01	-1.549500e-01	1.468589e-01	-9.031712e-02	-6.642472e-02	5.212772e-02	
9.117778e-02	-8.764311e-02	-4.020053e-03	-2.235145e-01	5.265495e-01	-4.661347e-01	3.979943e-01	-7.771268e-01	1.000000e+00	-3.399865e-02	2.494908e-02	-2.749813e-02	9.273274e-02	1.063270e-01	-6.533505e-02	8.277796e-02	-8.436207e-02	8.447468e-02	-8.434144e-02	5.466052e-02	4.182878e-02	-2.929948e-02	-1.088767e-02	4.496516e-02	-1.908470e-02	
1.826370e-01	8.259260e-03	-2.219025e-01	-3.467494e-01	3.501363e-01	-3.805474e-01	3.975535e-01	-2.343417e-01	-3.399865e-02	1.000000e+00	-9.899454e-01	9.343063e-01	-7.777024e-01	6.776937e-01	-9.376816e-02	2.007565e-01	-2.001467e-01	1.903947e-01	-1.413519e-01	2.268248e-02	1.638521e-01	-1.755932e-01	1.661786e-01	2.416371e-02	-5.033344e-02	
-1.650336e-01	-4.165480e-02	2.629026e-01	3.744204e-01	-3.865365e-01	4.204574e-01	-4.391223e-01	2.676725e-01	2.494908e-02	-9.899454e-01	1.000000e+00	-9.726226e-01	7.869440e-01	-6.839817e-01	8.642858e-02	-2.076361e-01	2.079296e-01	-1.986386e-01	1.444219e-01	-1.459707e-02	-1.798200e-01	2.016339e-01	-2.113037e-01	-7.572563e-03	5.183530e-02	
7.571997e-02	1.282771e-01	-3.202064e-01	-3.449952e-01	3.712171e-01	-4.067776e-01	4.274706e-01	-2.620987e-01	-2.749813e-02	9.343063e-01	-9.726226e-01	1.000000e+00	-7.963577e-01	6.834570e-01	-3.996832e-02	1.736872e-01	-1.760880e-01	1.698237e-01	-1.121898e-01	-1.730655e-02	1.811416e-01	-2.262289e-01	2.881341e-01	-4.278503e-02	-4.212953e-02	
9.288744e-02	-6.156538e-02	3.756737e-02	-7.219298e-02	8.850114e-02	-8.766628e-02	7.686518e-02	-9.684768e-02	9.273274e-02	-7.777024e-01	7.869440e-01	-7.963577e-01	1.000000e+00	-9.512561e-01	-5.581533e-02	5.107967e-02	-4.825831e-02	4.402672e-02	-4.620690e-02	4.180550e-02	1.736955e-02	2.306265e-03	-4.995925e-02	3.521316e-02	2.298206e-03	
-4.022275e-02	-1.423752e-03	9.841432e-03	8.203695e-02	-4.832681e-02	6.362610e-02	-6.817692e-02	-2.637263e-03	1.063270e-01	6.776937e-01	-6.839817e-01	6.834570e-01	-9.512561e-01	1.000000e+00	3.477140e-02	-3.910096e-02	3.890800e-02	-3.748986e-02	3.314801e-02	-1.685910e-02	-2.933545e-02	2.694351e-02	-1.608754e-02	1.660252e-03	-8.013537e-03	
-3.394203e-01	-1.263326e-02	-8.278648e-02	2.670075e-01	-2.392815e-01	2.524432e-01	-2.515820e-01	1.909546e-01	-6.533505e-02	-9.376816e-02	8.642858e-02	-3.996832e-02	-5.581533e-02	3.477140e-02	1.000000e+00	-7.995579e-01	8.602230e-01	-9.050476e-01	7.837843e-01	-2.072428e-01	-4.429375e-01	4.360847e-01	-3.131124e-01	-1.607956e-01	1.733900e-01	
5.545893e-01	5.721989e-02	-3.386043e-01	-2.406197e-01	3.750316e-01	-3.745227e-01	3.480394e-01	-2.419950e-01	8.277796e-02	2.007565e-01	-2.076361e-01	1.736872e-01	5.107967e-02	-3.910096e-02	-7.995579e-01	1.000000e+00	-9.881191e-01	9.515471e-01	-8.823977e-01	4.094628e-01	5.933716e-01	-6.033160e-01	4.947333e-01	1.222657e-01	-1.418394e-01	
-5.249895e-01	-3.419658e-02	3.092292e-01	2.525989e-01	-3.711725e-01	3.753999e-01	-3.548066e-01	2.511893e-01	-8.436207e-02	-2.001467e-01	2.079296e-01	-1.760880e-01	-4.825831e-02	3.890800e-02	8.602230e-01	-9.881191e-01	1.000000e+00	-9.869930e-01	8.955533e-01	-3.685485e-01	-5.993596e-01	6.138340e-01	-5.102423e-01	-1.309142e-01	1.635518e-01	
4.653046e-01	-4.160721e-03	-2.554720e-01	-2.589075e-01	3.516806e-01	-3.619912e-01	3.500867e-01	-2.543479e-01	8.447468e-02	1.903947e-01	-1.986386e-01	1.698237e-01	4.402672e-02	-3.748986e-02	-9.050476e-01	9.515471e-01	-9.869930e-01	1.000000e+00	-8.971866e-01	3.318949e-01	5.852055e-01	-6.040596e-01	5.092065e-01	1.341248e-01	-1.787655e-01	
-3.328222e-01	1.080021e-01	1.303624e-01	2.412942e-01	-2.807631e-01	2.983386e-01	-3.007188e-01	2.323971e-01	-8.434144e-02	-1.413519e-01	1.444219e-01	-1.121898e-01	-4.620690e-02	3.314801e-02	7.837843e-01	-8.823977e-01	8.955533e-01	-8.971866e-01	1.000000e+00	-6.966928e-01	-4.633291e-01	4.755631e-01	-3.894251e-01	-9.494010e-02	8.624628e-02	
9.063867e-02	-1.765144e-01	3.224878e-02	-1.080101e-01	9.043019e-02	-1.026777e-01	1.126202e-01	-1.034482e-01	5.466052e-02	2.268248e-02	-1.459707e-02	-1.730655e-02	4.180550e-02	-1.685910e-02	-2.072428e-01	4.094628e-01	-3.685485e-01	3.318949e-01	-6.966928e-01	1.000000e+00	9.516784e-02	-8.416828e-02	3.075534e-02	4.144955e-03	1.146752e-01	
3.686718e-01	8.196510e-02	-3.746554e-01	-1.210716e-01	2.606856e-01	-2.580967e-01	2.359975e-01	-1.549500e-01	4.182878e-02	1.638521e-01	-1.798200e-01	1.811416e-01	1.736955e-02	-2.933545e-02	-4.429375e-01	5.933716e-01	-5.993596e-01	5.852055e-01	-4.633291e-01	9.516784e-02	1.000000e+00	-9.843527e-01	8.733692e-01	-5.988060e-01	5.007965e-01	
-3.231965e-01	-1.400142e-01	4.407599e-01	9.995051e-02	-2.549342e-01	2.534695e-01	-2.322642e-01	1.468589e-01	-2.929948e-02	-1.755932e-01	2.016339e-01	-2.262289e-01	2.306265e-03	2.694351e-02	4.360847e-01	-6.033160e-01	6.138340e-01	-6.040596e-01	4.755631e-01	-8.416828e-02	-9.843527e-01	1.000000e+00	-9.419352e-01	6.143745e-01	-4.869809e-01	
1.448375e-01	2.673984e-01	-5.140597e-01	-2.268742e-02	1.848409e-01	-1.851155e-01	1.690496e-01	-9.031712e-02	-1.088767e-02	1.661786e-01	-2.113037e-01	2.881341e-01	-4.995925e-02	-1.608754e-02	-3.131124e-01	4.947333e-01	-5.102423e-01	5.092065e-01	-3.894251e-01	3.075534e-02	8.733692e-01	-9.419352e-01	1.000000e+00	-6.492811e-01	4.652940e-01	
1.832154e-01	-1.495695e-01	5.219567e-02	-7.961852e-02	7.862070e-02	-7.874198e-02	7.552141e-02	-6.642472e-02	4.496516e-02	2.416371e-02	-7.572563e-03	-4.278503e-02	3.521316e-02	1.660252e-03	-1.607956e-01	1.222657e-01	-1.309142e-01	1.341248e-01	-9.494010e-02	4.144955e-03	-5.988060e-01	6.143745e-01	-6.492811e-01	1.000000e+00	-9.442093e-01	
-1.142280e-01	4.774874e-02	6.330876e-02	4.614068e-02	-7.090095e-02	7.364443e-02	-7.226952e-02	5.212772e-02	-1.908470e-02	-5.033344e-02	5.183530e-02	-4.212953e-02	2.298206e-03	-8.013537e-03	1.733900e-01	-1.418394e-01	1.635518e-01	-1.787655e-01	8.624628e-02	1.146752e-01	5.007965e-01	-4.869809e-01	4.652940e-01	-9.442093e-01	1.000000e+00	

Time taken for mcmc chain: 2.453889 hours
