Number of steps: 1284922
Number of accepted steps: 1000000
Burn-in number of steps: 320000
Accepted fraction of steps: 0.778257
Convergence Status
R[0]= 1.064882	R[1]= 1.022727	R[2]= 1.049280	R[3]= 1.083313	R[4]= 1.109303	R[5]= 1.122498	R[6]= 1.143436	R[7]= 1.048734	R[8]= 1.029528	R[9]= 1.087890	R[10]= 1.090169	R[11]= 1.088233	R[12]= 1.010190	R[13]= 1.003227	R[14]= 1.085823	R[15]= 1.088058	R[16]= 1.093902	R[17]= 1.090722	R[18]= 1.020251	R[19]= 1.041460	R[20]= 1.104637	R[21]= 1.100540	R[22]= 1.091229	R[23]= 1.021461	R[24]= 1.011366	
<R>= 1.068114

Mean parameters
A[0]= 9.610493e-01 pm 3.445730e-02
A[1]= 1.040854e+00 pm 2.819016e-02
A[2]= 8.976071e-01 pm 2.679884e-01
A[3]= 1.269509e+00 pm 4.554516e-01
A[4]= 3.984938e+03 pm 2.516922e+03
A[5]= -3.921971e+03 pm 1.569271e+03
A[6]= 1.511159e+03 pm 3.442391e+02
A[7]= 5.009544e+00 pm 1.173600e+01
A[8]= -3.297143e-01 pm 1.796444e-01
A[9]= -1.160245e+03 pm 7.352203e+03
A[10]= -2.001491e+02 pm 4.163783e+03
A[11]= 4.004622e+00 pm 7.691870e+02
A[12]= 2.665179e+01 pm 4.330014e+01
A[13]= -8.567636e-01 pm 7.986453e-01
A[14]= 1.749189e+00 pm 6.618270e-01
A[15]= 4.475856e+03 pm 4.557404e+03
A[16]= -3.544088e+03 pm 2.632011e+03
A[17]= 1.345350e+03 pm 5.267039e+02
A[18]= -1.170822e+01 pm 2.015465e+01
A[19]= 2.244413e-02 pm 2.738371e-01
A[20]= 1.002206e+04 pm 1.126435e+04
A[21]= -6.413910e+03 pm 6.405804e+03
A[22]= 9.839672e+02 pm 1.190106e+03
A[23]= -4.174430e+01 pm 7.254278e+01
A[24]= 3.473299e-01 pm 1.391594e+00

Best-fitting parameters
A[0]= 9.909451e-01
A[1]= 1.055082e+00
A[2]= 1.237709e+00
A[3]= 1.369570e+00
A[4]= 2.079039e+03
A[5]= -2.476827e+03
A[6]= 1.140570e+03
A[7]= 1.207078e+01
A[8]= -4.079929e-01
A[9]= -1.172245e+04
A[10]= 6.338497e+03
A[11]= -1.274183e+03
A[12]= 7.164241e+01
A[13]= -1.671428e+00
A[14]= 2.126925e+00
A[15]= 4.412158e+02
A[16]= -9.821233e+02
A[17]= 8.004197e+02
A[18]= -1.884642e+01
A[19]= 1.980612e-01
A[20]= 6.619304e+03
A[21]= -3.621474e+03
A[22]= 2.739852e+02
A[23]= -6.157806e+01
A[24]= 1.020051e+00
chi2_min= 1.046202e+02


Cross-Covariance parameters
1.000000e+00	-3.104454e-01	-6.532837e-02	3.237837e-01	-2.601622e-01	2.921209e-01	-3.288904e-01	1.752779e-01	-1.417497e-01	-1.693440e-01	2.000286e-01	-2.478171e-01	1.482942e-01	-1.661340e-01	1.931342e-01	9.863240e-02	-6.289365e-02	5.569624e-04	-1.657993e-01	1.563030e-01	1.408876e-01	-9.492550e-02	1.707298e-02	-5.667421e-02	6.255278e-02	
-3.104454e-01	1.000000e+00	2.625816e-01	-3.955530e-01	8.626532e-02	-9.688867e-02	9.481854e-02	1.683301e-01	-1.274386e-01	2.143121e-01	-2.080760e-01	1.989483e-01	-1.338190e-01	9.957868e-02	-3.866266e-01	1.404594e-01	-1.506705e-01	1.627868e-01	4.626456e-02	-1.482979e-02	1.197967e-01	-1.521692e-01	1.936940e-01	-1.405077e-01	1.235851e-01	
-6.532837e-02	2.625816e-01	1.000000e+00	-1.360702e-01	-2.065214e-01	2.541551e-01	-2.869980e-01	-4.342476e-02	9.798215e-02	9.463186e-02	-2.746570e-02	-6.894719e-02	-3.207517e-01	3.695146e-01	-1.608938e-01	-6.553147e-02	1.092790e-01	-1.530727e-01	-1.207724e-01	1.823036e-01	-2.699131e-01	2.955442e-01	-3.292865e-01	1.522895e-02	3.569886e-02	
3.237837e-01	-3.955530e-01	-1.360702e-01	1.000000e+00	-6.310555e-01	7.013704e-01	-7.489610e-01	-7.291645e-02	2.165588e-01	-4.172083e-01	4.594733e-01	-5.077847e-01	2.470088e-01	-1.622000e-01	1.275553e-01	3.875029e-02	-5.164778e-02	5.412142e-02	-1.811742e-01	1.754765e-01	-3.454566e-02	6.058139e-02	-9.943487e-02	1.177883e-01	-1.135590e-01	
-2.601622e-01	8.626532e-02	-2.065214e-01	-6.310555e-01	1.000000e+00	-9.848617e-01	9.397019e-01	-4.879635e-01	2.607187e-01	2.558204e-01	-3.110900e-01	3.819464e-01	-8.717992e-02	9.516445e-02	-3.767733e-02	-7.800033e-03	-4.104752e-03	2.850878e-02	1.074136e-01	-1.135925e-01	1.453967e-02	-3.794957e-02	8.036521e-02	-7.325662e-03	8.422267e-03	
2.921209e-01	-9.688867e-02	2.541551e-01	7.013704e-01	-9.848617e-01	1.000000e+00	-9.838084e-01	4.500409e-01	-2.256055e-01	-2.644210e-01	3.259774e-01	-4.065590e-01	7.051834e-02	-6.875250e-02	6.044810e-02	-1.268053e-03	1.536502e-02	-4.238117e-02	-1.498786e-01	1.650601e-01	-3.919086e-02	6.786619e-02	-1.160296e-01	1.700378e-02	-1.057349e-02	
-3.288904e-01	9.481854e-02	-2.869980e-01	-7.489610e-01	9.397019e-01	-9.838084e-01	1.000000e+00	-4.165965e-01	2.088184e-01	2.655308e-01	-3.323455e-01	4.211675e-01	-5.920270e-02	5.456493e-02	-8.165867e-02	1.278004e-02	-2.891241e-02	5.783779e-02	1.811273e-01	-2.067176e-01	6.337350e-02	-9.578776e-02	1.479035e-01	-2.827711e-02	1.485055e-02	
1.752779e-01	1.683301e-01	-4.342476e-02	-7.291645e-02	-4.879635e-01	4.500409e-01	-4.165965e-01	1.000000e+00	-9.475296e-01	1.560594e-01	-1.551528e-01	1.429789e-01	-5.890591e-02	-1.557244e-01	1.508770e-01	-6.515923e-02	8.372560e-02	-1.082465e-01	8.496192e-03	9.737609e-03	1.065362e-01	-1.064038e-01	9.706813e-02	-1.210793e-01	1.027099e-01	
-1.417497e-01	-1.274386e-01	9.798215e-02	2.165588e-01	2.607187e-01	-2.256055e-01	2.088184e-01	-9.475296e-01	1.000000e+00	-2.424412e-01	2.535897e-01	-2.551609e-01	9.595512e-02	1.587004e-01	-1.829130e-01	9.046114e-02	-1.099261e-01	1.323792e-01	-3.574796e-02	1.520886e-02	-8.409221e-02	8.557770e-02	-8.170688e-02	1.008183e-01	-8.659047e-02	
-1.693440e-01	2.143121e-01	9.463186e-02	-4.172083e-01	2.558204e-01	-2.644210e-01	2.655308e-01	1.560594e-01	-2.424412e-01	1.000000e+00	-9.904414e-01	9.503723e-01	-8.670046e-01	7.160977e-01	5.086484e-02	-3.071250e-02	4.992189e-02	-7.746793e-02	3.110367e-02	-4.089735e-02	-5.135097e-02	5.996618e-02	-6.607677e-02	3.882208e-02	-3.571882e-02	
2.000286e-01	-2.080760e-01	-2.746570e-02	4.594733e-01	-3.110900e-01	3.259774e-01	-3.323455e-01	-1.551528e-01	2.535897e-01	-9.904414e-01	1.000000e+00	-9.836396e-01	8.679214e-01	-7.173989e-01	-6.508217e-02	4.378467e-02	-6.009383e-02	8.272211e-02	-5.821219e-02	7.022006e-02	1.330072e-02	-1.811433e-02	1.946965e-02	-1.093336e-02	1.270838e-02	
-2.478171e-01	1.989483e-01	-6.894719e-02	-5.077847e-01	3.819464e-01	-4.065590e-01	4.211675e-01	1.429789e-01	-2.551609e-01	9.503723e-01	-9.836396e-01	1.000000e+00	-8.416565e-01	6.997066e-01	7.840099e-02	-6.098621e-02	7.206803e-02	-8.605032e-02	9.713336e-02	-1.114365e-01	3.330308e-02	-3.536347e-02	4.289769e-02	-2.407381e-02	1.566365e-02	
1.482942e-01	-1.338190e-01	-3.207517e-01	2.470088e-01	-8.717992e-02	7.051834e-02	-5.920270e-02	-5.890591e-02	9.595512e-02	-8.670046e-01	8.679214e-01	-8.416565e-01	1.000000e+00	-9.452537e-01	-1.173331e-01	1.336268e-01	-1.679438e-01	2.063960e-01	-4.661622e-03	-1.609819e-02	9.006813e-02	-1.115629e-01	1.376011e-01	6.460801e-03	-2.772604e-02	
-1.661340e-01	9.957868e-02	3.695146e-01	-1.622000e-01	9.516445e-02	-6.875250e-02	5.456493e-02	-1.557244e-01	1.587004e-01	7.160977e-01	-7.173989e-01	6.997066e-01	-9.452537e-01	1.000000e+00	1.075756e-01	-1.620209e-01	1.933705e-01	-2.239444e-01	3.435091e-03	3.119683e-02	-1.053229e-01	1.264309e-01	-1.525774e-01	-1.251971e-02	4.056429e-02	
1.931342e-01	-3.866266e-01	-1.608938e-01	1.275553e-01	-3.767733e-02	6.044810e-02	-8.165867e-02	1.508770e-01	-1.829130e-01	5.086484e-02	-6.508217e-02	7.840099e-02	-1.173331e-01	1.075756e-01	1.000000e+00	-5.353726e-01	6.315026e-01	-7.197802e-01	-7.338094e-02	2.195921e-01	-6.247252e-02	9.327406e-02	-1.344952e-01	-1.556224e-01	2.132740e-01	
9.863240e-02	1.404594e-01	-6.553147e-02	3.875029e-02	-7.800033e-03	-1.268053e-03	1.278004e-02	-6.515923e-02	9.046114e-02	-3.071250e-02	4.378467e-02	-6.098621e-02	1.336268e-01	-1.620209e-01	-5.353726e-01	1.000000e+00	-9.826031e-01	9.207645e-01	-6.235400e-01	4.209635e-01	1.859519e-01	-1.934629e-01	2.048964e-01	8.674698e-03	-2.858709e-02	
-6.289365e-02	-1.506705e-01	1.092790e-01	-5.164778e-02	-4.104752e-03	1.536502e-02	-2.891241e-02	8.372560e-02	-1.099261e-01	4.992189e-02	-6.009383e-02	7.206803e-02	-1.679438e-01	1.933705e-01	6.315026e-01	-9.826031e-01	1.000000e+00	-9.762411e-01	5.820875e-01	-3.752400e-01	-1.893877e-01	2.017432e-01	-2.204374e-01	-4.630023e-02	7.616159e-02	
5.569624e-04	1.627868e-01	-1.530727e-01	5.412142e-02	2.850878e-02	-4.238117e-02	5.783779e-02	-1.082465e-01	1.323792e-01	-7.746793e-02	8.272211e-02	-8.605032e-02	2.063960e-01	-2.239444e-01	-7.197802e-01	9.207645e-01	-9.762411e-01	1.000000e+00	-5.132011e-01	3.164405e-01	1.843424e-01	-2.042237e-01	2.342230e-01	7.959276e-02	-1.161952e-01	
-1.657993e-01	4.626456e-02	-1.207724e-01	-1.811742e-01	1.074136e-01	-1.498786e-01	1.811273e-01	8.496192e-03	-3.574796e-02	3.110367e-02	-5.821219e-02	9.713336e-02	-4.661622e-03	3.435091e-03	-7.338094e-02	-6.235400e-01	5.820875e-01	-5.132011e-01	1.000000e+00	-9.569331e-01	-1.415361e-02	-5.359030e-03	2.304271e-02	6.426637e-02	-1.231370e-01	
1.563030e-01	-1.482979e-02	1.823036e-01	1.754765e-01	-1.135925e-01	1.650601e-01	-2.067176e-01	9.737609e-03	1.520886e-02	-4.089735e-02	7.022006e-02	-1.114365e-01	-1.609819e-02	3.119683e-02	2.195921e-01	4.209635e-01	-3.752400e-01	3.164405e-01	-9.569331e-01	1.000000e+00	-2.352032e-02	4.514121e-02	-6.460217e-02	-1.012909e-01	1.842993e-01	
1.408876e-01	1.197967e-01	-2.699131e-01	-3.454566e-02	1.453967e-02	-3.919086e-02	6.337350e-02	1.065362e-01	-8.409221e-02	-5.135097e-02	1.330072e-02	3.330308e-02	9.006813e-02	-1.053229e-01	-6.247252e-02	1.859519e-01	-1.893877e-01	1.843424e-01	-1.415361e-02	-2.352032e-02	1.000000e+00	-9.920860e-01	9.611226e-01	-8.528799e-01	7.730805e-01	
-9.492550e-02	-1.521692e-01	2.955442e-01	6.058139e-02	-3.794957e-02	6.786619e-02	-9.578776e-02	-1.064038e-01	8.557770e-02	5.996618e-02	-1.811433e-02	-3.536347e-02	-1.115629e-01	1.264309e-01	9.327406e-02	-1.934629e-01	2.017432e-01	-2.042237e-01	-5.359030e-03	4.514121e-02	-9.920860e-01	1.000000e+00	-9.875932e-01	8.697400e-01	-7.906491e-01	
1.707298e-02	1.936940e-01	-3.292865e-01	-9.943487e-02	8.036521e-02	-1.160296e-01	1.479035e-01	9.706813e-02	-8.170688e-02	-6.607677e-02	1.946965e-02	4.289769e-02	1.376011e-01	-1.525774e-01	-1.344952e-01	2.048964e-01	-2.204374e-01	2.342230e-01	2.304271e-02	-6.460217e-02	9.611226e-01	-9.875932e-01	1.000000e+00	-8.697541e-01	7.955533e-01	
-5.667421e-02	-1.405077e-01	1.522895e-02	1.177883e-01	-7.325662e-03	1.700378e-02	-2.827711e-02	-1.210793e-01	1.008183e-01	3.882208e-02	-1.093336e-02	-2.407381e-02	6.460801e-03	-1.251971e-02	-1.556224e-01	8.674698e-03	-4.630023e-02	7.959276e-02	6.426637e-02	-1.012909e-01	-8.528799e-01	8.697400e-01	-8.697541e-01	1.000000e+00	-9.816076e-01	
6.255278e-02	1.235851e-01	3.569886e-02	-1.135590e-01	8.422267e-03	-1.057349e-02	1.485055e-02	1.027099e-01	-8.659047e-02	-3.571882e-02	1.270838e-02	1.566365e-02	-2.772604e-02	4.056429e-02	2.132740e-01	-2.858709e-02	7.616159e-02	-1.161952e-01	-1.231370e-01	1.842993e-01	7.730805e-01	-7.906491e-01	7.955533e-01	-9.816076e-01	1.000000e+00	

Time taken for mcmc chain: 9.116667 minutes
