Number of steps: 12387114
Number of accepted steps: 1000000
Burn-in number of steps: 320000
Accepted fraction of steps: 0.080729
Convergence Status
R[0]= 1.008907	R[1]= 1.005158	R[2]= 1.030476	R[3]= 1.001661	R[4]= 1.003637	R[5]= 1.004502	R[6]= 1.004864	R[7]= 1.002228	R[8]= 1.000252	R[9]= 1.002763	R[10]= 1.005743	R[11]= 1.012698	R[12]= 1.000592	R[13]= 1.001106	R[14]= 1.013716	R[15]= 1.003818	R[16]= 1.004778	R[17]= 1.005509	R[18]= 1.002092	R[19]= 1.001009	R[20]= 1.001130	R[21]= 1.001818	R[22]= 1.003548	R[23]= 1.001436	R[24]= 1.001103	
<R>= 1.004982

Mean parameters
A[0]= 7.726169e-01 pm 3.809870e-02
A[1]= 8.922323e-01 pm 3.175280e-02
A[2]= 6.834932e-01 pm 2.386870e-01
A[3]= 3.299259e+00 pm 1.099528e+00
A[4]= -2.394950e+03 pm 4.087959e+03
A[5]= 1.670916e+03 pm 2.939697e+03
A[6]= -2.751038e+02 pm 7.936275e+02
A[7]= 3.262012e+01 pm 1.528169e+01
A[8]= -3.642232e-01 pm 1.783510e-01
A[9]= -4.963113e+03 pm 7.923273e+03
A[10]= 2.717844e+03 pm 4.576695e+03
A[11]= -8.115648e+02 pm 9.161538e+02
A[12]= 3.282971e+01 pm 4.794351e+01
A[13]= -7.156701e-01 pm 9.006755e-01
A[14]= 5.177770e+00 pm 1.592536e+00
A[15]= -6.542500e+03 pm 5.979146e+03
A[16]= 5.968955e+03 pm 4.337930e+03
A[17]= -1.628878e+03 pm 1.179130e+03
A[18]= 3.154388e+01 pm 2.165245e+01
A[19]= -2.362572e-02 pm 2.573543e-01
A[20]= 4.479333e+03 pm 1.093624e+04
A[21]= -1.706304e+03 pm 6.392557e+03
A[22]= -3.897425e+02 pm 1.303572e+03
A[23]= -3.459898e+01 pm 6.642546e+01
A[24]= 6.199433e-01 pm 1.265179e+00

Best-fitting parameters
A[0]= 7.777947e-01
A[1]= 8.884025e-01
A[2]= 6.823827e-01
A[3]= 3.283008e+00
A[4]= -3.220460e+03
A[5]= 2.030411e+03
A[6]= -3.247263e+02
A[7]= 3.276163e+01
A[8]= -3.448016e-01
A[9]= -8.879600e+03
A[10]= 5.104716e+03
A[11]= -1.284476e+03
A[12]= 5.680453e+01
A[13]= -1.050916e+00
A[14]= 4.841690e+00
A[15]= -6.835435e+03
A[16]= 5.796640e+03
A[17]= -1.526172e+03
A[18]= 3.904744e+01
A[19]= -1.573009e-01
A[20]= 5.025648e+03
A[21]= -2.461293e+03
A[22]= -2.087730e+02
A[23]= -4.541455e+01
A[24]= 7.660321e-01
chi2_min= 9.276750e+01


Cross-Covariance parameters
1.000000e+00	-5.719412e-01	-2.177939e-01	5.602440e-02	5.940158e-02	-5.462279e-02	4.199780e-02	4.893066e-03	-1.696176e-02	2.190308e-02	-7.333810e-03	-4.016093e-02	9.815046e-02	-6.999584e-02	-1.061894e-01	1.828012e-01	-1.911418e-01	1.863458e-01	-5.392818e-02	-6.006102e-02	6.525573e-02	-5.637407e-02	1.004283e-02	1.141230e-01	-1.069799e-01	
-5.719412e-01	1.000000e+00	2.066869e-01	-1.096222e-01	-3.788755e-02	4.507273e-02	-5.751493e-02	1.238843e-01	-1.162075e-01	-9.429420e-03	-2.329736e-03	3.528650e-02	-6.884418e-02	2.161210e-02	-9.661785e-02	-2.266536e-02	2.646630e-02	-3.536697e-02	1.349558e-01	-1.387603e-01	1.117986e-03	-2.386696e-02	8.023647e-02	-6.060395e-02	1.218858e-02	
-2.177939e-01	2.066869e-01	1.000000e+00	-4.555225e-01	8.093829e-02	-9.100960e-02	1.007954e-01	-9.356461e-02	3.219381e-02	-1.843186e-01	2.569278e-01	-3.664678e-01	2.739279e-02	5.902025e-02	-4.408246e-01	1.274213e-01	-1.447491e-01	1.600111e-01	-1.194611e-01	1.146341e-02	-1.193127e-01	1.707020e-01	-2.494326e-01	2.590601e-03	6.059683e-02	
5.602440e-02	-1.096222e-01	-4.555225e-01	1.000000e+00	-7.544776e-01	8.351287e-01	-8.829819e-01	4.991692e-01	7.715781e-02	-8.519501e-02	1.237199e-01	-1.689908e-01	-5.523043e-02	1.254158e-01	2.556859e-01	-7.545869e-02	8.648894e-02	-9.513229e-02	5.108444e-02	1.566872e-02	9.581298e-02	-1.170840e-01	1.477004e-01	-3.422342e-02	3.617844e-03	
5.940158e-02	-3.788755e-02	8.093829e-02	-7.544776e-01	1.000000e+00	-9.811092e-01	9.335026e-01	-8.278108e-01	3.114040e-01	1.040890e-01	-1.698242e-01	2.584894e-01	8.318265e-02	-1.190084e-01	-9.128137e-02	4.090757e-02	-5.023736e-02	5.746891e-02	-1.790952e-02	-2.331690e-02	-3.568040e-02	3.486103e-02	-3.542915e-02	3.469242e-02	-3.001444e-02	
-5.462279e-02	4.507273e-02	-9.100960e-02	8.351287e-01	-9.811092e-01	1.000000e+00	-9.848237e-01	7.917106e-01	-2.261342e-01	-1.227276e-01	1.949949e-01	-2.925787e-01	-8.513421e-02	1.413792e-01	9.832210e-02	-4.613106e-02	5.536733e-02	-6.272101e-02	2.601178e-02	1.794587e-02	4.005590e-02	-3.930070e-02	3.946688e-02	-3.699584e-02	3.167721e-02	
4.199780e-02	-5.751493e-02	1.007954e-01	-8.829819e-01	9.335026e-01	-9.848237e-01	1.000000e+00	-7.338116e-01	1.433694e-01	1.417225e-01	-2.172002e-01	3.189060e-01	7.620084e-02	-1.481981e-01	-1.001603e-01	4.727264e-02	-5.625552e-02	6.389763e-02	-3.466411e-02	-8.994451e-03	-4.430066e-02	4.397395e-02	-4.414409e-02	3.681272e-02	-3.003825e-02	
4.893066e-03	1.238843e-01	-9.356461e-02	4.991692e-01	-8.278108e-01	7.917106e-01	-7.338116e-01	1.000000e+00	-7.593225e-01	2.217288e-02	2.217530e-02	-9.103988e-02	-9.147124e-02	2.083930e-03	4.728256e-02	-9.076296e-03	1.650194e-02	-2.561688e-02	3.459697e-02	-1.984493e-02	3.664845e-02	-4.138642e-02	4.938096e-02	-1.662490e-02	3.629421e-03	
-1.696176e-02	-1.162075e-01	3.219381e-02	7.715781e-02	3.114040e-01	-2.261342e-01	1.433694e-01	-7.593225e-01	1.000000e+00	-1.569396e-01	1.618765e-01	-1.547035e-01	6.310526e-02	1.492764e-01	1.364097e-02	-1.763362e-02	1.522783e-02	-1.020237e-02	-1.976305e-02	3.170648e-02	-6.304504e-03	1.270541e-02	-2.421785e-02	-7.414956e-03	1.827129e-02	
2.190308e-02	-9.429420e-03	-1.843186e-01	-8.519501e-02	1.040890e-01	-1.227276e-01	1.417225e-01	2.217288e-02	-1.569396e-01	1.000000e+00	-9.853570e-01	9.141973e-01	-8.639111e-01	7.133469e-01	8.205054e-02	-2.007847e-02	2.285322e-02	-2.527069e-02	2.091111e-02	-3.177824e-03	1.979445e-02	-3.392417e-02	5.807598e-02	1.429806e-03	-1.559360e-02	
-7.333810e-03	-2.329736e-03	2.569278e-01	1.237199e-01	-1.698242e-01	1.949949e-01	-2.172002e-01	2.217530e-02	1.618765e-01	-9.853570e-01	1.000000e+00	-9.685764e-01	8.591346e-01	-6.980741e-01	-1.103860e-01	2.737856e-02	-3.035136e-02	3.291676e-02	-2.926020e-02	7.733148e-03	-2.990045e-02	5.153897e-02	-8.830274e-02	2.613636e-03	2.075273e-02	
-4.016093e-02	3.528650e-02	-3.664678e-01	-1.689908e-01	2.584894e-01	-2.925787e-01	3.189060e-01	-9.103988e-02	-1.547035e-01	9.141973e-01	-9.685764e-01	1.000000e+00	-7.944528e-01	6.235983e-01	1.569166e-01	-4.287949e-02	4.625968e-02	-4.886242e-02	4.386607e-02	-1.413986e-02	4.487541e-02	-7.886437e-02	1.373487e-01	-1.216161e-02	-2.655394e-02	
9.815046e-02	-6.884418e-02	2.739279e-02	-5.523043e-02	8.318265e-02	-8.513421e-02	7.620084e-02	-9.147124e-02	6.310526e-02	-8.639111e-01	8.591346e-01	-7.944528e-01	1.000000e+00	-9.465283e-01	-4.500225e-02	3.373996e-02	-3.640255e-02	3.736740e-02	-1.347852e-02	-1.221130e-02	-4.687268e-03	9.438368e-03	-2.206468e-02	2.321332e-02	-1.910232e-02	
-6.999584e-02	2.161210e-02	5.902025e-02	1.254158e-01	-1.190084e-01	1.413792e-01	-1.481981e-01	2.083930e-03	1.492764e-01	7.133469e-01	-6.980741e-01	6.235983e-01	-9.465283e-01	1.000000e+00	1.154394e-02	-2.412309e-02	2.540679e-02	-2.494824e-02	-3.772374e-03	2.407032e-02	-2.220092e-03	7.392703e-03	-1.316977e-02	-2.277232e-02	3.104868e-02	
-1.061894e-01	-9.661785e-02	-4.408246e-01	2.556859e-01	-9.128137e-02	9.832210e-02	-1.001603e-01	4.728256e-02	1.364097e-02	8.205054e-02	-1.103860e-01	1.569166e-01	-4.500225e-02	1.154394e-02	1.000000e+00	-7.680736e-01	8.508069e-01	-9.003218e-01	4.284782e-01	1.907843e-01	-1.896698e-01	2.426258e-01	-2.992799e-01	-4.244182e-02	1.407521e-01	
1.828012e-01	-2.266536e-02	1.274213e-01	-7.545869e-02	4.090757e-02	-4.613106e-02	4.727264e-02	-9.076296e-03	-1.763362e-02	-2.007847e-02	2.737856e-02	-4.287949e-02	3.373996e-02	-2.412309e-02	-7.680736e-01	1.000000e+00	-9.813810e-01	9.345658e-01	-7.863853e-01	2.278498e-01	2.539403e-01	-3.215312e-01	3.980233e-01	5.589267e-03	-9.177055e-02	
-1.911418e-01	2.646630e-02	-1.447491e-01	8.648894e-02	-5.023736e-02	5.536733e-02	-5.625552e-02	1.650194e-02	1.522783e-02	2.285322e-02	-3.035136e-02	4.625968e-02	-3.640255e-02	2.540679e-02	8.508069e-01	-9.813810e-01	1.000000e+00	-9.851143e-01	7.348780e-01	-1.267089e-01	-2.666910e-01	3.423474e-01	-4.292984e-01	-1.963194e-02	1.225429e-01	
1.863458e-01	-3.536697e-02	1.600111e-01	-9.513229e-02	5.746891e-02	-6.272101e-02	6.389763e-02	-2.561688e-02	-1.020237e-02	-2.527069e-02	3.291676e-02	-4.886242e-02	3.736740e-02	-2.494824e-02	-9.003218e-01	9.345658e-01	-9.851143e-01	1.000000e+00	-6.647684e-01	3.127581e-02	2.700202e-01	-3.504005e-01	4.439866e-01	2.948695e-02	-1.435521e-01	
-5.392818e-02	1.349558e-01	-1.194611e-01	5.108444e-02	-1.790952e-02	2.601178e-02	-3.466411e-02	3.459697e-02	-1.976305e-02	2.091111e-02	-2.926020e-02	4.386607e-02	-1.347852e-02	-3.772374e-03	4.284782e-01	-7.863853e-01	7.348780e-01	-6.647684e-01	1.000000e+00	-7.531071e-01	-1.326641e-01	1.694995e-01	-2.102874e-01	5.219838e-02	-7.172216e-02	
-6.006102e-02	-1.387603e-01	1.146341e-02	1.566872e-02	-2.331690e-02	1.794587e-02	-8.994451e-03	-1.984493e-02	3.170648e-02	-3.177824e-03	7.733148e-03	-1.413986e-02	-1.221130e-02	2.407032e-02	1.907843e-01	2.278498e-01	-1.267089e-01	3.127581e-02	-7.531071e-01	1.000000e+00	-5.452431e-02	7.269288e-02	-9.592263e-02	-9.075693e-02	2.234717e-01	
6.525573e-02	1.117986e-03	-1.193127e-01	9.581298e-02	-3.568040e-02	4.005590e-02	-4.430066e-02	3.664845e-02	-6.304504e-03	1.979445e-02	-2.990045e-02	4.487541e-02	-4.687268e-03	-2.220092e-03	-1.896698e-01	2.539403e-01	-2.666910e-01	2.700202e-01	-1.326641e-01	-5.452431e-02	1.000000e+00	-9.846413e-01	9.103654e-01	-8.381977e-01	6.978643e-01	
-5.637407e-02	-2.386696e-02	1.707020e-01	-1.170840e-01	3.486103e-02	-3.930070e-02	4.397395e-02	-4.138642e-02	1.270541e-02	-3.392417e-02	5.153897e-02	-7.886437e-02	9.438368e-03	7.392703e-03	2.426258e-01	-3.215312e-01	3.423474e-01	-3.504005e-01	1.694995e-01	7.269288e-02	-9.846413e-01	1.000000e+00	-9.671599e-01	8.267318e-01	-6.720036e-01	
1.004283e-02	8.023647e-02	-2.494326e-01	1.477004e-01	-3.542915e-02	3.946688e-02	-4.414409e-02	4.938096e-02	-2.421785e-02	5.807598e-02	-8.830274e-02	1.373487e-01	-2.206468e-02	-1.316977e-02	-2.992799e-01	3.980233e-01	-4.292984e-01	4.439866e-01	-2.102874e-01	-9.592263e-02	9.103654e-01	-9.671599e-01	1.000000e+00	-7.554569e-01	5.849700e-01	
1.141230e-01	-6.060395e-02	2.590601e-03	-3.422342e-02	3.469242e-02	-3.699584e-02	3.681272e-02	-1.662490e-02	-7.414956e-03	1.429806e-03	2.613636e-03	-1.216161e-02	2.321332e-02	-2.277232e-02	-4.244182e-02	5.589267e-03	-1.963194e-02	2.948695e-02	5.219838e-02	-9.075693e-02	-8.381977e-01	8.267318e-01	-7.554569e-01	1.000000e+00	-9.599878e-01	
-1.069799e-01	1.218858e-02	6.059683e-02	3.617844e-03	-3.001444e-02	3.167721e-02	-3.003825e-02	3.629421e-03	1.827129e-02	-1.559360e-02	2.075273e-02	-2.655394e-02	-1.910232e-02	3.104868e-02	1.407521e-01	-9.177055e-02	1.225429e-01	-1.435521e-01	-7.172216e-02	2.234717e-01	6.978643e-01	-6.720036e-01	5.849700e-01	-9.599878e-01	1.000000e+00	

Time taken for mcmc chain: 1.057222 hours
