Number of steps: 7194170
Number of accepted steps: 1000000
Burn-in number of steps: 320000
Accepted fraction of steps: 0.139001
Convergence Status
R[0]= 1.002183	R[1]= 1.005894	R[2]= 1.034162	R[3]= 1.011792	R[4]= 1.003612	R[5]= 1.004224	R[6]= 1.004615	R[7]= 1.001090	R[8]= 1.004793	R[9]= 1.009471	R[10]= 1.015331	R[11]= 1.024128	R[12]= 1.000397	R[13]= 1.001535	R[14]= 1.009175	R[15]= 1.012291	R[16]= 1.015743	R[17]= 1.018303	R[18]= 1.000187	R[19]= 1.005863	R[20]= 1.009314	R[21]= 1.015336	R[22]= 1.025052	R[23]= 1.003965	R[24]= 1.009575	
<R>= 1.009921

Mean parameters
A[0]= 8.668200e-01 pm 3.336443e-02
A[1]= 9.847674e-01 pm 2.665003e-02
A[2]= 6.171549e-01 pm 3.799937e-01
A[3]= 3.622201e+00 pm 1.173464e+00
A[4]= -3.948816e+03 pm 3.779328e+03
A[5]= 2.260254e+03 pm 2.543592e+03
A[6]= -2.062162e+02 pm 6.237680e+02
A[7]= 2.341560e+01 pm 1.368011e+01
A[8]= -2.959171e-01 pm 1.815780e-01
A[9]= -4.259663e+03 pm 8.334729e+03
A[10]= 2.000591e+03 pm 5.015350e+03
A[11]= -5.476582e+02 pm 1.070014e+03
A[12]= 2.401838e+01 pm 4.856942e+01
A[13]= -6.073689e-01 pm 9.352861e-01
A[14]= 5.431485e+00 pm 1.632936e+00
A[15]= -7.773870e+03 pm 5.433825e+03
A[16]= 6.072217e+03 pm 3.663586e+03
A[17]= -1.323907e+03 pm 8.998185e+02
A[18]= 1.349200e+01 pm 1.960502e+01
A[19]= 1.066072e-01 pm 2.620030e-01
A[20]= 5.545141e+03 pm 1.154485e+04
A[21]= -2.851718e+03 pm 7.074821e+03
A[22]= 3.597693e+01 pm 1.549761e+03
A[23]= -4.594674e+01 pm 6.665021e+01
A[24]= 7.174513e-01 pm 1.309145e+00

Best-fitting parameters
A[0]= 8.781318e-01
A[1]= 9.853175e-01
A[2]= 3.934781e-01
A[3]= 3.619191e+00
A[4]= -3.153594e+03
A[5]= 1.545488e+03
A[6]= -1.558975e+01
A[7]= 2.827029e+01
A[8]= -4.258257e-01
A[9]= -5.007411e+03
A[10]= 1.710561e+03
A[11]= -3.124205e+02
A[12]= 3.995067e+01
A[13]= -1.077815e+00
A[14]= 5.806546e+00
A[15]= -7.105260e+03
A[16]= 5.497780e+03
A[17]= -1.167677e+03
A[18]= 1.215981e+01
A[19]= 1.170950e-01
A[20]= 7.304288e+03
A[21]= -4.084991e+03
A[22]= 3.921181e+02
A[23]= -2.127291e+01
A[24]= 1.272826e-01
chi2_min= 8.763843e+01


Cross-Covariance parameters
1.000000e+00	-4.887120e-01	-1.517429e-01	9.433344e-02	1.725544e-02	-1.202986e-02	-2.670406e-03	6.735675e-02	-5.057436e-02	-3.156564e-02	4.156737e-02	-7.188959e-02	1.537831e-01	-1.230117e-01	3.603219e-02	7.838383e-02	-7.720998e-02	6.564236e-02	6.956870e-02	-8.459725e-02	3.623054e-03	8.826944e-03	-4.570527e-02	1.583395e-01	-1.336264e-01	
-4.887120e-01	1.000000e+00	1.603813e-01	-1.668657e-01	-2.848862e-02	3.271084e-02	-4.270382e-02	1.301376e-01	-1.231139e-01	2.415574e-02	-2.856456e-02	4.247589e-02	-1.163529e-01	6.896487e-02	-1.851966e-01	-1.774365e-02	1.811487e-02	-2.457890e-02	1.353010e-01	-1.321158e-01	-7.898410e-04	-6.699798e-03	3.056826e-02	-9.182660e-02	5.487712e-02	
-1.517429e-01	1.603813e-01	1.000000e+00	-6.605137e-01	-2.319242e-02	2.594360e-02	-1.918244e-02	-6.261422e-02	6.691856e-02	-3.700097e-01	4.926759e-01	-6.421181e-01	-7.051387e-02	2.399781e-01	-6.280289e-01	-1.212341e-01	1.263334e-01	-1.201489e-01	-4.592267e-02	9.969897e-02	-4.102251e-01	5.333257e-01	-6.755965e-01	-1.110617e-01	2.943428e-01	
9.433344e-02	-1.668657e-01	-6.605137e-01	1.000000e+00	-5.575461e-01	6.198675e-01	-6.662959e-01	2.565123e-01	8.130217e-02	1.586887e-01	-2.143322e-01	2.894504e-01	4.749012e-03	-6.395467e-02	4.446467e-01	6.435792e-02	-6.409286e-02	5.839171e-02	1.258203e-02	-3.838291e-02	2.810797e-01	-3.593466e-01	4.487593e-01	5.357655e-02	-1.726817e-01	
1.725544e-02	-2.848862e-02	-2.319242e-02	-5.575461e-01	1.000000e+00	-9.831749e-01	9.368475e-01	-7.192225e-01	2.933900e-01	7.278439e-02	-1.127344e-01	1.564745e-01	8.200333e-02	-8.159799e-02	-1.516334e-02	3.136442e-02	-4.158299e-02	4.973771e-02	1.141524e-02	-3.611379e-02	-6.153998e-03	-3.807450e-03	1.613736e-02	4.108878e-02	-4.750232e-02	
-1.202986e-02	3.271084e-02	2.594360e-02	6.198675e-01	-9.831749e-01	1.000000e+00	-9.844803e-01	6.681464e-01	-2.159827e-01	-8.660687e-02	1.304752e-01	-1.784090e-01	-8.825496e-02	1.033290e-01	1.494295e-02	-3.596137e-02	4.675659e-02	-5.536451e-02	-6.041167e-03	3.337346e-02	2.134030e-03	8.406093e-03	-2.135404e-02	-3.976240e-02	4.711662e-02	
-2.670406e-03	-4.270382e-02	-1.918244e-02	-6.662959e-01	9.368475e-01	-9.844803e-01	1.000000e+00	-6.007571e-01	1.402590e-01	1.004627e-01	-1.453731e-01	1.939586e-01	8.257215e-02	-1.094495e-01	-1.687622e-02	3.686713e-02	-4.776079e-02	5.679141e-02	-3.018114e-03	-2.513009e-02	-1.709028e-03	-7.976105e-03	1.998191e-02	3.505396e-02	-4.130711e-02	
6.735675e-02	1.301376e-01	-6.261422e-02	2.565123e-01	-7.192225e-01	6.681464e-01	-6.007571e-01	1.000000e+00	-8.539734e-01	8.854408e-02	-7.080276e-02	4.054526e-02	-5.940610e-02	-9.016294e-02	2.365695e-02	1.524941e-02	-8.089586e-03	-2.239773e-03	3.097296e-02	-2.963619e-02	5.651656e-02	-5.942620e-02	6.025849e-02	-2.162723e-02	3.340278e-03	
-5.057436e-02	-1.231139e-01	6.691856e-02	8.130217e-02	2.933900e-01	-2.159827e-01	1.402590e-01	-8.539734e-01	1.000000e+00	-1.668470e-01	1.691213e-01	-1.564583e-01	3.282273e-02	1.828478e-01	-9.730544e-03	-3.550886e-02	3.365715e-02	-2.781125e-02	-2.932701e-02	4.367791e-02	-6.082209e-02	6.818857e-02	-7.449562e-02	1.221573e-02	1.049721e-02	
-3.156564e-02	2.415574e-02	-3.700097e-01	1.586887e-01	7.278439e-02	-8.660687e-02	1.004627e-01	8.854408e-02	-1.668470e-01	1.000000e+00	-9.826375e-01	9.094775e-01	-7.925633e-01	5.959242e-01	2.263050e-01	5.605886e-02	-6.020576e-02	5.915860e-02	1.654136e-02	-4.750201e-02	1.735661e-01	-2.229480e-01	2.816345e-01	2.737616e-02	-1.064585e-01	
4.156737e-02	-2.856456e-02	4.926759e-01	-2.143322e-01	-1.127344e-01	1.304752e-01	-1.453731e-01	-7.080276e-02	1.691213e-01	-9.826375e-01	1.000000e+00	-9.698859e-01	7.471322e-01	-5.375159e-01	-3.002135e-01	-7.447101e-02	8.028614e-02	-7.934005e-02	-2.172475e-02	6.246549e-02	-2.269991e-01	2.934637e-01	-3.726281e-01	-3.840896e-02	1.432113e-01	
-7.188959e-02	4.247589e-02	-6.421181e-01	2.894504e-01	1.564745e-01	-1.784090e-01	1.939586e-01	4.054526e-02	-1.564583e-01	9.094775e-01	-9.698859e-01	1.000000e+00	-6.338559e-01	4.168819e-01	3.919325e-01	9.499677e-02	-1.027841e-01	1.021695e-01	2.708586e-02	-7.903493e-02	2.927203e-01	-3.806842e-01	4.860705e-01	4.884754e-02	-1.857333e-01	
1.537831e-01	-1.163529e-01	-7.051387e-02	4.749012e-03	8.200333e-02	-8.825496e-02	8.257215e-02	-5.940610e-02	3.282273e-02	-7.925633e-01	7.471322e-01	-6.338559e-01	1.000000e+00	-9.416642e-01	3.549936e-02	1.760588e-02	-1.958241e-02	2.048086e-02	1.081176e-02	-1.647523e-02	1.573656e-02	-2.162469e-02	2.499526e-02	3.002970e-02	-3.294825e-02	
-1.230117e-01	6.896487e-02	2.399781e-01	-6.395467e-02	-8.159799e-02	1.033290e-01	-1.094495e-01	-9.016294e-02	1.828478e-01	5.959242e-01	-5.375159e-01	4.168819e-01	-9.416642e-01	1.000000e+00	-1.329013e-01	-4.573427e-02	4.979653e-02	-5.026516e-02	-2.504384e-02	4.659329e-02	-1.008618e-01	1.308586e-01	-1.629947e-01	-3.557369e-02	7.789704e-02	
3.603219e-02	-1.851966e-01	-6.280289e-01	4.446467e-01	-1.516334e-02	1.494295e-02	-1.687622e-02	2.365695e-02	-9.730544e-03	2.263050e-01	-3.002135e-01	3.919325e-01	3.549936e-02	-1.329013e-01	1.000000e+00	-5.053463e-01	5.704323e-01	-6.201032e-01	1.669584e-01	1.496942e-01	1.473214e-01	-1.990838e-01	2.695386e-01	9.039061e-03	-6.494362e-02	
7.838383e-02	-1.774365e-02	-1.212341e-01	6.435792e-02	3.136442e-02	-3.596137e-02	3.686713e-02	1.524941e-02	-3.550886e-02	5.605886e-02	-7.447101e-02	9.499677e-02	1.760588e-02	-4.573427e-02	-5.053463e-01	1.000000e+00	-9.825033e-01	9.341722e-01	-6.475364e-01	2.066797e-01	2.013441e-01	-2.468619e-01	2.859139e-01	4.437540e-02	-1.061375e-01	
-7.720998e-02	1.811487e-02	1.263334e-01	-6.409286e-02	-4.158299e-02	4.675659e-02	-4.776079e-02	-8.089586e-03	3.365715e-02	-6.020576e-02	8.028614e-02	-1.027841e-01	-1.958241e-02	4.979653e-02	5.704323e-01	-9.825033e-01	1.000000e+00	-9.838111e-01	5.819025e-01	-1.155151e-01	-2.135203e-01	2.645836e-01	-3.093444e-01	-5.952090e-02	1.336063e-01	
6.564236e-02	-2.457890e-02	-1.201489e-01	5.839171e-02	4.973771e-02	-5.536451e-02	5.679141e-02	-2.239773e-03	-2.781125e-02	5.915860e-02	-7.934005e-02	1.021695e-01	2.048086e-02	-5.026516e-02	-6.201032e-01	9.341722e-01	-9.838111e-01	1.000000e+00	-5.014164e-01	2.726380e-02	2.166924e-01	-2.706920e-01	3.187465e-01	6.851167e-02	-1.501491e-01	
6.956870e-02	1.353010e-01	-4.592267e-02	1.258203e-02	1.141524e-02	-6.041167e-03	-3.018114e-03	3.097296e-02	-2.932701e-02	1.654136e-02	-2.172475e-02	2.708586e-02	1.081176e-02	-2.504384e-02	1.669584e-01	-6.475364e-01	5.819025e-01	-5.014164e-01	1.000000e+00	-8.612018e-01	-3.109206e-02	3.735891e-02	-4.119599e-02	7.679791e-02	-1.432816e-01	
-8.459725e-02	-1.321158e-01	9.969897e-02	-3.838291e-02	-3.611379e-02	3.337346e-02	-2.513009e-02	-2.963619e-02	4.367791e-02	-4.750201e-02	6.246549e-02	-7.903493e-02	-1.647523e-02	4.659329e-02	1.496942e-01	2.066797e-01	-1.155151e-01	2.726380e-02	-8.612018e-01	1.000000e+00	-8.053526e-02	9.993964e-02	-1.178116e-01	-1.186661e-01	2.478530e-01	
3.623054e-03	-7.898410e-04	-4.102251e-01	2.810797e-01	-6.153998e-03	2.134030e-03	-1.709028e-03	5.651656e-02	-6.082209e-02	1.735661e-01	-2.269991e-01	2.927203e-01	1.573656e-02	-1.008618e-01	1.473214e-01	2.013441e-01	-2.135203e-01	2.166924e-01	-3.109206e-02	-8.053526e-02	1.000000e+00	-9.818178e-01	9.073604e-01	-7.401575e-01	5.432778e-01	
8.826944e-03	-6.699798e-03	5.333257e-01	-3.593466e-01	-3.807450e-03	8.406093e-03	-7.976105e-03	-5.942620e-02	6.818857e-02	-2.229480e-01	2.934637e-01	-3.806842e-01	-2.162469e-02	1.308586e-01	-1.990838e-01	-2.468619e-01	2.645836e-01	-2.706920e-01	3.735891e-02	9.993964e-02	-9.818178e-01	1.000000e+00	-9.697410e-01	6.783921e-01	-4.642937e-01	
-4.570527e-02	3.056826e-02	-6.755965e-01	4.487593e-01	1.613736e-02	-2.135404e-02	1.998191e-02	6.025849e-02	-7.449562e-02	2.816345e-01	-3.726281e-01	4.860705e-01	2.499526e-02	-1.629947e-01	2.695386e-01	2.859139e-01	-3.093444e-01	3.187465e-01	-4.119599e-02	-1.178116e-01	9.073604e-01	-9.697410e-01	1.000000e+00	-5.501718e-01	3.240053e-01	
1.583395e-01	-9.182660e-02	-1.110617e-01	5.357655e-02	4.108878e-02	-3.976240e-02	3.505396e-02	-2.162723e-02	1.221573e-02	2.737616e-02	-3.840896e-02	4.884754e-02	3.002970e-02	-3.557369e-02	9.039061e-03	4.437540e-02	-5.952090e-02	6.851167e-02	7.679791e-02	-1.186661e-01	-7.401575e-01	6.783921e-01	-5.501718e-01	1.000000e+00	-9.540449e-01	
-1.336264e-01	5.487712e-02	2.943428e-01	-1.726817e-01	-4.750232e-02	4.711662e-02	-4.130711e-02	3.340278e-03	1.049721e-02	-1.064585e-01	1.432113e-01	-1.857333e-01	-3.294825e-02	7.789704e-02	-6.494362e-02	-1.061375e-01	1.336063e-01	-1.501491e-01	-1.432816e-01	2.478530e-01	5.432778e-01	-4.642937e-01	3.240053e-01	-9.540449e-01	1.000000e+00	

Time taken for mcmc chain: 38.766667 minutes
