Number of steps: 5285649
Number of accepted steps: 1000000
Burn-in number of steps: 320000
Accepted fraction of steps: 0.189192
Convergence Status
R[0]= 1.040912	R[1]= 1.133400	R[2]= 1.151461	R[3]= 1.085136	R[4]= 1.110466	R[5]= 1.132515	R[6]= 1.153434	R[7]= 1.008051	R[8]= 1.035056	R[9]= 1.013196	R[10]= 1.020100	R[11]= 1.027848	R[12]= 1.011106	R[13]= 1.009342	R[14]= 1.063662	R[15]= 1.067544	R[16]= 1.078600	R[17]= 1.087189	R[18]= 1.017265	R[19]= 1.029585	R[20]= 1.033233	R[21]= 1.044521	R[22]= 1.058069	R[23]= 1.015739	R[24]= 1.016830	
<R>= 1.057770

Mean parameters
A[0]= 1.168255e+00 pm 1.662145e-01
A[1]= 1.121998e+00 pm 3.026722e-01
A[2]= 8.096734e-01 pm 5.391975e-01
A[3]= 3.547332e+00 pm 1.511019e+00
A[4]= 2.707040e+02 pm 4.242516e+03
A[5]= -1.835676e+03 pm 2.663226e+03
A[6]= 1.197642e+03 pm 5.545433e+02
A[7]= -9.729294e+00 pm 1.356303e+01
A[8]= -2.319454e-01 pm 2.007650e-01
A[9]= -2.394800e+03 pm 8.064772e+03
A[10]= 2.839029e+02 pm 4.586667e+03
A[11]= 8.653775e+00 pm 8.530876e+02
A[12]= 4.367535e+00 pm 5.143976e+01
A[13]= -5.318423e-01 pm 9.677659e-01
A[14]= 4.461808e+00 pm 1.942257e+00
A[15]= 3.331316e+02 pm 5.941690e+03
A[16]= -1.161357e+03 pm 3.748143e+03
A[17]= 9.941745e+02 pm 7.794412e+02
A[18]= -3.171264e+01 pm 2.219594e+01
A[19]= 1.574888e-01 pm 3.098421e-01
A[20]= 8.375419e+03 pm 1.101247e+04
A[21]= -5.630970e+03 pm 6.267334e+03
A[22]= 9.409511e+02 pm 1.159924e+03
A[23]= -6.237429e+01 pm 7.054558e+01
A[24]= 5.775532e-01 pm 1.327204e+00

Best-fitting parameters
A[0]= 1.158209e+00
A[1]= 1.311892e+00
A[2]= 5.909244e-01
A[3]= 3.361974e+00
A[4]= -1.270510e+03
A[5]= -9.079501e+02
A[6]= 1.019973e+03
A[7]= -6.692889e+00
A[8]= -2.287557e-01
A[9]= 4.947846e+03
A[10]= -3.565628e+03
A[11]= 6.513184e+02
A[12]= -1.698417e+01
A[13]= -1.501795e-01
A[14]= 5.427667e+00
A[15]= -1.726995e+03
A[16]= 4.896302e+02
A[17]= 5.934926e+02
A[18]= -4.341966e+01
A[19]= 3.430115e-01
A[20]= 8.831639e+03
A[21]= -6.539931e+03
A[22]= 1.223591e+03
A[23]= -8.437483e+01
A[24]= 1.038534e+00
chi2_min= 9.154712e+01


Cross-Covariance parameters
1.000000e+00	2.375544e-02	-7.702268e-02	1.459351e-01	-1.208370e-01	1.376450e-01	-1.520706e-01	-6.469503e-02	1.256159e-01	-1.173986e-01	1.571592e-01	-2.123556e-01	-6.337346e-02	1.385629e-01	1.468872e-01	-1.034448e-01	1.155901e-01	-1.254646e-01	-6.942982e-02	9.999860e-02	-8.056673e-02	1.086585e-01	-1.492269e-01	-6.321470e-02	1.078316e-01	
2.375544e-02	1.000000e+00	-3.543269e-01	7.372115e-02	-5.656233e-01	6.283777e-01	-6.882728e-01	-1.184999e-01	3.668571e-01	1.233906e-01	-1.371845e-01	1.569420e-01	-2.202713e-02	6.842860e-02	3.128679e-01	-6.086040e-01	6.704006e-01	-7.236531e-01	-3.060357e-01	4.514513e-01	1.246869e-02	-1.383784e-02	2.575708e-02	-6.596116e-02	1.010316e-01	
-7.702268e-02	-3.543269e-01	1.000000e+00	-5.423249e-01	2.346767e-01	-2.571076e-01	2.762311e-01	1.338443e-01	-2.189096e-01	-2.225183e-01	2.581589e-01	-2.905804e-01	-1.613011e-01	9.879091e-02	-5.035466e-01	1.504153e-01	-1.732270e-01	1.953537e-01	1.203112e-01	-1.798995e-01	-2.137674e-01	2.503882e-01	-2.870181e-01	-1.659671e-01	1.210459e-01	
1.459351e-01	7.372115e-02	-5.423249e-01	1.000000e+00	-5.301030e-01	5.425879e-01	-5.295385e-01	-3.226914e-01	2.916280e-01	5.464438e-02	-5.211695e-02	4.933274e-02	-5.876836e-02	1.034372e-01	3.706020e-01	-4.152136e-02	4.992976e-02	-5.757178e-02	-6.277888e-02	8.793219e-02	1.403213e-01	-1.655918e-01	1.931114e-01	1.265550e-01	-1.009445e-01	
-1.208370e-01	-5.656233e-01	2.346767e-01	-5.301030e-01	1.000000e+00	-9.903504e-01	9.623284e-01	-1.338514e-01	-6.670367e-02	-4.251409e-02	2.438137e-02	-7.984389e-03	1.709556e-01	-1.594001e-01	-2.535727e-01	3.885868e-01	-4.254133e-01	4.555681e-01	2.044399e-01	-2.965520e-01	-4.170859e-03	3.193095e-03	-9.264450e-03	3.855904e-02	-6.600248e-02	
1.376450e-01	6.283777e-01	-2.571076e-01	5.425879e-01	-9.903504e-01	1.000000e+00	-9.901618e-01	7.733947e-02	1.255977e-01	5.147882e-02	-3.377311e-02	1.759660e-02	-1.770381e-01	1.733708e-01	2.786653e-01	-4.295246e-01	4.705253e-01	-5.042827e-01	-2.273307e-01	3.290458e-01	3.293849e-03	-1.985659e-03	8.261190e-03	-4.348216e-02	7.388052e-02	
-1.520706e-01	-6.882728e-01	2.762311e-01	-5.295385e-01	9.623284e-01	-9.901618e-01	1.000000e+00	-4.314212e-02	-1.607897e-01	-5.938069e-02	4.325953e-02	-2.831980e-02	1.677751e-01	-1.676000e-01	-3.017381e-01	4.679590e-01	-5.129136e-01	5.501812e-01	2.473039e-01	-3.580617e-01	-1.276008e-03	-2.924418e-04	-6.191224e-03	4.701326e-02	-7.987368e-02	
-6.469503e-02	-1.184999e-01	1.338443e-01	-3.226914e-01	-1.338514e-01	7.733947e-02	-4.314212e-02	1.000000e+00	-9.268768e-01	1.190417e-01	-1.210884e-01	1.128383e-01	3.077043e-02	-1.993397e-01	-1.087506e-01	8.331664e-02	-9.413077e-02	1.022380e-01	8.428899e-02	-1.022403e-01	-2.314906e-02	2.525489e-02	-2.889456e-02	4.392361e-03	-1.738630e-02	
1.256159e-01	3.668571e-01	-2.189096e-01	2.916280e-01	-6.670367e-02	1.255977e-01	-1.607897e-01	-9.268768e-01	1.000000e+00	-8.228695e-02	8.083669e-02	-6.737563e-02	-1.665993e-02	2.108679e-01	2.040689e-01	-2.486518e-01	2.754915e-01	-2.973911e-01	-1.609122e-01	2.172710e-01	1.308090e-02	-1.397751e-02	1.861645e-02	-1.886983e-02	4.263081e-02	
-1.173986e-01	1.233906e-01	-2.225183e-01	5.464438e-02	-4.251409e-02	5.147882e-02	-5.938069e-02	1.190417e-01	-8.228695e-02	1.000000e+00	-9.904557e-01	9.550899e-01	-7.142831e-01	6.275749e-01	1.282661e-01	-3.205858e-02	4.110890e-02	-5.032043e-02	-2.829525e-02	4.109482e-02	7.813740e-02	-9.310250e-02	1.106825e-01	5.208246e-02	-4.734270e-02	
1.571592e-01	-1.371845e-01	2.581589e-01	-5.211695e-02	2.438137e-02	-3.377311e-02	4.325953e-02	-1.210884e-01	8.083669e-02	-9.904557e-01	1.000000e+00	-9.862080e-01	6.970858e-01	-6.174328e-01	-1.486071e-01	3.263582e-02	-4.198268e-02	5.171666e-02	2.626972e-02	-4.008916e-02	-9.204170e-02	1.108655e-01	-1.332806e-01	-6.666375e-02	6.253101e-02	
-2.123556e-01	1.569420e-01	-2.905804e-01	4.933274e-02	-7.984389e-03	1.759660e-02	-2.831980e-02	1.128383e-01	-6.737563e-02	9.550899e-01	-9.862080e-01	1.000000e+00	-6.616986e-01	5.950529e-01	1.717654e-01	-3.734359e-02	4.720829e-02	-5.758492e-02	-2.671155e-02	4.181852e-02	1.055193e-01	-1.288404e-01	1.573135e-01	8.188907e-02	-7.922083e-02	
-6.337346e-02	-2.202713e-02	-1.613011e-01	-5.876836e-02	1.709556e-01	-1.770381e-01	1.677751e-01	3.077043e-02	-1.665993e-02	-7.142831e-01	6.970858e-01	-6.616986e-01	1.000000e+00	-9.611929e-01	8.840081e-02	2.779716e-02	-3.252671e-02	3.565741e-02	2.670933e-02	-2.740311e-02	4.643072e-02	-5.898438e-02	7.124740e-02	7.322077e-02	-7.417921e-02	
1.385629e-01	6.842860e-02	9.879091e-02	1.034372e-01	-1.594001e-01	1.733708e-01	-1.676000e-01	-1.993397e-01	2.108679e-01	6.275749e-01	-6.174328e-01	5.950529e-01	-9.611929e-01	1.000000e+00	-5.054699e-02	-5.845066e-02	6.687738e-02	-7.322238e-02	-4.852765e-02	5.856823e-02	-4.430718e-02	5.732538e-02	-7.078517e-02	-6.935239e-02	7.812319e-02	
1.468872e-01	3.128679e-01	-5.035466e-01	3.706020e-01	-2.535727e-01	2.786653e-01	-3.017381e-01	-1.087506e-01	2.040689e-01	1.282661e-01	-1.486071e-01	1.717654e-01	8.840081e-02	-5.054699e-02	1.000000e+00	-5.817023e-01	6.124150e-01	-6.190104e-01	-4.177005e-01	4.257980e-01	-5.025247e-02	5.428864e-02	-5.164410e-02	-5.454245e-02	9.256327e-02	
-1.034448e-01	-6.086040e-01	1.504153e-01	-4.152136e-02	3.885868e-01	-4.295246e-01	4.679590e-01	8.331664e-02	-2.486518e-01	-3.205858e-02	3.263582e-02	-3.734359e-02	2.779716e-02	-5.845066e-02	-5.817023e-01	1.000000e+00	-9.902351e-01	9.634140e-01	7.125852e-04	-1.400071e-01	1.507205e-01	-1.729401e-01	1.866101e-01	1.277069e-01	-1.322307e-01	
1.155901e-01	6.704006e-01	-1.732270e-01	4.992976e-02	-4.254133e-01	4.705253e-01	-5.129136e-01	-9.413077e-02	2.754915e-01	4.110890e-02	-4.198268e-02	4.720829e-02	-3.252671e-02	6.687738e-02	6.124150e-01	-9.902351e-01	1.000000e+00	-9.908722e-01	-7.129071e-02	2.074125e-01	-1.461156e-01	1.692543e-01	-1.833527e-01	-1.391299e-01	1.482934e-01	
-1.254646e-01	-7.236531e-01	1.953537e-01	-5.757178e-02	4.555681e-01	-5.042827e-01	5.501812e-01	1.022380e-01	-2.973911e-01	-5.032043e-02	5.171666e-02	-5.758492e-02	3.565741e-02	-7.322238e-02	-6.190104e-01	9.634140e-01	-9.908722e-01	1.000000e+00	1.175551e-01	-2.487727e-01	1.355101e-01	-1.586687e-01	1.727886e-01	1.401900e-01	-1.512412e-01	
-6.942982e-02	-3.060357e-01	1.203112e-01	-6.277888e-02	2.044399e-01	-2.273307e-01	2.473039e-01	8.428899e-02	-1.609122e-01	-2.829525e-02	2.626972e-02	-2.671155e-02	2.670933e-02	-4.852765e-02	-4.177005e-01	7.125852e-04	-7.129071e-02	1.175551e-01	1.000000e+00	-9.646489e-01	5.609101e-02	-6.457690e-02	6.430087e-02	1.796438e-01	-2.664625e-01	
9.999860e-02	4.514513e-01	-1.798995e-01	8.793219e-02	-2.965520e-01	3.290458e-01	-3.580617e-01	-1.022403e-01	2.172710e-01	4.109482e-02	-4.008916e-02	4.181852e-02	-2.740311e-02	5.856823e-02	4.257980e-01	-1.400071e-01	2.074125e-01	-2.487727e-01	-9.646489e-01	1.000000e+00	-5.041481e-02	5.655548e-02	-5.192780e-02	-1.703780e-01	2.705922e-01	
-8.056673e-02	1.246869e-02	-2.137674e-01	1.403213e-01	-4.170859e-03	3.293849e-03	-1.276008e-03	-2.314906e-02	1.308090e-02	7.813740e-02	-9.204170e-02	1.055193e-01	4.643072e-02	-4.430718e-02	-5.025247e-02	1.507205e-01	-1.461156e-01	1.355101e-01	5.609101e-02	-5.041481e-02	1.000000e+00	-9.913150e-01	9.594897e-01	-6.924317e-01	6.281539e-01	
1.086585e-01	-1.383784e-02	2.503882e-01	-1.655918e-01	3.193095e-03	-1.985659e-03	-2.924418e-04	2.525489e-02	-1.397751e-02	-9.310250e-02	1.108655e-01	-1.288404e-01	-5.898438e-02	5.732538e-02	5.428864e-02	-1.729401e-01	1.692543e-01	-1.586687e-01	-6.457690e-02	5.655548e-02	-9.913150e-01	1.000000e+00	-9.875881e-01	6.784933e-01	-6.205701e-01	
-1.492269e-01	2.575708e-02	-2.870181e-01	1.931114e-01	-9.264450e-03	8.261190e-03	-6.191224e-03	-2.889456e-02	1.861645e-02	1.106825e-01	-1.332806e-01	1.573135e-01	7.124740e-02	-7.078517e-02	-5.164410e-02	1.866101e-01	-1.833527e-01	1.727886e-01	6.430087e-02	-5.192780e-02	9.594897e-01	-9.875881e-01	1.000000e+00	-6.534328e-01	6.074029e-01	
-6.321470e-02	-6.596116e-02	-1.659671e-01	1.265550e-01	3.855904e-02	-4.348216e-02	4.701326e-02	4.392361e-03	-1.886983e-02	5.208246e-02	-6.666375e-02	8.188907e-02	7.322077e-02	-6.935239e-02	-5.454245e-02	1.277069e-01	-1.391299e-01	1.401900e-01	1.796438e-01	-1.703780e-01	-6.924317e-01	6.784933e-01	-6.534328e-01	1.000000e+00	-9.776932e-01	
1.078316e-01	1.010316e-01	1.210459e-01	-1.009445e-01	-6.600248e-02	7.388052e-02	-7.987368e-02	-1.738630e-02	4.263081e-02	-4.734270e-02	6.253101e-02	-7.922083e-02	-7.417921e-02	7.812319e-02	9.256327e-02	-1.322307e-01	1.482934e-01	-1.512412e-01	-2.664625e-01	2.705922e-01	6.281539e-01	-6.205701e-01	6.074029e-01	-9.776932e-01	1.000000e+00	

Time taken for mcmc chain: 1.231111 hours
