Number of steps: 1333107
Number of accepted steps: 1000000
Burn-in number of steps: 320000
Accepted fraction of steps: 0.750127
Convergence Status
R[0]= 1.100129	R[1]= 1.046228	R[2]= 1.049880	R[3]= 1.015486	R[4]= 1.095068	R[5]= 1.050948	R[6]= 1.031375	R[7]= 1.083985	R[8]= 1.071013	R[9]= 1.074392	R[10]= 1.070528	R[11]= 1.070192	R[12]= 1.070778	R[13]= 1.075168	R[14]= 1.003730	R[15]= 1.011345	R[16]= 1.018331	R[17]= 1.027116	R[18]= 1.060314	R[19]= 1.051839	R[20]= 1.191797	R[21]= 1.187548	R[22]= 1.183090	R[23]= 1.162836	R[24]= 1.145340	
<R>= 1.077938

Mean parameters
A[0]= 9.320952e-01 pm 4.116061e-02
A[1]= 1.043682e+00 pm 2.524759e-02
A[2]= 8.159065e-01 pm 2.288163e-01
A[3]= 5.185514e-01 pm 3.204108e-01
A[4]= 8.152963e+03 pm 2.328728e+03
A[5]= -6.757683e+03 pm 1.272566e+03
A[6]= 2.172763e+03 pm 2.397929e+02
A[7]= -8.387997e-03 pm 1.196172e+01
A[8]= -3.543899e-01 pm 1.785765e-01
A[9]= 3.232442e+03 pm 7.360995e+03
A[10]= -3.198897e+03 pm 4.095849e+03
A[11]= 6.854785e+02 pm 7.305749e+02
A[12]= 1.657527e+01 pm 4.630706e+01
A[13]= -7.846290e-01 pm 8.310246e-01
A[14]= 5.880073e-01 pm 3.597200e-01
A[15]= 8.910749e+03 pm 3.125616e+03
A[16]= -6.787238e+03 pm 1.727287e+03
A[17]= 2.140314e+03 pm 3.206474e+02
A[18]= -7.635878e+00 pm 1.757202e+01
A[19]= -1.560868e-01 pm 2.330459e-01
A[20]= 1.077078e+04 pm 9.707375e+03
A[21]= -7.459487e+03 pm 5.360221e+03
A[22]= 1.350781e+03 pm 9.564642e+02
A[23]= -1.455814e+01 pm 6.253455e+01
A[24]= -3.750114e-01 pm 1.165159e+00

Best-fitting parameters
A[0]= 9.736433e-01
A[1]= 1.052562e+00
A[2]= 3.735810e-01
A[3]= 1.537884e-01
A[4]= 8.905028e+03
A[5]= -7.267949e+03
A[6]= 2.279338e+03
A[7]= 6.542208e+00
A[8]= -4.373326e-01
A[9]= 6.042274e+03
A[10]= -4.587049e+03
A[11]= 8.731313e+02
A[12]= 2.349875e+01
A[13]= -1.000849e+00
A[14]= 5.466158e-01
A[15]= 1.199226e+04
A[16]= -8.537824e+03
A[17]= 2.446805e+03
A[18]= -1.880314e+01
A[19]= -2.799560e-02
A[20]= 1.783883e+04
A[21]= -1.134647e+04
A[22]= 2.015638e+03
A[23]= -4.326217e+01
A[24]= 1.630640e-01
chi2_min= 1.286636e+02


Cross-Covariance parameters
1.000000e+00	-1.572121e-02	-5.032186e-01	-1.034056e-01	3.111921e-02	-6.435586e-02	9.565829e-02	2.089164e-02	3.859924e-02	-5.524082e-02	5.594534e-02	-6.760384e-02	1.387035e-01	-1.022907e-01	-1.011464e-01	1.002254e-01	-9.797540e-02	6.854039e-02	8.702512e-02	-1.081112e-01	8.545780e-03	7.663315e-03	-4.056146e-02	1.158422e-01	-1.063335e-01	
-1.572121e-02	1.000000e+00	2.372039e-01	-5.477225e-01	5.997957e-02	-1.218769e-01	1.765003e-01	1.448217e-01	-1.093567e-01	1.812998e-01	-1.968992e-01	2.098499e-01	-1.251863e-01	1.132935e-01	-4.248589e-01	7.802044e-02	-8.788658e-02	9.358375e-02	1.125008e-01	-8.209949e-02	-5.522648e-02	5.046596e-02	-4.558630e-02	9.996162e-02	-1.168846e-01	
-5.032186e-01	2.372039e-01	1.000000e+00	5.620544e-02	-1.694559e-01	2.135373e-01	-2.558920e-01	1.032827e-01	-1.383093e-01	1.150596e-01	-9.320123e-02	6.620215e-02	-1.658331e-01	1.054634e-01	9.160051e-02	-1.776164e-01	1.761071e-01	-1.640773e-01	-3.913128e-02	4.882505e-02	-1.954220e-01	2.036121e-01	-2.008004e-01	9.585298e-02	-1.269909e-01	
-1.034056e-01	-5.477225e-01	5.620544e-02	1.000000e+00	-4.086395e-01	5.035557e-01	-5.783170e-01	-1.040067e-01	1.245826e-01	-1.122861e-01	1.444044e-01	-1.764103e-01	1.398216e-02	1.790055e-03	2.422442e-01	7.508667e-02	-6.950277e-02	6.218607e-02	-2.008662e-01	1.581022e-01	-3.903357e-02	3.587893e-02	-3.121459e-02	-1.638030e-02	4.179721e-02	
3.111921e-02	5.997957e-02	-1.694559e-01	-4.086395e-01	1.000000e+00	-9.815247e-01	9.135945e-01	-6.549000e-01	5.126265e-01	8.690065e-02	-1.207470e-01	1.614245e-01	-1.136675e-01	2.216013e-01	-7.102663e-02	7.738248e-03	-2.195620e-02	4.358254e-02	2.256057e-03	4.160007e-02	1.067680e-01	-1.284818e-01	1.500706e-01	-1.309237e-01	1.394759e-01	
-6.435586e-02	-1.218769e-01	2.135373e-01	5.035557e-01	-9.815247e-01	1.000000e+00	-9.726487e-01	6.733832e-01	-5.456825e-01	-5.093334e-02	8.715646e-02	-1.322886e-01	6.796569e-02	-1.900901e-01	1.086890e-01	-2.590292e-02	3.812957e-02	-5.555624e-02	-2.183357e-02	-1.967418e-02	-9.428163e-02	1.148119e-01	-1.349481e-01	1.058714e-01	-1.118714e-01	
9.565829e-02	1.765003e-01	-2.558920e-01	-5.783170e-01	9.135945e-01	-9.726487e-01	1.000000e+00	-6.949598e-01	6.028068e-01	9.246823e-03	-4.534827e-02	9.269393e-02	-1.542388e-02	1.581995e-01	-1.346694e-01	6.525412e-02	-7.264012e-02	8.150709e-02	2.358436e-02	9.210713e-03	6.992855e-02	-8.886622e-02	1.073450e-01	-7.100940e-02	7.859564e-02	
2.089164e-02	1.448217e-01	1.032827e-01	-1.040067e-01	-6.549000e-01	6.733832e-01	-6.949598e-01	1.000000e+00	-9.595015e-01	1.118368e-01	-1.054106e-01	8.391052e-02	-2.029107e-02	-1.944856e-01	-1.321638e-02	-2.059642e-01	2.051619e-01	-2.002844e-01	1.921644e-01	-1.817218e-01	2.906561e-02	-8.923771e-03	-1.313467e-02	1.868531e-02	-5.256000e-02	
3.859924e-02	-1.093567e-01	-1.383093e-01	1.245826e-01	5.126265e-01	-5.456825e-01	6.028068e-01	-9.595015e-01	1.000000e+00	-1.386832e-01	1.404687e-01	-1.282511e-01	7.072202e-02	1.624175e-01	2.254063e-02	2.490424e-01	-2.417635e-01	2.249569e-01	-2.078503e-01	1.837759e-01	-4.680480e-02	3.070720e-02	-1.355303e-02	1.130300e-02	2.920959e-02	
-5.524082e-02	1.812998e-01	1.150596e-01	-1.122861e-01	8.690065e-02	-5.093334e-02	9.246823e-03	1.118368e-01	-1.386832e-01	1.000000e+00	-9.922653e-01	9.631035e-01	-9.069578e-01	8.062610e-01	-6.509934e-02	-9.096271e-02	6.874548e-02	-4.385223e-02	6.426470e-02	-5.576601e-02	-1.177845e-02	-1.581062e-02	4.212209e-02	-4.642275e-02	5.121463e-02	
5.594534e-02	-1.968992e-01	-9.320123e-02	1.444044e-01	-1.207470e-01	8.715646e-02	-4.534827e-02	-1.054106e-01	1.404687e-01	-9.922653e-01	1.000000e+00	-9.885549e-01	9.391724e-01	-8.476267e-01	8.286650e-02	9.955561e-02	-7.769784e-02	5.194343e-02	-8.683512e-02	7.246712e-02	1.308433e-02	1.630782e-02	-4.453539e-02	4.465074e-02	-4.880046e-02	
-6.760384e-02	2.098499e-01	6.620215e-02	-1.764103e-01	1.614245e-01	-1.322886e-01	9.269393e-02	8.391052e-02	-1.282511e-01	9.631035e-01	-9.885549e-01	1.000000e+00	-9.643746e-01	8.899672e-01	-1.023639e-01	-1.083592e-01	8.721610e-02	-6.044954e-02	1.109821e-01	-8.930355e-02	-1.857860e-02	-1.304693e-02	4.410682e-02	-4.065021e-02	4.488924e-02	
1.387035e-01	-1.251863e-01	-1.658331e-01	1.398216e-02	-1.136675e-01	6.796569e-02	-1.542388e-02	-2.029107e-02	7.072202e-02	-9.069578e-01	9.391724e-01	-9.643746e-01	1.000000e+00	-9.552285e-01	6.535758e-02	1.138910e-01	-9.443402e-02	6.773653e-02	-8.292432e-02	6.255803e-02	6.012713e-02	-2.833168e-02	-5.038706e-03	2.031228e-02	-2.765061e-02	
-1.022907e-01	1.132935e-01	1.054634e-01	1.790055e-03	2.216013e-01	-1.900901e-01	1.581995e-01	-1.944856e-01	1.624175e-01	8.062610e-01	-8.476267e-01	8.899672e-01	-9.552285e-01	1.000000e+00	-6.327225e-02	-5.441872e-02	3.885069e-02	-2.007926e-02	4.895387e-02	-3.517582e-02	-6.955109e-02	3.532371e-02	1.208353e-03	-1.520664e-02	3.040350e-02	
-1.011464e-01	-4.248589e-01	9.160051e-02	2.422442e-01	-7.102663e-02	1.086890e-01	-1.346694e-01	-1.321638e-02	2.254063e-02	-6.509934e-02	8.286650e-02	-1.023639e-01	6.535758e-02	-6.327225e-02	1.000000e+00	-3.363020e-01	3.934799e-01	-4.555490e-01	-1.203056e-01	1.438571e-01	3.147516e-02	-2.462587e-02	1.808243e-02	-1.694947e-01	1.779191e-01	
1.002254e-01	7.802044e-02	-1.776164e-01	7.508667e-02	7.738248e-03	-2.590292e-02	6.525412e-02	-2.059642e-01	2.490424e-01	-9.096271e-02	9.955561e-02	-1.083592e-01	1.138910e-01	-5.441872e-02	-3.363020e-01	1.000000e+00	-9.883655e-01	9.391311e-01	-7.309998e-01	6.272130e-01	-1.834705e-02	1.323518e-02	-1.005549e-02	7.714370e-02	-2.834732e-02	
-9.797540e-02	-8.788658e-02	1.761071e-01	-6.950277e-02	-2.195620e-02	3.812957e-02	-7.264012e-02	2.051619e-01	-2.417635e-01	6.874548e-02	-7.769784e-02	8.721610e-02	-9.443402e-02	3.885069e-02	3.934799e-01	-9.883655e-01	1.000000e+00	-9.787367e-01	7.604945e-01	-6.642407e-01	1.666189e-02	-9.356110e-03	3.947548e-03	-7.766097e-02	2.643794e-02	
6.854039e-02	9.358375e-02	-1.640773e-01	6.218607e-02	4.358254e-02	-5.555624e-02	8.150709e-02	-2.002844e-01	2.249569e-01	-4.385223e-02	5.194343e-02	-6.044954e-02	6.773653e-02	-2.007926e-02	-4.555490e-01	9.391311e-01	-9.787367e-01	1.000000e+00	-7.872329e-01	7.136299e-01	-3.772161e-03	-6.826638e-03	1.602990e-02	6.253825e-02	-7.210654e-03	
8.702512e-02	1.125008e-01	-3.913128e-02	-2.008662e-01	2.256057e-03	-2.183357e-02	2.358436e-02	1.921644e-01	-2.078503e-01	6.426470e-02	-8.683512e-02	1.109821e-01	-8.292432e-02	4.895387e-02	-1.203056e-01	-7.309998e-01	7.604945e-01	-7.872329e-01	1.000000e+00	-9.720557e-01	-2.001376e-02	2.870883e-02	-3.835509e-02	7.008778e-02	-1.394453e-01	
-1.081112e-01	-8.209949e-02	4.882505e-02	1.581022e-01	4.160007e-02	-1.967418e-02	9.210713e-03	-1.817218e-01	1.837759e-01	-5.576601e-02	7.246712e-02	-8.930355e-02	6.255803e-02	-3.517582e-02	1.438571e-01	6.272130e-01	-6.642407e-01	7.136299e-01	-9.720557e-01	1.000000e+00	1.145888e-02	-2.368557e-02	3.759378e-02	-7.811275e-02	1.569604e-01	
8.545780e-03	-5.522648e-02	-1.954220e-01	-3.903357e-02	1.067680e-01	-9.428163e-02	6.992855e-02	2.906561e-02	-4.680480e-02	-1.177845e-02	1.308433e-02	-1.857860e-02	6.012713e-02	-6.955109e-02	3.147516e-02	-1.834705e-02	1.666189e-02	-3.772161e-03	-2.001376e-02	1.145888e-02	1.000000e+00	-9.937693e-01	9.681057e-01	-9.019864e-01	8.417892e-01	
7.663315e-03	5.046596e-02	2.036121e-01	3.587893e-02	-1.284818e-01	1.148119e-01	-8.886622e-02	-8.923771e-03	3.070720e-02	-1.581062e-02	1.630782e-02	-1.304693e-02	-2.833168e-02	3.532371e-02	-2.462587e-02	1.323518e-02	-9.356110e-03	-6.826638e-03	2.870883e-02	-2.368557e-02	-9.937693e-01	1.000000e+00	-9.893995e-01	9.344795e-01	-8.820175e-01	
-4.056146e-02	-4.558630e-02	-2.008004e-01	-3.121459e-02	1.500706e-01	-1.349481e-01	1.073450e-01	-1.313467e-02	-1.355303e-02	4.212209e-02	-4.453539e-02	4.410682e-02	-5.038706e-03	1.208353e-03	1.808243e-02	-1.005549e-02	3.947548e-03	1.602990e-02	-3.835509e-02	3.759378e-02	9.681057e-01	-9.893995e-01	1.000000e+00	-9.663246e-01	9.273802e-01	
1.158422e-01	9.996162e-02	9.585298e-02	-1.638030e-02	-1.309237e-01	1.058714e-01	-7.100940e-02	1.868531e-02	1.130300e-02	-4.642275e-02	4.465074e-02	-4.065021e-02	2.031228e-02	-1.520664e-02	-1.694947e-01	7.714370e-02	-7.766097e-02	6.253825e-02	7.008778e-02	-7.811275e-02	-9.019864e-01	9.344795e-01	-9.663246e-01	1.000000e+00	-9.821370e-01	
-1.063335e-01	-1.168846e-01	-1.269909e-01	4.179721e-02	1.394759e-01	-1.118714e-01	7.859564e-02	-5.256000e-02	2.920959e-02	5.121463e-02	-4.880046e-02	4.488924e-02	-2.765061e-02	3.040350e-02	1.779191e-01	-2.834732e-02	2.643794e-02	-7.210654e-03	-1.394453e-01	1.569604e-01	8.417892e-01	-8.820175e-01	9.273802e-01	-9.821370e-01	1.000000e+00	

Time taken for mcmc chain: 9.333333 minutes
