Number of steps: 1175723
Number of accepted steps: 1000000
Burn-in number of steps: 320000
Accepted fraction of steps: 0.850540
Convergence Status
R[0]= 1.022089	R[1]= 1.013942	R[2]= 1.332831	R[3]= 1.165011	R[4]= 1.130523	R[5]= 1.143914	R[6]= 1.157177	R[7]= 1.036027	R[8]= 1.025165	R[9]= 1.041983	R[10]= 1.071984	R[11]= 1.130607	R[12]= 1.012391	R[13]= 1.032643	R[14]= 1.189604	R[15]= 1.009591	R[16]= 1.000919	R[17]= 1.007947	R[18]= 1.049540	R[19]= 1.061489	R[20]= 1.158336	R[21]= 1.180006	R[22]= 1.211167	R[23]= 1.032773	R[24]= 1.025720	
<R>= 1.089735

Mean parameters
A[0]= 9.210590e-01 pm 3.199046e-02
A[1]= 1.055046e+00 pm 2.320493e-02
A[2]= 6.183218e-01 pm 3.330162e-01
A[3]= 3.700206e+00 pm 9.504188e-01
A[4]= -4.525266e+03 pm 3.350627e+03
A[5]= 2.459276e+03 pm 2.147776e+03
A[6]= -1.515100e+02 pm 4.927340e+02
A[7]= 1.793781e+01 pm 1.350136e+01
A[8]= -2.614418e-01 pm 1.826157e-01
A[9]= -4.150766e+03 pm 7.191868e+03
A[10]= 1.868900e+03 pm 4.273702e+03
A[11]= -4.761006e+02 pm 8.917849e+02
A[12]= 1.802737e+01 pm 4.535547e+01
A[13]= -4.994746e-01 pm 9.270722e-01
A[14]= 4.946053e+00 pm 1.423640e+00
A[15]= -6.783956e+03 pm 4.271486e+03
A[16]= 4.810003e+03 pm 2.763077e+03
A[17]= -8.175434e+02 pm 6.477012e+02
A[18]= 3.640342e+00 pm 1.933614e+01
A[19]= 1.270162e-01 pm 2.721257e-01
A[20]= 4.926225e+03 pm 1.159600e+04
A[21]= -2.875775e+03 pm 6.618164e+03
A[22]= 1.874887e+02 pm 1.283517e+03
A[23]= -3.883185e+01 pm 7.050441e+01
A[24]= 5.043203e-01 pm 1.333158e+00

Best-fitting parameters
A[0]= 9.317101e-01
A[1]= 1.042443e+00
A[2]= 6.965717e-01
A[3]= 3.674570e+00
A[4]= -6.928767e+03
A[5]= 3.734957e+03
A[6]= -3.848766e+02
A[7]= 2.085614e+01
A[8]= -2.675015e-01
A[9]= -1.015989e+04
A[10]= 5.632352e+03
A[11]= -1.296097e+03
A[12]= 4.901571e+01
A[13]= -1.030359e+00
A[14]= 4.648500e+00
A[15]= -7.896742e+03
A[16]= 5.360511e+03
A[17]= -9.021328e+02
A[18]= 6.442095e+00
A[19]= 1.151813e-01
A[20]= 1.253951e+02
A[21]= -2.247939e+02
A[22]= -3.858070e+02
A[23]= -3.071423e+01
A[24]= 4.564773e-01
chi2_min= 8.916661e+01


Cross-Covariance parameters
1.000000e+00	-4.930832e-01	-1.390133e-01	5.629573e-02	-4.424748e-02	4.214356e-02	-4.955814e-02	2.143389e-01	-1.888386e-01	-1.834951e-01	2.090567e-01	-2.440986e-01	3.110228e-01	-2.852886e-01	6.005294e-02	-1.553267e-01	1.216301e-01	-9.514590e-02	2.403913e-01	-1.907213e-01	1.321334e-01	-8.659821e-02	4.911381e-03	3.262773e-02	-4.319025e-02	
-4.930832e-01	1.000000e+00	1.622957e-01	-2.542517e-01	6.772382e-02	-5.784360e-02	4.669907e-02	1.190122e-01	-1.689478e-01	2.548949e-01	-2.583779e-01	2.571149e-01	-3.209101e-01	2.243959e-01	-2.128119e-01	-1.529684e-02	-2.907344e-03	1.695306e-02	1.145672e-01	-1.170905e-01	-9.238159e-02	8.637941e-02	-5.527593e-02	5.995839e-02	-8.753155e-02	
-1.390133e-01	1.622957e-01	1.000000e+00	-7.130162e-01	-4.697111e-02	4.673000e-02	-3.057790e-02	-4.405562e-02	4.681466e-02	-3.153899e-01	4.330836e-01	-5.687416e-01	-2.057894e-01	3.130743e-01	-7.332936e-01	1.007582e-01	-1.184117e-01	1.336833e-01	-7.354333e-02	6.138377e-03	-2.005026e-01	3.011082e-01	-4.542482e-01	-2.031507e-01	2.789389e-01	
5.629573e-02	-2.542517e-01	-7.130162e-01	1.000000e+00	-4.436965e-01	5.068914e-01	-5.661691e-01	6.584414e-02	1.510946e-01	9.273493e-02	-1.691219e-01	2.621192e-01	7.986140e-02	-9.673134e-02	5.783751e-01	-9.636456e-02	1.122241e-01	-1.280612e-01	8.419389e-03	3.617790e-02	-4.685759e-02	-3.601100e-02	1.703583e-01	2.907668e-01	-3.196201e-01	
-4.424748e-02	6.772382e-02	-4.697111e-02	-4.436965e-01	1.000000e+00	-9.845809e-01	9.381640e-01	-6.722576e-01	3.570898e-01	8.643236e-02	-1.256931e-01	1.693781e-01	1.159412e-01	-9.098916e-02	2.137750e-02	2.740859e-02	-2.654699e-02	2.876326e-02	-2.351422e-02	2.121607e-02	1.740440e-01	-1.729025e-01	1.632368e-01	-1.331784e-01	1.167310e-01	
4.214356e-02	-5.784360e-02	4.673000e-02	5.068914e-01	-9.845809e-01	1.000000e+00	-9.835598e-01	6.115614e-01	-2.833100e-01	-1.033486e-01	1.424543e-01	-1.862507e-01	-1.369430e-01	1.272947e-01	-1.550653e-02	-4.943556e-02	4.640210e-02	-4.637863e-02	2.647535e-02	-1.964506e-02	-2.205077e-01	2.200188e-01	-2.083295e-01	1.763754e-01	-1.556567e-01	
-4.955814e-02	4.669907e-02	-3.057790e-02	-5.661691e-01	9.381640e-01	-9.835598e-01	1.000000e+00	-5.356106e-01	2.099324e-01	1.151258e-01	-1.530233e-01	1.958167e-01	1.406413e-01	-1.413521e-01	4.285031e-03	6.930866e-02	-6.301998e-02	6.020718e-02	-3.521809e-02	2.540421e-02	2.557798e-01	-2.544256e-01	2.387422e-01	-2.160801e-01	1.928220e-01	
2.143389e-01	1.190122e-01	-4.405562e-02	6.584414e-02	-6.722576e-01	6.115614e-01	-5.356106e-01	1.000000e+00	-9.136007e-01	9.850112e-02	-6.693843e-02	2.196728e-02	-2.384093e-02	-1.429194e-01	-2.741296e-02	-4.324707e-02	3.171698e-02	-2.355476e-02	1.431791e-01	-1.313579e-01	-2.615848e-02	4.071493e-02	-5.270882e-02	1.264938e-01	-1.465241e-01	
-1.888386e-01	-1.689478e-01	4.681466e-02	1.510946e-01	3.570898e-01	-2.833100e-01	2.099324e-01	-9.136007e-01	1.000000e+00	-1.675388e-01	1.424414e-01	-1.008938e-01	-1.944791e-02	2.291688e-01	3.520036e-02	1.737599e-02	-1.074481e-02	6.374665e-03	-1.298200e-01	1.259920e-01	-4.482498e-02	2.502245e-02	-5.365947e-03	-7.047251e-02	9.695144e-02	
-1.834951e-01	2.548949e-01	-3.153899e-01	9.273493e-02	8.643236e-02	-1.033486e-01	1.151258e-01	9.850112e-02	-1.675388e-01	1.000000e+00	-9.824499e-01	9.125217e-01	-7.142156e-01	5.197060e-01	1.499943e-01	1.582219e-01	-1.387132e-01	1.201863e-01	-3.408073e-02	1.485200e-02	-1.736739e-02	-4.239741e-02	1.444683e-01	1.557828e-01	-1.813883e-01	
2.090567e-01	-2.583779e-01	4.330836e-01	-1.691219e-01	-1.256931e-01	1.424543e-01	-1.530233e-01	-6.693843e-02	1.424414e-01	-9.824499e-01	1.000000e+00	-9.720055e-01	6.770130e-01	-4.860054e-01	-2.552735e-01	-1.279868e-01	1.062410e-01	-8.653373e-02	4.632836e-02	-4.140911e-02	-2.881475e-02	9.934896e-02	-2.176107e-01	-1.531638e-01	1.893904e-01	
-2.440986e-01	2.571149e-01	-5.687416e-01	2.621192e-01	1.693781e-01	-1.862507e-01	1.958167e-01	2.196728e-02	-1.008938e-01	9.125217e-01	-9.720055e-01	1.000000e+00	-5.864209e-01	4.096843e-01	3.817356e-01	8.289887e-02	-5.840163e-02	3.751430e-02	-4.949974e-02	6.274976e-02	8.677204e-02	-1.694746e-01	3.055204e-01	1.454588e-01	-1.956115e-01	
3.110228e-01	-3.209101e-01	-2.057894e-01	7.986140e-02	1.159412e-01	-1.369430e-01	1.406413e-01	-2.384093e-02	-1.944791e-02	-7.142156e-01	6.770130e-01	-5.864209e-01	1.000000e+00	-9.514997e-01	1.625399e-01	-1.010376e-01	9.247324e-02	-8.680778e-02	1.200895e-01	-1.026470e-01	1.552758e-01	-1.517752e-01	1.321131e-01	-3.848002e-02	1.576377e-02	
-2.852886e-01	2.243959e-01	3.130743e-01	-9.673134e-02	-9.098916e-02	1.272947e-01	-1.413521e-01	-1.429194e-01	2.291688e-01	5.197060e-01	-4.860054e-01	4.096843e-01	-9.514997e-01	1.000000e+00	-1.928621e-01	5.643910e-02	-4.697730e-02	4.204966e-02	-1.362460e-01	1.283870e-01	-1.644200e-01	1.754102e-01	-1.812606e-01	-2.081317e-02	5.632958e-02	
6.005294e-02	-2.128119e-01	-7.332936e-01	5.783751e-01	2.137750e-02	-1.550653e-02	4.285031e-03	-2.741296e-02	3.520036e-02	1.499943e-01	-2.552735e-01	3.817356e-01	1.625399e-01	-1.928621e-01	1.000000e+00	-5.080787e-01	5.951396e-01	-6.625558e-01	-6.151608e-04	2.007849e-01	4.184964e-02	-9.269826e-02	1.853575e-01	1.290880e-01	-1.592755e-01	
-1.553267e-01	-1.529684e-02	1.007582e-01	-9.636456e-02	2.740859e-02	-4.943556e-02	6.930866e-02	-4.324707e-02	1.737599e-02	1.582219e-01	-1.279868e-01	8.289887e-02	-1.010376e-01	5.643910e-02	-5.080787e-01	1.000000e+00	-9.820168e-01	9.298832e-01	-5.820624e-01	3.341293e-01	5.258403e-02	-8.201256e-02	1.169695e-01	5.162426e-03	3.290057e-02	
1.216301e-01	-2.907344e-03	-1.184117e-01	1.122241e-01	-2.654699e-02	4.640210e-02	-6.301998e-02	3.171698e-02	-1.074481e-02	-1.387132e-01	1.062410e-01	-5.840163e-02	9.247324e-02	-4.697730e-02	5.951396e-01	-9.820168e-01	1.000000e+00	-9.820104e-01	5.046085e-01	-2.470503e-01	-7.074548e-02	1.020385e-01	-1.358921e-01	-3.535248e-03	-2.615293e-02	
-9.514590e-02	1.695306e-02	1.336833e-01	-1.280612e-01	2.876326e-02	-4.637863e-02	6.020718e-02	-2.355476e-02	6.374665e-03	1.201863e-01	-8.653373e-02	3.751430e-02	-8.680778e-02	4.204966e-02	-6.625558e-01	9.298832e-01	-9.820104e-01	1.000000e+00	-4.080703e-01	1.511102e-01	9.871948e-02	-1.308726e-01	1.619678e-01	-1.144500e-02	3.168374e-02	
2.403913e-01	1.145672e-01	-7.354333e-02	8.419389e-03	-2.351422e-02	2.647535e-02	-3.521809e-02	1.431791e-01	-1.298200e-01	-3.408073e-02	4.632836e-02	-4.949974e-02	1.200895e-01	-1.362460e-01	-6.151608e-04	-5.820624e-01	5.046085e-01	-4.080703e-01	1.000000e+00	-9.506394e-01	6.848575e-02	-6.549870e-02	5.300079e-02	5.370156e-02	-1.644277e-01	
-1.907213e-01	-1.170905e-01	6.138377e-03	3.617790e-02	2.121607e-02	-1.964506e-02	2.540421e-02	-1.313579e-01	1.259920e-01	1.485200e-02	-4.140911e-02	6.274976e-02	-1.026470e-01	1.283870e-01	2.007849e-01	3.341293e-01	-2.470503e-01	1.511102e-01	-9.506394e-01	1.000000e+00	-7.306809e-02	7.822348e-02	-7.296613e-02	-6.006542e-02	1.745493e-01	
1.321334e-01	-9.238159e-02	-2.005026e-01	-4.685759e-02	1.740440e-01	-2.205077e-01	2.557798e-01	-2.615848e-02	-4.482498e-02	-1.736739e-02	-2.881475e-02	8.677204e-02	1.552758e-01	-1.644200e-01	4.184964e-02	5.258403e-02	-7.074548e-02	9.871948e-02	6.848575e-02	-7.306809e-02	1.000000e+00	-9.862682e-01	9.176261e-01	-8.143551e-01	7.073055e-01	
-8.659821e-02	8.637941e-02	3.011082e-01	-3.601100e-02	-1.729025e-01	2.200188e-01	-2.544256e-01	4.071493e-02	2.502245e-02	-4.239741e-02	9.934896e-02	-1.694746e-01	-1.517752e-01	1.754102e-01	-9.269826e-02	-8.201256e-02	1.020385e-01	-1.308726e-01	-6.549870e-02	7.822348e-02	-9.862682e-01	1.000000e+00	-9.697779e-01	7.904858e-01	-6.827892e-01	
4.911381e-03	-5.527593e-02	-4.542482e-01	1.703583e-01	1.632368e-01	-2.083295e-01	2.387422e-01	-5.270882e-02	-5.365947e-03	1.444683e-01	-2.176107e-01	3.055204e-01	1.321131e-01	-1.812606e-01	1.853575e-01	1.169695e-01	-1.358921e-01	1.619678e-01	5.300079e-02	-7.296613e-02	9.176261e-01	-9.697779e-01	1.000000e+00	-7.033119e-01	5.985030e-01	
3.262773e-02	5.995839e-02	-2.031507e-01	2.907668e-01	-1.331784e-01	1.763754e-01	-2.160801e-01	1.264938e-01	-7.047251e-02	1.557828e-01	-1.531638e-01	1.454588e-01	-3.848002e-02	-2.081317e-02	1.290880e-01	5.162426e-03	-3.535248e-03	-1.144500e-02	5.370156e-02	-6.006542e-02	-8.143551e-01	7.904858e-01	-7.033119e-01	1.000000e+00	-9.768177e-01	
-4.319025e-02	-8.753155e-02	2.789389e-01	-3.196201e-01	1.167310e-01	-1.556567e-01	1.928220e-01	-1.465241e-01	9.695144e-02	-1.813883e-01	1.893904e-01	-1.956115e-01	1.576377e-02	5.632958e-02	-1.592755e-01	3.290057e-02	-2.615293e-02	3.168374e-02	-1.644277e-01	1.745493e-01	7.073055e-01	-6.827892e-01	5.985030e-01	-9.768177e-01	1.000000e+00	

Time taken for mcmc chain: 8.800000 minutes
