Number of steps: 15473073
Number of accepted steps: 1000000
Burn-in number of steps: 320000
Accepted fraction of steps: 0.064628
Convergence Status
R[0]= 1.266754	R[1]= 1.127204	R[2]= 1.222235	R[3]= 1.035792	R[4]= 1.006316	R[5]= 1.007430	R[6]= 1.015884	R[7]= 1.012157	R[8]= 1.002552	R[9]= 1.005484	R[10]= 1.005609	R[11]= 1.036579	R[12]= 1.007902	R[13]= 1.004024	R[14]= 1.098470	R[15]= 1.182471	R[16]= 1.176891	R[17]= 1.150864	R[18]= 1.055494	R[19]= 1.000900	R[20]= 1.070135	R[21]= 1.068323	R[22]= 1.052043	R[23]= 1.018935	R[24]= 1.004426	
<R>= 1.065395

Mean parameters
A[0]= 7.437992e-01 pm 1.114797e-01
A[1]= 9.524569e-01 pm 4.421341e-02
A[2]= 5.129825e-01 pm 2.353313e-01
A[3]= 2.662285e+00 pm 1.042515e+00
A[4]= -7.084207e+01 pm 4.494696e+03
A[5]= 3.394496e+02 pm 3.362458e+03
A[6]= -9.051436e+01 pm 9.796076e+02
A[7]= 4.041811e+01 pm 1.890011e+01
A[8]= -4.701238e-01 pm 1.766059e-01
A[9]= -4.079298e+03 pm 8.104436e+03
A[10]= 1.460391e+03 pm 4.666571e+03
A[11]= -2.891616e+02 pm 9.682065e+02
A[12]= 3.813340e+01 pm 4.910824e+01
A[13]= -1.046818e+00 pm 9.026374e-01
A[14]= 5.519401e+00 pm 1.672820e+00
A[15]= -8.320168e+03 pm 7.456123e+03
A[16]= 8.242169e+03 pm 5.436148e+03
A[17]= -2.623618e+03 pm 1.500405e+03
A[18]= 6.496817e+01 pm 2.753384e+01
A[19]= -2.501236e-01 pm 2.558637e-01
A[20]= 4.339006e+03 pm 1.199198e+04
A[21]= -2.563471e+03 pm 6.841810e+03
A[22]= 1.867529e+02 pm 1.401673e+03
A[23]= -3.460398e+01 pm 6.923627e+01
A[24]= 3.391227e-01 pm 1.256423e+00

Best-fitting parameters
A[0]= 8.000186e-01
A[1]= 9.376575e-01
A[2]= 4.721845e-01
A[3]= 3.071134e+00
A[4]= -1.109700e+03
A[5]= 1.361379e+03
A[6]= -4.590836e+02
A[7]= 4.735805e+01
A[8]= -4.525794e-01
A[9]= -2.573084e+03
A[10]= 1.563800e+03
A[11]= -6.202379e+02
A[12]= 5.275297e+01
A[13]= -1.133494e+00
A[14]= 5.169650e+00
A[15]= -3.983897e+03
A[16]= 5.540523e+03
A[17]= -2.052358e+03
A[18]= 4.773708e+01
A[19]= -5.045487e-02
A[20]= 7.208743e+03
A[21]= -3.410181e+03
A[22]= 1.177148e+01
A[23]= -2.722105e+01
A[24]= 4.427581e-01
chi2_min= 1.045183e+02


Cross-Covariance parameters
1.000000e+00	-4.155463e-01	-5.025792e-01	1.494339e-01	2.473799e-01	-1.363182e-01	-6.948437e-03	6.823628e-02	9.601706e-02	1.255558e-01	-2.591869e-02	-2.132166e-01	1.870681e-01	-1.250056e-02	-3.163618e-02	4.684555e-01	-3.821227e-01	2.338275e-01	9.621494e-04	-2.896630e-02	3.063367e-01	-1.871709e-01	-1.433922e-01	2.433799e-01	-4.944263e-02	
-4.155463e-01	1.000000e+00	1.561677e-01	-6.880964e-02	-9.457353e-02	7.261953e-02	-4.471816e-02	7.351802e-02	-1.308674e-01	-3.979504e-02	-1.734657e-02	1.531205e-01	-1.241178e-01	1.343799e-02	-3.959239e-02	-1.746580e-01	1.626184e-01	-1.399421e-01	1.464836e-01	-1.375869e-01	-1.380932e-01	6.946786e-02	1.182434e-01	-1.389108e-01	3.022818e-02	
-5.025792e-01	1.561677e-01	1.000000e+00	-2.228208e-01	-2.172042e-01	1.735233e-01	-1.026061e-01	9.789252e-04	6.489636e-03	-2.462993e-01	2.824611e-01	-2.893811e-01	-1.331281e-02	4.382184e-02	-3.011447e-01	-3.138699e-01	2.571718e-01	-1.589248e-01	-1.814883e-02	5.640603e-02	-3.998651e-01	4.419128e-01	-4.217740e-01	-2.663020e-02	5.787360e-02	
1.494339e-01	-6.880964e-02	-2.228208e-01	1.000000e+00	-7.227546e-01	8.402322e-01	-9.131368e-01	7.151048e-01	-1.107845e-01	-1.487457e-01	2.009114e-01	-2.483387e-01	-2.078990e-02	9.052002e-02	1.918841e-01	-2.520638e-03	3.631177e-02	-7.869194e-02	9.339534e-02	-1.263770e-02	7.560868e-02	-6.633112e-02	2.942459e-02	2.811102e-02	-9.510941e-03	
2.473799e-01	-9.457353e-02	-2.172042e-01	-7.227546e-01	1.000000e+00	-9.718625e-01	8.931408e-01	-8.554776e-01	4.638261e-01	2.062813e-01	-2.387067e-01	2.260291e-01	8.498857e-02	-5.441812e-02	-6.623259e-02	2.070696e-01	-1.946362e-01	1.622974e-01	-7.158402e-02	-3.303162e-03	1.308313e-01	-1.216044e-01	6.622902e-02	3.533986e-02	-8.858453e-03	
-1.363182e-01	7.261953e-02	1.735233e-01	8.402322e-01	-9.718625e-01	1.000000e+00	-9.731964e-01	8.764346e-01	-3.816875e-01	-2.201169e-01	2.730178e-01	-2.969255e-01	-6.422067e-02	7.777975e-02	6.805259e-02	-1.600547e-01	1.609964e-01	-1.493981e-01	8.430507e-02	-1.778968e-03	-1.015205e-01	1.088001e-01	-9.456194e-02	-8.948940e-03	9.366509e-03	
-6.948437e-03	-4.471816e-02	-1.026061e-01	-9.131368e-01	8.931408e-01	-9.731964e-01	1.000000e+00	-8.588528e-01	2.892920e-01	2.207376e-01	-2.929909e-01	3.569161e-01	3.030671e-02	-8.857856e-02	-6.537739e-02	9.043501e-02	-1.069999e-01	1.210223e-01	-9.359842e-02	1.019376e-02	5.725009e-02	-8.263481e-02	1.170149e-01	-2.345926e-02	-7.393305e-03	
6.823628e-02	7.351802e-02	9.789252e-04	7.151048e-01	-8.554776e-01	8.764346e-01	-8.588528e-01	1.000000e+00	-7.101723e-01	-8.656093e-02	1.466164e-01	-2.159851e-01	-4.389187e-02	1.887502e-03	5.671143e-02	-3.278037e-02	5.225135e-02	-7.594385e-02	8.668009e-02	-3.297173e-02	-1.010235e-02	2.906553e-02	-6.280060e-02	2.565118e-02	-3.178675e-03	
9.601706e-02	-1.308674e-01	6.489636e-03	-1.107845e-01	4.638261e-01	-3.816875e-01	2.892920e-01	-7.101723e-01	1.000000e+00	-8.705948e-02	9.307671e-02	-1.030827e-01	7.877555e-02	1.326472e-01	-1.699860e-02	4.939001e-02	-4.194042e-02	3.065430e-02	-2.974048e-02	3.702559e-02	1.573132e-02	5.028691e-03	-5.368524e-02	2.909940e-02	1.035483e-02	
1.255558e-01	-3.979504e-02	-2.462993e-01	-1.487457e-01	2.062813e-01	-2.201169e-01	2.207376e-01	-8.656093e-02	-8.705948e-02	1.000000e+00	-9.792347e-01	8.481038e-01	-8.204135e-01	7.209690e-01	6.590059e-02	9.176840e-02	-7.935233e-02	5.546396e-02	-7.957838e-03	-1.164326e-02	1.068976e-01	-1.219272e-01	1.227066e-01	-1.046011e-03	-1.007308e-02	
-2.591869e-02	-1.734657e-02	2.824611e-01	2.009114e-01	-2.387067e-01	2.730178e-01	-2.929909e-01	1.466164e-01	9.307671e-02	-9.792347e-01	1.000000e+00	-9.349905e-01	8.483374e-01	-7.165128e-01	-9.867815e-02	-5.645869e-02	5.211472e-02	-4.121869e-02	6.929061e-03	1.811278e-02	-1.059613e-01	1.459628e-01	-1.990198e-01	3.758689e-02	1.059031e-02	
-2.132166e-01	1.531205e-01	-2.893811e-01	-2.483387e-01	2.260291e-01	-2.969255e-01	3.569161e-01	-2.159851e-01	-1.030827e-01	8.481038e-01	-9.349905e-01	1.000000e+00	-8.200193e-01	6.310313e-01	1.540208e-01	-4.497862e-02	3.048847e-02	-9.484675e-03	3.153887e-03	-2.939812e-02	7.307999e-02	-1.605189e-01	3.216498e-01	-1.136634e-01	-7.113195e-03	
1.870681e-01	-1.241178e-01	-1.331281e-02	-2.078990e-02	8.498857e-02	-6.422067e-02	3.030671e-02	-4.389187e-02	7.877555e-02	-8.204135e-01	8.483374e-01	-8.200193e-01	1.000000e+00	-9.306307e-01	-4.693269e-02	8.129204e-02	-6.944337e-02	4.814907e-02	-1.249843e-02	3.353546e-03	2.660832e-02	9.174930e-03	-9.118783e-02	6.886205e-02	-1.741654e-02	
-1.250056e-02	1.343799e-02	4.382184e-02	9.052002e-02	-5.441812e-02	7.777975e-02	-8.857856e-02	1.887502e-03	1.326472e-01	7.209690e-01	-7.165128e-01	6.310313e-01	-9.306307e-01	1.000000e+00	4.313583e-03	-1.288135e-02	1.603867e-02	-1.869035e-02	6.128742e-03	1.374687e-02	-1.092717e-02	1.493427e-02	-1.972567e-02	-1.217426e-02	2.289701e-02	
-3.163618e-02	-3.959239e-02	-3.011447e-01	1.918841e-01	-6.623259e-02	6.805259e-02	-6.537739e-02	5.671143e-02	-1.699860e-02	6.590059e-02	-9.867815e-02	1.540208e-01	-4.693269e-02	4.313583e-03	1.000000e+00	-6.592755e-01	7.642613e-01	-8.494259e-01	6.378358e-01	-5.719065e-02	-1.131847e-01	9.975121e-02	-2.183240e-02	-1.144698e-01	1.056503e-01	
4.684555e-01	-1.746580e-01	-3.138699e-01	-2.520638e-03	2.070696e-01	-1.600547e-01	9.043501e-02	-3.278037e-02	4.939001e-02	9.176840e-02	-5.645869e-02	-4.497862e-02	8.129204e-02	-1.288135e-02	-6.592755e-01	1.000000e+00	-9.792419e-01	9.082840e-01	-7.701691e-01	3.456595e-01	3.756060e-01	-3.549033e-01	1.970478e-01	1.425529e-01	-7.258172e-02	
-3.821227e-01	1.626184e-01	2.571718e-01	3.631177e-02	-1.946362e-01	1.609964e-01	-1.069999e-01	5.225135e-02	-4.194042e-02	-7.935233e-02	5.211472e-02	3.048847e-02	-6.944337e-02	1.603867e-02	7.642613e-01	-9.792419e-01	1.000000e+00	-9.732956e-01	7.981225e-01	-2.919654e-01	-3.658342e-01	3.596862e-01	-2.305505e-01	-1.361651e-01	9.480073e-02	
2.338275e-01	-1.399421e-01	-1.589248e-01	-7.869194e-02	1.622974e-01	-1.493981e-01	1.210223e-01	-7.594385e-02	3.065430e-02	5.546396e-02	-4.121869e-02	-9.484675e-03	4.814907e-02	-1.869035e-02	-8.494259e-01	9.082840e-01	-9.732956e-01	1.000000e+00	-8.098514e-01	2.379544e-01	3.272396e-01	-3.411480e-01	2.604358e-01	1.130559e-01	-1.103161e-01	
9.621494e-04	1.464836e-01	-1.814883e-02	9.339534e-02	-7.158402e-02	8.430507e-02	-9.359842e-02	8.668009e-02	-2.974048e-02	-7.957838e-03	6.929061e-03	3.153887e-03	-1.249843e-02	6.128742e-03	6.378358e-01	-7.701691e-01	7.981225e-01	-8.098514e-01	1.000000e+00	-7.297878e-01	-1.813555e-01	2.090907e-01	-2.000417e-01	-8.157897e-03	-1.808256e-02	
-2.896630e-02	-1.375869e-01	5.640603e-02	-1.263770e-02	-3.303162e-03	-1.778968e-03	1.019376e-02	-3.297173e-02	3.702559e-02	-1.164326e-02	1.811278e-02	-2.939812e-02	3.353546e-03	1.374687e-02	-5.719065e-02	3.456595e-01	-2.919654e-01	2.379544e-01	-7.297878e-01	1.000000e+00	8.666358e-03	-1.127123e-02	1.077696e-02	-6.768497e-02	1.741525e-01	
3.063367e-01	-1.380932e-01	-3.998651e-01	7.560868e-02	1.308313e-01	-1.015205e-01	5.725009e-02	-1.010235e-02	1.573132e-02	1.068976e-01	-1.059613e-01	7.307999e-02	2.660832e-02	-1.092717e-02	-1.131847e-01	3.756060e-01	-3.658342e-01	3.272396e-01	-1.813555e-01	8.666358e-03	1.000000e+00	-9.777710e-01	8.055753e-01	-6.914752e-01	6.613133e-01	
-1.871709e-01	6.946786e-02	4.419128e-01	-6.633112e-02	-1.216044e-01	1.088001e-01	-8.263481e-02	2.906553e-02	5.028691e-03	-1.219272e-01	1.459628e-01	-1.605189e-01	9.174930e-03	1.493427e-02	9.975121e-02	-3.549033e-01	3.596862e-01	-3.411480e-01	2.090907e-01	-1.127123e-02	-9.777710e-01	1.000000e+00	-9.082987e-01	7.403730e-01	-6.675513e-01	
-1.433922e-01	1.182434e-01	-4.217740e-01	2.942459e-02	6.622902e-02	-9.456194e-02	1.170149e-01	-6.280060e-02	-5.368524e-02	1.227066e-01	-1.990198e-01	3.216498e-01	-9.118783e-02	-1.972567e-02	-2.183240e-02	1.970478e-01	-2.305505e-01	2.604358e-01	-2.000417e-01	1.077696e-02	8.055753e-01	-9.082987e-01	1.000000e+00	-7.745894e-01	6.126297e-01	
2.433799e-01	-1.389108e-01	-2.663020e-02	2.811102e-02	3.533986e-02	-8.948940e-03	-2.345926e-02	2.565118e-02	2.909940e-02	-1.046011e-03	3.758689e-02	-1.136634e-01	6.886205e-02	-1.217426e-02	-1.144698e-01	1.425529e-01	-1.361651e-01	1.130559e-01	-8.157897e-03	-6.768497e-02	-6.914752e-01	7.403730e-01	-7.745894e-01	1.000000e+00	-9.408675e-01	
-4.944263e-02	3.022818e-02	5.787360e-02	-9.510941e-03	-8.858453e-03	9.366509e-03	-7.393305e-03	-3.178675e-03	1.035483e-02	-1.007308e-02	1.059031e-02	-7.113195e-03	-1.741654e-02	2.289701e-02	1.056503e-01	-7.258172e-02	9.480073e-02	-1.103161e-01	-1.808256e-02	1.741525e-01	6.613133e-01	-6.675513e-01	6.126297e-01	-9.408675e-01	1.000000e+00	

Time taken for mcmc chain: 3.350556 hours
