Number of steps: 1099374
Number of accepted steps: 1000000
Burn-in number of steps: 320000
Accepted fraction of steps: 0.909609
Convergence Status
R[0]= 1.192048	R[1]= 1.157658	R[2]= 1.062033	R[3]= 1.078941	R[4]= 1.042034	R[5]= 1.046050	R[6]= 1.044007	R[7]= 1.012055	R[8]= 1.059308	R[9]= 1.178517	R[10]= 1.166406	R[11]= 1.135321	R[12]= 1.138458	R[13]= 1.130703	R[14]= 1.008177	R[15]= 1.094081	R[16]= 1.091344	R[17]= 1.081984	R[18]= 1.013694	R[19]= 1.040239	R[20]= 1.040384	R[21]= 1.029606	R[22]= 1.016166	R[23]= 1.041919	R[24]= 1.061573	
<R>= 1.078508

Mean parameters
A[0]= 9.315935e-01 pm 3.008327e-02
A[1]= 1.049596e+00 pm 2.299127e-02
A[2]= 5.180662e-01 pm 2.124385e-01
A[3]= 3.886327e+00 pm 7.975798e-01
A[4]= -5.421084e+03 pm 3.109962e+03
A[5]= 2.919660e+03 pm 2.002887e+03
A[6]= -2.360410e+02 pm 4.644525e+02
A[7]= 2.372223e+01 pm 1.248142e+01
A[8]= -3.516507e-01 pm 1.632404e-01
A[9]= -1.619513e+03 pm 7.137936e+03
A[10]= 3.281149e+02 pm 4.090496e+03
A[11]= -1.769417e+02 pm 7.914603e+02
A[12]= 1.098977e+01 pm 4.480833e+01
A[13]= -4.939969e-01 pm 8.927253e-01
A[14]= 5.360788e+00 pm 1.186678e+00
A[15]= -6.464998e+03 pm 3.568452e+03
A[16]= 4.822423e+03 pm 2.322711e+03
A[17]= -8.678263e+02 pm 5.646697e+02
A[18]= 3.013459e-01 pm 1.662580e+01
A[19]= 1.863217e-01 pm 2.432284e-01
A[20]= 7.094869e+03 pm 1.066465e+04
A[21]= -4.242652e+03 pm 6.118388e+03
A[22]= 4.643227e+02 pm 1.191450e+03
A[23]= -4.884546e+01 pm 6.474369e+01
A[24]= 6.659515e-01 pm 1.251144e+00

Best-fitting parameters
A[0]= 9.282056e-01
A[1]= 1.044522e+00
A[2]= 7.111178e-01
A[3]= 4.182203e+00
A[4]= -9.533020e+03
A[5]= 5.661267e+03
A[6]= -8.350409e+02
A[7]= 2.499119e+01
A[8]= -2.490913e-01
A[9]= -1.605577e+03
A[10]= 9.111851e+02
A[11]= -4.802304e+02
A[12]= -2.211785e+01
A[13]= 3.095021e-01
A[14]= 4.779282e+00
A[15]= -7.950171e+03
A[16]= 5.579493e+03
A[17]= -9.964232e+02
A[18]= 6.255720e+00
A[19]= 7.750402e-02
A[20]= 1.081996e+04
A[21]= -5.460101e+03
A[22]= 4.144070e+02
A[23]= -7.995202e+01
A[24]= 1.204168e+00
chi2_min= 8.960222e+01


Cross-Covariance parameters
1.000000e+00	-5.200742e-01	-1.987548e-01	8.430073e-02	-6.530636e-02	5.037048e-02	-4.552172e-02	2.328258e-01	-2.232992e-01	-4.311594e-02	6.572655e-02	-1.188999e-01	1.719234e-01	-1.556960e-01	3.340790e-02	-3.019638e-03	-6.623016e-03	9.520404e-03	2.569371e-01	-2.442557e-01	-6.588093e-02	8.734270e-02	-1.254026e-01	2.080107e-01	-1.922160e-01	
-5.200742e-01	1.000000e+00	1.583262e-01	-2.316466e-01	-4.628840e-03	-1.400243e-02	2.665726e-02	4.035676e-02	-5.210955e-02	3.011623e-02	-6.456958e-02	1.141373e-01	-9.627566e-02	3.244357e-02	-1.613132e-01	-7.362613e-02	6.189486e-02	-7.018857e-02	1.168318e-01	-1.311578e-01	-6.846061e-02	5.281463e-02	-1.831409e-02	2.952549e-03	-3.660808e-02	
-1.987548e-01	1.583262e-01	1.000000e+00	-5.841553e-01	-5.403521e-04	-1.975120e-04	1.556480e-02	-2.266500e-01	2.750561e-01	-2.871502e-01	3.420964e-01	-4.358262e-01	-1.786435e-01	2.801660e-01	-5.524472e-01	3.048118e-02	-2.936958e-02	3.133022e-02	-2.023162e-01	1.776905e-01	-2.657716e-01	3.292945e-01	-4.271100e-01	-1.198725e-01	2.123791e-01	
8.430073e-02	-2.316466e-01	-5.841553e-01	1.000000e+00	-5.742660e-01	6.600534e-01	-7.291161e-01	3.396019e-01	-1.024065e-01	7.386560e-02	-7.624048e-02	9.477473e-02	8.158119e-02	-1.173550e-01	4.455579e-01	-1.522851e-01	1.613836e-01	-1.574749e-01	1.176081e-01	-6.865502e-02	1.725833e-01	-2.056139e-01	2.559189e-01	2.632858e-02	-7.357457e-02	
-6.530636e-02	-4.628840e-03	-5.403521e-04	-5.742660e-01	1.000000e+00	-9.809515e-01	9.265388e-01	-7.360701e-01	4.315928e-01	1.378890e-01	-1.680326e-01	2.078249e-01	-6.339008e-02	1.071241e-01	-1.544904e-01	2.399537e-01	-2.610101e-01	2.685916e-01	-1.660109e-01	9.272321e-02	1.383263e-01	-1.346708e-01	1.278085e-01	-8.990671e-02	8.348010e-02	
5.037048e-02	-1.400243e-02	-1.975120e-04	6.600534e-01	-9.809515e-01	1.000000e+00	-9.814235e-01	6.955458e-01	-3.728636e-01	-1.285038e-01	1.628409e-01	-2.086501e-01	3.552370e-02	-7.147475e-02	1.493292e-01	-2.278657e-01	2.444946e-01	-2.474609e-01	1.318075e-01	-6.351646e-02	-1.102339e-01	1.077486e-01	-1.029141e-01	6.458715e-02	-5.574407e-02	
-4.552172e-02	2.665726e-02	1.556480e-02	-7.291161e-01	9.265388e-01	-9.814235e-01	1.000000e+00	-6.356255e-01	3.111768e-01	1.155376e-01	-1.522798e-01	2.015957e-01	-1.819602e-02	4.867105e-02	-1.440154e-01	2.058329e-01	-2.185583e-01	2.182377e-01	-1.032333e-01	4.317246e-02	7.364400e-02	-7.178184e-02	6.805277e-02	-3.832710e-02	2.894223e-02	
2.328258e-01	4.035676e-02	-2.266500e-01	3.396019e-01	-7.360701e-01	6.955458e-01	-6.356255e-01	1.000000e+00	-9.097822e-01	3.160371e-02	-1.997910e-02	-2.145066e-03	1.236161e-01	-2.711432e-01	1.607480e-01	-1.065671e-01	1.163391e-01	-1.251972e-01	1.992650e-01	-1.462504e-01	-7.601825e-02	5.733820e-02	-2.528902e-02	1.400861e-01	-1.392467e-01	
-2.232992e-01	-5.210955e-02	2.750561e-01	-1.024065e-01	4.315928e-01	-3.728636e-01	3.111768e-01	-9.097822e-01	1.000000e+00	-1.075443e-01	1.112972e-01	-1.065217e-01	-1.327244e-01	3.221075e-01	-1.236273e-01	-8.621328e-03	3.419143e-03	7.871935e-03	-1.354855e-01	1.037947e-01	3.690055e-02	-1.155444e-02	-3.305033e-02	-1.164232e-01	1.092246e-01	
-4.311594e-02	3.011623e-02	-2.871502e-01	7.386560e-02	1.378890e-01	-1.285038e-01	1.155376e-01	3.160371e-02	-1.075443e-01	1.000000e+00	-9.893310e-01	9.411658e-01	-7.776477e-01	6.169734e-01	5.626092e-02	1.746027e-01	-1.852855e-01	1.826361e-01	-8.204205e-02	6.337565e-02	7.532521e-02	-1.015995e-01	1.359614e-01	8.535851e-02	-1.148052e-01	
6.572655e-02	-6.456958e-02	3.420964e-01	-7.624048e-02	-1.680326e-01	1.628409e-01	-1.522798e-01	-1.997910e-02	1.112972e-01	-9.893310e-01	1.000000e+00	-9.791496e-01	7.843461e-01	-6.268522e-01	-7.992479e-02	-1.712211e-01	1.861505e-01	-1.856381e-01	7.287627e-02	-5.290756e-02	-9.806023e-02	1.293543e-01	-1.725333e-01	-7.893384e-02	1.128491e-01	
-1.188999e-01	1.141373e-01	-4.358262e-01	9.477473e-02	2.078249e-01	-2.086501e-01	2.015957e-01	-2.145066e-03	-1.065217e-01	9.411658e-01	-9.791496e-01	1.000000e+00	-7.470887e-01	5.995534e-01	1.341208e-01	1.551737e-01	-1.735881e-01	1.750207e-01	-5.452090e-02	3.352536e-02	1.384128e-01	-1.782773e-01	2.361541e-01	6.443118e-02	-1.094788e-01	
1.719234e-01	-9.627566e-02	-1.786435e-01	8.158119e-02	-6.339008e-02	3.552370e-02	-1.819602e-02	1.236161e-01	-1.327244e-01	-7.776477e-01	7.843461e-01	-7.470887e-01	1.000000e+00	-9.555869e-01	1.782017e-01	-1.311769e-01	1.542402e-01	-1.634602e-01	1.812884e-01	-1.521605e-01	4.103057e-02	-4.278201e-02	5.078422e-02	6.243483e-03	-2.624145e-02	
-1.556960e-01	3.244357e-02	2.801660e-01	-1.173550e-01	1.071241e-01	-7.147475e-02	4.867105e-02	-2.711432e-01	3.221075e-01	6.169734e-01	-6.268522e-01	5.995534e-01	-9.555869e-01	1.000000e+00	-1.954626e-01	7.764550e-02	-9.964201e-02	1.117424e-01	-1.723190e-01	1.439246e-01	-5.045141e-02	6.519011e-02	-9.341985e-02	-3.391242e-02	5.706933e-02	
3.340790e-02	-1.613132e-01	-5.524472e-01	4.455579e-01	-1.544904e-01	1.493292e-01	-1.440154e-01	1.607480e-01	-1.236273e-01	5.626092e-02	-7.992479e-02	1.341208e-01	1.782017e-01	-1.954626e-01	1.000000e+00	-5.221227e-01	6.472177e-01	-7.335081e-01	-6.837587e-02	2.820011e-01	-2.047649e-02	5.621202e-03	3.006360e-02	1.065058e-01	-1.115413e-01	
-3.019638e-03	-7.362613e-02	3.048118e-02	-1.522851e-01	2.399537e-01	-2.278657e-01	2.058329e-01	-1.065671e-01	-8.621328e-03	1.746027e-01	-1.712211e-01	1.551737e-01	-1.311769e-01	7.764550e-02	-5.221227e-01	1.000000e+00	-9.689440e-01	8.837898e-01	-4.758859e-01	1.922556e-01	2.183486e-01	-2.278685e-01	2.344426e-01	-1.258936e-01	1.158428e-01	
-6.623016e-03	6.189486e-02	-2.936958e-02	1.613836e-01	-2.610101e-01	2.444946e-01	-2.185583e-01	1.163391e-01	3.419143e-03	-1.852855e-01	1.861505e-01	-1.735881e-01	1.542402e-01	-9.964201e-02	6.472177e-01	-9.689440e-01	1.000000e+00	-9.710539e-01	3.827509e-01	-9.035220e-02	-2.415896e-01	2.592977e-01	-2.739563e-01	1.367419e-01	-1.204396e-01	
9.520404e-03	-7.018857e-02	3.133022e-02	-1.574749e-01	2.685916e-01	-2.474609e-01	2.182377e-01	-1.251972e-01	7.871935e-03	1.826361e-01	-1.856381e-01	1.750207e-01	-1.634602e-01	1.117424e-01	-7.335081e-01	8.837898e-01	-9.710539e-01	1.000000e+00	-2.708752e-01	-1.020397e-02	2.583834e-01	-2.818830e-01	3.014910e-01	-1.491716e-01	1.293065e-01	
2.569371e-01	1.168318e-01	-2.023162e-01	1.176081e-01	-1.660109e-01	1.318075e-01	-1.032333e-01	1.992650e-01	-1.354855e-01	-8.204205e-02	7.287627e-02	-5.452090e-02	1.812884e-01	-1.723190e-01	-6.837587e-02	-4.758859e-01	3.827509e-01	-2.708752e-01	1.000000e+00	-9.432515e-01	-1.584689e-02	1.240432e-02	-4.757901e-03	1.839929e-01	-2.789187e-01	
-2.442557e-01	-1.311578e-01	1.776905e-01	-6.865502e-02	9.272321e-02	-6.351646e-02	4.317246e-02	-1.462504e-01	1.037947e-01	6.337565e-02	-5.290756e-02	3.352536e-02	-1.521605e-01	1.439246e-01	2.820011e-01	1.922556e-01	-9.035220e-02	-1.020397e-02	-9.432515e-01	1.000000e+00	-6.791728e-02	7.382991e-02	-8.178203e-02	-1.410597e-01	2.589805e-01	
-6.588093e-02	-6.846061e-02	-2.657716e-01	1.725833e-01	1.383263e-01	-1.102339e-01	7.364400e-02	-7.601825e-02	3.690055e-02	7.532521e-02	-9.806023e-02	1.384128e-01	4.103057e-02	-5.045141e-02	-2.047649e-02	2.183486e-01	-2.415896e-01	2.583834e-01	-1.584689e-02	-6.791728e-02	1.000000e+00	-9.909478e-01	9.517173e-01	-8.367577e-01	7.191820e-01	
8.734270e-02	5.281463e-02	3.292945e-01	-2.056139e-01	-1.346708e-01	1.077486e-01	-7.178184e-02	5.733820e-02	-1.155444e-02	-1.015995e-01	1.293543e-01	-1.782773e-01	-4.278201e-02	6.519011e-02	5.621202e-03	-2.278685e-01	2.592977e-01	-2.818830e-01	1.240432e-02	7.382991e-02	-9.909478e-01	1.000000e+00	-9.834360e-01	8.359003e-01	-7.200213e-01	
-1.254026e-01	-1.831409e-02	-4.271100e-01	2.559189e-01	1.278085e-01	-1.029141e-01	6.805277e-02	-2.528902e-02	-3.305033e-02	1.359614e-01	-1.725333e-01	2.361541e-01	5.078422e-02	-9.341985e-02	3.006360e-02	2.344426e-01	-2.739563e-01	3.014910e-01	-4.757901e-03	-8.178203e-02	9.517173e-01	-9.834360e-01	1.000000e+00	-7.997489e-01	6.880154e-01	
2.080107e-01	2.952549e-03	-1.198725e-01	2.632858e-02	-8.990671e-02	6.458715e-02	-3.832710e-02	1.400861e-01	-1.164232e-01	8.535851e-02	-7.893384e-02	6.443118e-02	6.243483e-03	-3.391242e-02	1.065058e-01	-1.258936e-01	1.367419e-01	-1.491716e-01	1.839929e-01	-1.410597e-01	-8.367577e-01	8.359003e-01	-7.997489e-01	1.000000e+00	-9.725065e-01	
-1.922160e-01	-3.660808e-02	2.123791e-01	-7.357457e-02	8.348010e-02	-5.574407e-02	2.894223e-02	-1.392467e-01	1.092246e-01	-1.148052e-01	1.128491e-01	-1.094788e-01	-2.624145e-02	5.706933e-02	-1.115413e-01	1.158428e-01	-1.204396e-01	1.293065e-01	-2.789187e-01	2.589805e-01	7.191820e-01	-7.200213e-01	6.880154e-01	-9.725065e-01	1.000000e+00	

Time taken for mcmc chain: 9.366667 minutes
