Number of steps: 9871282
Number of accepted steps: 1000000
Burn-in number of steps: 320000
Accepted fraction of steps: 0.101304
Convergence Status
R[0]= 1.000296	R[1]= 1.004217	R[2]= 1.068925	R[3]= 1.034463	R[4]= 1.006221	R[5]= 1.007438	R[6]= 1.008468	R[7]= 1.000801	R[8]= 1.000043	R[9]= 1.008282	R[10]= 1.014714	R[11]= 1.025100	R[12]= 1.005480	R[13]= 1.009337	R[14]= 1.008312	R[15]= 1.014647	R[16]= 1.017205	R[17]= 1.018427	R[18]= 1.001662	R[19]= 1.005039	R[20]= 1.015732	R[21]= 1.023714	R[22]= 1.034667	R[23]= 1.003625	R[24]= 1.009022	
<R>= 1.013834

Mean parameters
A[0]= 9.905064e-01 pm 3.688646e-02
A[1]= 1.120047e+00 pm 3.179077e-02
A[2]= 5.988925e-01 pm 4.576079e-01
A[3]= 3.603786e+00 pm 1.190523e+00
A[4]= -3.642404e+03 pm 3.759414e+03
A[5]= 1.430648e+03 pm 2.403667e+03
A[6]= 2.347745e+02 pm 5.350445e+02
A[7]= 8.503751e+00 pm 1.281970e+01
A[8]= -2.326956e-01 pm 1.821194e-01
A[9]= -2.786359e+03 pm 8.413246e+03
A[10]= 7.787132e+02 pm 5.004841e+03
A[11]= -1.805245e+02 pm 1.020100e+03
A[12]= 1.323621e+01 pm 4.942548e+01
A[13]= -5.137458e-01 pm 9.557287e-01
A[14]= 5.039558e+00 pm 1.650395e+00
A[15]= -5.727255e+03 pm 5.197508e+03
A[16]= 3.756867e+03 pm 3.308493e+03
A[17]= -4.150417e+02 pm 7.340384e+02
A[18]= -1.039074e+01 pm 1.935443e+01
A[19]= 1.963518e-01 pm 2.688435e-01
A[20]= 7.265164e+03 pm 1.153978e+04
A[21]= -4.509516e+03 pm 6.853544e+03
A[22]= 5.815848e+02 pm 1.390950e+03
A[23]= -5.233854e+01 pm 6.893960e+01
A[24]= 6.448531e-01 pm 1.341416e+00

Best-fitting parameters
A[0]= 1.031778e+00
A[1]= 1.085926e+00
A[2]= 4.968863e-01
A[3]= 3.751205e+00
A[4]= -4.035628e+03
A[5]= 1.651434e+03
A[6]= 1.905071e+02
A[7]= 1.167824e+01
A[8]= -2.723680e-01
A[9]= -4.730333e+03
A[10]= 1.927035e+03
A[11]= -4.262565e+02
A[12]= 2.659271e+01
A[13]= -7.309699e-01
A[14]= 4.497052e+00
A[15]= -1.299823e+03
A[16]= 7.925593e+02
A[17]= 2.464523e+02
A[18]= -2.679774e+01
A[19]= 3.717769e-01
A[20]= 1.521767e+04
A[21]= -9.206046e+03
A[22]= 1.411697e+03
A[23]= -9.212092e+01
A[24]= 1.404703e+00
chi2_min= 8.834889e+01


Cross-Covariance parameters
1.000000e+00	-4.890462e-01	-1.549858e-01	7.212361e-02	4.121119e-02	-4.378819e-02	3.693086e-02	7.756331e-02	-7.678096e-02	-2.919117e-02	3.469859e-02	-5.572040e-02	1.515710e-01	-1.295646e-01	5.628564e-02	6.423145e-02	-6.544927e-02	5.845012e-02	7.075669e-02	-7.028181e-02	-2.735090e-03	9.215508e-03	-3.472032e-02	1.314588e-01	-1.100525e-01	
-4.890462e-01	1.000000e+00	2.179285e-01	-1.665362e-01	-9.378198e-02	1.021419e-01	-1.154152e-01	1.461350e-01	-1.020803e-01	3.473690e-03	-8.314510e-04	3.921470e-03	-1.362985e-01	9.822470e-02	-2.395023e-01	-7.178507e-03	7.957852e-03	-1.571901e-02	1.534437e-01	-1.470115e-01	-2.284837e-02	2.154387e-02	-8.086550e-03	-6.802165e-02	3.677193e-02	
-1.549858e-01	2.179285e-01	1.000000e+00	-6.789755e-01	-7.927201e-02	9.083904e-02	-9.234600e-02	-2.311724e-02	3.653645e-02	-3.904991e-01	4.946374e-01	-6.162050e-01	-2.123951e-01	3.111944e-01	-6.526086e-01	-1.007872e-01	1.058596e-01	-1.014803e-01	-3.560370e-02	5.313209e-02	-3.941604e-01	4.952342e-01	-6.135496e-01	-2.161521e-01	3.151056e-01	
7.212361e-02	-1.665362e-01	-6.789755e-01	1.000000e+00	-4.867432e-01	5.308273e-01	-5.660737e-01	5.021070e-02	1.538940e-01	2.115034e-01	-2.689821e-01	3.422716e-01	7.394071e-02	-1.059681e-01	4.877968e-01	6.541906e-02	-6.689099e-02	6.298822e-02	1.586549e-03	-1.229791e-02	2.784215e-01	-3.499573e-01	4.347146e-01	1.503198e-01	-2.197856e-01	
4.121119e-02	-9.378198e-02	-7.927201e-02	-4.867432e-01	1.000000e+00	-9.873714e-01	9.516807e-01	-5.485421e-01	2.148620e-01	8.828988e-02	-1.224238e-01	1.578553e-01	1.291276e-01	-1.191794e-01	4.154079e-02	1.630832e-02	-1.944427e-02	2.186805e-02	7.885197e-03	-1.520878e-02	2.844626e-02	-3.575589e-02	4.307446e-02	2.167083e-02	-2.658581e-02	
-4.378819e-02	1.021419e-01	9.083904e-02	5.308273e-01	-9.873714e-01	1.000000e+00	-9.877982e-01	4.922260e-01	-1.530057e-01	-9.690900e-02	1.345768e-01	-1.738864e-01	-1.433342e-01	1.432496e-01	-4.726374e-02	-1.865092e-02	2.239058e-02	-2.527018e-02	-9.167794e-03	1.748652e-02	-3.235275e-02	4.095306e-02	-4.968230e-02	-2.543867e-02	3.151919e-02	
3.693086e-02	-1.154152e-01	-9.234600e-02	-5.660737e-01	9.516807e-01	-9.877982e-01	1.000000e+00	-4.337045e-01	1.015614e-01	1.057935e-01	-1.449878e-01	1.858737e-01	1.432942e-01	-1.493047e-01	4.921497e-02	1.854717e-02	-2.263302e-02	2.609025e-02	5.558506e-03	-1.445354e-02	3.220763e-02	-4.096204e-02	4.986678e-02	2.540686e-02	-3.131455e-02	
7.756331e-02	1.461350e-01	-2.311724e-02	5.021070e-02	-5.485421e-01	4.922260e-01	-4.337045e-01	1.000000e+00	-9.139950e-01	1.016622e-01	-9.188071e-02	6.981988e-02	-3.908823e-02	-1.229707e-01	-2.355117e-02	2.236862e-02	-2.381662e-02	2.153775e-02	5.310445e-02	-5.511161e-02	1.714227e-02	-2.101479e-02	2.479865e-02	1.939309e-02	-2.969729e-02	
-7.678096e-02	-1.020803e-01	3.653645e-02	1.538940e-01	2.148620e-01	-1.530057e-01	1.015614e-01	-9.139950e-01	1.000000e+00	-1.432476e-01	1.445675e-01	-1.316722e-01	-2.830711e-03	1.989662e-01	1.424901e-02	-2.263705e-02	2.530944e-02	-2.462627e-02	-5.380538e-02	5.824773e-02	-2.177294e-02	2.659235e-02	-3.120888e-02	-2.278538e-02	3.341697e-02	
-2.919117e-02	3.473690e-03	-3.904991e-01	2.115034e-01	8.828988e-02	-9.690900e-02	1.057935e-01	1.016622e-01	-1.432476e-01	1.000000e+00	-9.860343e-01	9.316916e-01	-7.010654e-01	5.388621e-01	2.672129e-01	4.256439e-02	-4.125463e-02	3.659048e-02	7.006517e-03	-1.353805e-02	1.655046e-01	-2.079405e-01	2.600582e-01	7.972219e-02	-1.240343e-01	
3.469859e-02	-8.314510e-04	4.946374e-01	-2.689821e-01	-1.224238e-01	1.345768e-01	-1.449878e-01	-9.188071e-02	1.445675e-01	-9.860343e-01	1.000000e+00	-9.785056e-01	6.486920e-01	-4.846626e-01	-3.327726e-01	-5.596592e-02	5.613684e-02	-5.174957e-02	-1.544358e-02	2.561677e-02	-2.105517e-01	2.648292e-01	-3.312094e-01	-1.025029e-01	1.593373e-01	
-5.572040e-02	3.921470e-03	-6.162050e-01	3.422716e-01	1.578553e-01	-1.738864e-01	1.858737e-01	6.981988e-02	-1.316722e-01	9.316916e-01	-9.785056e-01	1.000000e+00	-5.482440e-01	3.896727e-01	4.102300e-01	7.060230e-02	-7.258493e-02	6.869170e-02	2.438175e-02	-3.876639e-02	2.640121e-01	-3.325075e-01	4.162446e-01	1.277763e-01	-1.998920e-01	
1.515710e-01	-1.362985e-01	-2.123951e-01	7.394071e-02	1.291276e-01	-1.433342e-01	1.432942e-01	-3.908823e-02	-2.830711e-03	-7.010654e-01	6.486920e-01	-5.482440e-01	1.000000e+00	-9.571008e-01	1.331907e-01	2.870994e-02	-3.372411e-02	3.560916e-02	2.423160e-02	-3.164302e-02	7.705073e-02	-9.803339e-02	1.195702e-01	6.334626e-02	-8.093797e-02	
-1.295646e-01	9.822470e-02	3.111944e-01	-1.059681e-01	-1.191794e-01	1.432496e-01	-1.493047e-01	-1.229707e-01	1.989662e-01	5.388621e-01	-4.846626e-01	3.896727e-01	-9.571008e-01	1.000000e+00	-1.946753e-01	-4.219130e-02	4.761285e-02	-4.852333e-02	-3.496326e-02	4.519140e-02	-1.220153e-01	1.550646e-01	-1.916370e-01	-8.429075e-02	1.157658e-01	
5.628564e-02	-2.395023e-01	-6.526086e-01	4.877968e-01	4.154079e-02	-4.726374e-02	4.921497e-02	-2.355117e-02	1.424901e-02	2.672129e-01	-3.327726e-01	4.102300e-01	1.331907e-01	-1.946753e-01	1.000000e+00	-4.684345e-01	5.259384e-01	-5.729227e-01	-4.254922e-02	2.264710e-01	1.890445e-01	-2.385729e-01	3.044882e-01	7.059096e-02	-1.010207e-01	
6.423145e-02	-7.178507e-03	-1.007872e-01	6.541906e-02	1.630832e-02	-1.865092e-02	1.854717e-02	2.236862e-02	-2.263705e-02	4.256439e-02	-5.596592e-02	7.060230e-02	2.870994e-02	-4.219130e-02	-4.684345e-01	1.000000e+00	-9.859242e-01	9.452613e-01	-4.821290e-01	1.823248e-01	1.587549e-01	-1.922878e-01	2.222042e-01	7.692932e-02	-9.620328e-02	
-6.544927e-02	7.957852e-03	1.058596e-01	-6.689099e-02	-1.944427e-02	2.239058e-02	-2.263302e-02	-2.381662e-02	2.530944e-02	-4.125463e-02	5.613684e-02	-7.258493e-02	-3.372411e-02	4.761285e-02	5.259384e-01	-9.859242e-01	1.000000e+00	-9.860031e-01	4.114675e-01	-1.060066e-01	-1.643272e-01	2.019723e-01	-2.361411e-01	-9.476250e-02	1.208777e-01	
5.845012e-02	-1.571901e-02	-1.014803e-01	6.298822e-02	2.186805e-02	-2.527018e-02	2.609025e-02	2.153775e-02	-2.462627e-02	3.659048e-02	-5.174957e-02	6.869170e-02	3.560916e-02	-4.852333e-02	-5.729227e-01	9.452613e-01	-9.860031e-01	1.000000e+00	-3.370505e-01	3.740410e-02	1.630294e-01	-2.031383e-01	2.401138e-01	1.053811e-01	-1.351536e-01	
7.075669e-02	1.534437e-01	-3.560370e-02	1.586549e-03	7.885197e-03	-9.167794e-03	5.558506e-03	5.310445e-02	-5.380538e-02	7.006517e-03	-1.544358e-02	2.438175e-02	2.423160e-02	-3.496326e-02	-4.254922e-02	-4.821290e-01	4.114675e-01	-3.370505e-01	1.000000e+00	-9.347078e-01	6.235144e-03	-7.744835e-03	7.584122e-03	1.031084e-01	-1.887516e-01	
-7.028181e-02	-1.470115e-01	5.313209e-02	-1.229791e-02	-1.520878e-02	1.748652e-02	-1.445354e-02	-5.511161e-02	5.824773e-02	-1.353805e-02	2.561677e-02	-3.876639e-02	-3.164302e-02	4.519140e-02	2.264710e-01	1.823248e-01	-1.060066e-01	3.740410e-02	-9.347078e-01	1.000000e+00	-5.725238e-02	6.827232e-02	-7.501377e-02	-1.345961e-01	2.435318e-01	
-2.735090e-03	-2.284837e-02	-3.941604e-01	2.784215e-01	2.844626e-02	-3.235275e-02	3.220763e-02	1.714227e-02	-2.177294e-02	1.655046e-01	-2.105517e-01	2.640121e-01	7.705073e-02	-1.220153e-01	1.890445e-01	1.587549e-01	-1.643272e-01	1.630294e-01	6.235144e-03	-5.725238e-02	1.000000e+00	-9.863486e-01	9.327252e-01	-6.868943e-01	5.449311e-01	
9.215508e-03	2.154387e-02	4.952342e-01	-3.499573e-01	-3.575589e-02	4.095306e-02	-4.096204e-02	-2.101479e-02	2.659235e-02	-2.079405e-01	2.648292e-01	-3.325075e-01	-9.803339e-02	1.550646e-01	-2.385729e-01	-1.922878e-01	2.019723e-01	-2.031383e-01	-7.744835e-03	6.827232e-02	-9.863486e-01	1.000000e+00	-9.786720e-01	6.342902e-01	-4.887077e-01	
-3.472032e-02	-8.086550e-03	-6.135496e-01	4.347146e-01	4.307446e-02	-4.968230e-02	4.986678e-02	2.479865e-02	-3.120888e-02	2.600582e-01	-3.312094e-01	4.162446e-01	1.195702e-01	-1.916370e-01	3.044882e-01	2.222042e-01	-2.361411e-01	2.401138e-01	7.584122e-03	-7.501377e-02	9.327252e-01	-9.786720e-01	1.000000e+00	-5.344359e-01	3.907548e-01	
1.314588e-01	-6.802165e-02	-2.161521e-01	1.503198e-01	2.167083e-02	-2.543867e-02	2.540686e-02	1.939309e-02	-2.278538e-02	7.972219e-02	-1.025029e-01	1.277763e-01	6.334626e-02	-8.429075e-02	7.059096e-02	7.692932e-02	-9.476250e-02	1.053811e-01	1.031084e-01	-1.345961e-01	-6.868943e-01	6.342902e-01	-5.344359e-01	1.000000e+00	-9.714033e-01	
-1.100525e-01	3.677193e-02	3.151056e-01	-2.197856e-01	-2.658581e-02	3.151919e-02	-3.131455e-02	-2.969729e-02	3.341697e-02	-1.240343e-01	1.593373e-01	-1.998920e-01	-8.093797e-02	1.157658e-01	-1.010207e-01	-9.620328e-02	1.208777e-01	-1.351536e-01	-1.887516e-01	2.435318e-01	5.449311e-01	-4.887077e-01	3.907548e-01	-9.714033e-01	1.000000e+00	

Time taken for mcmc chain: 1.160000 hours
