Number of steps: 7049632
Number of accepted steps: 1000000
Burn-in number of steps: 320000
Accepted fraction of steps: 0.141851
Convergence Status
R[0]= 1.016525	R[1]= 1.003258	R[2]= 1.187326	R[3]= 1.115839	R[4]= 1.035008	R[5]= 1.037864	R[6]= 1.038226	R[7]= 1.011574	R[8]= 1.011633	R[9]= 1.015988	R[10]= 1.022469	R[11]= 1.032138	R[12]= 1.004486	R[13]= 1.005572	R[14]= 1.111219	R[15]= 1.079563	R[16]= 1.088658	R[17]= 1.092205	R[18]= 1.031132	R[19]= 1.028423	R[20]= 1.020033	R[21]= 1.027710	R[22]= 1.037277	R[23]= 1.021159	R[24]= 1.022852	
<R>= 1.043925

Mean parameters
A[0]= 1.146824e+00 pm 1.722994e-01
A[1]= 1.090215e+00 pm 2.904551e-01
A[2]= 1.596907e+00 pm 1.715770e+00
A[3]= 2.883008e+00 pm 1.750210e+00
A[4]= 2.362239e+02 pm 4.784170e+03
A[5]= -1.756995e+03 pm 3.045409e+03
A[6]= 1.160203e+03 pm 6.411334e+02
A[7]= -6.689297e+00 pm 1.370462e+01
A[8]= -2.474757e-01 pm 2.053948e-01
A[9]= -3.132846e+03 pm 8.246956e+03
A[10]= 8.465203e+02 pm 4.738983e+03
A[11]= -1.327056e+02 pm 9.001860e+02
A[12]= 1.149715e+00 pm 5.186340e+01
A[13]= -4.662507e-01 pm 9.863593e-01
A[14]= 3.675021e+00 pm 2.232663e+00
A[15]= 6.051844e+02 pm 6.304533e+03
A[16]= -1.309193e+03 pm 4.018316e+03
A[17]= 1.008055e+03 pm 8.472803e+02
A[18]= -2.785411e+01 pm 2.197426e+01
A[19]= 1.299549e-01 pm 3.110795e-01
A[20]= 7.627456e+03 pm 1.094560e+04
A[21]= -5.048063e+03 pm 6.273818e+03
A[22]= 7.921934e+02 pm 1.179540e+03
A[23]= -6.788058e+01 pm 7.044083e+01
A[24]= 6.933682e-01 pm 1.333920e+00

Best-fitting parameters
A[0]= 1.126601e+00
A[1]= 1.323780e+00
A[2]= 8.484335e-01
A[3]= 3.804241e+00
A[4]= -3.668251e+03
A[5]= 9.941592e+02
A[6]= 5.367592e+02
A[7]= -1.331012e+01
A[8]= -1.422787e-01
A[9]= 1.841837e+03
A[10]= -1.718493e+03
A[11]= 2.823789e+02
A[12]= -4.167327e+01
A[13]= 2.270847e-01
A[14]= 4.281266e+00
A[15]= -3.813348e+03
A[16]= 1.443687e+03
A[17]= 4.277623e+02
A[18]= -3.292366e+01
A[19]= 2.022501e-01
A[20]= 1.012154e+04
A[21]= -6.347230e+03
A[22]= 1.056792e+03
A[23]= -9.686082e+01
A[24]= 1.161585e+00
chi2_min= 9.136203e+01


Cross-Covariance parameters
1.000000e+00	-1.147493e-02	-9.004127e-03	1.000662e-01	-7.093550e-02	8.856977e-02	-1.061012e-01	-5.221932e-02	1.242504e-01	-1.296455e-01	1.770184e-01	-2.421215e-01	-6.230954e-02	1.475475e-01	1.783029e-01	-1.310621e-01	1.408909e-01	-1.463074e-01	-7.859340e-02	1.055195e-01	-1.367316e-01	1.819782e-01	-2.437832e-01	-1.165682e-01	1.730174e-01	
-1.147493e-02	1.000000e+00	-3.010658e-01	4.067914e-01	-6.599165e-01	7.079874e-01	-7.500799e-01	-1.697341e-01	3.899658e-01	9.519887e-02	-1.013887e-01	1.111823e-01	-7.437167e-02	1.274785e-01	3.964164e-01	-5.236621e-01	5.746930e-01	-6.214485e-01	-2.521669e-01	4.074587e-01	1.114467e-01	-1.310610e-01	1.620614e-01	2.486415e-02	1.421178e-02	
-9.004127e-03	-3.010658e-01	1.000000e+00	-7.347025e-01	4.208462e-01	-4.372463e-01	4.461166e-01	1.960930e-01	-2.658693e-01	-1.859736e-01	2.303427e-01	-2.835712e-01	-1.164668e-01	7.777450e-02	-7.036113e-01	4.309623e-01	-4.631822e-01	4.869462e-01	2.783607e-01	-3.256530e-01	-4.463137e-02	6.518123e-02	-9.374705e-02	-9.694319e-02	5.982844e-02	
1.000662e-01	4.067914e-01	-7.347025e-01	1.000000e+00	-7.088440e-01	7.326534e-01	-7.377174e-01	-3.438940e-01	4.223073e-01	9.297662e-02	-1.089120e-01	1.304433e-01	-1.737425e-02	7.803521e-02	7.010676e-01	-4.403107e-01	4.756404e-01	-5.026312e-01	-2.838510e-01	3.525613e-01	7.267859e-02	-9.393843e-02	1.231727e-01	1.057064e-01	-6.349231e-02	
-7.093550e-02	-6.599165e-01	4.208462e-01	-7.088440e-01	1.000000e+00	-9.923929e-01	9.710078e-01	-6.377587e-02	-1.527553e-01	-5.830021e-02	4.771302e-02	-3.924558e-02	1.606028e-01	-1.661452e-01	-5.064377e-01	4.830910e-01	-5.255949e-01	5.604882e-01	2.677547e-01	-3.721993e-01	-5.185463e-02	6.446213e-02	-8.580842e-02	-2.307339e-02	-1.410324e-02	
8.856977e-02	7.079874e-01	-4.372463e-01	7.326534e-01	-9.923929e-01	1.000000e+00	-9.926371e-01	8.095956e-03	2.080897e-01	6.116475e-02	-4.998155e-02	4.069846e-02	-1.649544e-01	1.789925e-01	5.319030e-01	-5.132899e-01	5.587426e-01	-5.963119e-01	-2.830553e-01	3.957979e-01	5.538165e-02	-6.768695e-02	8.911041e-02	2.148358e-02	1.868364e-02	
-1.061012e-01	-7.500799e-01	4.461166e-01	-7.377174e-01	9.710078e-01	-9.926371e-01	1.000000e+00	2.764596e-02	-2.416683e-01	-6.315936e-02	5.212097e-02	-4.258121e-02	1.569867e-01	-1.755588e-01	-5.483884e-01	5.370469e-01	-5.849885e-01	6.250461e-01	2.927664e-01	-4.132701e-01	-5.820536e-02	7.022356e-02	-9.166979e-02	-2.056712e-02	-2.182175e-02	
-5.221932e-02	-1.697341e-01	1.960930e-01	-3.438940e-01	-6.377587e-02	8.095956e-03	2.764596e-02	1.000000e+00	-9.328041e-01	1.266678e-01	-1.233862e-01	1.075846e-01	2.057279e-02	-1.925310e-01	-2.215811e-01	1.639396e-01	-1.761879e-01	1.839799e-01	1.392363e-01	-1.637927e-01	-3.102453e-02	3.019904e-02	-3.049602e-02	1.320549e-02	-3.249608e-02	
1.242504e-01	3.899658e-01	-2.658693e-01	4.223073e-01	-1.527553e-01	2.080897e-01	-2.416683e-01	-9.328041e-01	1.000000e+00	-8.661888e-02	8.379122e-02	-6.868934e-02	-2.788324e-02	2.255094e-01	3.356741e-01	-3.018748e-01	3.275394e-01	-3.473997e-01	-2.051040e-01	2.689644e-01	3.903633e-02	-3.982106e-02	4.373862e-02	-1.268280e-02	4.412347e-02	
-1.296455e-01	9.519887e-02	-1.859736e-01	9.297662e-02	-5.830021e-02	6.116475e-02	-6.315936e-02	1.266678e-01	-8.661888e-02	1.000000e+00	-9.893237e-01	9.492969e-01	-6.931262e-01	5.938751e-01	1.319281e-01	-6.971892e-02	7.877854e-02	-8.719959e-02	-3.521891e-02	4.985418e-02	5.507312e-02	-7.326424e-02	9.763309e-02	4.715976e-02	-4.979619e-02	
1.770184e-01	-1.013887e-01	2.303427e-01	-1.089120e-01	4.771302e-02	-4.998155e-02	5.212097e-02	-1.233862e-01	8.379122e-02	-9.893237e-01	1.000000e+00	-9.843861e-01	6.637732e-01	-5.702821e-01	-1.571090e-01	7.932302e-02	-8.882369e-02	9.780006e-02	4.030594e-02	-5.553746e-02	-6.531634e-02	8.783156e-02	-1.179690e-01	-6.312386e-02	6.796491e-02	
-2.421215e-01	1.111823e-01	-2.835712e-01	1.304433e-01	-3.924558e-02	4.069846e-02	-4.258121e-02	1.075846e-01	-6.868934e-02	9.492969e-01	-9.843861e-01	1.000000e+00	-6.088540e-01	5.271384e-01	1.876669e-01	-9.383249e-02	1.039384e-01	-1.135418e-01	-4.821472e-02	6.404691e-02	7.748936e-02	-1.052737e-01	1.427218e-01	8.065834e-02	-8.873501e-02	
-6.230954e-02	-7.437167e-02	-1.164668e-01	-1.737425e-02	1.606028e-01	-1.649544e-01	1.569867e-01	2.057279e-02	-2.788324e-02	-6.931262e-01	6.637732e-01	-6.088540e-01	1.000000e+00	-9.602042e-01	4.354930e-02	2.628963e-02	-3.083560e-02	3.332757e-02	1.455980e-02	-2.065974e-02	1.180758e-03	-8.457257e-03	1.661632e-02	7.627860e-02	-7.648853e-02	
1.475475e-01	1.274785e-01	7.777450e-02	7.803521e-02	-1.661452e-01	1.789925e-01	-1.755588e-01	-1.925310e-01	2.255094e-01	5.938751e-01	-5.702821e-01	5.271384e-01	-9.602042e-01	1.000000e+00	1.375911e-02	-7.196189e-02	8.017510e-02	-8.526308e-02	-4.683328e-02	6.389310e-02	6.475488e-04	9.509458e-03	-2.197485e-02	-8.394363e-02	9.295657e-02	
1.783029e-01	3.964164e-01	-7.036113e-01	7.010676e-01	-5.064377e-01	5.319030e-01	-5.483884e-01	-2.215811e-01	3.356741e-01	1.319281e-01	-1.571090e-01	1.876669e-01	4.354930e-02	1.375911e-02	1.000000e+00	-7.410889e-01	7.825257e-01	-8.027531e-01	-4.547170e-01	5.131918e-01	-7.401244e-02	7.930075e-02	-7.446993e-02	-3.866932e-02	8.688002e-02	
-1.310621e-01	-5.236621e-01	4.309623e-01	-4.403107e-01	4.830910e-01	-5.132899e-01	5.370469e-01	1.639396e-01	-3.018748e-01	-6.971892e-02	7.932302e-02	-9.383249e-02	2.628963e-02	-7.196189e-02	-7.410889e-01	1.000000e+00	-9.911858e-01	9.671053e-01	2.604728e-02	-1.790052e-01	1.118515e-01	-1.267648e-01	1.324356e-01	9.016415e-02	-1.047477e-01	
1.408909e-01	5.746930e-01	-4.631822e-01	4.756404e-01	-5.255949e-01	5.587426e-01	-5.849885e-01	-1.761879e-01	3.275394e-01	7.877854e-02	-8.882369e-02	1.039384e-01	-3.083560e-02	8.017510e-02	7.825257e-01	-9.911858e-01	1.000000e+00	-9.918702e-01	-9.596919e-02	2.449950e-01	-1.040999e-01	1.191250e-01	-1.243282e-01	-9.518721e-02	1.148010e-01	
-1.463074e-01	-6.214485e-01	4.869462e-01	-5.026312e-01	5.604882e-01	-5.963119e-01	6.250461e-01	1.839799e-01	-3.473997e-01	-8.719959e-02	9.780006e-02	-1.135418e-01	3.332757e-02	-8.526308e-02	-8.027531e-01	9.671053e-01	-9.918702e-01	1.000000e+00	1.449936e-01	-2.883628e-01	9.124293e-02	-1.054091e-01	1.096090e-01	9.047944e-02	-1.125278e-01	
-7.859340e-02	-2.521669e-01	2.783607e-01	-2.838510e-01	2.677547e-01	-2.830553e-01	2.927664e-01	1.392363e-01	-2.051040e-01	-3.521891e-02	4.030594e-02	-4.821472e-02	1.455980e-02	-4.683328e-02	-4.547170e-01	2.604728e-02	-9.596919e-02	1.449936e-01	1.000000e+00	-9.630085e-01	5.120473e-02	-5.728449e-02	5.308212e-02	1.403046e-01	-2.318896e-01	
1.055195e-01	4.074587e-01	-3.256530e-01	3.525613e-01	-3.721993e-01	3.957979e-01	-4.132701e-01	-1.637927e-01	2.689644e-01	4.985418e-02	-5.553746e-02	6.404691e-02	-2.065974e-02	6.389310e-02	5.131918e-01	-1.790052e-01	2.449950e-01	-2.883628e-01	-9.630085e-01	1.000000e+00	-3.127517e-02	3.307155e-02	-2.228421e-02	-1.312715e-01	2.365905e-01	
-1.367316e-01	1.114467e-01	-4.463137e-02	7.267859e-02	-5.185463e-02	5.538165e-02	-5.820536e-02	-3.102453e-02	3.903633e-02	5.507312e-02	-6.531634e-02	7.748936e-02	1.180758e-03	6.475488e-04	-7.401244e-02	1.118515e-01	-1.040999e-01	9.124293e-02	5.120473e-02	-3.127517e-02	1.000000e+00	-9.904265e-01	9.543123e-01	-6.803471e-01	6.080135e-01	
1.819782e-01	-1.310610e-01	6.518123e-02	-9.393843e-02	6.446213e-02	-6.768695e-02	7.022356e-02	3.019904e-02	-3.982106e-02	-7.326424e-02	8.783156e-02	-1.052737e-01	-8.457257e-03	9.509458e-03	7.930075e-02	-1.267648e-01	1.191250e-01	-1.054091e-01	-5.728449e-02	3.307155e-02	-9.904265e-01	1.000000e+00	-9.857870e-01	6.572806e-01	-5.905009e-01	
-2.437832e-01	1.620614e-01	-9.374705e-02	1.231727e-01	-8.580842e-02	8.911041e-02	-9.166979e-02	-3.049602e-02	4.373862e-02	9.763309e-02	-1.179690e-01	1.427218e-01	1.661632e-02	-2.197485e-02	-7.446993e-02	1.324356e-01	-1.243282e-01	1.096090e-01	5.308212e-02	-2.228421e-02	9.543123e-01	-9.857870e-01	1.000000e+00	-6.139670e-01	5.584231e-01	
-1.165682e-01	2.486415e-02	-9.694319e-02	1.057064e-01	-2.307339e-02	2.148358e-02	-2.056712e-02	1.320549e-02	-1.268280e-02	4.715976e-02	-6.312386e-02	8.065834e-02	7.627860e-02	-8.394363e-02	-3.866932e-02	9.016415e-02	-9.518721e-02	9.047944e-02	1.403046e-01	-1.312715e-01	-6.803471e-01	6.572806e-01	-6.139670e-01	1.000000e+00	-9.772410e-01	
1.730174e-01	1.421178e-02	5.982844e-02	-6.349231e-02	-1.410324e-02	1.868364e-02	-2.182175e-02	-3.249608e-02	4.412347e-02	-4.979619e-02	6.796491e-02	-8.873501e-02	-7.648853e-02	9.295657e-02	8.688002e-02	-1.047477e-01	1.148010e-01	-1.125278e-01	-2.318896e-01	2.365905e-01	6.080135e-01	-5.905009e-01	5.584231e-01	-9.772410e-01	1.000000e+00	

Time taken for mcmc chain: 1.675278 hours
