Number of steps: 8908525
Number of accepted steps: 1000000
Burn-in number of steps: 320000
Accepted fraction of steps: 0.112252
Convergence Status
R[0]= 1.005958	R[1]= 1.057520	R[2]= 1.063541	R[3]= 1.021589	R[4]= 1.008313	R[5]= 1.011554	R[6]= 1.015033	R[7]= 1.000732	R[8]= 1.002422	R[9]= 1.007898	R[10]= 1.013300	R[11]= 1.022236	R[12]= 1.001611	R[13]= 1.003052	R[14]= 1.025914	R[15]= 1.015899	R[16]= 1.019801	R[17]= 1.023230	R[18]= 1.001458	R[19]= 1.003272	R[20]= 1.006363	R[21]= 1.009821	R[22]= 1.015572	R[23]= 1.002339	R[24]= 1.003271	
<R>= 1.014468

Mean parameters
A[0]= 1.070503e+00 pm 5.324340e-02
A[1]= 1.203408e+00 pm 7.061196e-02
A[2]= 6.349273e-01 pm 3.241592e-01
A[3]= 3.492243e+00 pm 1.102286e+00
A[4]= -2.773396e+03 pm 3.805508e+03
A[5]= 5.294177e+02 pm 2.379464e+03
A[6]= 5.598058e+02 pm 5.061434e+02
A[7]= -6.015413e-01 pm 1.288422e+01
A[8]= -2.056904e-01 pm 1.847987e-01
A[9]= -2.632973e+03 pm 7.932198e+03
A[10]= 5.763594e+02 pm 4.502837e+03
A[11]= -9.678634e+01 pm 8.440956e+02
A[12]= 8.936325e+00 pm 4.946257e+01
A[13]= -4.949389e-01 pm 9.354347e-01
A[14]= 4.721377e+00 pm 1.423481e+00
A[15]= -3.941517e+03 pm 4.964939e+03
A[16]= 2.123412e+03 pm 3.072569e+03
A[17]= 1.199811e+02 pm 6.477432e+02
A[18]= -2.300028e+01 pm 1.979766e+01
A[19]= 2.262449e-01 pm 2.739128e-01
A[20]= 7.926403e+03 pm 1.092136e+04
A[21]= -5.107975e+03 pm 6.215522e+03
A[22]= 7.655546e+02 pm 1.165956e+03
A[23]= -6.006360e+01 pm 6.935843e+01
A[24]= 6.909857e-01 pm 1.318768e+00

Best-fitting parameters
A[0]= 1.049236e+00
A[1]= 1.229655e+00
A[2]= 6.828756e-01
A[3]= 3.283961e+00
A[4]= -2.146803e+03
A[5]= 1.284472e+02
A[6]= 6.455827e+02
A[7]= -8.040997e+00
A[8]= -9.194024e-02
A[9]= -3.532185e+03
A[10]= 7.455355e+02
A[11]= -4.338533e+01
A[12]= -6.551484e+00
A[13]= -1.074365e-01
A[14]= 4.339164e+00
A[15]= -6.430222e+03
A[16]= 3.306683e+03
A[17]= -6.943199e+01
A[18]= -8.240487e+00
A[19]= 3.271468e-02
A[20]= 7.287571e+03
A[21]= -4.159160e+03
A[22]= 4.712000e+02
A[23]= -3.403984e+01
A[24]= 9.121023e-02
chi2_min= 8.914763e+01


Cross-Covariance parameters
1.000000e+00	6.450731e-02	-2.071328e-01	8.984066e-02	-2.565376e-02	3.435143e-02	-5.023369e-02	7.074699e-02	-2.339283e-02	-3.817520e-02	5.286326e-02	-8.531538e-02	9.754916e-02	-6.433438e-02	1.608064e-01	-6.868734e-02	8.067851e-02	-9.571176e-02	3.519534e-02	1.941257e-03	-3.286462e-02	4.766914e-02	-7.914117e-02	7.308054e-02	-4.558793e-02	
6.450731e-02	1.000000e+00	7.227416e-02	3.079853e-02	-2.237426e-01	2.560251e-01	-2.914656e-01	6.266616e-02	5.294277e-02	2.417123e-02	-2.300057e-02	2.719960e-02	-9.320622e-02	8.534367e-02	3.676392e-02	-1.974578e-01	2.293287e-01	-2.631251e-01	2.785447e-02	3.994277e-02	-1.449592e-02	1.526199e-02	-7.748483e-03	-6.501845e-02	5.379795e-02	
-2.071328e-01	7.227416e-02	1.000000e+00	-5.942159e-01	1.436827e-02	-1.809304e-02	2.503896e-02	3.418341e-03	-3.140325e-02	-2.374456e-01	3.031157e-01	-3.853681e-01	-1.787177e-01	1.919297e-01	-5.596983e-01	-3.055144e-02	3.303166e-02	-3.074191e-02	-3.370596e-02	2.787811e-02	-2.365502e-01	2.980998e-01	-3.753936e-01	-2.013021e-01	2.276708e-01	
8.984066e-02	3.079853e-02	-5.942159e-01	1.000000e+00	-6.100058e-01	6.637460e-01	-7.001922e-01	-8.590694e-02	2.502960e-01	9.337350e-02	-1.125882e-01	1.437617e-01	-2.409058e-02	4.778695e-02	3.645448e-01	-1.231089e-03	3.457615e-03	-7.956725e-03	4.438711e-03	1.588552e-03	1.610413e-01	-1.982035e-01	2.465749e-01	9.733458e-02	-1.153308e-01	
-2.565376e-02	-2.237426e-01	1.436827e-02	-6.100058e-01	1.000000e+00	-9.885283e-01	9.555359e-01	-4.326503e-01	1.762628e-01	7.532432e-03	-3.462599e-02	6.435142e-02	1.749863e-01	-1.446401e-01	-3.976322e-02	5.694342e-02	-6.574780e-02	7.494228e-02	-1.927572e-03	-1.471922e-02	-1.730395e-02	1.623348e-02	-1.717294e-02	2.725472e-02	-2.404030e-02	
3.435143e-02	2.560251e-01	-1.809304e-02	6.637460e-01	-9.885283e-01	1.000000e+00	-9.885871e-01	3.739738e-01	-1.193059e-01	-9.985895e-03	3.896645e-02	-7.083647e-02	-1.882853e-01	1.646445e-01	4.609136e-02	-6.477385e-02	7.496415e-02	-8.560313e-02	1.984247e-03	1.722934e-02	1.805266e-02	-1.689492e-02	1.796385e-02	-2.896520e-02	2.543618e-02	
-5.023369e-02	-2.914656e-01	2.503896e-02	-7.001922e-01	9.555359e-01	-9.885871e-01	1.000000e+00	-3.211159e-01	7.789963e-02	1.630148e-02	-4.633023e-02	7.958755e-02	1.878207e-01	-1.672112e-01	-5.198258e-02	7.176296e-02	-8.337531e-02	9.565613e-02	-4.665400e-03	-1.743733e-02	-1.882059e-02	1.776938e-02	-1.909654e-02	2.871289e-02	-2.479933e-02	
7.074699e-02	6.266616e-02	3.418341e-03	-8.590694e-02	-4.326503e-01	3.739738e-01	-3.211159e-01	1.000000e+00	-9.398017e-01	1.337520e-01	-1.269656e-01	1.053772e-01	-3.794830e-02	-1.309926e-01	-3.206377e-02	8.415611e-03	-7.033345e-03	2.338001e-03	4.868311e-02	-4.486362e-02	8.791854e-03	-7.156413e-03	4.239138e-03	6.813705e-03	-1.069506e-02	
-2.339283e-02	5.294277e-02	-3.140325e-02	2.502960e-01	1.762628e-01	-1.193059e-01	7.789963e-02	-9.398017e-01	1.000000e+00	-1.391548e-01	1.383877e-01	-1.215610e-01	-9.992029e-04	1.917382e-01	6.035771e-02	-3.613090e-02	3.881187e-02	-3.865255e-02	-4.415683e-02	5.038076e-02	-3.111397e-03	9.821343e-04	3.243248e-03	-8.371905e-03	1.091148e-02	
-3.817520e-02	2.417123e-02	-2.374456e-01	9.337350e-02	7.532432e-03	-9.985895e-03	1.630148e-02	1.337520e-01	-1.391548e-01	1.000000e+00	-9.898701e-01	9.500421e-01	-7.850839e-01	6.726075e-01	1.239964e-01	1.073234e-02	-1.332318e-02	1.409490e-02	2.337214e-02	-2.234493e-02	6.856000e-02	-8.772768e-02	1.135983e-01	4.806016e-02	-5.982371e-02	
5.286326e-02	-2.300057e-02	3.031157e-01	-1.125882e-01	-3.462599e-02	3.896645e-02	-4.633023e-02	-1.269656e-01	1.383877e-01	-9.898701e-01	1.000000e+00	-9.840378e-01	7.765302e-01	-6.690990e-01	-1.564570e-01	-1.908365e-02	2.222571e-02	-2.309369e-02	-2.673865e-02	2.713012e-02	-8.960476e-02	1.141902e-01	-1.472429e-01	-6.018740e-02	7.555481e-02	
-8.531538e-02	2.719960e-02	-3.853681e-01	1.437617e-01	6.435142e-02	-7.083647e-02	7.958755e-02	1.053772e-01	-1.215610e-01	9.500421e-01	-9.840378e-01	1.000000e+00	-7.413247e-01	6.468324e-01	1.979051e-01	2.857951e-02	-3.240009e-02	3.345879e-02	2.980228e-02	-3.206000e-02	1.170352e-01	-1.488523e-01	1.918214e-01	7.431078e-02	-9.475386e-02	
9.754916e-02	-9.320622e-02	-1.787177e-01	-2.409058e-02	1.749863e-01	-1.882853e-01	1.878207e-01	-3.794830e-02	-9.992029e-04	-7.850839e-01	7.765302e-01	-7.413247e-01	1.000000e+00	-9.627441e-01	9.632192e-02	2.431847e-02	-2.560096e-02	2.569594e-02	3.198546e-03	-6.818095e-03	3.356935e-02	-4.285976e-02	5.247914e-02	4.835819e-02	-4.957829e-02	
-6.433438e-02	8.534367e-02	1.919297e-01	4.778695e-02	-1.446401e-01	1.646445e-01	-1.672112e-01	-1.309926e-01	1.917382e-01	6.726075e-01	-6.690990e-01	6.468324e-01	-9.627441e-01	1.000000e+00	-9.354889e-02	-3.161228e-02	3.383213e-02	-3.411442e-02	-1.452986e-02	1.991861e-02	-4.521759e-02	5.722792e-02	-7.071274e-02	-4.978148e-02	5.425511e-02	
1.608064e-01	3.676392e-02	-5.596983e-01	3.645448e-01	-3.976322e-02	4.609136e-02	-5.198258e-02	-3.206377e-02	6.035771e-02	1.239964e-01	-1.564570e-01	1.979051e-01	9.632192e-02	-9.354889e-02	1.000000e+00	-5.640205e-01	6.269900e-01	-6.722282e-01	-1.903660e-01	3.135152e-01	3.791776e-02	-4.578575e-02	6.396954e-02	6.896022e-03	1.196624e-02	
-6.868734e-02	-1.974578e-01	-3.055144e-02	-1.231089e-03	5.694342e-02	-6.477385e-02	7.176296e-02	8.415611e-03	-3.613090e-02	1.073234e-02	-1.908365e-02	2.857951e-02	2.431847e-02	-3.161228e-02	-5.640205e-01	1.000000e+00	-9.869240e-01	9.489080e-01	-3.712294e-01	1.652723e-01	1.397102e-01	-1.693088e-01	1.979578e-01	6.301092e-02	-6.127915e-02	
8.067851e-02	2.293287e-01	3.303166e-02	3.457615e-03	-6.574780e-02	7.496415e-02	-8.337531e-02	-7.033345e-03	3.881187e-02	-1.332318e-02	2.222571e-02	-3.240009e-02	-2.560096e-02	3.383213e-02	6.269900e-01	-9.869240e-01	1.000000e+00	-9.867600e-01	3.016817e-01	-9.805020e-02	-1.414570e-01	1.749337e-01	-2.077835e-01	-8.279992e-02	8.560170e-02	
-9.571176e-02	-2.631251e-01	-3.074191e-02	-7.956725e-03	7.494228e-02	-8.560313e-02	9.565613e-02	2.338001e-03	-3.865255e-02	1.409490e-02	-2.309369e-02	3.345879e-02	2.569594e-02	-3.411442e-02	-6.722282e-01	9.489080e-01	-9.867600e-01	1.000000e+00	-2.381705e-01	4.585228e-02	1.389263e-01	-1.753300e-01	2.117798e-01	9.502737e-02	-9.932052e-02	
3.519534e-02	2.785447e-02	-3.370596e-02	4.438711e-03	-1.927572e-03	1.984247e-03	-4.665400e-03	4.868311e-02	-4.415683e-02	2.337214e-02	-2.673865e-02	2.980228e-02	3.198546e-03	-1.452986e-02	-1.903660e-01	-3.712294e-01	3.016817e-01	-2.381705e-01	1.000000e+00	-9.611751e-01	7.712704e-03	-1.036280e-02	8.931614e-03	1.404173e-01	-2.285699e-01	
1.941257e-03	3.994277e-02	2.787811e-02	1.588552e-03	-1.471922e-02	1.722934e-02	-1.743733e-02	-4.486362e-02	5.038076e-02	-2.234493e-02	2.713012e-02	-3.206000e-02	-6.818095e-03	1.991861e-02	3.135152e-01	1.652723e-01	-9.805020e-02	4.585228e-02	-9.611751e-01	1.000000e+00	-3.689483e-02	4.461433e-02	-4.657158e-02	-1.578197e-01	2.600799e-01	
-3.286462e-02	-1.449592e-02	-2.365502e-01	1.610413e-01	-1.730395e-02	1.805266e-02	-1.882059e-02	8.791854e-03	-3.111397e-03	6.856000e-02	-8.960476e-02	1.170352e-01	3.356935e-02	-4.521759e-02	3.791776e-02	1.397102e-01	-1.414570e-01	1.389263e-01	7.712704e-03	-3.689483e-02	1.000000e+00	-9.903995e-01	9.526138e-01	-7.750363e-01	6.835064e-01	
4.766914e-02	1.526199e-02	2.980998e-01	-1.982035e-01	1.623348e-02	-1.689492e-02	1.776938e-02	-7.156413e-03	9.821343e-04	-8.772768e-02	1.141902e-01	-1.488523e-01	-4.285976e-02	5.722792e-02	-4.578575e-02	-1.693088e-01	1.749337e-01	-1.753300e-01	-1.036280e-02	4.461433e-02	-9.903995e-01	1.000000e+00	-9.848405e-01	7.654796e-01	-6.770035e-01	
-7.914117e-02	-7.748483e-03	-3.753936e-01	2.465749e-01	-1.717294e-02	1.796385e-02	-1.909654e-02	4.239138e-03	3.243248e-03	1.135983e-01	-1.472429e-01	1.918214e-01	5.247914e-02	-7.071274e-02	6.396954e-02	1.979578e-01	-2.077835e-01	2.117798e-01	8.931614e-03	-4.657158e-02	9.526138e-01	-9.848405e-01	1.000000e+00	-7.311040e-01	6.514207e-01	
7.308054e-02	-6.501845e-02	-2.013021e-01	9.733458e-02	2.725472e-02	-2.896520e-02	2.871289e-02	6.813705e-03	-8.371905e-03	4.806016e-02	-6.018740e-02	7.431078e-02	4.835819e-02	-4.978148e-02	6.896022e-03	6.301092e-02	-8.279992e-02	9.502737e-02	1.404173e-01	-1.578197e-01	-7.750363e-01	7.654796e-01	-7.311040e-01	1.000000e+00	-9.776055e-01	
-4.558793e-02	5.379795e-02	2.276708e-01	-1.153308e-01	-2.404030e-02	2.543618e-02	-2.479933e-02	-1.069506e-02	1.091148e-02	-5.982371e-02	7.555481e-02	-9.475386e-02	-4.957829e-02	5.425511e-02	1.196624e-02	-6.127915e-02	8.560170e-02	-9.932052e-02	-2.285699e-01	2.600799e-01	6.835064e-01	-6.770035e-01	6.514207e-01	-9.776055e-01	1.000000e+00	

Time taken for mcmc chain: 53.000000 minutes
