Number of steps: 1035501
Number of accepted steps: 1000000
Burn-in number of steps: 320000
Accepted fraction of steps: 0.965716
Convergence Status
R[0]= 1.026847	R[1]= 1.125473	R[2]= 1.035175	R[3]= 1.068052	R[4]= 1.008957	R[5]= 1.017224	R[6]= 1.025446	R[7]= 1.031740	R[8]= 1.048862	R[9]= 1.018368	R[10]= 1.014887	R[11]= 1.009907	R[12]= 1.005389	R[13]= 1.005493	R[14]= 1.020114	R[15]= 1.036155	R[16]= 1.049688	R[17]= 1.053695	R[18]= 1.140213	R[19]= 1.139662	R[20]= 1.082982	R[21]= 1.064740	R[22]= 1.046785	R[23]= 1.041274	R[24]= 1.052893	
<R>= 1.046801

Mean parameters
A[0]= 9.426742e-01 pm 6.857626e-02
A[1]= 1.051286e+00 pm 3.169169e-02
A[2]= 3.132824e-01 pm 1.710607e-01
A[3]= 3.376688e-01 pm 2.513253e-01
A[4]= 8.400658e+03 pm 2.045687e+03
A[5]= -6.808768e+03 pm 1.189353e+03
A[6]= 2.104481e+03 pm 2.689308e+02
A[7]= 7.376765e+00 pm 1.196073e+01
A[8]= -4.146602e-01 pm 1.687721e-01
A[9]= 2.450482e+02 pm 7.749627e+03
A[10]= -1.707469e+03 pm 4.265430e+03
A[11]= 4.491130e+02 pm 7.597005e+02
A[12]= 3.854987e+01 pm 4.915041e+01
A[13]= -1.228923e+00 pm 9.154282e-01
A[14]= 4.231594e-01 pm 2.792285e-01
A[15]= 9.288078e+03 pm 3.341760e+03
A[16]= -6.734455e+03 pm 1.842448e+03
A[17]= 2.013721e+03 pm 3.694824e+02
A[18]= 2.941035e+00 pm 1.924207e+01
A[19]= -2.425453e-01 pm 2.537805e-01
A[20]= 1.163845e+04 pm 9.114554e+03
A[21]= -8.139315e+03 pm 5.039656e+03
A[22]= 1.496865e+03 pm 9.112854e+02
A[23]= -1.661546e+01 pm 6.030527e+01
A[24]= -3.236876e-01 pm 1.165301e+00

Best-fitting parameters
A[0]= 9.479638e-01
A[1]= 1.098429e+00
A[2]= 1.412225e-01
A[3]= 3.421761e-01
A[4]= 7.473651e+03
A[5]= -6.260380e+03
A[6]= 2.009747e+03
A[7]= 1.317933e+01
A[8]= -4.977735e-01
A[9]= -1.909463e+03
A[10]= -8.466101e+02
A[11]= 3.514005e+02
A[12]= 4.889558e+01
A[13]= -1.527559e+00
A[14]= 1.965678e-01
A[15]= 1.103120e+04
A[16]= -7.843087e+03
A[17]= 2.286608e+03
A[18]= -5.360501e+00
A[19]= -1.728676e-01
A[20]= 9.148705e+03
A[21]= -6.877013e+03
A[22]= 1.307544e+03
A[23]= -3.096927e+00
A[24]= -5.245295e-01
chi2_min= 1.313124e+02


Cross-Covariance parameters
1.000000e+00	5.181624e-02	-3.273069e-01	-1.034810e-01	7.255158e-02	-6.958731e-02	6.056432e-02	7.067050e-02	-9.996855e-02	1.964941e-01	-1.818448e-01	1.505532e-01	-1.035882e-01	8.129379e-02	-3.475458e-01	7.004290e-02	-1.028194e-01	1.745708e-01	-2.949744e-02	2.250347e-02	1.774785e-01	-1.780695e-01	1.713534e-01	-1.324309e-01	1.180320e-01	
5.181624e-02	1.000000e+00	1.282243e-01	5.102487e-01	-2.804140e-01	3.489015e-01	-4.302600e-01	9.434682e-02	9.236053e-02	-5.130776e-02	2.487653e-02	5.353172e-03	-7.666156e-02	1.266816e-01	-7.795293e-02	-1.346521e-01	8.631910e-02	-3.000610e-02	-3.463346e-02	9.408144e-02	1.369186e-01	-1.099833e-01	7.864361e-02	-5.504373e-02	6.138155e-02	
-3.273069e-01	1.282243e-01	1.000000e+00	-6.908108e-02	-9.026531e-02	9.096372e-02	-9.450309e-02	1.092071e-01	-1.286108e-01	-1.971419e-01	1.910672e-01	-2.008357e-01	1.522300e-01	-1.530481e-01	1.005917e-02	-2.003252e-01	2.097076e-01	-2.200262e-01	1.756531e-01	-1.536211e-01	-1.132096e-01	1.139125e-01	-1.230910e-01	6.238451e-02	-7.879124e-02	
-1.034810e-01	5.102487e-01	-6.908108e-02	1.000000e+00	-3.635419e-01	5.219105e-01	-7.281635e-01	2.023428e-01	3.605468e-02	8.609467e-02	-8.947951e-02	8.309643e-02	-1.320934e-01	1.568827e-01	-1.243291e-01	-4.318561e-02	7.907242e-03	2.931305e-02	1.244116e-02	-9.529170e-03	-4.878900e-02	4.904113e-02	-3.919788e-02	4.658964e-02	-4.676586e-02	
7.255158e-02	-2.804140e-01	-9.026531e-02	-3.635419e-01	1.000000e+00	-9.709176e-01	8.411365e-01	-7.821448e-01	5.921221e-01	-1.854977e-01	1.891296e-01	-1.847912e-01	1.951694e-01	-1.342424e-01	1.439791e-01	-3.798639e-02	7.132529e-02	-1.165488e-01	1.108807e-01	-1.154928e-01	4.344132e-02	-2.796666e-02	-3.748890e-05	2.725777e-02	-6.342156e-02	
-6.958731e-02	3.489015e-01	9.096372e-02	5.219105e-01	-9.709176e-01	1.000000e+00	-9.432707e-01	8.271697e-01	-6.157183e-01	1.899966e-01	-1.953089e-01	1.881915e-01	-2.051204e-01	1.394501e-01	-1.691322e-01	2.538232e-02	-6.177154e-02	1.104324e-01	-8.475483e-02	8.307197e-02	-3.972867e-02	2.438067e-02	4.444488e-03	-2.771316e-02	5.511338e-02	
6.056432e-02	-4.302600e-01	-9.450309e-02	-7.281635e-01	8.411365e-01	-9.432707e-01	1.000000e+00	-7.872840e-01	5.666231e-01	-1.611750e-01	1.670481e-01	-1.556957e-01	1.828567e-01	-1.222802e-01	1.926855e-01	-1.840788e-02	5.407770e-02	-9.901653e-02	4.548206e-02	-3.474235e-02	5.006649e-02	-3.768637e-02	1.188496e-02	4.040603e-03	-1.942019e-02	
7.067050e-02	9.434682e-02	1.092071e-01	2.023428e-01	-7.821448e-01	8.271697e-01	-7.872840e-01	1.000000e+00	-9.356604e-01	1.544264e-01	-1.593388e-01	1.454392e-01	-1.250227e-01	-7.658193e-03	-2.211287e-01	1.330794e-01	-1.527015e-01	1.840392e-01	-1.032832e-01	6.701590e-02	-7.210919e-03	-1.457560e-02	4.883212e-02	-7.553827e-02	9.790931e-02	
-9.996855e-02	9.236053e-02	-1.286108e-01	3.605468e-02	5.921221e-01	-6.157183e-01	5.666231e-01	-9.356604e-01	1.000000e+00	-1.438736e-01	1.475044e-01	-1.322673e-01	9.147172e-02	6.840979e-02	2.217598e-01	-2.169255e-01	2.233107e-01	-2.343328e-01	1.347542e-01	-7.802032e-02	-1.434889e-02	3.700953e-02	-7.068933e-02	1.020136e-01	-1.256001e-01	
1.964941e-01	-5.130776e-02	-1.971419e-01	8.609467e-02	-1.854977e-01	1.899966e-01	-1.611750e-01	1.544264e-01	-1.438736e-01	1.000000e+00	-9.930216e-01	9.659087e-01	-9.126030e-01	8.445722e-01	-1.534292e-01	6.091608e-02	-8.676188e-02	1.279159e-01	-6.638921e-02	4.691720e-02	-1.123086e-02	-1.323771e-02	5.243555e-02	-8.291008e-02	9.602112e-02	
-1.818448e-01	2.487653e-02	1.910672e-01	-8.947951e-02	1.891296e-01	-1.953089e-01	1.670481e-01	-1.593388e-01	1.475044e-01	-9.930216e-01	1.000000e+00	-9.890746e-01	9.504615e-01	-8.869003e-01	1.588322e-01	-9.307477e-02	1.187338e-01	-1.575034e-01	9.867801e-02	-7.757470e-02	2.099201e-02	2.108456e-03	-4.158378e-02	7.309547e-02	-9.011496e-02	
1.505532e-01	5.353172e-03	-2.008357e-01	8.309643e-02	-1.847912e-01	1.881915e-01	-1.556957e-01	1.454392e-01	-1.322673e-01	9.659087e-01	-9.890746e-01	1.000000e+00	-9.813996e-01	9.292606e-01	-1.502325e-01	1.272222e-01	-1.522891e-01	1.869594e-01	-1.384529e-01	1.176549e-01	-1.955071e-02	-9.257359e-04	3.926895e-02	-7.044442e-02	9.217437e-02	
-1.035882e-01	-7.666156e-02	1.522300e-01	-1.320934e-01	1.951694e-01	-2.051204e-01	1.828567e-01	-1.250227e-01	9.147172e-02	-9.126030e-01	9.504615e-01	-9.813996e-01	1.000000e+00	-9.742304e-01	1.219646e-01	-1.259349e-01	1.475833e-01	-1.733214e-01	1.424510e-01	-1.255876e-01	2.964869e-02	-1.427668e-02	-1.799154e-02	4.745639e-02	-6.869601e-02	
8.129379e-02	1.266816e-01	-1.530481e-01	1.568827e-01	-1.342424e-01	1.394501e-01	-1.222802e-01	-7.658193e-03	6.840979e-02	8.445722e-01	-8.869003e-01	9.292606e-01	-9.742304e-01	1.000000e+00	-6.952010e-02	7.951379e-02	-9.844064e-02	1.192012e-01	-1.136045e-01	1.101922e-01	-1.683445e-02	6.858137e-03	1.677187e-02	-3.948592e-02	5.645755e-02	
-3.475458e-01	-7.795293e-02	1.005917e-02	-1.243291e-01	1.439791e-01	-1.691322e-01	1.926855e-01	-2.211287e-01	2.217598e-01	-1.534292e-01	1.588322e-01	-1.502325e-01	1.219646e-01	-6.952010e-02	1.000000e+00	-1.514163e-01	2.862645e-01	-5.115487e-01	8.727661e-02	2.929898e-02	-2.103577e-01	2.485691e-01	-3.027302e-01	2.829335e-01	-2.672491e-01	
7.004290e-02	-1.346521e-01	-2.003252e-01	-4.318561e-02	-3.798639e-02	2.538232e-02	-1.840788e-02	1.330794e-01	-2.169255e-01	6.091608e-02	-9.307477e-02	1.272222e-01	-1.259349e-01	7.951379e-02	-1.514163e-01	1.000000e+00	-9.816923e-01	8.841638e-01	-8.628509e-01	7.512619e-01	6.513249e-02	-6.264050e-02	6.931931e-02	-7.067341e-02	1.356498e-01	
-1.028194e-01	8.631910e-02	2.097076e-01	7.907242e-03	7.132529e-02	-6.177154e-02	5.407770e-02	-1.527015e-01	2.233107e-01	-8.676188e-02	1.187338e-01	-1.522891e-01	1.475833e-01	-9.844064e-02	2.862645e-01	-9.816923e-01	1.000000e+00	-9.549076e-01	8.971962e-01	-7.803702e-01	-1.024147e-01	1.069327e-01	-1.227665e-01	1.223271e-01	-1.873464e-01	
1.745708e-01	-3.000610e-02	-2.200262e-01	2.931305e-02	-1.165488e-01	1.104324e-01	-9.901653e-02	1.840392e-01	-2.343328e-01	1.279159e-01	-1.575034e-01	1.869594e-01	-1.733214e-01	1.192012e-01	-5.115487e-01	8.841638e-01	-9.549076e-01	1.000000e+00	-8.713055e-01	7.560086e-01	1.488416e-01	-1.656764e-01	1.979030e-01	-1.953741e-01	2.584107e-01	
-2.949744e-02	-3.463346e-02	1.756531e-01	1.244116e-02	1.108807e-01	-8.475483e-02	4.548206e-02	-1.032832e-01	1.347542e-01	-6.638921e-02	9.867801e-02	-1.384529e-01	1.424510e-01	-1.136045e-01	8.727661e-02	-8.628509e-01	8.971962e-01	-8.713055e-01	1.000000e+00	-9.678045e-01	-8.797862e-02	8.952716e-02	-1.003542e-01	1.209325e-01	-2.149506e-01	
2.250347e-02	9.408144e-02	-1.536211e-01	-9.529170e-03	-1.154928e-01	8.307197e-02	-3.474235e-02	6.701590e-02	-7.802032e-02	4.691720e-02	-7.757470e-02	1.176549e-01	-1.255876e-01	1.101922e-01	2.929898e-02	7.512619e-01	-7.803702e-01	7.560086e-01	-9.678045e-01	1.000000e+00	6.492123e-02	-6.282209e-02	6.904737e-02	-9.996654e-02	2.094346e-01	
1.774785e-01	1.369186e-01	-1.132096e-01	-4.878900e-02	4.344132e-02	-3.972867e-02	5.006649e-02	-7.210919e-03	-1.434889e-02	-1.123086e-02	2.099201e-02	-1.955071e-02	2.964869e-02	-1.683445e-02	-2.103577e-01	6.513249e-02	-1.024147e-01	1.488416e-01	-8.797862e-02	6.492123e-02	1.000000e+00	-9.923813e-01	9.619686e-01	-9.057910e-01	8.319434e-01	
-1.780695e-01	-1.099833e-01	1.139125e-01	4.904113e-02	-2.796666e-02	2.438067e-02	-3.768637e-02	-1.457560e-02	3.700953e-02	-1.323771e-02	2.108456e-03	-9.257359e-04	-1.427668e-02	6.858137e-03	2.485691e-01	-6.264050e-02	1.069327e-01	-1.656764e-01	8.952716e-02	-6.282209e-02	-9.923813e-01	1.000000e+00	-9.872131e-01	9.435393e-01	-8.750988e-01	
1.713534e-01	7.864361e-02	-1.230910e-01	-3.919788e-02	-3.748890e-05	4.444488e-03	1.188496e-02	4.883212e-02	-7.068933e-02	5.243555e-02	-4.158378e-02	3.926895e-02	-1.799154e-02	1.677187e-02	-3.027302e-01	6.931931e-02	-1.227665e-01	1.979030e-01	-1.003542e-01	6.904737e-02	9.619686e-01	-9.872131e-01	1.000000e+00	-9.787349e-01	9.257196e-01	
-1.324309e-01	-5.504373e-02	6.238451e-02	4.658964e-02	2.725777e-02	-2.771316e-02	4.040603e-03	-7.553827e-02	1.020136e-01	-8.291008e-02	7.309547e-02	-7.044442e-02	4.745639e-02	-3.948592e-02	2.829335e-01	-7.067341e-02	1.223271e-01	-1.953741e-01	1.209325e-01	-9.996654e-02	-9.057910e-01	9.435393e-01	-9.787349e-01	1.000000e+00	-9.767209e-01	
1.180320e-01	6.138155e-02	-7.879124e-02	-4.676586e-02	-6.342156e-02	5.511338e-02	-1.942019e-02	9.790931e-02	-1.256001e-01	9.602112e-02	-9.011496e-02	9.217437e-02	-6.869601e-02	5.645755e-02	-2.672491e-01	1.356498e-01	-1.873464e-01	2.584107e-01	-2.149506e-01	2.094346e-01	8.319434e-01	-8.750988e-01	9.257196e-01	-9.767209e-01	1.000000e+00	

Time taken for mcmc chain: 8.216667 minutes
