Number of steps: 1384109
Number of accepted steps: 1000000
Burn-in number of steps: 320000
Accepted fraction of steps: 0.722486
Convergence Status
R[0]= 1.106445	R[1]= 1.025784	R[2]= 1.053948	R[3]= 1.115860	R[4]= 1.310026	R[5]= 1.251669	R[6]= 1.192467	R[7]= 1.219500	R[8]= 1.160239	R[9]= 1.013323	R[10]= 1.014461	R[11]= 1.018804	R[12]= 1.021441	R[13]= 1.027331	R[14]= 1.183976	R[15]= 1.030403	R[16]= 1.063881	R[17]= 1.129191	R[18]= 1.008159	R[19]= 1.012432	R[20]= 1.016276	R[21]= 1.010836	R[22]= 1.010918	R[23]= 1.030148	R[24]= 1.054613	
<R>= 1.083285

Mean parameters
A[0]= 9.500979e-01 pm 3.687115e-02
A[1]= 1.054026e+00 pm 2.284562e-02
A[2]= 3.289918e-01 pm 2.096981e-01
A[3]= 4.589784e-01 pm 2.921066e-01
A[4]= 8.013232e+03 pm 2.340560e+03
A[5]= -6.547590e+03 pm 1.345449e+03
A[6]= 2.052266e+03 pm 2.890655e+02
A[7]= 5.944137e+00 pm 1.248619e+01
A[8]= -3.816388e-01 pm 1.685240e-01
A[9]= 3.077986e+03 pm 7.471861e+03
A[10]= -3.111249e+03 pm 4.079098e+03
A[11]= 6.655266e+02 pm 7.266450e+02
A[12]= 2.464743e+01 pm 4.709857e+01
A[13]= -9.150456e-01 pm 8.761006e-01
A[14]= 6.183999e-01 pm 3.760170e-01
A[15]= 8.351900e+03 pm 3.103225e+03
A[16]= -6.086939e+03 pm 1.744642e+03
A[17]= 1.864110e+03 pm 3.677538e+02
A[18]= 5.700498e+00 pm 1.658214e+01
A[19]= -2.699557e-01 pm 2.220025e-01
A[20]= 1.234080e+04 pm 9.683031e+03
A[21]= -8.328861e+03 pm 5.474319e+03
A[22]= 1.484737e+03 pm 1.000413e+03
A[23]= -1.519332e+01 pm 6.533320e+01
A[24]= -3.869507e-01 pm 1.220310e+00

Best-fitting parameters
A[0]= 8.468619e-01
A[1]= 1.032219e+00
A[2]= 3.680126e-01
A[3]= 1.404881e+00
A[4]= 3.222053e+03
A[5]= -3.400657e+03
A[6]= 1.298796e+03
A[7]= 1.364978e+01
A[8]= -3.443424e-01
A[9]= -4.511460e+03
A[10]= 1.183458e+03
A[11]= -1.134456e+02
A[12]= 6.339664e+01
A[13]= -1.602325e+00
A[14]= 1.715801e+00
A[15]= 6.524761e+03
A[16]= -4.160433e+03
A[17]= 1.248275e+03
A[18]= 6.415085e-01
A[19]= -7.892591e-02
A[20]= 1.155870e+04
A[21]= -7.650095e+03
A[22]= 1.314675e+03
A[23]= -1.591190e+01
A[24]= -5.126642e-01
chi2_min= 1.198906e+02


Cross-Covariance parameters
1.000000e+00	-6.717686e-02	-1.902931e-01	-2.271769e-01	4.441608e-02	-7.743423e-02	1.113674e-01	7.706146e-02	-1.204498e-01	1.882722e-01	-2.003335e-01	1.925393e-01	-1.547683e-01	1.246916e-01	-1.361306e-01	4.313609e-02	-3.876810e-02	3.294042e-02	1.205638e-01	-1.641429e-01	-1.034039e-01	7.971437e-02	-6.456603e-02	6.890470e-02	-6.888138e-02	
-6.717686e-02	1.000000e+00	4.025152e-01	1.141231e-02	-1.532370e-01	1.622470e-01	-1.694469e-01	1.122093e-01	-6.276787e-02	1.279415e-02	8.861935e-03	-5.001278e-02	6.043940e-02	-9.758466e-02	1.573789e-01	4.797646e-02	4.795764e-02	-1.801584e-01	9.220915e-02	-7.591351e-02	-1.211250e-01	1.275369e-01	-1.418101e-01	1.098599e-01	-1.131918e-01	
-1.902931e-01	4.025152e-01	1.000000e+00	-2.478157e-01	-1.570535e-01	1.236227e-01	-7.246695e-02	5.455417e-02	-2.063109e-02	4.961925e-02	-1.081781e-03	-7.598971e-02	1.951888e-02	-3.091191e-02	-3.231493e-01	-1.026199e-01	6.837260e-02	-7.150201e-03	3.380632e-02	-2.353197e-02	-9.716692e-02	1.168569e-01	-1.487074e-01	5.941574e-02	-5.232232e-02	
-2.271769e-01	1.141231e-02	-2.478157e-01	1.000000e+00	-3.153467e-01	4.752648e-01	-6.684874e-01	1.674574e-01	9.678345e-03	-5.840240e-02	8.291736e-02	-1.068878e-01	7.986775e-02	-8.255077e-02	3.930363e-01	-1.283230e-01	1.796002e-01	-2.482076e-01	6.929218e-02	-7.877440e-03	1.265739e-01	-1.162828e-01	1.077665e-01	-9.075291e-02	1.008053e-01	
4.441608e-02	-1.532370e-01	-1.570535e-01	-3.153467e-01	1.000000e+00	-9.764798e-01	8.769255e-01	-8.682750e-01	7.273131e-01	-7.677976e-02	5.401270e-02	-1.453704e-02	1.037890e-02	1.224841e-01	-9.020869e-02	1.265714e-01	-1.616794e-01	1.902749e-01	-1.262626e-01	8.400753e-02	-1.387643e-02	3.806941e-02	-5.965041e-02	1.277778e-01	-1.554850e-01	
-7.743423e-02	1.622470e-01	1.236227e-01	4.752648e-01	-9.764798e-01	1.000000e+00	-9.582376e-01	8.692976e-01	-7.043806e-01	6.816202e-02	-3.998190e-02	-5.805744e-03	2.230868e-03	-1.297260e-01	1.511368e-01	-1.477585e-01	1.922944e-01	-2.328584e-01	1.418751e-01	-8.834006e-02	2.255868e-02	-3.999053e-02	5.510150e-02	-1.169857e-01	1.469470e-01	
1.113674e-01	-1.694469e-01	-7.246695e-02	-6.684874e-01	8.769255e-01	-9.582376e-01	1.000000e+00	-8.048399e-01	6.285443e-01	-5.524330e-02	2.107312e-02	3.134757e-02	-1.846379e-02	1.326810e-01	-2.204359e-01	1.580445e-01	-2.122695e-01	2.670008e-01	-1.460558e-01	8.307170e-02	-3.795702e-02	4.457526e-02	-4.902998e-02	9.681599e-02	-1.269182e-01	
7.706146e-02	1.122093e-01	5.455417e-02	1.674574e-01	-8.682750e-01	8.692976e-01	-8.048399e-01	1.000000e+00	-9.483957e-01	1.473972e-01	-1.349846e-01	1.028774e-01	-7.505774e-02	-9.291823e-02	2.833912e-02	-7.068032e-02	1.039389e-01	-1.278705e-01	1.144268e-01	-8.331599e-02	-3.704258e-02	1.736918e-02	3.229359e-03	-5.892944e-02	9.419964e-02	
-1.204498e-01	-6.276787e-02	-2.063109e-02	9.678345e-03	7.273131e-01	-7.043806e-01	6.285443e-01	-9.483957e-01	1.000000e+00	-1.899065e-01	1.909434e-01	-1.732660e-01	1.347395e-01	4.702233e-02	6.046225e-02	1.104586e-02	-3.154680e-02	3.818659e-02	-7.259318e-02	5.833563e-02	4.873207e-02	-2.940530e-02	7.946393e-03	3.659734e-02	-6.814882e-02	
1.882722e-01	1.279415e-02	4.961925e-02	-5.840240e-02	-7.677976e-02	6.816202e-02	-5.524330e-02	1.473972e-01	-1.899065e-01	1.000000e+00	-9.913637e-01	9.537706e-01	-9.063417e-01	8.265667e-01	-6.671259e-02	9.604061e-02	-9.901600e-02	7.865392e-02	-2.999596e-02	4.545666e-03	1.754248e-01	-1.786692e-01	1.738413e-01	-1.806823e-01	1.842965e-01	
-2.003335e-01	8.861935e-03	-1.081781e-03	8.291736e-02	5.401270e-02	-3.998190e-02	2.107312e-02	-1.349846e-01	1.909434e-01	-9.913637e-01	1.000000e+00	-9.844191e-01	9.468422e-01	-8.740067e-01	6.003365e-02	-9.974924e-02	1.045489e-01	-8.658242e-02	3.805086e-02	-1.505830e-02	-1.614211e-01	1.643562e-01	-1.603656e-01	1.606852e-01	-1.614418e-01	
1.925393e-01	-5.001278e-02	-7.598971e-02	-1.068878e-01	-1.453704e-02	-5.805744e-03	3.134757e-02	1.028774e-01	-1.732660e-01	9.537706e-01	-9.844191e-01	1.000000e+00	-9.779216e-01	9.206002e-01	-4.030109e-02	9.928823e-02	-1.075003e-01	9.390184e-02	-5.198302e-02	3.351833e-02	1.459820e-01	-1.484621e-01	1.464401e-01	-1.377384e-01	1.358998e-01	
-1.547683e-01	6.043940e-02	1.951888e-02	7.986775e-02	1.037890e-02	2.230868e-03	-1.846379e-02	-7.505774e-02	1.347395e-01	-9.063417e-01	9.468422e-01	-9.779216e-01	1.000000e+00	-9.705421e-01	3.700295e-02	-6.851310e-02	8.104047e-02	-7.545721e-02	5.235471e-02	-4.517454e-02	-1.260127e-01	1.209070e-01	-1.111508e-01	1.050417e-01	-1.034705e-01	
1.246916e-01	-9.758466e-02	-3.091191e-02	-8.255077e-02	1.224841e-01	-1.297260e-01	1.326810e-01	-9.291823e-02	4.702233e-02	8.265667e-01	-8.740067e-01	9.206002e-01	-9.705421e-01	1.000000e+00	-2.479389e-02	6.534001e-02	-8.478653e-02	8.487853e-02	-7.390864e-02	6.575042e-02	1.083565e-01	-9.654635e-02	8.162680e-02	-6.864739e-02	6.510860e-02	
-1.361306e-01	1.573789e-01	-3.231493e-01	3.930363e-01	-9.020869e-02	1.511368e-01	-2.204359e-01	2.833912e-02	6.046225e-02	-6.671259e-02	6.003365e-02	-4.030109e-02	3.700295e-02	-2.479389e-02	1.000000e+00	-2.706445e-01	4.349123e-01	-6.463318e-01	1.364244e-01	3.259051e-02	6.947669e-02	-6.452698e-02	5.573698e-02	-8.291512e-02	7.601625e-02	
4.313609e-02	4.797646e-02	-1.026199e-01	-1.283230e-01	1.265714e-01	-1.477585e-01	1.580445e-01	-7.068032e-02	1.104586e-02	9.604061e-02	-9.974924e-02	9.928823e-02	-6.851310e-02	6.534001e-02	-2.706445e-01	1.000000e+00	-9.713729e-01	8.464685e-01	-8.092728e-01	6.652095e-01	-2.399035e-02	2.113007e-02	-7.912945e-03	2.361753e-02	2.622308e-02	
-3.876810e-02	4.795764e-02	6.837260e-02	1.796002e-01	-1.616794e-01	1.922944e-01	-2.122695e-01	1.039389e-01	-3.154680e-02	-9.901600e-02	1.045489e-01	-1.075003e-01	8.104047e-02	-8.478653e-02	4.349123e-01	-9.713729e-01	1.000000e+00	-9.465756e-01	8.401855e-01	-6.745128e-01	2.659891e-02	-2.139211e-02	3.605040e-03	-2.690952e-02	-2.318624e-02	
3.294042e-02	-1.801584e-01	-7.150201e-03	-2.482076e-01	1.902749e-01	-2.328584e-01	2.670008e-01	-1.278705e-01	3.818659e-02	7.865392e-02	-8.658242e-02	9.390184e-02	-7.545721e-02	8.487853e-02	-6.463318e-01	8.464685e-01	-9.465756e-01	1.000000e+00	-7.965907e-01	6.224104e-01	-2.788030e-02	1.912998e-02	4.521699e-03	2.435207e-02	2.395805e-02	
1.205638e-01	9.220915e-02	3.380632e-02	6.929218e-02	-1.262626e-01	1.418751e-01	-1.460558e-01	1.144268e-01	-7.259318e-02	-2.999596e-02	3.805086e-02	-5.198302e-02	5.235471e-02	-7.390864e-02	1.364244e-01	-8.092728e-01	8.401855e-01	-7.965907e-01	1.000000e+00	-9.527221e-01	-1.126696e-02	1.644108e-02	-3.775980e-02	6.425523e-02	-1.440936e-01	
-1.641429e-01	-7.591351e-02	-2.353197e-02	-7.877440e-03	8.400753e-02	-8.834006e-02	8.307170e-02	-8.331599e-02	5.833563e-02	4.545666e-03	-1.505830e-02	3.351833e-02	-4.517454e-02	6.575042e-02	3.259051e-02	6.652095e-01	-6.745128e-01	6.224104e-01	-9.527221e-01	1.000000e+00	3.499255e-02	-3.974927e-02	5.904358e-02	-1.080582e-01	2.004011e-01	
-1.034039e-01	-1.211250e-01	-9.716692e-02	1.265739e-01	-1.387643e-02	2.255868e-02	-3.795702e-02	-3.704258e-02	4.873207e-02	1.754248e-01	-1.614211e-01	1.459820e-01	-1.260127e-01	1.083565e-01	6.947669e-02	-2.399035e-02	2.659891e-02	-2.788030e-02	-1.126696e-02	3.499255e-02	1.000000e+00	-9.917469e-01	9.615124e-01	-9.100519e-01	8.475506e-01	
7.971437e-02	1.275369e-01	1.168569e-01	-1.162828e-01	3.806941e-02	-3.999053e-02	4.457526e-02	1.736918e-02	-2.940530e-02	-1.786692e-01	1.643562e-01	-1.484621e-01	1.209070e-01	-9.654635e-02	-6.452698e-02	2.113007e-02	-2.139211e-02	1.912998e-02	1.644108e-02	-3.974927e-02	-9.917469e-01	1.000000e+00	-9.881467e-01	9.476763e-01	-8.887834e-01	
-6.456603e-02	-1.418101e-01	-1.487074e-01	1.077665e-01	-5.965041e-02	5.510150e-02	-4.902998e-02	3.229359e-03	7.946393e-03	1.738413e-01	-1.603656e-01	1.464401e-01	-1.111508e-01	8.162680e-02	5.573698e-02	-7.912945e-03	3.605040e-03	4.521699e-03	-3.775980e-02	5.904358e-02	9.615124e-01	-9.881467e-01	1.000000e+00	-9.755379e-01	9.267947e-01	
6.890470e-02	1.098599e-01	5.941574e-02	-9.075291e-02	1.277778e-01	-1.169857e-01	9.681599e-02	-5.892944e-02	3.659734e-02	-1.806823e-01	1.606852e-01	-1.377384e-01	1.050417e-01	-6.864739e-02	-8.291512e-02	2.361753e-02	-2.690952e-02	2.435207e-02	6.425523e-02	-1.080582e-01	-9.100519e-01	9.476763e-01	-9.755379e-01	1.000000e+00	-9.791081e-01	
-6.888138e-02	-1.131918e-01	-5.232232e-02	1.008053e-01	-1.554850e-01	1.469470e-01	-1.269182e-01	9.419964e-02	-6.814882e-02	1.842965e-01	-1.614418e-01	1.358998e-01	-1.034705e-01	6.510860e-02	7.601625e-02	2.622308e-02	-2.318624e-02	2.395805e-02	-1.440936e-01	2.004011e-01	8.475506e-01	-8.887834e-01	9.267947e-01	-9.791081e-01	1.000000e+00	

Time taken for mcmc chain: 10.116667 minutes
