Number of steps: 18842204
Number of accepted steps: 1000000
Burn-in number of steps: 320000
Accepted fraction of steps: 0.053072
Convergence Status
R[0]= 1.153664	R[1]= 1.113588	R[2]= 1.005226	R[3]= 1.008968	R[4]= 1.011511	R[5]= 1.010318	R[6]= 1.008267	R[7]= 1.002862	R[8]= 1.003869	R[9]= 1.002135	R[10]= 1.003070	R[11]= 1.014779	R[12]= 1.001715	R[13]= 1.001032	R[14]= 1.064968	R[15]= 1.027538	R[16]= 1.031551	R[17]= 1.034433	R[18]= 1.009204	R[19]= 1.005382	R[20]= 1.000595	R[21]= 1.001219	R[22]= 1.015010	R[23]= 1.006303	R[24]= 1.000171	
<R>= 1.021495

Mean parameters
A[0]= 8.207356e-01 pm 7.271090e-02
A[1]= 9.761492e-01 pm 3.397367e-02
A[2]= 4.454603e-01 pm 2.327223e-01
A[3]= 3.719618e+00 pm 1.287758e+00
A[4]= -3.464591e+03 pm 4.619705e+03
A[5]= 2.727648e+03 pm 3.458019e+03
A[6]= -6.472415e+02 pm 9.716139e+02
A[7]= 4.225936e+01 pm 1.744202e+01
A[8]= -4.144520e-01 pm 1.785008e-01
A[9]= -4.068000e+03 pm 8.159896e+03
A[10]= 1.640874e+03 pm 4.886112e+03
A[11]= -3.963016e+02 pm 1.085326e+03
A[12]= 3.405812e+01 pm 4.853171e+01
A[13]= -8.736779e-01 pm 9.009838e-01
A[14]= 6.845318e+00 pm 1.754674e+00
A[15]= -1.201186e+04 pm 6.555185e+03
A[16]= 1.064538e+04 pm 4.828457e+03
A[17]= -3.078484e+03 pm 1.333088e+03
A[18]= 5.721893e+01 pm 2.383560e+01
A[19]= -9.536837e-02 pm 2.555611e-01
A[20]= 4.721142e+03 pm 1.172135e+04
A[21]= -2.420793e+03 pm 7.290405e+03
A[22]= -2.727480e+00 pm 1.729647e+03
A[23]= -3.725444e+01 pm 6.804736e+01
A[24]= 5.515009e-01 pm 1.272392e+00

Best-fitting parameters
A[0]= 8.468100e-01
A[1]= 9.691696e-01
A[2]= 3.420864e-01
A[3]= 4.712856e+00
A[4]= -5.387809e+03
A[5]= 4.445150e+03
A[6]= -1.211001e+03
A[7]= 4.722172e+01
A[8]= -3.800472e-01
A[9]= 8.438395e+02
A[10]= -1.080582e+03
A[11]= 6.813132e+01
A[12]= 3.898644e+00
A[13]= -2.255182e-01
A[14]= 7.336244e+00
A[15]= -1.163877e+04
A[16]= 1.067190e+04
A[17]= -3.187854e+03
A[18]= 6.394488e+01
A[19]= -1.919920e-01
A[20]= 1.803097e+03
A[21]= -6.231924e+02
A[22]= -3.526190e+02
A[23]= 1.029960e+01
A[24]= -5.013686e-01
chi2_min= 9.369072e+01


Cross-Covariance parameters
1.000000e+00	-6.333421e-01	-5.871262e-02	6.398130e-02	2.100668e-02	3.555035e-02	-9.968931e-02	8.902921e-02	7.746855e-02	-3.746010e-02	1.374277e-01	-3.109485e-01	1.520323e-01	2.664079e-02	-1.242357e-01	2.143985e-01	-1.640715e-01	8.874416e-02	2.515601e-02	2.296829e-03	4.322052e-02	8.139780e-02	-2.899608e-01	2.048078e-01	-1.632776e-02	
-6.333421e-01	1.000000e+00	9.935679e-03	-1.149295e-01	5.210245e-02	-8.183250e-02	1.057430e-01	1.590205e-02	-1.859800e-01	8.739908e-02	-1.793680e-01	3.291477e-01	-1.529480e-01	-2.970882e-02	-8.816484e-02	-1.425112e-02	-1.110893e-02	3.652231e-02	7.034355e-02	-1.852657e-01	3.120480e-02	-1.331693e-01	2.969986e-01	-1.776083e-01	1.506984e-04	
-5.871262e-02	9.935679e-03	1.000000e+00	-4.383861e-01	7.717835e-02	-7.801374e-02	8.405322e-02	-1.363933e-01	1.108501e-01	-2.716525e-01	3.823530e-01	-5.184870e-01	9.630410e-02	8.201700e-02	-3.637010e-01	-1.555523e-01	1.677924e-01	-1.667403e-01	1.256796e-02	1.292551e-01	-4.160171e-01	5.423902e-01	-6.618600e-01	8.321678e-02	1.607251e-01	
6.398130e-02	-1.149295e-01	-4.383861e-01	1.000000e+00	-7.978873e-01	8.629118e-01	-8.961925e-01	6.470436e-01	-1.879964e-02	-5.921055e-02	5.224381e-02	-1.618628e-02	-7.144173e-02	8.539613e-02	1.650547e-01	8.184725e-02	-8.477451e-02	8.208008e-02	-2.219304e-02	-3.594971e-02	1.826728e-01	-2.262611e-01	2.601290e-01	-7.277381e-03	-8.233216e-02	
2.100668e-02	5.210245e-02	7.717835e-02	-7.978873e-01	1.000000e+00	-9.818763e-01	9.378320e-01	-8.701308e-01	3.199985e-01	1.285809e-01	-1.628211e-01	1.776027e-01	6.692848e-02	-8.515999e-02	-4.482250e-02	4.017125e-03	-1.965635e-03	-7.933687e-04	-2.818476e-03	3.811132e-03	-2.571718e-02	3.063056e-02	-3.440585e-02	-8.967963e-03	2.240904e-02	
3.555035e-02	-8.183250e-02	-7.801374e-02	8.629118e-01	-9.818763e-01	1.000000e+00	-9.862210e-01	8.503483e-01	-2.344576e-01	-1.498179e-01	1.932568e-01	-2.198092e-01	-5.950912e-02	1.077298e-01	3.355426e-02	1.212204e-02	-1.049848e-02	8.008132e-03	3.270413e-03	-3.956285e-03	2.700678e-02	-2.425538e-02	1.575947e-02	2.193144e-02	-2.404324e-02	
-9.968931e-02	1.057430e-01	8.405322e-02	-8.961925e-01	9.378320e-01	-9.862210e-01	1.000000e+00	-8.105690e-01	1.554724e-01	1.669081e-01	-2.172547e-01	2.537799e-01	4.424011e-02	-1.173708e-01	-2.107706e-02	-3.156708e-02	2.596029e-02	-1.743521e-02	-5.541666e-03	7.498030e-03	-3.181121e-02	2.169504e-02	-7.257718e-04	-3.397057e-02	2.562577e-02	
8.902921e-02	1.590205e-02	-1.363933e-01	6.470436e-01	-8.701308e-01	8.503483e-01	-8.105690e-01	1.000000e+00	-6.850575e-01	-1.324384e-02	4.541681e-02	-7.649556e-02	-7.292495e-02	-1.250034e-03	1.629990e-02	4.871178e-02	-4.500224e-02	3.543556e-02	2.813634e-02	-5.345069e-02	5.771646e-02	-6.327596e-02	6.146242e-02	1.904359e-02	-3.912405e-02	
7.746855e-02	-1.859800e-01	1.108501e-01	-1.879964e-02	3.199985e-01	-2.344576e-01	1.554724e-01	-6.850575e-01	1.000000e+00	-1.749068e-01	1.905612e-01	-1.981141e-01	8.330865e-02	1.621905e-01	-1.983274e-02	-1.572268e-02	2.138099e-02	-2.458240e-02	-3.112373e-02	6.864203e-02	-4.700679e-02	7.890076e-02	-1.195448e-01	2.470441e-02	3.330873e-02	
-3.746010e-02	8.739908e-02	-2.716525e-01	-5.921055e-02	1.285809e-01	-1.498179e-01	1.669081e-01	-1.324384e-02	-1.749068e-01	1.000000e+00	-9.767277e-01	8.606873e-01	-8.589907e-01	6.794145e-01	1.025623e-01	4.385378e-02	-4.714379e-02	4.642661e-02	-6.431719e-03	-3.773232e-02	1.155380e-01	-1.609600e-01	2.112376e-01	-4.269277e-02	-3.978542e-02	
1.374277e-01	-1.793680e-01	3.823530e-01	5.224381e-02	-1.628211e-01	1.932568e-01	-2.172547e-01	4.541681e-02	1.905612e-01	-9.767277e-01	1.000000e+00	-9.481436e-01	8.522980e-01	-6.336951e-01	-1.489790e-01	-4.579692e-02	5.633383e-02	-6.325520e-02	8.920282e-03	6.093325e-02	-1.636274e-01	2.388308e-01	-3.272194e-01	7.792458e-02	5.639443e-02	
-3.109485e-01	3.291477e-01	-5.184870e-01	-1.618628e-02	1.776027e-01	-2.198092e-01	2.537799e-01	-7.649556e-02	-1.981141e-01	8.606873e-01	-9.481436e-01	1.000000e+00	-7.629370e-01	4.980067e-01	2.093734e-01	4.096735e-02	-6.289852e-02	8.276169e-02	-1.402541e-02	-9.102639e-02	2.224331e-01	-3.408862e-01	4.869784e-01	-1.320648e-01	-7.641384e-02	
1.520323e-01	-1.529480e-01	9.630410e-02	-7.144173e-02	6.692848e-02	-5.950912e-02	4.424011e-02	-7.292495e-02	8.330865e-02	-8.589907e-01	8.522980e-01	-7.629370e-01	1.000000e+00	-9.159493e-01	-5.670692e-02	1.313798e-02	-8.285294e-03	2.631098e-03	-2.610798e-03	1.458989e-02	-3.688511e-02	6.932410e-02	-1.160718e-01	4.832597e-02	6.580305e-03	
2.664079e-02	-2.970882e-02	8.201700e-02	8.539613e-02	-8.515999e-02	1.077298e-01	-1.173708e-01	-1.250034e-03	1.621905e-01	6.794145e-01	-6.336951e-01	4.980067e-01	-9.159493e-01	1.000000e+00	-1.533194e-02	-1.863218e-02	2.549584e-02	-3.219394e-02	4.623618e-03	2.957532e-02	-3.833268e-02	5.788923e-02	-7.903563e-02	9.696062e-03	2.477937e-02	
-1.242357e-01	-8.816484e-02	-3.637010e-01	1.650547e-01	-4.482250e-02	3.355426e-02	-2.107706e-02	1.629990e-02	-1.983274e-02	1.025623e-01	-1.489790e-01	2.093734e-01	-5.670692e-02	-1.533194e-02	1.000000e+00	-7.123861e-01	7.758051e-01	-8.096654e-01	5.045873e-01	7.144120e-02	-2.831254e-02	4.872791e-04	6.060006e-02	-8.257444e-02	5.720330e-02	
2.143985e-01	-1.425112e-02	-1.555523e-01	8.184725e-02	4.017125e-03	1.212204e-02	-3.156708e-02	4.871178e-02	-1.572268e-02	4.385378e-02	-4.579692e-02	4.096735e-02	1.313798e-02	-1.863218e-02	-7.123861e-01	1.000000e+00	-9.815739e-01	9.324325e-01	-8.077686e-01	2.455478e-01	2.630461e-01	-2.901918e-01	2.739797e-01	2.217618e-02	-8.348880e-02	
-1.640715e-01	-1.110893e-02	1.677924e-01	-8.477451e-02	-1.965635e-03	-1.049848e-02	2.596029e-02	-4.500224e-02	2.138099e-02	-4.714379e-02	5.633383e-02	-6.289852e-02	-8.285294e-03	2.549584e-02	7.758051e-01	-9.815739e-01	1.000000e+00	-9.837664e-01	7.827447e-01	-1.558388e-01	-2.745170e-01	3.148848e-01	-3.144444e-01	-2.440411e-02	1.123149e-01	
8.874416e-02	3.652231e-02	-1.667403e-01	8.208008e-02	-7.933687e-04	8.008132e-03	-1.743521e-02	3.543556e-02	-2.458240e-02	4.642661e-02	-6.325520e-02	8.276169e-02	2.631098e-03	-3.219394e-02	-8.096654e-01	9.324325e-01	-9.837664e-01	1.000000e+00	-7.408496e-01	7.359526e-02	2.740816e-01	-3.273340e-01	3.450988e-01	2.047613e-02	-1.322480e-01	
2.515601e-02	7.034355e-02	1.256796e-02	-2.219304e-02	-2.818476e-03	3.270413e-03	-5.541666e-03	2.813634e-02	-3.112373e-02	-6.431719e-03	8.920282e-03	-1.402541e-02	-2.610798e-03	4.623618e-03	5.045873e-01	-8.077686e-01	7.827447e-01	-7.408496e-01	1.000000e+00	-7.048235e-01	-1.361169e-01	1.667088e-01	-1.793335e-01	3.810115e-02	-3.926998e-02	
2.296829e-03	-1.852657e-01	1.292551e-01	-3.594971e-02	3.811132e-03	-3.956285e-03	7.498030e-03	-5.345069e-02	6.864203e-02	-3.773232e-02	6.093325e-02	-9.102639e-02	1.458989e-02	2.957532e-02	7.144120e-02	2.455478e-01	-1.558388e-01	7.359526e-02	-7.048235e-01	1.000000e+00	-7.300366e-02	9.581722e-02	-1.177815e-01	-5.702591e-02	2.069843e-01	
4.322052e-02	3.120480e-02	-4.160171e-01	1.826728e-01	-2.571718e-02	2.700678e-02	-3.181121e-02	5.771646e-02	-4.700679e-02	1.155380e-01	-1.636274e-01	2.224331e-01	-3.688511e-02	-3.833268e-02	-2.831254e-02	2.630461e-01	-2.745170e-01	2.740816e-01	-1.361169e-01	-7.300366e-02	1.000000e+00	-9.714198e-01	8.397166e-01	-8.021121e-01	6.155214e-01	
8.139780e-02	-1.331693e-01	5.423902e-01	-2.262611e-01	3.063056e-02	-2.425538e-02	2.169504e-02	-6.327596e-02	7.890076e-02	-1.609600e-01	2.388308e-01	-3.408862e-01	6.932410e-02	5.788923e-02	4.872791e-04	-2.901918e-01	3.148848e-01	-3.273340e-01	1.667088e-01	9.581722e-02	-9.714198e-01	1.000000e+00	-9.429479e-01	7.828937e-01	-5.408588e-01	
-2.899608e-01	2.969986e-01	-6.618600e-01	2.601290e-01	-3.440585e-02	1.575947e-02	-7.257718e-04	6.146242e-02	-1.195448e-01	2.112376e-01	-3.272194e-01	4.869784e-01	-1.160718e-01	-7.903563e-02	6.060006e-02	2.739797e-01	-3.144444e-01	3.450988e-01	-1.793335e-01	-1.177815e-01	8.397166e-01	-9.429479e-01	1.000000e+00	-6.828029e-01	3.798825e-01	
2.048078e-01	-1.776083e-01	8.321678e-02	-7.277381e-03	-8.967963e-03	2.193144e-02	-3.397057e-02	1.904359e-02	2.470441e-02	-4.269277e-02	7.792458e-02	-1.320648e-01	4.832597e-02	9.696062e-03	-8.257444e-02	2.217618e-02	-2.440411e-02	2.047613e-02	3.810115e-02	-5.702591e-02	-8.021121e-01	7.828937e-01	-6.828029e-01	1.000000e+00	-9.178421e-01	
-1.632776e-02	1.506984e-04	1.607251e-01	-8.233216e-02	2.240904e-02	-2.404324e-02	2.562577e-02	-3.912405e-02	3.330873e-02	-3.978542e-02	5.639443e-02	-7.641384e-02	6.580305e-03	2.477937e-02	5.720330e-02	-8.348880e-02	1.123149e-01	-1.322480e-01	-3.926998e-02	2.069843e-01	6.155214e-01	-5.408588e-01	3.798825e-01	-9.178421e-01	1.000000e+00	

Time taken for mcmc chain: 2.485000 hours
