Number of steps: 10878631
Number of accepted steps: 1000000
Burn-in number of steps: 320000
Accepted fraction of steps: 0.091923
Convergence Status
R[0]= 1.017072	R[1]= 1.051489	R[2]= 1.026607	R[3]= 1.037461	R[4]= 1.009165	R[5]= 1.011446	R[6]= 1.012727	R[7]= 1.001203	R[8]= 1.003301	R[9]= 1.002384	R[10]= 1.004563	R[11]= 1.008773	R[12]= 1.001310	R[13]= 1.000901	R[14]= 1.044470	R[15]= 1.013450	R[16]= 1.015765	R[17]= 1.016529	R[18]= 1.000596	R[19]= 1.005453	R[20]= 1.003920	R[21]= 1.007081	R[22]= 1.012104	R[23]= 1.000302	R[24]= 1.002512	
<R>= 1.012423

Mean parameters
A[0]= 8.182295e-01 pm 3.443674e-02
A[1]= 9.313526e-01 pm 2.729538e-02
A[2]= 5.152120e-01 pm 3.202548e-01
A[3]= 3.870154e+00 pm 1.306537e+00
A[4]= -3.437642e+03 pm 3.957283e+03
A[5]= 2.182788e+03 pm 2.761166e+03
A[6]= -3.048511e+02 pm 7.135108e+02
A[7]= 2.903174e+01 pm 1.415976e+01
A[8]= -3.300974e-01 pm 1.783650e-01
A[9]= -3.436361e+03 pm 7.982688e+03
A[10]= 1.395492e+03 pm 4.717405e+03
A[11]= -4.021666e+02 pm 9.880763e+02
A[12]= 2.771925e+01 pm 4.753260e+01
A[13]= -7.052806e-01 pm 9.008998e-01
A[14]= 6.042582e+00 pm 1.572946e+00
A[15]= -8.104203e+03 pm 5.315570e+03
A[16]= 6.779906e+03 pm 3.650858e+03
A[17]= -1.692388e+03 pm 9.316624e+02
A[18]= 2.466515e+01 pm 2.021143e+01
A[19]= 5.165477e-02 pm 2.577452e-01
A[20]= 6.115736e+03 pm 1.146652e+04
A[21]= -3.237983e+03 pm 6.978544e+03
A[22]= 1.163136e+02 pm 1.527266e+03
A[23]= -4.008260e+01 pm 6.627195e+01
A[24]= 6.073359e-01 pm 1.287218e+00

Best-fitting parameters
A[0]= 8.253927e-01
A[1]= 9.175790e-01
A[2]= 4.532768e-01
A[3]= 4.291455e+00
A[4]= -5.371273e+03
A[5]= 3.637892e+03
A[6]= -6.650060e+02
A[7]= 3.866372e+01
A[8]= -3.980239e-01
A[9]= -8.443716e+01
A[10]= -3.433059e+01
A[11]= -2.555171e+02
A[12]= 1.750997e+01
A[13]= -5.873488e-01
A[14]= 6.726638e+00
A[15]= -9.226713e+03
A[16]= 7.690909e+03
A[17]= -1.949020e+03
A[18]= 2.281919e+01
A[19]= 1.317230e-01
A[20]= 7.375650e+02
A[21]= -2.634179e+02
A[22]= -3.978396e+02
A[23]= -1.712012e+01
A[24]= 5.072427e-01
chi2_min= 9.000325e+01


Cross-Covariance parameters
1.000000e+00	-5.190639e-01	-2.421227e-01	1.905828e-01	-7.114959e-02	8.080433e-02	-9.670433e-02	1.130349e-01	-4.228214e-02	-8.433098e-03	2.070585e-02	-5.938349e-02	1.431089e-01	-1.139011e-01	1.133940e-01	8.772210e-02	-8.708948e-02	7.409612e-02	3.791427e-02	-5.748917e-02	7.019870e-02	-6.560802e-02	3.191129e-02	1.333084e-01	-1.237083e-01	
-5.190639e-01	1.000000e+00	2.418012e-01	-2.868047e-01	1.104224e-01	-1.176127e-01	1.136308e-01	4.195486e-02	-1.303736e-01	1.925462e-02	-3.158320e-02	5.921679e-02	-1.103596e-01	5.602208e-02	-2.711319e-01	-1.582480e-02	1.980671e-02	-3.027271e-02	1.606768e-01	-1.720338e-01	-5.867872e-02	5.883062e-02	-3.848050e-02	-7.346600e-02	4.700718e-02	
-2.421227e-01	2.418012e-01	1.000000e+00	-6.253453e-01	1.246670e-01	-1.376399e-01	1.518806e-01	-1.291639e-01	3.925670e-02	-2.926432e-01	4.039557e-01	-5.517839e-01	-3.149416e-04	1.408506e-01	-5.552627e-01	-1.727027e-01	1.881941e-01	-1.900391e-01	9.135910e-03	8.533100e-02	-4.023413e-01	5.305079e-01	-6.819153e-01	-5.069892e-02	2.464191e-01	
1.905828e-01	-2.868047e-01	-6.253453e-01	1.000000e+00	-6.842671e-01	7.574608e-01	-8.051164e-01	3.832452e-01	1.030822e-01	9.287014e-02	-1.294566e-01	1.851173e-01	-4.747712e-02	3.106938e-02	3.767218e-01	1.097553e-01	-1.164835e-01	1.169784e-01	-4.137003e-02	-1.341024e-02	2.353924e-01	-3.139874e-01	4.058996e-01	4.299719e-02	-1.506571e-01	
-7.114959e-02	1.104224e-01	1.246670e-01	-6.842671e-01	1.000000e+00	-9.821044e-01	9.355288e-01	-7.721498e-01	2.719944e-01	4.381960e-02	-7.589566e-02	1.132413e-01	7.406599e-02	-7.803050e-02	-8.919262e-02	-9.660309e-03	5.765329e-03	-1.845189e-03	1.284680e-02	-1.391169e-02	-2.132975e-02	3.358679e-02	-4.789851e-02	-2.217176e-02	2.946745e-02	
8.080433e-02	-1.176127e-01	-1.376399e-01	7.574608e-01	-9.821044e-01	1.000000e+00	-9.848660e-01	7.262515e-01	-1.881638e-01	-5.188775e-02	8.703411e-02	-1.278094e-01	-8.103276e-02	1.012645e-01	9.777522e-02	1.124237e-02	-6.885900e-03	2.341918e-03	-1.406781e-02	1.493246e-02	2.461159e-02	-3.825151e-02	5.418719e-02	2.231018e-02	-3.039033e-02	
-9.670433e-02	1.136308e-01	1.518806e-01	-8.051164e-01	9.355288e-01	-9.848660e-01	1.000000e+00	-6.621205e-01	1.078565e-01	6.241814e-02	-9.815521e-02	1.390625e-01	7.664206e-02	-1.093734e-01	-1.021658e-01	-1.596127e-02	1.151646e-02	-6.277442e-03	1.137227e-02	-9.930476e-03	-3.017411e-02	4.542983e-02	-6.311912e-02	-2.329947e-02	3.370203e-02	
1.130349e-01	4.195486e-02	-1.291639e-01	3.832452e-01	-7.721498e-01	7.262515e-01	-6.621205e-01	1.000000e+00	-7.958485e-01	7.968983e-02	-6.253027e-02	3.231304e-02	-6.676568e-02	-6.484391e-02	5.523848e-02	2.291494e-02	-2.129116e-02	1.516360e-02	3.315978e-02	-4.184028e-02	3.466823e-02	-5.021424e-02	6.809172e-02	2.615995e-02	-4.683281e-02	
-4.228214e-02	-1.303736e-01	3.925670e-02	1.030822e-01	2.719944e-01	-1.881638e-01	1.078565e-01	-7.958485e-01	1.000000e+00	-1.500936e-01	1.533669e-01	-1.418523e-01	3.429399e-02	1.806182e-01	9.850539e-03	-1.487812e-02	1.634522e-02	-1.344063e-02	-4.326064e-02	5.339163e-02	-1.781483e-02	2.530222e-02	-3.425848e-02	-1.136724e-02	2.772929e-02	
-8.433098e-03	1.925462e-02	-2.926432e-01	9.287014e-02	4.381960e-02	-5.188775e-02	6.241814e-02	7.968983e-02	-1.500936e-01	1.000000e+00	-9.826961e-01	9.041109e-01	-8.403856e-01	6.684118e-01	1.713318e-01	5.199431e-02	-5.454001e-02	5.300879e-02	-4.441752e-03	-2.004564e-02	1.255130e-01	-1.691936e-01	2.235960e-01	2.849208e-03	-7.126782e-02	
2.070585e-02	-3.158320e-02	4.039557e-01	-1.294566e-01	-7.589566e-02	8.703411e-02	-9.815521e-02	-6.253027e-02	1.533669e-01	-9.826961e-01	1.000000e+00	-9.663995e-01	8.192192e-01	-6.336189e-01	-2.280471e-01	-7.365325e-02	7.945072e-02	-7.946567e-02	2.625127e-03	3.633721e-02	-1.763139e-01	2.367248e-01	-3.121297e-01	-2.893825e-03	9.835906e-02	
-5.938349e-02	5.921679e-02	-5.517839e-01	1.851173e-01	1.132413e-01	-1.278094e-01	1.390625e-01	3.231304e-02	-1.418523e-01	9.041109e-01	-9.663995e-01	1.000000e+00	-7.287854e-01	5.328436e-01	3.035116e-01	1.016581e-01	-1.117360e-01	1.140232e-01	-8.584497e-04	-5.784884e-02	2.442915e-01	-3.277858e-01	4.327790e-01	1.683340e-04	-1.331045e-01	
1.431089e-01	-1.103596e-01	-3.149416e-04	-4.747712e-02	7.406599e-02	-8.103276e-02	7.664206e-02	-6.676568e-02	3.429399e-02	-8.403856e-01	8.192192e-01	-7.287854e-01	1.000000e+00	-9.426871e-01	-1.121262e-02	9.809305e-03	-1.344031e-02	1.602596e-02	5.947663e-03	-1.439222e-02	-1.967290e-03	8.036864e-03	-2.022846e-02	2.263316e-02	-1.405255e-02	
-1.139011e-01	5.602208e-02	1.408506e-01	3.106938e-02	-7.803050e-02	1.012645e-01	-1.093734e-01	-6.484391e-02	1.806182e-01	6.684118e-01	-6.336189e-01	5.328436e-01	-9.426871e-01	1.000000e+00	-5.613776e-02	-3.740793e-02	4.463628e-02	-4.821989e-02	-1.573166e-02	4.252915e-02	-6.235008e-02	7.879091e-02	-9.536688e-02	-2.154780e-02	5.032757e-02	
1.133940e-01	-2.711319e-01	-5.552627e-01	3.767218e-01	-8.919262e-02	9.777522e-02	-1.021658e-01	5.523848e-02	9.850539e-03	1.713318e-01	-2.280471e-01	3.035116e-01	-1.121262e-02	-5.613776e-02	1.000000e+00	-5.111802e-01	5.824802e-01	-6.340174e-01	2.163195e-01	1.392015e-01	1.127069e-01	-1.568208e-01	2.183951e-01	-1.503105e-02	-3.094132e-02	
8.772210e-02	-1.582480e-02	-1.727027e-01	1.097553e-01	-9.660309e-03	1.124237e-02	-1.596127e-02	2.291494e-02	-1.487812e-02	5.199431e-02	-7.365325e-02	1.016581e-01	9.809305e-03	-3.740793e-02	-5.111802e-01	1.000000e+00	-9.800798e-01	9.253060e-01	-7.203871e-01	2.741189e-01	2.143706e-01	-2.623757e-01	3.064377e-01	1.623206e-02	-8.311606e-02	
-8.708948e-02	1.980671e-02	1.881941e-01	-1.164835e-01	5.765329e-03	-6.885900e-03	1.151646e-02	-2.129116e-02	1.634522e-02	-5.454001e-02	7.945072e-02	-1.117360e-01	-1.344031e-02	4.463628e-02	5.824802e-01	-9.800798e-01	1.000000e+00	-9.816707e-01	6.648693e-01	-1.818100e-01	-2.268848e-01	2.820509e-01	-3.339760e-01	-3.043502e-02	1.114901e-01	
7.409612e-02	-3.027271e-02	-1.900391e-01	1.169784e-01	-1.845189e-03	2.341918e-03	-6.277442e-03	1.516360e-02	-1.344063e-02	5.300879e-02	-7.946567e-02	1.140232e-01	1.602596e-02	-4.821989e-02	-6.340174e-01	9.253060e-01	-9.816707e-01	1.000000e+00	-5.874777e-01	8.813400e-02	2.295929e-01	-2.889938e-01	3.459612e-01	3.967821e-02	-1.296828e-01	
3.791427e-02	1.606768e-01	9.135910e-03	-4.137003e-02	1.284680e-02	-1.406781e-02	1.137227e-02	3.315978e-02	-4.326064e-02	-4.441752e-03	2.625127e-03	-8.584497e-04	5.947663e-03	-1.573166e-02	2.163195e-01	-7.203871e-01	6.648693e-01	-5.874777e-01	1.000000e+00	-8.416909e-01	-7.581236e-02	9.173522e-02	-1.043842e-01	6.465267e-02	-1.130958e-01	
-5.748917e-02	-1.720338e-01	8.533100e-02	-1.341024e-02	-1.391169e-02	1.493246e-02	-9.930476e-03	-4.184028e-02	5.339163e-02	-2.004564e-02	3.633721e-02	-5.784884e-02	-1.439222e-02	4.252915e-02	1.392015e-01	2.741189e-01	-1.818100e-01	8.813400e-02	-8.416909e-01	1.000000e+00	-4.586508e-02	6.059080e-02	-7.679729e-02	-1.014259e-01	2.248308e-01	
7.019870e-02	-5.867872e-02	-4.023413e-01	2.353924e-01	-2.132975e-02	2.461159e-02	-3.017411e-02	3.466823e-02	-1.781483e-02	1.255130e-01	-1.763139e-01	2.442915e-01	-1.967290e-03	-6.235008e-02	1.127069e-01	2.143706e-01	-2.268848e-01	2.295929e-01	-7.581236e-02	-4.586508e-02	1.000000e+00	-9.811976e-01	9.008136e-01	-7.823958e-01	5.961202e-01	
-6.560802e-02	5.883062e-02	5.305079e-01	-3.139874e-01	3.358679e-02	-3.825151e-02	4.542983e-02	-5.021424e-02	2.530222e-02	-1.691936e-01	2.367248e-01	-3.277858e-01	8.036864e-03	7.879091e-02	-1.568208e-01	-2.623757e-01	2.820509e-01	-2.889938e-01	9.173522e-02	6.059080e-02	-9.811976e-01	1.000000e+00	-9.666068e-01	7.331724e-01	-5.268429e-01	
3.191129e-02	-3.848050e-02	-6.819153e-01	4.058996e-01	-4.789851e-02	5.418719e-02	-6.311912e-02	6.809172e-02	-3.425848e-02	2.235960e-01	-3.121297e-01	4.327790e-01	-2.022846e-02	-9.536688e-02	2.183951e-01	3.064377e-01	-3.339760e-01	3.459612e-01	-1.043842e-01	-7.679729e-02	9.008136e-01	-9.666068e-01	1.000000e+00	-6.126332e-01	3.891348e-01	
1.333084e-01	-7.346600e-02	-5.069892e-02	4.299719e-02	-2.217176e-02	2.231018e-02	-2.329947e-02	2.615995e-02	-1.136724e-02	2.849208e-03	-2.893825e-03	1.683340e-04	2.263316e-02	-2.154780e-02	-1.503105e-02	1.623206e-02	-3.043502e-02	3.967821e-02	6.465267e-02	-1.014259e-01	-7.823958e-01	7.331724e-01	-6.126332e-01	1.000000e+00	-9.521431e-01	
-1.237083e-01	4.700718e-02	2.464191e-01	-1.506571e-01	2.946745e-02	-3.039033e-02	3.370203e-02	-4.683281e-02	2.772929e-02	-7.126782e-02	9.835906e-02	-1.331045e-01	-1.405255e-02	5.032757e-02	-3.094132e-02	-8.311606e-02	1.114901e-01	-1.296828e-01	-1.130958e-01	2.248308e-01	5.961202e-01	-5.268429e-01	3.891348e-01	-9.521431e-01	1.000000e+00	

Time taken for mcmc chain: 1.054722 hours
