Number of steps: 1039626
Number of accepted steps: 1000000
Burn-in number of steps: 320000
Accepted fraction of steps: 0.961884
Convergence Status
R[0]= 1.007532	R[1]= 1.329656	R[2]= 1.245456	R[3]= 1.098314	R[4]= 1.044312	R[5]= 1.059241	R[6]= 1.074155	R[7]= 1.025574	R[8]= 1.042207	R[9]= 1.064656	R[10]= 1.060660	R[11]= 1.049643	R[12]= 1.016711	R[13]= 1.001329	R[14]= 1.009258	R[15]= 1.137854	R[16]= 1.165476	R[17]= 1.152479	R[18]= 1.145268	R[19]= 1.089981	R[20]= 1.024305	R[21]= 1.028859	R[22]= 1.035523	R[23]= 1.032092	R[24]= 1.031640	
<R>= 1.078887

Mean parameters
A[0]= 9.102612e-01 pm 5.571259e-02
A[1]= 1.045616e+00 pm 3.733756e-02
A[2]= 2.910302e-01 pm 1.889783e-01
A[3]= 6.683374e-01 pm 3.898584e-01
A[4]= 6.937891e+03 pm 2.595800e+03
A[5]= -5.813632e+03 pm 1.508451e+03
A[6]= 1.866813e+03 pm 3.307591e+02
A[7]= 1.126848e+01 pm 1.248647e+01
A[8]= -4.374049e-01 pm 1.680470e-01
A[9]= -9.072957e+01 pm 7.872579e+03
A[10]= -1.410572e+03 pm 4.292405e+03
A[11]= 3.854299e+02 pm 7.494778e+02
A[12]= 4.094626e+01 pm 4.733325e+01
A[13]= -1.241463e+00 pm 8.773680e-01
A[14]= 8.523609e-01 pm 4.619768e-01
A[15]= 8.415606e+03 pm 3.567944e+03
A[16]= -6.023880e+03 pm 2.072438e+03
A[17]= 1.815066e+03 pm 4.490993e+02
A[18]= 6.391572e-02 pm 1.964909e+01
A[19]= -1.615735e-01 pm 2.635485e-01
A[20]= 1.550018e+04 pm 9.660312e+03
A[21]= -1.002635e+04 pm 5.392754e+03
A[22]= 1.782337e+03 pm 9.630000e+02
A[23]= -3.524776e+01 pm 6.330207e+01
A[24]= 6.418941e-03 pm 1.191781e+00

Best-fitting parameters
A[0]= 7.865000e-01
A[1]= 1.045056e+00
A[2]= 2.455382e-01
A[3]= 7.446543e-01
A[4]= 7.291221e+03
A[5]= -5.993646e+03
A[6]= 1.902119e+03
A[7]= 7.445948e+00
A[8]= -4.070050e-01
A[9]= -5.103925e+03
A[10]= 8.960822e+02
A[11]= 1.169203e+02
A[12]= 5.883629e+01
A[13]= -1.609498e+00
A[14]= 1.948306e+00
A[15]= 4.771697e+03
A[16]= -3.372095e+03
A[17]= 1.117324e+03
A[18]= 9.118458e+00
A[19]= -1.699613e-01
A[20]= 1.628274e+04
A[21]= -1.053671e+04
A[22]= 1.921513e+03
A[23]= -3.970567e+01
A[24]= -6.125817e-02
chi2_min= 1.202184e+02


Cross-Covariance parameters
1.000000e+00	-1.632698e-01	-2.824611e-01	-3.907222e-01	2.542438e-01	-3.093301e-01	3.574713e-01	-1.002973e-01	-1.039538e-02	-2.711563e-03	-1.082536e-02	1.092335e-02	3.535116e-02	-4.603052e-02	-3.548078e-01	2.487510e-01	-2.586570e-01	2.623443e-01	-7.842525e-03	-1.177751e-01	-1.034103e-01	6.862087e-02	-4.142363e-02	4.197081e-02	-2.906644e-02	
-1.632698e-01	1.000000e+00	4.057095e-01	-3.838043e-01	1.419405e-01	-1.831042e-01	2.303533e-01	-3.057761e-02	-6.295305e-02	2.539428e-01	-2.605673e-01	2.569916e-01	-2.218977e-01	1.779751e-01	-5.824770e-02	1.098565e-01	-7.659048e-02	2.299399e-02	-1.897956e-02	2.579091e-02	-1.559942e-01	1.594193e-01	-1.500913e-01	1.103324e-01	-7.367289e-02	
-2.824611e-01	4.057095e-01	1.000000e+00	-1.554450e-01	-1.287262e-01	1.259027e-01	-9.421622e-02	7.861266e-02	-3.640626e-02	1.752738e-01	-1.527927e-01	1.109892e-01	-1.657938e-01	1.310740e-01	-5.324819e-02	-1.053780e-01	1.081761e-01	-9.921222e-02	1.782750e-02	4.867400e-02	7.623167e-02	-4.744551e-02	2.001705e-02	-1.065400e-01	1.224859e-01	
-3.907222e-01	-3.838043e-01	-1.554450e-01	1.000000e+00	-4.072873e-01	5.681930e-01	-7.561888e-01	1.819344e-01	5.989813e-02	-1.463215e-01	1.564910e-01	-1.590607e-01	7.947692e-02	-3.443836e-02	2.879502e-01	-2.711840e-01	2.607899e-01	-2.322062e-01	4.485188e-02	4.170374e-02	1.022120e-01	-1.006880e-01	9.784028e-02	-9.605194e-02	9.306103e-02	
2.542438e-01	1.419405e-01	-1.287262e-01	-4.072873e-01	1.000000e+00	-9.772272e-01	8.770798e-01	-8.739784e-01	6.991962e-01	1.291145e-01	-1.335378e-01	1.366005e-01	-1.086351e-01	2.021058e-01	-8.462378e-02	1.386760e-01	-1.462933e-01	1.436458e-01	-1.293571e-01	1.084130e-01	2.288765e-02	-1.487236e-02	3.253025e-03	1.284390e-02	-1.043690e-02	
-3.093301e-01	-1.831042e-01	1.259027e-01	5.681930e-01	-9.772272e-01	1.000000e+00	-9.580739e-01	8.478185e-01	-6.416581e-01	-1.132924e-01	1.205546e-01	-1.272841e-01	8.462501e-02	-1.664283e-01	1.274385e-01	-1.799781e-01	1.853443e-01	-1.774146e-01	1.275782e-01	-9.082368e-02	1.650274e-03	-5.863374e-03	1.329628e-02	-3.070945e-02	3.129797e-02	
3.574713e-01	2.303533e-01	-9.421622e-02	-7.561888e-01	8.770798e-01	-9.580739e-01	1.000000e+00	-7.483025e-01	5.196197e-01	9.837928e-02	-1.091439e-01	1.205264e-01	-6.298148e-02	1.242922e-01	-1.798019e-01	2.192903e-01	-2.225980e-01	2.096394e-01	-1.149312e-01	6.097533e-02	-3.493057e-02	3.423270e-02	-3.566368e-02	5.169148e-02	-5.517301e-02	
-1.002973e-01	-3.057761e-02	7.861266e-02	1.819344e-01	-8.739784e-01	8.478185e-01	-7.483025e-01	1.000000e+00	-9.378053e-01	-1.025384e-02	8.886455e-03	-1.444750e-02	3.174163e-02	-1.838732e-01	-4.694093e-02	-2.600207e-02	3.060374e-02	-2.803309e-02	1.060354e-01	-1.319147e-01	-7.129547e-02	7.174851e-02	-6.773285e-02	7.256234e-02	-6.799906e-02	
-1.039538e-02	-6.295305e-02	-3.640626e-02	5.989813e-02	6.991962e-01	-6.416581e-01	5.196197e-01	-9.378053e-01	1.000000e+00	-2.608521e-02	3.449884e-02	-3.379398e-02	-1.283174e-02	1.919847e-01	9.649618e-02	-7.183961e-02	6.160802e-02	-4.903255e-02	-5.846465e-02	1.133494e-01	6.883194e-02	-6.998012e-02	6.752454e-02	-8.090615e-02	7.992965e-02	
-2.711563e-03	2.539428e-01	1.752738e-01	-1.463215e-01	1.291145e-01	-1.132924e-01	9.837928e-02	-1.025384e-02	-2.608521e-02	1.000000e+00	-9.940814e-01	9.677331e-01	-9.077736e-01	8.014923e-01	4.399584e-02	-1.194486e-01	1.282697e-01	-1.362996e-01	1.394806e-01	-1.218037e-01	-1.420406e-01	1.458941e-01	-1.483492e-01	1.225585e-01	-1.110969e-01	
-1.082536e-02	-2.605673e-01	-1.527927e-01	1.564910e-01	-1.335378e-01	1.205546e-01	-1.091439e-01	8.886455e-03	3.449884e-02	-9.940814e-01	1.000000e+00	-9.889208e-01	9.403142e-01	-8.409206e-01	-3.239301e-02	1.095040e-01	-1.155879e-01	1.211461e-01	-1.309624e-01	1.146788e-01	1.487152e-01	-1.534844e-01	1.567108e-01	-1.367775e-01	1.262841e-01	
1.092335e-02	2.569916e-01	1.109892e-01	-1.590607e-01	1.366005e-01	-1.272841e-01	1.205264e-01	-1.444750e-02	-3.379398e-02	9.677331e-01	-9.889208e-01	1.000000e+00	-9.712574e-01	8.886813e-01	2.774111e-02	-1.026936e-01	1.043191e-01	-1.058792e-01	1.182494e-01	-1.011199e-01	-1.546863e-01	1.600551e-01	-1.634831e-01	1.517637e-01	-1.431075e-01	
3.535116e-02	-2.218977e-01	-1.657938e-01	7.947692e-02	-1.086351e-01	8.462501e-02	-6.298148e-02	3.174163e-02	-1.283174e-02	-9.077736e-01	9.403142e-01	-9.712574e-01	1.000000e+00	-9.610936e-01	-3.958890e-02	1.300049e-01	-1.243145e-01	1.162385e-01	-1.006855e-01	6.248512e-02	1.220268e-01	-1.309008e-01	1.382095e-01	-1.229111e-01	1.160695e-01	
-4.603052e-02	1.779751e-01	1.310740e-01	-3.443836e-02	2.021058e-01	-1.664283e-01	1.242922e-01	-1.838732e-01	1.919847e-01	8.014923e-01	-8.409206e-01	8.886813e-01	-9.610936e-01	1.000000e+00	2.548026e-02	-1.224650e-01	1.015980e-01	-7.823916e-02	4.885507e-02	5.539459e-04	-1.037430e-01	1.128011e-01	-1.197120e-01	1.090221e-01	-1.032053e-01	
-3.548078e-01	-5.824770e-02	-5.324819e-02	2.879502e-01	-8.462378e-02	1.274385e-01	-1.798019e-01	-4.694093e-02	9.649618e-02	4.399584e-02	-3.239301e-02	2.774111e-02	-3.958890e-02	2.548026e-02	1.000000e+00	-3.608105e-01	5.123425e-01	-6.937919e-01	1.377716e-01	5.325907e-02	1.112323e-01	-1.056534e-01	8.809166e-02	-1.422865e-01	1.165800e-01	
2.487510e-01	1.098565e-01	-1.053780e-01	-2.711840e-01	1.386760e-01	-1.799781e-01	2.192903e-01	-2.600207e-02	-7.183961e-02	-1.194486e-01	1.095040e-01	-1.026936e-01	1.300049e-01	-1.224650e-01	-3.608105e-01	1.000000e+00	-9.732227e-01	8.596589e-01	-7.948183e-01	6.186034e-01	1.084000e-01	-1.134414e-01	1.282421e-01	-1.162296e-01	1.897846e-01	
-2.586570e-01	-7.659048e-02	1.081761e-01	2.607899e-01	-1.462933e-01	1.853443e-01	-2.225980e-01	3.060374e-02	6.160802e-02	1.282697e-01	-1.155879e-01	1.043191e-01	-1.243145e-01	1.015980e-01	5.123425e-01	-9.732227e-01	1.000000e+00	-9.528803e-01	8.243008e-01	-6.378827e-01	-6.021816e-02	6.724416e-02	-8.827173e-02	6.807180e-02	-1.482603e-01	
2.623443e-01	2.299399e-02	-9.921222e-02	-2.322062e-01	1.436458e-01	-1.774146e-01	2.096394e-01	-2.803309e-02	-4.903255e-02	-1.362996e-01	1.211461e-01	-1.058792e-01	1.162385e-01	-7.823916e-02	-6.937919e-01	8.596589e-01	-9.528803e-01	1.000000e+00	-7.782547e-01	5.921783e-01	-5.265824e-03	-3.927065e-03	3.104763e-02	4.066673e-04	8.096610e-02	
-7.842525e-03	-1.897956e-02	1.782750e-02	4.485188e-02	-1.293571e-01	1.275782e-01	-1.149312e-01	1.060354e-01	-5.846465e-02	1.394806e-01	-1.309624e-01	1.182494e-01	-1.006855e-01	4.885507e-02	1.377716e-01	-7.948183e-01	8.243008e-01	-7.782547e-01	1.000000e+00	-9.527548e-01	-7.764618e-02	8.147521e-02	-1.019100e-01	1.309593e-01	-2.370869e-01	
-1.177751e-01	2.579091e-02	4.867400e-02	4.170374e-02	1.084130e-01	-9.082368e-02	6.097533e-02	-1.319147e-01	1.133494e-01	-1.218037e-01	1.146788e-01	-1.011199e-01	6.248512e-02	5.539459e-04	5.325907e-02	6.186034e-01	-6.378827e-01	5.921783e-01	-9.527548e-01	1.000000e+00	7.524970e-02	-7.694097e-02	9.372274e-02	-1.453653e-01	2.542103e-01	
-1.034103e-01	-1.559942e-01	7.623167e-02	1.022120e-01	2.288765e-02	1.650274e-03	-3.493057e-02	-7.129547e-02	6.883194e-02	-1.420406e-01	1.487152e-01	-1.546863e-01	1.220268e-01	-1.037430e-01	1.112323e-01	1.084000e-01	-6.021816e-02	-5.265824e-03	-7.764618e-02	7.524970e-02	1.000000e+00	-9.931659e-01	9.670250e-01	-9.184945e-01	8.468123e-01	
6.862087e-02	1.594193e-01	-4.744551e-02	-1.006880e-01	-1.487236e-02	-5.863374e-03	3.423270e-02	7.174851e-02	-6.998012e-02	1.458941e-01	-1.534844e-01	1.600551e-01	-1.309008e-01	1.128011e-01	-1.056534e-01	-1.134414e-01	6.724416e-02	-3.927065e-03	8.147521e-02	-7.694097e-02	-9.931659e-01	1.000000e+00	-9.895989e-01	9.506995e-01	-8.846201e-01	
-4.142363e-02	-1.500913e-01	2.001705e-02	9.784028e-02	3.253025e-03	1.329628e-02	-3.566368e-02	-6.773285e-02	6.752454e-02	-1.483492e-01	1.567108e-01	-1.634831e-01	1.382095e-01	-1.197120e-01	8.809166e-02	1.282421e-01	-8.827173e-02	3.104763e-02	-1.019100e-01	9.372274e-02	9.670250e-01	-9.895989e-01	1.000000e+00	-9.763271e-01	9.232712e-01	
4.197081e-02	1.103324e-01	-1.065400e-01	-9.605194e-02	1.284390e-02	-3.070945e-02	5.169148e-02	7.256234e-02	-8.090615e-02	1.225585e-01	-1.367775e-01	1.517637e-01	-1.229111e-01	1.090221e-01	-1.422865e-01	-1.162296e-01	6.807180e-02	4.066673e-04	1.309593e-01	-1.453653e-01	-9.184945e-01	9.506995e-01	-9.763271e-01	1.000000e+00	-9.768224e-01	
-2.906644e-02	-7.367289e-02	1.224859e-01	9.306103e-02	-1.043690e-02	3.129797e-02	-5.517301e-02	-6.799906e-02	7.992965e-02	-1.110969e-01	1.262841e-01	-1.431075e-01	1.160695e-01	-1.032053e-01	1.165800e-01	1.897846e-01	-1.482603e-01	8.096610e-02	-2.370869e-01	2.542103e-01	8.468123e-01	-8.846201e-01	9.232712e-01	-9.768224e-01	1.000000e+00	

Time taken for mcmc chain: 8.833333 minutes
