Number of steps: 14690696
Number of accepted steps: 1000000
Burn-in number of steps: 320000
Accepted fraction of steps: 0.068070
Convergence Status
R[0]= 1.009327	R[1]= 1.012141	R[2]= 1.115601	R[3]= 1.023026	R[4]= 1.038739	R[5]= 1.046104	R[6]= 1.049119	R[7]= 1.011165	R[8]= 1.005856	R[9]= 1.024550	R[10]= 1.047041	R[11]= 1.091054	R[12]= 1.001255	R[13]= 1.004464	R[14]= 1.041989	R[15]= 1.010938	R[16]= 1.015463	R[17]= 1.018538	R[18]= 1.001571	R[19]= 1.003025	R[20]= 1.007152	R[21]= 1.018033	R[22]= 1.043571	R[23]= 1.000692	R[24]= 1.003254	
<R>= 1.025747

Mean parameters
A[0]= 7.711648e-01 pm 3.733373e-02
A[1]= 8.902521e-01 pm 2.693730e-02
A[2]= 7.005467e-01 pm 2.368745e-01
A[3]= 3.387025e+00 pm 9.897762e-01
A[4]= -2.833507e+03 pm 3.919686e+03
A[5]= 2.022905e+03 pm 2.790396e+03
A[6]= -3.747795e+02 pm 7.493011e+02
A[7]= 3.323069e+01 pm 1.507421e+01
A[8]= -3.551233e-01 pm 1.787517e-01
A[9]= -5.485622e+03 pm 8.041738e+03
A[10]= 3.143665e+03 pm 4.727487e+03
A[11]= -9.320499e+02 pm 9.894430e+02
A[12]= 3.331931e+01 pm 4.814133e+01
A[13]= -6.865308e-01 pm 9.073349e-01
A[14]= 5.616304e+00 pm 1.438861e+00
A[15]= -8.210935e+03 pm 5.428484e+03
A[16]= 7.320564e+03 pm 3.841841e+03
A[17]= -2.018421e+03 pm 1.028096e+03
A[18]= 3.457881e+01 pm 2.130535e+01
A[19]= -1.882134e-03 pm 2.575414e-01
A[20]= 3.447593e+03 pm 1.110301e+04
A[21]= -7.989656e+02 pm 6.567982e+03
A[22]= -6.646082e+02 pm 1.393554e+03
A[23]= -3.741347e+01 pm 6.776809e+01
A[24]= 7.556627e-01 pm 1.286682e+00

Best-fitting parameters
A[0]= 7.758806e-01
A[1]= 8.733373e-01
A[2]= 6.965246e-01
A[3]= 3.342487e+00
A[4]= -1.968083e+02
A[5]= 4.405712e+02
A[6]= -4.627842e+01
A[7]= 1.429694e+01
A[8]= -1.266593e-01
A[9]= -4.086819e+03
A[10]= 2.514518e+03
A[11]= -8.655698e+02
A[12]= 2.616598e+01
A[13]= -4.108462e-01
A[14]= 6.241822e+00
A[15]= -8.590710e+03
A[16]= 8.074715e+03
A[17]= -2.320972e+03
A[18]= 2.935752e+01
A[19]= 1.102991e-01
A[20]= -2.243414e+03
A[21]= 3.250891e+03
A[22]= -1.672085e+03
A[23]= 9.824401e+00
A[24]= -7.388671e-02
chi2_min= 9.278772e+01


Cross-Covariance parameters
1.000000e+00	-5.373881e-01	-1.064463e-01	1.075615e-01	-2.953321e-03	2.226217e-02	-5.002618e-02	8.800456e-02	-3.622059e-02	-1.849120e-02	6.144609e-02	-1.546505e-01	1.357636e-01	-7.292105e-02	5.302484e-04	1.018261e-01	-9.395080e-02	6.810279e-02	4.751015e-02	-6.042235e-02	3.735735e-02	1.168100e-02	-1.249121e-01	1.476704e-01	-8.638247e-02	
-5.373881e-01	1.000000e+00	7.426854e-03	-6.632581e-02	-4.021124e-02	4.224577e-02	-4.867795e-02	1.123276e-01	-1.141479e-01	4.733797e-02	-8.440527e-02	1.572904e-01	-1.220737e-01	3.984574e-02	-1.271445e-01	8.973491e-03	-8.911718e-03	3.980779e-03	1.148467e-01	-1.495019e-01	4.144828e-02	-9.304514e-02	1.932965e-01	-1.139196e-01	2.696861e-02	
-1.064463e-01	7.426854e-03	1.000000e+00	-4.312343e-01	-2.544155e-02	3.092497e-02	-2.827246e-02	-6.192868e-02	9.438249e-02	-2.466772e-01	3.474025e-01	-4.849778e-01	2.382003e-02	1.222608e-01	-4.588964e-01	-4.315463e-02	4.348467e-02	-3.525884e-02	-4.001567e-02	5.831619e-02	-2.443304e-01	3.527440e-01	-5.007518e-01	-4.109028e-03	1.442462e-01	
1.075615e-01	-6.632581e-02	-4.312343e-01	1.000000e+00	-7.050276e-01	7.860706e-01	-8.365487e-01	4.759683e-01	4.004684e-02	-6.073314e-02	8.898006e-02	-1.177139e-01	-4.404178e-02	9.086478e-02	2.624014e-01	-2.907857e-02	3.422671e-02	-4.203793e-02	4.072220e-02	-1.224188e-02	1.158330e-01	-1.554785e-01	2.054066e-01	-1.895999e-02	-3.037562e-02	
-2.953321e-03	-4.021124e-02	-2.544155e-02	-7.050276e-01	1.000000e+00	-9.798569e-01	9.279149e-01	-8.216832e-01	3.362698e-01	1.250379e-01	-1.964009e-01	2.855519e-01	6.173164e-02	-1.007472e-01	-3.961280e-02	5.493417e-02	-5.937226e-02	6.275444e-02	-3.660248e-02	-2.524949e-04	-2.844394e-03	-1.989016e-03	9.412309e-03	3.067611e-02	-3.791492e-02	
2.226217e-02	4.224577e-02	3.092497e-02	7.860706e-01	-9.798569e-01	1.000000e+00	-9.832032e-01	7.851709e-01	-2.503661e-01	-1.463267e-01	2.263010e-01	-3.267877e-01	-6.433883e-02	1.269046e-01	3.950877e-02	-5.864378e-02	6.407278e-02	-6.878055e-02	4.392820e-02	-3.460269e-03	2.661923e-03	4.684996e-03	-1.633771e-02	-3.027334e-02	3.975129e-02	
-5.002618e-02	-4.867795e-02	-2.827246e-02	-8.365487e-01	9.279149e-01	-9.832032e-01	1.000000e+00	-7.244264e-01	1.643031e-01	1.660811e-01	-2.505907e-01	3.569835e-01	5.617483e-02	-1.371473e-01	-3.850187e-02	5.812780e-02	-6.440679e-02	7.076037e-02	-5.257605e-02	1.093785e-02	-4.964569e-03	-4.009984e-03	1.897230e-02	2.797204e-02	-3.831220e-02	
8.800456e-02	1.123276e-01	-6.192868e-02	4.759683e-01	-8.216832e-01	7.851709e-01	-7.244264e-01	1.000000e+00	-7.799926e-01	1.436129e-02	3.340789e-02	-1.036282e-01	-6.228725e-02	-2.943596e-02	3.346333e-02	-1.922756e-02	2.221119e-02	-2.906326e-02	6.163670e-02	-4.698975e-02	3.064588e-02	-3.466621e-02	3.709505e-02	-1.135652e-02	1.246135e-03	
-3.622059e-02	-1.141479e-01	9.438249e-02	4.004684e-02	3.362698e-01	-2.503661e-01	1.643031e-01	-7.799926e-01	1.000000e+00	-1.602247e-01	1.648620e-01	-1.562566e-01	4.589208e-02	1.712716e-01	-1.844880e-02	-8.685811e-03	1.045005e-02	-8.470007e-03	-3.993791e-02	4.989773e-02	-3.177557e-02	4.454160e-02	-6.210632e-02	-2.648461e-03	2.500821e-02	
-1.849120e-02	4.733797e-02	-2.466772e-01	-6.073314e-02	1.250379e-01	-1.463267e-01	1.660811e-01	1.436129e-02	-1.602247e-01	1.000000e+00	-9.822160e-01	8.967413e-01	-8.546754e-01	6.862701e-01	1.002818e-01	2.788176e-02	-2.709463e-02	2.427199e-02	-7.435735e-04	-1.447127e-02	5.848299e-02	-9.159600e-02	1.392389e-01	-5.815663e-04	-4.074720e-02	
6.144609e-02	-8.440527e-02	3.474025e-01	8.898006e-02	-1.964009e-01	2.263010e-01	-2.505907e-01	3.340789e-02	1.648620e-01	-9.822160e-01	1.000000e+00	-9.624613e-01	8.392489e-01	-6.529024e-01	-1.411697e-01	-3.415435e-02	3.463721e-02	-3.276457e-02	3.995866e-04	2.134321e-02	-8.648980e-02	1.347908e-01	-2.056038e-01	8.912356e-03	5.271782e-02	
-1.546505e-01	1.572904e-01	-4.849778e-01	-1.177139e-01	2.855519e-01	-3.267877e-01	3.569835e-01	-1.036282e-01	-1.562566e-01	8.967413e-01	-9.624613e-01	1.000000e+00	-7.525632e-01	5.482203e-01	1.991905e-01	3.872055e-02	-4.094731e-02	4.093768e-02	-5.802758e-04	-2.894761e-02	1.233432e-01	-1.944543e-01	3.015320e-01	-2.491868e-02	-6.703424e-02	
1.357636e-01	-1.220737e-01	2.382003e-02	-4.404178e-02	6.173164e-02	-6.433883e-02	5.617483e-02	-6.228725e-02	4.589208e-02	-8.546754e-01	8.392489e-01	-7.525632e-01	1.000000e+00	-9.398903e-01	-1.456496e-02	1.097075e-02	-1.199824e-02	1.117460e-02	-2.217558e-03	-1.450145e-03	-1.003854e-02	2.301540e-02	-4.741178e-02	3.103301e-02	-1.517656e-02	
-7.292105e-02	3.984574e-02	1.222608e-01	9.086478e-02	-1.007472e-01	1.269046e-01	-1.371473e-01	-2.943596e-02	1.712716e-01	6.862701e-01	-6.529024e-01	5.482203e-01	-9.398903e-01	1.000000e+00	-4.328323e-02	-1.909591e-02	2.109351e-02	-2.039013e-02	-6.058283e-03	1.910597e-02	-2.908845e-02	3.886531e-02	-4.954735e-02	-1.994717e-02	3.538238e-02	
5.302484e-04	-1.271445e-01	-4.588964e-01	2.624014e-01	-3.961280e-02	3.950877e-02	-3.850187e-02	3.346333e-02	-1.844880e-02	1.002818e-01	-1.411697e-01	1.991905e-01	-1.456496e-02	-4.328323e-02	1.000000e+00	-6.591952e-01	7.501911e-01	-8.095824e-01	3.562513e-01	1.319538e-01	-5.631292e-02	7.099489e-02	-7.284844e-02	-4.705674e-02	8.232709e-02	
1.018261e-01	8.973491e-03	-4.315463e-02	-2.907857e-02	5.493417e-02	-5.864378e-02	5.812780e-02	-1.922756e-02	-8.685811e-03	2.788176e-02	-3.415435e-02	3.872055e-02	1.097075e-02	-1.909591e-02	-6.591952e-01	1.000000e+00	-9.779198e-01	9.192932e-01	-7.776520e-01	3.136599e-01	1.889681e-01	-2.499731e-01	3.116984e-01	2.028967e-02	-8.239439e-02	
-9.395080e-02	-8.911718e-03	4.348467e-02	3.422671e-02	-5.937226e-02	6.407278e-02	-6.440679e-02	2.221119e-02	1.045005e-02	-2.709463e-02	3.463721e-02	-4.094731e-02	-1.199824e-02	2.109351e-02	7.501911e-01	-9.779198e-01	1.000000e+00	-9.807012e-01	7.277702e-01	-2.133786e-01	-2.014813e-01	2.720476e-01	-3.456429e-01	-3.398773e-02	1.136500e-01	
6.810279e-02	3.980779e-03	-3.525884e-02	-4.203793e-02	6.275444e-02	-6.878055e-02	7.076037e-02	-2.906326e-02	-8.470007e-03	2.427199e-02	-3.276457e-02	4.093768e-02	1.117460e-02	-2.039013e-02	-8.095824e-01	9.192932e-01	-9.807012e-01	1.000000e+00	-6.524555e-01	1.110282e-01	2.044302e-01	-2.812303e-01	3.637128e-01	4.254538e-02	-1.351365e-01	
4.751015e-02	1.148467e-01	-4.001567e-02	4.072220e-02	-3.660248e-02	4.392820e-02	-5.257605e-02	6.163670e-02	-3.993791e-02	-7.435735e-04	3.995866e-04	-5.802758e-04	-2.217558e-03	-6.058283e-03	3.562513e-01	-7.776520e-01	7.277702e-01	-6.524555e-01	1.000000e+00	-8.100615e-01	-7.962003e-02	1.132963e-01	-1.504376e-01	4.524421e-02	-7.708730e-02	
-6.042235e-02	-1.495019e-01	5.831619e-02	-1.224188e-02	-2.524949e-04	-3.460269e-03	1.093785e-02	-4.698975e-02	4.989773e-02	-1.447127e-02	2.134321e-02	-2.894761e-02	-1.450145e-03	1.910597e-02	1.319538e-01	3.136599e-01	-2.133786e-01	1.110282e-01	-8.100615e-01	1.000000e+00	-4.323548e-02	5.534235e-02	-6.806105e-02	-8.685691e-02	2.076212e-01	
3.735735e-02	4.144828e-02	-2.443304e-01	1.158330e-01	-2.844394e-03	2.661923e-03	-4.964569e-03	3.064588e-02	-3.177557e-02	5.848299e-02	-8.648980e-02	1.233432e-01	-1.003854e-02	-2.908845e-02	-5.631292e-02	1.889681e-01	-2.014813e-01	2.044302e-01	-7.962003e-02	-4.323548e-02	1.000000e+00	-9.808191e-01	8.857595e-01	-8.406650e-01	7.012035e-01	
1.168100e-02	-9.304514e-02	3.527440e-01	-1.554785e-01	-1.989016e-03	4.684996e-03	-4.009984e-03	-3.466621e-02	4.454160e-02	-9.159600e-02	1.347908e-01	-1.944543e-01	2.301540e-02	3.886531e-02	7.099489e-02	-2.499731e-01	2.720476e-01	-2.812303e-01	1.132963e-01	5.534235e-02	-9.808191e-01	1.000000e+00	-9.576669e-01	8.221707e-01	-6.611151e-01	
-1.249121e-01	1.932965e-01	-5.007518e-01	2.054066e-01	9.412309e-03	-1.633771e-02	1.897230e-02	3.709505e-02	-6.210632e-02	1.392389e-01	-2.056038e-01	3.015320e-01	-4.741178e-02	-4.954735e-02	-7.284844e-02	3.116984e-01	-3.456429e-01	3.637128e-01	-1.504376e-01	-6.806105e-02	8.857595e-01	-9.576669e-01	1.000000e+00	-7.293937e-01	5.435824e-01	
1.476704e-01	-1.139196e-01	-4.109028e-03	-1.895999e-02	3.067611e-02	-3.027334e-02	2.797204e-02	-1.135652e-02	-2.648461e-03	-5.815663e-04	8.912356e-03	-2.491868e-02	3.103301e-02	-1.994717e-02	-4.705674e-02	2.028967e-02	-3.398773e-02	4.254538e-02	4.524421e-02	-8.685691e-02	-8.406650e-01	8.221707e-01	-7.293937e-01	1.000000e+00	-9.569230e-01	
-8.638247e-02	2.696861e-02	1.442462e-01	-3.037562e-02	-3.791492e-02	3.975129e-02	-3.831220e-02	1.246135e-03	2.500821e-02	-4.074720e-02	5.271782e-02	-6.703424e-02	-1.517656e-02	3.538238e-02	8.232709e-02	-8.239439e-02	1.136500e-01	-1.351365e-01	-7.708730e-02	2.076212e-01	7.012035e-01	-6.611151e-01	5.435824e-01	-9.569230e-01	1.000000e+00	

Time taken for mcmc chain: 1.748889 hours
