Number of steps: 12535549
Number of accepted steps: 1000000
Burn-in number of steps: 320000
Accepted fraction of steps: 0.079773
Convergence Status
R[0]= 1.001947	R[1]= 1.004167	R[2]= 1.008869	R[3]= 1.004421	R[4]= 1.001311	R[5]= 1.001369	R[6]= 1.001439	R[7]= 1.000280	R[8]= 1.000612	R[9]= 1.000723	R[10]= 1.000657	R[11]= 1.000588	R[12]= 1.001040	R[13]= 1.001131	R[14]= 1.003153	R[15]= 1.001522	R[16]= 1.001625	R[17]= 1.001663	R[18]= 1.000229	R[19]= 1.000217	R[20]= 1.002951	R[21]= 1.003741	R[22]= 1.004610	R[23]= 1.000198	R[24]= 1.000531	
<R>= 1.001960

Mean parameters
A[0]= 9.409064e-01 pm 3.310810e-02
A[1]= 1.052431e+00 pm 2.713777e-02
A[2]= 5.950326e-01 pm 4.211528e-01
A[3]= 3.851675e+00 pm 1.200110e+00
A[4]= -4.368097e+03 pm 3.777708e+03
A[5]= 2.241026e+03 pm 2.483101e+03
A[6]= -7.224350e+01 pm 5.831614e+02
A[7]= 1.083303e+01 pm 1.309295e+01
A[8]= -1.556866e-01 pm 1.790403e-01
A[9]= -1.829295e+03 pm 8.497170e+03
A[10]= 3.223056e+02 pm 5.105594e+03
A[11]= -1.414676e+02 pm 1.074564e+03
A[12]= -4.751077e+00 pm 4.867207e+01
A[13]= 5.075081e-02 pm 9.377920e-01
A[14]= 5.335958e+00 pm 1.645195e+00
A[15]= -6.013193e+03 pm 5.210199e+03
A[16]= 4.672384e+03 pm 3.419336e+03
A[17]= -8.622564e+02 pm 8.039670e+02
A[18]= -2.042401e+00 pm 1.945749e+01
A[19]= 2.049170e-01 pm 2.637137e-01
A[20]= 7.160665e+03 pm 1.173100e+04
A[21]= -3.885781e+03 pm 7.128782e+03
A[22]= 2.992616e+02 pm 1.519579e+03
A[23]= -4.803710e+01 pm 6.742745e+01
A[24]= 6.413931e-01 pm 1.316900e+00

Best-fitting parameters
A[0]= 9.155258e-01
A[1]= 1.056695e+00
A[2]= 7.799321e-01
A[3]= 3.633982e+00
A[4]= -6.807502e+03
A[5]= 3.727192e+03
A[6]= -3.851631e+02
A[7]= 1.413691e+01
A[8]= -1.789153e-01
A[9]= -7.007008e+03
A[10]= 3.712273e+03
A[11]= -8.940458e+02
A[12]= 5.210968e+00
A[13]= -9.777982e-02
A[14]= 5.195626e+00
A[15]= -8.302753e+03
A[16]= 6.513368e+03
A[17]= -1.356102e+03
A[18]= 4.874050e+00
A[19]= 1.494516e-01
A[20]= 9.809771e+03
A[21]= -3.922241e+03
A[22]= -3.708175e+01
A[23]= -7.484635e+01
A[24]= 1.198652e+00
chi2_min= 1.004673e+02


Cross-Covariance parameters
1.000000e+00	-5.109700e-01	-2.003160e-01	1.269853e-01	1.810237e-03	-1.620518e-03	-7.537809e-03	8.184921e-02	-6.237575e-02	-7.863862e-03	1.192092e-02	-3.264771e-02	1.500094e-01	-1.285567e-01	7.813472e-02	7.386887e-02	-7.790972e-02	7.232058e-02	6.734876e-02	-8.154757e-02	2.262253e-02	-1.883363e-02	-3.684482e-03	1.624153e-01	-1.506945e-01	
-5.109700e-01	1.000000e+00	2.100017e-01	-2.083484e-01	9.002167e-03	-2.763700e-03	-9.618490e-03	1.099051e-01	-1.214603e-01	1.463792e-02	-1.711938e-02	2.688541e-02	-1.195157e-01	7.249663e-02	-2.235409e-01	-1.701782e-02	2.033321e-02	-2.910075e-02	1.223073e-01	-1.168093e-01	-3.117554e-02	3.129350e-02	-1.860025e-02	-9.078280e-02	6.495976e-02	
-2.003160e-01	2.100017e-01	1.000000e+00	-7.066360e-01	2.864784e-03	-2.202309e-03	9.921495e-03	-4.045464e-02	1.436742e-02	-3.943358e-01	5.067919e-01	-6.378440e-01	-1.052513e-01	2.481507e-01	-6.653331e-01	-8.490505e-02	9.621619e-02	-9.747044e-02	-5.763282e-02	8.470890e-02	-4.285048e-01	5.434836e-01	-6.749385e-01	-1.421274e-01	2.971755e-01	
1.269853e-01	-2.083484e-01	-7.066360e-01	1.000000e+00	-5.307426e-01	5.837452e-01	-6.251339e-01	1.732040e-01	1.192012e-01	2.182518e-01	-2.782562e-01	3.530393e-01	2.214047e-02	-8.104450e-02	5.105550e-01	3.962411e-02	-4.691682e-02	4.864221e-02	3.418077e-02	-4.624589e-02	3.054180e-01	-3.887176e-01	4.840295e-01	9.720333e-02	-2.068126e-01	
1.810237e-03	9.002167e-03	2.864784e-03	-5.307426e-01	1.000000e+00	-9.852856e-01	9.439976e-01	-6.585764e-01	2.594016e-01	4.925071e-02	-8.904661e-02	1.337381e-01	1.065787e-01	-1.023907e-01	-2.329707e-03	2.464545e-02	-2.289389e-02	2.006002e-02	-1.752928e-02	1.025208e-02	2.885430e-03	-4.020106e-03	5.893094e-03	5.840210e-03	-5.730260e-03	
-1.620518e-03	-2.763700e-03	-2.202309e-03	5.837452e-01	-9.852856e-01	1.000000e+00	-9.860084e-01	6.080792e-01	-1.926561e-01	-5.949655e-02	1.024086e-01	-1.505736e-01	-1.150125e-01	1.230187e-01	1.273179e-03	-2.659433e-02	2.505987e-02	-2.253888e-02	2.053532e-02	-1.257724e-02	-3.381593e-03	4.811679e-03	-7.021781e-03	-6.859344e-03	6.729992e-03	
-7.537809e-03	-9.618490e-03	9.921495e-03	-6.251339e-01	9.439976e-01	-9.860084e-01	1.000000e+00	-5.456824e-01	1.295091e-01	7.090381e-02	-1.143736e-01	1.628671e-01	1.102832e-01	-1.269949e-01	-3.711667e-03	2.574370e-02	-2.437145e-02	2.247271e-02	-2.617988e-02	1.826595e-02	8.172631e-05	-7.742390e-04	2.214462e-03	5.194581e-03	-3.451149e-03	
8.184921e-02	1.099051e-01	-4.045464e-02	1.732040e-01	-6.585764e-01	6.080792e-01	-5.456824e-01	1.000000e+00	-8.777827e-01	1.061547e-01	-8.709115e-02	5.402381e-02	-6.789067e-02	-8.490293e-02	-1.623811e-03	1.747563e-03	-3.648035e-03	2.467722e-03	5.259539e-02	-5.139022e-02	1.934923e-02	-2.330287e-02	2.687655e-02	1.290913e-02	-2.433159e-02	
-6.237575e-02	-1.214603e-01	1.436742e-02	1.192012e-01	2.594016e-01	-1.926561e-01	1.295091e-01	-8.777827e-01	1.000000e+00	-1.516653e-01	1.483906e-01	-1.297557e-01	3.015947e-02	1.723801e-01	1.674961e-02	-9.977488e-03	1.108240e-02	-9.022705e-03	-4.212055e-02	4.377978e-02	-1.198603e-02	1.469026e-02	-1.724030e-02	-8.363940e-03	1.670970e-02	
-7.863862e-03	1.463792e-02	-3.943358e-01	2.182518e-01	4.925071e-02	-5.949655e-02	7.090381e-02	1.061547e-01	-1.516653e-01	1.000000e+00	-9.836240e-01	9.174803e-01	-7.597487e-01	5.711255e-01	2.697710e-01	3.519645e-02	-3.879503e-02	3.804281e-02	2.390788e-02	-3.462598e-02	1.891017e-01	-2.386031e-01	2.969485e-01	3.758212e-02	-1.082521e-01	
1.192092e-02	-1.711938e-02	5.067919e-01	-2.782562e-01	-8.904661e-02	1.024086e-01	-1.143736e-01	-8.709115e-02	1.483906e-01	-9.836240e-01	1.000000e+00	-9.733667e-01	7.075883e-01	-5.101980e-01	-3.475246e-01	-4.666704e-02	5.125673e-02	-5.018954e-02	-2.908481e-02	4.354648e-02	-2.396228e-01	3.037921e-01	-3.797092e-01	-5.236243e-02	1.425483e-01	
-3.264771e-02	2.688541e-02	-6.378440e-01	3.530393e-01	1.337381e-01	-1.505736e-01	1.628671e-01	5.402381e-02	-1.297557e-01	9.174803e-01	-9.733667e-01	1.000000e+00	-5.948358e-01	3.954603e-01	4.400376e-01	5.830973e-02	-6.402544e-02	6.275215e-02	3.457489e-02	-5.304556e-02	2.993983e-01	-3.812025e-01	4.785505e-01	6.758849e-02	-1.811956e-01	
1.500094e-01	-1.195157e-01	-1.052513e-01	2.214047e-02	1.065787e-01	-1.150125e-01	1.102832e-01	-6.789067e-02	3.015947e-02	-7.597487e-01	7.075883e-01	-5.948358e-01	1.000000e+00	-9.474408e-01	7.654096e-02	1.039473e-02	-1.169655e-02	1.184323e-02	7.906207e-03	-9.475623e-03	3.059433e-02	-4.012773e-02	4.869065e-02	3.947777e-02	-4.799678e-02	
-1.285567e-01	7.249663e-02	2.481507e-01	-8.104450e-02	-1.023907e-01	1.230187e-01	-1.269949e-01	-8.490293e-02	1.723801e-01	5.711255e-01	-5.101980e-01	3.954603e-01	-9.474408e-01	1.000000e+00	-1.714093e-01	-2.377966e-02	2.626057e-02	-2.564310e-02	-2.228823e-02	2.799029e-02	-1.009923e-01	1.299093e-01	-1.618578e-01	-5.143938e-02	8.813755e-02	
7.813472e-02	-2.235409e-01	-6.653331e-01	5.105550e-01	-2.329707e-03	1.273179e-03	-3.711667e-03	-1.623811e-03	1.674961e-02	2.697710e-01	-3.475246e-01	4.400376e-01	7.654096e-02	-1.714093e-01	1.000000e+00	-4.775475e-01	5.361139e-01	-5.819658e-01	9.660146e-02	1.467255e-01	2.005453e-01	-2.609257e-01	3.373490e-01	4.102790e-02	-1.027844e-01	
7.386887e-02	-1.701782e-02	-8.490505e-02	3.962411e-02	2.464545e-02	-2.659433e-02	2.574370e-02	1.747563e-03	-9.977488e-03	3.519645e-02	-4.666704e-02	5.830973e-02	1.039473e-02	-2.377966e-02	-4.775475e-01	1.000000e+00	-9.833594e-01	9.361126e-01	-6.061661e-01	2.449440e-01	1.680500e-01	-2.002812e-01	2.284968e-01	4.581940e-02	-7.817382e-02	
-7.790972e-02	2.033321e-02	9.621619e-02	-4.691682e-02	-2.289389e-02	2.505987e-02	-2.437145e-02	-3.648035e-03	1.108240e-02	-3.879503e-02	5.125673e-02	-6.402544e-02	-1.169655e-02	2.626057e-02	5.361139e-01	-9.833594e-01	1.000000e+00	-9.839385e-01	5.395374e-01	-1.622350e-01	-1.793812e-01	2.169901e-01	-2.507403e-01	-6.133445e-02	1.039483e-01	
7.232058e-02	-2.910075e-02	-9.747044e-02	4.864221e-02	2.006002e-02	-2.253888e-02	2.247271e-02	2.467722e-03	-9.022705e-03	3.804281e-02	-5.018954e-02	6.275215e-02	1.184323e-02	-2.564310e-02	-5.819658e-01	9.361126e-01	-9.839385e-01	1.000000e+00	-4.593541e-01	8.069384e-02	1.827358e-01	-2.238365e-01	2.613924e-01	7.072759e-02	-1.198664e-01	
6.734876e-02	1.223073e-01	-5.763282e-02	3.418077e-02	-1.752928e-02	2.053532e-02	-2.617988e-02	5.259539e-02	-4.212055e-02	2.390788e-02	-2.908481e-02	3.457489e-02	7.906207e-03	-2.228823e-02	9.660146e-02	-6.061661e-01	5.395374e-01	-4.593541e-01	1.000000e+00	-9.045333e-01	5.296457e-04	1.489017e-03	-4.523568e-03	7.471889e-02	-1.590492e-01	
-8.154757e-02	-1.168093e-01	8.470890e-02	-4.624589e-02	1.025208e-02	-1.257724e-02	1.826595e-02	-5.139022e-02	4.377978e-02	-3.462598e-02	4.354648e-02	-5.304556e-02	-9.475623e-03	2.799029e-02	1.467255e-01	2.449440e-01	-1.622350e-01	8.069384e-02	-9.045333e-01	1.000000e+00	-7.620183e-02	8.757335e-02	-9.481984e-02	-1.072275e-01	2.303242e-01	
2.262253e-02	-3.117554e-02	-4.285048e-01	3.054180e-01	2.885430e-03	-3.381593e-03	8.172631e-05	1.934923e-02	-1.198603e-02	1.891017e-01	-2.396228e-01	2.993983e-01	3.059433e-02	-1.009923e-01	2.005453e-01	1.680500e-01	-1.793812e-01	1.827358e-01	5.296457e-04	-7.620183e-02	1.000000e+00	-9.837545e-01	9.189198e-01	-7.175529e-01	5.397620e-01	
-1.883363e-02	3.129350e-02	5.434836e-01	-3.887176e-01	-4.020106e-03	4.811679e-03	-7.742390e-04	-2.330287e-02	1.469026e-02	-2.386031e-01	3.037921e-01	-3.812025e-01	-4.012773e-02	1.299093e-01	-2.609257e-01	-2.002812e-01	2.169901e-01	-2.238365e-01	1.489017e-03	8.757335e-02	-9.837545e-01	1.000000e+00	-9.740331e-01	6.585197e-01	-4.699994e-01	
-3.684482e-03	-1.860025e-02	-6.749385e-01	4.840295e-01	5.893094e-03	-7.021781e-03	2.214462e-03	2.687655e-02	-1.724030e-02	2.969485e-01	-3.797092e-01	4.785505e-01	4.869065e-02	-1.618578e-01	3.373490e-01	2.284968e-01	-2.507403e-01	2.613924e-01	-4.523568e-03	-9.481984e-02	9.189198e-01	-9.740331e-01	1.000000e+00	-5.412900e-01	3.475706e-01	
1.624153e-01	-9.078280e-02	-1.421274e-01	9.720333e-02	5.840210e-03	-6.859344e-03	5.194581e-03	1.290913e-02	-8.363940e-03	3.758212e-02	-5.236243e-02	6.758849e-02	3.947777e-02	-5.143938e-02	4.102790e-02	4.581940e-02	-6.133445e-02	7.072759e-02	7.471889e-02	-1.072275e-01	-7.175529e-01	6.585197e-01	-5.412900e-01	1.000000e+00	-9.614431e-01	
-1.506945e-01	6.495976e-02	2.971755e-01	-2.068126e-01	-5.730260e-03	6.729992e-03	-3.451149e-03	-2.433159e-02	1.670970e-02	-1.082521e-01	1.425483e-01	-1.811956e-01	-4.799678e-02	8.813755e-02	-1.027844e-01	-7.817382e-02	1.039483e-01	-1.198664e-01	-1.590492e-01	2.303242e-01	5.397620e-01	-4.699994e-01	3.475706e-01	-9.614431e-01	1.000000e+00	

Time taken for mcmc chain: 1.071389 hours
