Number of steps: 3903375
Number of accepted steps: 1000000
Burn-in number of steps: 320000
Accepted fraction of steps: 0.256189
Convergence Status
R[0]= 1.002778	R[1]= 1.010781	R[2]= 1.004141	R[3]= 1.002112	R[4]= 1.001903	R[5]= 1.002254	R[6]= 1.002541	R[7]= 1.000963	R[8]= 1.000104	R[9]= 1.003229	R[10]= 1.003329	R[11]= 1.002879	R[12]= 1.001734	R[13]= 1.001864	R[14]= 1.000267	R[15]= 1.004804	R[16]= 1.004960	R[17]= 1.004595	R[18]= 1.002324	R[19]= 1.000990	R[20]= 1.002757	R[21]= 1.003462	R[22]= 1.004820	R[23]= 1.002809	R[24]= 1.003366	
<R>= 1.003031

Mean parameters
A[0]= 9.414502e-01 pm 3.365054e-02
A[1]= 1.052318e+00 pm 2.751446e-02
A[2]= 5.644691e-01 pm 3.812538e-01
A[3]= 3.895504e+00 pm 1.132485e+00
A[4]= -4.432534e+03 pm 3.751391e+03
A[5]= 2.280414e+03 pm 2.455285e+03
A[6]= -8.164587e+01 pm 5.752665e+02
A[7]= 1.120580e+01 pm 1.305523e+01
A[8]= -1.601385e-01 pm 1.775277e-01
A[9]= -1.729158e+03 pm 8.427396e+03
A[10]= 2.402450e+02 pm 5.059580e+03
A[11]= -1.174636e+02 pm 1.062299e+03
A[12]= -3.784455e+00 pm 4.880887e+01
A[13]= 2.586989e-02 pm 9.388323e-01
A[14]= 5.374024e+00 pm 1.664629e+00
A[15]= -5.863833e+03 pm 5.147344e+03
A[16]= 4.542981e+03 pm 3.387056e+03
A[17]= -8.265548e+02 pm 7.986336e+02
A[18]= -2.182211e+00 pm 1.921672e+01
A[19]= 2.033627e-01 pm 2.619262e-01
A[20]= 7.847476e+03 pm 1.131190e+04
A[21]= -4.345911e+03 pm 6.808014e+03
A[22]= 4.055345e+02 pm 1.434713e+03
A[23]= -4.771616e+01 pm 6.765688e+01
A[24]= 6.148078e-01 pm 1.318266e+00

Best-fitting parameters
A[0]= 9.506910e-01
A[1]= 1.059818e+00
A[2]= 4.027590e-01
A[3]= 4.251283e+00
A[4]= -4.072344e+03
A[5]= 2.305439e+03
A[6]= -1.406837e+02
A[7]= 1.313631e+01
A[8]= -1.752693e-01
A[9]= 2.240658e+03
A[10]= -1.968048e+03
A[11]= 3.140158e+02
A[12]= -1.465527e+01
A[13]= 2.451626e-01
A[14]= 5.312749e+00
A[15]= -3.672813e+03
A[16]= 3.169809e+03
A[17]= -5.433333e+02
A[18]= -4.011627e+00
A[19]= 1.644240e-01
A[20]= -1.891802e+03
A[21]= 9.136615e+02
A[22]= -4.522233e+02
A[23]= 3.926096e+01
A[24]= -1.028599e+00
chi2_min= 1.006812e+02


Cross-Covariance parameters
1.000000e+00	-5.175344e-01	-2.168275e-01	8.338369e-02	9.644920e-02	-1.001319e-01	9.156296e-02	3.644407e-02	-6.200230e-02	-1.452534e-03	4.377839e-04	-1.610384e-02	1.725005e-01	-1.542167e-01	1.026662e-01	3.823202e-02	-3.658665e-02	2.646146e-02	7.327912e-02	-6.612887e-02	1.422794e-02	-8.369410e-03	-1.784588e-02	1.438898e-01	-1.283885e-01	
-5.175344e-01	1.000000e+00	2.454998e-01	-1.729752e-01	-9.647056e-02	1.119214e-01	-1.294812e-01	1.495526e-01	-1.069947e-01	-1.954591e-02	2.684474e-02	-2.659923e-02	-1.284417e-01	9.206294e-02	-2.836342e-01	5.051946e-02	-5.640404e-02	5.398030e-02	1.145403e-01	-1.464729e-01	-1.447773e-02	9.935016e-03	6.567378e-03	-9.070579e-02	6.184755e-02	
-2.168275e-01	2.454998e-01	1.000000e+00	-6.809173e-01	-6.851359e-02	8.233309e-02	-8.620626e-02	-3.041095e-02	5.058085e-02	-3.819264e-01	5.034480e-01	-6.452914e-01	-1.252313e-01	2.697318e-01	-6.699516e-01	-4.877639e-02	4.888187e-02	-4.069239e-02	-2.852569e-02	3.837547e-02	-3.640621e-01	4.831666e-01	-6.232866e-01	-1.544580e-01	2.907614e-01	
8.338369e-02	-1.729752e-01	-6.809173e-01	1.000000e+00	-4.984158e-01	5.495321e-01	-5.885713e-01	1.770400e-01	9.183723e-02	2.156948e-01	-2.774940e-01	3.545066e-01	8.755889e-03	-6.995896e-02	4.622870e-01	4.291294e-02	-4.399316e-02	3.983458e-02	1.587544e-02	-3.221677e-02	2.572779e-01	-3.420773e-01	4.426177e-01	1.038459e-01	-2.014103e-01	
9.644920e-02	-9.647056e-02	-6.851359e-02	-4.984158e-01	1.000000e+00	-9.845039e-01	9.406996e-01	-6.751380e-01	2.888695e-01	5.087399e-02	-9.378899e-02	1.405145e-01	1.303905e-01	-1.223517e-01	7.850207e-02	-3.492093e-02	3.678546e-02	-3.851487e-02	6.765245e-03	1.216622e-02	2.097202e-03	-5.749785e-03	9.108438e-03	2.397477e-02	-2.679598e-02	
-1.001319e-01	1.119214e-01	8.233309e-02	5.495321e-01	-9.845039e-01	1.000000e+00	-9.851250e-01	6.227094e-01	-2.189006e-01	-6.433492e-02	1.116434e-01	-1.632602e-01	-1.400084e-01	1.446797e-01	-8.967780e-02	3.543724e-02	-3.716221e-02	3.853694e-02	-2.156119e-03	-1.780365e-02	-1.037412e-02	1.466527e-02	-1.866385e-02	-2.247457e-02	2.650245e-02	
9.156296e-02	-1.294812e-01	-8.620626e-02	-5.885713e-01	9.406996e-01	-9.851250e-01	1.000000e+00	-5.571217e-01	1.516759e-01	7.917559e-02	-1.284381e-01	1.819694e-01	1.353673e-01	-1.495564e-01	9.620601e-02	-3.678071e-02	3.848457e-02	-3.930430e-02	-5.894307e-03	2.683106e-02	1.524345e-02	-1.919954e-02	2.285733e-02	1.847459e-02	-2.230208e-02	
3.644407e-02	1.495526e-01	-3.041095e-02	1.770400e-01	-6.751380e-01	6.227094e-01	-5.571217e-01	1.000000e+00	-8.816624e-01	1.106629e-01	-8.934244e-02	5.567284e-02	-7.538580e-02	-7.791310e-02	-3.771427e-02	4.780593e-02	-4.963849e-02	4.758413e-02	3.838004e-02	-5.868588e-02	4.324681e-02	-4.772823e-02	5.210435e-02	-4.714289e-03	-8.067763e-03	
-6.200230e-02	-1.069947e-01	5.058085e-02	9.183723e-02	2.888695e-01	-2.189006e-01	1.516759e-01	-8.816624e-01	1.000000e+00	-1.634452e-01	1.596290e-01	-1.418171e-01	2.762391e-02	1.753131e-01	1.309959e-02	-3.601055e-02	3.748848e-02	-3.562554e-02	-3.790092e-02	5.181246e-02	-4.660760e-02	5.122530e-02	-5.559146e-02	1.591339e-03	1.106441e-02	
-1.452534e-03	-1.954591e-02	-3.819264e-01	2.156948e-01	5.087399e-02	-6.433492e-02	7.917559e-02	1.106629e-01	-1.634452e-01	1.000000e+00	-9.830545e-01	9.150727e-01	-7.620586e-01	5.760897e-01	2.610458e-01	1.833473e-02	-1.889666e-02	1.643513e-02	-1.303782e-03	-9.675360e-04	1.715497e-01	-2.182814e-01	2.747118e-01	2.378133e-02	-7.862740e-02	
4.377839e-04	2.684474e-02	5.034480e-01	-2.774940e-01	-9.378899e-02	1.116434e-01	-1.284381e-01	-8.934244e-02	1.596290e-01	-9.830545e-01	1.000000e+00	-9.726801e-01	7.103749e-01	-5.168198e-01	-3.433556e-01	-2.186318e-02	2.273892e-02	-1.957967e-02	-7.002828e-03	1.050732e-02	-2.142766e-01	2.768431e-01	-3.526293e-01	-4.517332e-02	1.193123e-01	
-1.610384e-02	-2.659923e-02	-6.452914e-01	3.545066e-01	1.405145e-01	-1.632602e-01	1.819694e-01	5.567284e-02	-1.418171e-01	9.150727e-01	-9.726801e-01	1.000000e+00	-5.984190e-01	4.040608e-01	4.403969e-01	2.550177e-02	-2.677306e-02	2.292515e-02	1.602187e-02	-2.134318e-02	2.655437e-01	-3.472213e-01	4.466831e-01	6.833295e-02	-1.661438e-01	
1.725005e-01	-1.284417e-01	-1.252313e-01	8.755889e-03	1.303905e-01	-1.400084e-01	1.353673e-01	-7.538580e-02	2.762391e-02	-7.620586e-01	7.103749e-01	-5.984190e-01	1.000000e+00	-9.483758e-01	8.771464e-02	-1.197964e-04	6.297250e-04	-2.845357e-03	2.197658e-02	-2.130774e-02	2.654994e-02	-3.737386e-02	4.693647e-02	4.325903e-02	-5.637949e-02	
-1.542167e-01	9.206294e-02	2.697318e-01	-6.995896e-02	-1.223517e-01	1.446797e-01	-1.495564e-01	-7.791310e-02	1.753131e-01	5.760897e-01	-5.168198e-01	4.040608e-01	-9.483758e-01	1.000000e+00	-1.777307e-01	-1.036622e-02	1.108573e-02	-8.330289e-03	-3.306980e-02	3.697233e-02	-9.198009e-02	1.226910e-01	-1.566504e-01	-5.320776e-02	9.071284e-02	
1.026662e-01	-2.836342e-01	-6.699516e-01	4.622870e-01	7.850207e-02	-8.967780e-02	9.620601e-02	-3.771427e-02	1.309959e-02	2.610458e-01	-3.433556e-01	4.403969e-01	8.771464e-02	-1.777307e-01	1.000000e+00	-5.100473e-01	5.753740e-01	-6.256230e-01	7.150570e-02	1.875628e-01	1.718332e-01	-2.273540e-01	2.997949e-01	4.432396e-02	-9.652571e-02	
3.823202e-02	5.051946e-02	-4.877639e-02	4.291294e-02	-3.492093e-02	3.543724e-02	-3.678071e-02	4.780593e-02	-3.601055e-02	1.833473e-02	-2.186318e-02	2.550177e-02	-1.197964e-04	-1.036622e-02	-5.100473e-01	1.000000e+00	-9.830617e-01	9.356122e-01	-6.015239e-01	2.359877e-01	1.445057e-01	-1.812762e-01	2.151187e-01	3.248953e-02	-5.494773e-02	
-3.658665e-02	-5.640404e-02	4.888187e-02	-4.399316e-02	3.678546e-02	-3.716221e-02	3.848457e-02	-4.963849e-02	3.748848e-02	-1.889666e-02	2.273892e-02	-2.677306e-02	6.297250e-04	1.108573e-02	5.753740e-01	-9.830617e-01	1.000000e+00	-9.839625e-01	5.333531e-01	-1.512199e-01	-1.476871e-01	1.898379e-01	-2.296274e-01	-5.056998e-02	8.200418e-02	
2.646146e-02	5.398030e-02	-4.069239e-02	3.983458e-02	-3.851487e-02	3.853694e-02	-3.930430e-02	4.758413e-02	-3.562554e-02	1.643513e-02	-1.957967e-02	2.292515e-02	-2.845357e-03	-8.330289e-03	-6.256230e-01	9.356122e-01	-9.839625e-01	1.000000e+00	-4.526139e-01	6.899126e-02	1.446695e-01	-1.898785e-01	2.334446e-01	6.253917e-02	-9.956782e-02	
7.327912e-02	1.145403e-01	-2.852569e-02	1.587544e-02	6.765245e-03	-2.156119e-03	-5.894307e-03	3.838004e-02	-3.790092e-02	-1.303782e-03	-7.002828e-03	1.602187e-02	2.197658e-02	-3.306980e-02	7.150570e-02	-6.015239e-01	5.333531e-01	-4.526139e-01	1.000000e+00	-9.031020e-01	-1.612417e-02	2.239245e-02	-2.952643e-02	7.681161e-02	-1.555538e-01	
-6.612887e-02	-1.464729e-01	3.837547e-02	-3.221677e-02	1.216622e-02	-1.780365e-02	2.683106e-02	-5.868588e-02	5.181246e-02	-9.675360e-04	1.050732e-02	-2.134318e-02	-2.130774e-02	3.697233e-02	1.875628e-01	2.359877e-01	-1.512199e-01	6.899126e-02	-9.031020e-01	1.000000e+00	-4.489287e-02	5.522575e-02	-6.249638e-02	-1.085338e-01	2.217059e-01	
1.422794e-02	-1.447773e-02	-3.640621e-01	2.572779e-01	2.097202e-03	-1.037412e-02	1.524345e-02	4.324681e-02	-4.660760e-02	1.715497e-01	-2.142766e-01	2.655437e-01	2.654994e-02	-9.198009e-02	1.718332e-01	1.445057e-01	-1.476871e-01	1.446695e-01	-1.612417e-02	-4.489287e-02	1.000000e+00	-9.826896e-01	9.125885e-01	-7.478823e-01	5.882169e-01	
-8.369410e-03	9.935016e-03	4.831666e-01	-3.420773e-01	-5.749785e-03	1.466527e-02	-1.919954e-02	-4.772823e-02	5.122530e-02	-2.182814e-01	2.768431e-01	-3.472213e-01	-3.737386e-02	1.226910e-01	-2.273540e-01	-1.812762e-01	1.898379e-01	-1.898785e-01	2.239245e-02	5.522575e-02	-9.826896e-01	1.000000e+00	-9.717002e-01	6.943185e-01	-5.244292e-01	
-1.784588e-02	6.567378e-03	-6.232866e-01	4.426177e-01	9.108438e-03	-1.866385e-02	2.285733e-02	5.210435e-02	-5.559146e-02	2.747118e-01	-3.526293e-01	4.466831e-01	4.693647e-02	-1.566504e-01	2.997949e-01	2.151187e-01	-2.296274e-01	2.334446e-01	-2.952643e-02	-6.249638e-02	9.125885e-01	-9.717002e-01	1.000000e+00	-5.784716e-01	4.035157e-01	
1.438898e-01	-9.070579e-02	-1.544580e-01	1.038459e-01	2.397477e-02	-2.247457e-02	1.847459e-02	-4.714289e-03	1.591339e-03	2.378133e-02	-4.517332e-02	6.833295e-02	4.325903e-02	-5.320776e-02	4.432396e-02	3.248953e-02	-5.056998e-02	6.253917e-02	7.681161e-02	-1.085338e-01	-7.478823e-01	6.943185e-01	-5.784716e-01	1.000000e+00	-9.648226e-01	
-1.283885e-01	6.184755e-02	2.907614e-01	-2.014103e-01	-2.679598e-02	2.650245e-02	-2.230208e-02	-8.067763e-03	1.106441e-02	-7.862740e-02	1.193123e-01	-1.661438e-01	-5.637949e-02	9.071284e-02	-9.652571e-02	-5.494773e-02	8.200418e-02	-9.956782e-02	-1.555538e-01	2.217059e-01	5.882169e-01	-5.244292e-01	4.035157e-01	-9.648226e-01	1.000000e+00	

Time taken for mcmc chain: 21.366667 minutes
