Number of steps: 6685017
Number of accepted steps: 1000000
Burn-in number of steps: 320000
Accepted fraction of steps: 0.149588
Convergence Status
R[0]= 1.000425	R[1]= 1.007291	R[2]= 1.019954	R[3]= 1.019952	R[4]= 1.004846	R[5]= 1.005162	R[6]= 1.005090	R[7]= 1.000684	R[8]= 1.003199	R[9]= 1.001590	R[10]= 1.002702	R[11]= 1.004614	R[12]= 1.001307	R[13]= 1.001397	R[14]= 1.041568	R[15]= 1.014280	R[16]= 1.015623	R[17]= 1.015308	R[18]= 1.002352	R[19]= 1.009401	R[20]= 1.004341	R[21]= 1.005385	R[22]= 1.006883	R[23]= 1.002668	R[24]= 1.002595	
<R>= 1.007945

Mean parameters
A[0]= 8.908753e-01 pm 3.907544e-02
A[1]= 1.002746e+00 pm 2.932267e-02
A[2]= 5.820981e-01 pm 4.030740e-01
A[3]= 2.693353e+00 pm 9.223325e-01
A[4]= -2.932297e+03 pm 3.740166e+03
A[5]= 1.238076e+03 pm 2.448117e+03
A[6]= 1.497904e+02 pm 5.659732e+02
A[7]= 1.182399e+01 pm 1.275376e+01
A[8]= -2.299633e-01 pm 1.843583e-01
A[9]= -4.155105e+03 pm 8.176959e+03
A[10]= 1.583741e+03 pm 4.817706e+03
A[11]= -3.604341e+02 pm 9.815366e+02
A[12]= 1.885575e+01 pm 4.921032e+01
A[13]= -5.247120e-01 pm 9.581993e-01
A[14]= 4.252477e+00 pm 1.416839e+00
A[15]= -1.073738e+04 pm 5.429406e+03
A[16]= 6.912770e+03 pm 3.587267e+03
A[17]= -1.205379e+03 pm 8.369731e+02
A[18]= 1.387770e+01 pm 1.930685e+01
A[19]= -2.782949e-03 pm 2.771254e-01
A[20]= -2.250438e+03 pm 1.129379e+04
A[21]= 1.066649e+03 pm 6.798337e+03
A[22]= -5.154460e+02 pm 1.430959e+03
A[23]= 1.906666e+00 pm 6.775802e+01
A[24]= -2.936813e-01 pm 1.348889e+00

Best-fitting parameters
A[0]= 9.327575e-01
A[1]= 9.935705e-01
A[2]= 3.104027e-01
A[3]= 3.032274e+00
A[4]= -1.005406e+03
A[5]= 2.791367e+02
A[6]= 2.909255e+02
A[7]= 6.874510e+00
A[8]= -1.855212e-01
A[9]= -6.109495e+02
A[10]= -5.153713e+02
A[11]= 5.974165e+01
A[12]= 1.878201e+01
A[13]= -5.584466e-01
A[14]= 4.108700e+00
A[15]= -7.761420e+03
A[16]= 4.808582e+03
A[17]= -6.862816e+02
A[18]= 1.214130e+01
A[19]= -3.595899e-02
A[20]= 4.010126e+03
A[21]= -2.846599e+03
A[22]= 2.914622e+02
A[23]= 5.782124e+00
A[24]= -5.935318e-01
chi2_min= 8.721466e+01


Cross-Covariance parameters
1.000000e+00	-5.120428e-01	-7.203289e-02	2.929212e-02	4.093563e-02	-3.379985e-02	2.022678e-02	3.925469e-02	-2.117548e-02	-1.117662e-02	3.605348e-02	-8.550162e-02	8.065695e-02	-3.944477e-02	-8.236647e-03	8.320894e-02	-7.514786e-02	5.869485e-02	4.651522e-02	-4.144842e-02	1.783505e-02	1.524714e-02	-7.832364e-02	7.981980e-02	-3.857622e-02	
-5.120428e-01	1.000000e+00	1.749365e-01	-2.131089e-01	-4.519420e-03	2.851296e-04	-3.273162e-03	1.443793e-01	-1.462761e-01	4.121292e-02	-5.088730e-02	6.969735e-02	-1.228717e-01	6.514630e-02	-2.117994e-01	-7.510892e-03	5.558152e-03	-9.727407e-03	1.635291e-01	-1.556582e-01	7.971745e-03	-1.702854e-02	4.157565e-02	-9.577850e-02	5.380065e-02	
-7.203289e-02	1.749365e-01	1.000000e+00	-6.361207e-01	-6.682492e-02	6.717456e-02	-5.928473e-02	-2.667991e-02	4.288450e-02	-3.223015e-01	4.355191e-01	-5.785156e-01	-1.994666e-01	3.119225e-01	-6.275710e-01	-1.091995e-01	1.116822e-01	-1.077848e-01	1.755346e-02	6.668165e-03	-3.743996e-01	4.953262e-01	-6.359237e-01	-2.382188e-01	3.626691e-01	
2.929212e-02	-2.131089e-01	-6.361207e-01	1.000000e+00	-5.362719e-01	5.984549e-01	-6.450634e-01	5.678792e-02	2.150122e-01	1.467173e-01	-1.935620e-01	2.603048e-01	3.605615e-02	-4.711867e-02	4.377974e-01	4.708229e-02	-4.945178e-02	4.946270e-02	-3.192517e-02	2.132701e-02	2.478134e-01	-3.221732e-01	4.083463e-01	1.389976e-01	-2.107787e-01	
4.093563e-02	-4.519420e-03	-6.682492e-02	-5.362719e-01	1.000000e+00	-9.849535e-01	9.434837e-01	-5.624918e-01	1.681077e-01	6.216748e-02	-1.050733e-01	1.529429e-01	1.430815e-01	-1.509270e-01	2.393738e-02	3.254203e-02	-3.250305e-02	3.012232e-02	-3.283129e-04	-9.982441e-03	1.719284e-02	-2.520813e-02	3.404241e-02	4.119698e-02	-5.640825e-02	
-3.379985e-02	2.851296e-04	6.717456e-02	5.984549e-01	-9.849535e-01	1.000000e+00	-9.860904e-01	4.967249e-01	-9.080635e-02	-6.644724e-02	1.132486e-01	-1.658964e-01	-1.582057e-01	1.793294e-01	-2.453610e-02	-3.254766e-02	3.274354e-02	-3.081388e-02	5.339966e-04	1.060506e-02	-1.702048e-02	2.614973e-02	-3.633882e-02	-4.080001e-02	5.672177e-02	
2.022678e-02	-3.273162e-03	-5.928473e-02	-6.450634e-01	9.434837e-01	-9.860904e-01	1.000000e+00	-4.254246e-01	2.337885e-02	7.266087e-02	-1.210210e-01	1.754900e-01	1.591365e-01	-1.896365e-01	2.283587e-02	2.929486e-02	-2.984394e-02	2.875535e-02	-3.694657e-03	-7.946085e-03	1.135504e-02	-2.064525e-02	3.131573e-02	3.946844e-02	-5.447717e-02	
3.925469e-02	1.443793e-01	-2.667991e-02	5.678792e-02	-5.624918e-01	4.967249e-01	-4.254246e-01	1.000000e+00	-8.900969e-01	1.308185e-01	-1.170310e-01	8.909228e-02	-7.212527e-02	-9.138006e-02	-1.825252e-02	1.760701e-02	-1.649117e-02	1.349984e-02	4.854256e-02	-4.532047e-02	2.599493e-02	-3.089187e-02	3.578305e-02	-3.623136e-03	-4.929495e-03	
-2.117548e-02	-1.462761e-01	4.288450e-02	2.150122e-01	1.681077e-01	-9.080635e-02	2.337885e-02	-8.900969e-01	1.000000e+00	-1.702608e-01	1.753822e-01	-1.667468e-01	1.293669e-02	1.960269e-01	1.117038e-02	-2.433462e-02	2.360310e-02	-2.104869e-02	-4.265914e-02	4.233223e-02	-2.974577e-02	3.781799e-02	-4.688684e-02	-4.494682e-03	1.854629e-02	
-1.117662e-02	4.121292e-02	-3.223015e-01	1.467173e-01	6.216748e-02	-6.644724e-02	7.266087e-02	1.308185e-01	-1.702608e-01	1.000000e+00	-9.841352e-01	9.175214e-01	-7.454321e-01	5.719818e-01	1.883259e-01	5.027447e-02	-5.424254e-02	5.378029e-02	1.598969e-02	-3.430986e-02	1.192139e-01	-1.646503e-01	2.182173e-01	9.523485e-02	-1.459107e-01	
3.605348e-02	-5.088730e-02	4.355191e-01	-1.935620e-01	-1.050733e-01	1.132486e-01	-1.210210e-01	-1.170310e-01	1.753822e-01	-9.841352e-01	1.000000e+00	-9.726421e-01	6.981310e-01	-5.182234e-01	-2.605700e-01	-6.123522e-02	6.559402e-02	-6.487704e-02	-1.384373e-02	3.447677e-02	-1.674689e-01	2.279764e-01	-2.997457e-01	-1.163323e-01	1.838731e-01	
-8.550162e-02	6.969735e-02	-5.785156e-01	2.603048e-01	1.529429e-01	-1.658964e-01	1.754900e-01	8.909228e-02	-1.667468e-01	9.175214e-01	-9.726421e-01	1.000000e+00	-5.887435e-01	4.091874e-01	3.526508e-01	7.328529e-02	-7.833129e-02	7.772326e-02	9.442133e-03	-3.292864e-02	2.285069e-01	-3.085602e-01	4.044498e-01	1.414536e-01	-2.309365e-01	
8.065695e-02	-1.228717e-01	-1.994666e-01	3.605615e-02	1.430815e-01	-1.582057e-01	1.591365e-01	-7.212527e-02	1.293669e-02	-7.454321e-01	6.981310e-01	-5.887435e-01	1.000000e+00	-9.524864e-01	1.330919e-01	2.006624e-02	-1.736619e-02	1.457117e-02	-7.749633e-03	6.516354e-03	6.910014e-02	-8.862520e-02	1.100712e-01	5.236145e-02	-7.108517e-02	
-3.944477e-02	6.514630e-02	3.119225e-01	-4.711867e-02	-1.509270e-01	1.793294e-01	-1.896365e-01	-9.138006e-02	1.960269e-01	5.719818e-01	-5.182234e-01	4.091874e-01	-9.524864e-01	1.000000e+00	-1.962792e-01	-3.672096e-02	3.431499e-02	-3.057394e-02	-2.810194e-03	8.948994e-03	-1.150394e-01	1.519465e-01	-1.948994e-01	-7.843396e-02	1.174727e-01	
-8.236647e-03	-2.117994e-01	-6.275710e-01	4.377974e-01	2.393738e-02	-2.453610e-02	2.283587e-02	-1.825252e-02	1.117038e-02	1.883259e-01	-2.605700e-01	3.526508e-01	1.330919e-01	-1.962792e-01	1.000000e+00	-5.141949e-01	5.743124e-01	-6.185297e-01	-7.963851e-02	3.233998e-01	1.206267e-01	-1.782021e-01	2.564806e-01	8.465241e-02	-1.126191e-01	
8.320894e-02	-7.510892e-03	-1.091995e-01	4.708229e-02	3.254203e-02	-3.254766e-02	2.929486e-02	1.760701e-02	-2.433462e-02	5.027447e-02	-6.123522e-02	7.328529e-02	2.006624e-02	-3.672096e-02	-5.141949e-01	1.000000e+00	-9.851910e-01	9.443110e-01	-4.527708e-01	7.736689e-02	2.080149e-01	-2.425680e-01	2.684360e-01	6.792946e-02	-1.088043e-01	
-7.514786e-02	5.558152e-03	1.116822e-01	-4.945178e-02	-3.250305e-02	3.274354e-02	-2.984394e-02	-1.649117e-02	2.360310e-02	-5.424254e-02	6.559402e-02	-7.833129e-02	-1.736619e-02	3.431499e-02	5.743124e-01	-9.851910e-01	1.000000e+00	-9.863160e-01	3.758882e-01	8.917779e-03	-2.135676e-01	2.528168e-01	-2.834431e-01	-8.565922e-02	1.358800e-01	
5.869485e-02	-9.727407e-03	-1.077848e-01	4.946270e-02	3.012232e-02	-3.081388e-02	2.875535e-02	1.349984e-02	-2.104869e-02	5.378029e-02	-6.487704e-02	7.772326e-02	1.457117e-02	-3.057394e-02	-6.185297e-01	9.443110e-01	-9.863160e-01	1.000000e+00	-2.951949e-01	-8.623345e-02	2.122706e-01	-2.547895e-01	2.891348e-01	9.665530e-02	-1.528881e-01	
4.651522e-02	1.635291e-01	1.755346e-02	-3.192517e-02	-3.283129e-04	5.339966e-04	-3.694657e-03	4.854256e-02	-4.265914e-02	1.598969e-02	-1.384373e-02	9.442133e-03	-7.749633e-03	-2.810194e-03	-7.963851e-02	-4.527708e-01	3.758882e-01	-2.951949e-01	1.000000e+00	-9.085528e-01	-1.130900e-02	1.672373e-02	-2.411034e-02	8.334216e-02	-1.622263e-01	
-4.144842e-02	-1.556582e-01	6.668165e-03	2.132701e-02	-9.982441e-03	1.060506e-02	-7.946085e-03	-4.532047e-02	4.233223e-02	-3.430986e-02	3.447677e-02	-3.292864e-02	6.516354e-03	8.948994e-03	3.233998e-01	7.736689e-02	8.917779e-03	-8.623345e-02	-9.085528e-01	1.000000e+00	-6.534821e-02	7.444821e-02	-7.777424e-02	-1.220748e-01	2.344504e-01	
1.783505e-02	7.971745e-03	-3.743996e-01	2.478134e-01	1.719284e-02	-1.702048e-02	1.135504e-02	2.599493e-02	-2.974577e-02	1.192139e-01	-1.674689e-01	2.285069e-01	6.910014e-02	-1.150394e-01	1.206267e-01	2.080149e-01	-2.135676e-01	2.122706e-01	-1.130900e-02	-6.534821e-02	1.000000e+00	-9.826255e-01	9.125894e-01	-6.771941e-01	5.078453e-01	
1.524714e-02	-1.702854e-02	4.953262e-01	-3.221732e-01	-2.520813e-02	2.614973e-02	-2.064525e-02	-3.089187e-02	3.781799e-02	-1.646503e-01	2.279764e-01	-3.085602e-01	-8.862520e-02	1.519465e-01	-1.782021e-01	-2.425680e-01	2.528168e-01	-2.547895e-01	1.672373e-02	7.444821e-02	-9.826255e-01	1.000000e+00	-9.717716e-01	6.117032e-01	-4.333333e-01	
-7.832364e-02	4.157565e-02	-6.359237e-01	4.083463e-01	3.404241e-02	-3.633882e-02	3.131573e-02	3.578305e-02	-4.688684e-02	2.182173e-01	-2.997457e-01	4.044498e-01	1.100712e-01	-1.948994e-01	2.564806e-01	2.684360e-01	-2.834431e-01	2.891348e-01	-2.411034e-02	-7.777424e-02	9.125894e-01	-9.717716e-01	1.000000e+00	-4.863741e-01	3.053043e-01	
7.981980e-02	-9.577850e-02	-2.382188e-01	1.389976e-01	4.119698e-02	-4.080001e-02	3.946844e-02	-3.623136e-03	-4.494682e-03	9.523485e-02	-1.163323e-01	1.414536e-01	5.236145e-02	-7.843396e-02	8.465241e-02	6.792946e-02	-8.565922e-02	9.665530e-02	8.334216e-02	-1.220748e-01	-6.771941e-01	6.117032e-01	-4.863741e-01	1.000000e+00	-9.650280e-01	
-3.857622e-02	5.380065e-02	3.626691e-01	-2.107787e-01	-5.640825e-02	5.672177e-02	-5.447717e-02	-4.929495e-03	1.854629e-02	-1.459107e-01	1.838731e-01	-2.309365e-01	-7.108517e-02	1.174727e-01	-1.126191e-01	-1.088043e-01	1.358800e-01	-1.528881e-01	-1.622263e-01	2.344504e-01	5.078453e-01	-4.333333e-01	3.053043e-01	-9.650280e-01	1.000000e+00	

Time taken for mcmc chain: 44.100000 minutes
