Number of steps: 6345617
Number of accepted steps: 1000000
Burn-in number of steps: 320000
Accepted fraction of steps: 0.157589
Convergence Status
R[0]= 1.116938	R[1]= 1.181167	R[2]= 1.101662	R[3]= 1.069159	R[4]= 1.080552	R[5]= 1.103483	R[6]= 1.122294	R[7]= 1.064962	R[8]= 1.082052	R[9]= 1.011724	R[10]= 1.020183	R[11]= 1.031424	R[12]= 1.023213	R[13]= 1.039815	R[14]= 1.054150	R[15]= 1.038394	R[16]= 1.055658	R[17]= 1.072590	R[18]= 1.047360	R[19]= 1.066769	R[20]= 1.007772	R[21]= 1.012558	R[22]= 1.019023	R[23]= 1.027238	R[24]= 1.032801	
<R>= 1.059318

Mean parameters
A[0]= 1.097712e+00 pm 1.453537e-01
A[1]= 1.105810e+00 pm 1.754200e-01
A[2]= 7.525093e-01 pm 7.767863e-01
A[3]= 3.903344e+00 pm 1.819536e+00
A[4]= 2.286341e+03 pm 3.625075e+03
A[5]= -2.730751e+03 pm 2.242252e+03
A[6]= 1.266898e+03 pm 4.507307e+02
A[7]= -2.105929e+01 pm 1.619631e+01
A[8]= -5.404392e-02 pm 2.423849e-01
A[9]= -7.093600e+03 pm 7.005956e+03
A[10]= 2.844660e+03 pm 3.932305e+03
A[11]= -4.697463e+02 pm 7.141899e+02
A[12]= 3.772836e+01 pm 4.561367e+01
A[13]= -8.683846e-01 pm 8.712975e-01
A[14]= 4.550506e+00 pm 2.067396e+00
A[15]= -1.522283e+03 pm 4.490741e+03
A[16]= -1.714188e+02 pm 2.724889e+03
A[17]= 7.530352e+02 pm 5.415899e+02
A[18]= -1.114719e+01 pm 2.264171e+01
A[19]= -1.147835e-01 pm 3.119062e-01
A[20]= 2.186517e+03 pm 9.723643e+03
A[21]= -1.926470e+03 pm 5.483962e+03
A[22]= 1.719190e+02 pm 1.001436e+03
A[23]= 4.209006e+00 pm 6.519955e+01
A[24]= -7.246811e-01 pm 1.220885e+00

Best-fitting parameters
A[0]= 1.158687e+00
A[1]= 1.196932e+00
A[2]= 2.552338e-01
A[3]= 4.908068e+00
A[4]= 2.909339e+03
A[5]= -2.785030e+03
A[6]= 1.228749e+03
A[7]= -3.099351e+01
A[8]= 9.518773e-02
A[9]= -5.748061e+03
A[10]= 1.905478e+03
A[11]= -2.803072e+02
A[12]= 4.842249e+01
A[13]= -9.581280e-01
A[14]= 6.819514e+00
A[15]= -7.272410e+03
A[16]= 3.226392e+03
A[17]= 9.257522e+01
A[18]= -6.083435e+00
A[19]= -1.584093e-01
A[20]= 2.029603e+03
A[21]= -1.793580e+03
A[22]= 1.514768e+02
A[23]= 2.924013e+01
A[24]= -1.211156e+00
chi2_min= 1.217963e+02


Cross-Covariance parameters
1.000000e+00	7.885203e-01	-4.451981e-01	4.354894e-01	-3.879648e-01	4.576913e-01	-5.158808e-01	-4.496422e-01	5.423933e-01	-2.275040e-02	5.048243e-02	-8.649084e-02	-5.318334e-02	2.482680e-01	3.758043e-01	-3.108157e-01	3.853556e-01	-4.522381e-01	-3.908147e-01	4.773856e-01	-3.544000e-02	5.674286e-02	-8.984170e-02	-2.678630e-02	1.246696e-01	
7.885203e-01	1.000000e+00	-5.658304e-01	5.447384e-01	-5.148996e-01	5.885141e-01	-6.444990e-01	-5.350725e-01	6.129706e-01	-1.227937e-02	3.533333e-02	-6.183811e-02	-6.565159e-02	2.622318e-01	4.246212e-01	-3.419275e-01	4.214726e-01	-4.929247e-01	-4.226714e-01	5.150555e-01	1.995243e-02	-1.256467e-02	-4.556843e-03	3.606651e-02	6.324648e-02	
-4.451981e-01	-5.658304e-01	1.000000e+00	-7.205182e-01	3.625729e-01	-4.089707e-01	4.406591e-01	4.285385e-01	-4.682862e-01	-1.212996e-01	1.323686e-01	-1.394905e-01	-1.286001e-01	-4.916743e-02	-6.327377e-01	2.011816e-01	-2.455927e-01	2.849090e-01	2.627170e-01	-3.140365e-01	-1.389652e-01	1.626698e-01	-1.772319e-01	-2.357595e-01	1.499750e-01	
4.354894e-01	5.447384e-01	-7.205182e-01	1.000000e+00	-6.779132e-01	7.344063e-01	-7.638008e-01	-5.973115e-01	6.115893e-01	5.157247e-02	-5.535988e-02	6.172816e-02	6.405556e-02	1.178645e-01	6.049033e-01	-2.385617e-01	2.817021e-01	-3.196578e-01	-2.493875e-01	3.015426e-01	1.138585e-01	-1.373724e-01	1.551531e-01	2.218879e-01	-1.484779e-01	
-3.879648e-01	-5.148996e-01	3.625729e-01	-6.779132e-01	1.000000e+00	-9.883587e-01	9.581320e-01	1.361337e-01	-2.201691e-01	1.661330e-03	-2.662704e-02	5.243548e-02	1.316913e-01	-1.895861e-01	-3.152390e-01	2.162600e-01	-2.567760e-01	2.929203e-01	2.162329e-01	-2.629916e-01	-2.030142e-02	2.495428e-02	-2.569145e-02	-7.420940e-02	2.168711e-02	
4.576913e-01	5.885141e-01	-4.089707e-01	7.344063e-01	-9.883587e-01	1.000000e+00	-9.899894e-01	-2.249882e-01	3.020727e-01	-2.524715e-03	2.958523e-02	-5.813971e-02	-1.398470e-01	2.202145e-01	3.533656e-01	-2.443870e-01	2.912749e-01	-3.331076e-01	-2.521247e-01	3.060419e-01	2.102571e-02	-2.473826e-02	2.359288e-02	7.689500e-02	-1.621318e-02	
-5.158808e-01	-6.444990e-01	4.406591e-01	-7.638008e-01	9.581320e-01	-9.899894e-01	1.000000e+00	2.803628e-01	-3.488824e-01	1.803207e-03	-3.043203e-02	6.171044e-02	1.399890e-01	-2.333774e-01	-3.799108e-01	2.652803e-01	-3.172946e-01	3.637493e-01	2.803375e-01	-3.399117e-01	-2.011673e-02	2.266581e-02	-1.955939e-02	-7.664489e-02	9.536573e-03	
-4.496422e-01	-5.350725e-01	4.285385e-01	-5.973115e-01	1.361337e-01	-2.249882e-01	2.803628e-01	1.000000e+00	-9.741671e-01	1.388980e-01	-1.461962e-01	1.435004e-01	-1.327301e-02	-2.603983e-01	-3.437263e-01	2.146291e-01	-2.567156e-01	2.938835e-01	2.418036e-01	-2.931384e-01	-4.373713e-02	4.593920e-02	-4.232583e-02	-6.381223e-02	5.087945e-03	
5.423933e-01	6.129706e-01	-4.682862e-01	6.115893e-01	-2.201691e-01	3.020727e-01	-3.488824e-01	-9.741671e-01	1.000000e+00	-1.332938e-01	1.430740e-01	-1.436486e-01	1.853753e-02	2.787512e-01	3.749454e-01	-2.419111e-01	2.912018e-01	-3.350438e-01	-2.764877e-01	3.364925e-01	3.997482e-02	-4.028463e-02	3.379181e-02	6.177241e-02	6.451116e-03	
-2.275040e-02	-1.227937e-02	-1.212996e-01	5.157247e-02	1.661330e-03	-2.524715e-03	1.803207e-03	1.388980e-01	-1.332938e-01	1.000000e+00	-9.909542e-01	9.579156e-01	-7.255412e-01	6.200078e-01	8.841393e-02	1.650270e-02	-1.704877e-02	1.730535e-02	3.657573e-03	-6.694340e-03	4.522562e-02	-5.444274e-02	6.358760e-02	4.888882e-02	-4.499956e-02	
5.048243e-02	3.533333e-02	1.323686e-01	-5.535988e-02	-2.662704e-02	2.958523e-02	-3.043203e-02	-1.461962e-01	1.430740e-01	-9.909542e-01	1.000000e+00	-9.871820e-01	7.233431e-01	-6.236367e-01	-1.030565e-01	-2.251811e-02	2.502103e-02	-2.712750e-02	-1.342726e-02	1.871499e-02	-5.319662e-02	6.484149e-02	-7.689242e-02	-6.461051e-02	6.222012e-02	
-8.649084e-02	-6.183811e-02	-1.394905e-01	6.172816e-02	5.243548e-02	-5.813971e-02	6.171044e-02	1.435004e-01	-1.436486e-01	9.579156e-01	-9.871820e-01	1.000000e+00	-7.114692e-01	6.250173e-01	1.168838e-01	2.967683e-02	-3.451130e-02	3.882048e-02	2.509410e-02	-3.307192e-02	6.257953e-02	-7.703879e-02	9.258951e-02	8.177555e-02	-8.167338e-02	
-5.318334e-02	-6.565159e-02	-1.286001e-01	6.405556e-02	1.316913e-01	-1.398470e-01	1.399890e-01	-1.327301e-02	1.853753e-02	-7.255412e-01	7.233431e-01	-7.114692e-01	1.000000e+00	-9.355837e-01	1.127818e-01	2.259261e-02	-2.935849e-02	3.549012e-02	3.146162e-02	-3.330322e-02	4.725352e-02	-6.078933e-02	7.513173e-02	9.956951e-02	-9.779129e-02	
2.482680e-01	2.622318e-01	-4.916743e-02	1.178645e-01	-1.895861e-01	2.202145e-01	-2.333774e-01	-2.603983e-01	2.787512e-01	6.200078e-01	-6.236367e-01	6.250173e-01	-9.355837e-01	1.000000e+00	2.479913e-02	-1.007746e-01	1.240432e-01	-1.449912e-01	-1.216061e-01	1.436830e-01	-3.066293e-02	4.427168e-02	-6.148383e-02	-7.364083e-02	9.608865e-02	
3.758043e-01	4.246212e-01	-6.327377e-01	6.049033e-01	-3.152390e-01	3.533656e-01	-3.799108e-01	-3.437263e-01	3.749454e-01	8.841393e-02	-1.030565e-01	1.168838e-01	1.127818e-01	2.479913e-02	1.000000e+00	-6.013695e-01	6.674031e-01	-7.042897e-01	-5.124478e-01	5.186424e-01	-1.497242e-03	5.727931e-04	-3.074688e-03	9.339530e-02	-2.144992e-02	
-3.108157e-01	-3.419275e-01	2.011816e-01	-2.385617e-01	2.162600e-01	-2.443870e-01	2.652803e-01	2.146291e-01	-2.419111e-01	1.650270e-02	-2.251811e-02	2.967683e-02	2.259261e-02	-1.007746e-01	-6.013695e-01	1.000000e+00	-9.866746e-01	9.498731e-01	-3.086036e-02	-4.154316e-02	1.106953e-01	-1.335428e-01	1.596610e-01	3.407744e-02	-3.924490e-02	
3.853556e-01	4.214726e-01	-2.455927e-01	2.817021e-01	-2.567760e-01	2.912749e-01	-3.172946e-01	-2.567156e-01	2.912018e-01	-1.704877e-02	2.502103e-02	-3.451130e-02	-2.935849e-02	1.240432e-01	6.674031e-01	-9.866746e-01	1.000000e+00	-9.873093e-01	-6.221384e-02	1.297094e-01	-1.128661e-01	1.378169e-01	-1.670078e-01	-4.364585e-02	6.037106e-02	
-4.522381e-01	-4.929247e-01	2.849090e-01	-3.196578e-01	2.929203e-01	-3.331076e-01	3.637493e-01	2.938835e-01	-3.350438e-01	1.730535e-02	-2.712750e-02	3.882048e-02	3.549012e-02	-1.449912e-01	-7.042897e-01	9.498731e-01	-9.873093e-01	1.000000e+00	1.247918e-01	-1.851543e-01	1.071263e-01	-1.336999e-01	1.659835e-01	4.635223e-02	-7.067540e-02	
-3.908147e-01	-4.226714e-01	2.627170e-01	-2.493875e-01	2.162329e-01	-2.521247e-01	2.803375e-01	2.418036e-01	-2.764877e-01	3.657573e-03	-1.342726e-02	2.509410e-02	3.146162e-02	-1.216061e-01	-5.124478e-01	-3.086036e-02	-6.221384e-02	1.247918e-01	1.000000e+00	-9.763440e-01	6.064031e-02	-7.157076e-02	8.089479e-02	9.802239e-02	-2.137426e-01	
4.773856e-01	5.150555e-01	-3.140365e-01	3.015426e-01	-2.629916e-01	3.060419e-01	-3.399117e-01	-2.931384e-01	3.364925e-01	-6.694340e-03	1.871499e-02	-3.307192e-02	-3.330322e-02	1.436830e-01	5.186424e-01	-4.154316e-02	1.297094e-01	-1.851543e-01	-9.763440e-01	1.000000e+00	-5.927140e-02	6.954959e-02	-7.864027e-02	-7.917191e-02	2.123498e-01	
-3.544000e-02	1.995243e-02	-1.389652e-01	1.138585e-01	-2.030142e-02	2.102571e-02	-2.011673e-02	-4.373713e-02	3.997482e-02	4.522562e-02	-5.319662e-02	6.257953e-02	4.725352e-02	-3.066293e-02	-1.497242e-03	1.106953e-01	-1.128661e-01	1.071263e-01	6.064031e-02	-5.927140e-02	1.000000e+00	-9.913358e-01	9.598344e-01	-7.102655e-01	6.521142e-01	
5.674286e-02	-1.256467e-02	1.626698e-01	-1.373724e-01	2.495428e-02	-2.473826e-02	2.266581e-02	4.593920e-02	-4.028463e-02	-5.444274e-02	6.484149e-02	-7.703879e-02	-6.078933e-02	4.427168e-02	5.727931e-04	-1.335428e-01	1.378169e-01	-1.336999e-01	-7.157076e-02	6.954959e-02	-9.913358e-01	1.000000e+00	-9.877767e-01	7.082337e-01	-6.573410e-01	
-8.984170e-02	-4.556843e-03	-1.772319e-01	1.551531e-01	-2.569145e-02	2.359288e-02	-1.955939e-02	-4.232583e-02	3.379181e-02	6.358760e-02	-7.689242e-02	9.258951e-02	7.513173e-02	-6.148383e-02	-3.074688e-03	1.596610e-01	-1.670078e-01	1.659835e-01	8.089479e-02	-7.864027e-02	9.598344e-01	-9.877767e-01	1.000000e+00	-6.986304e-01	6.601663e-01	
-2.678630e-02	3.606651e-02	-2.357595e-01	2.218879e-01	-7.420940e-02	7.689500e-02	-7.664489e-02	-6.381223e-02	6.177241e-02	4.888882e-02	-6.461051e-02	8.177555e-02	9.956951e-02	-7.364083e-02	9.339530e-02	3.407744e-02	-4.364585e-02	4.635223e-02	9.802239e-02	-7.917191e-02	-7.102655e-01	7.082337e-01	-6.986304e-01	1.000000e+00	-9.729870e-01	
1.246696e-01	6.324648e-02	1.499750e-01	-1.484779e-01	2.168711e-02	-1.621318e-02	9.536573e-03	5.087945e-03	6.451116e-03	-4.499956e-02	6.222012e-02	-8.167338e-02	-9.779129e-02	9.608865e-02	-2.144992e-02	-3.924490e-02	6.037106e-02	-7.067540e-02	-2.137426e-01	2.123498e-01	6.521142e-01	-6.573410e-01	6.601663e-01	-9.729870e-01	1.000000e+00	

Time taken for mcmc chain: 52.983333 minutes
