Number of steps: 5455635
Number of accepted steps: 1000000
Burn-in number of steps: 320000
Accepted fraction of steps: 0.183297
Convergence Status
R[0]= 1.001221	R[1]= 1.001593	R[2]= 1.011496	R[3]= 1.032659	R[4]= 1.019913	R[5]= 1.024218	R[6]= 1.028097	R[7]= 1.001561	R[8]= 1.000942	R[9]= 1.000854	R[10]= 1.001353	R[11]= 1.002186	R[12]= 1.000440	R[13]= 1.000776	R[14]= 1.005081	R[15]= 1.000726	R[16]= 1.000959	R[17]= 1.001132	R[18]= 1.000757	R[19]= 1.000966	R[20]= 1.001723	R[21]= 1.002449	R[22]= 1.003528	R[23]= 1.001200	R[24]= 1.001956	
<R>= 1.005912

Mean parameters
A[0]= 9.752577e-01 pm 3.561230e-02
A[1]= 1.100532e+00 pm 3.346965e-02
A[2]= 7.980312e-01 pm 4.421555e-01
A[3]= 2.956573e+00 pm 1.024956e+00
A[4]= -2.303181e+03 pm 3.503550e+03
A[5]= 5.851902e+02 pm 2.209380e+03
A[6]= 4.039698e+02 pm 4.844206e+02
A[7]= 9.022389e+00 pm 1.257130e+01
A[8]= -2.727769e-01 pm 1.802880e-01
A[9]= -3.112414e+03 pm 7.943978e+03
A[10]= 1.322871e+03 pm 4.624209e+03
A[11]= -3.879501e+02 pm 9.110369e+02
A[12]= 1.226959e+01 pm 4.809772e+01
A[13]= -5.256064e-01 pm 9.243496e-01
A[14]= 4.359065e+00 pm 1.400687e+00
A[15]= -7.133602e+03 pm 4.977699e+03
A[16]= 4.368322e+03 pm 3.174844e+03
A[17]= -5.030208e+02 pm 7.029461e+02
A[18]= -9.911801e-01 pm 1.895710e+01
A[19]= 5.136215e-02 pm 2.662608e-01
A[20]= 1.444219e+03 pm 1.094011e+04
A[21]= -1.034728e+03 pm 6.440543e+03
A[22]= -1.333216e+02 pm 1.288212e+03
A[23]= -4.067690e+01 pm 6.702235e+01
A[24]= 4.414055e-01 pm 1.302649e+00

Best-fitting parameters
A[0]= 9.852531e-01
A[1]= 1.092195e+00
A[2]= 5.063513e-01
A[3]= 3.852495e+00
A[4]= -3.687404e+03
A[5]= 1.469247e+03
A[6]= 2.075123e+02
A[7]= 5.166807e+00
A[8]= -1.675199e-01
A[9]= -5.192836e+03
A[10]= 2.083262e+03
A[11]= -4.258440e+02
A[12]= 2.866746e+01
A[13]= -6.762870e-01
A[14]= 4.704703e+00
A[15]= -6.937879e+03
A[16]= 4.090118e+03
A[17]= -4.064580e+02
A[18]= 5.493849e+00
A[19]= -2.548194e-02
A[20]= 1.513961e+03
A[21]= -1.585276e+03
A[22]= 1.346028e+02
A[23]= -2.023235e+01
A[24]= 2.070073e-01
chi2_min= 9.207894e+01


Cross-Covariance parameters
1.000000e+00	-5.101317e-01	-1.810254e-01	1.277704e-01	1.910731e-02	-1.925794e-02	1.228559e-02	6.338228e-02	-4.226435e-02	-2.045301e-02	2.638597e-02	-4.877656e-02	1.297571e-01	-9.946341e-02	7.930273e-02	8.184228e-02	-8.739162e-02	8.382158e-02	6.664489e-02	-7.043431e-02	7.329149e-03	1.017240e-04	-2.780478e-02	1.479192e-01	-1.256671e-01	
-5.101317e-01	1.000000e+00	1.732950e-01	-1.974541e-01	-2.649096e-02	3.010904e-02	-4.198201e-02	1.282673e-01	-1.150956e-01	3.713271e-02	-4.042894e-02	5.204248e-02	-9.175844e-02	3.870478e-02	-1.943351e-01	-6.084439e-02	7.007803e-02	-8.422245e-02	1.513383e-01	-1.219157e-01	-1.109364e-02	4.802377e-03	1.595898e-02	-7.656575e-02	4.545938e-02	
-1.810254e-01	1.732950e-01	1.000000e+00	-7.127864e-01	9.949025e-03	-1.257641e-02	2.094864e-02	-2.922593e-02	9.169318e-03	-3.120127e-01	4.056625e-01	-5.216126e-01	-1.699216e-01	2.395295e-01	-6.299558e-01	-1.399679e-01	1.513680e-01	-1.517866e-01	-1.704358e-02	4.442002e-02	-3.449948e-01	4.407384e-01	-5.567469e-01	-2.512072e-01	3.366393e-01	
1.277704e-01	-1.974541e-01	-7.127864e-01	1.000000e+00	-5.089675e-01	5.660893e-01	-6.101853e-01	2.787245e-03	1.923830e-01	1.372335e-01	-1.793356e-01	2.366667e-01	3.965023e-02	-4.157858e-02	4.825409e-01	1.064192e-01	-1.140977e-01	1.148290e-01	-2.059004e-02	-1.954010e-03	2.554974e-01	-3.267974e-01	4.120467e-01	1.690148e-01	-2.270443e-01	
1.910731e-02	-2.649096e-02	9.949025e-03	-5.089675e-01	1.000000e+00	-9.860586e-01	9.461064e-01	-5.276981e-01	2.234985e-01	5.681320e-02	-9.487033e-02	1.392569e-01	1.371972e-01	-1.204070e-01	-2.214279e-02	6.658619e-03	-9.577332e-03	1.278578e-02	1.123058e-02	-1.371869e-02	-1.271970e-02	1.583630e-02	-1.896607e-02	2.028590e-02	-1.934763e-02	
-1.925794e-02	3.010904e-02	-1.257641e-02	5.660893e-01	-9.860586e-01	1.000000e+00	-9.862697e-01	4.662548e-01	-1.579517e-01	-6.473753e-02	1.060513e-01	-1.541714e-01	-1.535944e-01	1.474280e-01	2.526680e-02	-8.482209e-03	1.165296e-02	-1.510213e-02	-1.144723e-02	1.505037e-02	1.382334e-02	-1.716402e-02	2.053851e-02	-2.077184e-02	1.960381e-02	
1.228559e-02	-4.198201e-02	2.094864e-02	-6.101853e-01	9.461064e-01	-9.862697e-01	1.000000e+00	-4.021280e-01	1.022743e-01	7.456726e-02	-1.172145e-01	1.667291e-01	1.558542e-01	-1.567797e-01	-2.945429e-02	8.801294e-03	-1.209106e-02	1.597065e-02	7.609818e-03	-1.254034e-02	-1.644536e-02	2.056134e-02	-2.484104e-02	1.767519e-02	-1.548315e-02	
6.338228e-02	1.282673e-01	-2.922593e-02	2.787245e-03	-5.276981e-01	4.662548e-01	-4.021280e-01	1.000000e+00	-9.265925e-01	1.290570e-01	-1.199784e-01	9.750418e-02	-3.846390e-02	-1.317207e-01	-9.930280e-03	9.490971e-03	-1.053598e-02	7.625980e-03	4.588448e-02	-4.401809e-02	2.240743e-02	-2.567644e-02	2.887962e-02	1.142548e-02	-2.104421e-02	
-4.226435e-02	-1.150956e-01	9.169318e-03	1.923830e-01	2.234985e-01	-1.579517e-01	1.022743e-01	-9.265925e-01	1.000000e+00	-1.625536e-01	1.656058e-01	-1.550615e-01	4.060756e-03	1.960943e-01	2.313165e-02	-6.791925e-03	9.051981e-03	-7.986521e-03	-4.257965e-02	4.187612e-02	-1.276674e-02	1.396733e-02	-1.517149e-02	-1.169449e-02	2.055139e-02	
-2.045301e-02	3.713271e-02	-3.120127e-01	1.372335e-01	5.681320e-02	-6.473753e-02	7.456726e-02	1.290570e-01	-1.625536e-01	1.000000e+00	-9.869679e-01	9.351028e-01	-7.493620e-01	6.017268e-01	1.966726e-01	5.337234e-02	-5.438393e-02	5.150986e-02	7.025647e-03	-1.982264e-02	1.189270e-01	-1.525203e-01	1.950072e-01	7.568850e-02	-1.101796e-01	
2.638597e-02	-4.042894e-02	4.056625e-01	-1.793356e-01	-9.487033e-02	1.060513e-01	-1.172145e-01	-1.199784e-01	1.656058e-01	-9.869679e-01	1.000000e+00	-9.792095e-01	7.140080e-01	-5.659890e-01	-2.548523e-01	-6.673734e-02	6.925289e-02	-6.677929e-02	-9.910637e-03	2.575543e-02	-1.540532e-01	1.976162e-01	-2.526903e-01	-9.816645e-02	1.422029e-01	
-4.877656e-02	5.204248e-02	-5.216126e-01	2.366667e-01	1.392569e-01	-1.541714e-01	1.667291e-01	9.750418e-02	-1.550615e-01	9.351028e-01	-9.792095e-01	1.000000e+00	-6.330821e-01	4.916309e-01	3.269485e-01	8.283601e-02	-8.711904e-02	8.518278e-02	1.249256e-02	-3.209753e-02	1.986240e-01	-2.549125e-01	3.263612e-01	1.238543e-01	-1.801742e-01	
1.297571e-01	-9.175844e-02	-1.699216e-01	3.965023e-02	1.371972e-01	-1.535944e-01	1.558542e-01	-3.846390e-02	4.060756e-03	-7.493620e-01	7.140080e-01	-6.330821e-01	1.000000e+00	-9.584429e-01	9.900821e-02	2.631426e-02	-3.281190e-02	3.698844e-02	1.870541e-02	-2.143201e-02	5.094962e-02	-6.537366e-02	8.102577e-02	6.030260e-02	-6.985374e-02	
-9.946341e-02	3.870478e-02	2.395295e-01	-4.157858e-02	-1.204070e-01	1.474280e-01	-1.567797e-01	-1.317207e-01	1.960943e-01	6.017268e-01	-5.659890e-01	4.916309e-01	-9.584429e-01	1.000000e+00	-1.365187e-01	-3.785781e-02	4.522816e-02	-4.892900e-02	-2.820566e-02	3.343634e-02	-8.073750e-02	1.039595e-01	-1.312948e-01	-7.659999e-02	9.686837e-02	
7.930273e-02	-1.943351e-01	-6.299558e-01	4.825409e-01	-2.214279e-02	2.526680e-02	-2.945429e-02	-9.930280e-03	2.313165e-02	1.966726e-01	-2.548523e-01	3.269485e-01	9.900821e-02	-1.365187e-01	1.000000e+00	-4.504493e-01	5.063908e-01	-5.513451e-01	-1.134895e-01	2.794214e-01	9.645704e-02	-1.319158e-01	1.818569e-01	6.296561e-02	-6.754178e-02	
8.184228e-02	-6.084439e-02	-1.399679e-01	1.064192e-01	6.658619e-03	-8.482209e-03	8.801294e-03	9.490971e-03	-6.791925e-03	5.337234e-02	-6.673734e-02	8.283601e-02	2.631426e-02	-3.785781e-02	-4.504493e-01	1.000000e+00	-9.855916e-01	9.445356e-01	-4.404862e-01	1.539210e-01	2.017837e-01	-2.450367e-01	2.887697e-01	1.178411e-01	-1.479204e-01	
-8.739162e-02	7.007803e-02	1.513680e-01	-1.140977e-01	-9.577332e-03	1.165296e-02	-1.209106e-02	-1.053598e-02	9.051981e-03	-5.438393e-02	6.925289e-02	-8.711904e-02	-3.281190e-02	4.522816e-02	5.063908e-01	-9.855916e-01	1.000000e+00	-9.859546e-01	3.676067e-01	-7.712874e-02	-2.125379e-01	2.608911e-01	-3.104012e-01	-1.401146e-01	1.780655e-01	
8.382158e-02	-8.422245e-02	-1.517866e-01	1.148290e-01	1.278578e-02	-1.510213e-02	1.597065e-02	7.625980e-03	-7.986521e-03	5.150986e-02	-6.677929e-02	8.518278e-02	3.698844e-02	-4.892900e-02	-5.513451e-01	9.445356e-01	-9.859546e-01	1.000000e+00	-2.928084e-01	9.388186e-03	2.153161e-01	-2.670969e-01	3.207550e-01	1.531536e-01	-1.955379e-01	
6.664489e-02	1.513383e-01	-1.704358e-02	-2.059004e-02	1.123058e-02	-1.144723e-02	7.609818e-03	4.588448e-02	-4.257965e-02	7.025647e-03	-9.910637e-03	1.249256e-02	1.870541e-02	-2.820566e-02	-1.134895e-01	-4.404862e-01	3.676067e-01	-2.928084e-01	1.000000e+00	-9.404463e-01	2.144169e-02	-2.172084e-02	1.949162e-02	8.345421e-02	-1.685654e-01	
-7.043431e-02	-1.219157e-01	4.442002e-02	-1.954010e-03	-1.371869e-02	1.505037e-02	-1.254034e-02	-4.401809e-02	4.187612e-02	-1.982264e-02	2.575543e-02	-3.209753e-02	-2.143201e-02	3.343634e-02	2.794214e-01	1.539210e-01	-7.712874e-02	9.388186e-03	-9.404463e-01	1.000000e+00	-8.752969e-02	9.938429e-02	-1.074013e-01	-1.228804e-01	2.339504e-01	
7.329149e-03	-1.109364e-02	-3.449948e-01	2.554974e-01	-1.271970e-02	1.382334e-02	-1.644536e-02	2.240743e-02	-1.276674e-02	1.189270e-01	-1.540532e-01	1.986240e-01	5.094962e-02	-8.073750e-02	9.645704e-02	2.017837e-01	-2.125379e-01	2.153161e-01	2.144169e-02	-8.752969e-02	1.000000e+00	-9.867209e-01	9.335684e-01	-6.825906e-01	5.440519e-01	
1.017240e-04	4.802377e-03	4.407384e-01	-3.267974e-01	1.583630e-02	-1.716402e-02	2.056134e-02	-2.567644e-02	1.396733e-02	-1.525203e-01	1.976162e-01	-2.549125e-01	-6.537366e-02	1.039595e-01	-1.319158e-01	-2.450367e-01	2.608911e-01	-2.670969e-01	-2.172084e-02	9.938429e-02	-9.867209e-01	1.000000e+00	-9.786605e-01	6.337046e-01	-4.926826e-01	
-2.780478e-02	1.595898e-02	-5.567469e-01	4.120467e-01	-1.896607e-02	2.053851e-02	-2.484104e-02	2.887962e-02	-1.517149e-02	1.950072e-01	-2.526903e-01	3.263612e-01	8.102577e-02	-1.312948e-01	1.818569e-01	2.887697e-01	-3.104012e-01	3.207550e-01	1.949162e-02	-1.074013e-01	9.335684e-01	-9.786605e-01	1.000000e+00	-5.379879e-01	3.998348e-01	
1.479192e-01	-7.656575e-02	-2.512072e-01	1.690148e-01	2.028590e-02	-2.077184e-02	1.767519e-02	1.142548e-02	-1.169449e-02	7.568850e-02	-9.816645e-02	1.238543e-01	6.030260e-02	-7.659999e-02	6.296561e-02	1.178411e-01	-1.401146e-01	1.531536e-01	8.345421e-02	-1.228804e-01	-6.825906e-01	6.337046e-01	-5.379879e-01	1.000000e+00	-9.719347e-01	
-1.256671e-01	4.545938e-02	3.366393e-01	-2.270443e-01	-1.934763e-02	1.960381e-02	-1.548315e-02	-2.104421e-02	2.055139e-02	-1.101796e-01	1.422029e-01	-1.801742e-01	-6.985374e-02	9.686837e-02	-6.754178e-02	-1.479204e-01	1.780655e-01	-1.955379e-01	-1.685654e-01	2.339504e-01	5.440519e-01	-4.926826e-01	3.998348e-01	-9.719347e-01	1.000000e+00	

Time taken for mcmc chain: 37.700000 minutes
