Number of steps: 6352615
Number of accepted steps: 1000000
Burn-in number of steps: 320000
Accepted fraction of steps: 0.157415
Convergence Status
R[0]= 1.000953	R[1]= 1.013215	R[2]= 1.012854	R[3]= 1.011413	R[4]= 1.002495	R[5]= 1.003248	R[6]= 1.003938	R[7]= 1.001711	R[8]= 1.003268	R[9]= 1.001996	R[10]= 1.003095	R[11]= 1.004985	R[12]= 1.000809	R[13]= 1.001608	R[14]= 1.005856	R[15]= 1.005749	R[16]= 1.006221	R[17]= 1.006265	R[18]= 1.004013	R[19]= 1.005590	R[20]= 1.002159	R[21]= 1.004035	R[22]= 1.006870	R[23]= 1.001539	R[24]= 1.003140	
<R>= 1.004681

Mean parameters
A[0]= 8.872398e-01 pm 3.326120e-02
A[1]= 9.920576e-01 pm 2.529718e-02
A[2]= 4.887258e-01 pm 4.012295e-01
A[3]= 2.962285e+00 pm 9.784850e-01
A[4]= -1.772740e+03 pm 3.433309e+03
A[5]= 8.235662e+02 pm 2.226035e+03
A[6]= 1.605927e+02 pm 5.108587e+02
A[7]= 7.319739e+00 pm 1.210791e+01
A[8]= -1.474627e-01 pm 1.782852e-01
A[9]= -5.754423e+03 pm 7.296418e+03
A[10]= 2.524008e+03 pm 4.309637e+03
A[11]= -5.379499e+02 pm 8.799371e+02
A[12]= 4.011981e+01 pm 4.311710e+01
A[13]= -8.189271e-01 pm 8.383481e-01
A[14]= 4.117922e+00 pm 1.306147e+00
A[15]= -8.252724e+03 pm 4.824703e+03
A[16]= 5.517909e+03 pm 3.163323e+03
A[17]= -9.446491e+02 pm 7.333122e+02
A[18]= 1.753659e+01 pm 1.791478e+01
A[19]= -1.097297e-01 pm 2.564729e-01
A[20]= -4.611557e+02 pm 1.041807e+04
A[21]= 4.641118e+01 pm 6.231390e+03
A[22]= -3.336130e+02 pm 1.291068e+03
A[23]= 1.788449e+01 pm 6.157999e+01
A[24]= -7.178410e-01 pm 1.210203e+00

Best-fitting parameters
A[0]= 8.588095e-01
A[1]= 1.000243e+00
A[2]= 3.306836e-01
A[3]= 3.279009e+00
A[4]= -1.533083e+03
A[5]= 7.125238e+02
A[6]= 1.847080e+02
A[7]= -4.273077e-01
A[8]= -1.114233e-02
A[9]= -5.957857e+03
A[10]= 2.496015e+03
A[11]= -4.400383e+02
A[12]= 5.123752e+01
A[13]= -9.817890e-01
A[14]= 4.117760e+00
A[15]= -7.444417e+03
A[16]= 4.766107e+03
A[17]= -7.340243e+02
A[18]= 1.852977e+01
A[19]= -1.673307e-01
A[20]= -2.238555e+03
A[21]= 1.737249e+02
A[22]= -1.190715e+02
A[23]= 3.600444e+01
A[24]= -1.256269e+00
chi2_min= 1.099191e+02


Cross-Covariance parameters
1.000000e+00	-4.800564e-01	-1.314583e-01	6.667315e-02	3.884943e-02	-3.165707e-02	1.700847e-02	1.249977e-02	8.939303e-03	3.183935e-02	-1.370336e-02	-2.727965e-02	6.706113e-02	-2.594537e-02	3.025074e-02	7.922224e-02	-7.909949e-02	7.091402e-02	4.068209e-02	-4.273137e-02	2.086230e-02	-6.288158e-03	-2.860249e-02	1.206561e-01	-9.502433e-02	
-4.800564e-01	1.000000e+00	2.210479e-01	-2.334482e-01	1.877745e-02	-2.171490e-02	1.648657e-02	1.327177e-01	-1.368492e-01	1.149428e-02	-1.233620e-02	2.013044e-02	-1.226024e-01	7.021135e-02	-2.162075e-01	-4.007831e-02	4.465038e-02	-5.545481e-02	1.377465e-01	-1.161181e-01	-4.463347e-02	4.391678e-02	-3.359277e-02	-1.230669e-01	1.016168e-01	
-1.314583e-01	2.210479e-01	1.000000e+00	-6.983897e-01	8.037462e-02	-9.110632e-02	1.034038e-01	-1.842140e-02	-4.265014e-02	-3.436991e-01	4.537759e-01	-5.918078e-01	-1.870806e-01	2.860785e-01	-6.027202e-01	-1.107092e-01	1.179054e-01	-1.173948e-01	-2.845422e-02	5.582060e-02	-4.003487e-01	5.112277e-01	-6.437874e-01	-2.292305e-01	3.562500e-01	
6.667315e-02	-2.334482e-01	-6.983897e-01	1.000000e+00	-5.692005e-01	6.387125e-01	-6.895890e-01	8.264268e-03	2.748754e-01	1.837331e-01	-2.478159e-01	3.365520e-01	7.723799e-02	-8.890536e-02	4.406969e-01	8.099133e-02	-8.726142e-02	8.944959e-02	-7.871745e-03	-1.493866e-02	3.046562e-01	-3.817549e-01	4.729810e-01	1.396828e-01	-2.298180e-01	
3.884943e-02	1.877745e-02	8.037462e-02	-5.692005e-01	1.000000e+00	-9.838637e-01	9.390272e-01	-5.409948e-01	1.612647e-01	-6.817764e-03	-1.493741e-02	3.551936e-02	1.059135e-01	-8.609863e-02	-4.522271e-02	6.919976e-03	-6.368683e-03	5.505331e-03	1.027959e-02	-1.294064e-02	-4.107762e-02	4.771775e-02	-5.527812e-02	1.594906e-02	-6.129700e-03	
-3.165707e-02	-2.171490e-02	-9.110632e-02	6.387125e-01	-9.838637e-01	1.000000e+00	-9.849300e-01	4.670588e-01	-7.595083e-02	-2.565749e-03	2.533755e-02	-4.634779e-02	-1.110400e-01	1.068868e-01	5.192864e-02	-6.333991e-03	6.213246e-03	-5.831063e-03	-1.001868e-02	1.348613e-02	4.743444e-02	-5.473544e-02	6.291220e-02	-1.671208e-02	5.843385e-03	
1.700847e-02	1.648657e-02	1.034038e-01	-6.895890e-01	9.390272e-01	-9.849300e-01	1.000000e+00	-3.859042e-01	-1.531958e-03	1.274656e-02	-3.510302e-02	5.495556e-02	1.068947e-01	-1.154242e-01	-5.750173e-02	3.812761e-03	-4.074306e-03	4.408280e-03	6.463737e-03	-1.047100e-02	-5.442777e-02	6.269137e-02	-7.177701e-02	1.529278e-02	-2.889195e-03	
1.249977e-02	1.327177e-01	-1.842140e-02	8.264268e-03	-5.409948e-01	4.670588e-01	-3.859042e-01	1.000000e+00	-8.994260e-01	1.766881e-01	-1.608337e-01	1.286995e-01	-9.309134e-02	-1.004068e-01	-1.273156e-02	9.963572e-04	-1.768398e-04	-3.167536e-03	2.798694e-02	-2.383163e-02	1.030487e-03	-4.558142e-03	9.357425e-03	-2.279891e-04	-4.892217e-03	
8.939303e-03	-1.368492e-01	-4.265014e-02	2.748754e-01	1.612647e-01	-7.595083e-02	-1.531958e-03	-8.994260e-01	1.000000e+00	-1.897030e-01	1.800967e-01	-1.507604e-01	6.395231e-02	1.623339e-01	4.333385e-02	3.401075e-03	-4.338096e-03	7.039563e-03	-2.530078e-02	2.184038e-02	3.039171e-02	-3.208593e-02	3.255898e-02	-2.382503e-04	-2.599794e-03	
3.183935e-02	1.149428e-02	-3.436991e-01	1.837331e-01	-6.817764e-03	-2.565749e-03	1.274656e-02	1.766881e-01	-1.897030e-01	1.000000e+00	-9.844427e-01	9.198977e-01	-7.328179e-01	5.528815e-01	1.903077e-01	5.921618e-02	-6.309456e-02	6.327081e-02	2.629324e-02	-4.148708e-02	1.528001e-01	-1.939751e-01	2.438122e-01	8.067435e-02	-1.311605e-01	
-1.370336e-02	-1.233620e-02	4.537759e-01	-2.478159e-01	-1.493741e-02	2.533755e-02	-3.510302e-02	-1.608337e-01	1.800967e-01	-9.844427e-01	1.000000e+00	-9.736232e-01	6.877775e-01	-5.044214e-01	-2.584490e-01	-7.254874e-02	7.766282e-02	-7.811397e-02	-2.963689e-02	4.904328e-02	-2.003956e-01	2.555676e-01	-3.227512e-01	-1.047058e-01	1.717580e-01	
-2.727965e-02	2.013044e-02	-5.918078e-01	3.365520e-01	3.551936e-02	-4.634779e-02	5.495556e-02	1.286995e-01	-1.507604e-01	9.198977e-01	-9.736232e-01	1.000000e+00	-5.829705e-01	4.043935e-01	3.460819e-01	8.652997e-02	-9.297190e-02	9.373897e-02	3.263637e-02	-5.693422e-02	2.602415e-01	-3.334281e-01	4.232438e-01	1.322401e-01	-2.207426e-01	
6.706113e-02	-1.226024e-01	-1.870806e-01	7.723799e-02	1.059135e-01	-1.110400e-01	1.068947e-01	-9.309134e-02	6.395231e-02	-7.328179e-01	6.877775e-01	-5.829705e-01	1.000000e+00	-9.475753e-01	1.355828e-01	1.418633e-02	-1.525325e-02	1.501496e-02	-5.180191e-03	3.526872e-04	6.619458e-02	-8.708127e-02	1.112267e-01	5.471759e-02	-7.496053e-02	
-2.594537e-02	7.021135e-02	2.860785e-01	-8.890536e-02	-8.609863e-02	1.068868e-01	-1.154242e-01	-1.004068e-01	1.623339e-01	5.528815e-01	-5.044214e-01	4.043935e-01	-9.475753e-01	1.000000e+00	-1.898342e-01	-2.734422e-02	2.949715e-02	-2.913341e-02	-5.620723e-03	1.383370e-02	-1.078397e-01	1.431722e-01	-1.859769e-01	-7.455907e-02	1.115677e-01	
3.025074e-02	-2.162075e-01	-6.027202e-01	4.406969e-01	-4.522271e-02	5.192864e-02	-5.750173e-02	-1.273156e-02	4.333385e-02	1.903077e-01	-2.584490e-01	3.460819e-01	1.355828e-01	-1.898342e-01	1.000000e+00	-5.088811e-01	5.744030e-01	-6.221040e-01	-5.996799e-02	2.907618e-01	1.389380e-01	-1.950398e-01	2.724846e-01	1.070465e-01	-1.418379e-01	
7.922224e-02	-4.007831e-02	-1.107092e-01	8.099133e-02	6.919976e-03	-6.333991e-03	3.812761e-03	9.963572e-04	3.401075e-03	5.921618e-02	-7.254874e-02	8.652997e-02	1.418633e-02	-2.734422e-02	-5.088811e-01	1.000000e+00	-9.837938e-01	9.391320e-01	-4.781620e-01	1.298365e-01	1.880939e-01	-2.154163e-01	2.367505e-01	3.116992e-02	-5.720651e-02	
-7.909949e-02	4.465038e-02	1.179054e-01	-8.726142e-02	-6.368683e-03	6.213246e-03	-4.074306e-03	-1.768398e-04	-4.338096e-03	-6.309456e-02	7.766282e-02	-9.297190e-02	-1.525325e-02	2.949715e-02	5.744030e-01	-9.837938e-01	1.000000e+00	-9.850504e-01	3.923515e-01	-3.413007e-02	-1.977333e-01	2.284696e-01	-2.530153e-01	-4.879270e-02	8.491232e-02	
7.091402e-02	-5.545481e-02	-1.173948e-01	8.944959e-02	5.505331e-03	-5.831063e-03	4.408280e-03	-3.167536e-03	7.039563e-03	6.327081e-02	-7.811397e-02	9.373897e-02	1.501496e-02	-2.913341e-02	-6.221040e-01	9.391320e-01	-9.850504e-01	1.000000e+00	-3.028991e-01	-5.159588e-02	1.987978e-01	-2.317763e-01	2.587007e-01	6.200571e-02	-1.047038e-01	
4.068209e-02	1.377465e-01	-2.845422e-02	-7.871745e-03	1.027959e-02	-1.001868e-02	6.463737e-03	2.798694e-02	-2.530078e-02	2.629324e-02	-2.963689e-02	3.263637e-02	-5.180191e-03	-5.620723e-03	-5.996799e-02	-4.781620e-01	3.923515e-01	-3.028991e-01	1.000000e+00	-9.187744e-01	1.096435e-02	-1.250850e-02	1.123547e-02	7.911813e-02	-1.675553e-01	
-4.273137e-02	-1.161181e-01	5.582060e-02	-1.493866e-02	-1.294064e-02	1.348613e-02	-1.047100e-02	-2.383163e-02	2.184038e-02	-4.148708e-02	4.904328e-02	-5.693422e-02	3.526872e-04	1.383370e-02	2.907618e-01	1.298365e-01	-3.413007e-02	-5.159588e-02	-9.187744e-01	1.000000e+00	-8.582348e-02	9.626352e-02	-1.002639e-01	-9.432972e-02	2.106149e-01	
2.086230e-02	-4.463347e-02	-4.003487e-01	3.046562e-01	-4.107762e-02	4.743444e-02	-5.442777e-02	1.030487e-03	3.039171e-02	1.528001e-01	-2.003956e-01	2.602415e-01	6.619458e-02	-1.078397e-01	1.389380e-01	1.880939e-01	-1.977333e-01	1.987978e-01	1.096435e-02	-8.582348e-02	1.000000e+00	-9.848496e-01	9.237404e-01	-6.819605e-01	5.190935e-01	
-6.288158e-03	4.391678e-02	5.112277e-01	-3.817549e-01	4.771775e-02	-5.473544e-02	6.269137e-02	-4.558142e-03	-3.208593e-02	-1.939751e-01	2.555676e-01	-3.334281e-01	-8.708127e-02	1.431722e-01	-1.950398e-01	-2.154163e-01	2.284696e-01	-2.317763e-01	-1.250850e-02	9.626352e-02	-9.848496e-01	1.000000e+00	-9.753950e-01	6.252334e-01	-4.553101e-01	
-2.860249e-02	-3.359277e-02	-6.437874e-01	4.729810e-01	-5.527812e-02	6.291220e-02	-7.177701e-02	9.357425e-03	3.255898e-02	2.438122e-01	-3.227512e-01	4.232438e-01	1.112267e-01	-1.859769e-01	2.724846e-01	2.367505e-01	-2.530153e-01	2.587007e-01	1.123547e-02	-1.002639e-01	9.237404e-01	-9.753950e-01	1.000000e+00	-5.123738e-01	3.409874e-01	
1.206561e-01	-1.230669e-01	-2.292305e-01	1.396828e-01	1.594906e-02	-1.671208e-02	1.529278e-02	-2.279891e-04	-2.382503e-04	8.067435e-02	-1.047058e-01	1.322401e-01	5.471759e-02	-7.455907e-02	1.070465e-01	3.116992e-02	-4.879270e-02	6.200571e-02	7.911813e-02	-9.432972e-02	-6.819605e-01	6.252334e-01	-5.123738e-01	1.000000e+00	-9.665443e-01	
-9.502433e-02	1.016168e-01	3.562500e-01	-2.298180e-01	-6.129700e-03	5.843385e-03	-2.889195e-03	-4.892217e-03	-2.599794e-03	-1.311605e-01	1.717580e-01	-2.207426e-01	-7.496053e-02	1.115677e-01	-1.418379e-01	-5.720651e-02	8.491232e-02	-1.047038e-01	-1.675553e-01	2.106149e-01	5.190935e-01	-4.553101e-01	3.409874e-01	-9.665443e-01	1.000000e+00	

Time taken for mcmc chain: 45.983333 minutes
