Number of steps: 14924620
Number of accepted steps: 1000000
Burn-in number of steps: 320000
Accepted fraction of steps: 0.067003
Convergence Status
R[0]= 1.008620	R[1]= 1.007416	R[2]= 1.101200	R[3]= 1.040727	R[4]= 1.004725	R[5]= 1.005789	R[6]= 1.006692	R[7]= 1.003200	R[8]= 1.002469	R[9]= 1.011074	R[10]= 1.021755	R[11]= 1.038793	R[12]= 1.000027	R[13]= 1.003544	R[14]= 1.025663	R[15]= 1.016449	R[16]= 1.019140	R[17]= 1.019845	R[18]= 1.002137	R[19]= 1.000991	R[20]= 1.027570	R[21]= 1.044107	R[22]= 1.067479	R[23]= 1.000991	R[24]= 1.004339	
<R>= 1.019390

Mean parameters
A[0]= 8.626109e-01 pm 3.084474e-02
A[1]= 9.421612e-01 pm 2.378711e-02
A[2]= 5.990773e-01 pm 3.807439e-01
A[3]= 3.950705e+00 pm 1.149813e+00
A[4]= -2.698203e+03 pm 4.017184e+03
A[5]= 2.009634e+03 pm 2.820858e+03
A[6]= -3.320773e+02 pm 7.382621e+02
A[7]= 1.877768e+01 pm 1.497514e+01
A[8]= -1.322444e-01 pm 1.839812e-01
A[9]= 4.283993e+03 pm 8.783725e+03
A[10]= -2.448486e+03 pm 5.390726e+03
A[11]= 1.388000e+02 pm 1.201514e+03
A[12]= -3.432042e+01 pm 4.952694e+01
A[13]= 7.790653e-01 pm 9.411107e-01
A[14]= 6.382107e+00 pm 1.881826e+00
A[15]= -8.880480e+03 pm 5.793316e+03
A[16]= 7.904856e+03 pm 4.038254e+03
A[17]= -2.120315e+03 pm 1.051958e+03
A[18]= 3.155693e+01 pm 2.205712e+01
A[19]= 1.267019e-02 pm 2.667477e-01
A[20]= 1.518318e+04 pm 1.210537e+04
A[21]= -7.375246e+03 pm 7.464431e+03
A[22]= 5.470758e+02 pm 1.677985e+03
A[23]= -9.511748e+01 pm 6.906562e+01
A[24]= 1.613966e+00 pm 1.315692e+00

Best-fitting parameters
A[0]= 8.464119e-01
A[1]= 9.471025e-01
A[2]= 7.411082e-01
A[3]= 3.727896e+00
A[4]= -2.966507e+03
A[5]= 2.197872e+03
A[6]= -3.917192e+02
A[7]= 1.301266e+01
A[8]= -1.707531e-02
A[9]= -2.069564e+03
A[10]= 1.549416e+03
A[11]= -6.892723e+02
A[12]= -1.692007e+01
A[13]= 7.838466e-01
A[14]= 5.913551e+00
A[15]= -8.418373e+03
A[16]= 7.775931e+03
A[17]= -2.169892e+03
A[18]= 2.532572e+01
A[19]= 9.825150e-02
A[20]= 9.296570e+03
A[21]= -3.394805e+03
A[22]= -4.010328e+02
A[23]= -7.841339e+01
A[24]= 1.494637e+00
chi2_min= 1.027362e+02


Cross-Covariance parameters
1.000000e+00	-5.067317e-01	-2.533241e-01	1.408920e-01	3.884911e-02	-3.610159e-02	2.346476e-02	5.461536e-02	-5.880435e-02	2.645694e-02	-2.933487e-02	1.202050e-02	1.524136e-01	-1.484687e-01	1.375460e-01	4.426855e-02	-3.897688e-02	2.263758e-02	6.753811e-02	-7.584942e-02	4.950692e-02	-4.881541e-02	2.172997e-02	1.632733e-01	-1.639689e-01	
-5.067317e-01	1.000000e+00	2.287154e-01	-1.953557e-01	-1.334170e-02	1.888082e-02	-3.056086e-02	1.005913e-01	-1.072039e-01	-2.065734e-02	1.886273e-02	-5.494648e-03	-1.054086e-01	7.241281e-02	-2.573422e-01	3.981721e-02	-4.685130e-02	4.507941e-02	1.008023e-01	-1.524911e-01	-2.979710e-02	2.210030e-02	4.244536e-03	-9.261267e-02	6.395713e-02	
-2.533241e-01	2.287154e-01	1.000000e+00	-5.634340e-01	-7.007913e-02	8.260280e-02	-8.526561e-02	-4.148129e-02	1.063971e-01	-4.011123e-01	5.204189e-01	-6.571277e-01	4.302573e-02	1.707967e-01	-6.401237e-01	2.890478e-02	-3.492548e-02	4.753116e-02	-8.147860e-02	5.621975e-02	-4.020555e-01	5.225724e-01	-6.595082e-01	2.532919e-02	1.770879e-01	
1.408920e-01	-1.953557e-01	-5.634340e-01	1.000000e+00	-6.047563e-01	6.675466e-01	-7.079812e-01	3.967508e-01	1.688694e-02	9.762066e-02	-1.247235e-01	1.607511e-01	-2.139592e-02	-1.414915e-02	3.710508e-01	2.834236e-03	-3.933248e-03	1.052411e-03	2.259900e-02	-2.432196e-02	2.462461e-01	-3.202870e-01	4.039143e-01	-2.150487e-02	-1.002184e-01	
3.884911e-02	-1.334170e-02	-7.007913e-02	-6.047563e-01	1.000000e+00	-9.808937e-01	9.313370e-01	-7.891965e-01	3.060452e-01	1.365495e-01	-1.993547e-01	2.694506e-01	1.988608e-02	-6.880463e-02	6.769844e-02	-1.725866e-02	2.283037e-02	-2.803882e-02	1.389079e-02	2.798852e-03	1.055315e-02	-1.812669e-02	2.716348e-02	1.844925e-02	-3.052512e-02	
-3.610159e-02	1.888082e-02	8.260280e-02	6.675466e-01	-9.808937e-01	1.000000e+00	-9.839115e-01	7.528333e-01	-2.290281e-01	-1.635808e-01	2.329196e-01	-3.100955e-01	-1.538502e-02	8.748343e-02	-8.268239e-02	2.329192e-02	-2.949005e-02	3.492864e-02	-1.586992e-02	-5.328697e-03	-1.714157e-02	2.565011e-02	-3.602044e-02	-1.628571e-02	3.032981e-02	
2.346476e-02	-3.056086e-02	-8.526561e-02	-7.079812e-01	9.313370e-01	-9.839115e-01	1.000000e+00	-6.933486e-01	1.510891e-01	1.867631e-01	-2.586936e-01	3.382350e-01	3.567873e-03	-9.317259e-02	9.204693e-02	-2.901394e-02	3.556321e-02	-4.066216e-02	1.368437e-02	1.167550e-02	1.991928e-02	-2.831280e-02	3.891288e-02	1.286632e-02	-2.665572e-02	
5.461536e-02	1.005913e-01	-4.148129e-02	3.967508e-01	-7.891965e-01	7.528333e-01	-6.933486e-01	1.000000e+00	-7.972181e-01	1.856320e-02	1.929128e-02	-6.977313e-02	-2.132373e-02	-8.659484e-02	-1.242535e-02	2.218505e-02	-2.569706e-02	2.503068e-02	3.009201e-02	-4.910443e-02	3.136057e-02	-3.821566e-02	4.565000e-02	-4.596924e-03	-1.084715e-02	
-5.880435e-02	-1.072039e-01	1.063971e-01	1.688694e-02	3.060452e-01	-2.290281e-01	1.510891e-01	-7.972181e-01	1.000000e+00	-1.681892e-01	1.716956e-01	-1.631546e-01	3.054803e-02	2.017922e-01	-4.893784e-02	-7.276430e-03	6.678808e-03	-2.385370e-03	-3.987313e-02	4.461727e-02	-5.050054e-02	6.495968e-02	-8.263739e-02	-1.531491e-03	2.981569e-02	
2.645694e-02	-2.065734e-02	-4.011123e-01	9.762066e-02	1.365495e-01	-1.635808e-01	1.867631e-01	1.856320e-02	-1.681892e-01	1.000000e+00	-9.802745e-01	8.984079e-01	-8.221559e-01	5.999606e-01	2.773142e-01	-1.441992e-02	1.880572e-02	-2.548858e-02	3.082929e-02	-1.717629e-02	1.723867e-01	-2.271832e-01	2.926641e-01	-2.305789e-02	-6.711634e-02	
-2.933487e-02	1.886273e-02	5.204189e-01	-1.247235e-01	-1.993547e-01	2.329196e-01	-2.586936e-01	1.929128e-02	1.716956e-01	-9.802745e-01	1.000000e+00	-9.664748e-01	7.828900e-01	-5.386313e-01	-3.582020e-01	1.952984e-02	-2.447269e-02	3.247262e-02	-4.287798e-02	2.593213e-02	-2.249392e-01	2.962518e-01	-3.816475e-01	3.000563e-02	8.877621e-02	
1.202050e-02	-5.494648e-03	-6.571277e-01	1.607511e-01	2.694506e-01	-3.100955e-01	3.382350e-01	-6.977313e-02	-1.631546e-01	8.984079e-01	-9.664748e-01	1.000000e+00	-6.707855e-01	4.091284e-01	4.512934e-01	-2.646828e-02	3.178541e-02	-4.085264e-02	5.621351e-02	-3.558339e-02	2.867453e-01	-3.778939e-01	4.877288e-01	-4.209795e-02	-1.109777e-01	
1.524136e-01	-1.054086e-01	4.302573e-02	-2.139592e-02	1.988608e-02	-1.538502e-02	3.567873e-03	-2.132373e-02	3.054803e-02	-8.221559e-01	7.828900e-01	-6.707855e-01	1.000000e+00	-9.261431e-01	-2.036121e-02	-6.000605e-03	7.096012e-03	-8.140592e-03	9.914552e-03	-5.131850e-03	-3.501225e-02	4.777449e-02	-6.722787e-02	3.380393e-02	-1.255536e-02	
-1.484687e-01	7.241281e-02	1.707967e-01	-1.414915e-02	-6.880463e-02	8.748343e-02	-9.317259e-02	-8.659484e-02	2.017922e-01	5.999606e-01	-5.386313e-01	4.091284e-01	-9.261431e-01	1.000000e+00	-1.249860e-01	1.457333e-02	-1.793768e-02	2.279236e-02	-3.435907e-02	2.316451e-02	-5.890506e-02	7.688210e-02	-9.506267e-02	-1.848482e-02	4.904641e-02	
1.375460e-01	-2.573422e-01	-6.401237e-01	3.710508e-01	6.769844e-02	-8.268239e-02	9.204693e-02	-1.242535e-02	-4.893784e-02	2.773142e-01	-3.582020e-01	4.512934e-01	-2.036121e-02	-1.249860e-01	1.000000e+00	-5.876158e-01	6.644234e-01	-7.183933e-01	3.200521e-01	9.462726e-02	1.540898e-01	-1.963299e-01	2.516703e-01	-3.041122e-02	-2.998840e-02	
4.426855e-02	3.981721e-02	2.890478e-02	2.834236e-03	-1.725866e-02	2.329192e-02	-2.901394e-02	2.218505e-02	-7.276430e-03	-1.441992e-02	1.952984e-02	-2.646828e-02	-6.000605e-03	1.457333e-02	-5.876158e-01	1.000000e+00	-9.799240e-01	9.262894e-01	-7.744016e-01	3.189100e-01	1.632158e-01	-2.043623e-01	2.399628e-01	-2.354697e-02	-3.107111e-02	
-3.897688e-02	-4.685130e-02	-3.492548e-02	-3.933248e-03	2.283037e-02	-2.949005e-02	3.556321e-02	-2.569706e-02	6.678808e-03	1.880572e-02	-2.447269e-02	3.178541e-02	7.096012e-03	-1.793768e-02	6.644234e-01	-9.799240e-01	1.000000e+00	-9.823227e-01	7.236746e-01	-2.247161e-01	-1.660138e-01	2.139039e-01	-2.575853e-01	9.698628e-03	5.832879e-02	
2.263758e-02	4.507941e-02	4.753116e-02	1.052411e-03	-2.803882e-02	3.492864e-02	-4.066216e-02	2.503068e-02	-2.385370e-03	-2.548858e-02	3.247262e-02	-4.085264e-02	-8.140592e-03	2.279236e-02	-7.183933e-01	9.262894e-01	-9.823227e-01	1.000000e+00	-6.495331e-01	1.286476e-01	1.620625e-01	-2.134681e-01	2.619716e-01	-8.077825e-04	-7.519591e-02	
6.753811e-02	1.008023e-01	-8.147860e-02	2.259900e-02	1.389079e-02	-1.586992e-02	1.368437e-02	3.009201e-02	-3.987313e-02	3.082929e-02	-4.287798e-02	5.621351e-02	9.914552e-03	-3.435907e-02	3.200521e-01	-7.744016e-01	7.236746e-01	-6.495331e-01	1.000000e+00	-8.223900e-01	-6.392117e-02	8.021350e-02	-9.349720e-02	7.064674e-02	-1.172827e-01	
-7.584942e-02	-1.524911e-01	5.621975e-02	-2.432196e-02	2.798852e-03	-5.328697e-03	1.167550e-02	-4.910443e-02	4.461727e-02	-1.717629e-02	2.593213e-02	-3.558339e-02	-5.131850e-03	2.316451e-02	9.462726e-02	3.189100e-01	-2.247161e-01	1.286476e-01	-8.223900e-01	1.000000e+00	-3.000346e-02	4.242654e-02	-5.576731e-02	-9.101727e-02	2.142575e-01	
4.950692e-02	-2.979710e-02	-4.020555e-01	2.462461e-01	1.055315e-02	-1.714157e-02	1.991928e-02	3.136057e-02	-5.050054e-02	1.723867e-01	-2.249392e-01	2.867453e-01	-3.501225e-02	-5.890506e-02	1.540898e-01	1.632158e-01	-1.660138e-01	1.620625e-01	-6.392117e-02	-3.000346e-02	1.000000e+00	-9.801870e-01	8.964228e-01	-8.157996e-01	6.238179e-01	
-4.881541e-02	2.210030e-02	5.225724e-01	-3.202870e-01	-1.812669e-02	2.565011e-02	-2.831280e-02	-3.821566e-02	6.495968e-02	-2.271832e-01	2.962518e-01	-3.778939e-01	4.777449e-02	7.688210e-02	-1.963299e-01	-2.043623e-01	2.139039e-01	-2.134681e-01	8.021350e-02	4.242654e-02	-9.801870e-01	1.000000e+00	-9.654245e-01	7.678238e-01	-5.513252e-01	
2.172997e-02	4.244536e-03	-6.595082e-01	4.039143e-01	2.716348e-02	-3.602044e-02	3.891288e-02	4.565000e-02	-8.263739e-02	2.926641e-01	-3.816475e-01	4.877288e-01	-6.722787e-02	-9.506267e-02	2.516703e-01	2.399628e-01	-2.575853e-01	2.619716e-01	-9.349720e-02	-5.576731e-02	8.964228e-01	-9.654245e-01	1.000000e+00	-6.470405e-01	4.089027e-01	
1.632733e-01	-9.261267e-02	2.532919e-02	-2.150487e-02	1.844925e-02	-1.628571e-02	1.286632e-02	-4.596924e-03	-1.531491e-03	-2.305789e-02	3.000563e-02	-4.209795e-02	3.380393e-02	-1.848482e-02	-3.041122e-02	-2.354697e-02	9.698628e-03	-8.077825e-04	7.064674e-02	-9.101727e-02	-8.157996e-01	7.678238e-01	-6.470405e-01	1.000000e+00	-9.455435e-01	
-1.639689e-01	6.395713e-02	1.770879e-01	-1.002184e-01	-3.052512e-02	3.032981e-02	-2.665572e-02	-1.084715e-02	2.981569e-02	-6.711634e-02	8.877621e-02	-1.109777e-01	-1.255536e-02	4.904641e-02	-2.998840e-02	-3.107111e-02	5.832879e-02	-7.519591e-02	-1.172827e-01	2.142575e-01	6.238179e-01	-5.513252e-01	4.089027e-01	-9.455435e-01	1.000000e+00	

Time taken for mcmc chain: 1.719722 hours
