Number of steps: 17809222
Number of accepted steps: 1000000
Burn-in number of steps: 320000
Accepted fraction of steps: 0.056151
Convergence Status
R[0]= 1.012798	R[1]= 1.018311	R[2]= 1.197453	R[3]= 1.017641	R[4]= 1.031877	R[5]= 1.043042	R[6]= 1.049413	R[7]= 1.011085	R[8]= 1.002456	R[9]= 1.032005	R[10]= 1.059162	R[11]= 1.108652	R[12]= 1.004871	R[13]= 1.002655	R[14]= 1.071363	R[15]= 1.004298	R[16]= 1.003692	R[17]= 1.003261	R[18]= 1.005558	R[19]= 1.002493	R[20]= 1.017200	R[21]= 1.030825	R[22]= 1.053419	R[23]= 1.002587	R[24]= 1.003566	
<R>= 1.031587

Mean parameters
A[0]= 8.294416e-01 pm 2.913626e-02
A[1]= 9.053517e-01 pm 2.112042e-02
A[2]= 6.864193e-01 pm 2.758177e-01
A[3]= 3.558730e+00 pm 1.013757e+00
A[4]= 4.861490e+02 pm 3.891730e+03
A[5]= 5.049218e+02 pm 2.776077e+03
A[6]= -1.568262e+02 pm 7.586399e+02
A[7]= 1.843298e+01 pm 1.619524e+01
A[8]= -1.526569e-01 pm 1.887958e-01
A[9]= 6.898411e+03 pm 8.730977e+03
A[10]= -3.338816e+03 pm 5.248125e+03
A[11]= 1.289896e+02 pm 1.142013e+03
A[12]= -4.139166e+01 pm 5.175739e+01
A[13]= 9.181575e-01 pm 9.701475e-01
A[14]= 6.507419e+00 pm 1.625903e+00
A[15]= -9.447168e+03 pm 5.695588e+03
A[16]= 9.113736e+03 pm 4.058254e+03
A[17]= -2.716311e+03 pm 1.108334e+03
A[18]= 4.832303e+01 pm 2.363075e+01
A[19]= -8.354699e-02 pm 2.694074e-01
A[20]= 1.355484e+04 pm 1.226111e+04
A[21]= -5.347210e+03 pm 7.530493e+03
A[22]= -2.371977e+02 pm 1.705088e+03
A[23]= -8.181033e+01 pm 7.216884e+01
A[24]= 1.513085e+00 pm 1.371913e+00

Best-fitting parameters
A[0]= 8.150433e-01
A[1]= 9.155894e-01
A[2]= 6.347591e-01
A[3]= 2.924773e+00
A[4]= 3.448223e+03
A[5]= -1.794701e+03
A[6]= 4.772928e+02
A[7]= 6.591372e+00
A[8]= -9.005347e-02
A[9]= 5.361829e+03
A[10]= -2.815823e+03
A[11]= 2.105725e+02
A[12]= -1.974108e+01
A[13]= 4.445718e-01
A[14]= 6.164595e+00
A[15]= -6.915332e+03
A[16]= 7.427518e+03
A[17]= -2.293746e+03
A[18]= 3.876013e+01
A[19]= -2.936960e-03
A[20]= 2.228711e+04
A[21]= -1.061998e+04
A[22]= 8.861393e+02
A[23]= -1.291349e+02
A[24]= 2.347943e+00
chi2_min= 9.520739e+01


Cross-Covariance parameters
1.000000e+00	-4.434806e-01	-2.162595e-01	1.525097e-01	-2.894297e-04	1.246042e-02	-3.427154e-02	8.427479e-02	-6.627815e-02	1.659269e-02	-8.628986e-03	-2.733975e-02	1.179355e-01	-1.096799e-01	8.261604e-02	7.148847e-02	-6.925681e-02	5.117096e-02	6.541583e-02	-9.683747e-02	6.652037e-02	-5.698678e-02	1.160845e-02	1.359316e-01	-1.376661e-01	
-4.434806e-01	1.000000e+00	1.248452e-01	-1.646566e-01	1.574313e-02	-1.444751e-02	5.821639e-03	7.262717e-02	-9.944661e-02	7.118443e-03	-2.079153e-02	5.108829e-02	-7.752358e-02	3.361098e-02	-1.677963e-01	6.059763e-03	-7.059785e-03	-3.359703e-04	9.584182e-02	-1.212121e-01	-2.205803e-02	8.109809e-04	4.467096e-02	-6.628000e-02	3.024794e-02	
-2.162595e-01	1.248452e-01	1.000000e+00	-5.056470e-01	-3.016382e-02	3.866327e-02	-3.927852e-02	-4.740183e-02	9.039142e-02	-3.028825e-01	4.151797e-01	-5.591243e-01	8.625548e-02	8.615790e-02	-6.140451e-01	1.201916e-02	-1.111385e-02	1.739447e-02	-7.725494e-02	7.940012e-02	-3.483507e-01	4.675754e-01	-6.118367e-01	6.601194e-02	1.381093e-01	
1.525097e-01	-1.646566e-01	-5.056470e-01	1.000000e+00	-6.448205e-01	7.325268e-01	-7.869474e-01	4.732693e-01	-2.387042e-02	-2.140877e-02	3.045146e-02	-4.108359e-02	-8.050349e-03	3.063805e-02	3.289049e-01	-1.442202e-03	1.637586e-03	-5.122595e-03	2.571223e-02	-2.563619e-02	1.714849e-01	-2.306039e-01	3.008579e-01	-1.316178e-02	-8.742908e-02	
-2.894297e-04	1.574313e-02	-3.016382e-02	-6.448205e-01	1.000000e+00	-9.760473e-01	9.142739e-01	-8.416408e-01	4.077162e-01	1.451891e-01	-2.174823e-01	3.109161e-01	-2.709517e-02	-1.248146e-02	2.058974e-02	-1.349652e-02	1.164475e-02	-9.489136e-03	1.345011e-02	-8.006589e-03	1.140425e-02	-1.649600e-02	2.189196e-02	-1.343216e-02	7.289408e-03	
1.246042e-02	-1.444751e-02	3.866327e-02	7.325268e-01	-9.760473e-01	1.000000e+00	-9.799725e-01	8.117434e-01	-3.239608e-01	-1.729558e-01	2.546366e-01	-3.605638e-01	3.023017e-02	3.715674e-02	-2.381597e-02	9.487615e-03	-7.266872e-03	4.632795e-03	-8.337545e-03	6.103090e-03	-1.670181e-02	2.357440e-02	-3.163988e-02	1.733074e-02	-8.436462e-03	
-3.427154e-02	5.821639e-03	-3.927852e-02	-7.869474e-01	9.142739e-01	-9.799725e-01	1.000000e+00	-7.483535e-01	2.320062e-01	1.963576e-01	-2.826643e-01	3.945774e-01	-3.969977e-02	-4.972185e-02	2.492579e-02	-6.950157e-03	4.458614e-03	-1.024140e-03	7.214111e-04	-5.344043e-04	1.891169e-02	-2.653307e-02	3.627077e-02	-2.128486e-02	1.143976e-02	
8.427479e-02	7.262717e-02	-4.740183e-02	4.732693e-01	-8.416408e-01	8.117434e-01	-7.483535e-01	1.000000e+00	-8.008256e-01	-1.604201e-02	6.855134e-02	-1.455570e-01	7.741409e-03	-9.516399e-02	1.262964e-02	1.382912e-02	-1.170426e-02	5.528882e-03	2.608593e-02	-3.717414e-02	2.128251e-02	-2.500093e-02	2.851537e-02	1.171002e-02	-2.528468e-02	
-6.627815e-02	-9.944661e-02	9.039142e-02	-2.387042e-02	4.077162e-01	-3.239608e-01	2.320062e-01	-8.008256e-01	1.000000e+00	-1.426542e-01	1.385459e-01	-1.192111e-01	2.662692e-02	1.922487e-01	-3.843251e-02	-8.722574e-03	7.855891e-03	-2.876903e-03	-3.573987e-02	4.897819e-02	-4.450944e-02	5.493146e-02	-6.712493e-02	5.882769e-03	1.990392e-02	
1.659269e-02	7.118443e-03	-3.028825e-01	-2.140877e-02	1.451891e-01	-1.729558e-01	1.963576e-01	-1.604201e-02	-1.426542e-01	1.000000e+00	-9.810080e-01	8.936861e-01	-8.687912e-01	6.891120e-01	2.037699e-01	-2.084560e-02	2.149769e-02	-2.319974e-02	3.563002e-02	-2.683013e-02	1.137286e-01	-1.514884e-01	1.985312e-01	-3.598371e-02	-2.815132e-02	
-8.628986e-03	-2.079153e-02	4.151797e-01	3.045146e-02	-2.174823e-01	2.546366e-01	-2.826643e-01	6.855134e-02	1.385459e-01	-9.810080e-01	1.000000e+00	-9.624916e-01	8.522170e-01	-6.535663e-01	-2.720664e-01	2.289351e-02	-2.256010e-02	2.395970e-02	-4.454945e-02	3.796819e-02	-1.541431e-01	2.078544e-01	-2.754373e-01	4.864126e-02	4.183445e-02	
-2.733975e-02	5.108829e-02	-5.591243e-01	-4.108359e-02	3.109161e-01	-3.605638e-01	3.945774e-01	-1.455570e-01	-1.192111e-01	8.936861e-01	-9.624916e-01	1.000000e+00	-7.592875e-01	5.430662e-01	3.600127e-01	-2.634611e-02	2.448600e-02	-2.494303e-02	5.390719e-02	-5.016564e-02	2.054980e-01	-2.809887e-01	3.775655e-01	-6.797701e-02	-5.783274e-02	
1.179355e-01	-7.752358e-02	8.625548e-02	-8.050349e-03	-2.709517e-02	3.023017e-02	-3.969977e-02	7.741409e-03	2.662692e-02	-8.687912e-01	8.522170e-01	-7.592875e-01	1.000000e+00	-9.350363e-01	-7.326769e-02	3.031148e-02	-3.058003e-02	2.904522e-02	-2.105426e-02	8.102071e-03	-3.415022e-02	4.850850e-02	-7.073220e-02	3.022840e-02	-7.459476e-03	
-1.096799e-01	3.361098e-02	8.615790e-02	3.063805e-02	-1.248146e-02	3.715674e-02	-4.972185e-02	-9.516399e-02	1.922487e-01	6.891120e-01	-6.535663e-01	5.430662e-01	-9.350363e-01	1.000000e+00	-2.993293e-02	-2.852517e-02	2.938367e-02	-2.689505e-02	2.545581e-03	1.412008e-02	-3.128490e-02	4.099786e-02	-4.979805e-02	-8.399166e-03	2.701095e-02	
8.261604e-02	-1.677963e-01	-6.140451e-01	3.289049e-01	2.058974e-02	-2.381597e-02	2.492579e-02	1.262964e-02	-3.843251e-02	2.037699e-01	-2.720664e-01	3.600127e-01	-7.326769e-02	-2.993293e-02	1.000000e+00	-5.941084e-01	6.809408e-01	-7.371626e-01	4.086028e-01	1.541147e-02	4.951649e-02	-6.454361e-02	9.198151e-02	-2.312043e-02	-3.853361e-03	
7.148847e-02	6.059763e-03	1.201916e-02	-1.442202e-03	-1.349652e-02	9.487615e-03	-6.950157e-03	1.382912e-02	-8.722574e-03	-2.084560e-02	2.289351e-02	-2.634611e-02	3.031148e-02	-2.852517e-02	-5.941084e-01	1.000000e+00	-9.754331e-01	9.114339e-01	-8.316129e-01	4.095463e-01	1.974827e-01	-2.581903e-01	3.185854e-01	-5.233494e-02	-1.746147e-02	
-6.925681e-02	-7.059785e-03	-1.111385e-02	1.637586e-03	1.164475e-02	-7.266872e-03	4.458614e-03	-1.170426e-02	7.855891e-03	2.149769e-02	-2.256010e-02	2.448600e-02	-3.058003e-02	2.938367e-02	6.809408e-01	-9.754331e-01	1.000000e+00	-9.791188e-01	7.908789e-01	-3.101309e-01	-2.170393e-01	2.883586e-01	-3.612587e-01	4.743012e-02	4.417355e-02	
5.117096e-02	-3.359703e-04	1.739447e-02	-5.122595e-03	-9.489136e-03	4.632795e-03	-1.024140e-03	5.528882e-03	-2.876903e-03	-2.319974e-02	2.395970e-02	-2.494303e-02	2.904522e-02	-2.689505e-02	-7.371626e-01	9.114339e-01	-9.791188e-01	1.000000e+00	-7.179777e-01	2.037000e-01	2.258921e-01	-3.031919e-01	3.838511e-01	-4.505615e-02	-6.127381e-02	
6.541583e-02	9.584182e-02	-7.725494e-02	2.571223e-02	1.345011e-02	-8.337545e-03	7.214111e-04	2.608593e-02	-3.573987e-02	3.563002e-02	-4.454945e-02	5.390719e-02	-2.105426e-02	2.545581e-03	4.086028e-01	-8.316129e-01	7.908789e-01	-7.179777e-01	1.000000e+00	-8.136412e-01	-1.120924e-01	1.482844e-01	-1.848674e-01	9.750409e-02	-1.175511e-01	
-9.683747e-02	-1.212121e-01	7.940012e-02	-2.563619e-02	-8.006589e-03	6.103090e-03	-5.344043e-04	-3.717414e-02	4.897819e-02	-2.683013e-02	3.796819e-02	-5.016564e-02	8.102071e-03	1.412008e-02	1.541147e-02	4.095463e-01	-3.101309e-01	2.037000e-01	-8.136412e-01	1.000000e+00	-1.723980e-02	2.613519e-02	-3.707413e-02	-1.040382e-01	2.246492e-01	
6.652037e-02	-2.205803e-02	-3.483507e-01	1.714849e-01	1.140425e-02	-1.670181e-02	1.891169e-02	2.128251e-02	-4.450944e-02	1.137286e-01	-1.541431e-01	2.054980e-01	-3.415022e-02	-3.128490e-02	4.951649e-02	1.974827e-01	-2.170393e-01	2.258921e-01	-1.120924e-01	-1.723980e-02	1.000000e+00	-9.786146e-01	8.839767e-01	-8.431435e-01	6.624491e-01	
-5.698678e-02	8.109809e-04	4.675754e-01	-2.306039e-01	-1.649600e-02	2.357440e-02	-2.653307e-02	-2.500093e-02	5.493146e-02	-1.514884e-01	2.078544e-01	-2.809887e-01	4.850850e-02	4.099786e-02	-6.454361e-02	-2.581903e-01	2.883586e-01	-3.031919e-01	1.482844e-01	2.613519e-02	-9.786146e-01	1.000000e+00	-9.599574e-01	8.097390e-01	-6.011381e-01	
1.160845e-02	4.467096e-02	-6.118367e-01	3.008579e-01	2.189196e-02	-3.163988e-02	3.627077e-02	2.851537e-02	-6.712493e-02	1.985312e-01	-2.754373e-01	3.775655e-01	-7.073220e-02	-4.979805e-02	9.198151e-02	3.185854e-01	-3.612587e-01	3.838511e-01	-1.848674e-01	-3.707413e-02	8.839767e-01	-9.599574e-01	1.000000e+00	-6.952306e-01	4.586577e-01	
1.359316e-01	-6.628000e-02	6.601194e-02	-1.316178e-02	-1.343216e-02	1.733074e-02	-2.128486e-02	1.171002e-02	5.882769e-03	-3.598371e-02	4.864126e-02	-6.797701e-02	3.022840e-02	-8.399166e-03	-2.312043e-02	-5.233494e-02	4.743012e-02	-4.505615e-02	9.750409e-02	-1.040382e-01	-8.431435e-01	8.097390e-01	-6.952306e-01	1.000000e+00	-9.445281e-01	
-1.376661e-01	3.024794e-02	1.381093e-01	-8.742908e-02	7.289408e-03	-8.436462e-03	1.143976e-02	-2.528468e-02	1.990392e-02	-2.815132e-02	4.183445e-02	-5.783274e-02	-7.459476e-03	2.701095e-02	-3.853361e-03	-1.746147e-02	4.417355e-02	-6.127381e-02	-1.175511e-01	2.246492e-01	6.624491e-01	-6.011381e-01	4.586577e-01	-9.445281e-01	1.000000e+00	

Time taken for mcmc chain: 2.003889 hours
