Number of steps: 13463181
Number of accepted steps: 1000000
Burn-in number of steps: 320000
Accepted fraction of steps: 0.074277
Convergence Status
R[0]= 1.005715	R[1]= 1.000962	R[2]= 1.010253	R[3]= 1.025634	R[4]= 1.028540	R[5]= 1.035427	R[6]= 1.041117	R[7]= 1.003764	R[8]= 1.001727	R[9]= 1.006507	R[10]= 1.009038	R[11]= 1.012076	R[12]= 1.000473	R[13]= 1.000920	R[14]= 1.052639	R[15]= 1.017070	R[16]= 1.021833	R[17]= 1.026415	R[18]= 1.001971	R[19]= 1.000946	R[20]= 1.005817	R[21]= 1.007028	R[22]= 1.008461	R[23]= 1.002208	R[24]= 1.001307	
<R>= 1.013114

Mean parameters
A[0]= 9.724625e-01 pm 3.316690e-02
A[1]= 1.059046e+00 pm 2.599431e-02
A[2]= 5.641656e-01 pm 3.982655e-01
A[3]= 4.881081e+00 pm 1.464715e+00
A[4]= -3.873326e+03 pm 3.874653e+03
A[5]= 2.168252e+03 pm 2.546638e+03
A[6]= -9.600040e+01 pm 6.011393e+02
A[7]= 4.905821e+00 pm 1.377829e+01
A[8]= -4.633500e-02 pm 1.866444e-01
A[9]= 4.079078e+03 pm 8.999866e+03
A[10]= -2.770320e+03 pm 5.454400e+03
A[11]= 3.706359e+02 pm 1.163576e+03
A[12]= -4.116268e+01 pm 5.060876e+01
A[13]= 8.404942e-01 pm 9.726899e-01
A[14]= 6.845612e+00 pm 2.022259e+00
A[15]= -7.150988e+03 pm 5.404419e+03
A[16]= 5.706041e+03 pm 3.541748e+03
A[17]= -1.158359e+03 pm 8.363946e+02
A[18]= 4.430021e+00 pm 2.039613e+01
A[19]= 1.378592e-01 pm 2.686057e-01
A[20]= 1.407838e+04 pm 1.233207e+04
A[21]= -7.443231e+03 pm 7.472628e+03
A[22]= 8.563673e+02 pm 1.595257e+03
A[23]= -8.483802e+01 pm 7.004828e+01
A[24]= 1.231031e+00 pm 1.349852e+00

Best-fitting parameters
A[0]= 9.631632e-01
A[1]= 1.071443e+00
A[2]= 7.733273e-01
A[3]= 3.958008e+00
A[4]= -2.587541e+03
A[5]= 1.393459e+03
A[6]= 6.358963e+01
A[7]= -7.386292e-01
A[8]= 2.131147e-02
A[9]= 4.289922e+02
A[10]= -2.589477e+02
A[11]= -2.137529e+02
A[12]= -3.539750e+01
A[13]= 8.394758e-01
A[14]= 6.960597e+00
A[15]= -1.210690e+04
A[16]= 9.253544e+03
A[17]= -2.048047e+03
A[18]= 1.541060e+01
A[19]= 7.465569e-02
A[20]= 6.810182e+03
A[21]= -1.826284e+03
A[22]= -5.935557e+02
A[23]= -7.209165e+01
A[24]= 1.043592e+00
chi2_min= 9.703670e+01


Cross-Covariance parameters
1.000000e+00	-5.137904e-01	-1.518308e-01	1.088595e-01	1.608949e-02	-8.943527e-03	-6.264648e-03	5.663814e-02	-4.515819e-02	-2.956782e-02	3.540558e-02	-5.824088e-02	1.547375e-01	-1.287246e-01	9.132270e-02	2.982290e-02	-2.707620e-02	1.559460e-02	7.290859e-02	-6.999377e-02	1.796928e-03	8.259523e-03	-3.888945e-02	1.511545e-01	-1.350597e-01	
-5.137904e-01	1.000000e+00	1.690410e-01	-2.100197e-01	2.655443e-02	-2.625781e-02	1.760899e-02	9.844277e-02	-1.118536e-01	2.495852e-02	-2.775991e-02	3.942102e-02	-1.104430e-01	6.367823e-02	-2.056381e-01	8.690190e-03	-4.906365e-03	-5.482947e-03	1.067154e-01	-1.108862e-01	-1.408950e-02	6.804173e-03	1.379057e-02	-9.990098e-02	7.526044e-02	
-1.518308e-01	1.690410e-01	1.000000e+00	-7.119136e-01	1.764229e-02	-1.546263e-02	1.817314e-02	-6.002849e-02	4.200043e-02	-4.099599e-01	5.262458e-01	-6.605465e-01	-6.584698e-02	2.260475e-01	-6.918004e-01	-2.523512e-02	2.987781e-02	-2.704104e-02	-3.602770e-02	3.843659e-02	-4.197077e-01	5.322402e-01	-6.643620e-01	-9.888409e-02	2.568552e-01	
1.088595e-01	-2.100197e-01	-7.119136e-01	1.000000e+00	-5.368858e-01	5.915921e-01	-6.314283e-01	2.063737e-01	7.666841e-02	2.351560e-01	-2.966046e-01	3.707627e-01	1.018688e-02	-8.217754e-02	5.613292e-01	-5.410967e-03	4.701335e-03	-7.953306e-03	-5.045442e-03	1.569452e-02	3.069008e-01	-3.891485e-01	4.858909e-01	7.304395e-02	-1.850651e-01	
1.608949e-02	2.655443e-02	1.764229e-02	-5.368858e-01	1.000000e+00	-9.842593e-01	9.395491e-01	-6.783248e-01	2.918491e-01	6.199505e-02	-9.705473e-02	1.351626e-01	5.140911e-02	-4.199238e-02	-5.852656e-02	3.366087e-02	-3.789779e-02	4.185222e-02	1.923131e-02	-3.736111e-02	-9.109874e-03	9.986432e-03	-1.127246e-02	1.077939e-02	-1.046264e-02	
-8.943527e-03	-2.625781e-02	-1.546263e-02	5.915921e-01	-9.842593e-01	1.000000e+00	-9.847722e-01	6.340227e-01	-2.305824e-01	-7.228578e-02	1.108970e-01	-1.532269e-01	-5.871787e-02	6.162114e-02	5.945597e-02	-3.637184e-02	4.125271e-02	-4.576538e-02	-1.832946e-02	3.802419e-02	6.434838e-03	-6.861834e-03	7.601240e-03	-9.579322e-03	1.040854e-02	
-6.264648e-03	1.760899e-02	1.817314e-02	-6.314283e-01	9.395491e-01	-9.847722e-01	1.000000e+00	-5.735597e-01	1.690121e-01	8.428703e-02	-1.242555e-01	1.681291e-01	5.539849e-02	-6.809794e-02	-6.039132e-02	3.684731e-02	-4.222990e-02	4.749102e-02	1.391324e-02	-3.441178e-02	-5.758552e-03	6.345615e-03	-7.153805e-03	6.330058e-03	-7.095470e-03	
5.663814e-02	9.844277e-02	-6.002849e-02	2.063737e-01	-6.783248e-01	6.340227e-01	-5.735597e-01	1.000000e+00	-8.800851e-01	8.314544e-02	-6.391933e-02	3.375133e-02	-1.894847e-02	-1.409025e-01	4.377018e-02	-8.452466e-03	1.135888e-02	-1.745018e-02	3.376071e-02	-2.642477e-02	3.115329e-02	-3.776176e-02	4.492645e-02	5.366079e-03	-2.025159e-02	
-4.515819e-02	-1.118536e-01	4.200043e-02	7.666841e-02	2.918491e-01	-2.305824e-01	1.690121e-01	-8.800851e-01	1.000000e+00	-1.397296e-01	1.344256e-01	-1.162355e-01	4.665346e-03	2.081724e-01	-9.572789e-03	-9.224859e-03	8.611732e-03	-4.876297e-03	-3.808462e-02	4.083706e-02	-2.569280e-02	3.122271e-02	-3.706334e-02	-6.627638e-03	2.140729e-02	
-2.956782e-02	2.495852e-02	-4.099599e-01	2.351560e-01	6.199505e-02	-7.228578e-02	8.428703e-02	8.314544e-02	-1.397296e-01	1.000000e+00	-9.836103e-01	9.176079e-01	-7.722874e-01	5.732440e-01	2.968985e-01	1.158487e-02	-1.318577e-02	1.178177e-02	1.337099e-02	-1.488801e-02	1.889694e-01	-2.417429e-01	3.057642e-01	2.539066e-02	-9.767564e-02	
3.540558e-02	-2.775991e-02	5.262458e-01	-2.966046e-01	-9.705473e-02	1.108970e-01	-1.242555e-01	-6.391933e-02	1.344256e-01	-9.836103e-01	1.000000e+00	-9.734655e-01	7.249327e-01	-5.169953e-01	-3.766871e-01	-1.640133e-02	1.900882e-02	-1.773009e-02	-1.928556e-02	2.252382e-02	-2.411908e-01	3.084364e-01	-3.899741e-01	-3.482327e-02	1.278669e-01	
-5.824088e-02	3.942102e-02	-6.605465e-01	3.707627e-01	1.351626e-01	-1.532269e-01	1.681291e-01	3.375133e-02	-1.162355e-01	9.176079e-01	-9.734655e-01	1.000000e+00	-6.172141e-01	4.070859e-01	4.695274e-01	2.108345e-02	-2.486079e-02	2.382709e-02	2.507266e-02	-3.024480e-02	3.024254e-01	-3.868049e-01	4.893805e-01	4.361255e-02	-1.615352e-01	
1.547375e-01	-1.104430e-01	-6.584698e-02	1.018688e-02	5.140911e-02	-5.871787e-02	5.539849e-02	-1.894847e-02	4.665346e-03	-7.722874e-01	7.249327e-01	-6.172141e-01	1.000000e+00	-9.426183e-01	3.860600e-02	1.209145e-02	-1.304971e-02	1.243727e-02	9.603408e-03	-1.325317e-02	1.764663e-02	-1.976928e-02	1.946348e-02	3.262632e-02	-3.912632e-02	
-1.287246e-01	6.367823e-02	2.260475e-01	-8.217754e-02	-4.199238e-02	6.162114e-02	-6.809794e-02	-1.409025e-01	2.081724e-01	5.732440e-01	-5.169953e-01	4.070859e-01	-9.426183e-01	1.000000e+00	-1.458310e-01	-2.344770e-02	2.492363e-02	-2.308821e-02	-1.822685e-02	2.541470e-02	-9.239926e-02	1.161349e-01	-1.423971e-01	-4.194250e-02	7.924431e-02	
9.132270e-02	-2.056381e-01	-6.918004e-01	5.613292e-01	-5.852656e-02	5.945597e-02	-6.039132e-02	4.377018e-02	-9.572789e-03	2.968985e-01	-3.766871e-01	4.695274e-01	3.860600e-02	-1.458310e-01	1.000000e+00	-4.888898e-01	5.532986e-01	-6.030476e-01	1.172270e-01	1.363318e-01	2.198328e-01	-2.757462e-01	3.475670e-01	3.502979e-02	-1.059709e-01	
2.982290e-02	8.690190e-03	-2.523512e-02	-5.410967e-03	3.366087e-02	-3.637184e-02	3.684731e-02	-8.452466e-03	-9.224859e-03	1.158487e-02	-1.640133e-02	2.108345e-02	1.209145e-02	-2.344770e-02	-4.888898e-01	1.000000e+00	-9.820242e-01	9.304914e-01	-6.574648e-01	3.058113e-01	1.428206e-01	-1.756364e-01	2.048591e-01	1.291677e-02	-4.005428e-02	
-2.707620e-02	-4.906365e-03	2.987781e-02	4.701335e-03	-3.789779e-02	4.125271e-02	-4.222990e-02	1.135888e-02	8.611732e-03	-1.318577e-02	1.900882e-02	-2.486079e-02	-1.304971e-02	2.492363e-02	5.532986e-01	-9.820242e-01	1.000000e+00	-9.823800e-01	5.950918e-01	-2.230458e-01	-1.488664e-01	1.873939e-01	-2.232958e-01	-2.946816e-02	6.624470e-02	
1.559460e-02	-5.482947e-03	-2.704104e-02	-7.953306e-03	4.185222e-02	-4.576538e-02	4.749102e-02	-1.745018e-02	-4.876297e-03	1.178177e-02	-1.773009e-02	2.382709e-02	1.243727e-02	-2.308821e-02	-6.030476e-01	9.304914e-01	-9.823800e-01	1.000000e+00	-5.137349e-01	1.368652e-01	1.497635e-01	-1.919118e-01	2.323882e-01	3.920927e-02	-8.228145e-02	
7.290859e-02	1.067154e-01	-3.602770e-02	-5.045442e-03	1.923131e-02	-1.832946e-02	1.391324e-02	3.376071e-02	-3.808462e-02	1.337099e-02	-1.928556e-02	2.507266e-02	9.603408e-03	-1.822685e-02	1.172270e-01	-6.574648e-01	5.950918e-01	-5.137349e-01	1.000000e+00	-9.026670e-01	-2.367458e-02	2.990584e-02	-3.645917e-02	6.933179e-02	-1.402818e-01	
-6.999377e-02	-1.108862e-01	3.843659e-02	1.569452e-02	-3.736111e-02	3.802419e-02	-3.441178e-02	-2.642477e-02	4.083706e-02	-1.488801e-02	2.252382e-02	-3.024480e-02	-1.325317e-02	2.541470e-02	1.363318e-01	3.058113e-01	-2.230458e-01	1.368652e-01	-9.026670e-01	1.000000e+00	-3.649813e-02	4.563126e-02	-5.228685e-02	-9.552022e-02	2.054924e-01	
1.796928e-03	-1.408950e-02	-4.197077e-01	3.069008e-01	-9.109874e-03	6.434838e-03	-5.758552e-03	3.115329e-02	-2.569280e-02	1.889694e-01	-2.411908e-01	3.024254e-01	1.764663e-02	-9.239926e-02	2.198328e-01	1.428206e-01	-1.488664e-01	1.497635e-01	-2.367458e-02	-3.649813e-02	1.000000e+00	-9.838006e-01	9.171589e-01	-7.490824e-01	5.737567e-01	
8.259523e-03	6.804173e-03	5.322402e-01	-3.891485e-01	9.986432e-03	-6.861834e-03	6.345615e-03	-3.776176e-02	3.122271e-02	-2.417429e-01	3.084364e-01	-3.868049e-01	-1.976928e-02	1.161349e-01	-2.757462e-01	-1.756364e-01	1.873939e-01	-1.919118e-01	2.990584e-02	4.563126e-02	-9.838006e-01	1.000000e+00	-9.729290e-01	6.948729e-01	-5.078052e-01	
-3.888945e-02	1.379057e-02	-6.643620e-01	4.858909e-01	-1.127246e-02	7.601240e-03	-7.153805e-03	4.492645e-02	-3.706334e-02	3.057642e-01	-3.899741e-01	4.893805e-01	1.946348e-02	-1.423971e-01	3.475670e-01	2.048591e-01	-2.232958e-01	2.323882e-01	-3.645917e-02	-5.228685e-02	9.171589e-01	-9.729290e-01	1.000000e+00	-5.791759e-01	3.851775e-01	
1.511545e-01	-9.990098e-02	-9.888409e-02	7.304395e-02	1.077939e-02	-9.579322e-03	6.330058e-03	5.366079e-03	-6.627638e-03	2.539066e-02	-3.482327e-02	4.361255e-02	3.262632e-02	-4.194250e-02	3.502979e-02	1.291677e-02	-2.946816e-02	3.920927e-02	6.933179e-02	-9.552022e-02	-7.490824e-01	6.948729e-01	-5.791759e-01	1.000000e+00	-9.599772e-01	
-1.350597e-01	7.526044e-02	2.568552e-01	-1.850651e-01	-1.046264e-02	1.040854e-02	-7.095470e-03	-2.025159e-02	2.140729e-02	-9.767564e-02	1.278669e-01	-1.615352e-01	-3.912632e-02	7.924431e-02	-1.059709e-01	-4.005428e-02	6.624470e-02	-8.228145e-02	-1.402818e-01	2.054924e-01	5.737567e-01	-5.078052e-01	3.851775e-01	-9.599772e-01	1.000000e+00	

Time taken for mcmc chain: 1.583611 hours
