Number of steps: 9965529
Number of accepted steps: 1000000
Burn-in number of steps: 320000
Accepted fraction of steps: 0.100346
Convergence Status
R[0]= 1.000644	R[1]= 1.003213	R[2]= 1.029767	R[3]= 1.013608	R[4]= 1.001958	R[5]= 1.002645	R[6]= 1.003225	R[7]= 1.000392	R[8]= 1.000213	R[9]= 1.005188	R[10]= 1.008952	R[11]= 1.014536	R[12]= 1.001332	R[13]= 1.003392	R[14]= 1.019574	R[15]= 1.006411	R[16]= 1.007653	R[17]= 1.008558	R[18]= 1.001205	R[19]= 1.003048	R[20]= 1.008577	R[21]= 1.012521	R[22]= 1.018502	R[23]= 1.002658	R[24]= 1.005385	
<R>= 1.007326

Mean parameters
A[0]= 8.976435e-01 pm 3.226746e-02
A[1]= 1.006568e+00 pm 2.868168e-02
A[2]= 6.815847e-01 pm 4.800202e-01
A[3]= 2.882036e+00 pm 1.006827e+00
A[4]= -2.544685e+03 pm 3.602240e+03
A[5]= 1.200824e+03 pm 2.360523e+03
A[6]= 1.137841e+02 pm 5.470792e+02
A[7]= 1.194229e+01 pm 1.231412e+01
A[8]= -2.183310e-01 pm 1.782221e-01
A[9]= -2.113476e+03 pm 7.878017e+03
A[10]= 7.947392e+02 pm 4.753347e+03
A[11]= -3.133999e+02 pm 1.001024e+03
A[12]= 3.894375e+00 pm 4.466375e+01
A[13]= -1.753387e-01 pm 8.765408e-01
A[14]= 4.245220e+00 pm 1.505750e+00
A[15]= -9.725492e+03 pm 4.985363e+03
A[16]= 6.333799e+03 pm 3.285552e+03
A[17]= -1.087902e+03 pm 7.663177e+02
A[18]= 1.692839e+01 pm 1.824558e+01
A[19]= -7.064431e-02 pm 2.595913e-01
A[20]= -4.083841e+03 pm 1.097281e+04
A[21]= 2.180741e+03 pm 6.679675e+03
A[22]= -7.857150e+02 pm 1.426032e+03
A[23]= 1.102222e+01 pm 6.403042e+01
A[24]= -4.818693e-01 pm 1.271233e+00

Best-fitting parameters
A[0]= 9.132278e-01
A[1]= 9.926193e-01
A[2]= 9.203457e-01
A[3]= 2.792409e+00
A[4]= -6.550526e+03
A[5]= 3.689021e+03
A[6]= -4.165552e+02
A[7]= 2.148198e+01
A[8]= -2.883348e-01
A[9]= -2.036341e+03
A[10]= 1.425410e+03
A[11]= -7.018492e+02
A[12]= -2.262548e+01
A[13]= 2.921792e-01
A[14]= 3.564738e+00
A[15]= -8.433592e+03
A[16]= 5.717113e+03
A[17]= -9.998621e+02
A[18]= 8.982231e+00
A[19]= 3.707887e-02
A[20]= -7.410995e+03
A[21]= 5.047117e+03
A[22]= -1.598977e+03
A[23]= 3.182370e+00
A[24]= -6.903675e-02
chi2_min= 1.016256e+02


Cross-Covariance parameters
1.000000e+00	-4.967510e-01	-1.053541e-01	4.358638e-02	6.876614e-02	-6.581010e-02	5.521974e-02	2.754474e-02	-2.912758e-02	5.815542e-04	1.347341e-02	-4.690384e-02	1.129265e-01	-7.703373e-02	4.707746e-02	5.395647e-02	-5.171542e-02	4.143886e-02	2.975891e-02	-2.364144e-02	-9.997621e-03	2.866370e-02	-6.678963e-02	1.315689e-01	-9.740615e-02	
-4.967510e-01	1.000000e+00	1.746101e-01	-1.961159e-01	-2.426691e-02	2.478985e-02	-3.335149e-02	1.439278e-01	-1.264451e-01	1.640268e-02	-1.905503e-02	2.952367e-02	-1.156627e-01	6.563685e-02	-2.159276e-01	-7.587247e-03	5.793619e-03	-1.110203e-02	1.699322e-01	-1.613614e-01	-6.705970e-03	5.436232e-04	1.665309e-02	-9.107942e-02	5.631563e-02	
-1.053541e-01	1.746101e-01	1.000000e+00	-7.036463e-01	-1.257152e-02	1.142830e-02	-3.099509e-03	-2.856324e-02	1.648118e-02	-4.083563e-01	5.172784e-01	-6.411009e-01	-1.528480e-01	2.878734e-01	-7.003747e-01	-4.501441e-02	4.089657e-02	-3.108244e-02	-7.623594e-03	2.401843e-03	-4.133782e-01	5.281245e-01	-6.589442e-01	-2.119468e-01	3.427298e-01	
4.358638e-02	-1.961159e-01	-7.036463e-01	1.000000e+00	-5.072246e-01	5.624997e-01	-6.041509e-01	4.929878e-02	2.119244e-01	1.934233e-01	-2.522132e-01	3.273007e-01	5.896556e-02	-9.158982e-02	5.373623e-01	1.710412e-02	-1.366270e-02	7.857466e-03	-1.842122e-02	2.668838e-02	3.004760e-01	-3.817481e-01	4.741946e-01	1.559678e-01	-2.495286e-01	
6.876614e-02	-2.426691e-02	-1.257152e-02	-5.072246e-01	1.000000e+00	-9.850995e-01	9.444160e-01	-5.561396e-01	1.607168e-01	1.050493e-01	-1.456300e-01	1.846044e-01	1.073198e-01	-1.170119e-01	1.079825e-02	2.131914e-02	-2.144376e-02	2.029597e-02	8.649812e-03	-1.642919e-02	6.680341e-03	-1.121360e-02	1.498345e-02	1.702990e-02	-2.005219e-02	
-6.581010e-02	2.478985e-02	1.142830e-02	5.624997e-01	-9.850995e-01	1.000000e+00	-9.864423e-01	4.892517e-01	-8.254547e-02	-1.184774e-01	1.624385e-01	-2.045468e-01	-1.184670e-01	1.438865e-01	-1.054086e-02	-2.246871e-02	2.278459e-02	-2.184252e-02	-7.695894e-03	1.598906e-02	-8.729630e-03	1.342518e-02	-1.726368e-02	-1.455112e-02	1.819174e-02	
5.521974e-02	-3.335149e-02	-3.099509e-03	-6.041509e-01	9.444160e-01	-9.864423e-01	1.000000e+00	-4.173092e-01	1.384557e-02	1.290430e-01	-1.739348e-01	2.165715e-01	1.187332e-01	-1.554792e-01	7.646236e-03	2.106500e-02	-2.149840e-02	2.101546e-02	3.504439e-03	-1.206324e-02	6.714432e-03	-1.059643e-02	1.351626e-02	9.791655e-03	-1.255401e-02	
2.754474e-02	1.439278e-01	-2.856324e-02	4.929878e-02	-5.561396e-01	4.892517e-01	-4.173092e-01	1.000000e+00	-8.911910e-01	1.248370e-01	-1.079466e-01	7.856361e-02	-6.085342e-02	-1.154409e-01	-1.084521e-02	1.767647e-02	-1.657292e-02	1.198519e-02	2.939669e-02	-2.953788e-02	2.095931e-02	-2.417325e-02	2.784483e-02	5.633134e-03	-1.492826e-02	
-2.912758e-02	-1.264451e-01	1.648118e-02	2.119244e-01	1.607168e-01	-8.254547e-02	1.384557e-02	-8.911910e-01	1.000000e+00	-1.918194e-01	1.904057e-01	-1.729459e-01	2.867299e-02	1.949902e-01	1.737179e-02	-2.738242e-02	2.658818e-02	-2.243743e-02	-2.419877e-02	2.947382e-02	-1.886820e-02	2.214563e-02	-2.561845e-02	-4.825439e-03	1.360457e-02	
5.815542e-04	1.640268e-02	-4.083563e-01	1.934233e-01	1.050493e-01	-1.184774e-01	1.290430e-01	1.248370e-01	-1.918194e-01	1.000000e+00	-9.834711e-01	9.194592e-01	-6.977014e-01	4.917683e-01	3.021015e-01	1.476495e-02	-1.198850e-02	5.787633e-03	1.869968e-02	-1.253947e-02	1.925549e-01	-2.439562e-01	3.021930e-01	7.545375e-02	-1.405158e-01	
1.347341e-02	-1.905503e-02	5.172784e-01	-2.522132e-01	-1.456300e-01	1.624385e-01	-1.739348e-01	-1.079466e-01	1.904057e-01	-9.834711e-01	1.000000e+00	-9.747199e-01	6.384487e-01	-4.259203e-01	-3.820323e-01	-2.216685e-02	1.885496e-02	-1.145251e-02	-1.953746e-02	1.397902e-02	-2.420489e-01	3.077554e-01	-3.827023e-01	-9.869145e-02	1.810155e-01	
-4.690384e-02	2.952367e-02	-6.411009e-01	3.273007e-01	1.846044e-01	-2.045468e-01	2.165715e-01	7.856361e-02	-1.729459e-01	9.194592e-01	-9.747199e-01	1.000000e+00	-5.236850e-01	3.131710e-01	4.729154e-01	2.971191e-02	-2.597359e-02	1.753658e-02	2.065488e-02	-1.613348e-02	2.989226e-01	-3.814598e-01	4.763817e-01	1.237053e-01	-2.263927e-01	
1.129265e-01	-1.156627e-01	-1.528480e-01	5.896556e-02	1.073198e-01	-1.184670e-01	1.187332e-01	-6.085342e-02	2.867299e-02	-6.977014e-01	6.384487e-01	-5.236850e-01	1.000000e+00	-9.442180e-01	1.108839e-01	1.914259e-02	-1.962252e-02	1.898229e-02	-5.960618e-03	2.169801e-03	5.295499e-02	-6.902779e-02	8.603128e-02	5.585320e-02	-6.826311e-02	
-7.703373e-02	6.563685e-02	2.878734e-01	-9.158982e-02	-1.170119e-01	1.438865e-01	-1.554792e-01	-1.154409e-01	1.949902e-01	4.917683e-01	-4.259203e-01	3.131710e-01	-9.442180e-01	1.000000e+00	-2.046240e-01	-2.861383e-02	2.820867e-02	-2.540727e-02	-2.768813e-03	6.194461e-03	-1.183668e-01	1.530742e-01	-1.921229e-01	-8.010161e-02	1.164642e-01	
4.707746e-02	-2.159276e-01	-7.003747e-01	5.373623e-01	1.079825e-02	-1.054086e-02	7.646236e-03	-1.084521e-02	1.737179e-02	3.021015e-01	-3.820323e-01	4.729154e-01	1.108839e-01	-2.046240e-01	1.000000e+00	-4.785966e-01	5.410509e-01	-5.884885e-01	-4.090875e-02	2.733301e-01	2.106339e-01	-2.750618e-01	3.547761e-01	7.584475e-02	-1.251487e-01	
5.395647e-02	-7.587247e-03	-4.501441e-02	1.710412e-02	2.131914e-02	-2.246871e-02	2.106500e-02	1.767647e-02	-2.738242e-02	1.476495e-02	-2.216685e-02	2.971191e-02	1.914259e-02	-2.861383e-02	-4.785966e-01	1.000000e+00	-9.842740e-01	9.411938e-01	-4.903780e-01	1.253199e-01	1.688417e-01	-2.007177e-01	2.272238e-01	7.285034e-02	-1.060607e-01	
-5.171542e-02	5.793619e-03	4.089657e-02	-1.366270e-02	-2.144376e-02	2.278459e-02	-2.149840e-02	-1.657292e-02	2.658818e-02	-1.198850e-02	1.885496e-02	-2.597359e-02	-1.962252e-02	2.820867e-02	5.410509e-01	-9.842740e-01	1.000000e+00	-9.856052e-01	4.102920e-01	-3.453243e-02	-1.744449e-01	2.095100e-01	-2.391607e-01	-9.203165e-02	1.345442e-01	
4.143886e-02	-1.110203e-02	-3.108244e-02	7.857466e-03	2.029597e-02	-2.184252e-02	2.101546e-02	1.198519e-02	-2.243743e-02	5.787633e-03	-1.145251e-02	1.753658e-02	1.898229e-02	-2.540727e-02	-5.884885e-01	9.411938e-01	-9.856052e-01	1.000000e+00	-3.259955e-01	-4.686226e-02	1.722155e-01	-2.090404e-01	2.407164e-01	1.046870e-01	-1.527381e-01	
2.975891e-02	1.699322e-01	-7.623594e-03	-1.842122e-02	8.649812e-03	-7.695894e-03	3.504439e-03	2.939669e-02	-2.419877e-02	1.869968e-02	-1.953746e-02	2.065488e-02	-5.960618e-03	-2.768813e-03	-4.090875e-02	-4.903780e-01	4.102920e-01	-3.259955e-01	1.000000e+00	-9.113274e-01	-1.569640e-03	2.132047e-03	-4.259113e-03	8.383002e-02	-1.691319e-01	
-2.364144e-02	-1.613614e-01	2.401843e-03	2.668838e-02	-1.642919e-02	1.598906e-02	-1.206324e-02	-2.953788e-02	2.947382e-02	-1.253947e-02	1.397902e-02	-1.613348e-02	2.169801e-03	6.194461e-03	2.733301e-01	1.253199e-01	-3.453243e-02	-4.686226e-02	-9.113274e-01	1.000000e+00	-6.419203e-02	7.460908e-02	-8.008517e-02	-1.189795e-01	2.356105e-01	
-9.997621e-03	-6.705970e-03	-4.133782e-01	3.004760e-01	6.680341e-03	-8.729630e-03	6.714432e-03	2.095931e-02	-1.886820e-02	1.925549e-01	-2.420489e-01	2.989226e-01	5.295499e-02	-1.183668e-01	2.106339e-01	1.688417e-01	-1.744449e-01	1.722155e-01	-1.569640e-03	-6.419203e-02	1.000000e+00	-9.833216e-01	9.177817e-01	-6.608389e-01	4.819867e-01	
2.866370e-02	5.436232e-04	5.281245e-01	-3.817481e-01	-1.121360e-02	1.342518e-02	-1.059643e-02	-2.417325e-02	2.214563e-02	-2.439562e-01	3.077554e-01	-3.814598e-01	-6.902779e-02	1.530742e-01	-2.750618e-01	-2.007177e-01	2.095100e-01	-2.090404e-01	2.132047e-03	7.460908e-02	-9.833216e-01	1.000000e+00	-9.739533e-01	5.904424e-01	-4.032110e-01	
-6.678963e-02	1.665309e-02	-6.589442e-01	4.741946e-01	1.498345e-02	-1.726368e-02	1.351626e-02	2.784483e-02	-2.561845e-02	3.021930e-01	-3.827023e-01	4.763817e-01	8.603128e-02	-1.921229e-01	3.547761e-01	2.272238e-01	-2.391607e-01	2.407164e-01	-4.259113e-03	-8.008517e-02	9.177817e-01	-9.739533e-01	1.000000e+00	-4.621919e-01	2.731757e-01	
1.315689e-01	-9.107942e-02	-2.119468e-01	1.559678e-01	1.702990e-02	-1.455112e-02	9.791655e-03	5.633134e-03	-4.825439e-03	7.545375e-02	-9.869145e-02	1.237053e-01	5.585320e-02	-8.010161e-02	7.584475e-02	7.285034e-02	-9.203165e-02	1.046870e-01	8.383002e-02	-1.189795e-01	-6.608389e-01	5.904424e-01	-4.621919e-01	1.000000e+00	-9.637550e-01	
-9.740615e-02	5.631563e-02	3.427298e-01	-2.495286e-01	-2.005219e-02	1.819174e-02	-1.255401e-02	-1.492826e-02	1.360457e-02	-1.405158e-01	1.810155e-01	-2.263927e-01	-6.826311e-02	1.164642e-01	-1.251487e-01	-1.060607e-01	1.345442e-01	-1.527381e-01	-1.691319e-01	2.356105e-01	4.819867e-01	-4.032110e-01	2.731757e-01	-9.637550e-01	1.000000e+00	

Time taken for mcmc chain: 1.066667 hours
