Number of steps: 7794279
Number of accepted steps: 1000000
Burn-in number of steps: 320000
Accepted fraction of steps: 0.128299
Convergence Status
R[0]= 1.008200	R[1]= 1.021601	R[2]= 1.131765	R[3]= 1.111736	R[4]= 1.003750	R[5]= 1.004541	R[6]= 1.005017	R[7]= 1.000501	R[8]= 1.001397	R[9]= 1.009335	R[10]= 1.016589	R[11]= 1.028303	R[12]= 1.001378	R[13]= 1.005701	R[14]= 1.154429	R[15]= 1.019621	R[16]= 1.024182	R[17]= 1.027461	R[18]= 1.003211	R[19]= 1.000264	R[20]= 1.022212	R[21]= 1.032734	R[22]= 1.046975	R[23]= 1.000321	R[24]= 1.002738	
<R>= 1.027358

Mean parameters
A[0]= 9.805148e-01 pm 3.243164e-02
A[1]= 1.078273e+00 pm 3.072969e-02
A[2]= 1.125997e+00 pm 5.383376e-01
A[3]= 3.271137e+00 pm 1.053101e+00
A[4]= 4.232092e+01 pm 3.900952e+03
A[5]= -6.909272e+01 pm 2.570225e+03
A[6]= 3.759550e+02 pm 6.109729e+02
A[7]= -1.472453e+00 pm 1.408336e+01
A[8]= -4.860056e-02 pm 1.915343e-01
A[9]= 4.251417e+03 pm 9.279254e+03
A[10]= -1.841924e+03 pm 5.641442e+03
A[11]= -8.582913e+01 pm 1.208155e+03
A[12]= -6.162753e+01 pm 5.255582e+01
A[13]= 1.311020e+00 pm 1.019264e+00
A[14]= 5.240221e+00 pm 1.776440e+00
A[15]= -6.450375e+03 pm 5.411735e+03
A[16]= 5.370406e+03 pm 3.547985e+03
A[17]= -1.088028e+03 pm 8.410866e+02
A[18]= 3.577936e+00 pm 2.073768e+01
A[19]= 1.370721e-01 pm 2.735934e-01
A[20]= 9.787051e+03 pm 1.290302e+04
A[21]= -3.740439e+03 pm 7.883140e+03
A[22]= -2.457453e+02 pm 1.697339e+03
A[23]= -1.097459e+02 pm 7.343365e+01
A[24]= 1.968518e+00 pm 1.422221e+00

Best-fitting parameters
A[0]= 9.757253e-01
A[1]= 1.069434e+00
A[2]= 1.103081e+00
A[3]= 3.253448e+00
A[4]= 4.040583e+02
A[5]= -2.909759e+02
A[6]= 4.419944e+02
A[7]= -1.117104e+01
A[8]= 1.218658e-01
A[9]= 7.042332e+03
A[10]= -3.303533e+03
A[11]= 1.363532e+02
A[12]= -8.225749e+01
A[13]= 1.837954e+00
A[14]= 4.868664e+00
A[15]= -4.121915e+03
A[16]= 3.843595e+03
A[17]= -7.500709e+02
A[18]= -8.841477e+00
A[19]= 2.763675e-01
A[20]= 8.384198e+03
A[21]= -2.989662e+03
A[22]= -3.161562e+02
A[23]= -1.147426e+02
A[24]= 2.224740e+00
chi2_min= 9.616038e+01


Cross-Covariance parameters
1.000000e+00	-5.253981e-01	-2.013975e-01	1.436686e-01	5.718193e-02	-5.552739e-02	4.479377e-02	4.552046e-02	-5.004387e-02	-2.928154e-02	2.729580e-02	-3.898161e-02	1.638193e-01	-1.368999e-01	1.180884e-01	9.173750e-02	-9.373825e-02	8.436215e-02	6.588661e-02	-8.779435e-02	4.574149e-02	-4.183370e-02	1.679625e-02	1.509238e-01	-1.443161e-01	
-5.253981e-01	1.000000e+00	2.147169e-01	-2.135692e-01	-6.025220e-02	6.674717e-02	-7.810094e-02	1.157120e-01	-9.069699e-02	7.371522e-03	-2.990127e-03	4.423295e-03	-1.006089e-01	6.362775e-02	-2.292351e-01	-4.047658e-02	4.791470e-02	-6.023283e-02	1.094861e-01	-9.151162e-02	-4.449882e-02	4.386400e-02	-3.062416e-02	-6.981301e-02	5.139873e-02	
-2.013975e-01	2.147169e-01	1.000000e+00	-6.989077e-01	-1.196446e-01	1.355873e-01	-1.414052e-01	-1.130158e-03	5.723619e-02	-3.586593e-01	4.610961e-01	-5.798723e-01	-7.731129e-02	2.204983e-01	-7.643643e-01	-4.374583e-02	4.293147e-02	-3.385207e-02	-1.373660e-02	1.768295e-02	-3.865422e-01	4.889237e-01	-6.078685e-01	-8.813729e-02	2.373916e-01	
1.436686e-01	-2.135692e-01	-6.989077e-01	1.000000e+00	-4.261262e-01	4.751995e-01	-5.123688e-01	1.639925e-01	6.760218e-02	9.376909e-02	-1.241699e-01	1.629950e-01	2.281706e-02	-4.644008e-02	5.760936e-01	1.337941e-02	-8.376736e-03	-6.794027e-04	-2.012097e-03	9.962451e-03	2.712601e-01	-3.420592e-01	4.237856e-01	5.442341e-02	-1.536242e-01	
5.718193e-02	-6.025220e-02	-1.196446e-01	-4.261262e-01	1.000000e+00	-9.828146e-01	9.346629e-01	-6.874327e-01	2.997208e-01	2.144784e-01	-2.852364e-01	3.652047e-01	5.474120e-02	-9.824303e-02	8.761569e-02	4.022708e-02	-4.615806e-02	4.948199e-02	-6.754060e-03	-1.282810e-02	5.189918e-02	-6.919528e-02	8.946585e-02	3.583198e-02	-6.142534e-02	
-5.552739e-02	6.674717e-02	1.355873e-01	4.751995e-01	-9.828146e-01	1.000000e+00	-9.837027e-01	6.388505e-01	-2.322710e-01	-2.423674e-01	3.209441e-01	-4.100366e-01	-6.511638e-02	1.284681e-01	-1.021667e-01	-3.998536e-02	4.657506e-02	-5.053964e-02	6.691840e-03	1.323730e-02	-5.931000e-02	7.848425e-02	-1.011621e-01	-3.722062e-02	6.572957e-02	
4.479377e-02	-7.810094e-02	-1.414052e-01	-5.123688e-01	9.346629e-01	-9.837027e-01	1.000000e+00	-5.722160e-01	1.638233e-01	2.663397e-01	-3.492942e-01	4.433627e-01	6.396414e-02	-1.427198e-01	1.108743e-01	3.670214e-02	-4.385352e-02	4.878174e-02	-8.772853e-03	-1.048113e-02	6.202790e-02	-8.189082e-02	1.056979e-01	3.574519e-02	-6.493498e-02	
4.552046e-02	1.157120e-01	-1.130158e-03	1.639925e-01	-6.874327e-01	6.388505e-01	-5.722160e-01	1.000000e+00	-8.785670e-01	1.795369e-02	1.337763e-02	-5.894972e-02	-1.672112e-02	-1.188482e-01	-1.003648e-02	-1.308999e-02	1.628160e-02	-2.189457e-02	4.232873e-02	-3.443883e-02	5.869306e-03	-3.920663e-03	5.433688e-04	-4.503218e-03	1.978895e-03	
-5.004387e-02	-9.069699e-02	5.723619e-02	6.760218e-02	2.997208e-01	-2.322710e-01	1.638233e-01	-8.785670e-01	1.000000e+00	-1.530096e-01	1.562717e-01	-1.468346e-01	-5.135335e-03	2.230999e-01	-3.430091e-02	-2.942380e-03	2.922120e-03	5.225288e-04	-3.762911e-02	3.934100e-02	-3.097007e-02	3.771927e-02	-4.515946e-02	-1.014123e-02	2.603667e-02	
-2.928154e-02	7.371522e-03	-3.586593e-01	9.376909e-02	2.144784e-01	-2.423674e-01	2.663397e-01	1.795369e-02	-1.530096e-01	1.000000e+00	-9.835699e-01	9.178272e-01	-7.637639e-01	5.576918e-01	2.947374e-01	3.850471e-03	-5.110386e-03	3.672605e-03	9.731517e-03	-9.989646e-03	1.424283e-01	-1.855576e-01	2.396213e-01	3.084299e-02	-9.202986e-02	
2.729580e-02	-2.990127e-03	4.610961e-01	-1.241699e-01	-2.852364e-01	3.209441e-01	-3.492942e-01	1.337763e-02	1.562717e-01	-9.835699e-01	1.000000e+00	-9.736556e-01	7.113170e-01	-4.947429e-01	-3.758271e-01	-9.156356e-03	1.078226e-02	-8.824429e-03	-1.183058e-02	1.337291e-02	-1.843106e-01	2.395001e-01	-3.081892e-01	-4.006886e-02	1.187743e-01	
-3.898161e-02	4.423295e-03	-5.798723e-01	1.629950e-01	3.652047e-01	-4.100366e-01	4.433627e-01	-5.894972e-02	-1.468346e-01	9.178272e-01	-9.736556e-01	1.000000e+00	-5.983750e-01	3.782753e-01	4.705229e-01	1.437118e-02	-1.628470e-02	1.373910e-02	1.279046e-02	-1.546487e-02	2.342649e-01	-3.037700e-01	3.899588e-01	4.774350e-02	-1.475241e-01	
1.638193e-01	-1.006089e-01	-7.731129e-02	2.281706e-02	5.474120e-02	-6.511638e-02	6.396414e-02	-1.672112e-02	-5.135335e-03	-7.637639e-01	7.113170e-01	-5.983750e-01	1.000000e+00	-9.417613e-01	4.864015e-02	2.818672e-02	-2.784722e-02	2.484913e-02	3.775816e-03	-1.174926e-02	3.657533e-02	-3.989594e-02	3.898118e-02	1.995615e-02	-2.979484e-02	
-1.368999e-01	6.362775e-02	2.204983e-01	-4.644008e-02	-9.824303e-02	1.284681e-01	-1.427198e-01	-1.188482e-01	2.230999e-01	5.576918e-01	-4.947429e-01	3.782753e-01	-9.417613e-01	1.000000e+00	-1.631790e-01	-3.021201e-02	2.989889e-02	-2.541163e-02	-1.271807e-02	2.114939e-02	-9.717204e-02	1.184166e-01	-1.399886e-01	-2.890559e-02	6.629514e-02	
1.180884e-01	-2.292351e-01	-7.643643e-01	5.760936e-01	8.761569e-02	-1.021667e-01	1.108743e-01	-1.003648e-02	-3.430091e-02	2.947374e-01	-3.758271e-01	4.705229e-01	4.864015e-02	-1.631790e-01	1.000000e+00	-3.971393e-01	4.594727e-01	-5.099725e-01	9.673943e-02	1.179874e-01	1.721215e-01	-2.175620e-01	2.757890e-01	3.550784e-02	-9.374296e-02	
9.173750e-02	-4.047658e-02	-4.374583e-02	1.337941e-02	4.022708e-02	-3.998536e-02	3.670214e-02	-1.308999e-02	-2.942380e-03	3.850471e-03	-9.156356e-03	1.437118e-02	2.818672e-02	-3.021201e-02	-3.971393e-01	1.000000e+00	-9.808951e-01	9.261018e-01	-6.679938e-01	3.244155e-01	2.229831e-01	-2.751157e-01	3.264684e-01	2.251095e-02	-7.807290e-02	
-9.373825e-02	4.791470e-02	4.293147e-02	-8.376736e-03	-4.615806e-02	4.657506e-02	-4.385352e-02	1.628160e-02	2.922120e-03	-5.110386e-03	1.078226e-02	-1.628470e-02	-2.784722e-02	2.989889e-02	4.594727e-01	-9.808951e-01	1.000000e+00	-9.812545e-01	6.063729e-01	-2.409396e-01	-2.412271e-01	3.012707e-01	-3.615274e-01	-3.639760e-02	1.057123e-01	
8.436215e-02	-6.023283e-02	-3.385207e-02	-6.794027e-04	4.948199e-02	-5.053964e-02	4.878174e-02	-2.189457e-02	5.225288e-04	3.672605e-03	-8.824429e-03	1.373910e-02	2.484913e-02	-2.541163e-02	-5.099725e-01	9.261018e-01	-9.812545e-01	1.000000e+00	-5.242964e-01	1.531777e-01	2.501424e-01	-3.152301e-01	3.815333e-01	4.364934e-02	-1.221062e-01	
6.588661e-02	1.094861e-01	-1.373660e-02	-2.012097e-03	-6.754060e-03	6.691840e-03	-8.772853e-03	4.232873e-02	-3.762911e-02	9.731517e-03	-1.183058e-02	1.279046e-02	3.775816e-03	-1.271807e-02	9.673943e-02	-6.679938e-01	6.063729e-01	-5.242964e-01	1.000000e+00	-9.039324e-01	-5.705823e-02	7.127567e-02	-8.648979e-02	8.004375e-02	-1.383285e-01	
-8.779435e-02	-9.151162e-02	1.768295e-02	9.962451e-03	-1.282810e-02	1.323730e-02	-1.048113e-02	-3.443883e-02	3.934100e-02	-9.989646e-03	1.337291e-02	-1.546487e-02	-1.174926e-02	2.114939e-02	1.179874e-01	3.244155e-01	-2.409396e-01	1.531777e-01	-9.039324e-01	1.000000e+00	-4.213200e-02	5.235111e-02	-6.083796e-02	-1.091262e-01	2.198249e-01	
4.574149e-02	-4.449882e-02	-3.865422e-01	2.712601e-01	5.189918e-02	-5.931000e-02	6.202790e-02	5.869306e-03	-3.097007e-02	1.424283e-01	-1.843106e-01	2.342649e-01	3.657533e-02	-9.717204e-02	1.721215e-01	2.229831e-01	-2.412271e-01	2.501424e-01	-5.705823e-02	-4.213200e-02	1.000000e+00	-9.835667e-01	9.170686e-01	-7.460119e-01	5.653003e-01	
-4.183370e-02	4.386400e-02	4.889237e-01	-3.420592e-01	-6.919528e-02	7.848425e-02	-8.189082e-02	-3.920663e-03	3.771927e-02	-1.855576e-01	2.395001e-01	-3.037700e-01	-3.989594e-02	1.184166e-01	-2.175620e-01	-2.751157e-01	3.012707e-01	-3.152301e-01	7.127567e-02	5.235111e-02	-9.835667e-01	1.000000e+00	-9.731977e-01	6.870611e-01	-4.930716e-01	
1.679625e-02	-3.062416e-02	-6.078685e-01	4.237856e-01	8.946585e-02	-1.011621e-01	1.056979e-01	5.433688e-04	-4.515946e-02	2.396213e-01	-3.081892e-01	3.899588e-01	3.898118e-02	-1.399886e-01	2.757890e-01	3.264684e-01	-3.615274e-01	3.815333e-01	-8.648979e-02	-6.083796e-02	9.170686e-01	-9.731977e-01	1.000000e+00	-5.669793e-01	3.642410e-01	
1.509238e-01	-6.981301e-02	-8.813729e-02	5.442341e-02	3.583198e-02	-3.722062e-02	3.574519e-02	-4.503218e-03	-1.014123e-02	3.084299e-02	-4.006886e-02	4.774350e-02	1.995615e-02	-2.890559e-02	3.550784e-02	2.251095e-02	-3.639760e-02	4.364934e-02	8.004375e-02	-1.091262e-01	-7.460119e-01	6.870611e-01	-5.669793e-01	1.000000e+00	-9.592331e-01	
-1.443161e-01	5.139873e-02	2.373916e-01	-1.536242e-01	-6.142534e-02	6.572957e-02	-6.493498e-02	1.978895e-03	2.603667e-02	-9.202986e-02	1.187743e-01	-1.475241e-01	-2.979484e-02	6.629514e-02	-9.374296e-02	-7.807290e-02	1.057123e-01	-1.221062e-01	-1.383285e-01	2.198249e-01	5.653003e-01	-4.930716e-01	3.642410e-01	-9.592331e-01	1.000000e+00	

Time taken for mcmc chain: 54.683333 minutes
