Number of steps: 2700857
Number of accepted steps: 960000
Burn-in number of steps: 320000
Accepted fraction of steps: 0.355443
Convergence Status
R[0]= 1.007152	R[1]= 1.005637	R[2]= 1.142892	R[3]= 1.164184	R[4]= 1.085701	R[5]= 1.094597	R[6]= 1.099887	R[7]= 1.008107	R[8]= 1.012309	R[9]= 1.012510	R[10]= 1.016054	R[11]= 1.021888	R[12]= 1.004718	R[13]= 1.006611	R[14]= 1.028179	R[15]= 1.016687	R[16]= 1.023218	R[17]= 1.026890	R[18]= 1.011327	R[19]= 1.015788	R[20]= 1.032346	R[21]= 1.050921	R[22]= 1.080880	R[23]= 1.004865	R[24]= 1.013235	
<R>= 1.039463

Mean parameters
A[0]= 9.661817e-01 pm 3.904690e-02
A[1]= 1.092242e+00 pm 3.657008e-02
A[2]= 8.183311e-01 pm 5.351086e-01
A[3]= 2.861568e+00 pm 1.198665e+00
A[4]= -2.220450e+03 pm 3.838232e+03
A[5]= 3.962181e+02 pm 2.447393e+03
A[6]= 4.714295e+02 pm 5.397462e+02
A[7]= 9.794815e+00 pm 1.296300e+01
A[8]= -2.907608e-01 pm 1.868134e-01
A[9]= -4.053514e+03 pm 8.214324e+03
A[10]= 1.676049e+03 pm 4.785001e+03
A[11]= -4.082955e+02 pm 9.451714e+02
A[12]= 1.643102e+01 pm 4.808423e+01
A[13]= -5.825605e-01 pm 9.216448e-01
A[14]= 4.532619e+00 pm 1.699568e+00
A[15]= -7.782929e+03 pm 4.991945e+03
A[16]= 4.712223e+03 pm 3.182363e+03
A[17]= -5.621766e+02 pm 7.048368e+02
A[18]= -1.010052e+00 pm 1.983246e+01
A[19]= 6.251443e-02 pm 2.778991e-01
A[20]= -2.829214e+03 pm 1.196851e+04
A[21]= 1.263326e+03 pm 7.084185e+03
A[22]= -5.335657e+02 pm 1.430055e+03
A[23]= -1.592209e+01 pm 7.172285e+01
A[24]= 2.652471e-02 pm 1.391335e+00

Best-fitting parameters
A[0]= 9.374490e-01
A[1]= 1.099678e+00
A[2]= 9.547032e-01
A[3]= 2.773883e+00
A[4]= -5.259501e+03
A[5]= 2.173208e+03
A[6]= 1.434947e+02
A[7]= 1.285799e+01
A[8]= -2.831984e-01
A[9]= 8.937497e+02
A[10]= -9.170991e+02
A[11]= 4.833972e+01
A[12]= -4.883065e+01
A[13]= 6.278940e-01
A[14]= 3.982480e+00
A[15]= -7.631810e+03
A[16]= 4.633270e+03
A[17]= -5.311856e+02
A[18]= -7.491884e+00
A[19]= 1.477682e-01
A[20]= -8.277134e+03
A[21]= 4.834195e+03
A[22]= -1.245453e+03
A[23]= 8.132422e-01
A[24]= -2.204376e-01
chi2_min= 8.200638e+01


Cross-Covariance parameters
1.000000e+00	-5.214373e-01	-9.577193e-02	3.975323e-02	8.727930e-02	-8.364437e-02	7.149970e-02	4.770598e-02	-5.718633e-02	1.756935e-02	-2.339448e-03	-3.396656e-02	9.364715e-02	-7.245164e-02	1.185740e-01	1.016513e-02	2.380006e-03	-1.770250e-02	1.932779e-03	2.357002e-02	-2.591777e-02	4.772344e-02	-8.971503e-02	1.101149e-01	-7.079432e-02	
-5.214373e-01	1.000000e+00	2.108681e-01	-1.259233e-01	-1.384981e-01	1.462474e-01	-1.561129e-01	1.267763e-01	-7.174722e-02	-2.431271e-02	2.791348e-02	-2.265676e-02	-1.089012e-01	7.308376e-02	-2.732241e-01	-3.603849e-02	2.841126e-02	-2.858427e-02	2.236780e-01	-2.070101e-01	-1.458259e-02	3.799261e-03	1.992303e-02	-8.587433e-02	5.201884e-02	
-9.577193e-02	2.108681e-01	1.000000e+00	-7.173743e-01	1.007397e-01	-9.907261e-02	1.002323e-01	-3.574469e-02	-4.535568e-03	-3.447416e-01	4.323968e-01	-5.417752e-01	-1.569173e-01	2.342275e-01	-7.177447e-01	-6.287564e-02	6.044781e-02	-5.110404e-02	5.310660e-02	-5.879693e-02	-3.867718e-01	4.739000e-01	-5.794176e-01	-2.238304e-01	3.125279e-01	
3.975323e-02	-1.259233e-01	-7.173743e-01	1.000000e+00	-5.698538e-01	6.184800e-01	-6.541710e-01	-1.031124e-02	2.263715e-01	1.961229e-01	-2.360775e-01	2.919455e-01	1.069025e-03	-1.278592e-02	5.360466e-01	5.638702e-02	-5.711609e-02	5.194167e-02	-2.750821e-02	3.141612e-02	3.230429e-01	-3.911895e-01	4.731805e-01	1.398616e-01	-2.087085e-01	
8.727930e-02	-1.384981e-01	1.007397e-01	-5.698538e-01	1.000000e+00	-9.879101e-01	9.539579e-01	-4.960121e-01	1.717808e-01	2.246081e-02	-5.567262e-02	9.092659e-02	1.495644e-01	-1.226211e-01	-5.022832e-02	-1.091907e-02	1.015902e-02	-5.515452e-03	-3.014129e-02	3.103385e-02	-7.617366e-02	8.691401e-02	-1.018136e-01	-2.278569e-04	2.202394e-02	
-8.364437e-02	1.462474e-01	-9.907261e-02	6.184800e-01	-9.879101e-01	1.000000e+00	-9.884737e-01	4.344505e-01	-1.060737e-01	-2.975481e-02	6.612061e-02	-1.051119e-01	-1.658561e-01	1.499903e-01	4.796080e-02	1.529270e-02	-1.441062e-02	9.637439e-03	2.823890e-02	-2.797134e-02	8.111186e-02	-9.212214e-02	1.072978e-01	-4.821967e-03	-1.643211e-02	
7.149970e-02	-1.561129e-01	1.002323e-01	-6.541710e-01	9.539579e-01	-9.884737e-01	1.000000e+00	-3.717895e-01	5.086339e-02	3.932114e-02	-7.747893e-02	1.185895e-01	1.689890e-01	-1.612794e-01	-4.778179e-02	-1.826994e-02	1.721042e-02	-1.214790e-02	-2.914841e-02	2.705903e-02	-8.637008e-02	9.780428e-02	-1.132838e-01	8.260359e-03	1.257820e-02	
4.770598e-02	1.267763e-01	-3.574469e-02	-1.031124e-02	-4.960121e-01	4.344505e-01	-3.717895e-01	1.000000e+00	-9.211466e-01	1.344614e-01	-1.205288e-01	9.376772e-02	-4.026930e-02	-1.361268e-01	3.426788e-03	3.501868e-03	4.913577e-03	-1.787949e-02	4.194580e-02	-4.261302e-02	3.357955e-03	7.920127e-04	-3.323374e-03	3.000563e-02	-3.690030e-02	
-5.718633e-02	-7.174722e-02	-4.535568e-03	2.263715e-01	1.717808e-01	-1.060737e-01	5.086339e-02	-9.211466e-01	1.000000e+00	-1.524130e-01	1.500870e-01	-1.340766e-01	-1.014792e-02	2.122179e-01	1.482996e-02	-9.705058e-04	-7.714910e-03	1.942310e-02	-2.070951e-02	2.285933e-02	2.391032e-02	-3.284627e-02	4.157886e-02	-2.672283e-02	2.562878e-02	
1.756935e-02	-2.431271e-02	-3.447416e-01	1.961229e-01	2.246081e-02	-2.975481e-02	3.932114e-02	1.344614e-01	-1.524130e-01	1.000000e+00	-9.871192e-01	9.353029e-01	-7.272977e-01	5.731127e-01	2.524843e-01	2.069636e-02	-1.834429e-02	1.361284e-02	-1.639158e-02	2.228868e-02	1.389725e-01	-1.691192e-01	2.073488e-01	7.153640e-02	-1.033087e-01	
-2.339448e-03	2.791348e-02	4.323968e-01	-2.360775e-01	-5.567262e-02	6.612061e-02	-7.747893e-02	-1.205288e-01	1.500870e-01	-9.871192e-01	1.000000e+00	-9.791294e-01	6.926588e-01	-5.391707e-01	-3.158038e-01	-2.928631e-02	2.655155e-02	-2.074319e-02	2.190917e-02	-2.635782e-02	-1.677509e-01	2.071188e-01	-2.571551e-01	-9.785834e-02	1.375531e-01	
-3.396656e-02	-2.265676e-02	-5.417752e-01	2.919455e-01	9.092659e-02	-1.051119e-01	1.185895e-01	9.376772e-02	-1.340766e-01	9.353029e-01	-9.791294e-01	1.000000e+00	-6.126301e-01	4.675050e-01	3.946497e-01	3.728933e-02	-3.478371e-02	2.845181e-02	-2.540397e-02	2.840432e-02	2.076575e-01	-2.592114e-01	3.248909e-01	1.266488e-01	-1.775492e-01	
9.364715e-02	-1.089012e-01	-1.569173e-01	1.069025e-03	1.495644e-01	-1.658561e-01	1.689890e-01	-4.026930e-02	-1.014792e-02	-7.272977e-01	6.926588e-01	-6.126301e-01	1.000000e+00	-9.568397e-01	1.292048e-01	-5.263439e-03	3.983384e-03	-3.938890e-03	8.284639e-03	-8.143174e-03	5.950602e-02	-7.197753e-02	8.402405e-02	4.181121e-02	-5.609004e-02	
-7.245164e-02	7.308376e-02	2.342275e-01	-1.278592e-02	-1.226211e-01	1.499903e-01	-1.612794e-01	-1.361268e-01	2.122179e-01	5.731127e-01	-5.391707e-01	4.675050e-01	-9.568397e-01	1.000000e+00	-1.815998e-01	-3.892448e-04	-3.119592e-04	3.587022e-03	-6.838152e-03	7.085135e-03	-8.873972e-02	1.082357e-01	-1.300562e-01	-5.874407e-02	8.272217e-02	
1.185740e-01	-2.732241e-01	-7.177447e-01	5.360466e-01	-5.022832e-02	4.796080e-02	-4.778179e-02	3.426788e-03	1.482996e-02	2.524843e-01	-3.158038e-01	3.946497e-01	1.292048e-01	-1.815998e-01	1.000000e+00	-4.236212e-01	4.826658e-01	-5.303320e-01	-1.635108e-01	3.166783e-01	2.311965e-01	-2.726078e-01	3.264204e-01	5.157293e-02	-7.637157e-02	
1.016513e-02	-3.603849e-02	-6.287564e-02	5.638702e-02	-1.091907e-02	1.529270e-02	-1.826994e-02	3.501868e-03	-9.705058e-04	2.069636e-02	-2.928631e-02	3.728933e-02	-5.263439e-03	-3.892448e-04	-4.236212e-01	1.000000e+00	-9.850883e-01	9.426441e-01	-4.301882e-01	1.582466e-01	1.357979e-01	-1.677106e-01	1.998128e-01	1.214795e-01	-1.396391e-01	
2.380006e-03	2.841126e-02	6.044781e-02	-5.711609e-02	1.015902e-02	-1.441062e-02	1.721042e-02	4.913577e-03	-7.714910e-03	-1.834429e-02	2.655155e-02	-3.478371e-02	3.983384e-03	-3.119592e-04	4.826658e-01	-9.850883e-01	1.000000e+00	-9.854909e-01	3.508986e-01	-7.510355e-02	-1.424482e-01	1.798291e-01	-2.179502e-01	-1.379886e-01	1.635492e-01	
-1.770250e-02	-2.858427e-02	-5.110404e-02	5.194167e-02	-5.515452e-03	9.637439e-03	-1.214790e-02	-1.787949e-02	1.942310e-02	1.361284e-02	-2.074319e-02	2.845181e-02	-3.938890e-03	3.587022e-03	-5.303320e-01	9.426441e-01	-9.854909e-01	1.000000e+00	-2.691761e-01	2.427950e-04	1.441438e-01	-1.852616e-01	2.276242e-01	1.450725e-01	-1.753138e-01	
1.932779e-03	2.236780e-01	5.310660e-02	-2.750821e-02	-3.014129e-02	2.823890e-02	-2.914841e-02	4.194580e-02	-2.070951e-02	-1.639158e-02	2.190917e-02	-2.540397e-02	8.284639e-03	-6.838152e-03	-1.635108e-01	-4.301882e-01	3.508986e-01	-2.691761e-01	1.000000e+00	-9.450609e-01	-2.901592e-02	2.105422e-02	-1.399044e-02	1.009957e-01	-1.777336e-01	
2.357002e-02	-2.070101e-01	-5.879693e-02	3.141612e-02	3.103385e-02	-2.797134e-02	2.705903e-02	-4.261302e-02	2.285933e-02	2.228868e-02	-2.635782e-02	2.840432e-02	-8.143174e-03	7.085135e-03	3.166783e-01	1.582466e-01	-7.510355e-02	2.427950e-04	-9.450609e-01	1.000000e+00	-4.075357e-03	2.067999e-02	-3.532609e-02	-1.399122e-01	2.346679e-01	
-2.591777e-02	-1.458259e-02	-3.867718e-01	3.230429e-01	-7.617366e-02	8.111186e-02	-8.637008e-02	3.357955e-03	2.391032e-02	1.389725e-01	-1.677509e-01	2.076575e-01	5.950602e-02	-8.873972e-02	2.311965e-01	1.357979e-01	-1.424482e-01	1.441438e-01	-2.901592e-02	-4.075357e-03	1.000000e+00	-9.875140e-01	9.372028e-01	-6.832260e-01	5.539924e-01	
4.772344e-02	3.799261e-03	4.739000e-01	-3.911895e-01	8.691401e-02	-9.212214e-02	9.780428e-02	7.920127e-04	-3.284627e-02	-1.691192e-01	2.071188e-01	-2.592114e-01	-7.197753e-02	1.082357e-01	-2.726078e-01	-1.677106e-01	1.798291e-01	-1.852616e-01	2.105422e-02	2.067999e-02	-9.875140e-01	1.000000e+00	-9.798140e-01	6.319913e-01	-4.989331e-01	
-8.971503e-02	1.992303e-02	-5.794176e-01	4.731805e-01	-1.018136e-01	1.072978e-01	-1.132838e-01	-3.323374e-03	4.157886e-02	2.073488e-01	-2.571551e-01	3.248909e-01	8.402405e-02	-1.300562e-01	3.264204e-01	1.998128e-01	-2.179502e-01	2.276242e-01	-1.399044e-02	-3.532609e-02	9.372028e-01	-9.798140e-01	1.000000e+00	-5.348872e-01	4.024551e-01	
1.101149e-01	-8.587433e-02	-2.238304e-01	1.398616e-01	-2.278569e-04	-4.821967e-03	8.260359e-03	3.000563e-02	-2.672283e-02	7.153640e-02	-9.785834e-02	1.266488e-01	4.181121e-02	-5.874407e-02	5.157293e-02	1.214795e-01	-1.379886e-01	1.450725e-01	1.009957e-01	-1.399122e-01	-6.832260e-01	6.319913e-01	-5.348872e-01	1.000000e+00	-9.748143e-01	
-7.079432e-02	5.201884e-02	3.125279e-01	-2.087085e-01	2.202394e-02	-1.643211e-02	1.257820e-02	-3.690030e-02	2.562878e-02	-1.033087e-01	1.375531e-01	-1.775492e-01	-5.609004e-02	8.272217e-02	-7.637157e-02	-1.396391e-01	1.635492e-01	-1.753138e-01	-1.777336e-01	2.346679e-01	5.539924e-01	-4.989331e-01	4.024551e-01	-9.748143e-01	1.000000e+00	

Time taken for mcmc chain: 33.550000 minutes
