Number of steps: 3560300
Number of accepted steps: 960000
Burn-in number of steps: 320000
Accepted fraction of steps: 0.269640
Convergence Status
R[0]= 1.011995	R[1]= 1.068448	R[2]= 1.041655	R[3]= 1.013226	R[4]= 1.062655	R[5]= 1.076806	R[6]= 1.087402	R[7]= 1.008647	R[8]= 1.016702	R[9]= 1.045477	R[10]= 1.053634	R[11]= 1.061455	R[12]= 1.009151	R[13]= 1.019284	R[14]= 1.031928	R[15]= 1.004378	R[16]= 1.005861	R[17]= 1.008639	R[18]= 1.005689	R[19]= 1.007644	R[20]= 1.024129	R[21]= 1.027853	R[22]= 1.032474	R[23]= 1.016097	R[24]= 1.013395	
<R>= 1.030185

Mean parameters
A[0]= 1.033307e+00 pm 5.446996e-02
A[1]= 1.126600e+00 pm 5.408221e-02
A[2]= 1.227645e+00 pm 6.669167e-01
A[3]= 1.842290e+00 pm 1.033394e+00
A[4]= 1.045104e+03 pm 3.706338e+03
A[5]= -2.081844e+03 pm 2.305991e+03
A[6]= 1.108798e+03 pm 4.812971e+02
A[7]= -4.417995e-01 pm 1.304375e+01
A[8]= -2.495891e-01 pm 1.890647e-01
A[9]= -6.350894e+03 pm 8.367319e+03
A[10]= 2.707003e+03 pm 4.776178e+03
A[11]= -5.339632e+02 pm 8.976795e+02
A[12]= 1.542257e+01 pm 5.213774e+01
A[13]= -5.316741e-01 pm 9.998112e-01
A[14]= 2.307898e+00 pm 1.160847e+00
A[15]= -1.436934e+03 pm 4.763108e+03
A[16]= -5.085984e+01 pm 2.910886e+03
A[17]= 6.396419e+02 pm 5.981732e+02
A[18]= -2.218882e-01 pm 1.936955e+01
A[19]= -1.488407e-01 pm 2.657634e-01
A[20]= -1.705985e+03 pm 1.102866e+04
A[21]= 6.102283e+02 pm 6.301709e+03
A[22]= -3.819643e+02 pm 1.185699e+03
A[23]= -1.901372e+00 pm 6.927381e+01
A[24]= -4.751255e-01 pm 1.336341e+00

Best-fitting parameters
A[0]= 1.048476e+00
A[1]= 1.149875e+00
A[2]= 2.800585e-01
A[3]= 3.768073e+00
A[4]= -2.731459e+03
A[5]= 2.148757e+02
A[6]= 6.322811e+02
A[7]= 6.957902e+00
A[8]= -3.010621e-01
A[9]= -1.155476e+02
A[10]= -7.977297e+02
A[11]= 1.189086e+02
A[12]= 3.308400e+01
A[13]= -1.063493e+00
A[14]= 5.051807e+00
A[15]= -2.841451e+03
A[16]= 9.519592e+02
A[17]= 3.942573e+02
A[18]= -1.877260e+01
A[19]= 1.479895e-01
A[20]= -2.453294e+03
A[21]= 5.828999e+01
A[22]= -6.706885e+01
A[23]= 4.746897e+01
A[24]= -1.357923e+00
chi2_min= 9.746298e+01


Cross-Covariance parameters
1.000000e+00	-4.986809e-01	-2.444923e-01	4.823921e-02	1.117854e-01	-1.228935e-01	1.240267e-01	6.722146e-02	-7.112470e-02	2.331262e-02	-1.639196e-02	-5.572356e-03	1.556795e-01	-1.439534e-01	-1.896588e-02	1.602338e-01	-1.713378e-01	1.747243e-01	1.091251e-01	-1.095961e-01	8.502572e-02	-7.616059e-02	4.842549e-02	1.139634e-01	-1.083308e-01	
-4.986809e-01	1.000000e+00	2.544072e-01	6.513590e-02	-3.290440e-01	3.664804e-01	-3.981455e-01	-1.517006e-02	8.944321e-02	-1.121603e-01	1.219718e-01	-1.237940e-01	-1.719569e-01	1.788252e-01	6.682365e-02	-2.562295e-01	2.897321e-01	-3.222154e-01	-2.579161e-02	8.118572e-02	-8.461584e-02	9.203266e-02	-8.607846e-02	-1.173435e-01	1.257505e-01	
-2.444923e-01	2.544072e-01	1.000000e+00	-6.195127e-01	-8.483821e-02	1.011947e-01	-1.071762e-01	-6.611756e-03	7.849188e-03	-2.342160e-01	2.993979e-01	-3.751859e-01	-3.153062e-01	3.371991e-01	-5.217627e-01	-2.835904e-01	3.046575e-01	-3.117659e-01	-4.959991e-02	8.095734e-02	-3.296605e-01	4.027693e-01	-4.814334e-01	-3.082660e-01	3.567663e-01	
4.823921e-02	6.513590e-02	-6.195127e-01	1.000000e+00	-5.117848e-01	5.514009e-01	-5.807594e-01	-2.161338e-01	3.206529e-01	2.965412e-02	-4.174230e-02	6.407028e-02	5.787361e-02	-2.263461e-02	5.162348e-01	6.409089e-02	-5.940706e-02	4.764862e-02	-1.756368e-03	6.228554e-03	1.765177e-01	-2.215954e-01	2.748952e-01	1.922626e-01	-2.158118e-01	
1.117854e-01	-3.290440e-01	-8.483821e-02	-5.117848e-01	1.000000e+00	-9.887652e-01	9.583454e-01	-2.781742e-01	7.124469e-02	1.620382e-01	-2.048655e-01	2.493528e-01	1.944439e-01	-1.865568e-01	-7.059262e-02	9.487032e-02	-1.124982e-01	1.317287e-01	-1.583100e-02	-2.378959e-03	3.985069e-02	-4.463224e-02	4.671430e-02	8.750837e-03	-5.413596e-03	
-1.228935e-01	3.664804e-01	1.011947e-01	5.514009e-01	-9.887652e-01	1.000000e+00	-9.897636e-01	2.059706e-01	-4.349748e-03	-1.773484e-01	2.244393e-01	-2.733667e-01	-2.165471e-01	2.186042e-01	8.104809e-02	-1.142951e-01	1.341944e-01	-1.552798e-01	1.159468e-02	1.170250e-02	-4.797701e-02	5.498887e-02	-5.881327e-02	-1.433595e-02	1.407677e-02	
1.240267e-01	-3.981455e-01	-1.071762e-01	-5.807594e-01	9.583454e-01	-9.897636e-01	1.000000e+00	-1.469058e-01	-4.165272e-02	1.907696e-01	-2.405414e-01	2.924247e-01	2.221580e-01	-2.297151e-01	-9.466582e-02	1.291767e-01	-1.512908e-01	1.743406e-01	-7.769178e-03	-2.020654e-02	5.363061e-02	-6.200010e-02	6.680806e-02	1.688637e-02	-1.962867e-02	
6.722146e-02	-1.517006e-02	-6.611756e-03	-2.161338e-01	-2.781742e-01	2.059706e-01	-1.469058e-01	1.000000e+00	-9.563060e-01	1.506124e-01	-1.550635e-01	1.479156e-01	3.133496e-02	-1.971276e-01	-3.156267e-02	1.863965e-02	-1.729630e-02	1.417885e-02	2.006662e-02	-2.529235e-02	2.979608e-03	-3.776674e-03	2.021829e-03	1.487319e-04	-2.907438e-03	
-7.112470e-02	8.944321e-02	7.849188e-03	3.206529e-01	7.124469e-02	-4.349748e-03	-4.165272e-02	-9.563060e-01	1.000000e+00	-1.825088e-01	1.949216e-01	-1.950644e-01	-6.266894e-02	2.463190e-01	5.173708e-02	-3.750258e-02	3.782729e-02	-3.718251e-02	-1.092660e-02	2.026370e-02	2.625541e-03	-9.660793e-04	2.106154e-03	-1.718192e-03	2.123617e-03	
2.331262e-02	-1.121603e-01	-2.342160e-01	2.965412e-02	1.620382e-01	-1.773484e-01	1.907696e-01	1.506124e-01	-1.825088e-01	1.000000e+00	-9.897655e-01	9.514641e-01	-6.663114e-01	5.422464e-01	1.316830e-01	4.389582e-02	-5.168966e-02	5.799868e-02	3.138198e-02	-3.418275e-02	7.236546e-02	-9.039516e-02	1.105610e-01	7.317211e-02	-8.483440e-02	
-1.639196e-02	1.219718e-01	2.993979e-01	-4.174230e-02	-2.048655e-01	2.244393e-01	-2.405414e-01	-1.550635e-01	1.949216e-01	-9.897655e-01	1.000000e+00	-9.850899e-01	6.377580e-01	-5.169766e-01	-1.643903e-01	-6.070643e-02	7.038776e-02	-7.783263e-02	-3.456445e-02	3.962045e-02	-9.320706e-02	1.170774e-01	-1.440340e-01	-9.160415e-02	1.069105e-01	
-5.572356e-03	-1.237940e-01	-3.751859e-01	6.407028e-02	2.493528e-01	-2.733667e-01	2.924247e-01	1.479156e-01	-1.950644e-01	9.514641e-01	-9.850899e-01	1.000000e+00	-5.852423e-01	4.748577e-01	2.080397e-01	7.704016e-02	-8.862621e-02	9.720006e-02	3.405195e-02	-4.173011e-02	1.178868e-01	-1.488260e-01	1.843323e-01	1.108869e-01	-1.303610e-01	
1.556795e-01	-1.719569e-01	-3.153062e-01	5.787361e-02	1.944439e-01	-2.165471e-01	2.221580e-01	3.133496e-02	-6.266894e-02	-6.663114e-01	6.377580e-01	-5.852423e-01	1.000000e+00	-9.661742e-01	1.345163e-01	1.348605e-01	-1.436666e-01	1.482240e-01	-3.235067e-02	9.515204e-03	1.082493e-01	-1.325243e-01	1.565357e-01	8.230242e-02	-9.184766e-02	
-1.439534e-01	1.788252e-01	3.371991e-01	-2.263461e-02	-1.865568e-01	2.186042e-01	-2.297151e-01	-1.971276e-01	2.463190e-01	5.422464e-01	-5.169766e-01	4.748577e-01	-9.661742e-01	1.000000e+00	-1.453220e-01	-1.390989e-01	1.475130e-01	-1.516685e-01	3.149784e-02	-7.523971e-03	-1.132015e-01	1.403300e-01	-1.676109e-01	-8.483719e-02	9.453633e-02	
-1.896588e-02	6.682365e-02	-5.217627e-01	5.162348e-01	-7.059262e-02	8.104809e-02	-9.466582e-02	-3.156267e-02	5.173708e-02	1.316830e-01	-1.643903e-01	2.080397e-01	1.345163e-01	-1.453220e-01	1.000000e+00	-3.945940e-01	4.450970e-01	-4.868590e-01	-2.099626e-01	2.871557e-01	7.305480e-02	-8.698341e-02	1.075899e-01	1.092552e-02	-7.049773e-03	
1.602338e-01	-2.562295e-01	-2.835904e-01	6.409089e-02	9.487032e-02	-1.142951e-01	1.291767e-01	1.863965e-02	-3.750258e-02	4.389582e-02	-6.070643e-02	7.704016e-02	1.348605e-01	-1.390989e-01	-3.945940e-01	1.000000e+00	-9.879656e-01	9.523723e-01	-3.398493e-01	1.632489e-01	1.834401e-01	-2.324554e-01	2.814749e-01	2.155660e-01	-2.198604e-01	
-1.713378e-01	2.897321e-01	3.046575e-01	-5.940706e-02	-1.124982e-01	1.341944e-01	-1.512908e-01	-1.729630e-02	3.782729e-02	-5.168966e-02	7.038776e-02	-8.862621e-02	-1.436666e-01	1.475130e-01	4.450970e-01	-9.879656e-01	1.000000e+00	-9.874449e-01	2.758685e-01	-1.040319e-01	-1.980515e-01	2.519831e-01	-3.062688e-01	-2.380053e-01	2.470407e-01	
1.747243e-01	-3.222154e-01	-3.117659e-01	4.764862e-02	1.317287e-01	-1.552798e-01	1.743406e-01	1.417885e-02	-3.718251e-02	5.799868e-02	-7.783263e-02	9.720006e-02	1.482240e-01	-1.516685e-01	-4.868590e-01	9.523723e-01	-9.874449e-01	1.000000e+00	-2.209958e-01	6.226828e-02	2.049750e-01	-2.621805e-01	3.204183e-01	2.493742e-01	-2.599839e-01	
1.091251e-01	-2.579161e-02	-4.959991e-02	-1.756368e-03	-1.583100e-02	1.159468e-02	-7.769178e-03	2.006662e-02	-1.092660e-02	3.138198e-02	-3.456445e-02	3.405195e-02	-3.235067e-02	3.149784e-02	-2.099626e-01	-3.398493e-01	2.758685e-01	-2.209958e-01	1.000000e+00	-9.659338e-01	7.349515e-02	-7.756850e-02	7.605388e-02	1.170769e-01	-2.055437e-01	
-1.095961e-01	8.118572e-02	8.095734e-02	6.228554e-03	-2.378959e-03	1.170250e-02	-2.020654e-02	-2.529235e-02	2.026370e-02	-3.418275e-02	3.962045e-02	-4.173011e-02	9.515204e-03	-7.523971e-03	2.871557e-01	1.632489e-01	-1.040319e-01	6.226828e-02	-9.659338e-01	1.000000e+00	-9.863718e-02	1.110009e-01	-1.164597e-01	-1.546397e-01	2.569162e-01	
8.502572e-02	-8.461584e-02	-3.296605e-01	1.765177e-01	3.985069e-02	-4.797701e-02	5.363061e-02	2.979608e-03	2.625541e-03	7.236546e-02	-9.320706e-02	1.178868e-01	1.082493e-01	-1.132015e-01	7.305480e-02	1.834401e-01	-1.980515e-01	2.049750e-01	7.349515e-02	-9.863718e-02	1.000000e+00	-9.889767e-01	9.477318e-01	-6.464992e-01	5.369128e-01	
-7.616059e-02	9.203266e-02	4.027693e-01	-2.215954e-01	-4.463224e-02	5.498887e-02	-6.200010e-02	-3.776674e-03	-9.660793e-04	-9.039516e-02	1.170774e-01	-1.488260e-01	-1.325243e-01	1.403300e-01	-8.698341e-02	-2.324554e-01	2.519831e-01	-2.621805e-01	-7.756850e-02	1.110009e-01	-9.889767e-01	1.000000e+00	-9.839561e-01	6.139778e-01	-5.069616e-01	
4.842549e-02	-8.607846e-02	-4.814334e-01	2.748952e-01	4.671430e-02	-5.881327e-02	6.680806e-02	2.021829e-03	2.106154e-03	1.105610e-01	-1.440340e-01	1.843323e-01	1.565357e-01	-1.676109e-01	1.075899e-01	2.814749e-01	-3.062688e-01	3.204183e-01	7.605388e-02	-1.164597e-01	9.477318e-01	-9.839561e-01	1.000000e+00	-5.586360e-01	4.607432e-01	
1.139634e-01	-1.173435e-01	-3.082660e-01	1.922626e-01	8.750837e-03	-1.433595e-02	1.688637e-02	1.487319e-04	-1.718192e-03	7.317211e-02	-9.160415e-02	1.108869e-01	8.230242e-02	-8.483719e-02	1.092552e-02	2.155660e-01	-2.380053e-01	2.493742e-01	1.170769e-01	-1.546397e-01	-6.464992e-01	6.139778e-01	-5.586360e-01	1.000000e+00	-9.770044e-01	
-1.083308e-01	1.257505e-01	3.567663e-01	-2.158118e-01	-5.413596e-03	1.407677e-02	-1.962867e-02	-2.907438e-03	2.123617e-03	-8.483440e-02	1.069105e-01	-1.303610e-01	-9.184766e-02	9.453633e-02	-7.049773e-03	-2.198604e-01	2.470407e-01	-2.599839e-01	-2.055437e-01	2.569162e-01	5.369128e-01	-5.069616e-01	4.607432e-01	-9.770044e-01	1.000000e+00	

Time taken for mcmc chain: 48.350000 minutes
