Number of steps: 18153917
Number of accepted steps: 960000
Burn-in number of steps: 320000
Accepted fraction of steps: 0.052881
Convergence Status
R[0]= 1.000123	R[1]= 1.000538	R[2]= 1.000343	R[3]= 1.000139	R[4]= 1.000329	R[5]= 1.000410	R[6]= 1.000465	R[7]= 1.000398	R[8]= 1.000330	R[9]= 1.000531	R[10]= 1.000609	R[11]= 1.000669	R[12]= 1.000454	R[13]= 1.000548	R[14]= 1.000629	R[15]= 1.000103	R[16]= 1.000122	R[17]= 1.000166	R[18]= 1.000790	R[19]= 1.001789	R[20]= 1.000450	R[21]= 1.000675	R[22]= 1.000923	R[23]= 1.000432	R[24]= 1.000175	
<R>= 1.000486

Mean parameters
A[0]= 8.570752e-01 pm 2.846053e-02
A[1]= 9.155456e-01 pm 1.955999e-02
A[2]= 5.090438e-01 pm 3.334978e-01
A[3]= 4.617825e+00 pm 1.180672e+00
A[4]= 5.777388e+02 pm 3.649085e+03
A[5]= 1.191860e+03 pm 2.585478e+03
A[6]= -5.102814e+02 pm 7.053041e+02
A[7]= 1.805460e+01 pm 1.531214e+01
A[8]= -4.664857e-02 pm 1.763525e-01
A[9]= 7.837698e+03 pm 8.808054e+03
A[10]= -4.390484e+03 pm 5.591911e+03
A[11]= 4.679029e+02 pm 1.340006e+03
A[12]= -5.343619e+01 pm 4.872000e+01
A[13]= 1.277242e+00 pm 9.000981e-01
A[14]= 6.371419e+00 pm 1.765033e+00
A[15]= -5.069911e+03 pm 5.242186e+03
A[16]= 6.204926e+03 pm 3.729538e+03
A[17]= -2.030691e+03 pm 1.022646e+03
A[18]= 4.460608e+01 pm 2.275405e+01
A[19]= -1.807050e-01 pm 2.518564e-01
A[20]= 1.300503e+04 pm 1.179452e+04
A[21]= -5.703391e+03 pm 7.448295e+03
A[22]= 1.421625e+02 pm 1.775960e+03
A[23]= -3.270950e+01 pm 6.731961e+01
A[24]= 1.867538e-01 pm 1.257810e+00

Best-fitting parameters
A[0]= 8.445876e-01
A[1]= 9.068481e-01
A[2]= 4.987583e-01
A[3]= 4.143902e+00
A[4]= 2.297933e+03
A[5]= -8.284099e+01
A[6]= -1.617727e+02
A[7]= 1.469696e+01
A[8]= -8.765734e-02
A[9]= 7.969487e+03
A[10]= -4.617244e+03
A[11]= 5.782340e+02
A[12]= -5.460135e+01
A[13]= 1.221661e+00
A[14]= 6.832055e+00
A[15]= -6.305031e+03
A[16]= 7.373861e+03
A[17]= -2.380727e+03
A[18]= 4.701663e+01
A[19]= -1.489739e-01
A[20]= 1.049464e+04
A[21]= -4.371483e+03
A[22]= -1.237127e+02
A[23]= -3.110882e+01
A[24]= 1.128428e-01
chi2_min= 1.115059e+02


Cross-Covariance parameters
1.000000e+00	-4.732551e-01	-2.068947e-01	9.592641e-02	8.288689e-02	-8.283074e-02	6.735816e-02	1.128858e-02	-4.037341e-02	5.632990e-02	-6.223651e-02	4.529201e-02	1.003611e-01	-1.018106e-01	9.277935e-02	7.300448e-02	-7.084413e-02	5.613654e-02	2.884305e-02	-5.591610e-02	6.550722e-02	-6.882331e-02	4.767189e-02	1.144750e-01	-1.245057e-01	
-4.732551e-01	1.000000e+00	1.376094e-01	-1.890264e-01	5.719409e-02	-5.045031e-02	3.423498e-02	4.380024e-02	-8.643406e-02	-1.442103e-02	6.559404e-03	1.606396e-02	-6.861273e-02	2.825442e-02	-1.342306e-01	-1.395098e-02	2.475038e-02	-4.009991e-02	1.167860e-01	-1.307951e-01	-3.697386e-02	3.283047e-02	-1.090446e-02	-5.817147e-02	3.482097e-02	
-2.068947e-01	1.376094e-01	1.000000e+00	-6.489197e-01	-8.387299e-02	1.031074e-01	-1.104742e-01	-1.626446e-02	1.024001e-01	-4.725728e-01	6.179851e-01	-7.710347e-01	1.662829e-01	1.395146e-01	-6.652374e-01	-8.413547e-03	1.299760e-02	-1.223848e-02	-6.175618e-02	8.114549e-02	-4.393627e-01	5.843301e-01	-7.454434e-01	1.238523e-01	1.449510e-01	
9.592641e-02	-1.890264e-01	-6.489197e-01	1.000000e+00	-5.161173e-01	5.844362e-01	-6.284631e-01	4.238695e-01	-8.051656e-02	2.209757e-01	-2.862246e-01	3.564189e-01	-9.962151e-02	-3.650738e-02	4.503394e-01	-5.414758e-03	1.139311e-03	1.813255e-03	2.365630e-02	-2.819152e-02	2.878152e-01	-3.807790e-01	4.839832e-01	-8.747840e-02	-8.332439e-02	
8.288689e-02	5.719409e-02	-8.387299e-02	-5.161173e-01	1.000000e+00	-9.757769e-01	9.119172e-01	-8.526335e-01	4.373711e-01	1.113431e-01	-1.644687e-01	2.213251e-01	-4.814496e-03	-2.907462e-02	4.309515e-02	1.811497e-02	-1.992189e-02	1.815077e-02	1.349293e-02	-2.718212e-02	4.055888e-02	-5.567258e-02	7.175252e-02	-4.261374e-04	-2.990603e-02	
-8.283074e-02	-5.045031e-02	1.031074e-01	5.844362e-01	-9.757769e-01	1.000000e+00	-9.790256e-01	8.266971e-01	-3.552243e-01	-1.358559e-01	1.967209e-01	-2.618515e-01	9.716003e-03	5.157463e-02	-5.550020e-02	-2.076361e-02	2.277564e-02	-2.114894e-02	-1.201966e-02	2.773773e-02	-4.916987e-02	6.760071e-02	-8.743959e-02	2.943022e-03	3.297726e-02	
6.735816e-02	3.423498e-02	-1.104742e-01	-6.284631e-01	9.119172e-01	-9.790256e-01	1.000000e+00	-7.657759e-01	2.632041e-01	1.574396e-01	-2.214675e-01	2.894890e-01	-2.225635e-02	-6.024946e-02	6.245173e-02	2.112250e-02	-2.339574e-02	2.249955e-02	7.238230e-03	-2.317015e-02	5.286444e-02	-7.279967e-02	9.456949e-02	-6.345422e-03	-3.141506e-02	
1.128858e-02	4.380024e-02	-1.626446e-02	4.238695e-01	-8.526335e-01	8.266971e-01	-7.657759e-01	1.000000e+00	-8.042775e-01	1.739598e-02	2.011820e-02	-6.938688e-02	-2.984518e-02	-6.394507e-02	1.466393e-02	-1.279441e-02	1.597160e-02	-1.916311e-02	2.260753e-02	-1.593775e-02	1.003345e-02	-9.973070e-03	9.183168e-03	-9.479294e-03	7.823200e-03	
-4.037341e-02	-8.643406e-02	1.024001e-01	-8.051656e-02	4.373711e-01	-3.552243e-01	2.632041e-01	-8.042775e-01	1.000000e+00	-1.596493e-01	1.570047e-01	-1.392163e-01	6.798365e-02	1.565460e-01	-7.061700e-02	7.598778e-03	-9.933576e-03	1.413419e-02	-3.597820e-02	3.612492e-02	-5.407249e-02	6.909768e-02	-8.482100e-02	2.295216e-02	7.870577e-03	
5.632990e-02	-1.442103e-02	-4.725728e-01	2.209757e-01	1.113431e-01	-1.358559e-01	1.574396e-01	1.739598e-02	-1.596493e-01	1.000000e+00	-9.763775e-01	8.813485e-01	-8.586829e-01	6.122230e-01	3.116033e-01	9.790955e-03	-1.310790e-02	1.359791e-02	3.147394e-02	-4.839591e-02	2.174268e-01	-2.891745e-01	3.698095e-01	-6.856739e-02	-6.695990e-02	
-6.223651e-02	6.559404e-03	6.179851e-01	-2.862246e-01	-1.644687e-01	1.967209e-01	-2.214675e-01	2.011820e-02	1.570047e-01	-9.763775e-01	1.000000e+00	-9.616072e-01	8.140421e-01	-5.304568e-01	-4.091015e-01	-1.120418e-02	1.535698e-02	-1.577418e-02	-4.087345e-02	6.140558e-02	-2.829713e-01	3.773978e-01	-4.840629e-01	9.035110e-02	8.726719e-02	
4.529201e-02	1.606396e-02	-7.710347e-01	3.564189e-01	2.213251e-01	-2.618515e-01	2.894890e-01	-6.938688e-02	-1.392163e-01	8.813485e-01	-9.616072e-01	1.000000e+00	-6.873169e-01	3.711194e-01	5.128609e-01	1.091309e-02	-1.591068e-02	1.645886e-02	5.090226e-02	-7.456822e-02	3.523485e-01	-4.714215e-01	6.070259e-01	-1.167127e-01	-1.063449e-01	
1.003611e-01	-6.861273e-02	1.662829e-01	-9.962151e-02	-4.814496e-03	9.716003e-03	-2.225635e-02	-2.984518e-02	6.798365e-02	-8.586829e-01	8.140421e-01	-6.873169e-01	1.000000e+00	-9.058451e-01	-1.069622e-01	-4.024855e-04	2.696042e-03	-5.168888e-03	-1.024150e-02	1.942409e-02	-7.999321e-02	1.092505e-01	-1.456897e-01	3.982161e-02	1.632651e-02	
-1.018106e-01	2.825442e-02	1.395146e-01	-3.650738e-02	-2.907462e-02	5.157463e-02	-6.024946e-02	-6.394507e-02	1.565460e-01	6.122230e-01	-5.304568e-01	3.711194e-01	-9.058451e-01	1.000000e+00	-9.939292e-02	4.451006e-04	-1.785956e-03	5.111255e-03	-1.647073e-02	1.433625e-02	-6.148971e-02	7.993304e-02	-9.816182e-02	1.108305e-02	2.285614e-02	
9.277935e-02	-1.342306e-01	-6.652374e-01	4.503394e-01	4.309515e-02	-5.550020e-02	6.245173e-02	1.466393e-02	-7.061700e-02	3.116033e-01	-4.091015e-01	5.128609e-01	-1.069622e-01	-9.939292e-02	1.000000e+00	-5.499667e-01	6.287519e-01	-6.794833e-01	4.255542e-01	-5.930137e-02	1.956609e-01	-2.621441e-01	3.421090e-01	-7.230152e-02	-4.652291e-02	
7.300448e-02	-1.395098e-02	-8.413547e-03	-5.414758e-03	1.811497e-02	-2.076361e-02	2.112250e-02	-1.279441e-02	7.598778e-03	9.790955e-03	-1.120418e-02	1.091309e-02	-4.024855e-04	4.451006e-04	-5.499667e-01	1.000000e+00	-9.755203e-01	9.105433e-01	-8.542921e-01	4.709647e-01	1.536764e-01	-1.890828e-01	2.181523e-01	-5.678223e-02	1.273515e-02	
-7.084413e-02	2.475038e-02	1.299760e-02	1.139311e-03	-1.992189e-02	2.277564e-02	-2.339574e-02	1.597160e-02	-9.933576e-03	-1.310790e-02	1.535698e-02	-1.591068e-02	2.696042e-03	-1.785956e-03	6.287519e-01	-9.755203e-01	1.000000e+00	-9.786403e-01	8.237192e-01	-3.832173e-01	-1.638648e-01	2.074401e-01	-2.455919e-01	5.009660e-02	1.118977e-02	
5.613654e-02	-4.009991e-02	-1.223848e-02	1.813255e-03	1.815077e-02	-2.114894e-02	2.249955e-02	-1.916311e-02	1.413419e-02	1.359791e-02	-1.577418e-02	1.645886e-02	-5.168888e-03	5.111255e-03	-6.794833e-01	9.105433e-01	-9.786403e-01	1.000000e+00	-7.566843e-01	2.816357e-01	1.657679e-01	-2.144335e-01	2.588682e-01	-4.377944e-02	-2.978671e-02	
2.884305e-02	1.167860e-01	-6.175618e-02	2.365630e-02	1.349293e-02	-1.201966e-02	7.238230e-03	2.260753e-02	-3.597820e-02	3.147394e-02	-4.087345e-02	5.090226e-02	-1.024150e-02	-1.647073e-02	4.255542e-01	-8.542921e-01	8.237192e-01	-7.566843e-01	1.000000e+00	-8.269043e-01	-7.688373e-02	9.602541e-02	-1.107163e-01	7.969060e-02	-1.176260e-01	
-5.591610e-02	-1.307951e-01	8.114549e-02	-2.819152e-02	-2.718212e-02	2.773773e-02	-2.317015e-02	-1.593775e-02	3.612492e-02	-4.839591e-02	6.140558e-02	-7.456822e-02	1.942409e-02	1.433625e-02	-5.930137e-02	4.709647e-01	-3.832173e-01	2.816357e-01	-8.269043e-01	1.000000e+00	-2.218763e-02	2.998807e-02	-3.953006e-02	-7.711868e-02	1.987470e-01	
6.550722e-02	-3.697386e-02	-4.393627e-01	2.878152e-01	4.055888e-02	-4.916987e-02	5.286444e-02	1.003345e-02	-5.407249e-02	2.174268e-01	-2.829713e-01	3.523485e-01	-7.999321e-02	-6.148971e-02	1.956609e-01	1.536764e-01	-1.638648e-01	1.657679e-01	-7.688373e-02	-2.218763e-02	1.000000e+00	-9.764629e-01	8.779038e-01	-8.504201e-01	6.463254e-01	
-6.882331e-02	3.283047e-02	5.843301e-01	-3.807790e-01	-5.567258e-02	6.760071e-02	-7.279967e-02	-9.973070e-03	6.909768e-02	-2.891745e-01	3.773978e-01	-4.714215e-01	1.092505e-01	7.993304e-02	-2.621441e-01	-1.890828e-01	2.074401e-01	-2.144335e-01	9.602541e-02	2.998807e-02	-9.764629e-01	1.000000e+00	-9.593911e-01	8.057854e-01	-5.659954e-01	
4.767189e-02	-1.090446e-02	-7.454434e-01	4.839832e-01	7.175252e-02	-8.743959e-02	9.456949e-02	9.183168e-03	-8.482100e-02	3.698095e-01	-4.840629e-01	6.070259e-01	-1.456897e-01	-9.816182e-02	3.421090e-01	2.181523e-01	-2.455919e-01	2.588682e-01	-1.107163e-01	-3.953006e-02	8.779038e-01	-9.593911e-01	1.000000e+00	-6.746254e-01	4.005179e-01	
1.144750e-01	-5.817147e-02	1.238523e-01	-8.747840e-02	-4.261374e-04	2.943022e-03	-6.345422e-03	-9.479294e-03	2.295216e-02	-6.856739e-02	9.035110e-02	-1.167127e-01	3.982161e-02	1.108305e-02	-7.230152e-02	-5.678223e-02	5.009660e-02	-4.377944e-02	7.969060e-02	-7.711868e-02	-8.504201e-01	8.057854e-01	-6.746254e-01	1.000000e+00	-9.331046e-01	
-1.245057e-01	3.482097e-02	1.449510e-01	-8.332439e-02	-2.990603e-02	3.297726e-02	-3.141506e-02	7.823200e-03	7.870577e-03	-6.695990e-02	8.726719e-02	-1.063449e-01	1.632651e-02	2.285614e-02	-4.652291e-02	1.273515e-02	1.118977e-02	-2.978671e-02	-1.176260e-01	1.987470e-01	6.463254e-01	-5.659954e-01	4.005179e-01	-9.331046e-01	1.000000e+00	

Time taken for mcmc chain: 1.415000 hours
