Number of steps: 17079450
Number of accepted steps: 960000
Burn-in number of steps: 320000
Accepted fraction of steps: 0.056208
Convergence Status
R[0]= 1.000858	R[1]= 1.000519	R[2]= 1.029800	R[3]= 1.012807	R[4]= 1.001321	R[5]= 1.001622	R[6]= 1.001795	R[7]= 1.000204	R[8]= 1.000179	R[9]= 1.000923	R[10]= 1.001905	R[11]= 1.003959	R[12]= 1.000323	R[13]= 1.001300	R[14]= 1.010589	R[15]= 1.000861	R[16]= 1.001177	R[17]= 1.001424	R[18]= 1.000102	R[19]= 1.000215	R[20]= 1.004602	R[21]= 1.006172	R[22]= 1.008354	R[23]= 1.000131	R[24]= 1.000587	
<R>= 1.003669

Mean parameters
A[0]= 8.995826e-01 pm 2.889056e-02
A[1]= 9.928765e-01 pm 2.440919e-02
A[2]= 6.669445e-01 pm 4.576933e-01
A[3]= 3.951589e+00 pm 1.211131e+00
A[4]= -4.507790e+03 pm 3.827166e+03
A[5]= 2.792407e+03 pm 2.583881e+03
A[6]= -3.610024e+02 pm 6.373411e+02
A[7]= 1.481202e+01 pm 1.373980e+01
A[8]= -1.116710e-01 pm 1.791843e-01
A[9]= -8.397453e+02 pm 8.736054e+03
A[10]= 9.144942e+01 pm 5.426486e+03
A[11]= -2.248965e+02 pm 1.219497e+03
A[12]= -2.215217e+01 pm 4.828319e+01
A[13]= 5.875884e-01 pm 9.327774e-01
A[14]= 5.445361e+00 pm 1.739646e+00
A[15]= -6.615136e+03 pm 5.318062e+03
A[16]= 5.696297e+03 pm 3.590562e+03
A[17]= -1.333027e+03 pm 8.890811e+02
A[18]= 1.225826e+01 pm 2.001190e+01
A[19]= 1.155117e-01 pm 2.590454e-01
A[20]= 9.664448e+03 pm 1.204228e+04
A[21]= -4.444179e+03 pm 7.491538e+03
A[22]= 1.372016e+02 pm 1.681536e+03
A[23]= -5.783466e+01 pm 6.663102e+01
A[24]= 8.638023e-01 pm 1.295268e+00

Best-fitting parameters
A[0]= 8.961028e-01
A[1]= 9.952560e-01
A[2]= 6.010466e-01
A[3]= 4.271451e+00
A[4]= -3.866653e+03
A[5]= 2.776901e+03
A[6]= -4.648569e+02
A[7]= 1.043686e+01
A[8]= -3.518856e-02
A[9]= -4.499903e+03
A[10]= 2.318271e+03
A[11]= -6.599642e+02
A[12]= -8.134593e-01
A[13]= 2.704949e-01
A[14]= 5.902412e+00
A[15]= -8.244452e+03
A[16]= 6.985450e+03
A[17]= -1.666547e+03
A[18]= 1.364095e+01
A[19]= 1.884895e-01
A[20]= 1.077600e+04
A[21]= -4.958170e+03
A[22]= 1.900162e+02
A[23]= -6.931005e+01
A[24]= 1.235839e+00
chi2_min= 1.056783e+02


Cross-Covariance parameters
1.000000e+00	-4.729278e-01	-1.451850e-01	8.075099e-02	4.177152e-02	-4.905171e-02	4.503771e-02	5.680491e-02	-6.891271e-02	-7.112876e-03	7.148953e-03	-2.222409e-02	1.605979e-01	-1.450155e-01	7.349180e-02	7.825402e-02	-7.811467e-02	6.794838e-02	3.851132e-02	-5.713214e-02	3.049417e-02	-2.848549e-02	7.340911e-03	1.405542e-01	-1.313894e-01	
-4.729278e-01	1.000000e+00	1.831424e-01	-1.923978e-01	3.801587e-03	6.299590e-03	-2.326795e-02	1.139380e-01	-1.193809e-01	6.263020e-03	-4.668117e-03	8.780679e-03	-1.086467e-01	7.080079e-02	-2.118623e-01	9.509616e-05	1.995358e-03	-1.182969e-02	1.249473e-01	-1.375375e-01	-3.322898e-02	3.443050e-02	-2.369708e-02	-7.226306e-02	5.064345e-02	
-1.451850e-01	1.831424e-01	1.000000e+00	-7.211204e-01	-5.266181e-03	1.272246e-02	-1.189370e-02	-5.570155e-02	5.776959e-02	-4.398279e-01	5.652569e-01	-7.029037e-01	-1.995800e-02	2.371612e-01	-7.102813e-01	-2.944020e-02	2.333372e-02	-1.271961e-02	-3.432645e-02	3.177201e-02	-4.521955e-01	5.715988e-01	-7.051031e-01	-3.513115e-02	2.424496e-01	
8.075099e-02	-1.923978e-01	-7.211204e-01	1.000000e+00	-5.054277e-01	5.554478e-01	-5.927813e-01	2.606496e-01	5.028662e-02	2.442674e-01	-3.152140e-01	3.969592e-01	-2.237196e-02	-8.512839e-02	5.495075e-01	5.758418e-03	-2.675661e-03	-2.165709e-03	1.709898e-02	-7.863521e-03	3.262701e-01	-4.156541e-01	5.167577e-01	3.302519e-02	-1.826848e-01	
4.177152e-02	3.801587e-03	-5.266181e-03	-5.054277e-01	1.000000e+00	-9.834716e-01	9.381598e-01	-7.392951e-01	3.029395e-01	9.236853e-02	-1.364272e-01	1.828137e-01	8.178252e-02	-9.845324e-02	3.325062e-03	3.269652e-02	-3.432085e-02	3.384372e-02	-9.034613e-03	-8.173026e-03	2.231403e-02	-2.646189e-02	2.982620e-02	3.475583e-03	-1.193429e-02	
-4.905171e-02	6.299590e-03	1.272246e-02	5.554478e-01	-9.834716e-01	1.000000e+00	-9.848564e-01	6.914189e-01	-2.267250e-01	-1.090813e-01	1.576805e-01	-2.086918e-01	-8.877230e-02	1.227203e-01	-1.088217e-02	-3.462077e-02	3.612533e-02	-3.548757e-02	1.122456e-02	6.492702e-03	-2.837480e-02	3.342514e-02	-3.741128e-02	-2.573492e-03	1.303267e-02	
4.503771e-02	-2.326795e-02	-1.189370e-02	-5.927813e-01	9.381598e-01	-9.848564e-01	1.000000e+00	-6.266442e-01	1.518113e-01	1.241225e-01	-1.741241e-01	2.261107e-01	8.413207e-02	-1.308129e-01	1.404835e-02	3.377888e-02	-3.517813e-02	3.481531e-02	-1.599946e-02	-1.106530e-03	2.949772e-02	-3.425699e-02	3.772855e-02	1.585192e-04	-1.017810e-02	
5.680491e-02	1.139380e-01	-5.570155e-02	2.606496e-01	-7.392951e-01	6.914189e-01	-6.266442e-01	1.000000e+00	-8.441545e-01	8.439856e-02	-5.854152e-02	1.997816e-02	-7.739134e-02	-6.036905e-02	2.327908e-02	-7.402472e-03	9.183720e-03	-1.336437e-02	4.415237e-02	-3.880820e-02	2.177734e-02	-2.798263e-02	3.443527e-02	5.659342e-03	-2.027999e-02	
-6.891271e-02	-1.193809e-01	5.776959e-02	5.028662e-02	3.029395e-01	-2.267250e-01	1.518113e-01	-8.441545e-01	1.000000e+00	-1.811303e-01	1.773840e-01	-1.574554e-01	5.272144e-02	1.637704e-01	-2.942703e-02	-5.431119e-03	4.407290e-03	-8.924985e-05	-4.034172e-02	4.269506e-02	-3.621812e-02	4.472977e-02	-5.298612e-02	-3.158204e-03	2.314125e-02	
-7.112876e-03	6.263020e-03	-4.398279e-01	2.442674e-01	9.236853e-02	-1.090813e-01	1.241225e-01	8.439856e-02	-1.811303e-01	1.000000e+00	-9.803734e-01	9.034284e-01	-7.703222e-01	5.320484e-01	3.317818e-01	1.817946e-02	-1.537607e-02	9.846628e-03	1.033930e-02	-1.099926e-02	2.196891e-01	-2.792608e-01	3.471791e-01	1.480524e-03	-1.049666e-01	
7.148953e-03	-4.668117e-03	5.652569e-01	-3.152140e-01	-1.364272e-01	1.576805e-01	-1.741241e-01	-5.854152e-02	1.773840e-01	-9.803734e-01	1.000000e+00	-9.693934e-01	7.082747e-01	-4.512748e-01	-4.249818e-01	-2.372127e-02	2.068305e-02	-1.412553e-02	-1.655102e-02	1.887002e-02	-2.826132e-01	3.589448e-01	-4.459930e-01	-3.998241e-03	1.371051e-01	
-2.222409e-02	8.780679e-03	-7.029037e-01	3.969592e-01	1.828137e-01	-2.086918e-01	2.261107e-01	1.997816e-02	-1.574554e-01	9.034284e-01	-9.693934e-01	1.000000e+00	-5.771961e-01	3.092590e-01	5.275103e-01	2.804758e-02	-2.457236e-02	1.690815e-02	2.333726e-02	-2.695847e-02	3.513666e-01	-4.461401e-01	5.545792e-01	5.011114e-03	-1.708993e-01	
1.605979e-01	-1.086467e-01	-1.995800e-02	-2.237196e-02	8.178252e-02	-8.877230e-02	8.413207e-02	-7.739134e-02	5.272144e-02	-7.703222e-01	7.082747e-01	-5.771961e-01	1.000000e+00	-9.301274e-01	6.216367e-03	1.226607e-02	-1.335942e-02	1.342410e-02	6.968322e-03	-1.271524e-02	-7.631590e-04	2.842438e-03	-8.266119e-03	2.756057e-02	-2.311228e-02	
-1.450155e-01	7.080079e-02	2.371612e-01	-8.512839e-02	-9.845324e-02	1.227203e-01	-1.308129e-01	-6.036905e-02	1.637704e-01	5.320484e-01	-4.512748e-01	3.092590e-01	-9.301274e-01	1.000000e+00	-1.642182e-01	-1.932855e-02	1.927736e-02	-1.663540e-02	-2.274362e-02	2.988993e-02	-1.088063e-01	1.363216e-01	-1.649296e-01	-2.586037e-02	7.434086e-02	
7.349180e-02	-2.118623e-01	-7.102813e-01	5.495075e-01	3.325062e-03	-1.088217e-02	1.404835e-02	2.327908e-02	-2.942703e-02	3.317818e-01	-4.249818e-01	5.275103e-01	6.216367e-03	-1.642182e-01	1.000000e+00	-4.802841e-01	5.490270e-01	-6.002289e-01	1.770481e-01	1.290179e-01	2.270859e-01	-2.918491e-01	3.716410e-01	2.635448e-03	-9.759684e-02	
7.825402e-02	9.509616e-05	-2.944020e-02	5.758418e-03	3.269652e-02	-3.462077e-02	3.377888e-02	-7.402472e-03	-5.431119e-03	1.817946e-02	-2.372127e-02	2.804758e-02	1.226607e-02	-1.932855e-02	-4.802841e-01	1.000000e+00	-9.811007e-01	9.283977e-01	-7.073624e-01	2.965409e-01	1.860486e-01	-2.193536e-01	2.453495e-01	-4.481503e-03	-4.341322e-02	
-7.811467e-02	1.995358e-03	2.333372e-02	-2.675661e-03	-3.432085e-02	3.612533e-02	-3.517813e-02	9.183720e-03	4.407290e-03	-1.537607e-02	2.068305e-02	-2.457236e-02	-1.335942e-02	1.927736e-02	5.490270e-01	-9.811007e-01	1.000000e+00	-9.822782e-01	6.441041e-01	-2.026885e-01	-1.931457e-01	2.322704e-01	-2.641733e-01	-8.781597e-03	6.871469e-02	
6.794838e-02	-1.182969e-02	-1.271961e-02	-2.165709e-03	3.384372e-02	-3.548757e-02	3.481531e-02	-1.336437e-02	-8.924985e-05	9.846628e-03	-1.412553e-02	1.690815e-02	1.342410e-02	-1.663540e-02	-6.002289e-01	9.283977e-01	-9.822782e-01	1.000000e+00	-5.596349e-01	1.057653e-01	1.927212e-01	-2.355196e-01	2.714446e-01	1.781564e-02	-8.570540e-02	
3.851132e-02	1.249473e-01	-3.432645e-02	1.709898e-02	-9.034613e-03	1.122456e-02	-1.599946e-02	4.415237e-02	-4.034172e-02	1.033930e-02	-1.655102e-02	2.333726e-02	6.968322e-03	-2.274362e-02	1.770481e-01	-7.073624e-01	6.441041e-01	-5.596349e-01	1.000000e+00	-8.668656e-01	-5.587427e-02	6.339485e-02	-6.753550e-02	7.832355e-02	-1.398723e-01	
-5.713214e-02	-1.375375e-01	3.177201e-02	-7.863521e-03	-8.173026e-03	6.492702e-03	-1.106530e-03	-3.880820e-02	4.269506e-02	-1.099926e-02	1.887002e-02	-2.695847e-02	-1.271524e-02	2.988993e-02	1.290179e-01	2.965409e-01	-2.026885e-01	1.057653e-01	-8.668656e-01	1.000000e+00	-3.616814e-02	4.747821e-02	-5.798883e-02	-1.020563e-01	2.209356e-01	
3.049417e-02	-3.322898e-02	-4.521955e-01	3.262701e-01	2.231403e-02	-2.837480e-02	2.949772e-02	2.177734e-02	-3.621812e-02	2.196891e-01	-2.826132e-01	3.513666e-01	-7.631590e-04	-1.088063e-01	2.270859e-01	1.860486e-01	-1.931457e-01	1.927212e-01	-5.587427e-02	-3.616814e-02	1.000000e+00	-9.815859e-01	9.081520e-01	-7.583914e-01	5.496743e-01	
-2.848549e-02	3.443050e-02	5.715988e-01	-4.156541e-01	-2.646189e-02	3.342514e-02	-3.425699e-02	-2.798263e-02	4.472977e-02	-2.792608e-01	3.589448e-01	-4.461401e-01	2.842438e-03	1.363216e-01	-2.918491e-01	-2.193536e-01	2.322704e-01	-2.355196e-01	6.339485e-02	4.747821e-02	-9.815859e-01	1.000000e+00	-9.705617e-01	6.945420e-01	-4.665248e-01	
7.340911e-03	-2.369708e-02	-7.051031e-01	5.167577e-01	2.982620e-02	-3.741128e-02	3.772855e-02	3.443527e-02	-5.298612e-02	3.471791e-01	-4.459930e-01	5.545792e-01	-8.266119e-03	-1.649296e-01	3.716410e-01	2.453495e-01	-2.641733e-01	2.714446e-01	-6.753550e-02	-5.798883e-02	9.081520e-01	-9.705617e-01	1.000000e+00	-5.634782e-01	3.213114e-01	
1.405542e-01	-7.226306e-02	-3.513115e-02	3.302519e-02	3.475583e-03	-2.573492e-03	1.585192e-04	5.659342e-03	-3.158204e-03	1.480524e-03	-3.998241e-03	5.011114e-03	2.756057e-02	-2.586037e-02	2.635448e-03	-4.481503e-03	-8.781597e-03	1.781564e-02	7.832355e-02	-1.020563e-01	-7.583914e-01	6.945420e-01	-5.634782e-01	1.000000e+00	-9.486989e-01	
-1.313894e-01	5.064345e-02	2.424496e-01	-1.826848e-01	-1.193429e-02	1.303267e-02	-1.017810e-02	-2.027999e-02	2.314125e-02	-1.049666e-01	1.371051e-01	-1.708993e-01	-2.311228e-02	7.434086e-02	-9.759684e-02	-4.341322e-02	6.871469e-02	-8.570540e-02	-1.398723e-01	2.209356e-01	5.496743e-01	-4.665248e-01	3.213114e-01	-9.486989e-01	1.000000e+00	

Time taken for mcmc chain: 1.378056 hours
