Number of steps: 4555183
Number of accepted steps: 960000
Burn-in number of steps: 320000
Accepted fraction of steps: 0.210749
Convergence Status
R[0]= 1.078175	R[1]= 1.190761	R[2]= 1.086123	R[3]= 1.106652	R[4]= 1.040393	R[5]= 1.049404	R[6]= 1.054307	R[7]= 1.025740	R[8]= 1.002000	R[9]= 1.019972	R[10]= 1.024522	R[11]= 1.037152	R[12]= 1.022431	R[13]= 1.013364	R[14]= 1.052641	R[15]= 1.080667	R[16]= 1.087274	R[17]= 1.086160	R[18]= 1.055835	R[19]= 1.009582	R[20]= 1.017317	R[21]= 1.027162	R[22]= 1.050125	R[23]= 1.006403	R[24]= 1.004491	
<R>= 1.049146

Mean parameters
A[0]= 8.190384e-01 pm 4.867166e-02
A[1]= 9.557350e-01 pm 7.790653e-02
A[2]= 5.892468e-01 pm 4.119821e-01
A[3]= 1.721712e+00 pm 1.218496e+00
A[4]= 1.178710e+04 pm 3.824449e+03
A[5]= -7.260483e+03 pm 2.914847e+03
A[6]= 1.811707e+03 pm 8.668553e+02
A[7]= -1.964378e+01 pm 1.740721e+01
A[8]= 1.024832e-01 pm 1.765159e-01
A[9]= 1.582064e+04 pm 7.966224e+03
A[10]= -9.960118e+03 pm 4.673817e+03
A[11]= 1.888557e+03 pm 1.003317e+03
A[12]= -8.978984e+01 pm 4.745250e+01
A[13]= 1.775332e+00 pm 8.771290e-01
A[14]= 2.077041e+00 pm 1.681287e+00
A[15]= 9.792836e+03 pm 5.503425e+03
A[16]= -5.404087e+03 pm 4.097427e+03
A[17]= 1.277829e+03 pm 1.196095e+03
A[18]= -7.607048e-01 pm 2.525262e+01
A[19]= -9.549981e-02 pm 2.485649e-01
A[20]= 2.047702e+04 pm 1.050939e+04
A[21]= -1.182493e+04 pm 6.145689e+03
A[22]= 1.871555e+03 pm 1.281140e+03
A[23]= -5.524606e+01 pm 6.475464e+01
A[24]= 2.544448e-01 pm 1.194468e+00

Best-fitting parameters
A[0]= 8.466953e-01
A[1]= 8.895912e-01
A[2]= 1.412284e-01
A[3]= 5.877729e+00
A[4]= 2.017175e+03
A[5]= 4.734671e+02
A[6]= -5.016277e+02
A[7]= 1.384531e+01
A[8]= 8.586685e-02
A[9]= 1.106316e+04
A[10]= -7.240696e+03
A[11]= 1.435054e+03
A[12]= -4.275819e+01
A[13]= 8.267909e-01
A[14]= 8.368500e+00
A[15]= -3.476114e+03
A[16]= 6.099206e+03
A[17]= -2.371088e+03
A[18]= 5.493685e+01
A[19]= -2.184528e-01
A[20]= 2.526077e+04
A[21]= -1.484433e+04
A[22]= 2.532523e+03
A[23]= -9.731223e+01
A[24]= 1.016154e+00
chi2_min= 1.352776e+02


Cross-Covariance parameters
1.000000e+00	-5.445829e-01	-6.599105e-02	2.329373e-01	-1.836036e-01	2.023739e-01	-2.098624e-01	1.618490e-01	-2.454762e-02	-5.263760e-02	9.434559e-02	-1.795742e-01	1.277669e-01	-7.340010e-02	2.214850e-01	-1.325050e-01	1.740117e-01	-2.058476e-01	1.370939e-01	-1.609811e-02	-5.750393e-02	9.326840e-02	-1.657547e-01	9.274804e-02	-3.468777e-02	
-5.445829e-01	1.000000e+00	1.685130e-01	-5.155577e-01	3.982258e-01	-4.324090e-01	4.318904e-01	-2.569337e-01	-3.415397e-02	5.462443e-02	-1.078635e-01	2.106866e-01	-1.035740e-01	3.132544e-02	-5.992374e-01	4.484711e-01	-5.263798e-01	5.685533e-01	-3.549580e-01	2.462776e-02	1.059913e-01	-1.577144e-01	2.435607e-01	-5.661936e-02	-2.792019e-02	
-6.599105e-02	1.685130e-01	1.000000e+00	-3.270118e-01	8.462936e-03	6.889562e-03	-1.770790e-02	-1.651549e-02	5.963186e-02	-1.809408e-01	2.887967e-01	-4.445872e-01	6.570140e-02	8.508329e-02	-4.005386e-01	1.491653e-01	-1.583018e-01	1.615597e-01	-1.616937e-01	1.019138e-01	-1.324103e-01	2.003869e-01	-3.132560e-01	6.052569e-02	2.959022e-02	
2.329373e-01	-5.155577e-01	-3.270118e-01	1.000000e+00	-7.447215e-01	8.395710e-01	-8.859821e-01	6.353440e-01	-9.118550e-02	-6.887603e-02	1.004835e-01	-1.538178e-01	2.635299e-02	2.288459e-02	6.798203e-01	-4.793841e-01	5.485584e-01	-5.838516e-01	4.170572e-01	-1.043746e-01	-1.383028e-02	3.642591e-02	-6.958908e-02	2.181661e-03	2.332828e-02	
-1.836036e-01	3.982258e-01	8.462936e-03	-7.447215e-01	1.000000e+00	-9.725154e-01	9.092901e-01	-9.025986e-01	4.754070e-01	1.089879e-01	-1.785137e-01	2.880119e-01	-4.092004e-02	8.204583e-03	-4.539599e-01	3.754404e-01	-4.306064e-01	4.577576e-01	-3.228549e-01	7.561192e-02	6.919620e-02	-1.103231e-01	1.740529e-01	-2.537386e-02	-2.747420e-02	
2.023739e-01	-4.324090e-01	6.889562e-03	8.395710e-01	-9.725154e-01	1.000000e+00	-9.807284e-01	8.860821e-01	-3.798181e-01	-1.333391e-01	2.143504e-01	-3.404431e-01	4.787896e-02	1.656903e-02	4.969286e-01	-4.103862e-01	4.717153e-01	-5.025044e-01	3.509493e-01	-7.781658e-02	-7.269630e-02	1.195832e-01	-1.926789e-01	2.582338e-02	3.418052e-02	
-2.098624e-01	4.318904e-01	-1.770790e-02	-8.859821e-01	9.092901e-01	-9.807284e-01	1.000000e+00	-8.327029e-01	2.808026e-01	1.560802e-01	-2.423996e-01	3.747283e-01	-5.922201e-02	-2.907797e-02	-5.076975e-01	4.179454e-01	-4.813051e-01	5.136164e-01	-3.571436e-01	7.708307e-02	7.134504e-02	-1.202890e-01	1.969369e-01	-2.552026e-02	-3.662475e-02	
1.618490e-01	-2.569337e-01	-1.651549e-02	6.353440e-01	-9.025986e-01	8.860821e-01	-8.327029e-01	1.000000e+00	-7.507387e-01	-4.271645e-02	1.038754e-01	-2.044961e-01	1.433943e-02	-6.267869e-02	3.624776e-01	-3.025656e-01	3.435462e-01	-3.640302e-01	2.705152e-01	-8.265006e-02	-6.191920e-02	9.170843e-02	-1.368313e-01	3.655025e-02	-9.898934e-04	
-2.454762e-02	-3.415397e-02	5.963186e-02	-9.118550e-02	4.754070e-01	-3.798181e-01	2.808026e-01	-7.507387e-01	1.000000e+00	-1.095588e-01	1.043003e-01	-8.267836e-02	4.530336e-02	1.563715e-01	-5.693627e-02	5.380918e-02	-5.186341e-02	4.969534e-02	-6.225607e-02	5.412851e-02	3.760112e-02	-3.236557e-02	2.077032e-02	-4.769956e-02	5.855668e-02	
-5.263760e-02	5.462443e-02	-1.809408e-01	-6.887603e-02	1.089879e-01	-1.333391e-01	1.560802e-01	-4.271645e-02	-1.095588e-01	1.000000e+00	-9.797946e-01	8.726236e-01	-8.925383e-01	7.397645e-01	4.007098e-02	-8.547766e-03	8.282106e-04	5.335252e-03	2.503530e-02	-4.374972e-02	-4.137091e-04	-1.928886e-02	5.611413e-02	3.454906e-02	-6.962397e-02	
9.434559e-02	-1.078635e-01	2.887967e-01	1.004835e-01	-1.785137e-01	2.143504e-01	-2.423996e-01	1.038754e-01	1.043003e-01	-9.797946e-01	1.000000e+00	-9.509143e-01	8.927925e-01	-7.170194e-01	-4.097935e-02	-1.280441e-02	2.636660e-02	-3.572849e-02	-1.283625e-02	5.336581e-02	-2.503715e-02	6.008381e-02	-1.222377e-01	-2.156225e-02	7.716337e-02	
-1.795742e-01	2.106866e-01	-4.445872e-01	-1.538178e-01	2.880119e-01	-3.404431e-01	3.747283e-01	-2.044961e-01	-8.267836e-02	8.726236e-01	-9.509143e-01	1.000000e+00	-8.040297e-01	6.008669e-01	2.767198e-02	5.521864e-02	-7.905613e-02	9.421662e-02	-1.602530e-02	-6.291309e-02	7.097975e-02	-1.298004e-01	2.310859e-01	-7.453701e-03	-7.978360e-02	
1.277669e-01	-1.035740e-01	6.570140e-02	2.635299e-02	-4.092004e-02	4.787896e-02	-5.922201e-02	1.433943e-02	4.530336e-02	-8.925383e-01	8.927925e-01	-8.040297e-01	1.000000e+00	-9.360946e-01	-8.310144e-03	1.179979e-02	-3.575206e-03	-4.007975e-03	-2.641239e-02	4.539291e-02	2.063500e-02	-7.372063e-03	-1.934295e-02	-3.018507e-02	5.335793e-02	
-7.340010e-02	3.132544e-02	8.508329e-02	2.288459e-02	8.204583e-03	1.656903e-02	-2.907797e-02	-6.267869e-02	1.563715e-01	7.397645e-01	-7.170194e-01	6.008669e-01	-9.360946e-01	1.000000e+00	2.537066e-05	-3.166955e-02	3.153425e-02	-2.834479e-02	3.344371e-02	-2.402292e-02	-3.755967e-02	4.400529e-02	-5.197572e-02	2.368560e-02	-1.710201e-02	
2.214850e-01	-5.992374e-01	-4.005386e-01	6.798203e-01	-4.539599e-01	4.969286e-01	-5.076975e-01	3.624776e-01	-5.693627e-02	4.007098e-02	-4.097935e-02	2.767198e-02	-8.310144e-03	2.537066e-05	1.000000e+00	-7.414951e-01	8.522315e-01	-9.140561e-01	6.392190e-01	-1.313665e-01	-1.291675e-01	1.652420e-01	-2.111801e-01	5.608280e-02	2.018458e-03	
-1.325050e-01	4.484711e-01	1.491653e-01	-4.793841e-01	3.754404e-01	-4.103862e-01	4.179454e-01	-3.025656e-01	5.380918e-02	-8.547766e-03	-1.280441e-02	5.521864e-02	1.179979e-02	-3.166955e-02	-7.414951e-01	1.000000e+00	-9.731316e-01	9.075032e-01	-9.134095e-01	5.539302e-01	2.162387e-01	-2.671547e-01	3.360155e-01	-1.208265e-01	6.889889e-02	
1.740117e-01	-5.263798e-01	-1.583018e-01	5.485584e-01	-4.306064e-01	4.717153e-01	-4.813051e-01	3.435462e-01	-5.186341e-02	8.282106e-04	2.636660e-02	-7.905613e-02	-3.575206e-03	3.153425e-02	8.522315e-01	-9.731316e-01	1.000000e+00	-9.794196e-01	8.904819e-01	-4.557709e-01	-2.264889e-01	2.869083e-01	-3.709321e-01	1.184112e-01	-4.710669e-02	
-2.058476e-01	5.685533e-01	1.615597e-01	-5.838516e-01	4.577576e-01	-5.025044e-01	5.136164e-01	-3.640302e-01	4.969534e-02	5.335252e-03	-3.572849e-02	9.421662e-02	-4.007975e-03	-2.834479e-02	-9.140561e-01	9.075032e-01	-9.794196e-01	1.000000e+00	-8.276841e-01	3.443245e-01	2.293924e-01	-2.956070e-01	3.892320e-01	-1.155769e-01	2.983856e-02	
1.370939e-01	-3.549580e-01	-1.616937e-01	4.170572e-01	-3.228549e-01	3.509493e-01	-3.571436e-01	2.705152e-01	-6.225607e-02	2.503530e-02	-1.283625e-02	-1.602530e-02	-2.641239e-02	3.344371e-02	6.392190e-01	-9.134095e-01	8.904819e-01	-8.276841e-01	1.000000e+00	-8.007377e-01	-1.800462e-01	2.190612e-01	-2.725198e-01	1.289629e-01	-1.273882e-01	
-1.609811e-02	2.462776e-02	1.019138e-01	-1.043746e-01	7.561192e-02	-7.781658e-02	7.708307e-02	-8.265006e-02	5.412851e-02	-4.374972e-02	5.336581e-02	-6.291309e-02	4.539291e-02	-2.402292e-02	-1.313665e-01	5.539302e-01	-4.557709e-01	3.443245e-01	-8.007377e-01	1.000000e+00	6.025339e-02	-5.866131e-02	5.504416e-02	-9.913109e-02	1.938434e-01	
-5.750393e-02	1.059913e-01	-1.324103e-01	-1.383028e-02	6.919620e-02	-7.269630e-02	7.134504e-02	-6.191920e-02	3.760112e-02	-4.137091e-04	-2.503715e-02	7.097975e-02	2.063500e-02	-3.755967e-02	-1.291675e-01	2.162387e-01	-2.264889e-01	2.293924e-01	-1.800462e-01	6.025339e-02	1.000000e+00	-9.848249e-01	9.053032e-01	-8.950831e-01	7.832218e-01	
9.326840e-02	-1.577144e-01	2.003869e-01	3.642591e-02	-1.103231e-01	1.195832e-01	-1.202890e-01	9.170843e-02	-3.236557e-02	-1.928886e-02	6.008381e-02	-1.298004e-01	-7.372063e-03	4.400529e-02	1.652420e-01	-2.671547e-01	2.869083e-01	-2.956070e-01	2.190612e-01	-5.866131e-02	-9.848249e-01	1.000000e+00	-9.636765e-01	9.038724e-01	-7.777034e-01	
-1.657547e-01	2.435607e-01	-3.132560e-01	-6.958908e-02	1.740529e-01	-1.926789e-01	1.969369e-01	-1.368313e-01	2.077032e-02	5.611413e-02	-1.222377e-01	2.310859e-01	-1.934295e-02	-5.197572e-02	-2.111801e-01	3.360155e-01	-3.709321e-01	3.892320e-01	-2.725198e-01	5.504416e-02	9.053032e-01	-9.636765e-01	1.000000e+00	-8.455814e-01	7.000871e-01	
9.274804e-02	-5.661936e-02	6.052569e-02	2.181661e-03	-2.537386e-02	2.582338e-02	-2.552026e-02	3.655025e-02	-4.769956e-02	3.454906e-02	-2.156225e-02	-7.453701e-03	-3.018507e-02	2.368560e-02	5.608280e-02	-1.208265e-01	1.184112e-01	-1.155769e-01	1.289629e-01	-9.913109e-02	-8.950831e-01	9.038724e-01	-8.455814e-01	1.000000e+00	-9.610903e-01	
-3.468777e-02	-2.792019e-02	2.959022e-02	2.332828e-02	-2.747420e-02	3.418052e-02	-3.662475e-02	-9.898934e-04	5.855668e-02	-6.962397e-02	7.716337e-02	-7.978360e-02	5.335793e-02	-1.710201e-02	2.018458e-03	6.889889e-02	-4.710669e-02	2.983856e-02	-1.273882e-01	1.938434e-01	7.832218e-01	-7.777034e-01	7.000871e-01	-9.610903e-01	1.000000e+00	

Time taken for mcmc chain: 49.850000 minutes
