Number of steps: 6722029
Number of accepted steps: 960000
Burn-in number of steps: 320000
Accepted fraction of steps: 0.142814
Convergence Status
R[0]= 1.001851	R[1]= 1.024854	R[2]= 1.046186	R[3]= 1.027586	R[4]= 1.006035	R[5]= 1.006305	R[6]= 1.005509	R[7]= 1.004309	R[8]= 1.003084	R[9]= 1.009697	R[10]= 1.015297	R[11]= 1.022238	R[12]= 1.008233	R[13]= 1.008097	R[14]= 1.015670	R[15]= 1.010140	R[16]= 1.012017	R[17]= 1.013072	R[18]= 1.008511	R[19]= 1.001801	R[20]= 1.011328	R[21]= 1.021852	R[22]= 1.036719	R[23]= 1.005531	R[24]= 1.000849	
<R>= 1.013071

Mean parameters
A[0]= 8.331286e-01 pm 2.572924e-02
A[1]= 8.884040e-01 pm 1.991454e-02
A[2]= 6.908585e-01 pm 4.751431e-01
A[3]= 4.328465e+00 pm 1.250799e+00
A[4]= 2.798356e+03 pm 3.530839e+03
A[5]= 2.597837e+02 pm 2.530282e+03
A[6]= -5.009677e+02 pm 7.182109e+02
A[7]= 1.509488e+01 pm 1.594749e+01
A[8]= 3.340925e-02 pm 1.735290e-01
A[9]= 9.754107e+03 pm 9.428947e+03
A[10]= -4.771314e+03 pm 6.223514e+03
A[11]= 2.573284e+02 pm 1.591804e+03
A[12]= -7.098320e+01 pm 5.180045e+01
A[13]= 1.850783e+00 pm 9.290676e-01
A[14]= 5.624688e+00 pm 1.725369e+00
A[15]= -2.162604e+03 pm 5.011768e+03
A[16]= 4.750258e+03 pm 3.641677e+03
A[17]= -1.887286e+03 pm 1.046858e+03
A[18]= 4.570133e+01 pm 2.378154e+01
A[19]= -1.811360e-01 pm 2.506563e-01
A[20]= 1.223234e+04 pm 1.196066e+04
A[21]= -4.600272e+03 pm 7.814067e+03
A[22]= -3.955680e+02 pm 2.003255e+03
A[23]= -2.950680e+01 pm 6.848244e+01
A[24]= 3.580861e-01 pm 1.264230e+00

Best-fitting parameters
A[0]= 8.643231e-01
A[1]= 8.756696e-01
A[2]= 3.266035e-01
A[3]= 5.630953e+00
A[4]= 1.755799e+03
A[5]= 1.206066e+03
A[6]= -8.171104e+02
A[7]= 2.358274e+01
A[8]= -3.466063e-02
A[9]= 1.576752e+04
A[10]= -8.896279e+03
A[11]= 1.271627e+03
A[12]= -8.444248e+01
A[13]= 1.800806e+00
A[14]= 6.212480e+00
A[15]= -2.084592e+02
A[16]= 3.344071e+03
A[17]= -1.488964e+03
A[18]= 4.228974e+01
A[19]= -1.677566e-01
A[20]= 1.265946e+04
A[21]= -6.481124e+03
A[22]= 5.112654e+02
A[23]= -9.862069e+00
A[24]= -3.697558e-01
chi2_min= 1.317783e+02


Cross-Covariance parameters
1.000000e+00	-4.163996e-01	-2.407905e-01	1.811422e-01	7.206640e-02	-6.552281e-02	4.374433e-02	2.957522e-02	-5.947461e-02	1.117908e-01	-1.252230e-01	1.175637e-01	5.838026e-02	-1.094014e-01	1.657887e-01	4.797155e-02	-4.770561e-02	3.451299e-02	7.948964e-02	-1.307699e-01	1.179107e-01	-1.344922e-01	1.269816e-01	7.216050e-02	-1.232558e-01	
-4.163996e-01	1.000000e+00	2.044667e-02	-1.570682e-01	1.112908e-01	-1.032365e-01	8.072020e-02	5.058044e-04	-4.941564e-02	3.189813e-02	-5.211047e-02	8.162523e-02	-9.426606e-02	4.396812e-02	-1.103404e-01	3.406935e-02	-2.201045e-02	4.359413e-03	6.521296e-02	-8.163428e-02	-9.750484e-03	-1.380994e-02	5.135569e-02	-7.170986e-02	3.680710e-02	
-2.407905e-01	2.044667e-02	1.000000e+00	-7.255299e-01	-5.470624e-02	6.644984e-02	-6.366544e-02	-7.380253e-02	1.673399e-01	-5.207745e-01	6.681368e-01	-8.069602e-01	2.629513e-01	1.202022e-01	-6.984025e-01	-3.651888e-02	3.097603e-02	-2.195093e-02	-9.641576e-02	1.516113e-01	-4.570682e-01	6.211364e-01	-7.806889e-01	2.126977e-01	9.820257e-02	
1.811422e-01	-1.570682e-01	-7.255299e-01	1.000000e+00	-4.338417e-01	5.086056e-01	-5.606560e-01	4.454879e-01	-1.760099e-01	2.996726e-01	-3.848779e-01	4.643565e-01	-1.648057e-01	-5.660742e-02	5.640525e-01	-2.725669e-03	3.524874e-03	-4.579467e-03	7.242093e-02	-9.923226e-02	3.487692e-01	-4.670893e-01	5.810552e-01	-1.511513e-01	-7.935756e-02	
7.206640e-02	1.112908e-01	-5.470624e-02	-4.338417e-01	1.000000e+00	-9.707428e-01	8.930884e-01	-8.763774e-01	4.993046e-01	1.023540e-01	-1.571747e-01	2.155285e-01	-1.646758e-02	-2.743435e-02	2.020815e-02	3.863454e-02	-3.942891e-02	3.474059e-02	-4.762057e-03	-1.612559e-02	1.916096e-02	-4.047899e-02	6.145041e-02	-1.004578e-02	-2.051826e-02	
-6.552281e-02	-1.032365e-01	6.644984e-02	5.086056e-01	-9.707428e-01	1.000000e+00	-9.743750e-01	8.644288e-01	-4.188278e-01	-1.355796e-01	1.968560e-01	-2.610062e-01	3.422518e-02	4.147141e-02	-2.434258e-02	-4.636391e-02	4.696001e-02	-4.214369e-02	1.219821e-02	1.152809e-02	-2.780825e-02	5.066150e-02	-7.311026e-02	1.621906e-02	1.799536e-02	
4.374433e-02	8.072020e-02	-6.366544e-02	-5.606560e-01	8.930884e-01	-9.743750e-01	1.000000e+00	-8.065191e-01	3.201242e-01	1.598735e-01	-2.221714e-01	2.861436e-01	-5.428145e-02	-4.353636e-02	2.136296e-02	4.996218e-02	-5.075627e-02	4.677596e-02	-2.185433e-02	-2.388962e-03	2.913813e-02	-5.086529e-02	7.247043e-02	-1.952899e-02	-1.312768e-02	
2.957522e-02	5.058044e-04	-7.380253e-02	4.454879e-01	-8.763774e-01	8.644288e-01	-8.065191e-01	1.000000e+00	-8.016805e-01	1.765169e-02	1.785281e-02	-6.402617e-02	-2.780070e-02	-5.222897e-02	6.273425e-02	-3.072370e-02	3.320188e-02	-3.351568e-02	5.069927e-02	-4.866988e-02	4.367383e-02	-4.743870e-02	4.908733e-02	-1.583852e-02	-3.077092e-03	
-5.947461e-02	-4.941564e-02	1.673399e-01	-1.760099e-01	4.993046e-01	-4.188278e-01	3.201242e-01	-8.016805e-01	1.000000e+00	-1.728240e-01	1.745860e-01	-1.612139e-01	8.873526e-02	1.438110e-01	-1.201913e-01	8.100279e-05	-4.324620e-03	8.695917e-03	-4.548969e-02	6.070104e-02	-9.792536e-02	1.230749e-01	-1.442485e-01	5.246449e-02	4.429635e-03	
1.117908e-01	3.189813e-02	-5.207745e-01	2.996726e-01	1.023540e-01	-1.355796e-01	1.598735e-01	1.765169e-02	-1.728240e-01	1.000000e+00	-9.734047e-01	8.729086e-01	-8.785018e-01	6.002616e-01	3.191354e-01	6.735955e-02	-7.852933e-02	8.371427e-02	2.430453e-02	-1.005554e-01	2.382959e-01	-3.394240e-01	4.394119e-01	-1.094881e-01	-6.624262e-02	
-1.252230e-01	-5.211047e-02	6.681368e-01	-3.848779e-01	-1.571747e-01	1.968560e-01	-2.221714e-01	1.785281e-02	1.745860e-01	-9.734047e-01	1.000000e+00	-9.606273e-01	8.329006e-01	-5.010351e-01	-4.342588e-01	-7.242570e-02	8.037947e-02	-8.203474e-02	-3.691452e-02	1.160001e-01	-3.122740e-01	4.389105e-01	-5.639802e-01	1.489776e-01	7.728123e-02	
1.175637e-01	8.162523e-02	-8.069602e-01	4.643565e-01	2.155285e-01	-2.610062e-01	2.861436e-01	-6.402617e-02	-1.612139e-01	8.729086e-01	-9.606273e-01	1.000000e+00	-7.047950e-01	3.262967e-01	5.490004e-01	7.129516e-02	-7.500137e-02	7.265809e-02	5.046798e-02	-1.265646e-01	3.828205e-01	-5.330016e-01	6.817082e-01	-1.899115e-01	-8.429499e-02	
5.838026e-02	-9.426606e-02	2.629513e-01	-1.648057e-01	-1.646758e-02	3.422518e-02	-5.428145e-02	-2.780070e-02	8.873526e-02	-8.785018e-01	8.329006e-01	-7.047950e-01	1.000000e+00	-8.804499e-01	-1.303727e-01	-6.733938e-02	7.885661e-02	-8.584965e-02	1.760356e-02	4.356172e-02	-1.233314e-01	1.851302e-01	-2.491160e-01	7.373715e-02	2.522376e-02	
-1.094014e-01	4.396812e-02	1.202022e-01	-5.660742e-02	-2.743435e-02	4.147141e-02	-4.353636e-02	-5.222897e-02	1.438110e-01	6.002616e-01	-5.010351e-01	3.262967e-01	-8.804499e-01	1.000000e+00	-1.447274e-01	4.968918e-02	-6.377799e-02	7.479807e-02	-5.716902e-02	2.051526e-02	-6.102807e-02	6.672264e-02	-6.935118e-02	1.867978e-02	1.098870e-02	
1.657887e-01	-1.103404e-01	-6.984025e-01	5.640525e-01	2.020815e-02	-2.434258e-02	2.136296e-02	6.273425e-02	-1.201913e-01	3.191354e-01	-4.342588e-01	5.490004e-01	-1.303727e-01	-1.447274e-01	1.000000e+00	-4.781512e-01	5.678970e-01	-6.248567e-01	4.725478e-01	-1.594232e-01	2.381331e-01	-3.157702e-01	3.943234e-01	-1.222270e-01	-2.916806e-02	
4.797155e-02	3.406935e-02	-3.651888e-02	-2.725669e-03	3.863454e-02	-4.636391e-02	4.996218e-02	-3.072370e-02	8.100279e-05	6.735955e-02	-7.242570e-02	7.129516e-02	-6.733938e-02	4.968918e-02	-4.781512e-01	1.000000e+00	-9.702720e-01	8.947743e-01	-8.772756e-01	5.235967e-01	1.443414e-01	-1.997079e-01	2.503354e-01	-5.007511e-02	-2.277320e-02	
-4.770561e-02	-2.201045e-02	3.097603e-02	3.524874e-03	-3.942891e-02	4.696001e-02	-5.075627e-02	3.320188e-02	-4.324620e-03	-7.852933e-02	8.037947e-02	-7.500137e-02	7.885661e-02	-6.377799e-02	5.678970e-01	-9.702720e-01	1.000000e+00	-9.756844e-01	8.607371e-01	-4.349520e-01	-1.606381e-01	2.248646e-01	-2.833887e-01	5.259521e-02	4.278561e-02	
3.451299e-02	4.359413e-03	-2.195093e-02	-4.579467e-03	3.474059e-02	-4.214369e-02	4.677596e-02	-3.351568e-02	8.695917e-03	8.371427e-02	-8.203474e-02	7.265809e-02	-8.584965e-02	7.479807e-02	-6.248567e-01	8.947743e-01	-9.756844e-01	1.000000e+00	-7.997599e-01	3.295654e-01	1.668830e-01	-2.354893e-01	2.978865e-01	-5.493655e-02	-5.472296e-02	
7.948964e-02	6.521296e-02	-9.641576e-02	7.242093e-02	-4.762057e-03	1.219821e-02	-2.185433e-02	5.069927e-02	-4.548969e-02	2.430453e-02	-3.691452e-02	5.046798e-02	1.760356e-02	-5.716902e-02	4.725478e-01	-8.772756e-01	8.607371e-01	-7.997599e-01	1.000000e+00	-8.180065e-01	-5.243094e-02	8.124780e-02	-1.085564e-01	5.085842e-02	-7.057120e-02	
-1.307699e-01	-8.163428e-02	1.516113e-01	-9.923226e-02	-1.612559e-02	1.152809e-02	-2.388962e-03	-4.866988e-02	6.070104e-02	-1.005554e-01	1.160001e-01	-1.265646e-01	4.356172e-02	2.051526e-02	-1.594232e-01	5.235967e-01	-4.349520e-01	3.295654e-01	-8.180065e-01	1.000000e+00	-6.179615e-02	7.450636e-02	-8.447728e-02	-4.353911e-02	1.807382e-01	
1.179107e-01	-9.750484e-03	-4.570682e-01	3.487692e-01	1.916096e-02	-2.780825e-02	2.913813e-02	4.367383e-02	-9.792536e-02	2.382959e-01	-3.122740e-01	3.828205e-01	-1.233314e-01	-6.102807e-02	2.381331e-01	1.443414e-01	-1.606381e-01	1.668830e-01	-5.243094e-02	-6.179615e-02	1.000000e+00	-9.692691e-01	8.518252e-01	-8.684031e-01	6.474652e-01	
-1.344922e-01	-1.380994e-02	6.211364e-01	-4.670893e-01	-4.047899e-02	5.066150e-02	-5.086529e-02	-4.743870e-02	1.230749e-01	-3.394240e-01	4.389105e-01	-5.330016e-01	1.851302e-01	6.672264e-02	-3.157702e-01	-1.997079e-01	2.248646e-01	-2.354893e-01	8.124780e-02	7.450636e-02	-9.692691e-01	1.000000e+00	-9.535030e-01	8.191444e-01	-5.453936e-01	
1.269816e-01	5.135569e-02	-7.806889e-01	5.810552e-01	6.145041e-02	-7.311026e-02	7.247043e-02	4.908733e-02	-1.442485e-01	4.394119e-01	-5.639802e-01	6.817082e-01	-2.491160e-01	-6.935118e-02	3.943234e-01	2.503354e-01	-2.833887e-01	2.978865e-01	-1.085564e-01	-8.447728e-02	8.518252e-01	-9.535030e-01	1.000000e+00	-6.758355e-01	3.555921e-01	
7.216050e-02	-7.170986e-02	2.126977e-01	-1.511513e-01	-1.004578e-02	1.621906e-02	-1.952899e-02	-1.583852e-02	5.246449e-02	-1.094881e-01	1.489776e-01	-1.899115e-01	7.373715e-02	1.867978e-02	-1.222270e-01	-5.007511e-02	5.259521e-02	-5.493655e-02	5.085842e-02	-4.353911e-02	-8.684031e-01	8.191444e-01	-6.758355e-01	1.000000e+00	-9.166904e-01	
-1.232558e-01	3.680710e-02	9.820257e-02	-7.935756e-02	-2.051826e-02	1.799536e-02	-1.312768e-02	-3.077092e-03	4.429635e-03	-6.624262e-02	7.728123e-02	-8.429499e-02	2.522376e-02	1.098870e-02	-2.916806e-02	-2.277320e-02	4.278561e-02	-5.472296e-02	-7.057120e-02	1.807382e-01	6.474652e-01	-5.453936e-01	3.555921e-01	-9.166904e-01	1.000000e+00	

Time taken for mcmc chain: 39.433333 minutes
