Number of steps: 2451184
Number of accepted steps: 960000
Burn-in number of steps: 320000
Accepted fraction of steps: 0.391647
Convergence Status
R[0]= 1.025977	R[1]= 1.013085	R[2]= 1.017701	R[3]= 1.025386	R[4]= 1.002666	R[5]= 1.003536	R[6]= 1.004548	R[7]= 1.002843	R[8]= 1.004903	R[9]= 1.003751	R[10]= 1.004150	R[11]= 1.005353	R[12]= 1.004487	R[13]= 1.004670	R[14]= 1.005916	R[15]= 1.000785	R[16]= 1.000778	R[17]= 1.000915	R[18]= 1.001040	R[19]= 1.000521	R[20]= 1.009813	R[21]= 1.009650	R[22]= 1.008983	R[23]= 1.020773	R[24]= 1.016719	
<R>= 1.007958

Mean parameters
A[0]= 9.652358e-01 pm 3.872783e-02
A[1]= 1.093546e+00 pm 3.542875e-02
A[2]= 7.446937e-01 pm 4.663419e-01
A[3]= 3.076655e+00 pm 1.116406e+00
A[4]= -2.652130e+03 pm 3.574478e+03
A[5]= 7.353443e+02 pm 2.261975e+03
A[6]= 3.869470e+02 pm 4.974967e+02
A[7]= 9.553726e+00 pm 1.245680e+01
A[8]= -2.765123e-01 pm 1.798313e-01
A[9]= -3.688485e+03 pm 7.991948e+03
A[10]= 1.442516e+03 pm 4.668483e+03
A[11]= -3.589868e+02 pm 9.251356e+02
A[12]= 1.283908e+01 pm 4.931423e+01
A[13]= -5.097071e-01 pm 9.476229e-01
A[14]= 4.673755e+00 pm 1.649781e+00
A[15]= -7.749940e+03 pm 5.065621e+03
A[16]= 4.677435e+03 pm 3.218189e+03
A[17]= -5.548056e+02 pm 7.106141e+02
A[18]= -1.631905e+00 pm 1.914918e+01
A[19]= 7.109364e-02 pm 2.707653e-01
A[20]= -2.277643e+03 pm 1.140620e+04
A[21]= 9.067922e+02 pm 6.729353e+03
A[22]= -4.429238e+02 pm 1.351475e+03
A[23]= -1.282145e+01 pm 7.057245e+01
A[24]= -4.664291e-02 pm 1.369043e+00

Best-fitting parameters
A[0]= 9.443477e-01
A[1]= 1.119684e+00
A[2]= 9.411411e-01
A[3]= 2.835026e+00
A[4]= -2.189166e+03
A[5]= 7.314620e+02
A[6]= 3.289374e+02
A[7]= 3.068232e-01
A[8]= -1.299794e-01
A[9]= -7.474253e+03
A[10]= 3.964035e+03
A[11]= -9.240898e+02
A[12]= 2.538342e+01
A[13]= -6.880031e-01
A[14]= 3.619367e+00
A[15]= -8.075524e+03
A[16]= 4.721086e+03
A[17]= -5.244404e+02
A[18]= 7.740787e+00
A[19]= -5.072155e-02
A[20]= 2.504471e+03
A[21]= -1.424795e+03
A[22]= -1.115961e+02
A[23]= -4.740976e+01
A[24]= 5.590059e-01
chi2_min= 8.108093e+01


Cross-Covariance parameters
1.000000e+00	-4.987186e-01	-1.594682e-01	1.733608e-01	-3.342957e-02	4.336899e-02	-6.007290e-02	2.481849e-02	2.196803e-02	-1.850611e-02	3.615745e-02	-7.181092e-02	1.139141e-01	-8.023208e-02	9.413458e-02	5.341678e-02	-5.058508e-02	3.864889e-02	1.671236e-02	2.050693e-03	-1.151891e-02	2.840851e-02	-6.536024e-02	1.328895e-01	-9.796829e-02	
-4.987186e-01	1.000000e+00	1.716620e-01	-2.373382e-01	1.435568e-02	-1.521431e-02	9.469626e-03	1.742182e-01	-1.700075e-01	3.522911e-02	-4.569146e-02	6.366227e-02	-7.038896e-02	1.683314e-02	-2.230913e-01	-4.595875e-03	8.601794e-03	-2.053019e-02	1.929507e-01	-1.841730e-01	4.021279e-02	-4.841829e-02	6.944758e-02	-9.316616e-02	4.873032e-02	
-1.594682e-01	1.716620e-01	1.000000e+00	-6.841738e-01	-3.245627e-02	3.736842e-02	-3.210425e-02	5.513638e-03	-1.110977e-02	-3.082415e-01	4.075639e-01	-5.291272e-01	-2.260457e-01	2.975103e-01	-6.807100e-01	-4.908184e-02	5.015682e-02	-4.428856e-02	-4.848474e-02	4.595375e-02	-3.287411e-01	4.265287e-01	-5.446342e-01	-2.655850e-01	3.418599e-01	
1.733608e-01	-2.373382e-01	-6.841738e-01	1.000000e+00	-5.029394e-01	5.558241e-01	-5.982537e-01	-5.412724e-02	2.428235e-01	1.212956e-01	-1.646256e-01	2.235184e-01	9.008041e-02	-8.303874e-02	4.788401e-01	1.999947e-02	-2.628358e-02	2.915703e-02	3.610788e-02	-2.944211e-02	2.076233e-01	-2.785514e-01	3.627820e-01	1.818133e-01	-2.265585e-01	
-3.342957e-02	1.435568e-02	-3.245627e-02	-5.029394e-01	1.000000e+00	-9.864241e-01	9.477486e-01	-4.817318e-01	1.712089e-01	7.635680e-02	-1.168484e-01	1.628945e-01	1.416459e-01	-1.461805e-01	3.899270e-02	3.297339e-02	-3.031201e-02	2.700062e-02	-1.373785e-02	2.398787e-03	3.974298e-02	-4.283455e-02	4.722208e-02	1.937124e-02	-2.926126e-02	
4.336899e-02	-1.521431e-02	3.736842e-02	5.558241e-01	-9.864241e-01	1.000000e+00	-9.867570e-01	4.181566e-01	-1.049556e-01	-8.243960e-02	1.269912e-01	-1.780376e-01	-1.583845e-01	1.729873e-01	-4.408827e-02	-3.248818e-02	2.961070e-02	-2.616002e-02	1.676952e-02	-4.630455e-03	-3.897387e-02	4.257243e-02	-4.761325e-02	-2.353529e-02	3.390482e-02	
-6.007290e-02	9.469626e-03	-3.210425e-02	-5.982537e-01	9.477486e-01	-9.867570e-01	1.000000e+00	-3.525006e-01	4.907257e-02	8.850962e-02	-1.350082e-01	1.885955e-01	1.612690e-01	-1.819117e-01	4.327250e-02	3.100521e-02	-2.818052e-02	2.514211e-02	-2.386005e-02	1.048681e-02	3.327026e-02	-3.647606e-02	4.121372e-02	2.506837e-02	-3.473138e-02	
2.481849e-02	1.742182e-01	5.513638e-03	-5.412724e-02	-4.817318e-01	4.181566e-01	-3.525006e-01	1.000000e+00	-9.229736e-01	1.467529e-01	-1.384141e-01	1.148871e-01	-7.564343e-02	-8.489271e-02	-5.526118e-02	8.240605e-03	-8.209873e-03	5.982430e-03	7.269035e-02	-7.080957e-02	6.633193e-03	-4.215787e-03	2.101835e-03	1.367318e-02	-2.394929e-02	
2.196803e-02	-1.700075e-01	-1.110977e-02	2.428235e-01	1.712089e-01	-1.049556e-01	4.907257e-02	-9.229736e-01	1.000000e+00	-1.800305e-01	1.847405e-01	-1.744034e-01	4.001815e-02	1.538930e-01	4.091774e-02	-2.457578e-03	1.090281e-03	1.613556e-03	-6.977154e-02	6.933467e-02	-1.746480e-02	1.460340e-02	-1.200683e-02	-7.934230e-03	2.207120e-02	
-1.850611e-02	3.522911e-02	-3.082415e-01	1.212956e-01	7.635680e-02	-8.243960e-02	8.850962e-02	1.467529e-01	-1.800305e-01	1.000000e+00	-9.857439e-01	9.292889e-01	-7.196391e-01	5.694550e-01	2.204519e-01	-3.150742e-02	2.704085e-02	-2.385987e-02	5.727663e-02	-4.346180e-02	1.120559e-01	-1.416614e-01	1.809190e-01	7.424101e-02	-1.082996e-01	
3.615745e-02	-4.569146e-02	4.075639e-01	-1.646256e-01	-1.168484e-01	1.269912e-01	-1.350082e-01	-1.384141e-01	1.847405e-01	-9.857439e-01	1.000000e+00	-9.774617e-01	6.783799e-01	-5.269970e-01	-2.823308e-01	1.813805e-02	-1.265025e-02	9.497102e-03	-6.533428e-02	5.516505e-02	-1.445689e-01	1.863304e-01	-2.408480e-01	-1.062449e-01	1.497559e-01	
-7.181092e-02	6.366227e-02	-5.291272e-01	2.235184e-01	1.628945e-01	-1.780376e-01	1.885955e-01	1.148871e-01	-1.744034e-01	9.292889e-01	-9.774617e-01	1.000000e+00	-5.879563e-01	4.425992e-01	3.598982e-01	-9.634234e-04	-5.006745e-03	7.543186e-03	7.217994e-02	-6.691296e-02	1.838517e-01	-2.412504e-01	3.155656e-01	1.446125e-01	-2.000284e-01	
1.139141e-01	-7.038896e-02	-2.260457e-01	9.008041e-02	1.416459e-01	-1.583845e-01	1.612690e-01	-7.564343e-02	4.001815e-02	-7.196391e-01	6.783799e-01	-5.879563e-01	1.000000e+00	-9.601611e-01	1.588918e-01	5.415629e-02	-5.012526e-02	4.395183e-02	-3.363595e-03	-6.325218e-03	1.040932e-01	-1.269156e-01	1.504490e-01	5.867876e-02	-7.636342e-02	
-8.023208e-02	1.683314e-02	2.975103e-01	-8.303874e-02	-1.461805e-01	1.729873e-01	-1.819117e-01	-8.489271e-02	1.538930e-01	5.694550e-01	-5.269970e-01	4.425992e-01	-9.601611e-01	1.000000e+00	-2.088027e-01	-4.560022e-02	4.159899e-02	-3.516307e-02	-1.915578e-02	2.473533e-02	-1.422340e-01	1.724968e-01	-2.060242e-01	-6.917651e-02	9.834043e-02	
9.413458e-02	-2.230913e-01	-6.807100e-01	4.788401e-01	3.899270e-02	-4.408827e-02	4.327250e-02	-5.526118e-02	4.091774e-02	2.204519e-01	-2.823308e-01	3.598982e-01	1.588918e-01	-2.088027e-01	1.000000e+00	-4.758562e-01	5.365997e-01	-5.841581e-01	-9.610417e-02	2.671873e-01	1.421771e-01	-1.870252e-01	2.482336e-01	8.946971e-02	-1.028741e-01	
5.341678e-02	-4.595875e-03	-4.908184e-02	1.999947e-02	3.297339e-02	-3.248818e-02	3.100521e-02	8.240605e-03	-2.457578e-03	-3.150742e-02	1.813805e-02	-9.634234e-04	5.415629e-02	-4.560022e-02	-4.758562e-01	1.000000e+00	-9.854373e-01	9.433885e-01	-4.145890e-01	1.316289e-01	1.579456e-01	-1.888910e-01	2.179863e-01	1.030555e-01	-1.224586e-01	
-5.058508e-02	8.601794e-03	5.015682e-02	-2.628358e-02	-3.031201e-02	2.961070e-02	-2.818052e-02	-8.209873e-03	1.090281e-03	2.704085e-02	-1.265025e-02	-5.006745e-03	-5.012526e-02	4.159899e-02	5.365997e-01	-9.854373e-01	1.000000e+00	-9.855289e-01	3.380932e-01	-5.083758e-02	-1.614466e-01	1.973249e-01	-2.314168e-01	-1.222536e-01	1.490199e-01	
3.864889e-02	-2.053019e-02	-4.428856e-02	2.915703e-02	2.700062e-02	-2.616002e-02	2.514211e-02	5.982430e-03	1.613556e-03	-2.385987e-02	9.497102e-03	7.543186e-03	4.395183e-02	-3.516307e-02	-5.841581e-01	9.433885e-01	-9.855289e-01	1.000000e+00	-2.607850e-01	-2.011304e-02	1.595645e-01	-1.990184e-01	2.368653e-01	1.324536e-01	-1.639595e-01	
1.671236e-02	1.929507e-01	-4.848474e-02	3.610788e-02	-1.373785e-02	1.676952e-02	-2.386005e-02	7.269035e-02	-6.977154e-02	5.727663e-02	-6.533428e-02	7.217994e-02	-3.363595e-03	-1.915578e-02	-9.610417e-02	-4.145890e-01	3.380932e-01	-2.607850e-01	1.000000e+00	-9.424032e-01	4.447556e-02	-5.370844e-02	6.096260e-02	8.526097e-02	-1.747528e-01	
2.050693e-03	-1.841730e-01	4.595375e-02	-2.944211e-02	2.398787e-03	-4.630455e-03	1.048681e-02	-7.080957e-02	6.933467e-02	-4.346180e-02	5.516505e-02	-6.691296e-02	-6.325218e-03	2.473533e-02	2.671873e-01	1.316289e-01	-5.083758e-02	-2.011304e-02	-9.424032e-01	1.000000e+00	-9.013576e-02	1.078888e-01	-1.220480e-01	-1.197696e-01	2.290020e-01	
-1.151891e-02	4.021279e-02	-3.287411e-01	2.076233e-01	3.974298e-02	-3.897387e-02	3.327026e-02	6.633193e-03	-1.746480e-02	1.120559e-01	-1.445689e-01	1.838517e-01	1.040932e-01	-1.422340e-01	1.421771e-01	1.579456e-01	-1.614466e-01	1.595645e-01	4.447556e-02	-9.013576e-02	1.000000e+00	-9.864785e-01	9.328545e-01	-6.851001e-01	5.557797e-01	
2.840851e-02	-4.841829e-02	4.265287e-01	-2.785514e-01	-4.283455e-02	4.257243e-02	-3.647606e-02	-4.215787e-03	1.460340e-02	-1.416614e-01	1.863304e-01	-2.412504e-01	-1.269156e-01	1.724968e-01	-1.870252e-01	-1.888910e-01	1.973249e-01	-1.990184e-01	-5.370844e-02	1.078888e-01	-9.864785e-01	1.000000e+00	-9.785789e-01	6.336385e-01	-5.005134e-01	
-6.536024e-02	6.944758e-02	-5.446342e-01	3.627820e-01	4.722208e-02	-4.761325e-02	4.121372e-02	2.101835e-03	-1.200683e-02	1.809190e-01	-2.408480e-01	3.155656e-01	1.504490e-01	-2.060242e-01	2.482336e-01	2.179863e-01	-2.314168e-01	2.368653e-01	6.096260e-02	-1.220480e-01	9.328545e-01	-9.785789e-01	1.000000e+00	-5.351537e-01	4.030687e-01	
1.328895e-01	-9.316616e-02	-2.655850e-01	1.818133e-01	1.937124e-02	-2.353529e-02	2.506837e-02	1.367318e-02	-7.934230e-03	7.424101e-02	-1.062449e-01	1.446125e-01	5.867876e-02	-6.917651e-02	8.946971e-02	1.030555e-01	-1.222536e-01	1.324536e-01	8.526097e-02	-1.197696e-01	-6.851001e-01	6.336385e-01	-5.351537e-01	1.000000e+00	-9.746547e-01	
-9.796829e-02	4.873032e-02	3.418599e-01	-2.265585e-01	-2.926126e-02	3.390482e-02	-3.473138e-02	-2.394929e-02	2.207120e-02	-1.082996e-01	1.497559e-01	-2.000284e-01	-7.636342e-02	9.834043e-02	-1.028741e-01	-1.224586e-01	1.490199e-01	-1.639595e-01	-1.747528e-01	2.290020e-01	5.557797e-01	-5.005134e-01	4.030687e-01	-9.746547e-01	1.000000e+00	

Time taken for mcmc chain: 21.283333 minutes
