Number of steps: 3524549
Number of accepted steps: 960000
Burn-in number of steps: 320000
Accepted fraction of steps: 0.272375
Convergence Status
R[0]= 1.005143	R[1]= 1.013464	R[2]= 1.054893	R[3]= 1.058402	R[4]= 1.015348	R[5]= 1.017020	R[6]= 1.017986	R[7]= 1.006934	R[8]= 1.000617	R[9]= 1.023637	R[10]= 1.038109	R[11]= 1.057125	R[12]= 1.010179	R[13]= 1.026237	R[14]= 1.111212	R[15]= 1.068531	R[16]= 1.084078	R[17]= 1.094041	R[18]= 1.046459	R[19]= 1.002684	R[20]= 1.028946	R[21]= 1.035470	R[22]= 1.044680	R[23]= 1.008107	R[24]= 1.004930	
<R>= 1.034969

Mean parameters
A[0]= 8.717210e-01 pm 3.079313e-02
A[1]= 9.533502e-01 pm 2.632873e-02
A[2]= 6.581041e-01 pm 4.145920e-01
A[3]= 3.888405e+00 pm 1.288608e+00
A[4]= -1.346253e+03 pm 4.564157e+03
A[5]= 1.529761e+03 pm 3.262295e+03
A[6]= -3.016315e+02 pm 8.614084e+02
A[7]= 1.475361e+01 pm 1.577577e+01
A[8]= -7.828433e-02 pm 1.722361e-01
A[9]= 5.162412e+03 pm 9.082951e+03
A[10]= -2.632924e+03 pm 5.842236e+03
A[11]= 1.003835e+02 pm 1.394424e+03
A[12]= -4.235721e+01 pm 4.805596e+01
A[13]= 1.020548e+00 pm 9.155476e-01
A[14]= 5.464792e+00 pm 1.774341e+00
A[15]= -5.386427e+03 pm 5.801233e+03
A[16]= 5.607677e+03 pm 4.167004e+03
A[17]= -1.571394e+03 pm 1.115087e+03
A[18]= 2.518087e+01 pm 2.129126e+01
A[19]= -6.689158e-03 pm 2.497939e-01
A[20]= 1.323013e+04 pm 1.224722e+04
A[21]= -6.004518e+03 pm 7.856885e+03
A[22]= 2.336245e+02 pm 1.873881e+03
A[23]= -6.922739e+01 pm 6.626605e+01
A[24]= 1.043047e+00 pm 1.259761e+00

Best-fitting parameters
A[0]= 8.845896e-01
A[1]= 9.472656e-01
A[2]= 6.492297e-01
A[3]= 3.211587e+00
A[4]= 2.053681e+03
A[5]= -8.398227e+02
A[6]= 2.893838e+02
A[7]= 3.321973e+00
A[8]= -1.555876e-03
A[9]= 7.606920e+03
A[10]= -4.002945e+03
A[11]= 3.421260e+02
A[12]= -4.097904e+01
A[13]= 9.443830e-01
A[14]= 6.206733e+00
A[15]= -1.000681e+04
A[16]= 8.924274e+03
A[17]= -2.432731e+03
A[18]= 4.231238e+01
A[19]= -9.773279e-02
A[20]= 1.708072e+04
A[21]= -7.785899e+03
A[22]= 3.381732e+02
A[23]= -1.069052e+02
A[24]= 1.837047e+00
chi2_min= 1.050619e+02


Cross-Covariance parameters
1.000000e+00	-5.295859e-01	-1.406643e-01	2.280012e-01	-1.327566e-01	1.377878e-01	-1.462503e-01	1.535307e-01	-5.700821e-02	-5.768309e-03	1.813666e-02	-4.532253e-02	1.175803e-01	-8.408346e-02	1.959664e-01	-5.310905e-02	6.724551e-02	-8.587227e-02	9.723166e-02	-4.226776e-02	4.211762e-02	-3.141067e-02	-4.762620e-04	8.558564e-02	-6.861548e-02	
-5.295859e-01	1.000000e+00	1.037161e-01	-3.410433e-01	2.646451e-01	-2.642088e-01	2.519647e-01	-1.184657e-01	-6.829703e-02	5.954998e-02	-8.246191e-02	1.121629e-01	-1.068064e-01	3.289931e-02	-3.341293e-01	1.798807e-01	-1.985781e-01	2.052615e-01	9.608400e-03	-1.663551e-01	-8.627201e-03	-1.594082e-02	5.465976e-02	-2.242630e-02	-3.231469e-02	
-1.406643e-01	1.037161e-01	1.000000e+00	-5.529464e-01	-1.337955e-01	1.550207e-01	-1.642415e-01	2.434206e-02	1.211896e-01	-4.841279e-01	6.086041e-01	-7.341016e-01	6.374990e-02	2.280196e-01	-5.684901e-01	-1.787614e-01	1.849898e-01	-1.799986e-01	4.672833e-02	6.073037e-02	-5.079914e-01	6.376153e-01	-7.677418e-01	9.233878e-02	1.744961e-01	
2.280012e-01	-3.410433e-01	-5.529464e-01	1.000000e+00	-6.119675e-01	6.500937e-01	-6.740766e-01	4.739960e-01	-5.885660e-02	1.434962e-01	-1.721366e-01	2.045142e-01	-4.932538e-02	-1.400117e-02	5.606391e-01	-1.109561e-01	1.291179e-01	-1.444059e-01	6.275137e-02	4.691228e-02	2.624434e-01	-3.156663e-01	3.671095e-01	-7.485681e-02	-3.381124e-02	
-1.327566e-01	2.646451e-01	-1.337955e-01	-6.119675e-01	1.000000e+00	-9.860734e-01	9.504827e-01	-8.454475e-01	3.131601e-01	2.126625e-01	-2.868548e-01	3.592898e-01	-2.023513e-03	-1.146934e-01	-1.485789e-01	2.437966e-01	-2.654250e-01	2.765538e-01	-1.079808e-01	-7.768904e-02	9.273534e-02	-1.344200e-01	1.793956e-01	1.989376e-02	-1.003233e-01	
1.377878e-01	-2.642088e-01	1.550207e-01	6.500937e-01	-9.860734e-01	1.000000e+00	-9.886050e-01	8.171274e-01	-2.456022e-01	-2.384511e-01	3.176725e-01	-3.947428e-01	4.166637e-03	1.345499e-01	1.527449e-01	-2.630236e-01	2.871045e-01	-2.999356e-01	1.162361e-01	8.641841e-02	-1.050469e-01	1.510609e-01	-2.004968e-01	-2.073892e-02	1.101575e-01	
-1.462503e-01	2.519647e-01	-1.642415e-01	-6.740766e-01	9.504827e-01	-9.886050e-01	1.000000e+00	-7.724113e-01	1.809236e-01	2.579848e-01	-3.386997e-01	4.166443e-01	-1.197017e-02	-1.412341e-01	-1.550770e-01	2.725208e-01	-2.981331e-01	3.124032e-01	-1.230647e-01	-8.862468e-02	1.107639e-01	-1.587282e-01	2.102309e-01	2.036087e-02	-1.141027e-01	
1.535307e-01	-1.184657e-01	2.434206e-02	4.739960e-01	-8.454475e-01	8.171274e-01	-7.724113e-01	1.000000e+00	-7.451706e-01	-6.497763e-02	1.191977e-01	-1.796227e-01	-1.926419e-02	-1.078548e-02	1.333905e-01	-1.545320e-01	1.722224e-01	-1.843846e-01	9.890516e-02	2.260698e-02	-3.438718e-02	5.427790e-02	-7.651967e-02	-1.043415e-02	4.758540e-02	
-5.700821e-02	-6.829703e-02	1.211896e-01	-5.885660e-02	3.131601e-01	-2.456022e-01	1.809236e-01	-7.451706e-01	1.000000e+00	-1.532273e-01	1.517158e-01	-1.370417e-01	4.494574e-02	1.721418e-01	-5.340932e-02	-3.031776e-02	2.811362e-02	-2.357601e-02	-2.017762e-02	3.890602e-02	-5.709458e-02	7.381023e-02	-9.084121e-02	3.055741e-03	3.070261e-02	
-5.768309e-03	5.954998e-02	-4.841279e-01	1.434962e-01	2.126625e-01	-2.384511e-01	2.579848e-01	-6.497763e-02	-1.532273e-01	1.000000e+00	-9.785306e-01	8.984846e-01	-8.009125e-01	5.216632e-01	2.407935e-01	1.402155e-01	-1.426516e-01	1.389151e-01	-2.702618e-02	-7.117164e-02	2.492402e-01	-3.253819e-01	4.048115e-01	-3.691639e-02	-1.158971e-01	
1.813666e-02	-8.246191e-02	6.086041e-01	-1.721366e-01	-2.868548e-01	3.176725e-01	-3.386997e-01	1.191977e-01	1.517158e-01	-9.785306e-01	1.000000e+00	-9.688799e-01	7.378516e-01	-4.258327e-01	-2.955206e-01	-1.807362e-01	1.857670e-01	-1.826978e-01	4.254168e-02	8.260804e-02	-3.183853e-01	4.135854e-01	-5.130776e-01	5.024500e-02	1.410315e-01	
-4.532253e-02	1.121629e-01	-7.341016e-01	2.045142e-01	3.592898e-01	-3.947428e-01	4.166443e-01	-1.796227e-01	-1.370417e-01	8.984846e-01	-9.688799e-01	1.000000e+00	-6.062526e-01	2.699881e-01	3.515940e-01	2.192197e-01	-2.275394e-01	2.257953e-01	-5.949498e-02	-9.127162e-02	3.900060e-01	-5.044019e-01	6.244027e-01	-6.697390e-02	-1.634803e-01	
1.175803e-01	-1.068064e-01	6.374990e-02	-4.932538e-02	-2.023513e-03	4.166637e-03	-1.197017e-02	-1.926419e-02	4.494574e-02	-8.009125e-01	7.378516e-01	-6.062526e-01	1.000000e+00	-9.064152e-01	-3.497286e-02	-2.392229e-02	1.852290e-02	-1.431293e-02	-1.426932e-02	3.588552e-02	-3.309234e-02	5.173544e-02	-7.439232e-02	2.488452e-02	9.000311e-03	
-8.408346e-02	3.289931e-02	2.280196e-01	-1.400117e-02	-1.146934e-01	1.345499e-01	-1.412341e-01	-1.078548e-02	1.721418e-01	5.216632e-01	-4.258327e-01	2.699881e-01	-9.064152e-01	1.000000e+00	-9.191733e-02	-7.340169e-02	8.358825e-02	-8.777028e-02	4.655652e-02	-3.401526e-03	-1.229659e-01	1.504233e-01	-1.768295e-01	-1.028810e-03	6.002216e-02	
1.959664e-01	-3.341293e-01	-5.684901e-01	5.606391e-01	-1.485789e-01	1.527449e-01	-1.550770e-01	1.333905e-01	-5.340932e-02	2.407935e-01	-2.955206e-01	3.515940e-01	-3.497286e-02	-9.191733e-02	1.000000e+00	-5.339794e-01	6.012304e-01	-6.468142e-01	3.266282e-01	9.179726e-02	1.946319e-01	-2.278015e-01	2.601685e-01	-1.089118e-01	4.067817e-02	
-5.310905e-02	1.798807e-01	-1.787614e-01	-1.109561e-01	2.437966e-01	-2.630236e-01	2.725208e-01	-1.545320e-01	-3.031776e-02	1.402155e-01	-1.807362e-01	2.192197e-01	-2.392229e-02	-7.340169e-02	-5.339794e-01	1.000000e+00	-9.811000e-01	9.332475e-01	-7.892107e-01	2.804594e-01	2.261738e-01	-2.934393e-01	3.595411e-01	1.609625e-02	-1.333424e-01	
6.724551e-02	-1.985781e-01	1.849898e-01	1.291179e-01	-2.654250e-01	2.871045e-01	-2.981331e-01	1.722224e-01	2.811362e-02	-1.426516e-01	1.857670e-01	-2.275394e-01	1.852290e-02	8.358825e-02	6.012304e-01	-9.811000e-01	1.000000e+00	-9.847431e-01	7.420680e-01	-1.876070e-01	-2.345723e-01	3.092711e-01	-3.835232e-01	-2.834990e-02	1.607652e-01	
-8.587227e-02	2.052615e-01	-1.799986e-01	-1.444059e-01	2.765538e-01	-2.999356e-01	3.124032e-01	-1.843846e-01	-2.357601e-02	1.389151e-01	-1.826978e-01	2.257953e-01	-1.431293e-02	-8.777028e-02	-6.468142e-01	9.332475e-01	-9.847431e-01	1.000000e+00	-6.742986e-01	9.681220e-02	2.332547e-01	-3.119070e-01	3.909816e-01	3.657961e-02	-1.770580e-01	
9.723166e-02	9.608400e-03	4.672833e-02	6.275137e-02	-1.079808e-01	1.162361e-01	-1.230647e-01	9.890516e-02	-2.017762e-02	-2.702618e-02	4.254168e-02	-5.949498e-02	-1.426932e-02	4.655652e-02	3.266282e-01	-7.892107e-01	7.420680e-01	-6.742986e-01	1.000000e+00	-7.849231e-01	-9.565068e-02	1.311854e-01	-1.679405e-01	2.555693e-02	-2.960376e-02	
-4.226776e-02	-1.663551e-01	6.073037e-02	4.691228e-02	-7.768904e-02	8.641841e-02	-8.862468e-02	2.260698e-02	3.890602e-02	-7.117164e-02	8.260804e-02	-9.127162e-02	3.588552e-02	-3.401526e-03	9.179726e-02	2.804594e-01	-1.876070e-01	9.681220e-02	-7.849231e-01	1.000000e+00	-5.682741e-02	6.632461e-02	-7.328659e-02	-6.242142e-02	1.868745e-01	
4.211762e-02	-8.627201e-03	-5.079914e-01	2.624434e-01	9.273534e-02	-1.050469e-01	1.107639e-01	-3.438718e-02	-5.709458e-02	2.492402e-01	-3.183853e-01	3.900060e-01	-3.309234e-02	-1.229659e-01	1.946319e-01	2.261738e-01	-2.345723e-01	2.332547e-01	-9.565068e-02	-5.682741e-02	1.000000e+00	-9.779226e-01	8.935848e-01	-7.998662e-01	5.639210e-01	
-3.141067e-02	-1.594082e-02	6.376153e-01	-3.156663e-01	-1.344200e-01	1.510609e-01	-1.587282e-01	5.427790e-02	7.381023e-02	-3.253819e-01	4.135854e-01	-5.044019e-01	5.173544e-02	1.504233e-01	-2.278015e-01	-2.934393e-01	3.092711e-01	-3.119070e-01	1.311854e-01	6.632461e-02	-9.779226e-01	1.000000e+00	-9.668113e-01	7.330450e-01	-4.657990e-01	
-4.762620e-04	5.465976e-02	-7.677418e-01	3.671095e-01	1.793956e-01	-2.004968e-01	2.102309e-01	-7.651967e-02	-9.084121e-02	4.048115e-01	-5.130776e-01	6.244027e-01	-7.439232e-02	-1.768295e-01	2.601685e-01	3.595411e-01	-3.835232e-01	3.909816e-01	-1.679405e-01	-7.328659e-02	8.935848e-01	-9.668113e-01	1.000000e+00	-5.934493e-01	3.012549e-01	
8.558564e-02	-2.242630e-02	9.233878e-02	-7.485681e-02	1.989376e-02	-2.073892e-02	2.036087e-02	-1.043415e-02	3.055741e-03	-3.691639e-02	5.024500e-02	-6.697390e-02	2.488452e-02	-1.028810e-03	-1.089118e-01	1.609625e-02	-2.834990e-02	3.657961e-02	2.555693e-02	-6.242142e-02	-7.998662e-01	7.330450e-01	-5.934493e-01	1.000000e+00	-9.321263e-01	
-6.861548e-02	-3.231469e-02	1.744961e-01	-3.381124e-02	-1.003233e-01	1.101575e-01	-1.141027e-01	4.758540e-02	3.070261e-02	-1.158971e-01	1.410315e-01	-1.634803e-01	9.000311e-03	6.002216e-02	4.067817e-02	-1.333424e-01	1.607652e-01	-1.770580e-01	-2.960376e-02	1.868745e-01	5.639210e-01	-4.657990e-01	3.012549e-01	-9.321263e-01	1.000000e+00	

Time taken for mcmc chain: 56.266667 minutes
