Number of steps: 8057888
Number of accepted steps: 960000
Burn-in number of steps: 320000
Accepted fraction of steps: 0.119138
Convergence Status
R[0]= 1.012880	R[1]= 1.013445	R[2]= 1.033804	R[3]= 1.008736	R[4]= 1.017617	R[5]= 1.023985	R[6]= 1.028266	R[7]= 1.006405	R[8]= 1.004958	R[9]= 1.012190	R[10]= 1.016543	R[11]= 1.024328	R[12]= 1.006310	R[13]= 1.008908	R[14]= 1.032620	R[15]= 1.012514	R[16]= 1.014762	R[17]= 1.016748	R[18]= 1.002656	R[19]= 1.003843	R[20]= 1.012013	R[21]= 1.012814	R[22]= 1.013430	R[23]= 1.007716	R[24]= 1.011831	
<R>= 1.014373

Mean parameters
A[0]= 8.560088e-01 pm 2.875412e-02
A[1]= 9.171254e-01 pm 2.015803e-02
A[2]= 5.715703e-01 pm 3.599138e-01
A[3]= 4.441859e+00 pm 1.153747e+00
A[4]= 5.578448e+02 pm 3.613225e+03
A[5]= 1.206142e+03 pm 2.561817e+03
A[6]= -5.143135e+02 pm 7.000539e+02
A[7]= 1.843701e+01 pm 1.499013e+01
A[8]= -5.167001e-02 pm 1.743312e-01
A[9]= 7.107023e+03 pm 8.839407e+03
A[10]= -3.752717e+03 pm 5.598593e+03
A[11]= 2.745140e+02 pm 1.343877e+03
A[12]= -5.103470e+01 pm 4.819401e+01
A[13]= 1.273866e+00 pm 8.923353e-01
A[14]= 6.166400e+00 pm 1.719310e+00
A[15]= -5.198664e+03 pm 5.119115e+03
A[16]= 6.300838e+03 pm 3.650355e+03
A[17]= -2.055532e+03 pm 1.004482e+03
A[18]= 4.487088e+01 pm 2.248694e+01
A[19]= -1.796337e-01 pm 2.523284e-01
A[20]= 1.150619e+04 pm 1.188907e+04
A[21]= -4.633015e+03 pm 7.518691e+03
A[22]= -1.382277e+02 pm 1.792324e+03
A[23]= -3.030863e+01 pm 6.689276e+01
A[24]= 2.320513e-01 pm 1.262887e+00

Best-fitting parameters
A[0]= 8.586918e-01
A[1]= 9.156496e-01
A[2]= 9.346757e-01
A[3]= 3.421444e+00
A[4]= 7.835360e+02
A[5]= 1.063664e+03
A[6]= -4.774370e+02
A[7]= 1.887398e+01
A[8]= -8.641698e-02
A[9]= 4.942217e+03
A[10]= -1.513523e+03
A[11]= -5.532063e+02
A[12]= -6.018660e+01
A[13]= 1.677103e+00
A[14]= 5.074207e+00
A[15]= -8.793018e+03
A[16]= 8.484140e+03
A[17]= -2.522356e+03
A[18]= 5.720940e+01
A[19]= -2.685833e-01
A[20]= 4.600209e+03
A[21]= 1.452376e+03
A[22]= -1.983884e+03
A[23]= -1.871359e+01
A[24]= 4.338580e-01
chi2_min= 1.114923e+02


Cross-Covariance parameters
1.000000e+00	-4.663744e-01	-2.588718e-01	1.510061e-01	5.709187e-02	-6.029761e-02	4.759354e-02	3.870326e-02	-6.421292e-02	8.984967e-02	-1.065937e-01	9.849013e-02	5.949117e-02	-7.445428e-02	1.372005e-01	5.917776e-02	-5.445938e-02	3.804949e-02	9.232859e-02	-1.416486e-01	9.505811e-02	-1.051469e-01	8.899010e-02	1.082638e-01	-1.377531e-01	
-4.663744e-01	1.000000e+00	1.639337e-01	-2.250763e-01	8.213019e-02	-7.347331e-02	5.540448e-02	4.408092e-02	-1.054126e-01	-1.598097e-02	1.288628e-02	4.252154e-03	-4.843259e-02	4.372465e-03	-1.445807e-01	-9.395609e-04	1.134871e-02	-2.951018e-02	7.906613e-02	-7.611824e-02	-7.280683e-02	6.491842e-02	-3.552318e-02	-3.257749e-02	2.160337e-02	
-2.588718e-01	1.639337e-01	1.000000e+00	-6.602309e-01	-6.628355e-02	9.648516e-02	-1.123481e-01	-4.535724e-02	1.403043e-01	-4.637603e-01	6.114707e-01	-7.665092e-01	1.412278e-01	1.669799e-01	-6.952474e-01	9.095923e-03	-9.563215e-03	1.642039e-02	-1.162929e-01	1.363001e-01	-4.194300e-01	5.628156e-01	-7.213713e-01	9.345907e-02	1.784135e-01	
1.510061e-01	-2.250763e-01	-6.602309e-01	1.000000e+00	-5.105358e-01	5.718374e-01	-6.094855e-01	4.238408e-01	-8.400711e-02	2.170740e-01	-2.856501e-01	3.579935e-01	-1.063613e-01	-1.492177e-02	5.044774e-01	-4.918634e-02	4.959718e-02	-4.950076e-02	8.498618e-02	-7.138770e-02	2.513136e-01	-3.469027e-01	4.543495e-01	-4.275594e-02	-1.296118e-01	
5.709187e-02	8.213019e-02	-6.628355e-02	-5.105358e-01	1.000000e+00	-9.744759e-01	9.083283e-01	-8.439001e-01	4.111344e-01	1.056760e-01	-1.613503e-01	2.223583e-01	2.346841e-02	-7.074122e-02	3.215389e-02	4.309157e-02	-4.141877e-02	3.422228e-02	2.725097e-03	-3.609891e-02	8.931778e-02	-9.952411e-02	1.063208e-01	-5.555395e-02	2.288858e-02	
-6.029761e-02	-7.347331e-02	9.648516e-02	5.718374e-01	-9.744759e-01	1.000000e+00	-9.784542e-01	8.175651e-01	-3.275920e-01	-1.356982e-01	2.007125e-01	-2.719901e-01	-2.256235e-02	1.049072e-01	-4.328971e-02	-5.378939e-02	5.476111e-02	-4.967945e-02	2.616084e-03	3.931892e-02	-1.091944e-01	1.245453e-01	-1.368332e-01	6.185304e-02	-1.755798e-02	
4.759354e-02	5.540448e-02	-1.123481e-01	-6.094855e-01	9.083283e-01	-9.784542e-01	1.000000e+00	-7.566888e-01	2.374419e-01	1.607237e-01	-2.298437e-01	3.052806e-01	1.256900e-02	-1.214382e-01	4.843531e-02	5.933151e-02	-6.281799e-02	6.044911e-02	-1.039986e-02	-3.617544e-02	1.189999e-01	-1.373588e-01	1.532190e-01	-6.538526e-02	1.471385e-02	
3.870326e-02	4.408092e-02	-4.535724e-02	4.238408e-01	-8.439001e-01	8.175651e-01	-7.566888e-01	1.000000e+00	-7.958607e-01	4.513922e-02	-6.455445e-03	-4.607872e-02	-7.324257e-02	-1.595551e-02	1.440885e-02	-2.358993e-02	2.094112e-02	-1.883546e-02	4.195264e-02	-3.351943e-02	-4.156213e-02	3.344878e-02	-2.030807e-02	6.118468e-02	-6.722863e-02	
-6.421292e-02	-1.054126e-01	1.403043e-01	-8.400711e-02	4.111344e-01	-3.275920e-01	2.374419e-01	-7.958607e-01	1.000000e+00	-2.040523e-01	2.031254e-01	-1.854962e-01	1.039022e-01	1.347370e-01	-4.047909e-02	-3.046620e-02	3.708719e-02	-3.781969e-02	-2.730431e-02	5.675573e-02	-3.531455e-02	5.976610e-02	-8.979261e-02	-2.807509e-02	7.312232e-02	
8.984967e-02	-1.598097e-02	-4.637603e-01	2.170740e-01	1.056760e-01	-1.356982e-01	1.607237e-01	4.513922e-02	-2.040523e-01	1.000000e+00	-9.756338e-01	8.768814e-01	-8.485238e-01	5.846207e-01	3.433340e-01	-4.613528e-02	3.986268e-02	-3.617451e-02	9.915760e-02	-9.579701e-02	1.862035e-01	-2.599464e-01	3.436237e-01	-4.875021e-02	-7.635504e-02	
-1.065937e-01	1.288628e-02	6.114707e-01	-2.856501e-01	-1.613503e-01	2.007125e-01	-2.298437e-01	-6.455445e-03	2.031254e-01	-9.756338e-01	1.000000e+00	-9.599441e-01	7.965230e-01	-4.946850e-01	-4.409194e-01	3.164114e-02	-2.569886e-02	2.399900e-02	-1.068200e-01	1.158581e-01	-2.620652e-01	3.585481e-01	-4.673459e-01	7.330486e-02	9.951379e-02	
9.849013e-02	4.252154e-03	-7.665092e-01	3.579935e-01	2.223583e-01	-2.719901e-01	3.052806e-01	-4.607872e-02	-1.854962e-01	8.768814e-01	-9.599441e-01	1.000000e+00	-6.580842e-01	3.240839e-01	5.428495e-01	-1.462782e-02	9.040382e-03	-9.258240e-03	1.101654e-01	-1.328994e-01	3.450542e-01	-4.658528e-01	6.022208e-01	-1.041109e-01	-1.211980e-01	
5.949117e-02	-4.843259e-02	1.412278e-01	-1.063613e-01	2.346841e-02	-2.256235e-02	1.256900e-02	-7.324257e-02	1.039022e-01	-8.485238e-01	7.965230e-01	-6.580842e-01	1.000000e+00	-9.006601e-01	-1.172858e-01	3.972238e-02	-3.620560e-02	3.176194e-02	-5.075431e-02	3.723771e-02	-5.123005e-02	7.845908e-02	-1.117853e-01	2.920408e-02	9.726060e-03	
-7.445428e-02	4.372465e-03	1.669799e-01	-1.492177e-02	-7.074122e-02	1.049072e-01	-1.214382e-01	-1.595551e-02	1.347370e-01	5.846207e-01	-4.946850e-01	3.240839e-01	-9.006601e-01	1.000000e+00	-8.769886e-02	-4.581998e-02	4.502215e-02	-3.994638e-02	1.679743e-02	1.000580e-02	-8.113877e-02	1.042085e-01	-1.295123e-01	6.352148e-03	4.691108e-02	
1.372005e-01	-1.445807e-01	-6.952474e-01	5.044774e-01	3.215389e-02	-4.328971e-02	4.843531e-02	1.440885e-02	-4.047909e-02	3.433340e-01	-4.409194e-01	5.428495e-01	-1.172858e-01	-8.769886e-02	1.000000e+00	-5.311958e-01	6.136538e-01	-6.673796e-01	4.422376e-01	-9.704313e-02	1.691246e-01	-2.374850e-01	3.226333e-01	-2.353866e-02	-9.981654e-02	
5.917776e-02	-9.395609e-04	9.095923e-03	-4.918634e-02	4.309157e-02	-5.378939e-02	5.933151e-02	-2.358993e-02	-3.046620e-02	-4.613528e-02	3.164114e-02	-1.462782e-02	3.972238e-02	-4.581998e-02	-5.311958e-01	1.000000e+00	-9.736487e-01	9.045258e-01	-8.392459e-01	4.526162e-01	2.051850e-01	-2.387614e-01	2.601465e-01	-1.079841e-01	4.974490e-02	
-5.445938e-02	1.134871e-02	-9.563215e-03	4.959718e-02	-4.141877e-02	5.476111e-02	-6.281799e-02	2.094112e-02	3.708719e-02	3.986268e-02	-2.569886e-02	9.040382e-03	-3.620560e-02	4.502215e-02	6.136538e-01	-9.736487e-01	1.000000e+00	-9.773865e-01	8.104049e-01	-3.656030e-01	-2.164312e-01	2.592007e-01	-2.907298e-01	1.038035e-01	-2.798199e-02	
3.804949e-02	-2.951018e-02	1.642039e-02	-4.950076e-02	3.422228e-02	-4.967945e-02	6.044911e-02	-1.883546e-02	-3.781969e-02	-3.617451e-02	2.399900e-02	-9.258240e-03	3.176194e-02	-3.994638e-02	-6.673796e-01	9.045258e-01	-9.773865e-01	1.000000e+00	-7.445973e-01	2.667013e-01	2.152698e-01	-2.635524e-01	3.019568e-01	-9.662085e-02	9.845803e-03	
9.232859e-02	7.906613e-02	-1.162929e-01	8.498618e-02	2.725097e-03	2.616084e-03	-1.039986e-02	4.195264e-02	-2.730431e-02	9.915760e-02	-1.068200e-01	1.101654e-01	-5.075431e-02	1.679743e-02	4.422376e-01	-8.392459e-01	8.104049e-01	-7.445973e-01	1.000000e+00	-8.289700e-01	-9.705890e-02	1.076086e-01	-1.104173e-01	1.235478e-01	-1.643298e-01	
-1.416486e-01	-7.611824e-02	1.363001e-01	-7.138770e-02	-3.609891e-02	3.931892e-02	-3.617544e-02	-3.351943e-02	5.675573e-02	-9.579701e-02	1.158581e-01	-1.328994e-01	3.723771e-02	1.000580e-02	-9.704313e-02	4.526162e-01	-3.656030e-01	2.667013e-01	-8.289700e-01	1.000000e+00	-3.411547e-02	5.248743e-02	-7.246842e-02	-9.668744e-02	2.303685e-01	
9.505811e-02	-7.280683e-02	-4.194300e-01	2.513136e-01	8.931778e-02	-1.091944e-01	1.189999e-01	-4.156213e-02	-3.531455e-02	1.862035e-01	-2.620652e-01	3.450542e-01	-5.123005e-02	-8.113877e-02	1.691246e-01	2.051850e-01	-2.164312e-01	2.152698e-01	-9.705890e-02	-3.411547e-02	1.000000e+00	-9.760810e-01	8.768522e-01	-8.409605e-01	6.244159e-01	
-1.051469e-01	6.491842e-02	5.628156e-01	-3.469027e-01	-9.952411e-02	1.245453e-01	-1.373588e-01	3.344878e-02	5.976610e-02	-2.599464e-01	3.585481e-01	-4.658528e-01	7.845908e-02	1.042085e-01	-2.374850e-01	-2.387614e-01	2.592007e-01	-2.635524e-01	1.076086e-01	5.248743e-02	-9.760810e-01	1.000000e+00	-9.592938e-01	7.935739e-01	-5.395350e-01	
8.899010e-02	-3.552318e-02	-7.213713e-01	4.543495e-01	1.063208e-01	-1.368332e-01	1.532190e-01	-2.030807e-02	-8.979261e-02	3.436237e-01	-4.673459e-01	6.022208e-01	-1.117853e-01	-1.295123e-01	3.226333e-01	2.601465e-01	-2.907298e-01	3.019568e-01	-1.104173e-01	-7.246842e-02	8.768522e-01	-9.592938e-01	1.000000e+00	-6.603473e-01	3.714764e-01	
1.082638e-01	-3.257749e-02	9.345907e-02	-4.275594e-02	-5.555395e-02	6.185304e-02	-6.538526e-02	6.118468e-02	-2.807509e-02	-4.875021e-02	7.330486e-02	-1.041109e-01	2.920408e-02	6.352148e-03	-2.353866e-02	-1.079841e-01	1.038035e-01	-9.662085e-02	1.235478e-01	-9.668744e-02	-8.409605e-01	7.935739e-01	-6.603473e-01	1.000000e+00	-9.294172e-01	
-1.377531e-01	2.160337e-02	1.784135e-01	-1.296118e-01	2.288858e-02	-1.755798e-02	1.471385e-02	-6.722863e-02	7.312232e-02	-7.635504e-02	9.951379e-02	-1.211980e-01	9.726060e-03	4.691108e-02	-9.981654e-02	4.974490e-02	-2.798199e-02	9.845803e-03	-1.643298e-01	2.303685e-01	6.244159e-01	-5.395350e-01	3.714764e-01	-9.294172e-01	1.000000e+00	

Time taken for mcmc chain: 38.283333 minutes
