Number of steps: 19041745
Number of accepted steps: 960000
Burn-in number of steps: 320000
Accepted fraction of steps: 0.050416
Convergence Status
R[0]= 1.001377	R[1]= 1.001362	R[2]= 1.006875	R[3]= 1.005735	R[4]= 1.001285	R[5]= 1.001816	R[6]= 1.002601	R[7]= 1.001723	R[8]= 1.000888	R[9]= 1.000795	R[10]= 1.000687	R[11]= 1.000665	R[12]= 1.001750	R[13]= 1.002127	R[14]= 1.002001	R[15]= 1.000122	R[16]= 1.000089	R[17]= 1.000149	R[18]= 1.000643	R[19]= 1.001320	R[20]= 1.000270	R[21]= 1.000337	R[22]= 1.000543	R[23]= 1.000918	R[24]= 1.001380	
<R>= 1.001498

Mean parameters
A[0]= 8.745133e-01 pm 2.718217e-02
A[1]= 9.493837e-01 pm 2.087216e-02
A[2]= 6.198719e-01 pm 4.032313e-01
A[3]= 4.282762e+00 pm 1.211880e+00
A[4]= -2.321294e+03 pm 3.755474e+03
A[5]= 2.305866e+03 pm 2.598526e+03
A[6]= -5.196967e+02 pm 6.733729e+02
A[7]= 1.748722e+01 pm 1.466865e+01
A[8]= -7.946518e-02 pm 1.790197e-01
A[9]= 5.589083e+03 pm 8.803477e+03
A[10]= -2.874383e+03 pm 5.574232e+03
A[11]= 1.462210e+02 pm 1.311795e+03
A[12]= -4.555669e+01 pm 4.831509e+01
A[13]= 1.088228e+00 pm 9.225857e-01
A[14]= 5.992140e+00 pm 1.771836e+00
A[15]= -6.554619e+03 pm 5.299341e+03
A[16]= 6.544709e+03 pm 3.678841e+03
A[17]= -1.838424e+03 pm 9.594831e+02
A[18]= 2.857567e+01 pm 2.096094e+01
A[19]= -1.226633e-02 pm 2.526329e-01
A[20]= 1.386386e+04 pm 1.197555e+04
A[21]= -6.358381e+03 pm 7.560843e+03
A[22]= 3.039116e+02 pm 1.769519e+03
A[23]= -7.086674e+01 pm 6.713254e+01
A[24]= 1.056300e+00 pm 1.297030e+00

Best-fitting parameters
A[0]= 8.631431e-01
A[1]= 9.498831e-01
A[2]= 3.785519e-01
A[3]= 5.374985e+00
A[4]= -4.580991e+03
A[5]= 3.880077e+03
A[6]= -9.218628e+02
A[7]= 2.328800e+01
A[8]= -1.103253e-01
A[9]= 4.986536e+03
A[10]= -2.989944e+03
A[11]= 3.548006e+02
A[12]= -2.426859e+01
A[13]= 5.255884e-01
A[14]= 7.044510e+00
A[15]= -7.776544e+03
A[16]= 7.403910e+03
A[17]= -2.067743e+03
A[18]= 3.359477e+01
A[19]= -2.452118e-02
A[20]= 1.966353e+04
A[21]= -1.061320e+04
A[22]= 1.458270e+03
A[23]= -1.021801e+02
A[24]= 1.465088e+00
chi2_min= 1.049695e+02


Cross-Covariance parameters
1.000000e+00	-4.697986e-01	-2.093388e-01	1.346433e-01	4.698493e-02	-4.945517e-02	3.866576e-02	4.804053e-02	-6.398002e-02	3.442900e-02	-4.559634e-02	3.857289e-02	1.353169e-01	-1.384060e-01	1.039940e-01	7.676427e-02	-7.953977e-02	6.928951e-02	4.469659e-02	-7.772055e-02	4.548439e-02	-5.669470e-02	4.848650e-02	1.482875e-01	-1.587063e-01	
-4.697986e-01	1.000000e+00	1.628945e-01	-1.978409e-01	1.258126e-02	-5.990954e-03	-7.997015e-03	7.866904e-02	-8.862715e-02	-1.691676e-02	1.979315e-02	-1.276072e-02	-8.342679e-02	5.384677e-02	-1.921313e-01	8.615736e-03	-1.945943e-03	-1.021263e-02	1.005719e-01	-1.151726e-01	-3.379854e-02	3.568917e-02	-2.405590e-02	-6.750722e-02	4.900938e-02	
-2.093388e-01	1.628945e-01	1.000000e+00	-7.068858e-01	-7.211413e-02	8.232995e-02	-8.115551e-02	-4.303519e-02	1.078676e-01	-4.524740e-01	5.966800e-01	-7.482013e-01	3.738333e-02	2.412300e-01	-7.174883e-01	-7.099181e-03	5.523314e-03	3.438211e-03	-6.329083e-02	6.344327e-02	-4.462445e-01	5.789178e-01	-7.230097e-01	1.919249e-02	2.300785e-01	
1.346433e-01	-1.978409e-01	-7.068858e-01	1.000000e+00	-4.794176e-01	5.366688e-01	-5.781217e-01	3.504712e-01	-4.989318e-02	2.438397e-01	-3.205101e-01	4.037109e-01	-4.051373e-02	-1.011292e-01	5.264248e-01	1.428852e-03	-4.280687e-03	2.952257e-03	2.979818e-02	-3.124642e-02	3.198320e-01	-4.166063e-01	5.219482e-01	-1.337784e-02	-1.646501e-01	
4.698493e-02	1.258126e-02	-7.211413e-02	-4.794176e-01	1.000000e+00	-9.801631e-01	9.267997e-01	-8.133169e-01	3.896436e-01	1.009915e-01	-1.557063e-01	2.133672e-01	4.297246e-02	-7.238381e-02	4.707549e-02	1.671278e-02	-1.776140e-02	1.702165e-02	7.277362e-03	-1.848431e-02	3.949146e-02	-5.208175e-02	6.517911e-02	1.697111e-03	-2.363704e-02	
-4.945517e-02	-5.990954e-03	8.232995e-02	5.366688e-01	-9.801631e-01	1.000000e+00	-9.823140e-01	7.756962e-01	-3.104230e-01	-1.243023e-01	1.844007e-01	-2.471793e-01	-4.129553e-02	9.328207e-02	-5.659004e-02	-1.898524e-02	1.966098e-02	-1.854941e-02	-6.265442e-03	1.788103e-02	-4.740022e-02	6.153463e-02	-7.603338e-02	3.781183e-04	2.472837e-02	
3.866576e-02	-7.997015e-03	-8.115551e-02	-5.781217e-01	9.267997e-01	-9.823140e-01	1.000000e+00	-7.123279e-01	2.263393e-01	1.456772e-01	-2.070174e-01	2.701474e-01	2.907259e-02	-9.824320e-02	6.014138e-02	1.879063e-02	-1.907084e-02	1.804285e-02	2.014183e-03	-1.260138e-02	4.992649e-02	-6.383614e-02	7.804480e-02	-3.886116e-03	-2.097704e-02	
4.804053e-02	7.866904e-02	-4.303519e-02	3.504712e-01	-8.133169e-01	7.756962e-01	-7.123279e-01	1.000000e+00	-8.261208e-01	6.010186e-02	-2.668026e-02	-1.892114e-02	-6.499648e-02	-5.312263e-02	1.504687e-02	3.612778e-03	-1.106267e-03	-3.666533e-03	2.443368e-02	-2.342786e-02	9.150183e-03	-1.442710e-02	2.004434e-02	1.263587e-02	-2.438906e-02	
-6.398002e-02	-8.862715e-02	1.078676e-01	-4.989318e-02	3.896436e-01	-3.104230e-01	2.263393e-01	-8.261208e-01	1.000000e+00	-1.882661e-01	1.862624e-01	-1.679854e-01	7.010100e-02	1.583783e-01	-6.145143e-02	-1.307596e-02	1.028441e-02	-4.315082e-03	-2.924783e-02	3.321984e-02	-4.105244e-02	5.736303e-02	-7.488130e-02	-1.382533e-02	4.477095e-02	
3.442900e-02	-1.691676e-02	-4.524740e-01	2.438397e-01	1.009915e-01	-1.243023e-01	1.456772e-01	6.010186e-02	-1.882661e-01	1.000000e+00	-9.769145e-01	8.871006e-01	-8.105698e-01	5.509846e-01	3.353820e-01	8.365941e-03	-8.953931e-03	6.494639e-03	3.168604e-02	-3.955882e-02	2.169044e-01	-2.836645e-01	3.581414e-01	-2.081153e-02	-1.027254e-01	
-4.559634e-02	1.979315e-02	5.966800e-01	-3.205101e-01	-1.557063e-01	1.844007e-01	-2.070174e-01	-2.668026e-02	1.862624e-01	-9.769145e-01	1.000000e+00	-9.643234e-01	7.463044e-01	-4.563472e-01	-4.397928e-01	-1.212127e-02	1.285271e-02	-9.373536e-03	-4.060595e-02	5.065083e-02	-2.867551e-01	3.741033e-01	-4.712965e-01	2.791687e-02	1.348685e-01	
3.857289e-02	-1.276072e-02	-7.482013e-01	4.037109e-01	2.133672e-01	-2.471793e-01	2.701474e-01	-1.892114e-02	-1.679854e-01	8.871006e-01	-9.643234e-01	1.000000e+00	-6.038797e-01	2.916615e-01	5.497821e-01	1.432016e-02	-1.505148e-02	1.053492e-02	4.949270e-02	-6.074312e-02	3.605249e-01	-4.696442e-01	5.912604e-01	-3.818668e-02	-1.664360e-01	
1.353169e-01	-8.342679e-02	3.738333e-02	-4.051373e-02	4.297246e-02	-4.129553e-02	2.907259e-02	-6.499648e-02	7.010100e-02	-8.105698e-01	7.463044e-01	-6.038797e-01	1.000000e+00	-9.143257e-01	-3.618136e-02	6.271893e-03	-5.988105e-03	4.477512e-03	-4.022983e-03	6.492258e-03	-3.372557e-02	4.388226e-02	-5.859715e-02	3.000542e-02	-9.047156e-03	
-1.384060e-01	5.384677e-02	2.412300e-01	-1.011292e-01	-7.238381e-02	9.328207e-02	-9.824320e-02	-5.312263e-02	1.583783e-01	5.509846e-01	-4.563472e-01	2.916615e-01	-9.143257e-01	1.000000e+00	-1.667447e-01	-8.355210e-03	7.494655e-03	-3.337384e-03	-2.007266e-02	1.866147e-02	-9.787896e-02	1.284738e-01	-1.595295e-01	-1.649011e-02	7.231409e-02	
1.039940e-01	-1.921313e-01	-7.174883e-01	5.264248e-01	4.707549e-02	-5.659004e-02	6.014138e-02	1.504687e-02	-6.145143e-02	3.353820e-01	-4.397928e-01	5.497821e-01	-3.618136e-02	-1.667447e-01	1.000000e+00	-5.029744e-01	5.715496e-01	-6.208858e-01	3.069104e-01	3.383214e-02	2.290381e-01	-2.972357e-01	3.780324e-01	-2.227064e-02	-1.014245e-01	
7.676427e-02	8.615736e-03	-7.099181e-03	1.428852e-03	1.671278e-02	-1.898524e-02	1.879063e-02	3.612778e-03	-1.307596e-02	8.365941e-03	-1.212127e-02	1.432016e-02	6.271893e-03	-8.355210e-03	-5.029744e-01	1.000000e+00	-9.789624e-01	9.218865e-01	-7.875229e-01	3.640427e-01	1.585360e-01	-2.003809e-01	2.355757e-01	-1.950183e-02	-3.143763e-02	
-7.953977e-02	-1.945943e-03	5.523314e-03	-4.280687e-03	-1.776140e-02	1.966098e-02	-1.907084e-02	-1.106267e-03	1.028441e-02	-8.953931e-03	1.285271e-02	-1.505148e-02	-5.988105e-03	7.494655e-03	5.715496e-01	-9.789624e-01	1.000000e+00	-9.810452e-01	7.403796e-01	-2.733737e-01	-1.698824e-01	2.184980e-01	-2.605395e-01	1.142656e-02	5.413232e-02	
6.928951e-02	-1.021263e-02	3.438211e-03	2.952257e-03	1.702165e-02	-1.854941e-02	1.804285e-02	-3.666533e-03	-4.315082e-03	6.494639e-03	-9.373536e-03	1.053492e-02	4.477512e-03	-3.337384e-03	-6.208858e-01	9.218865e-01	-9.810452e-01	1.000000e+00	-6.656349e-01	1.758394e-01	1.731947e-01	-2.253726e-01	2.713177e-01	-6.780734e-03	-6.820239e-02	
4.469659e-02	1.005719e-01	-6.329083e-02	2.979818e-02	7.277362e-03	-6.265442e-03	2.014183e-03	2.443368e-02	-2.924783e-02	3.168604e-02	-4.060595e-02	4.949270e-02	-4.022983e-03	-2.007266e-02	3.069104e-01	-7.875229e-01	7.403796e-01	-6.656349e-01	1.000000e+00	-8.365814e-01	-5.293704e-02	6.943214e-02	-8.277374e-02	6.458893e-02	-1.147768e-01	
-7.772055e-02	-1.151726e-01	6.344327e-02	-3.124642e-02	-1.848431e-02	1.788103e-02	-1.260138e-02	-2.342786e-02	3.321984e-02	-3.955882e-02	5.065083e-02	-6.074312e-02	6.492258e-03	1.866147e-02	3.383214e-02	3.640427e-01	-2.733737e-01	1.758394e-01	-8.365814e-01	1.000000e+00	-4.515854e-02	5.602391e-02	-6.587470e-02	-8.000661e-02	2.040592e-01	
4.548439e-02	-3.379854e-02	-4.462445e-01	3.198320e-01	3.949146e-02	-4.740022e-02	4.992649e-02	9.150183e-03	-4.105244e-02	2.169044e-01	-2.867551e-01	3.605249e-01	-3.372557e-02	-9.787896e-02	2.290381e-01	1.585360e-01	-1.698824e-01	1.731947e-01	-5.293704e-02	-4.515854e-02	1.000000e+00	-9.781281e-01	8.910378e-01	-7.977466e-01	5.738335e-01	
-5.669470e-02	3.568917e-02	5.789178e-01	-4.166063e-01	-5.208175e-02	6.153463e-02	-6.383614e-02	-1.442710e-02	5.736303e-02	-2.836645e-01	3.741033e-01	-4.696442e-01	4.388226e-02	1.284738e-01	-2.972357e-01	-2.003809e-01	2.184980e-01	-2.253726e-01	6.943214e-02	5.602391e-02	-9.781281e-01	1.000000e+00	-9.650145e-01	7.335663e-01	-4.804781e-01	
4.848650e-02	-2.405590e-02	-7.230097e-01	5.219482e-01	6.517911e-02	-7.603338e-02	7.804480e-02	2.004434e-02	-7.488130e-02	3.581414e-01	-4.712965e-01	5.912604e-01	-5.859715e-02	-1.595295e-01	3.780324e-01	2.355757e-01	-2.605395e-01	2.713177e-01	-8.277374e-02	-6.587470e-02	8.910378e-01	-9.650145e-01	1.000000e+00	-5.919796e-01	3.148610e-01	
1.482875e-01	-6.750722e-02	1.919249e-02	-1.337784e-02	1.697111e-03	3.781183e-04	-3.886116e-03	1.263587e-02	-1.382533e-02	-2.081153e-02	2.791687e-02	-3.818668e-02	3.000542e-02	-1.649011e-02	-2.227064e-02	-1.950183e-02	1.142656e-02	-6.780734e-03	6.458893e-02	-8.000661e-02	-7.977466e-01	7.335663e-01	-5.919796e-01	1.000000e+00	-9.375190e-01	
-1.587063e-01	4.900938e-02	2.300785e-01	-1.646501e-01	-2.363704e-02	2.472837e-02	-2.097704e-02	-2.438906e-02	4.477095e-02	-1.027254e-01	1.348685e-01	-1.664360e-01	-9.047156e-03	7.231409e-02	-1.014245e-01	-3.143763e-02	5.413232e-02	-6.820239e-02	-1.147768e-01	2.040592e-01	5.738335e-01	-4.804781e-01	3.148610e-01	-9.375190e-01	1.000000e+00	

Time taken for mcmc chain: 3.406944 hours
