Number of steps: 14088132
Number of accepted steps: 960000
Burn-in number of steps: 320000
Accepted fraction of steps: 0.068142
Convergence Status
R[0]= 1.000417	R[1]= 1.000052	R[2]= 1.001355	R[3]= 1.000244	R[4]= 1.000074	R[5]= 1.000121	R[6]= 1.000189	R[7]= 1.000031	R[8]= 1.000068	R[9]= 1.001787	R[10]= 1.002163	R[11]= 1.002433	R[12]= 1.001176	R[13]= 1.001136	R[14]= 1.000246	R[15]= 1.000508	R[16]= 1.000518	R[17]= 1.000546	R[18]= 1.000029	R[19]= 1.000130	R[20]= 1.000180	R[21]= 1.000216	R[22]= 1.000209	R[23]= 1.001036	R[24]= 1.001062	
<R>= 1.000637

Mean parameters
A[0]= 9.613738e-01 pm 3.985464e-02
A[1]= 1.097133e+00 pm 3.866496e-02
A[2]= 7.676635e-01 pm 5.236093e-01
A[3]= 3.038330e+00 pm 1.204651e+00
A[4]= -2.479290e+03 pm 3.682550e+03
A[5]= 6.228941e+02 pm 2.335189e+03
A[6]= 4.108722e+02 pm 5.136677e+02
A[7]= 9.471902e+00 pm 1.288918e+01
A[8]= -2.801602e-01 pm 1.864974e-01
A[9]= -3.447258e+03 pm 8.188786e+03
A[10]= 1.297954e+03 pm 4.801537e+03
A[11]= -3.282795e+02 pm 9.569555e+02
A[12]= 1.298177e+01 pm 4.940579e+01
A[13]= -5.265364e-01 pm 9.527780e-01
A[14]= 4.623740e+00 pm 1.668820e+00
A[15]= -7.811009e+03 pm 5.163952e+03
A[16]= 4.706132e+03 pm 3.284942e+03
A[17]= -5.566758e+02 pm 7.249959e+02
A[18]= -1.542529e+00 pm 1.961345e+01
A[19]= 7.048463e-02 pm 2.767556e-01
A[20]= -2.507552e+03 pm 1.149481e+04
A[21]= 9.898387e+02 pm 6.864228e+03
A[22]= -4.479754e+02 pm 1.397205e+03
A[23]= -1.409568e+01 pm 6.952965e+01
A[24]= -2.077228e-02 pm 1.362323e+00

Best-fitting parameters
A[0]= 9.643780e-01
A[1]= 1.103927e+00
A[2]= 6.712740e-01
A[3]= 3.294173e+00
A[4]= -3.181435e+03
A[5]= 1.144831e+03
A[6]= 2.704299e+02
A[7]= 8.126210e+00
A[8]= -2.510811e-01
A[9]= -7.681627e+03
A[10]= 3.721395e+03
A[11]= -7.780579e+02
A[12]= 3.381321e+01
A[13]= -6.951959e-01
A[14]= 5.122327e+00
A[15]= -1.008174e+04
A[16]= 6.297725e+03
A[17]= -9.228167e+02
A[18]= 1.916274e+00
A[19]= 5.505184e-02
A[20]= 2.171234e+03
A[21]= -1.084604e+03
A[22]= -1.647821e+02
A[23]= -3.718910e+01
A[24]= 4.070362e-01
chi2_min= 8.115207e+01


Cross-Covariance parameters
1.000000e+00	-5.460098e-01	-1.474276e-01	9.564337e-02	2.926011e-02	-2.424418e-02	1.352197e-02	3.644701e-02	-1.960422e-02	-2.012943e-02	3.557775e-02	-6.970826e-02	1.124429e-01	-7.615062e-02	1.010154e-01	3.900661e-02	-3.412792e-02	2.278243e-02	5.050967e-02	-3.688997e-02	2.552277e-03	1.477402e-02	-5.484923e-02	1.125232e-01	-8.210039e-02	
-5.460098e-01	1.000000e+00	2.379134e-01	-2.311614e-01	-1.899066e-02	2.480068e-02	-3.743888e-02	1.289273e-01	-1.154815e-01	2.304900e-02	-2.521525e-02	3.406672e-02	-1.287287e-01	7.664814e-02	-2.885516e-01	-1.055948e-02	7.985237e-03	-1.283269e-02	1.732074e-01	-1.633888e-01	-1.197710e-02	9.155000e-03	8.203904e-03	-8.469171e-02	4.855768e-02	
-1.474276e-01	2.379134e-01	1.000000e+00	-7.076294e-01	1.442656e-02	-1.328015e-02	1.783628e-02	-1.320195e-02	-1.305337e-02	-3.172709e-01	4.171037e-01	-5.375819e-01	-2.233636e-01	2.882782e-01	-6.842827e-01	-1.101505e-01	1.135389e-01	-1.072035e-01	-2.797263e-02	4.276784e-02	-3.809339e-01	4.794461e-01	-5.915157e-01	-2.678435e-01	3.591684e-01	
9.564337e-02	-2.311614e-01	-7.076294e-01	1.000000e+00	-5.131998e-01	5.652502e-01	-6.049154e-01	-2.933144e-02	2.305748e-01	1.683910e-01	-2.203444e-01	2.895608e-01	7.595987e-02	-7.660807e-02	5.234663e-01	7.683524e-02	-8.137018e-02	8.033908e-02	2.045016e-03	-1.476007e-02	2.901278e-01	-3.613088e-01	4.421543e-01	1.880930e-01	-2.534411e-01	
2.926011e-02	-1.899066e-02	1.442656e-02	-5.131998e-01	1.000000e+00	-9.866410e-01	9.484023e-01	-4.955421e-01	1.816372e-01	4.527730e-02	-7.791086e-02	1.119606e-01	1.472918e-01	-1.345419e-01	-1.475947e-02	2.117081e-02	-2.049092e-02	1.939718e-02	-1.184446e-02	6.320634e-03	-2.247739e-02	2.173372e-02	-2.156107e-02	1.968983e-02	-1.672510e-02	
-2.424418e-02	2.480068e-02	-1.328015e-02	5.652502e-01	-9.866410e-01	1.000000e+00	-9.868713e-01	4.319661e-01	-1.142127e-01	-5.402846e-02	9.004080e-02	-1.278548e-01	-1.590140e-01	1.567326e-01	1.396698e-02	-2.185899e-02	2.109559e-02	-2.003043e-02	1.383769e-02	-7.805852e-03	2.410024e-02	-2.306715e-02	2.240358e-02	-2.040123e-02	1.699444e-02	
1.352197e-02	-3.743888e-02	1.783628e-02	-6.049154e-01	9.484023e-01	-9.868713e-01	1.000000e+00	-3.669781e-01	5.780354e-02	6.452467e-02	-1.022013e-01	1.417933e-01	1.566293e-01	-1.611625e-01	-1.504953e-02	2.112841e-02	-2.026632e-02	1.950163e-02	-1.968058e-02	1.300029e-02	-2.811930e-02	2.741124e-02	-2.690704e-02	1.835820e-02	-1.360248e-02	
3.644701e-02	1.289273e-01	-1.320195e-02	-2.933144e-02	-4.955421e-01	4.319661e-01	-3.669781e-01	1.000000e+00	-9.240851e-01	1.352627e-01	-1.252920e-01	1.021212e-01	-5.289771e-02	-1.191483e-01	-3.135613e-02	1.145460e-02	-1.406781e-02	1.286590e-02	5.797257e-02	-5.513621e-02	3.391907e-02	-3.468948e-02	3.442134e-02	-8.095336e-03	-7.972348e-04	
-1.960422e-02	-1.154815e-01	-1.305337e-02	2.305748e-01	1.816372e-01	-1.142127e-01	5.780354e-02	-9.240851e-01	1.000000e+00	-1.553800e-01	1.546136e-01	-1.392484e-01	8.474672e-03	1.925122e-01	4.736598e-02	-1.557591e-02	1.824099e-02	-1.773740e-02	-4.464825e-02	4.494216e-02	-1.719464e-02	1.681324e-02	-1.531320e-02	8.624043e-03	-2.672595e-03	
-2.012943e-02	2.304900e-02	-3.172709e-01	1.683910e-01	4.527730e-02	-5.402846e-02	6.452467e-02	1.352627e-01	-1.553800e-01	1.000000e+00	-9.859256e-01	9.303726e-01	-7.184892e-01	5.668223e-01	2.185961e-01	4.748410e-02	-5.042851e-02	4.853104e-02	1.871351e-02	-2.468909e-02	1.496331e-01	-1.870036e-01	2.300772e-01	7.351478e-02	-1.103548e-01	
3.557775e-02	-2.521525e-02	4.171037e-01	-2.203444e-01	-7.791086e-02	9.004080e-02	-1.022013e-01	-1.252920e-01	1.546136e-01	-9.859256e-01	1.000000e+00	-9.778530e-01	6.741569e-01	-5.228695e-01	-2.857324e-01	-6.194736e-02	6.574286e-02	-6.361184e-02	-2.271116e-02	3.137903e-02	-1.914244e-01	2.405317e-01	-2.976718e-01	-1.002367e-01	1.483388e-01	
-6.970826e-02	3.406672e-02	-5.375819e-01	2.895608e-01	1.119606e-01	-1.278548e-01	1.417933e-01	1.021212e-01	-1.392484e-01	9.303726e-01	-9.778530e-01	1.000000e+00	-5.824100e-01	4.392057e-01	3.666999e-01	7.901172e-02	-8.386991e-02	8.163009e-02	2.633053e-02	-3.877478e-02	2.415521e-01	-3.052275e-01	3.802003e-01	1.324257e-01	-1.948360e-01	
1.124429e-01	-1.287287e-01	-2.233636e-01	7.595987e-02	1.472918e-01	-1.590140e-01	1.566293e-01	-5.289771e-02	8.474672e-03	-7.184892e-01	6.741569e-01	-5.824100e-01	1.000000e+00	-9.575567e-01	1.555758e-01	3.035206e-02	-3.029025e-02	2.862189e-02	3.727419e-03	-9.619848e-03	6.363651e-02	-8.255898e-02	1.034997e-01	8.759833e-02	-1.029108e-01	
-7.615062e-02	7.664814e-02	2.882782e-01	-7.660807e-02	-1.345419e-01	1.567326e-01	-1.611625e-01	-1.191483e-01	1.925122e-01	5.668223e-01	-5.228695e-01	4.392057e-01	-9.575567e-01	1.000000e+00	-1.931206e-01	-4.151362e-02	4.239657e-02	-4.025775e-02	-1.618584e-02	2.359694e-02	-9.807420e-02	1.259513e-01	-1.580845e-01	-1.024736e-01	1.283931e-01	
1.010154e-01	-2.885516e-01	-6.842827e-01	5.234663e-01	-1.475947e-02	1.396698e-02	-1.504953e-02	-3.135613e-02	4.736598e-02	2.185961e-01	-2.857324e-01	3.666999e-01	1.555758e-01	-1.931206e-01	1.000000e+00	-4.228937e-01	4.782233e-01	-5.230424e-01	-1.138053e-01	2.666795e-01	1.536298e-01	-2.047296e-01	2.703676e-01	1.158468e-01	-1.364424e-01	
3.900661e-02	-1.055948e-02	-1.101505e-01	7.683524e-02	2.117081e-02	-2.185899e-02	2.112841e-02	1.145460e-02	-1.557591e-02	4.748410e-02	-6.194736e-02	7.901172e-02	3.035206e-02	-4.151362e-02	-4.228937e-01	1.000000e+00	-9.858385e-01	9.454380e-01	-4.163827e-01	1.352075e-01	2.133582e-01	-2.483021e-01	2.780571e-01	9.101057e-02	-1.189073e-01	
-3.412792e-02	7.985237e-03	1.135389e-01	-8.137018e-02	-2.049092e-02	2.109559e-02	-2.026632e-02	-1.406781e-02	1.824099e-02	-5.042851e-02	6.574286e-02	-8.386991e-02	-3.029025e-02	4.239657e-02	4.782233e-01	-9.858385e-01	1.000000e+00	-9.861606e-01	3.403395e-01	-5.603776e-02	-2.241822e-01	2.633790e-01	-2.972525e-01	-1.095827e-01	1.453101e-01	
2.278243e-02	-1.283269e-02	-1.072035e-01	8.033908e-02	1.939718e-02	-2.003043e-02	1.950163e-02	1.286590e-02	-1.773740e-02	4.853104e-02	-6.361184e-02	8.163009e-02	2.862189e-02	-4.025775e-02	-5.230424e-01	9.454380e-01	-9.861606e-01	1.000000e+00	-2.648346e-01	-1.197117e-02	2.257973e-01	-2.677042e-01	3.044835e-01	1.204757e-01	-1.603449e-01	
5.050967e-02	1.732074e-01	-2.797263e-02	2.045016e-03	-1.184446e-02	1.383769e-02	-1.968058e-02	5.797257e-02	-4.464825e-02	1.871351e-02	-2.271116e-02	2.633053e-02	3.727419e-03	-1.618584e-02	-1.138053e-01	-4.163827e-01	3.403395e-01	-2.648346e-01	1.000000e+00	-9.422942e-01	2.592577e-02	-2.875696e-02	2.923644e-02	1.039700e-01	-1.928327e-01	
-3.688997e-02	-1.633888e-01	4.276784e-02	-1.476007e-02	6.320634e-03	-7.805852e-03	1.300029e-02	-5.513621e-02	4.494216e-02	-2.468909e-02	3.137903e-02	-3.877478e-02	-9.619848e-03	2.359694e-02	2.666795e-01	1.352075e-01	-5.603776e-02	-1.197117e-02	-9.422942e-01	1.000000e+00	-8.680233e-02	9.868996e-02	-1.055089e-01	-1.343669e-01	2.460219e-01	
2.552277e-03	-1.197710e-02	-3.809339e-01	2.901278e-01	-2.247739e-02	2.410024e-02	-2.811930e-02	3.391907e-02	-1.719464e-02	1.496331e-01	-1.914244e-01	2.415521e-01	6.363651e-02	-9.807420e-02	1.536298e-01	2.133582e-01	-2.241822e-01	2.257973e-01	2.592577e-02	-8.680233e-02	1.000000e+00	-9.863066e-01	9.334144e-01	-6.396269e-01	4.921697e-01	
1.477402e-02	9.155000e-03	4.794461e-01	-3.613088e-01	2.173372e-02	-2.306715e-02	2.741124e-02	-3.468948e-02	1.681324e-02	-1.870036e-01	2.405317e-01	-3.052275e-01	-8.255898e-02	1.259513e-01	-2.047296e-01	-2.483021e-01	2.633790e-01	-2.677042e-01	-2.875696e-02	9.868996e-02	-9.863066e-01	1.000000e+00	-9.791310e-01	5.808590e-01	-4.301951e-01	
-5.484923e-02	8.203904e-03	-5.915157e-01	4.421543e-01	-2.156107e-02	2.240358e-02	-2.690704e-02	3.442134e-02	-1.531320e-02	2.300772e-01	-2.976718e-01	3.802003e-01	1.034997e-01	-1.580845e-01	2.703676e-01	2.780571e-01	-2.972525e-01	3.044835e-01	2.923644e-02	-1.055089e-01	9.334144e-01	-9.791310e-01	1.000000e+00	-4.788878e-01	3.308422e-01	
1.125232e-01	-8.469171e-02	-2.678435e-01	1.880930e-01	1.968983e-02	-2.040123e-02	1.835820e-02	-8.095336e-03	8.624043e-03	7.351478e-02	-1.002367e-01	1.324257e-01	8.759833e-02	-1.024736e-01	1.158468e-01	9.101057e-02	-1.095827e-01	1.204757e-01	1.039700e-01	-1.343669e-01	-6.396269e-01	5.808590e-01	-4.788878e-01	1.000000e+00	-9.713961e-01	
-8.210039e-02	4.855768e-02	3.591684e-01	-2.534411e-01	-1.672510e-02	1.699444e-02	-1.360248e-02	-7.972348e-04	-2.672595e-03	-1.103548e-01	1.483388e-01	-1.948360e-01	-1.029108e-01	1.283931e-01	-1.364424e-01	-1.189073e-01	1.453101e-01	-1.603449e-01	-1.928327e-01	2.460219e-01	4.921697e-01	-4.301951e-01	3.308422e-01	-9.713961e-01	1.000000e+00	

Time taken for mcmc chain: 2.190556 hours
