Number of steps: 3305941
Number of accepted steps: 960000
Burn-in number of steps: 320000
Accepted fraction of steps: 0.290386
Convergence Status
R[0]= 1.009608	R[1]= 1.000611	R[2]= 1.018872	R[3]= 1.008500	R[4]= 1.005141	R[5]= 1.004557	R[6]= 1.004099	R[7]= 1.009640	R[8]= 1.007291	R[9]= 1.013849	R[10]= 1.015813	R[11]= 1.018236	R[12]= 1.012432	R[13]= 1.012630	R[14]= 1.005112	R[15]= 1.014533	R[16]= 1.012472	R[17]= 1.009614	R[18]= 1.010935	R[19]= 1.005305	R[20]= 1.005837	R[21]= 1.007466	R[22]= 1.009933	R[23]= 1.004919	R[24]= 1.006876	
<R>= 1.009371

Mean parameters
A[0]= 8.984456e-01 pm 2.877636e-02
A[1]= 9.921459e-01 pm 2.323674e-02
A[2]= 6.741417e-01 pm 4.177927e-01
A[3]= 3.965880e+00 pm 1.175273e+00
A[4]= -4.697113e+03 pm 3.827073e+03
A[5]= 2.953391e+03 pm 2.589639e+03
A[6]= -4.059864e+02 pm 6.406193e+02
A[7]= 1.504338e+01 pm 1.368021e+01
A[8]= -1.096156e-01 pm 1.798846e-01
A[9]= -7.895352e+02 pm 9.072772e+03
A[10]= 1.294647e+02 pm 5.677733e+03
A[11]= -2.518004e+02 pm 1.280503e+03
A[12]= -2.572308e+01 pm 4.805149e+01
A[13]= 6.684756e-01 pm 9.138377e-01
A[14]= 5.384538e+00 pm 1.633028e+00
A[15]= -6.382444e+03 pm 5.259073e+03
A[16]= 5.559947e+03 pm 3.530048e+03
A[17]= -1.304548e+03 pm 8.657984e+02
A[18]= 1.064647e+01 pm 1.954874e+01
A[19]= 1.349716e-01 pm 2.567255e-01
A[20]= 9.286614e+03 pm 1.204415e+04
A[21]= -4.208016e+03 pm 7.473156e+03
A[22]= 8.454620e+01 pm 1.663621e+03
A[23]= -5.773615e+01 pm 6.735322e+01
A[24]= 8.753743e-01 pm 1.299600e+00

Best-fitting parameters
A[0]= 9.173898e-01
A[1]= 9.871155e-01
A[2]= 4.928468e-01
A[3]= 3.794823e+00
A[4]= -2.938519e+03
A[5]= 1.673459e+03
A[6]= -7.915120e+01
A[7]= 1.402063e+01
A[8]= -1.532976e-01
A[9]= 1.947404e+03
A[10]= -2.164381e+03
A[11]= 3.343590e+02
A[12]= -3.523764e+01
A[13]= 6.900404e-01
A[14]= 4.833686e+00
A[15]= -4.038403e+03
A[16]= 3.474083e+03
A[17]= -6.912689e+02
A[18]= 8.294007e+00
A[19]= 6.846577e-02
A[20]= 2.794144e+03
A[21]= -1.397122e+03
A[22]= -1.852215e+02
A[23]= 3.778325e+00
A[24]= -3.790837e-01
chi2_min= 1.061477e+02


Cross-Covariance parameters
1.000000e+00	-4.763344e-01	-1.959009e-01	1.114227e-01	5.524731e-02	-5.782051e-02	4.911810e-02	7.485027e-02	-9.324403e-02	1.525775e-02	-2.135254e-02	1.208321e-02	1.586014e-01	-1.597013e-01	2.487477e-02	1.282190e-01	-1.408490e-01	1.404680e-01	7.782228e-02	-1.434008e-01	4.843992e-02	-5.515984e-02	4.124905e-02	1.579038e-01	-1.706831e-01	
-4.763344e-01	1.000000e+00	1.253819e-01	-1.372811e-01	-1.003136e-02	1.726797e-02	-3.306400e-02	1.047869e-01	-1.022048e-01	2.866865e-02	-3.692010e-02	5.090666e-02	-1.139738e-01	6.470453e-02	-1.671863e-01	3.492250e-02	-3.242587e-02	2.126918e-02	4.786280e-02	-5.348810e-02	2.861903e-02	-3.435426e-02	5.340273e-02	-1.004414e-01	6.955346e-02	
-1.959009e-01	1.253819e-01	1.000000e+00	-6.906680e-01	-1.210073e-01	1.294802e-01	-1.249091e-01	-2.762626e-02	8.791873e-02	-5.113933e-01	6.274883e-01	-7.502321e-01	1.387090e-02	2.256831e-01	-7.112368e-01	-7.635184e-03	1.135730e-02	-9.891047e-03	-8.653181e-02	7.509941e-02	-4.298045e-01	5.480925e-01	-6.837010e-01	-4.405471e-02	2.496087e-01	
1.114227e-01	-1.372811e-01	-6.906680e-01	1.000000e+00	-4.607072e-01	5.162342e-01	-5.599798e-01	2.601963e-01	3.429860e-02	2.819217e-01	-3.406403e-01	4.048933e-01	-6.879837e-02	-4.407501e-02	5.365737e-01	-3.305438e-02	2.863694e-02	-2.664293e-02	7.148099e-02	-5.232110e-02	3.094124e-01	-3.892630e-01	4.811203e-01	2.381911e-02	-1.678649e-01	
5.524731e-02	-1.003136e-02	-1.210073e-01	-4.607072e-01	1.000000e+00	-9.821890e-01	9.338642e-01	-7.301022e-01	2.883575e-01	1.242407e-01	-1.755468e-01	2.302581e-01	9.059921e-02	-1.245540e-01	5.855808e-02	6.850036e-02	-6.790023e-02	6.462700e-02	-2.891418e-02	8.337219e-03	6.746086e-02	-8.874503e-02	1.110619e-01	-3.303378e-03	-2.171367e-02	
-5.782051e-02	1.726797e-02	1.294802e-01	5.162342e-01	-9.821890e-01	1.000000e+00	-9.839059e-01	6.835961e-01	-2.135506e-01	-1.390496e-01	1.950957e-01	-2.551379e-01	-1.004830e-01	1.521923e-01	-6.298002e-02	-7.120851e-02	7.053821e-02	-6.716584e-02	3.275863e-02	-1.178772e-02	-6.952257e-02	9.160670e-02	-1.148462e-01	1.745800e-03	2.554302e-02	
4.911810e-02	-3.306400e-02	-1.249091e-01	-5.599798e-01	9.338642e-01	-9.839059e-01	1.000000e+00	-6.195987e-01	1.407174e-01	1.505649e-01	-2.074795e-01	2.684549e-01	9.825577e-02	-1.619075e-01	6.070712e-02	6.992550e-02	-6.928529e-02	6.647783e-02	-3.803822e-02	1.736576e-02	6.600972e-02	-8.711872e-02	1.093367e-01	-2.468535e-03	-2.421384e-02	
7.485027e-02	1.047869e-01	-2.762626e-02	2.601963e-01	-7.301022e-01	6.835961e-01	-6.195987e-01	1.000000e+00	-8.426548e-01	8.907585e-02	-6.242339e-02	2.139478e-02	-1.019143e-01	-3.565447e-02	4.171683e-04	-2.467900e-03	2.046719e-03	-4.810700e-03	4.440415e-02	-4.975040e-02	-4.734629e-03	4.188183e-03	-2.100610e-03	4.053998e-02	-5.172532e-02	
-9.324403e-02	-1.022048e-01	8.791873e-02	3.429860e-02	2.883575e-01	-2.135506e-01	1.407174e-01	-8.426548e-01	1.000000e+00	-2.000860e-01	1.999643e-01	-1.828095e-01	7.674109e-02	1.481384e-01	-3.595981e-02	-2.878598e-02	2.668331e-02	-2.028913e-02	-2.154888e-02	3.254447e-02	-1.351502e-02	2.457899e-02	-3.925932e-02	-5.242482e-02	7.330785e-02	
1.525775e-02	2.866865e-02	-5.113933e-01	2.819217e-01	1.242407e-01	-1.390496e-01	1.505649e-01	8.907585e-02	-2.000860e-01	1.000000e+00	-9.823631e-01	9.146510e-01	-7.670323e-01	5.229473e-01	3.589805e-01	2.895470e-02	-3.303026e-02	3.445493e-02	1.846803e-02	-2.025349e-02	2.187446e-01	-2.889609e-01	3.728348e-01	2.880231e-02	-1.427091e-01	
-2.135254e-02	-3.692010e-02	6.274883e-01	-3.406403e-01	-1.755468e-01	1.950957e-01	-2.074795e-01	-6.242339e-02	1.999643e-01	-9.823631e-01	1.000000e+00	-9.733485e-01	7.054874e-01	-4.423297e-01	-4.431255e-01	-3.450756e-02	3.825940e-02	-3.849173e-02	-2.425768e-02	2.588773e-02	-2.791273e-01	3.636023e-01	-4.638018e-01	-2.248521e-02	1.624365e-01	
1.208321e-02	5.090666e-02	-7.502321e-01	4.048933e-01	2.302581e-01	-2.551379e-01	2.684549e-01	2.139478e-02	-1.828095e-01	9.146510e-01	-9.733485e-01	1.000000e+00	-5.826491e-01	3.077544e-01	5.336314e-01	3.753316e-02	-4.075538e-02	3.970567e-02	3.045210e-02	-3.063856e-02	3.432140e-01	-4.427427e-01	5.605014e-01	1.372005e-02	-1.818924e-01	
1.586014e-01	-1.139738e-01	1.387090e-02	-6.879837e-02	9.059921e-02	-1.004830e-01	9.825577e-02	-1.019143e-01	7.674109e-02	-7.670323e-01	7.054874e-01	-5.826491e-01	1.000000e+00	-9.280223e-01	-1.749269e-02	-3.946186e-03	2.975284e-03	-4.352676e-03	3.080785e-02	-3.587251e-02	-1.705571e-03	1.241347e-02	-3.014760e-02	1.014520e-02	-1.252420e-03	
-1.597013e-01	6.470453e-02	2.256831e-01	-4.407501e-02	-1.245540e-01	1.521923e-01	-1.619075e-01	-3.565447e-02	1.481384e-01	5.229473e-01	-4.423297e-01	3.077544e-01	-9.280223e-01	1.000000e+00	-1.539021e-01	-8.548996e-04	2.974700e-03	-6.574477e-04	-5.265502e-02	5.609093e-02	-1.019236e-01	1.231272e-01	-1.439852e-01	-2.286227e-02	6.837757e-02	
2.487477e-02	-1.671863e-01	-7.112368e-01	5.365737e-01	5.855808e-02	-6.298002e-02	6.070712e-02	4.171683e-04	-3.595981e-02	3.589805e-01	-4.431255e-01	5.336314e-01	-1.749269e-02	-1.539021e-01	1.000000e+00	-5.001832e-01	5.619775e-01	-6.085194e-01	2.029853e-01	1.112978e-01	2.093605e-01	-2.690251e-01	3.464886e-01	-1.394968e-02	-7.310233e-02	
1.282190e-01	3.492250e-02	-7.635184e-03	-3.305438e-02	6.850036e-02	-7.120851e-02	6.992550e-02	-2.467900e-03	-2.878598e-02	2.895470e-02	-3.450756e-02	3.753316e-02	-3.946186e-03	-8.548996e-04	-5.001832e-01	1.000000e+00	-9.822349e-01	9.318431e-01	-6.962687e-01	2.797830e-01	1.915535e-01	-2.281155e-01	2.558704e-01	-2.437282e-02	-2.405422e-02	
-1.408490e-01	-3.242587e-02	1.135730e-02	2.863694e-02	-6.790023e-02	7.053821e-02	-6.928529e-02	2.046719e-03	2.668331e-02	-3.303026e-02	3.825940e-02	-4.075538e-02	2.975284e-03	2.974700e-03	5.619775e-01	-9.822349e-01	1.000000e+00	-9.828910e-01	6.341557e-01	-1.895790e-01	-2.008019e-01	2.433779e-01	-2.773732e-01	5.994563e-03	5.677267e-02	
1.404680e-01	2.126918e-02	-9.891047e-03	-2.664293e-02	6.462700e-02	-6.716584e-02	6.647783e-02	-4.810700e-03	-2.028913e-02	3.445493e-02	-3.849173e-02	3.970567e-02	-4.352676e-03	-6.574477e-04	-6.085194e-01	9.318431e-01	-9.828910e-01	1.000000e+00	-5.518082e-01	9.647158e-02	2.002579e-01	-2.468686e-01	2.855536e-01	1.083476e-02	-8.368949e-02	
7.782228e-02	4.786280e-02	-8.653181e-02	7.148099e-02	-2.891418e-02	3.275863e-02	-3.803822e-02	4.440415e-02	-2.154888e-02	1.846803e-02	-2.425768e-02	3.045210e-02	3.080785e-02	-5.265502e-02	2.029853e-01	-6.962687e-01	6.341557e-01	-5.518082e-01	1.000000e+00	-8.649234e-01	-3.120531e-02	4.225070e-02	-5.134274e-02	9.701872e-02	-1.670838e-01	
-1.434008e-01	-5.348810e-02	7.509941e-02	-5.232110e-02	8.337219e-03	-1.178772e-02	1.736576e-02	-4.975040e-02	3.254447e-02	-2.025349e-02	2.588773e-02	-3.063856e-02	-3.587251e-02	5.609093e-02	1.112978e-01	2.797830e-01	-1.895790e-01	9.647158e-02	-8.649234e-01	1.000000e+00	-7.687797e-02	8.238393e-02	-8.332523e-02	-1.049606e-01	2.339828e-01	
4.843992e-02	2.861903e-02	-4.298045e-01	3.094124e-01	6.746086e-02	-6.952257e-02	6.600972e-02	-4.734629e-03	-1.351502e-02	2.187446e-01	-2.791273e-01	3.432140e-01	-1.705571e-03	-1.019236e-01	2.093605e-01	1.915535e-01	-2.008019e-01	2.002579e-01	-3.120531e-02	-7.687797e-02	1.000000e+00	-9.823389e-01	9.115194e-01	-7.693548e-01	5.642898e-01	
-5.515984e-02	-3.435426e-02	5.480925e-01	-3.892630e-01	-8.874503e-02	9.160670e-02	-8.711872e-02	4.188183e-03	2.457899e-02	-2.889609e-01	3.636023e-01	-4.427427e-01	1.241347e-02	1.231272e-01	-2.690251e-01	-2.281155e-01	2.433779e-01	-2.468686e-01	4.225070e-02	8.238393e-02	-9.823389e-01	1.000000e+00	-9.715131e-01	7.114989e-01	-4.877460e-01	
4.124905e-02	5.340273e-02	-6.837010e-01	4.811203e-01	1.110619e-01	-1.148462e-01	1.093367e-01	-2.100610e-03	-3.925932e-02	3.728348e-01	-4.638018e-01	5.605014e-01	-3.014760e-02	-1.439852e-01	3.464886e-01	2.558704e-01	-2.773732e-01	2.855536e-01	-5.134274e-02	-8.332523e-02	9.115194e-01	-9.715131e-01	1.000000e+00	-5.888053e-01	3.509348e-01	
1.579038e-01	-1.004414e-01	-4.405471e-02	2.381911e-02	-3.303378e-03	1.745800e-03	-2.468535e-03	4.053998e-02	-5.242482e-02	2.880231e-02	-2.248521e-02	1.372005e-02	1.014520e-02	-2.286227e-02	-1.394968e-02	-2.437282e-02	5.994563e-03	1.083476e-02	9.701872e-02	-1.049606e-01	-7.693548e-01	7.114989e-01	-5.888053e-01	1.000000e+00	-9.493955e-01	
-1.706831e-01	6.955346e-02	2.496087e-01	-1.678649e-01	-2.171367e-02	2.554302e-02	-2.421384e-02	-5.172532e-02	7.330785e-02	-1.427091e-01	1.624365e-01	-1.818924e-01	-1.252420e-03	6.837757e-02	-7.310233e-02	-2.405422e-02	5.677267e-02	-8.368949e-02	-1.670838e-01	2.339828e-01	5.642898e-01	-4.877460e-01	3.509348e-01	-9.493955e-01	1.000000e+00	

Time taken for mcmc chain: 16.933333 minutes
