Number of steps: 2995943
Number of accepted steps: 960000
Burn-in number of steps: 320000
Accepted fraction of steps: 0.320433
Convergence Status
R[0]= 1.007755	R[1]= 1.078556	R[2]= 1.147249	R[3]= 1.102504	R[4]= 1.010810	R[5]= 1.011728	R[6]= 1.012363	R[7]= 1.008472	R[8]= 1.011847	R[9]= 1.007278	R[10]= 1.014565	R[11]= 1.029268	R[12]= 1.010548	R[13]= 1.019074	R[14]= 1.076064	R[15]= 1.004889	R[16]= 1.005885	R[17]= 1.006989	R[18]= 1.002745	R[19]= 1.004793	R[20]= 1.004196	R[21]= 1.011591	R[22]= 1.027828	R[23]= 1.010633	R[24]= 1.023812	
<R>= 1.026058

Mean parameters
A[0]= 8.978934e-01 pm 2.901952e-02
A[1]= 9.959309e-01 pm 2.656338e-02
A[2]= 7.468823e-01 pm 5.431450e-01
A[3]= 3.654972e+00 pm 1.290887e+00
A[4]= -3.773787e+03 pm 4.091991e+03
A[5]= 2.255442e+03 pm 2.739374e+03
A[6]= -2.226885e+02 pm 6.701843e+02
A[7]= 1.341914e+01 pm 1.431594e+01
A[8]= -1.161640e-01 pm 1.815240e-01
A[9]= -1.306817e+03 pm 8.541692e+03
A[10]= 3.904873e+02 pm 5.283603e+03
A[11]= -2.921755e+02 pm 1.188593e+03
A[12]= -2.044952e+01 pm 4.886209e+01
A[13]= 5.505741e-01 pm 9.579457e-01
A[14]= 5.215796e+00 pm 1.819133e+00
A[15]= -6.366094e+03 pm 5.171672e+03
A[16]= 5.512057e+03 pm 3.484648e+03
A[17]= -1.285288e+03 pm 8.622250e+02
A[18]= 1.149800e+01 pm 1.944199e+01
A[19]= 1.170605e-01 pm 2.578390e-01
A[20]= 9.263765e+03 pm 1.228974e+04
A[21]= -4.058357e+03 pm 7.685965e+03
A[22]= 1.955806e+01 pm 1.742215e+03
A[23]= -5.959748e+01 pm 6.655411e+01
A[24]= 9.180900e-01 pm 1.307951e+00

Best-fitting parameters
A[0]= 8.832929e-01
A[1]= 9.939590e-01
A[2]= 8.530545e-01
A[3]= 3.772747e+00
A[4]= -6.356072e+03
A[5]= 4.104895e+03
A[6]= -6.979445e+02
A[7]= 1.731983e+01
A[8]= -9.548843e-02
A[9]= -8.472232e+03
A[10]= 5.126624e+03
A[11]= -1.341149e+03
A[12]= 1.670669e+00
A[13]= 3.668478e-01
A[14]= 4.900371e+00
A[15]= -8.178433e+03
A[16]= 6.843202e+03
A[17]= -1.610904e+03
A[18]= 1.927645e+01
A[19]= 3.082130e-02
A[20]= 6.799068e+03
A[21]= -1.968133e+03
A[22]= -5.289792e+02
A[23]= -7.670042e+01
A[24]= 1.319849e+00
chi2_min= 1.066734e+02


Cross-Covariance parameters
1.000000e+00	-4.496556e-01	-1.602913e-01	1.448807e-01	-1.169586e-02	1.683216e-02	-3.130373e-02	8.226099e-02	-6.048417e-02	1.571831e-02	-1.727259e-02	-6.570385e-05	1.137804e-01	-1.019168e-01	9.552544e-02	4.032192e-02	-4.544922e-02	4.227663e-02	7.837148e-02	-7.898586e-02	4.040970e-02	-4.117063e-02	2.224072e-02	1.362246e-01	-1.291027e-01	
-4.496556e-01	1.000000e+00	4.069291e-01	-3.856916e-01	6.031983e-02	-7.368055e-02	7.962252e-02	7.861485e-02	-1.377156e-01	-4.719708e-02	7.592898e-02	-1.042947e-01	-9.840829e-02	8.075471e-02	-4.086491e-01	1.070795e-01	-1.178545e-01	1.174133e-01	8.544182e-02	-1.604227e-01	-6.294426e-02	8.334333e-02	-9.808713e-02	-1.208864e-01	1.296884e-01	
-1.602913e-01	4.069291e-01	1.000000e+00	-7.456824e-01	4.849202e-04	-1.227797e-02	2.571886e-02	-1.575581e-02	-1.547531e-02	-3.640112e-01	5.017386e-01	-6.586445e-01	-1.040622e-01	2.655311e-01	-7.620795e-01	-2.927283e-02	1.072871e-02	1.266137e-02	-1.068648e-02	9.038195e-04	-4.527359e-01	5.695339e-01	-6.979887e-01	-7.238424e-02	2.921720e-01	
1.448807e-01	-3.856916e-01	-7.456824e-01	1.000000e+00	-4.991682e-01	5.565150e-01	-5.989398e-01	2.582050e-01	6.740914e-02	2.247496e-01	-3.010112e-01	3.910498e-01	1.904177e-02	-9.689636e-02	5.929611e-01	6.048764e-03	4.584313e-03	-1.798077e-02	1.505700e-02	-1.047422e-02	3.658659e-01	-4.504358e-01	5.398205e-01	3.504387e-02	-2.047108e-01	
-1.169586e-02	6.031983e-02	4.849202e-04	-4.991682e-01	1.000000e+00	-9.845739e-01	9.418199e-01	-7.684306e-01	3.396880e-01	6.361709e-02	-1.165311e-01	1.747175e-01	1.209548e-01	-1.330095e-01	1.868082e-02	7.868483e-03	-6.636154e-03	6.247965e-03	-1.184586e-02	2.017220e-02	-1.103590e-02	2.865566e-03	1.021284e-02	1.279477e-02	-1.234192e-02	
1.683216e-02	-7.368055e-02	-1.227797e-02	5.565150e-01	-9.845739e-01	1.000000e+00	-9.856986e-01	7.207198e-01	-2.609941e-01	-7.912125e-02	1.344275e-01	-1.947127e-01	-1.257187e-01	1.559106e-01	-9.596487e-03	-2.103427e-02	2.086232e-02	-2.078341e-02	1.828586e-02	-1.998164e-02	6.248861e-03	2.348288e-03	-1.572220e-02	-8.950060e-03	8.892801e-03	
-3.130373e-02	7.962252e-02	2.571886e-02	-5.989398e-01	9.418199e-01	-9.856986e-01	1.000000e+00	-6.550356e-01	1.809196e-01	9.641535e-02	-1.516325e-01	2.110327e-01	1.179684e-01	-1.633989e-01	2.978664e-04	3.141625e-02	-3.205665e-02	3.232681e-02	-2.799100e-02	2.420921e-02	-4.365529e-03	-4.011627e-03	1.716734e-02	4.339888e-03	-3.253912e-03	
8.226099e-02	7.861485e-02	-1.575581e-02	2.582050e-01	-7.684306e-01	7.207198e-01	-6.550356e-01	1.000000e+00	-8.423231e-01	9.747498e-02	-6.232592e-02	9.346872e-03	-1.221555e-01	-7.863100e-03	-2.196780e-02	2.990213e-02	-3.320352e-02	3.136735e-02	4.896323e-02	-7.035336e-02	3.122591e-02	-3.607207e-02	3.721572e-02	-3.517468e-03	-1.123224e-02	
-6.048417e-02	-1.377156e-01	-1.547531e-02	6.740914e-02	3.396880e-01	-2.609941e-01	1.809196e-01	-8.423231e-01	1.000000e+00	-1.861745e-01	1.740491e-01	-1.396894e-01	8.976871e-02	1.195545e-01	3.250335e-02	-3.956486e-02	4.391354e-02	-4.303499e-02	-5.362528e-02	7.632808e-02	-2.795257e-02	3.599468e-02	-4.197771e-02	8.580677e-03	5.542416e-03	
1.571831e-02	-4.719708e-02	-3.640112e-01	2.247496e-01	6.361709e-02	-7.912125e-02	9.641535e-02	9.747498e-02	-1.861745e-01	1.000000e+00	-9.786111e-01	8.930504e-01	-7.555442e-01	5.369709e-01	2.843315e-01	5.137349e-02	-5.148709e-02	4.705754e-02	-8.197200e-03	-8.917196e-03	2.413731e-01	-2.931462e-01	3.473582e-01	-3.586224e-02	-5.958797e-02	
-1.727259e-02	7.592898e-02	5.017386e-01	-3.010112e-01	-1.165311e-01	1.344275e-01	-1.516325e-01	-6.232592e-02	1.740491e-01	-9.786111e-01	1.000000e+00	-9.656003e-01	6.809298e-01	-4.454016e-01	-3.925695e-01	-6.122165e-02	5.898228e-02	-5.113448e-02	4.370302e-03	1.496917e-02	-3.082738e-01	3.789174e-01	-4.547647e-01	2.673042e-02	1.034811e-01	
-6.570385e-05	-1.042947e-01	-6.586445e-01	3.910498e-01	1.747175e-01	-1.947127e-01	2.110327e-01	9.346872e-03	-1.396894e-01	8.930504e-01	-9.656003e-01	1.000000e+00	-5.284248e-01	2.850568e-01	5.165245e-01	7.083005e-02	-6.516052e-02	5.293474e-02	-3.175231e-03	-1.797473e-02	3.815527e-01	-4.736330e-01	5.746821e-01	-1.539315e-02	-1.549368e-01	
1.137804e-01	-9.840829e-02	-1.040622e-01	1.904177e-02	1.209548e-01	-1.257187e-01	1.179684e-01	-1.221555e-01	8.976871e-02	-7.555442e-01	6.809298e-01	-5.284248e-01	1.000000e+00	-9.389613e-01	8.938928e-02	-3.785815e-03	7.389170e-03	-1.100346e-02	1.096272e-02	-4.413176e-03	1.659945e-02	-2.719444e-02	4.004945e-02	5.955888e-02	-8.191156e-02	
-1.019168e-01	8.075471e-02	2.655311e-01	-9.689636e-02	-1.330095e-01	1.559106e-01	-1.633989e-01	-7.863100e-03	1.195545e-01	5.369709e-01	-4.454016e-01	2.850568e-01	-9.389613e-01	1.000000e+00	-2.161342e-01	-1.894160e-02	1.538509e-02	-9.599630e-03	-2.269479e-02	2.461134e-02	-1.245688e-01	1.606147e-01	-2.011205e-01	-4.882021e-02	1.208660e-01	
9.552544e-02	-4.086491e-01	-7.620795e-01	5.929611e-01	1.868082e-02	-9.596487e-03	2.978664e-04	-2.196780e-02	3.250335e-02	2.843315e-01	-3.925695e-01	5.165245e-01	8.938928e-02	-2.161342e-01	1.000000e+00	-4.229370e-01	4.987184e-01	-5.583981e-01	1.215039e-01	1.579219e-01	3.012783e-01	-3.667819e-01	4.423141e-01	-9.419780e-03	-1.123515e-01	
4.032192e-02	1.070795e-01	-2.927283e-02	6.048764e-03	7.868483e-03	-2.103427e-02	3.141625e-02	2.990213e-02	-3.956486e-02	5.137349e-02	-6.122165e-02	7.083005e-02	-3.785815e-03	-1.894160e-02	-4.229370e-01	1.000000e+00	-9.802387e-01	9.255059e-01	-6.800861e-01	2.635165e-01	1.635902e-01	-2.077156e-01	2.480231e-01	2.000120e-02	-7.858949e-02	
-4.544922e-02	-1.178545e-01	1.072871e-02	4.584313e-03	-6.636154e-03	2.086232e-02	-3.205665e-02	-3.320352e-02	4.391354e-02	-5.148709e-02	5.898228e-02	-6.516052e-02	7.389170e-03	1.538509e-02	4.987184e-01	-9.802387e-01	1.000000e+00	-9.816298e-01	6.135307e-01	-1.677527e-01	-1.621988e-01	2.109762e-01	-2.558040e-01	-3.670308e-02	1.037355e-01	
4.227663e-02	1.174133e-01	1.266137e-02	-1.798077e-02	6.247965e-03	-2.078341e-02	3.232681e-02	3.136735e-02	-4.303499e-02	4.705754e-02	-5.113448e-02	5.293474e-02	-1.100346e-02	-9.599630e-03	-5.583981e-01	9.255059e-01	-9.816298e-01	1.000000e+00	-5.274966e-01	7.189441e-02	1.528426e-01	-2.037486e-01	2.507207e-01	4.828456e-02	-1.190758e-01	
7.837148e-02	8.544182e-02	-1.068648e-02	1.505700e-02	-1.184586e-02	1.828586e-02	-2.799100e-02	4.896323e-02	-5.362528e-02	-8.197200e-03	4.370302e-03	-3.175231e-03	1.096272e-02	-2.269479e-02	1.215039e-01	-6.800861e-01	6.135307e-01	-5.274966e-01	1.000000e+00	-8.686236e-01	-1.601241e-02	3.449198e-02	-5.442058e-02	4.126012e-02	-1.011042e-01	
-7.898586e-02	-1.604227e-01	9.038195e-04	-1.047422e-02	2.017220e-02	-1.998164e-02	2.420921e-02	-7.035336e-02	7.632808e-02	-8.917196e-03	1.496917e-02	-1.797473e-02	-4.413176e-03	2.461134e-02	1.579219e-01	2.635165e-01	-1.677527e-01	7.189441e-02	-8.686236e-01	1.000000e+00	-6.071192e-02	6.460943e-02	-6.482553e-02	-7.664803e-02	1.945007e-01	
4.040970e-02	-6.294426e-02	-4.527359e-01	3.658659e-01	-1.103590e-02	6.248861e-03	-4.365529e-03	3.122591e-02	-2.795257e-02	2.413731e-01	-3.082738e-01	3.815527e-01	1.659945e-02	-1.245688e-01	3.012783e-01	1.635902e-01	-1.621988e-01	1.528426e-01	-1.601241e-02	-6.071192e-02	1.000000e+00	-9.814350e-01	9.085839e-01	-7.397458e-01	5.088525e-01	
-4.117063e-02	8.334333e-02	5.695339e-01	-4.504358e-01	2.865566e-03	2.348288e-03	-4.011627e-03	-3.607207e-02	3.599468e-02	-2.931462e-01	3.789174e-01	-4.736330e-01	-2.719444e-02	1.606147e-01	-3.667819e-01	-2.077156e-01	2.109762e-01	-2.037486e-01	3.449198e-02	6.460943e-02	-9.814350e-01	1.000000e+00	-9.710241e-01	6.694437e-01	-4.185858e-01	
2.224072e-02	-9.808713e-02	-6.979887e-01	5.398205e-01	1.021284e-02	-1.572220e-02	1.716734e-02	3.721572e-02	-4.197771e-02	3.473582e-01	-4.547647e-01	5.746821e-01	4.004945e-02	-2.011205e-01	4.423141e-01	2.480231e-01	-2.558040e-01	2.507207e-01	-5.442058e-02	-6.482553e-02	9.085839e-01	-9.710241e-01	1.000000e+00	-5.335332e-01	2.688935e-01	
1.362246e-01	-1.208864e-01	-7.238424e-02	3.504387e-02	1.279477e-02	-8.950060e-03	4.339888e-03	-3.517468e-03	8.580677e-03	-3.586224e-02	2.673042e-02	-1.539315e-02	5.955888e-02	-4.882021e-02	-9.419780e-03	2.000120e-02	-3.670308e-02	4.828456e-02	4.126012e-02	-7.664803e-02	-7.397458e-01	6.694437e-01	-5.335332e-01	1.000000e+00	-9.434971e-01	
-1.291027e-01	1.296884e-01	2.921720e-01	-2.047108e-01	-1.234192e-02	8.892801e-03	-3.253912e-03	-1.123224e-02	5.542416e-03	-5.958797e-02	1.034811e-01	-1.549368e-01	-8.191156e-02	1.208660e-01	-1.123515e-01	-7.858949e-02	1.037355e-01	-1.190758e-01	-1.011042e-01	1.945007e-01	5.088525e-01	-4.185858e-01	2.688935e-01	-9.434971e-01	1.000000e+00	

Time taken for mcmc chain: 18.983333 minutes
