Number of steps: 2284745
Number of accepted steps: 960000
Burn-in number of steps: 320000
Accepted fraction of steps: 0.420178
Convergence Status
R[0]= 1.010308	R[1]= 1.017214	R[2]= 1.050191	R[3]= 1.044844	R[4]= 1.010291	R[5]= 1.015143	R[6]= 1.021302	R[7]= 1.006196	R[8]= 1.011327	R[9]= 1.009649	R[10]= 1.012747	R[11]= 1.018253	R[12]= 1.018425	R[13]= 1.024639	R[14]= 1.072033	R[15]= 1.015845	R[16]= 1.021633	R[17]= 1.028512	R[18]= 1.002003	R[19]= 1.005217	R[20]= 1.007072	R[21]= 1.008788	R[22]= 1.013782	R[23]= 1.008713	R[24]= 1.011915	
<R>= 1.018642

Mean parameters
A[0]= 9.281432e-01 pm 3.373125e-02
A[1]= 1.047431e+00 pm 2.956398e-02
A[2]= 6.381866e-01 pm 4.398039e-01
A[3]= 3.542870e+00 pm 1.141305e+00
A[4]= -3.943061e+03 pm 3.887076e+03
A[5]= 1.980797e+03 pm 2.550979e+03
A[6]= -2.372627e+01 pm 5.956181e+02
A[7]= 1.647998e+01 pm 1.304548e+01
A[8]= -2.590781e-01 pm 1.781854e-01
A[9]= -4.062644e+03 pm 8.578053e+03
A[10]= 1.793822e+03 pm 5.179363e+03
A[11]= -4.645526e+02 pm 1.093212e+03
A[12]= 1.965277e+01 pm 5.059679e+01
A[13]= -5.520899e-01 pm 9.746400e-01
A[14]= 5.196456e+00 pm 1.781368e+00
A[15]= -7.090704e+03 pm 5.281725e+03
A[16]= 5.177021e+03 pm 3.496682e+03
A[17]= -9.341758e+02 pm 8.263145e+02
A[18]= 2.456411e+00 pm 1.931532e+01
A[19]= 1.496671e-01 pm 2.682331e-01
A[20]= 5.846421e+03 pm 1.175772e+04
A[21]= -3.275687e+03 pm 7.105706e+03
A[22]= 2.076260e+02 pm 1.508559e+03
A[23]= -4.840737e+01 pm 6.733824e+01
A[24]= 6.772669e-01 pm 1.306878e+00

Best-fitting parameters
A[0]= 9.060969e-01
A[1]= 1.070185e+00
A[2]= 7.638605e-01
A[3]= 3.252300e+00
A[4]= -4.780884e+03
A[5]= 2.482347e+03
A[6]= -1.309972e+02
A[7]= 1.570577e+01
A[8]= -2.298852e-01
A[9]= -3.841277e+03
A[10]= 1.250226e+03
A[11]= -3.013357e+02
A[12]= -2.031658e+01
A[13]= 2.038904e-01
A[14]= 4.554655e+00
A[15]= -4.721168e+03
A[16]= 3.944123e+03
A[17]= -7.337678e+02
A[18]= -9.125292e+00
A[19]= 2.827225e-01
A[20]= 1.173428e+04
A[21]= -6.413788e+03
A[22]= 7.202938e+02
A[23]= -1.066588e+02
A[24]= 1.794378e+00
chi2_min= 8.994549e+01


Cross-Covariance parameters
1.000000e+00	-4.616240e-01	-1.361701e-01	6.366864e-02	3.097879e-02	-3.861325e-02	3.699260e-02	9.190933e-02	-9.146554e-02	-7.112836e-03	1.640733e-02	-4.262279e-02	1.397671e-01	-1.180847e-01	5.045942e-02	8.267114e-02	-8.043906e-02	6.976563e-02	7.311436e-02	-8.617647e-02	-7.181128e-03	1.402345e-02	-4.043923e-02	1.632193e-01	-1.395943e-01	
-4.616240e-01	1.000000e+00	5.730763e-02	-1.089517e-01	-2.412403e-02	3.688236e-02	-5.658497e-02	1.055241e-01	-8.766226e-02	4.287069e-02	-5.778898e-02	8.156560e-02	-1.127095e-01	6.312597e-02	-1.839046e-01	1.831910e-02	-1.654320e-02	5.042399e-03	1.383327e-01	-1.387670e-01	5.169649e-03	-1.518805e-02	4.056062e-02	-4.179049e-02	-9.543296e-04	
-1.361701e-01	5.730763e-02	1.000000e+00	-6.738913e-01	-3.044965e-02	3.789017e-02	-3.551482e-02	-1.008147e-01	1.280200e-01	-3.988116e-01	5.181085e-01	-6.554146e-01	-8.199125e-02	2.454751e-01	-6.684524e-01	-6.886666e-02	6.100851e-02	-4.352330e-02	1.028937e-02	-8.723040e-03	-3.868590e-01	5.089354e-01	-6.500528e-01	-1.541370e-01	2.917387e-01	
6.366864e-02	-1.089517e-01	-6.738913e-01	1.000000e+00	-5.368921e-01	5.852132e-01	-6.233559e-01	2.232452e-01	5.013109e-02	1.912835e-01	-2.523806e-01	3.288934e-01	-6.988962e-03	-5.477003e-02	4.753135e-01	3.739894e-02	-3.035229e-02	1.929060e-02	-5.051858e-02	5.569199e-02	2.454907e-01	-3.296680e-01	4.276073e-01	1.024079e-01	-1.880154e-01	
3.097879e-02	-2.412403e-02	-3.044965e-02	-5.368921e-01	1.000000e+00	-9.859885e-01	9.464502e-01	-6.588349e-01	2.501081e-01	4.533941e-02	-8.526953e-02	1.306636e-01	1.668537e-01	-1.717658e-01	1.149870e-02	2.620282e-02	-3.473497e-02	4.085007e-02	2.738378e-02	-4.835031e-02	5.791207e-02	-6.300132e-02	6.631883e-02	-1.296912e-03	-2.051493e-02	
-3.861325e-02	3.688236e-02	3.789017e-02	5.852132e-01	-9.859885e-01	1.000000e+00	-9.865679e-01	6.088351e-01	-1.849335e-01	-6.560373e-02	1.080444e-01	-1.555778e-01	-1.697735e-01	1.882940e-01	-1.918265e-02	-3.018154e-02	3.909435e-02	-4.534554e-02	-2.760598e-02	5.073327e-02	-6.310093e-02	6.912114e-02	-7.359252e-02	-3.690205e-03	2.625142e-02	
3.699260e-02	-5.658497e-02	-3.551482e-02	-6.233559e-01	9.464502e-01	-9.865679e-01	1.000000e+00	-5.487693e-01	1.252871e-01	8.672609e-02	-1.289295e-01	1.751828e-01	1.587539e-01	-1.869776e-01	2.491031e-02	2.891761e-02	-3.788101e-02	4.441925e-02	2.406345e-02	-4.744753e-02	6.269727e-02	-6.847562e-02	7.291389e-02	4.797644e-03	-2.579419e-02	
9.190933e-02	1.055241e-01	-1.008147e-01	2.232452e-01	-6.588349e-01	6.088351e-01	-5.487693e-01	1.000000e+00	-8.729751e-01	1.421375e-01	-1.314430e-01	1.067971e-01	-1.162695e-01	-3.418144e-02	4.144032e-02	2.184656e-02	-1.527596e-02	5.272410e-03	3.767103e-02	-3.225494e-02	-8.855835e-04	-1.272215e-02	3.081498e-02	5.982527e-02	-6.291488e-02	
-9.146554e-02	-8.766226e-02	1.280200e-01	5.013109e-02	2.501081e-01	-1.849335e-01	1.252871e-01	-8.729751e-01	1.000000e+00	-2.053036e-01	2.146092e-01	-2.095347e-01	5.520336e-02	1.526695e-01	-5.209554e-02	-4.834848e-02	4.554725e-02	-3.769458e-02	-3.903978e-02	4.612743e-02	-2.581323e-02	4.480029e-02	-6.876882e-02	-7.072046e-02	8.273751e-02	
-7.112836e-03	4.287069e-02	-3.988116e-01	1.912835e-01	4.533941e-02	-6.560373e-02	8.672609e-02	1.421375e-01	-2.053036e-01	1.000000e+00	-9.833245e-01	9.175699e-01	-7.625851e-01	5.754756e-01	2.621199e-01	3.815729e-02	-3.391429e-02	2.525717e-02	3.129565e-03	-9.925474e-03	1.494358e-01	-2.034675e-01	2.694614e-01	6.156602e-02	-1.211979e-01	
1.640733e-02	-5.778898e-02	5.181085e-01	-2.523806e-01	-8.526953e-02	1.080444e-01	-1.289295e-01	-1.314430e-01	2.146092e-01	-9.833245e-01	1.000000e+00	-9.738201e-01	7.115562e-01	-5.126333e-01	-3.393670e-01	-4.913715e-02	4.545291e-02	-3.591182e-02	-3.340373e-03	1.345315e-02	-2.027656e-01	2.724235e-01	-3.567428e-01	-7.755807e-02	1.573372e-01	
-4.262279e-02	8.156560e-02	-6.554146e-01	3.288934e-01	1.306636e-01	-1.555778e-01	1.751828e-01	1.067971e-01	-2.095347e-01	9.175699e-01	-9.738201e-01	1.000000e+00	-6.007079e-01	3.952992e-01	4.302435e-01	5.998582e-02	-5.695812e-02	4.654171e-02	2.362367e-03	-1.550334e-02	2.647201e-01	-3.530945e-01	4.595680e-01	9.413698e-02	-1.976832e-01	
1.397671e-01	-1.127095e-01	-8.199125e-02	-6.988962e-03	1.668537e-01	-1.697735e-01	1.587539e-01	-1.162695e-01	5.520336e-02	-7.625851e-01	7.115562e-01	-6.007079e-01	1.000000e+00	-9.496288e-01	6.539739e-02	2.335986e-02	-2.685368e-02	2.868412e-02	2.074648e-03	-8.299054e-03	5.849925e-02	-6.442865e-02	6.749323e-02	2.991240e-02	-4.037738e-02	
-1.180847e-01	6.312597e-02	2.454751e-01	-5.477003e-02	-1.717658e-01	1.882940e-01	-1.869776e-01	-3.418144e-02	1.526695e-01	5.754756e-01	-5.126333e-01	3.952992e-01	-9.496288e-01	1.000000e+00	-1.675621e-01	-4.595433e-02	4.868215e-02	-4.735448e-02	-6.254600e-03	1.574833e-02	-1.293670e-01	1.579579e-01	-1.889410e-01	-5.517051e-02	9.196456e-02	
5.045942e-02	-1.839046e-01	-6.684524e-01	4.753135e-01	1.149870e-02	-1.918265e-02	2.491031e-02	4.144032e-02	-5.209554e-02	2.621199e-01	-3.393670e-01	4.302435e-01	6.539739e-02	-1.675621e-01	1.000000e+00	-4.941522e-01	5.617784e-01	-6.151328e-01	1.020381e-02	2.495814e-01	1.579412e-01	-2.283283e-01	3.165269e-01	4.969125e-02	-9.573068e-02	
8.267114e-02	1.831910e-02	-6.886666e-02	3.739894e-02	2.620282e-02	-3.018154e-02	2.891761e-02	2.184656e-02	-4.834848e-02	3.815729e-02	-4.913715e-02	5.998582e-02	2.335986e-02	-4.595433e-02	-4.941522e-01	1.000000e+00	-9.836574e-01	9.380490e-01	-5.519850e-01	1.745205e-01	2.006938e-01	-2.265302e-01	2.453230e-01	3.229552e-02	-7.086093e-02	
-8.043906e-02	-1.654320e-02	6.100851e-02	-3.035229e-02	-3.473497e-02	3.909435e-02	-3.788101e-02	-1.527596e-02	4.554725e-02	-3.391429e-02	4.545291e-02	-5.695812e-02	-2.685368e-02	4.868215e-02	5.617784e-01	-9.836574e-01	1.000000e+00	-9.846258e-01	4.804786e-01	-8.737718e-02	-2.055518e-01	2.341175e-01	-2.556593e-01	-4.687162e-02	9.360761e-02	
6.976563e-02	5.042399e-03	-4.352330e-02	1.929060e-02	4.085007e-02	-4.534554e-02	4.441925e-02	5.272410e-03	-3.769458e-02	2.525717e-02	-3.591182e-02	4.654171e-02	2.868412e-02	-4.735448e-02	-6.151328e-01	9.380490e-01	-9.846258e-01	1.000000e+00	-3.996184e-01	5.461369e-03	2.023557e-01	-2.318001e-01	2.544095e-01	5.436394e-02	-1.050844e-01	
7.311436e-02	1.383327e-01	1.028937e-02	-5.051858e-02	2.738378e-02	-2.760598e-02	2.406345e-02	3.767103e-02	-3.903978e-02	3.129565e-03	-3.340373e-03	2.362367e-03	2.074648e-03	-6.254600e-03	1.020381e-02	-5.519850e-01	4.804786e-01	-3.996184e-01	1.000000e+00	-9.017946e-01	-2.639610e-02	3.292164e-02	-4.203279e-02	7.885546e-02	-1.564676e-01	
-8.617647e-02	-1.387670e-01	-8.723040e-03	5.569199e-02	-4.835031e-02	5.073327e-02	-4.744753e-02	-3.225494e-02	4.612743e-02	-9.925474e-03	1.345315e-02	-1.550334e-02	-8.299054e-03	1.574833e-02	2.495814e-01	1.745205e-01	-8.737718e-02	5.461369e-03	-9.017946e-01	1.000000e+00	-6.265432e-02	6.491201e-02	-5.953823e-02	-9.867489e-02	2.154476e-01	
-7.181128e-03	5.169649e-03	-3.868590e-01	2.454907e-01	5.791207e-02	-6.310093e-02	6.269727e-02	-8.855835e-04	-2.581323e-02	1.494358e-01	-2.027656e-01	2.647201e-01	5.849925e-02	-1.293670e-01	1.579412e-01	2.006938e-01	-2.055518e-01	2.023557e-01	-2.639610e-02	-6.265432e-02	1.000000e+00	-9.832573e-01	9.165633e-01	-7.210021e-01	5.475056e-01	
1.402345e-02	-1.518805e-02	5.089354e-01	-3.296680e-01	-6.300132e-02	6.912114e-02	-6.847562e-02	-1.272215e-02	4.480029e-02	-2.034675e-01	2.724235e-01	-3.530945e-01	-6.442865e-02	1.579579e-01	-2.283283e-01	-2.265302e-01	2.341175e-01	-2.318001e-01	3.292164e-02	6.491201e-02	-9.832573e-01	1.000000e+00	-9.732998e-01	6.614711e-01	-4.787755e-01	
-4.043923e-02	4.056062e-02	-6.500528e-01	4.276073e-01	6.631883e-02	-7.359252e-02	7.291389e-02	3.081498e-02	-6.876882e-02	2.694614e-01	-3.567428e-01	4.595680e-01	6.749323e-02	-1.889410e-01	3.165269e-01	2.453230e-01	-2.556593e-01	2.544095e-01	-4.203279e-02	-5.953823e-02	9.165633e-01	-9.732998e-01	1.000000e+00	-5.434180e-01	3.575812e-01	
1.632193e-01	-4.179049e-02	-1.541370e-01	1.024079e-01	-1.296912e-03	-3.690205e-03	4.797644e-03	5.982527e-02	-7.072046e-02	6.156602e-02	-7.755807e-02	9.413698e-02	2.991240e-02	-5.517051e-02	4.969125e-02	3.229552e-02	-4.687162e-02	5.436394e-02	7.885546e-02	-9.867489e-02	-7.210021e-01	6.614711e-01	-5.434180e-01	1.000000e+00	-9.617989e-01	
-1.395943e-01	-9.543296e-04	2.917387e-01	-1.880154e-01	-2.051493e-02	2.625142e-02	-2.579419e-02	-6.291488e-02	8.273751e-02	-1.211979e-01	1.573372e-01	-1.976832e-01	-4.037738e-02	9.196456e-02	-9.573068e-02	-7.086093e-02	9.360761e-02	-1.050844e-01	-1.564676e-01	2.154476e-01	5.475056e-01	-4.787755e-01	3.575812e-01	-9.617989e-01	1.000000e+00	

Time taken for mcmc chain: 13.100000 minutes
