Number of steps: 2718705
Number of accepted steps: 960000
Burn-in number of steps: 320000
Accepted fraction of steps: 0.353109
Convergence Status
R[0]= 1.003474	R[1]= 1.020528	R[2]= 1.048972	R[3]= 1.035749	R[4]= 1.008708	R[5]= 1.010352	R[6]= 1.013080	R[7]= 1.004011	R[8]= 1.003782	R[9]= 1.009850	R[10]= 1.010301	R[11]= 1.011211	R[12]= 1.008788	R[13]= 1.007379	R[14]= 1.027054	R[15]= 1.006175	R[16]= 1.004278	R[17]= 1.002805	R[18]= 1.004801	R[19]= 1.003717	R[20]= 1.009663	R[21]= 1.012327	R[22]= 1.016066	R[23]= 1.000683	R[24]= 1.000865	
<R>= 1.011385

Mean parameters
A[0]= 1.021686e+00 pm 4.697292e-02
A[1]= 1.155081e+00 pm 3.720017e-02
A[2]= 5.000621e-01 pm 4.233457e-01
A[3]= 3.964939e+00 pm 1.390795e+00
A[4]= -2.247900e+03 pm 3.455324e+03
A[5]= 1.639553e+02 pm 2.126389e+03
A[6]= 6.076993e+02 pm 4.418236e+02
A[7]= -4.839009e+00 pm 1.337083e+01
A[8]= -1.483601e-01 pm 1.955501e-01
A[9]= -4.022594e+03 pm 7.904740e+03
A[10]= 1.082349e+03 pm 4.494809e+03
A[11]= -1.428669e+02 pm 8.463340e+02
A[12]= 2.155054e+01 pm 5.015639e+01
A[13]= -6.176280e-01 pm 9.438937e-01
A[14]= 4.803428e+00 pm 1.721925e+00
A[15]= -4.542843e+03 pm 4.771158e+03
A[16]= 2.117657e+03 pm 2.883054e+03
A[17]= 1.453098e+02 pm 5.905190e+02
A[18]= -7.357299e+00 pm 2.098493e+01
A[19]= -1.456539e-02 pm 2.877812e-01
A[20]= -3.158932e+02 pm 1.070592e+04
A[21]= -7.364364e+02 pm 6.093374e+03
A[22]= 1.837715e+01 pm 1.142917e+03
A[23]= 1.657520e+01 pm 7.059186e+01
A[24]= -8.234275e-01 pm 1.353084e+00

Best-fitting parameters
A[0]= 1.022915e+00
A[1]= 1.166905e+00
A[2]= 1.466367e-01
A[3]= 5.013017e+00
A[4]= -3.404315e+03
A[5]= 9.556261e+02
A[6]= 4.337556e+02
A[7]= -8.681327e-01
A[8]= -1.945901e-01
A[9]= -3.227699e+03
A[10]= 2.006580e+02
A[11]= 1.458863e+02
A[12]= 4.020905e+01
A[13]= -1.105446e+00
A[14]= 5.568353e+00
A[15]= -6.968158e+03
A[16]= 3.255136e+03
A[17]= -2.975564e+01
A[18]= 6.659019e+00
A[19]= -2.069904e-01
A[20]= -3.768463e+02
A[21]= -1.278489e+03
A[22]= 2.766221e+02
A[23]= 4.826544e+01
A[24]= -1.412670e+00
chi2_min= 9.647961e+01


Cross-Covariance parameters
1.000000e+00	-4.968936e-01	-4.686652e-02	8.370722e-03	3.344660e-02	-1.703916e-02	-4.356428e-03	2.907591e-02	-7.794050e-03	-6.288060e-02	9.186320e-02	-1.420675e-01	5.974858e-02	-1.738053e-02	5.090452e-02	-1.757138e-02	3.161108e-02	-4.805802e-02	-7.708831e-03	3.172253e-02	8.997374e-03	1.992396e-02	-7.152578e-02	-2.196889e-02	5.082924e-02	
-4.968936e-01	1.000000e+00	2.186514e-01	-2.124072e-01	-3.895568e-02	2.888490e-02	-2.638622e-02	1.759750e-01	-1.512469e-01	6.464930e-02	-7.802089e-02	9.984669e-02	-1.255055e-01	5.962270e-02	-2.843681e-01	5.942356e-02	-6.648908e-02	6.146397e-02	1.895791e-01	-1.917440e-01	-2.225522e-03	-9.196983e-03	3.338509e-02	-2.595937e-02	-7.504231e-03	
-4.686652e-02	2.186514e-01	1.000000e+00	-6.988316e-01	1.117331e-01	-1.204960e-01	1.279118e-01	7.782298e-02	-1.089185e-01	-2.281226e-01	3.067382e-01	-4.056196e-01	-2.521287e-01	2.572145e-01	-6.061389e-01	2.633664e-02	-2.103890e-02	1.800407e-02	4.143616e-04	-1.263440e-02	-2.200241e-01	2.960969e-01	-3.867267e-01	-2.688571e-01	2.908693e-01	
8.370722e-03	-2.124072e-01	-6.988316e-01	1.000000e+00	-5.707051e-01	6.267884e-01	-6.651816e-01	-2.331776e-01	3.337836e-01	1.231107e-01	-1.668820e-01	2.302513e-01	1.225595e-01	-9.442879e-02	4.616029e-01	-7.481113e-03	3.959526e-03	4.177453e-04	-4.098089e-02	4.753338e-02	1.834460e-01	-2.460710e-01	3.201723e-01	1.441446e-01	-1.557771e-01	
3.344660e-02	-3.895568e-02	1.117331e-01	-5.707051e-01	1.000000e+00	-9.875796e-01	9.521926e-01	-3.394497e-01	1.475753e-01	-3.495827e-02	2.211475e-02	-1.175255e-02	1.072486e-01	-6.591570e-02	-5.748898e-02	-8.390683e-05	1.728058e-03	-1.627164e-03	2.090149e-03	-2.760339e-03	-2.152509e-02	3.832189e-02	-5.769518e-02	-7.310087e-03	9.581828e-03	
-1.703916e-02	2.888490e-02	-1.204960e-01	6.267884e-01	-9.875796e-01	1.000000e+00	-9.877484e-01	2.748723e-01	-8.877902e-02	3.510185e-02	-2.045013e-02	8.023229e-03	-1.213137e-01	8.857725e-02	6.118587e-02	2.806339e-03	-4.570120e-03	4.698510e-03	-7.171234e-03	7.876147e-03	3.122976e-02	-4.835499e-02	6.784828e-02	-9.140399e-04	-1.066485e-03	
-4.356428e-03	-2.638622e-02	1.279118e-01	-6.651816e-01	9.521926e-01	-9.877484e-01	1.000000e+00	-2.216724e-01	5.071232e-02	-2.925383e-02	1.340281e-02	6.256969e-04	1.215010e-01	-9.274329e-02	-5.978545e-02	-7.978579e-03	9.995701e-03	-1.019636e-02	6.713831e-03	-7.070830e-03	-4.105522e-02	5.840148e-02	-7.783393e-02	7.797017e-03	-5.594915e-03	
2.907591e-02	1.759750e-01	7.782298e-02	-2.331776e-01	-3.394497e-01	2.748723e-01	-2.216724e-01	1.000000e+00	-9.583314e-01	1.294813e-01	-1.227004e-01	1.005177e-01	-4.980612e-02	-1.285449e-01	-1.110697e-01	1.017030e-02	-1.464407e-02	1.351620e-02	8.619923e-02	-9.016448e-02	-5.519010e-02	5.983967e-02	-6.529004e-02	3.272468e-02	-3.925637e-02	
-7.794050e-03	-1.512469e-01	-1.089185e-01	3.337836e-01	1.475753e-01	-8.877902e-02	5.071232e-02	-9.583314e-01	1.000000e+00	-1.269227e-01	1.216614e-01	-9.939109e-02	3.228498e-02	1.619234e-01	1.273493e-01	-1.397899e-02	1.873751e-02	-1.858438e-02	-8.268716e-02	9.005507e-02	5.833968e-02	-6.520074e-02	7.310431e-02	-2.177399e-02	2.909932e-02	
-6.288060e-02	6.464930e-02	-2.281226e-01	1.231107e-01	-3.495827e-02	3.510185e-02	-2.925383e-02	1.294813e-01	-1.269227e-01	1.000000e+00	-9.887438e-01	9.441231e-01	-7.591483e-01	6.458695e-01	1.564301e-01	-4.940810e-02	4.692757e-02	-4.672589e-02	3.423203e-02	-2.527531e-02	5.899356e-02	-8.032759e-02	1.082684e-01	5.329419e-02	-6.219752e-02	
9.186320e-02	-7.802089e-02	3.067382e-01	-1.668820e-01	2.211475e-02	-2.045013e-02	1.340281e-02	-1.227004e-01	1.216614e-01	-9.887438e-01	1.000000e+00	-9.821397e-01	7.391895e-01	-6.313798e-01	-2.051813e-01	5.226843e-02	-4.858633e-02	4.735479e-02	-3.889216e-02	2.951306e-02	-7.850549e-02	1.068555e-01	-1.438120e-01	-8.001437e-02	9.289315e-02	
-1.420675e-01	9.984669e-02	-4.056196e-01	2.302513e-01	-1.175255e-02	8.023229e-03	6.256969e-04	1.005177e-01	-9.939109e-02	9.441231e-01	-9.821397e-01	1.000000e+00	-6.861663e-01	5.917300e-01	2.671861e-01	-5.498138e-02	4.986472e-02	-4.732414e-02	4.287199e-02	-3.295163e-02	1.031418e-01	-1.411081e-01	1.904756e-01	1.127711e-01	-1.305642e-01	
5.974858e-02	-1.255055e-01	-2.521287e-01	1.225595e-01	1.072486e-01	-1.213137e-01	1.215010e-01	-4.980612e-02	3.228498e-02	-7.591483e-01	7.391895e-01	-6.861663e-01	1.000000e+00	-9.617112e-01	1.243917e-01	6.394855e-02	-6.483131e-02	6.584394e-02	-6.880624e-03	4.545006e-04	4.011060e-02	-6.237115e-02	8.776052e-02	9.708002e-02	-9.941396e-02	
-1.738053e-02	5.962270e-02	2.572145e-01	-9.442879e-02	-6.591570e-02	8.857725e-02	-9.274329e-02	-1.285449e-01	1.619234e-01	6.458695e-01	-6.313798e-01	5.917300e-01	-9.617112e-01	1.000000e+00	-1.056167e-01	-7.373158e-02	7.628168e-02	-7.741341e-02	-1.838947e-02	2.753534e-02	-3.238707e-02	5.821147e-02	-8.905902e-02	-1.113346e-01	1.171435e-01	
5.090452e-02	-2.843681e-01	-6.061389e-01	4.616029e-01	-5.748898e-02	6.118587e-02	-5.978545e-02	-1.110697e-01	1.273493e-01	1.564301e-01	-2.051813e-01	2.671861e-01	1.243917e-01	-1.056167e-01	1.000000e+00	-5.331646e-01	5.983543e-01	-6.449905e-01	-2.702814e-01	3.564199e-01	6.505930e-02	-1.012237e-01	1.511538e-01	7.776341e-02	-6.065457e-02	
-1.757138e-02	5.942356e-02	2.633664e-02	-7.481113e-03	-8.390683e-05	2.806339e-03	-7.978579e-03	1.017030e-02	-1.397899e-02	-4.940810e-02	5.226843e-02	-5.498138e-02	6.394855e-02	-7.373158e-02	-5.331646e-01	1.000000e+00	-9.861409e-01	9.446946e-01	-3.470617e-01	1.868848e-01	8.906465e-02	-1.021482e-01	1.109656e-01	4.713855e-02	-3.550105e-02	
3.161108e-02	-6.648908e-02	-2.103890e-02	3.959526e-03	1.728058e-03	-4.570120e-03	9.995701e-03	-1.464407e-02	1.873751e-02	4.692757e-02	-4.858633e-02	4.986472e-02	-6.483131e-02	7.628168e-02	5.983543e-01	-9.861409e-01	1.000000e+00	-9.853219e-01	2.745982e-01	-1.192979e-01	-8.998457e-02	1.061549e-01	-1.184794e-01	-6.853097e-02	6.045051e-02	
-4.805802e-02	6.146397e-02	1.800407e-02	4.177453e-04	-1.627164e-03	4.698510e-03	-1.019636e-02	1.351620e-02	-1.858438e-02	-4.672589e-02	4.735479e-02	-4.732414e-02	6.584394e-02	-7.741341e-02	-6.449905e-01	9.446946e-01	-9.853219e-01	1.000000e+00	-2.086686e-01	6.676104e-02	8.925693e-02	-1.080664e-01	1.238333e-01	8.209164e-02	-7.492287e-02	
-7.708831e-03	1.895791e-01	4.143616e-04	-4.098089e-02	2.090149e-03	-7.171234e-03	6.713831e-03	8.619923e-02	-8.268716e-02	3.423203e-02	-3.889216e-02	4.287199e-02	-6.880624e-03	-1.838947e-02	-2.702814e-01	-3.470617e-01	2.745982e-01	-2.086686e-01	1.000000e+00	-9.710930e-01	2.390529e-02	-2.791812e-02	2.717208e-02	1.100542e-01	-2.021228e-01	
3.172253e-02	-1.917440e-01	-1.263440e-02	4.753338e-02	-2.760339e-03	7.876147e-03	-7.070830e-03	-9.016448e-02	9.005507e-02	-2.527531e-02	2.951306e-02	-3.295163e-02	4.545006e-04	2.753534e-02	3.564199e-01	1.868848e-01	-1.192979e-01	6.676104e-02	-9.710930e-01	1.000000e+00	-4.185097e-02	4.628715e-02	-4.339712e-02	-1.190637e-01	2.242788e-01	
8.997374e-03	-2.225522e-03	-2.200241e-01	1.834460e-01	-2.152509e-02	3.122976e-02	-4.105522e-02	-5.519010e-02	5.833968e-02	5.899356e-02	-7.850549e-02	1.031418e-01	4.011060e-02	-3.238707e-02	6.505930e-02	8.906465e-02	-8.998457e-02	8.925693e-02	2.390529e-02	-4.185097e-02	1.000000e+00	-9.890332e-01	9.461504e-01	-7.589055e-01	6.682000e-01	
1.992396e-02	-9.196983e-03	2.960969e-01	-2.460710e-01	3.832189e-02	-4.835499e-02	5.840148e-02	5.983967e-02	-6.520074e-02	-8.032759e-02	1.068555e-01	-1.411081e-01	-6.237115e-02	5.821147e-02	-1.012237e-01	-1.021482e-01	1.061549e-01	-1.080664e-01	-2.791812e-02	4.628715e-02	-9.890332e-01	1.000000e+00	-9.829538e-01	7.417181e-01	-6.556332e-01	
-7.152578e-02	3.338509e-02	-3.867267e-01	3.201723e-01	-5.769518e-02	6.784828e-02	-7.783393e-02	-6.529004e-02	7.310431e-02	1.082684e-01	-1.438120e-01	1.904756e-01	8.776052e-02	-8.905902e-02	1.511538e-01	1.109656e-01	-1.184794e-01	1.238333e-01	2.717208e-02	-4.339712e-02	9.461504e-01	-9.829538e-01	1.000000e+00	-6.975866e-01	6.229143e-01	
-2.196889e-02	-2.595937e-02	-2.688571e-01	1.441446e-01	-7.310087e-03	-9.140399e-04	7.797017e-03	3.272468e-02	-2.177399e-02	5.329419e-02	-8.001437e-02	1.127711e-01	9.708002e-02	-1.113346e-01	7.776341e-02	4.713855e-02	-6.853097e-02	8.209164e-02	1.100542e-01	-1.190637e-01	-7.589055e-01	7.417181e-01	-6.975866e-01	1.000000e+00	-9.774066e-01	
5.082924e-02	-7.504231e-03	2.908693e-01	-1.557771e-01	9.581828e-03	-1.066485e-03	-5.594915e-03	-3.925637e-02	2.909932e-02	-6.219752e-02	9.289315e-02	-1.305642e-01	-9.941396e-02	1.171435e-01	-6.065457e-02	-3.550105e-02	6.045051e-02	-7.492287e-02	-2.021228e-01	2.242788e-01	6.682000e-01	-6.556332e-01	6.229143e-01	-9.774066e-01	1.000000e+00	

Time taken for mcmc chain: 25.100000 minutes
