Number of steps: 4212430
Number of accepted steps: 960000
Burn-in number of steps: 320000
Accepted fraction of steps: 0.227897
Convergence Status
R[0]= 1.019620	R[1]= 1.087357	R[2]= 1.192567	R[3]= 1.039873	R[4]= 1.008870	R[5]= 1.010558	R[6]= 1.011593	R[7]= 1.001598	R[8]= 1.005452	R[9]= 1.123379	R[10]= 1.189897	R[11]= 1.294546	R[12]= 1.048523	R[13]= 1.014736	R[14]= 1.013255	R[15]= 1.033411	R[16]= 1.033932	R[17]= 1.031732	R[18]= 1.010092	R[19]= 1.001932	R[20]= 1.063317	R[21]= 1.121837	R[22]= 1.226428	R[23]= 1.008939	R[24]= 1.032438	
<R>= 1.065035

Mean parameters
A[0]= 8.468650e-01 pm 4.596752e-02
A[1]= 9.519098e-01 pm 5.912872e-02
A[2]= 8.538623e-01 pm 7.140754e-01
A[3]= 2.434111e+00 pm 1.597289e+00
A[4]= 7.231679e+03 pm 4.688201e+03
A[5]= -4.058336e+03 pm 3.444150e+03
A[6]= 1.004486e+03 pm 9.536572e+02
A[7]= -3.730541e+00 pm 1.795825e+01
A[8]= -4.039294e-03 pm 1.782727e-01
A[9]= 9.125370e+03 pm 8.635637e+03
A[10]= -5.612938e+03 pm 5.279461e+03
A[11]= 8.756158e+02 pm 1.189798e+03
A[12]= -5.414174e+01 pm 4.836437e+01
A[13]= 1.190258e+00 pm 8.948176e-01
A[14]= 3.263631e+00 pm 2.175564e+00
A[15]= 3.471601e+03 pm 6.617851e+03
A[16]= -7.615344e+02 pm 4.963714e+03
A[17]= 3.769679e+01 pm 1.401074e+03
A[18]= 1.694280e+01 pm 2.573961e+01
A[19]= -1.450651e-01 pm 2.494637e-01
A[20]= 1.543250e+04 pm 1.121400e+04
A[21]= -7.797986e+03 pm 6.973916e+03
A[22]= 7.673642e+02 pm 1.639131e+03
A[23]= -4.014344e+01 pm 6.629327e+01
A[24]= 1.885814e-01 pm 1.283216e+00

Best-fitting parameters
A[0]= 8.591849e-01
A[1]= 9.205902e-01
A[2]= 3.670793e-01
A[3]= 4.249024e+00
A[4]= 2.601647e+03
A[5]= -4.393874e+02
A[6]= -3.180554e+01
A[7]= 1.194855e+01
A[8]= -1.092537e-02
A[9]= 7.689383e+03
A[10]= -5.406710e+03
A[11]= 9.841631e+02
A[12]= -6.073284e+01
A[13]= 1.338258e+00
A[14]= 5.724669e+00
A[15]= -4.413244e+03
A[16]= 4.817266e+03
A[17]= -1.456591e+03
A[18]= 4.425647e+01
A[19]= -2.872112e-01
A[20]= 2.233971e+04
A[21]= -1.196983e+04
A[22]= 1.625078e+03
A[23]= -8.682908e+01
A[24]= 1.044754e+00
chi2_min= 1.127501e+02


Cross-Covariance parameters
1.000000e+00	-4.878962e-01	-2.385000e-01	2.364052e-01	-1.162545e-01	1.243175e-01	-1.353956e-01	1.013872e-01	9.163771e-03	3.029687e-04	-3.144900e-03	-9.431387e-03	1.175286e-01	-1.007341e-01	2.696835e-01	-1.400426e-01	1.573627e-01	-1.754417e-01	1.706038e-01	-7.204760e-02	-4.102135e-02	4.286368e-02	-5.606752e-02	1.752250e-01	-1.539952e-01	
-4.878962e-01	1.000000e+00	2.925572e-01	-5.973389e-01	5.627029e-01	-5.891528e-01	5.947008e-01	-4.101542e-01	1.739126e-02	5.385259e-02	-8.515701e-02	1.355883e-01	-4.376616e-02	-2.993248e-02	-6.226255e-01	5.257396e-01	-5.657365e-01	5.851903e-01	-3.809081e-01	-3.595742e-04	4.348013e-02	-9.891798e-02	1.692232e-01	-4.238305e-02	-3.155511e-02	
-2.385000e-01	2.925572e-01	1.000000e+00	-6.615853e-01	3.237135e-01	-3.160264e-01	3.095122e-01	-3.206751e-01	1.815296e-01	-3.527013e-01	4.587228e-01	-5.854578e-01	1.186432e-01	1.066963e-01	-6.236361e-01	1.689800e-01	-1.892098e-01	2.082099e-01	-2.131339e-01	1.228801e-01	-3.376413e-01	4.397709e-01	-5.573268e-01	3.297314e-02	1.803057e-01	
2.364052e-01	-5.973389e-01	-6.615853e-01	1.000000e+00	-7.894026e-01	8.393110e-01	-8.671425e-01	6.672304e-01	-1.420576e-01	1.079340e-01	-1.370961e-01	1.701725e-01	-5.157790e-02	-7.859807e-03	8.459196e-01	-5.550905e-01	5.923429e-01	-6.134922e-01	4.630111e-01	-8.618738e-02	1.392617e-01	-1.664434e-01	1.997074e-01	-2.136510e-02	-4.561675e-02	
-1.162545e-01	5.627029e-01	3.237135e-01	-7.894026e-01	1.000000e+00	-9.846901e-01	9.464870e-01	-8.974124e-01	4.143081e-01	2.400581e-02	-5.732699e-02	1.030336e-01	3.340285e-02	-3.163974e-02	-6.606846e-01	5.702489e-01	-6.102998e-01	6.294242e-01	-4.417382e-01	3.921260e-02	-1.138888e-02	-2.449824e-02	6.502027e-02	4.238172e-02	-7.618888e-02	
1.243175e-01	-5.891528e-01	-3.160264e-01	8.393110e-01	-9.846901e-01	1.000000e+00	-9.879299e-01	8.769350e-01	-3.431356e-01	-4.815926e-02	8.633785e-02	-1.374616e-01	-2.420310e-02	4.530597e-02	6.944059e-01	-6.112136e-01	6.521108e-01	-6.714147e-01	4.718960e-01	-4.211103e-02	-3.222464e-03	4.243098e-02	-8.613354e-02	-3.911615e-02	8.154414e-02	
-1.353956e-01	5.947008e-01	3.095122e-01	-8.671425e-01	9.464870e-01	-9.879299e-01	1.000000e+00	-8.357589e-01	2.714693e-01	7.231497e-02	-1.121569e-01	1.642203e-01	7.715935e-03	-4.602166e-02	-7.098955e-01	6.311712e-01	-6.718117e-01	6.909768e-01	-4.878550e-01	4.548174e-02	1.252198e-02	-5.236553e-02	9.639701e-02	3.527829e-02	-8.198205e-02	
1.013872e-01	-4.101542e-01	-3.206751e-01	6.672304e-01	-8.974124e-01	8.769350e-01	-8.357589e-01	1.000000e+00	-7.407284e-01	6.218691e-02	-3.753927e-02	-3.177728e-03	-6.093258e-02	-3.967224e-02	5.581166e-01	-4.537723e-01	4.879808e-01	-5.057957e-01	3.619876e-01	-4.005092e-02	2.633882e-02	-9.303119e-03	-8.508201e-03	-3.293653e-02	4.314933e-02	
9.163771e-03	1.739126e-02	1.815296e-01	-1.420576e-01	4.143081e-01	-3.431356e-01	2.714693e-01	-7.407284e-01	1.000000e+00	-1.886032e-01	1.916564e-01	-1.799562e-01	9.710725e-02	1.377851e-01	-1.406417e-01	6.060872e-02	-7.216738e-02	7.988469e-02	-5.955139e-02	7.501726e-03	-5.511345e-02	7.002147e-02	-8.858480e-02	2.245102e-02	9.821365e-03	
3.029687e-04	5.385259e-02	-3.527013e-01	1.079340e-01	2.400581e-02	-4.815926e-02	7.231497e-02	6.218691e-02	-1.886032e-01	1.000000e+00	-9.804282e-01	8.929321e-01	-8.671585e-01	6.503256e-01	1.221710e-01	8.695741e-02	-8.172731e-02	7.426932e-02	-3.963068e-02	-1.641802e-02	1.750724e-01	-2.329964e-01	2.986878e-01	-2.326871e-02	-9.000422e-02	
-3.144900e-03	-8.515701e-02	4.587228e-01	-1.370961e-01	-5.732699e-02	8.633785e-02	-1.121569e-01	-3.753927e-02	1.916564e-01	-9.804282e-01	1.000000e+00	-9.630134e-01	8.373082e-01	-5.915326e-01	-1.484137e-01	-1.222385e-01	1.199629e-01	-1.132541e-01	5.560378e-02	3.103680e-02	-2.260539e-01	3.076465e-01	-4.013816e-01	2.522313e-02	1.272810e-01	
-9.431387e-03	1.355883e-01	-5.854578e-01	1.701725e-01	1.030336e-01	-1.374616e-01	1.642203e-01	-3.177728e-03	-1.799562e-01	8.929321e-01	-9.630134e-01	1.000000e+00	-7.276878e-01	4.529726e-01	1.757036e-01	1.692391e-01	-1.709595e-01	1.653417e-01	-7.758512e-02	-5.060998e-02	2.880775e-01	-3.997667e-01	5.296372e-01	-2.900814e-02	-1.734528e-01	
1.175286e-01	-4.376616e-02	1.186432e-01	-5.157790e-02	3.340285e-02	-2.420310e-02	7.715935e-03	-6.093258e-02	9.710725e-02	-8.671585e-01	8.373082e-01	-7.276878e-01	1.000000e+00	-9.177245e-01	-5.065216e-02	-1.812108e-02	1.237673e-02	-8.384041e-03	1.856697e-02	-1.723009e-02	-7.714784e-02	9.393108e-02	-1.136574e-01	4.677239e-02	-6.703703e-03	
-1.007341e-01	-2.993248e-02	1.066963e-01	-7.859807e-03	-3.163974e-02	4.530597e-02	-4.602166e-02	-3.967224e-02	1.377851e-01	6.503256e-01	-5.915326e-01	4.529726e-01	-9.177245e-01	1.000000e+00	-1.128671e-02	-5.001883e-02	5.652044e-02	-5.854375e-02	1.342685e-02	3.481539e-02	-3.471214e-02	6.180900e-02	-9.333638e-02	-3.068907e-02	6.923008e-02	
2.696835e-01	-6.226255e-01	-6.236361e-01	8.459196e-01	-6.606846e-01	6.944059e-01	-7.098955e-01	5.581166e-01	-1.406417e-01	1.221710e-01	-1.484137e-01	1.757036e-01	-5.065216e-02	-1.128671e-02	1.000000e+00	-7.448918e-01	8.057590e-01	-8.425035e-01	6.172016e-01	-8.892771e-02	5.886129e-02	-5.123681e-02	4.841344e-02	3.837985e-03	-2.130920e-02	
-1.400426e-01	5.257396e-01	1.689800e-01	-5.550905e-01	5.702489e-01	-6.112136e-01	6.311712e-01	-4.537723e-01	6.060872e-02	8.695741e-02	-1.222385e-01	1.692391e-01	-1.812108e-02	-5.001883e-02	-7.448918e-01	1.000000e+00	-9.844475e-01	9.474045e-01	-8.927979e-01	4.033787e-01	1.524942e-01	-2.327767e-01	3.171720e-01	-3.876204e-02	-5.047918e-02	
1.573627e-01	-5.657365e-01	-1.892098e-01	5.923429e-01	-6.102998e-01	6.521108e-01	-6.718117e-01	4.879808e-01	-7.216738e-02	-8.172731e-02	1.199629e-01	-1.709595e-01	1.237673e-02	5.652044e-02	8.057590e-01	-9.844475e-01	1.000000e+00	-9.885904e-01	8.623878e-01	-3.171195e-01	-1.570002e-01	2.443768e-01	-3.369139e-01	3.224324e-02	7.077825e-02	
-1.754417e-01	5.851903e-01	2.082099e-01	-6.134922e-01	6.294242e-01	-6.714147e-01	6.909768e-01	-5.057957e-01	7.988469e-02	7.426932e-02	-1.132541e-01	1.653417e-01	-8.384041e-03	-5.854375e-02	-8.425035e-01	9.474045e-01	-9.885904e-01	1.000000e+00	-8.138806e-01	2.338458e-01	1.564378e-01	-2.466952e-01	3.428169e-01	-2.831344e-02	-8.256590e-02	
1.706038e-01	-3.809081e-01	-2.131339e-01	4.630111e-01	-4.417382e-01	4.718960e-01	-4.878550e-01	3.619876e-01	-5.955139e-02	-3.963068e-02	5.560378e-02	-7.758512e-02	1.856697e-02	1.342685e-02	6.172016e-01	-8.927979e-01	8.623878e-01	-8.138806e-01	1.000000e+00	-7.436154e-01	-9.114852e-02	1.453547e-01	-2.018319e-01	6.962339e-02	-6.089085e-02	
-7.204760e-02	-3.595742e-04	1.228801e-01	-8.618738e-02	3.921260e-02	-4.211103e-02	4.548174e-02	-4.005092e-02	7.501726e-03	-1.641802e-02	3.103680e-02	-5.060998e-02	-1.723009e-02	3.481539e-02	-8.892771e-02	4.033787e-01	-3.171195e-01	2.338458e-01	-7.436154e-01	1.000000e+00	-2.724011e-02	3.648376e-02	-4.686981e-02	-7.775760e-02	1.956401e-01	
-4.102135e-02	4.348013e-02	-3.376413e-01	1.392617e-01	-1.138888e-02	-3.222464e-03	1.252198e-02	2.633882e-02	-5.511345e-02	1.750724e-01	-2.260539e-01	2.880775e-01	-7.714784e-02	-3.471214e-02	5.886129e-02	1.524942e-01	-1.570002e-01	1.564378e-01	-9.114852e-02	-2.724011e-02	1.000000e+00	-9.743339e-01	8.662662e-01	-8.341747e-01	6.253026e-01	
4.286368e-02	-9.891798e-02	4.397709e-01	-1.664434e-01	-2.449824e-02	4.243098e-02	-5.236553e-02	-9.303119e-03	7.002147e-02	-2.329964e-01	3.076465e-01	-3.997667e-01	9.393108e-02	6.180900e-02	-5.123681e-02	-2.327767e-01	2.443768e-01	-2.466952e-01	1.453547e-01	3.648376e-02	-9.743339e-01	1.000000e+00	-9.552904e-01	7.812565e-01	-5.341222e-01	
-5.606752e-02	1.692232e-01	-5.573268e-01	1.997074e-01	6.502027e-02	-8.613354e-02	9.639701e-02	-8.508201e-03	-8.858480e-02	2.986878e-01	-4.013816e-01	5.296372e-01	-1.136574e-01	-9.333638e-02	4.841344e-02	3.171720e-01	-3.369139e-01	3.428169e-01	-2.018319e-01	-4.686981e-02	8.662662e-01	-9.552904e-01	1.000000e+00	-6.316204e-01	3.490774e-01	
1.752250e-01	-4.238305e-02	3.297314e-02	-2.136510e-02	4.238172e-02	-3.911615e-02	3.527829e-02	-3.293653e-02	2.245102e-02	-2.326871e-02	2.522313e-02	-2.900814e-02	4.677239e-02	-3.068907e-02	3.837985e-03	-3.876204e-02	3.224324e-02	-2.831344e-02	6.962339e-02	-7.775760e-02	-8.341747e-01	7.812565e-01	-6.316204e-01	1.000000e+00	-9.344774e-01	
-1.539952e-01	-3.155511e-02	1.803057e-01	-4.561675e-02	-7.618888e-02	8.154414e-02	-8.198205e-02	4.314933e-02	9.821365e-03	-9.000422e-02	1.272810e-01	-1.734528e-01	-6.703703e-03	6.923008e-02	-2.130920e-02	-5.047918e-02	7.077825e-02	-8.256590e-02	-6.089085e-02	1.956401e-01	6.253026e-01	-5.341222e-01	3.490774e-01	-9.344774e-01	1.000000e+00	

Time taken for mcmc chain: 40.416667 minutes
