Number of steps: 31978549
Number of accepted steps: 960000
Burn-in number of steps: 320000
Accepted fraction of steps: 0.030020
Convergence Status
R[0]= 1.000789	R[1]= 1.000405	R[2]= 1.002183	R[3]= 1.003368	R[4]= 1.000530	R[5]= 1.000758	R[6]= 1.000990	R[7]= 1.000293	R[8]= 1.000348	R[9]= 1.000365	R[10]= 1.000370	R[11]= 1.000501	R[12]= 1.000192	R[13]= 1.000243	R[14]= 1.000921	R[15]= 1.000774	R[16]= 1.000557	R[17]= 1.000394	R[18]= 1.000980	R[19]= 1.001020	R[20]= 1.000284	R[21]= 1.000139	R[22]= 1.000185	R[23]= 1.000112	R[24]= 1.000526	
<R>= 1.000689

Mean parameters
A[0]= 8.341417e-01 pm 2.692724e-02
A[1]= 8.868759e-01 pm 1.987909e-02
A[2]= 6.588878e-01 pm 4.119178e-01
A[3]= 4.367819e+00 pm 1.229098e+00
A[4]= 2.924667e+03 pm 3.534625e+03
A[5]= 1.790114e+02 pm 2.559917e+03
A[6]= -4.810335e+02 pm 7.334703e+02
A[7]= 1.474817e+01 pm 1.635952e+01
A[8]= 3.412261e-02 pm 1.782700e-01
A[9]= 1.011085e+04 pm 8.994136e+03
A[10]= -5.034704e+03 pm 5.903708e+03
A[11]= 3.311785e+02 pm 1.505551e+03
A[12]= -7.157469e+01 pm 4.976234e+01
A[13]= 1.837473e+00 pm 8.951760e-01
A[14]= 5.746591e+00 pm 1.768971e+00
A[15]= -2.185200e+03 pm 5.022927e+03
A[16]= 4.793229e+03 pm 3.657424e+03
A[17]= -1.903784e+03 pm 1.054266e+03
A[18]= 4.543274e+01 pm 2.383040e+01
A[19]= -1.714628e-01 pm 2.509149e-01
A[20]= 1.252013e+04 pm 1.186809e+04
A[21]= -4.899976e+03 pm 7.681136e+03
A[22]= -2.993978e+02 pm 1.934267e+03
A[23]= -3.171065e+01 pm 6.781346e+01
A[24]= 3.920725e-01 pm 1.242864e+00

Best-fitting parameters
A[0]= 8.201040e-01
A[1]= 8.952587e-01
A[2]= 6.486640e-01
A[3]= 4.873749e+00
A[4]= 1.088927e+01
A[5]= 2.441995e+03
A[6]= -1.117788e+03
A[7]= 2.495145e+01
A[8]= 2.860803e-02
A[9]= 4.574259e+03
A[10]= -1.373074e+03
A[11]= -5.025645e+02
A[12]= -3.491391e+01
A[13]= 1.180306e+00
A[14]= 5.834938e+00
A[15]= -2.825965e+03
A[16]= 5.540497e+03
A[17]= -2.177980e+03
A[18]= 5.089042e+01
A[19]= -1.754489e-01
A[20]= 1.367671e+04
A[21]= -4.922798e+03
A[22]= -4.565275e+02
A[23]= -2.861974e+01
A[24]= 3.378900e-01
chi2_min= 1.322648e+02


Cross-Covariance parameters
1.000000e+00	-4.674175e-01	-2.377148e-01	1.281294e-01	1.214754e-01	-1.247030e-01	1.082825e-01	-1.731816e-02	-4.480661e-02	1.284758e-01	-1.411400e-01	1.273336e-01	5.498679e-02	-1.007499e-01	1.351302e-01	7.768897e-02	-7.620434e-02	5.976221e-02	2.457762e-02	-6.472611e-02	1.255112e-01	-1.348226e-01	1.166349e-01	5.529579e-02	-9.050468e-02	
-4.674175e-01	1.000000e+00	1.141454e-01	-1.435325e-01	2.334001e-02	-1.961686e-03	-2.623951e-02	5.880862e-02	-5.434873e-02	-5.770935e-02	4.831524e-02	-2.270820e-02	-4.486972e-02	2.774221e-02	-1.409026e-01	9.654210e-03	2.840691e-03	-2.057197e-02	8.701681e-02	-1.066389e-01	-5.684710e-02	4.773109e-02	-1.987971e-02	-3.316049e-02	1.372045e-02	
-2.377148e-01	1.141454e-01	1.000000e+00	-7.220359e-01	-3.922150e-02	5.602666e-02	-6.027019e-02	-6.761944e-02	1.526628e-01	-4.985860e-01	6.523970e-01	-7.984822e-01	2.600979e-01	1.065021e-01	-7.120962e-01	3.745688e-02	-3.296387e-02	3.333492e-02	-1.181531e-01	1.424432e-01	-4.384722e-01	5.939349e-01	-7.538068e-01	1.948191e-01	1.218456e-01	
1.281294e-01	-1.435325e-01	-7.220359e-01	1.000000e+00	-4.679963e-01	5.392885e-01	-5.840600e-01	4.617588e-01	-1.758137e-01	2.661575e-01	-3.482864e-01	4.275363e-01	-1.540811e-01	-4.690690e-02	5.351234e-01	-3.645741e-02	3.164453e-02	-2.797045e-02	7.420224e-02	-8.338366e-02	3.191277e-01	-4.342552e-01	5.537615e-01	-1.471012e-01	-8.314613e-02	
1.214754e-01	2.334001e-02	-3.922150e-02	-4.679963e-01	1.000000e+00	-9.700734e-01	8.928299e-01	-8.802443e-01	5.110439e-01	1.052045e-01	-1.604045e-01	2.151114e-01	-2.001135e-02	-1.402832e-02	2.262521e-02	1.560601e-02	-1.530866e-02	1.132727e-02	1.662322e-02	-3.153290e-02	2.266158e-02	-2.947701e-02	3.359428e-02	4.886519e-03	-2.172098e-02	
-1.247030e-01	-1.961686e-03	5.602666e-02	5.392885e-01	-9.700734e-01	1.000000e+00	-9.748297e-01	8.663700e-01	-4.261499e-01	-1.400019e-01	2.041413e-01	-2.672448e-01	3.492728e-02	3.446918e-02	-3.581361e-02	-2.123881e-02	2.147407e-02	-1.767372e-02	-9.043028e-03	2.635942e-02	-3.478158e-02	4.462323e-02	-5.150869e-02	2.122310e-03	2.089046e-02	
1.082825e-01	-2.623951e-02	-6.027019e-02	-5.840600e-01	8.928299e-01	-9.748297e-01	1.000000e+00	-8.069059e-01	3.244933e-01	1.684592e-01	-2.353988e-01	3.003303e-01	-5.439549e-02	-4.125238e-02	4.252373e-02	2.336767e-02	-2.421086e-02	2.140159e-02	-8.281350e-04	-1.622653e-02	4.005231e-02	-5.094819e-02	5.899539e-02	-7.615684e-03	-1.711724e-02	
-1.731816e-02	5.880862e-02	-6.761944e-02	4.617588e-01	-8.802443e-01	8.663700e-01	-8.069059e-01	1.000000e+00	-8.046037e-01	1.534508e-02	2.497431e-02	-7.354484e-02	-2.464511e-02	-6.054402e-02	4.288598e-02	-5.023983e-03	7.272354e-03	-9.341026e-03	1.624337e-02	-1.382370e-02	2.771134e-02	-3.889649e-02	5.177538e-02	-1.977160e-02	-1.746458e-03	
-4.480661e-02	-5.434873e-02	1.526628e-01	-1.758137e-01	5.110439e-01	-4.261499e-01	3.244933e-01	-8.046037e-01	1.000000e+00	-1.800902e-01	1.777817e-01	-1.597249e-01	9.139673e-02	1.473180e-01	-1.018749e-01	-1.142999e-02	9.599386e-03	-5.472874e-03	-2.012093e-02	3.147217e-02	-7.725762e-02	1.041345e-01	-1.314098e-01	4.109819e-02	1.312590e-02	
1.284758e-01	-5.770935e-02	-4.985860e-01	2.661575e-01	1.052045e-01	-1.400019e-01	1.684592e-01	1.534508e-02	-1.800902e-01	1.000000e+00	-9.720025e-01	8.660519e-01	-8.776025e-01	6.072968e-01	3.616160e-01	-8.852460e-03	7.247282e-03	-8.326209e-03	5.310095e-02	-6.743219e-02	2.402837e-01	-3.182583e-01	3.964371e-01	-1.141553e-01	-4.958709e-02	
-1.411400e-01	4.831524e-02	6.523970e-01	-3.482864e-01	-1.604045e-01	2.041413e-01	-2.353988e-01	2.497431e-02	1.777817e-01	-9.720025e-01	1.000000e+00	-9.583152e-01	8.336499e-01	-5.100810e-01	-4.733926e-01	1.169691e-02	-9.293586e-03	1.057572e-02	-6.967736e-02	9.008570e-02	-3.085454e-01	4.133087e-01	-5.200514e-01	1.468224e-01	7.001672e-02	
1.273336e-01	-2.270820e-02	-7.984822e-01	4.275363e-01	2.151114e-01	-2.672448e-01	3.003303e-01	-7.354484e-02	-1.597249e-01	8.660519e-01	-9.583152e-01	1.000000e+00	-7.041105e-01	3.346317e-01	5.805761e-01	-1.632788e-02	1.307964e-02	-1.423170e-02	8.583880e-02	-1.115771e-01	3.714946e-01	-5.029747e-01	6.391856e-01	-1.793650e-01	-8.938941e-02	
5.498679e-02	-4.486972e-02	2.600979e-01	-1.540811e-01	-2.001135e-02	3.492728e-02	-5.439549e-02	-2.464511e-02	9.139673e-02	-8.776025e-01	8.336499e-01	-7.041105e-01	1.000000e+00	-8.823273e-01	-1.886517e-01	1.111233e-02	-1.032639e-02	9.263211e-03	-2.667669e-02	3.174908e-02	-1.308869e-01	1.744944e-01	-2.212538e-01	7.976894e-02	1.364813e-02	
-1.007499e-01	2.774221e-02	1.065021e-01	-4.690690e-02	-1.402832e-02	3.446918e-02	-4.125238e-02	-6.054402e-02	1.473180e-01	6.072968e-01	-5.100810e-01	3.346317e-01	-8.823273e-01	1.000000e+00	-7.692876e-02	-3.621894e-03	4.189283e-03	-2.168331e-03	-1.626412e-02	2.430467e-02	-3.728784e-02	5.563582e-02	-7.382468e-02	2.897363e-03	2.835035e-02	
1.351302e-01	-1.409026e-01	-7.120962e-01	5.351234e-01	2.262521e-02	-3.581361e-02	4.252373e-02	4.288598e-02	-1.018749e-01	3.616160e-01	-4.733926e-01	5.805761e-01	-1.886517e-01	-7.692876e-02	1.000000e+00	-5.188496e-01	6.053660e-01	-6.583466e-01	4.758174e-01	-1.440635e-01	2.158799e-01	-2.898051e-01	3.700416e-01	-1.076767e-01	-4.774321e-02	
7.768897e-02	9.654210e-03	3.745688e-02	-3.645741e-02	1.560601e-02	-2.123881e-02	2.336767e-02	-5.023983e-03	-1.142999e-02	-8.852460e-03	1.169691e-02	-1.632788e-02	1.111233e-02	-3.621894e-03	-5.188496e-01	1.000000e+00	-9.694660e-01	8.911374e-01	-8.836310e-01	5.375896e-01	1.501957e-01	-1.916474e-01	2.241672e-01	-8.221229e-02	3.314061e-02	
-7.620434e-02	2.840691e-03	-3.296387e-02	3.164453e-02	-1.530866e-02	2.147407e-02	-2.421086e-02	7.272354e-03	9.599386e-03	7.247282e-03	-9.293586e-03	1.307964e-02	-1.032639e-02	4.189283e-03	6.053660e-01	-9.694660e-01	1.000000e+00	-9.745934e-01	8.641541e-01	-4.448259e-01	-1.668187e-01	2.195833e-01	-2.639872e-01	8.190499e-02	-7.963228e-03	
5.976221e-02	-2.057197e-02	3.333492e-02	-2.797045e-02	1.132727e-02	-1.767372e-02	2.140159e-02	-9.341026e-03	-5.472874e-03	-8.326209e-03	1.057572e-02	-1.423170e-02	9.263211e-03	-2.168331e-03	-6.583466e-01	8.911374e-01	-9.745934e-01	1.000000e+00	-7.979299e-01	3.327989e-01	1.718780e-01	-2.313528e-01	2.836077e-01	-7.887427e-02	-1.211458e-02	
2.457762e-02	8.701681e-02	-1.181531e-01	7.420224e-02	1.662322e-02	-9.043028e-03	-8.281350e-04	1.624337e-02	-2.012093e-02	5.310095e-02	-6.967736e-02	8.583880e-02	-2.667669e-02	-1.626412e-02	4.758174e-01	-8.836310e-01	8.641541e-01	-7.979299e-01	1.000000e+00	-8.214965e-01	-7.368256e-02	9.784025e-02	-1.159965e-01	8.042003e-02	-1.102295e-01	
-6.472611e-02	-1.066389e-01	1.424432e-01	-8.338366e-02	-3.153290e-02	2.635942e-02	-1.622653e-02	-1.382370e-02	3.147217e-02	-6.743219e-02	9.008570e-02	-1.115771e-01	3.174908e-02	2.430467e-02	-1.440635e-01	5.375896e-01	-4.448259e-01	3.327989e-01	-8.214965e-01	1.000000e+00	-4.051220e-02	5.355995e-02	-6.871524e-02	-5.447867e-02	1.909297e-01	
1.255112e-01	-5.684710e-02	-4.384722e-01	3.191277e-01	2.266158e-02	-3.478158e-02	4.005231e-02	2.771134e-02	-7.725762e-02	2.402837e-01	-3.085454e-01	3.714946e-01	-1.308869e-01	-3.728784e-02	2.158799e-01	1.501957e-01	-1.668187e-01	1.718780e-01	-7.368256e-02	-4.051220e-02	1.000000e+00	-9.714252e-01	8.574732e-01	-8.752104e-01	6.552214e-01	
-1.348226e-01	4.773109e-02	5.939349e-01	-4.342552e-01	-2.947701e-02	4.462323e-02	-5.094819e-02	-3.889649e-02	1.041345e-01	-3.182583e-01	4.133087e-01	-5.029747e-01	1.744944e-01	5.563582e-02	-2.898051e-01	-1.916474e-01	2.195833e-01	-2.313528e-01	9.784025e-02	5.355995e-02	-9.714252e-01	1.000000e+00	-9.539819e-01	8.320492e-01	-5.602305e-01	
1.166349e-01	-1.987971e-02	-7.538068e-01	5.537615e-01	3.359428e-02	-5.150869e-02	5.899539e-02	5.177538e-02	-1.314098e-01	3.964371e-01	-5.200514e-01	6.391856e-01	-2.212538e-01	-7.382468e-02	3.700416e-01	2.241672e-01	-2.639872e-01	2.836077e-01	-1.159965e-01	-6.871524e-02	8.574732e-01	-9.539819e-01	1.000000e+00	-6.948748e-01	3.743562e-01	
5.529579e-02	-3.316049e-02	1.948191e-01	-1.471012e-01	4.886519e-03	2.122310e-03	-7.615684e-03	-1.977160e-02	4.109819e-02	-1.141553e-01	1.468224e-01	-1.793650e-01	7.976894e-02	2.897363e-03	-1.076767e-01	-8.221229e-02	8.190499e-02	-7.887427e-02	8.042003e-02	-5.447867e-02	-8.752104e-01	8.320492e-01	-6.948748e-01	1.000000e+00	-9.138357e-01	
-9.050468e-02	1.372045e-02	1.218456e-01	-8.314613e-02	-2.172098e-02	2.089046e-02	-1.711724e-02	-1.746458e-03	1.312590e-02	-4.958709e-02	7.001672e-02	-8.938941e-02	1.364813e-02	2.835035e-02	-4.774321e-02	3.314061e-02	-7.963228e-03	-1.211458e-02	-1.102295e-01	1.909297e-01	6.552214e-01	-5.602305e-01	3.743562e-01	-9.138357e-01	1.000000e+00	

Time taken for mcmc chain: 2.490833 hours
