Number of steps: 22413249
Number of accepted steps: 1000000
Burn-in number of steps: 320000
Accepted fraction of steps: 0.044616
Convergence Status
R[0]= 1.000932	R[1]= 1.003359	R[2]= 1.019641	R[3]= 1.028075	R[4]= 1.002056	R[5]= 1.002206	R[6]= 1.002284	R[7]= 1.000492	R[8]= 1.000552	R[9]= 1.002799	R[10]= 1.005144	R[11]= 1.008537	R[12]= 1.000164	R[13]= 1.000480	R[14]= 1.039619	R[15]= 1.007074	R[16]= 1.008353	R[17]= 1.009514	R[18]= 1.001248	R[19]= 1.001628	R[20]= 1.000982	R[21]= 1.002263	R[22]= 1.004775	R[23]= 1.001134	R[24]= 1.002490	
<R>= 1.006232

Mean parameters
A[0]= 9.718010e-01 pm 2.888160e-02
A[1]= 1.061051e+00 pm 2.374471e-02
A[2]= 6.047350e-01 pm 3.547890e-01
A[3]= 5.304182e+00 pm 1.303383e+00
A[4]= -3.938540e+03 pm 3.691489e+03
A[5]= 2.390010e+03 pm 2.403707e+03
A[6]= -1.836358e+02 pm 5.619970e+02
A[7]= 2.797622e+00 pm 1.334781e+01
A[8]= -3.230350e-03 pm 1.789786e-01
A[9]= 1.199004e+03 pm 8.539058e+03
A[10]= -1.126317e+03 pm 5.209594e+03
A[11]= 4.994013e+01 pm 1.123963e+03
A[12]= -3.753229e+01 pm 4.790989e+01
A[13]= 9.174127e-01 pm 9.256612e-01
A[14]= 6.820774e+00 pm 1.970545e+00
A[15]= -5.721105e+03 pm 5.118727e+03
A[16]= 4.772709e+03 pm 3.351830e+03
A[17]= -9.473279e+02 pm 7.903348e+02
A[18]= 2.077970e+00 pm 1.920105e+01
A[19]= 1.323915e-01 pm 2.548570e-01
A[20]= 8.617834e+03 pm 1.145555e+04
A[21]= -4.114775e+03 pm 6.884998e+03
A[22]= 1.931918e+02 pm 1.452201e+03
A[23]= -4.444503e+01 pm 6.693959e+01
A[24]= 4.728417e-01 pm 1.294950e+00

Best-fitting parameters
A[0]= 9.474685e-01
A[1]= 1.085284e+00
A[2]= 6.610551e-01
A[3]= 5.009395e+00
A[4]= -4.703052e+03
A[5]= 2.859017e+03
A[6]= -2.794458e+02
A[7]= 5.219722e+00
A[8]= -3.842560e-02
A[9]= 1.633086e+02
A[10]= -3.389188e+02
A[11]= -1.024639e+02
A[12]= -3.765209e+01
A[13]= 9.058610e-01
A[14]= 7.243504e+00
A[15]= -9.996105e+03
A[16]= 7.571086e+03
A[17]= -1.577451e+03
A[18]= 7.725473e+00
A[19]= 1.321217e-01
A[20]= 2.311495e+02
A[21]= 1.205240e+03
A[22]= -8.727987e+02
A[23]= -5.642705e+00
A[24]= -1.489750e-01
chi2_min= 1.059700e+02


Cross-Covariance parameters
1.000000e+00	-4.799495e-01	-1.568112e-01	8.483936e-02	4.785629e-02	-5.146040e-02	4.422235e-02	6.058362e-02	-6.982536e-02	-2.191413e-02	2.321613e-02	-3.992883e-02	1.577492e-01	-1.337738e-01	6.471329e-02	5.009163e-02	-5.284645e-02	4.732498e-02	6.234477e-02	-7.108337e-02	6.262603e-03	-3.250067e-03	-1.818783e-02	1.276665e-01	-1.124591e-01	
-4.799495e-01	1.000000e+00	1.271964e-01	-1.619266e-01	-1.686506e-02	2.613605e-02	-4.271510e-02	1.263001e-01	-1.168952e-01	3.277682e-02	-4.006356e-02	5.458533e-02	-1.075559e-01	5.488811e-02	-1.724573e-01	9.954801e-03	-6.418099e-03	-4.241639e-03	1.215982e-01	-1.263397e-01	-6.940003e-03	-6.639549e-04	2.239905e-02	-4.642621e-02	1.199885e-02	
-1.568112e-01	1.271964e-01	1.000000e+00	-6.935013e-01	-1.245272e-01	1.424379e-01	-1.489955e-01	-1.629011e-02	7.482834e-02	-4.347547e-01	5.569809e-01	-6.937859e-01	-8.243896e-02	2.583348e-01	-6.778652e-01	-2.101114e-02	2.388973e-02	-1.939004e-02	-3.110629e-02	3.028654e-02	-3.778967e-01	4.932898e-01	-6.341007e-01	-1.015525e-01	2.453986e-01	
8.483936e-02	-1.619266e-01	-6.935013e-01	1.000000e+00	-4.452412e-01	4.911378e-01	-5.274421e-01	1.896039e-01	3.726414e-02	2.182236e-01	-2.817302e-01	3.551306e-01	1.452405e-02	-9.138193e-02	4.966567e-01	2.651304e-03	-6.568652e-03	6.205409e-03	2.193847e-03	2.071966e-03	2.684196e-01	-3.484913e-01	4.466997e-01	6.272528e-02	-1.595893e-01	
4.785629e-02	-1.686506e-02	-1.245272e-01	-4.452412e-01	1.000000e+00	-9.843873e-01	9.394202e-01	-6.976546e-01	3.315529e-01	1.123584e-01	-1.615609e-01	2.175626e-01	9.661959e-02	-1.040188e-01	8.413852e-02	1.173993e-02	-1.179311e-02	1.075237e-02	5.501458e-03	-8.649329e-03	4.348203e-02	-5.972011e-02	7.880382e-02	2.317203e-02	-4.298222e-02	
-5.146040e-02	2.613605e-02	1.424379e-01	4.911378e-01	-9.843873e-01	1.000000e+00	-9.845509e-01	6.510934e-01	-2.669461e-01	-1.313450e-01	1.856249e-01	-2.473671e-01	-1.055386e-01	1.284044e-01	-9.857431e-02	-1.265181e-02	1.245077e-02	-1.126166e-02	-5.370465e-03	8.439014e-03	-5.156908e-02	6.996038e-02	-9.152426e-02	-2.470277e-02	4.735441e-02	
4.422235e-02	-4.271510e-02	-1.489955e-01	-5.274421e-01	9.394202e-01	-9.845509e-01	1.000000e+00	-5.890498e-01	2.024930e-01	1.504702e-01	-2.068667e-01	2.707428e-01	1.007451e-01	-1.354623e-01	1.075550e-01	1.147970e-02	-1.104828e-02	1.009034e-02	1.817328e-03	-4.202320e-03	5.493591e-02	-7.410338e-02	9.661436e-02	2.375544e-02	-4.710237e-02	
6.058362e-02	1.263001e-01	-1.629011e-02	1.896039e-01	-6.976546e-01	6.510934e-01	-5.890498e-01	1.000000e+00	-8.873463e-01	8.184972e-02	-6.080078e-02	2.575694e-02	-6.676981e-02	-8.375194e-02	-1.348289e-02	5.061809e-03	-4.671612e-03	1.110693e-03	4.355480e-02	-4.433835e-02	1.127314e-02	-1.287900e-02	1.449054e-02	5.305859e-03	-1.296158e-02	
-6.982536e-02	-1.168952e-01	7.482834e-02	3.726414e-02	3.315529e-01	-2.669461e-01	2.024930e-01	-8.873463e-01	1.000000e+00	-1.657716e-01	1.665459e-01	-1.529826e-01	3.360542e-02	1.796450e-01	-2.810006e-02	-9.446377e-03	8.808424e-03	-4.676670e-03	-4.411550e-02	4.609044e-02	-3.452901e-02	4.369028e-02	-5.422003e-02	-1.185432e-02	2.949317e-02	
-2.191413e-02	3.277682e-02	-4.347547e-01	2.182236e-01	1.123584e-01	-1.313450e-01	1.504702e-01	8.184972e-02	-1.657716e-01	1.000000e+00	-9.825884e-01	9.142434e-01	-7.534634e-01	5.458683e-01	3.115747e-01	-1.994529e-03	2.757144e-03	-6.057284e-03	1.846014e-02	-1.194333e-02	1.618026e-01	-2.170048e-01	2.871491e-01	4.420937e-02	-1.114740e-01	
2.321613e-02	-4.006356e-02	5.569809e-01	-2.817302e-01	-1.615609e-01	1.856249e-01	-2.068667e-01	-6.080078e-02	1.665459e-01	-9.825884e-01	1.000000e+00	-9.728297e-01	6.964409e-01	-4.774749e-01	-3.943562e-01	-1.262653e-03	1.097507e-03	2.604361e-03	-2.456372e-02	1.863848e-02	-2.122775e-01	2.824668e-01	-3.712835e-01	-5.401749e-02	1.413260e-01	
-3.992883e-02	5.458533e-02	-6.937859e-01	3.551306e-01	2.175626e-01	-2.473671e-01	2.707428e-01	2.575694e-02	-1.529826e-01	9.142434e-01	-9.728297e-01	1.000000e+00	-5.776532e-01	3.546423e-01	4.873376e-01	4.461384e-03	-5.027830e-03	1.037024e-03	2.997391e-02	-2.476409e-02	2.701716e-01	-3.574313e-01	4.677352e-01	6.254524e-02	-1.728846e-01	
1.577492e-01	-1.075559e-01	-8.243896e-02	1.452405e-02	9.661959e-02	-1.055386e-01	1.007451e-01	-6.676981e-02	3.360542e-02	-7.534634e-01	6.964409e-01	-5.776532e-01	1.000000e+00	-9.415972e-01	4.632066e-02	1.507723e-02	-1.698991e-02	1.692453e-02	1.459092e-03	-6.782602e-03	3.186427e-02	-3.734000e-02	4.012256e-02	1.668206e-02	-2.341512e-02	
-1.337738e-01	5.488811e-02	2.583348e-01	-9.138193e-02	-1.040188e-01	1.284044e-01	-1.354623e-01	-8.375194e-02	1.796450e-01	5.458683e-01	-4.774749e-01	3.546423e-01	-9.415972e-01	1.000000e+00	-1.653661e-01	-1.745378e-02	1.923402e-02	-1.739236e-02	-1.316392e-02	1.743847e-02	-1.026141e-01	1.309266e-01	-1.627215e-01	-2.942243e-02	6.613363e-02	
6.471329e-02	-1.724573e-01	-6.778652e-01	4.966567e-01	8.413852e-02	-9.857431e-02	1.075550e-01	-1.348289e-02	-2.810006e-02	3.115747e-01	-3.943562e-01	4.873376e-01	4.632066e-02	-1.653661e-01	1.000000e+00	-5.169474e-01	5.818400e-01	-6.322724e-01	1.151279e-01	1.543665e-01	1.613889e-01	-2.173299e-01	2.915602e-01	2.733122e-02	-8.082423e-02	
5.009163e-02	9.954801e-03	-2.101114e-02	2.651304e-03	1.173993e-02	-1.265181e-02	1.147970e-02	5.061809e-03	-9.446377e-03	-1.994529e-03	-1.262653e-03	4.461384e-03	1.507723e-02	-1.745378e-02	-5.169474e-01	1.000000e+00	-9.827967e-01	9.333130e-01	-6.513972e-01	2.921912e-01	1.595931e-01	-1.894522e-01	2.177388e-01	7.405647e-03	-3.306799e-02	
-5.284645e-02	-6.418099e-03	2.388973e-02	-6.568652e-03	-1.179311e-02	1.245077e-02	-1.104828e-02	-4.671612e-03	8.808424e-03	2.757144e-03	1.097507e-03	-5.027830e-03	-1.698991e-02	1.923402e-02	5.818400e-01	-9.827967e-01	1.000000e+00	-9.830636e-01	5.901779e-01	-2.116978e-01	-1.686879e-01	2.039710e-01	-2.382968e-01	-2.027851e-02	5.547848e-02	
4.732498e-02	-4.241639e-03	-1.939004e-02	6.205409e-03	1.075237e-02	-1.126166e-02	1.009034e-02	1.110693e-03	-4.676670e-03	-6.057284e-03	2.604361e-03	1.037024e-03	1.692453e-02	-1.739236e-02	-6.322724e-01	9.333130e-01	-9.830636e-01	1.000000e+00	-5.104351e-01	1.278742e-01	1.706598e-01	-2.095141e-01	2.480475e-01	2.867986e-02	-7.010084e-02	
6.234477e-02	1.215982e-01	-3.110629e-02	2.193847e-03	5.501458e-03	-5.370465e-03	1.817328e-03	4.355480e-02	-4.411550e-02	1.846014e-02	-2.456372e-02	2.997391e-02	1.459092e-03	-1.316392e-02	1.151279e-01	-6.513972e-01	5.901779e-01	-5.104351e-01	1.000000e+00	-9.001760e-01	-4.581176e-02	5.192945e-02	-5.775724e-02	8.917642e-02	-1.598762e-01	
-7.108337e-02	-1.263397e-01	3.028654e-02	2.071966e-03	-8.649329e-03	8.439014e-03	-4.202320e-03	-4.433835e-02	4.609044e-02	-1.194333e-02	1.863848e-02	-2.476409e-02	-6.782602e-03	1.743847e-02	1.543665e-01	2.921912e-01	-2.116978e-01	1.278742e-01	-9.001760e-01	1.000000e+00	-2.462255e-02	3.178626e-02	-3.751569e-02	-1.113664e-01	2.200789e-01	
6.262603e-03	-6.940003e-03	-3.778967e-01	2.684196e-01	4.348203e-02	-5.156908e-02	5.493591e-02	1.127314e-02	-3.452901e-02	1.618026e-01	-2.122775e-01	2.701716e-01	3.186427e-02	-1.026141e-01	1.613889e-01	1.595931e-01	-1.686879e-01	1.706598e-01	-4.581176e-02	-2.462255e-02	1.000000e+00	-9.839601e-01	9.171001e-01	-7.701933e-01	6.099173e-01	
-3.250067e-03	-6.639549e-04	4.932898e-01	-3.484913e-01	-5.972011e-02	6.996038e-02	-7.410338e-02	-1.287900e-02	4.369028e-02	-2.170048e-01	2.824668e-01	-3.574313e-01	-3.734000e-02	1.309266e-01	-2.173299e-01	-1.894522e-01	2.039710e-01	-2.095141e-01	5.192945e-02	3.178626e-02	-9.839601e-01	1.000000e+00	-9.726518e-01	7.224243e-01	-5.518871e-01	
-1.818783e-02	2.239905e-02	-6.341007e-01	4.466997e-01	7.880382e-02	-9.152426e-02	9.661436e-02	1.449054e-02	-5.422003e-02	2.871491e-01	-3.712835e-01	4.677352e-01	4.012256e-02	-1.627215e-01	2.915602e-01	2.177388e-01	-2.382968e-01	2.480475e-01	-5.775724e-02	-3.751569e-02	9.171001e-01	-9.726518e-01	1.000000e+00	-6.113760e-01	4.347132e-01	
1.276665e-01	-4.642621e-02	-1.015525e-01	6.272528e-02	2.317203e-02	-2.470277e-02	2.375544e-02	5.305859e-03	-1.185432e-02	4.420937e-02	-5.401749e-02	6.254524e-02	1.668206e-02	-2.942243e-02	2.733122e-02	7.405647e-03	-2.027851e-02	2.867986e-02	8.917642e-02	-1.113664e-01	-7.701933e-01	7.224243e-01	-6.113760e-01	1.000000e+00	-9.634924e-01	
-1.124591e-01	1.199885e-02	2.453986e-01	-1.595893e-01	-4.298222e-02	4.735441e-02	-4.710237e-02	-1.296158e-02	2.949317e-02	-1.114740e-01	1.413260e-01	-1.728846e-01	-2.341512e-02	6.613363e-02	-8.082423e-02	-3.306799e-02	5.547848e-02	-7.010084e-02	-1.598762e-01	2.200789e-01	6.099173e-01	-5.518871e-01	4.347132e-01	-9.634924e-01	1.000000e+00	

Time taken for mcmc chain: 2.305556 hours
