Number of steps: 17608955
Number of accepted steps: 1000000
Burn-in number of steps: 320000
Accepted fraction of steps: 0.056789
Convergence Status
R[0]= 1.000554	R[1]= 1.000466	R[2]= 1.003486	R[3]= 1.001795	R[4]= 1.001983	R[5]= 1.001859	R[6]= 1.001626	R[7]= 1.001936	R[8]= 1.000838	R[9]= 1.000407	R[10]= 1.000742	R[11]= 1.001239	R[12]= 1.000204	R[13]= 1.000315	R[14]= 1.002257	R[15]= 1.000691	R[16]= 1.000772	R[17]= 1.000873	R[18]= 1.000094	R[19]= 1.000085	R[20]= 1.000833	R[21]= 1.000802	R[22]= 1.000822	R[23]= 1.000626	R[24]= 1.000438	
<R>= 1.001030

Mean parameters
A[0]= 9.715863e-01 pm 2.879536e-02
A[1]= 1.061143e+00 pm 2.391126e-02
A[2]= 6.010426e-01 pm 3.762072e-01
A[3]= 5.355643e+00 pm 1.482259e+00
A[4]= -3.960047e+03 pm 3.773064e+03
A[5]= 2.394825e+03 pm 2.472256e+03
A[6]= -1.829051e+02 pm 5.815571e+02
A[7]= 2.868787e+00 pm 1.342454e+01
A[8]= -4.495836e-03 pm 1.794118e-01
A[9]= 1.316678e+03 pm 8.645963e+03
A[10]= -1.230678e+03 pm 5.266188e+03
A[11]= 8.193924e+01 pm 1.131463e+03
A[12]= -3.684239e+01 pm 4.823871e+01
A[13]= 8.949615e-01 pm 9.286350e-01
A[14]= 6.826076e+00 pm 2.027740e+00
A[15]= -5.620912e+03 pm 5.087920e+03
A[16]= 4.690866e+03 pm 3.328115e+03
A[17]= -9.249382e+02 pm 7.838222e+02
A[18]= 1.833706e+00 pm 1.938050e+01
A[19]= 1.332632e-01 pm 2.578353e-01
A[20]= 8.842239e+03 pm 1.153243e+04
A[21]= -4.293057e+03 pm 6.942331e+03
A[22]= 2.400550e+02 pm 1.468816e+03
A[23]= -4.472398e+01 pm 6.725691e+01
A[24]= 4.678941e-01 pm 1.302742e+00

Best-fitting parameters
A[0]= 9.576197e-01
A[1]= 1.072335e+00
A[2]= 7.203976e-01
A[3]= 5.005904e+00
A[4]= -4.525465e+03
A[5]= 2.754654e+03
A[6]= -2.744477e+02
A[7]= 1.363285e+00
A[8]= 1.997703e-02
A[9]= -3.877385e+03
A[10]= 2.351389e+03
A[11]= -7.174161e+02
A[12]= -6.852536e+00
A[13]= 3.752772e-01
A[14]= 4.630370e+00
A[15]= -1.375251e+03
A[16]= 1.477972e+03
A[17]= -9.717418e+01
A[18]= 4.266168e-02
A[19]= 5.822084e-02
A[20]= 1.390550e+04
A[21]= -7.369046e+03
A[22]= 8.725778e+02
A[23]= -8.028467e+01
A[24]= 1.072138e+00
chi2_min= 1.061663e+02


Cross-Covariance parameters
1.000000e+00	-4.673811e-01	-1.599301e-01	7.492405e-02	4.929380e-02	-5.541714e-02	5.125912e-02	5.412919e-02	-6.127731e-02	3.406476e-03	-2.026165e-03	-1.515204e-02	1.348249e-01	-1.144989e-01	6.439352e-02	6.327253e-02	-6.439849e-02	5.698938e-02	5.215558e-02	-6.333003e-02	4.889827e-03	-2.894442e-03	-1.606861e-02	1.384136e-01	-1.254096e-01	
-4.673811e-01	1.000000e+00	1.551114e-01	-1.686644e-01	-1.280858e-02	2.116980e-02	-3.749201e-02	1.266874e-01	-1.229676e-01	1.135313e-02	-1.469296e-02	2.512868e-02	-9.239486e-02	4.212874e-02	-1.868470e-01	-6.335178e-04	2.426246e-03	-1.155489e-02	1.386798e-01	-1.434331e-01	-1.074799e-02	6.485549e-03	9.920235e-03	-6.094747e-02	3.175701e-02	
-1.599301e-01	1.551114e-01	1.000000e+00	-7.251521e-01	-2.219252e-02	2.655864e-02	-2.249876e-02	-4.066028e-02	4.532941e-02	-4.383059e-01	5.565792e-01	-6.898971e-01	-6.211735e-02	2.329570e-01	-7.022413e-01	-8.529866e-03	6.099950e-03	2.285567e-03	-2.713184e-02	1.678944e-02	-3.875277e-01	5.027638e-01	-6.428084e-01	-1.043768e-01	2.507116e-01	
7.492405e-02	-1.686644e-01	-7.251521e-01	1.000000e+00	-4.958698e-01	5.478310e-01	-5.886309e-01	2.009377e-01	5.796621e-02	2.512049e-01	-3.187085e-01	3.974016e-01	-1.892005e-03	-8.126548e-02	5.236261e-01	5.159522e-03	-3.866252e-03	-3.469537e-04	5.120768e-03	1.990273e-03	2.863392e-01	-3.699512e-01	4.723912e-01	7.198739e-02	-1.784296e-01	
4.929380e-02	-1.280858e-02	-2.219252e-02	-4.958698e-01	1.000000e+00	-9.847977e-01	9.416887e-01	-7.015313e-01	3.278284e-01	7.363723e-02	-1.112551e-01	1.537327e-01	9.049335e-02	-8.421853e-02	2.630981e-02	3.498624e-03	-5.507554e-03	6.449177e-03	9.386038e-03	-1.324441e-02	1.520094e-03	-7.474223e-03	1.400617e-02	2.776293e-02	-3.327514e-02	
-5.541714e-02	2.116980e-02	2.655864e-02	5.478310e-01	-9.847977e-01	1.000000e+00	-9.853137e-01	6.542051e-01	-2.622045e-01	-8.430663e-02	1.252325e-01	-1.715289e-01	-1.010838e-01	1.080145e-01	-3.103162e-02	-4.581124e-03	6.711010e-03	-7.669434e-03	-7.120310e-03	1.127901e-02	-3.991203e-03	1.069515e-02	-1.788547e-02	-2.741073e-02	3.318811e-02	
5.125912e-02	-3.749201e-02	-2.249876e-02	-5.886309e-01	9.416887e-01	-9.853137e-01	1.000000e+00	-5.924445e-01	1.975380e-01	9.512652e-02	-1.367819e-01	1.837533e-01	9.920454e-02	-1.156908e-01	3.154224e-02	4.132449e-03	-6.392969e-03	7.740716e-03	1.819934e-03	-5.921412e-03	3.609121e-03	-9.963075e-03	1.656040e-02	2.390701e-02	-2.834420e-02	
5.412919e-02	1.266874e-01	-4.066028e-02	2.009377e-01	-7.015313e-01	6.542051e-01	-5.924445e-01	1.000000e+00	-8.835622e-01	8.810863e-02	-6.859348e-02	3.605088e-02	-6.505833e-02	-8.761948e-02	6.764822e-04	1.298126e-02	-1.074319e-02	6.067142e-03	3.046518e-02	-3.014620e-02	2.541523e-02	-2.965219e-02	3.430408e-02	-2.018990e-03	-7.755460e-03	
-6.127731e-02	-1.229676e-01	4.532941e-02	5.796621e-02	3.278284e-01	-2.622045e-01	1.975380e-01	-8.835622e-01	1.000000e+00	-1.512511e-01	1.471613e-01	-1.288166e-01	3.433179e-02	1.746578e-01	-1.038768e-02	-1.479897e-02	1.336639e-02	-9.210214e-03	-3.047681e-02	3.193267e-02	-2.552804e-02	3.190024e-02	-3.901597e-02	-8.225053e-03	1.998577e-02	
3.406476e-03	1.135313e-02	-4.383059e-01	2.512049e-01	7.363723e-02	-8.430663e-02	9.512652e-02	8.810863e-02	-1.512511e-01	1.000000e+00	-9.830825e-01	9.163272e-01	-7.580385e-01	5.533419e-01	3.166706e-01	-8.062824e-04	2.144958e-03	-6.220695e-03	2.233527e-02	-1.549864e-02	1.672331e-01	-2.221217e-01	2.911661e-01	5.310260e-02	-1.214883e-01	
-2.026165e-03	-1.469296e-02	5.565792e-01	-3.187085e-01	-1.112551e-01	1.252325e-01	-1.367819e-01	-6.859348e-02	1.471613e-01	-9.830825e-01	1.000000e+00	-9.734029e-01	7.033160e-01	-4.880392e-01	-4.012353e-01	-6.103551e-04	-6.681042e-04	5.506337e-03	-2.795503e-02	2.085606e-02	-2.168557e-01	2.867765e-01	-3.743718e-01	-6.343238e-02	1.515472e-01	
-1.515204e-02	2.512868e-02	-6.898971e-01	3.974016e-01	1.537327e-01	-1.715289e-01	1.837533e-01	3.605088e-02	-1.288166e-01	9.163272e-01	-9.734029e-01	1.000000e+00	-5.872408e-01	3.682685e-01	4.974713e-01	1.216191e-03	-1.012715e-04	-5.391031e-03	3.329708e-02	-2.592408e-02	2.744322e-01	-3.616700e-01	4.708301e-01	7.252973e-02	-1.837333e-01	
1.348249e-01	-9.239486e-02	-6.211735e-02	-1.892005e-03	9.049335e-02	-1.010838e-01	9.920454e-02	-6.505833e-02	3.433179e-02	-7.580385e-01	7.033160e-01	-5.872408e-01	1.000000e+00	-9.419194e-01	4.017500e-02	1.512790e-02	-1.642131e-02	1.626684e-02	-3.038875e-03	-2.428597e-03	2.510578e-02	-2.995388e-02	3.287180e-02	1.759805e-02	-2.340675e-02	
-1.144989e-01	4.212874e-02	2.329570e-01	-8.126548e-02	-8.421853e-02	1.080145e-01	-1.156908e-01	-8.761948e-02	1.746578e-01	5.533419e-01	-4.880392e-01	3.682685e-01	-9.419194e-01	1.000000e+00	-1.603180e-01	-1.726038e-02	1.800148e-02	-1.576023e-02	-1.014864e-02	1.385641e-02	-9.528809e-02	1.227954e-01	-1.545340e-01	-3.496673e-02	7.039088e-02	
6.439352e-02	-1.868470e-01	-7.022413e-01	5.236261e-01	2.630981e-02	-3.103162e-02	3.154224e-02	6.764822e-04	-1.038768e-02	3.166706e-01	-4.012353e-01	4.974713e-01	4.017500e-02	-1.603180e-01	1.000000e+00	-5.026364e-01	5.708949e-01	-6.241755e-01	1.074834e-01	1.543750e-01	1.741510e-01	-2.349112e-01	3.154282e-01	4.610807e-02	-1.055541e-01	
6.327253e-02	-6.335178e-04	-8.529866e-03	5.159522e-03	3.498624e-03	-4.581124e-03	4.132449e-03	1.298126e-02	-1.479897e-02	-8.062824e-04	-6.103551e-04	1.216191e-03	1.512790e-02	-1.726038e-02	-5.026364e-01	1.000000e+00	-9.825932e-01	9.325450e-01	-6.525337e-01	3.006072e-01	1.613428e-01	-1.885118e-01	2.119257e-01	-7.933661e-03	-1.454591e-02	
-6.439849e-02	2.426246e-03	6.099950e-03	-3.866252e-03	-5.507554e-03	6.711010e-03	-6.392969e-03	-1.074319e-02	1.336639e-02	2.144958e-03	-6.681042e-04	-1.012715e-04	-1.642131e-02	1.800148e-02	5.708949e-01	-9.825932e-01	1.000000e+00	-9.828694e-01	5.904818e-01	-2.189532e-01	-1.676908e-01	1.994111e-01	-2.278491e-01	-5.231792e-03	3.708910e-02	
5.698938e-02	-1.155489e-02	2.285567e-03	-3.469537e-04	6.449177e-03	-7.669434e-03	7.740716e-03	6.067142e-03	-9.210214e-03	-6.220695e-03	5.506337e-03	-5.391031e-03	1.626684e-02	-1.576023e-02	-6.241755e-01	9.325450e-01	-9.828694e-01	1.000000e+00	-5.099142e-01	1.338385e-01	1.675574e-01	-2.020805e-01	2.338677e-01	1.417197e-02	-5.239580e-02	
5.215558e-02	1.386798e-01	-2.713184e-02	5.120768e-03	9.386038e-03	-7.120310e-03	1.819934e-03	3.046518e-02	-3.047681e-02	2.233527e-02	-2.795503e-02	3.329708e-02	-3.038875e-03	-1.014864e-02	1.074834e-01	-6.525337e-01	5.904818e-01	-5.099142e-01	1.000000e+00	-9.035999e-01	-4.469406e-02	4.972727e-02	-5.371612e-02	9.200952e-02	-1.649644e-01	
-6.333003e-02	-1.434331e-01	1.678944e-02	1.990273e-03	-1.324441e-02	1.127901e-02	-5.921412e-03	-3.014620e-02	3.193267e-02	-1.549864e-02	2.085606e-02	-2.592408e-02	-2.428597e-03	1.385641e-02	1.543750e-01	3.006072e-01	-2.189532e-01	1.338385e-01	-9.035999e-01	1.000000e+00	-2.440656e-02	3.099495e-02	-3.603395e-02	-1.068875e-01	2.160426e-01	
4.889827e-03	-1.074799e-02	-3.875277e-01	2.863392e-01	1.520094e-03	-3.991203e-03	3.609121e-03	2.541523e-02	-2.552804e-02	1.672331e-01	-2.168557e-01	2.744322e-01	2.510578e-02	-9.528809e-02	1.741510e-01	1.613428e-01	-1.676908e-01	1.675574e-01	-4.469406e-02	-2.440656e-02	1.000000e+00	-9.838866e-01	9.172385e-01	-7.631482e-01	6.007258e-01	
-2.894442e-03	6.485549e-03	5.027638e-01	-3.699512e-01	-7.474223e-03	1.069515e-02	-9.963075e-03	-2.965219e-02	3.190024e-02	-2.221217e-01	2.867765e-01	-3.616700e-01	-2.995388e-02	1.227954e-01	-2.349112e-01	-1.885118e-01	1.994111e-01	-2.020805e-01	4.972727e-02	3.099495e-02	-9.838866e-01	1.000000e+00	-9.728312e-01	7.146487e-01	-5.414260e-01	
-1.606861e-02	9.920235e-03	-6.428084e-01	4.723912e-01	1.400617e-02	-1.788547e-02	1.656040e-02	3.430408e-02	-3.901597e-02	2.911661e-01	-3.743718e-01	4.708301e-01	3.287180e-02	-1.545340e-01	3.154282e-01	2.119257e-01	-2.278491e-01	2.338677e-01	-5.371612e-02	-3.603395e-02	9.172385e-01	-9.728312e-01	1.000000e+00	-6.030176e-01	4.233434e-01	
1.384136e-01	-6.094747e-02	-1.043768e-01	7.198739e-02	2.776293e-02	-2.741073e-02	2.390701e-02	-2.018990e-03	-8.225053e-03	5.310260e-02	-6.343238e-02	7.252973e-02	1.759805e-02	-3.496673e-02	4.610807e-02	-7.933661e-03	-5.231792e-03	1.417197e-02	9.200952e-02	-1.068875e-01	-7.631482e-01	7.146487e-01	-6.030176e-01	1.000000e+00	-9.631178e-01	
-1.254096e-01	3.175701e-02	2.507116e-01	-1.784296e-01	-3.327514e-02	3.318811e-02	-2.834420e-02	-7.755460e-03	1.998577e-02	-1.214883e-01	1.515472e-01	-1.837333e-01	-2.340675e-02	7.039088e-02	-1.055541e-01	-1.454591e-02	3.708910e-02	-5.239580e-02	-1.649644e-01	2.160426e-01	6.007258e-01	-5.414260e-01	4.233434e-01	-9.631178e-01	1.000000e+00	

Time taken for mcmc chain: 1.965278 hours
