Number of steps: 20733390
Number of accepted steps: 1000000
Burn-in number of steps: 320000
Accepted fraction of steps: 0.048231
Convergence Status
R[0]= 1.000393	R[1]= 1.000648	R[2]= 1.004095	R[3]= 1.007626	R[4]= 1.003265	R[5]= 1.004020	R[6]= 1.004517	R[7]= 1.000848	R[8]= 1.000171	R[9]= 1.000634	R[10]= 1.001103	R[11]= 1.001788	R[12]= 1.000125	R[13]= 1.000079	R[14]= 1.007509	R[15]= 1.003962	R[16]= 1.004595	R[17]= 1.005036	R[18]= 1.000889	R[19]= 1.000251	R[20]= 1.000738	R[21]= 1.001149	R[22]= 1.001635	R[23]= 1.000305	R[24]= 1.000208	
<R>= 1.002224

Mean parameters
A[0]= 9.712621e-01 pm 2.906265e-02
A[1]= 1.061299e+00 pm 2.414276e-02
A[2]= 6.117926e-01 pm 3.837742e-01
A[3]= 5.313665e+00 pm 1.449165e+00
A[4]= -3.892324e+03 pm 3.715782e+03
A[5]= 2.357803e+03 pm 2.435164e+03
A[6]= -1.760354e+02 pm 5.727030e+02
A[7]= 2.590394e+00 pm 1.316786e+01
A[8]= -1.123937e-03 pm 1.772103e-01
A[9]= 1.213778e+03 pm 8.617048e+03
A[10]= -1.150702e+03 pm 5.259125e+03
A[11]= 5.967618e+01 pm 1.134526e+03
A[12]= -3.707756e+01 pm 4.825923e+01
A[13]= 9.035144e-01 pm 9.352207e-01
A[14]= 6.762143e+00 pm 2.022668e+00
A[15]= -5.569772e+03 pm 5.152686e+03
A[16]= 4.651821e+03 pm 3.378626e+03
A[17]= -9.140330e+02 pm 7.968426e+02
A[18]= 1.820895e+00 pm 1.915227e+01
A[19]= 1.315662e-01 pm 2.541310e-01
A[20]= 8.780608e+03 pm 1.146559e+04
A[21]= -4.238096e+03 pm 6.910452e+03
A[22]= 2.231419e+02 pm 1.464365e+03
A[23]= -4.491289e+01 pm 6.685475e+01
A[24]= 4.730249e-01 pm 1.295812e+00

Best-fitting parameters
A[0]= 9.535452e-01
A[1]= 1.067926e+00
A[2]= 6.511576e-01
A[3]= 4.971846e+00
A[4]= -4.127410e+03
A[5]= 2.577990e+03
A[6]= -2.276323e+02
A[7]= 8.407272e+00
A[8]= -1.014123e-01
A[9]= 7.084807e+03
A[10]= -4.279366e+03
A[11]= 5.667783e+02
A[12]= -7.119017e+01
A[13]= 1.303445e+00
A[14]= 5.973097e+00
A[15]= -3.404362e+03
A[16]= 3.245998e+03
A[17]= -6.068429e+02
A[18]= -2.785896e+00
A[19]= 1.070136e-01
A[20]= 6.791001e+03
A[21]= -2.968504e+03
A[22]= -2.827172e+01
A[23]= -3.533797e+01
A[24]= 3.693950e-01
chi2_min= 1.057768e+02


Cross-Covariance parameters
1.000000e+00	-4.770089e-01	-1.795959e-01	1.001405e-01	4.338773e-02	-4.799615e-02	4.205645e-02	6.492993e-02	-7.057408e-02	-5.772630e-03	3.169251e-03	-1.506858e-02	1.538885e-01	-1.342894e-01	8.124865e-02	5.545399e-02	-5.761436e-02	5.122673e-02	5.501872e-02	-6.211594e-02	6.000700e-03	-6.064476e-03	-1.015471e-02	1.468754e-01	-1.343796e-01	
-4.770089e-01	1.000000e+00	1.509291e-01	-1.760503e-01	-3.156013e-03	1.318753e-02	-3.159530e-02	1.121008e-01	-1.074592e-01	1.817925e-03	-5.947716e-03	1.802078e-02	-8.718590e-02	4.109149e-02	-1.861365e-01	9.139842e-04	3.130402e-03	-1.404155e-02	1.389066e-01	-1.454480e-01	5.641953e-03	-8.206220e-03	2.152851e-02	-7.799955e-02	4.428221e-02	
-1.795959e-01	1.509291e-01	1.000000e+00	-7.248754e-01	-4.274787e-02	5.076384e-02	-4.994773e-02	-4.192548e-02	5.367657e-02	-4.366556e-01	5.556484e-01	-6.888470e-01	-8.681540e-02	2.583552e-01	-7.010598e-01	-8.006684e-03	4.339732e-03	6.162948e-03	-3.826492e-02	2.939696e-02	-3.785081e-01	4.939135e-01	-6.336154e-01	-1.146053e-01	2.626842e-01	
1.001405e-01	-1.760503e-01	-7.248754e-01	1.000000e+00	-4.797639e-01	5.287957e-01	-5.672226e-01	1.938933e-01	6.204433e-02	2.475614e-01	-3.140754e-01	3.909559e-01	1.992832e-02	-1.027172e-01	5.369052e-01	-4.059134e-03	8.448431e-03	-1.635944e-02	9.906741e-03	3.686243e-04	2.653879e-01	-3.503575e-01	4.540775e-01	8.918537e-02	-1.944205e-01	
4.338773e-02	-3.156013e-03	-4.274787e-02	-4.797639e-01	1.000000e+00	-9.846024e-01	9.406392e-01	-6.883619e-01	3.039424e-01	8.509758e-02	-1.274180e-01	1.748003e-01	8.604604e-02	-8.699423e-02	2.309777e-02	2.612042e-02	-3.027277e-02	3.298663e-02	2.346044e-03	-1.412874e-02	4.554463e-02	-5.290718e-02	5.993580e-02	7.345104e-04	-1.438574e-02	
-4.799615e-02	1.318753e-02	5.076384e-02	5.287957e-01	-9.846024e-01	1.000000e+00	-9.849529e-01	6.420804e-01	-2.400937e-01	-9.924735e-02	1.455760e-01	-1.973596e-01	-9.400175e-02	1.082545e-01	-2.846181e-02	-2.988093e-02	3.442511e-02	-3.742034e-02	1.694917e-03	1.139644e-02	-5.160843e-02	5.990373e-02	-6.791941e-02	-1.158710e-04	1.486969e-02	
4.205645e-02	-3.159530e-02	-4.994773e-02	-5.672226e-01	9.406392e-01	-9.849529e-01	1.000000e+00	-5.812940e-01	1.776250e-01	1.137984e-01	-1.613903e-01	2.142327e-01	8.885566e-02	-1.127768e-01	2.987576e-02	3.132056e-02	-3.621036e-02	3.982612e-02	-8.944395e-03	-4.770346e-03	5.264634e-02	-6.074841e-02	6.857089e-02	-1.902281e-03	-1.197561e-02	
6.492993e-02	1.121008e-01	-4.192548e-02	1.938933e-01	-6.883619e-01	6.420804e-01	-5.812940e-01	1.000000e+00	-8.799218e-01	8.425107e-02	-6.314147e-02	2.949238e-02	-5.241004e-02	-9.664995e-02	1.056609e-02	-7.426924e-03	9.005141e-03	-1.338007e-02	4.233182e-02	-3.743655e-02	4.106183e-03	-8.490027e-03	1.406457e-02	1.444182e-02	-2.268162e-02	
-7.057408e-02	-1.074592e-01	5.367657e-02	6.204433e-02	3.039424e-01	-2.400937e-01	1.776250e-01	-8.799218e-01	1.000000e+00	-1.530558e-01	1.493381e-01	-1.319163e-01	2.282507e-02	1.836440e-01	-1.666272e-02	-4.960254e-03	5.940369e-03	-3.601478e-03	-3.757583e-02	3.836039e-02	-2.491936e-02	3.202563e-02	-4.023662e-02	-9.691105e-03	2.331929e-02	
-5.772630e-03	1.817925e-03	-4.366556e-01	2.475614e-01	8.509758e-02	-9.924735e-02	1.137984e-01	8.425107e-02	-1.530558e-01	1.000000e+00	-9.827833e-01	9.153704e-01	-7.493167e-01	5.423088e-01	3.161704e-01	2.812131e-03	-2.345904e-03	-1.030275e-03	1.587427e-02	-1.205102e-02	1.789151e-01	-2.334413e-01	3.013531e-01	4.294567e-02	-1.155579e-01	
3.169251e-03	-5.947716e-03	5.556484e-01	-3.140754e-01	-1.274180e-01	1.455760e-01	-1.613903e-01	-6.314147e-02	1.493381e-01	-9.827833e-01	1.000000e+00	-9.732442e-01	6.912374e-01	-4.738238e-01	-3.987903e-01	-9.119300e-03	8.514197e-03	-3.914839e-03	-1.906536e-02	1.705876e-02	-2.309141e-01	3.004822e-01	-3.867790e-01	-5.255972e-02	1.454165e-01	
-1.506858e-02	1.802078e-02	-6.888470e-01	3.909559e-01	1.748003e-01	-1.973596e-01	2.142327e-01	2.949238e-02	-1.319163e-01	9.153704e-01	-9.732442e-01	1.000000e+00	-5.717097e-01	3.510803e-01	4.919913e-01	1.509374e-02	-1.430079e-02	8.413669e-03	2.239914e-02	-2.227167e-02	2.905434e-01	-3.772849e-01	4.847800e-01	6.080677e-02	-1.770579e-01	
1.538885e-01	-8.718590e-02	-8.681540e-02	1.992832e-02	8.604604e-02	-9.400175e-02	8.885566e-02	-5.241004e-02	2.282507e-02	-7.493167e-01	6.912374e-01	-5.717097e-01	1.000000e+00	-9.427605e-01	5.522583e-02	1.033770e-02	-1.067991e-02	9.398597e-03	1.264981e-02	-1.508487e-02	2.840513e-02	-3.583870e-02	4.197676e-02	2.552998e-02	-3.423618e-02	
-1.342894e-01	4.109149e-02	2.583552e-01	-1.027172e-01	-8.699423e-02	1.082545e-01	-1.127768e-01	-9.664995e-02	1.836440e-01	5.423088e-01	-4.738238e-01	3.510803e-01	-9.427605e-01	1.000000e+00	-1.735004e-01	-1.418052e-02	1.443087e-02	-1.124206e-02	-2.509616e-02	2.768716e-02	-1.012080e-01	1.312014e-01	-1.658258e-01	-4.055829e-02	8.062747e-02	
8.124865e-02	-1.861365e-01	-7.010598e-01	5.369052e-01	2.309777e-02	-2.846181e-02	2.987576e-02	1.056609e-02	-1.666272e-02	3.161704e-01	-3.987903e-01	4.919913e-01	5.522583e-02	-1.735004e-01	1.000000e+00	-5.058665e-01	5.722690e-01	-6.247673e-01	1.206410e-01	1.465461e-01	1.717572e-01	-2.311962e-01	3.093057e-01	4.304411e-02	-1.033159e-01	
5.545399e-02	9.139842e-04	-8.006684e-03	-4.059134e-03	2.612042e-02	-2.988093e-02	3.132056e-02	-7.426924e-03	-4.960254e-03	2.812131e-03	-9.119300e-03	1.509374e-02	1.033770e-02	-1.418052e-02	-5.058665e-01	1.000000e+00	-9.832551e-01	9.351349e-01	-6.548781e-01	2.919844e-01	1.585122e-01	-1.896606e-01	2.184794e-01	1.228838e-02	-3.964889e-02	
-5.761436e-02	3.130402e-03	4.339732e-03	8.448431e-03	-3.027277e-02	3.442511e-02	-3.621036e-02	9.005141e-03	5.940369e-03	-2.345904e-03	8.514197e-03	-1.430079e-02	-1.067991e-02	1.443087e-02	5.722690e-01	-9.832551e-01	1.000000e+00	-9.835338e-01	5.951051e-01	-2.128277e-01	-1.655345e-01	2.007929e-01	-2.341110e-01	-2.444633e-02	6.048534e-02	
5.122673e-02	-1.404155e-02	6.162948e-03	-1.635944e-02	3.298663e-02	-3.742034e-02	3.982612e-02	-1.338007e-02	-3.601478e-03	-1.030275e-03	-3.914839e-03	8.413669e-03	9.398597e-03	-1.124206e-02	-6.247673e-01	9.351349e-01	-9.835338e-01	1.000000e+00	-5.181382e-01	1.316804e-01	1.655172e-01	-2.030086e-01	2.390168e-01	3.210154e-02	-7.336866e-02	
5.501872e-02	1.389066e-01	-3.826492e-02	9.906741e-03	2.346044e-03	1.694917e-03	-8.944395e-03	4.233182e-02	-3.757583e-02	1.587427e-02	-1.906536e-02	2.239914e-02	1.264981e-02	-2.509616e-02	1.206410e-01	-6.548781e-01	5.951051e-01	-5.181382e-01	1.000000e+00	-8.977105e-01	-3.350952e-02	4.129797e-02	-4.924139e-02	7.180712e-02	-1.428477e-01	
-6.211594e-02	-1.454480e-01	2.939696e-02	3.686243e-04	-1.412874e-02	1.139644e-02	-4.770346e-03	-3.743655e-02	3.836039e-02	-1.205102e-02	1.705876e-02	-2.227167e-02	-1.508487e-02	2.768716e-02	1.465461e-01	2.919844e-01	-2.128277e-01	1.316804e-01	-8.977105e-01	1.000000e+00	-3.907000e-02	4.457812e-02	-4.773221e-02	-9.330908e-02	2.041343e-01	
6.000700e-03	5.641953e-03	-3.785081e-01	2.653879e-01	4.554463e-02	-5.160843e-02	5.264634e-02	4.106183e-03	-2.491936e-02	1.789151e-01	-2.309141e-01	2.905434e-01	2.840513e-02	-1.012080e-01	1.717572e-01	1.585122e-01	-1.655345e-01	1.655172e-01	-3.350952e-02	-3.907000e-02	1.000000e+00	-9.837961e-01	9.170580e-01	-7.581192e-01	5.912185e-01	
-6.064476e-03	-8.206220e-03	4.939135e-01	-3.503575e-01	-5.290718e-02	5.990373e-02	-6.074841e-02	-8.490027e-03	3.202563e-02	-2.334413e-01	3.004822e-01	-3.772849e-01	-3.583870e-02	1.312014e-01	-2.311962e-01	-1.896606e-01	2.007929e-01	-2.030086e-01	4.129797e-02	4.457812e-02	-9.837961e-01	1.000000e+00	-9.728450e-01	7.079066e-01	-5.300069e-01	
-1.015471e-02	2.152851e-02	-6.336154e-01	4.540775e-01	5.993580e-02	-6.791941e-02	6.857089e-02	1.406457e-02	-4.023662e-02	3.013531e-01	-3.867790e-01	4.847800e-01	4.197676e-02	-1.658258e-01	3.093057e-01	2.184794e-01	-2.341110e-01	2.390168e-01	-4.924139e-02	-4.773221e-02	9.170580e-01	-9.728450e-01	1.000000e+00	-5.945207e-01	4.100302e-01	
1.468754e-01	-7.799955e-02	-1.146053e-01	8.918537e-02	7.345104e-04	-1.158710e-04	-1.902281e-03	1.444182e-02	-9.691105e-03	4.294567e-02	-5.255972e-02	6.080677e-02	2.552998e-02	-4.055829e-02	4.304411e-02	1.228838e-02	-2.444633e-02	3.210154e-02	7.180712e-02	-9.330908e-02	-7.581192e-01	7.079066e-01	-5.945207e-01	1.000000e+00	-9.620831e-01	
-1.343796e-01	4.428221e-02	2.626842e-01	-1.944205e-01	-1.438574e-02	1.486969e-02	-1.197561e-02	-2.268162e-02	2.331929e-02	-1.155579e-01	1.454165e-01	-1.770579e-01	-3.423618e-02	8.062747e-02	-1.033159e-01	-3.964889e-02	6.048534e-02	-7.336866e-02	-1.428477e-01	2.041343e-01	5.912185e-01	-5.300069e-01	4.100302e-01	-9.620831e-01	1.000000e+00	

Time taken for mcmc chain: 1.624167 hours
