Number of steps: 37332588
Number of accepted steps: 1000000
Burn-in number of steps: 320000
Accepted fraction of steps: 0.026786
Convergence Status
R[0]= 1.000326	R[1]= 1.001733	R[2]= 1.002346	R[3]= 1.010616	R[4]= 1.010346	R[5]= 1.013324	R[6]= 1.016067	R[7]= 1.001453	R[8]= 1.001854	R[9]= 1.002787	R[10]= 1.004914	R[11]= 1.007850	R[12]= 1.000376	R[13]= 1.001557	R[14]= 1.043314	R[15]= 1.018406	R[16]= 1.023207	R[17]= 1.027324	R[18]= 1.001004	R[19]= 1.002481	R[20]= 1.000448	R[21]= 1.000872	R[22]= 1.001690	R[23]= 1.000476	R[24]= 1.000974	
<R>= 1.007830

Mean parameters
A[0]= 9.708265e-01 pm 2.893111e-02
A[1]= 1.061662e+00 pm 2.456712e-02
A[2]= 6.315767e-01 pm 4.202152e-01
A[3]= 5.385406e+00 pm 1.633091e+00
A[4]= -4.165746e+03 pm 3.812502e+03
A[5]= 2.554293e+03 pm 2.509464e+03
A[6]= -2.245269e+02 pm 5.922720e+02
A[7]= 2.985172e+00 pm 1.331836e+01
A[8]= -2.289837e-05 pm 1.775711e-01
A[9]= 1.115421e+03 pm 8.685844e+03
A[10]= -1.058896e+03 pm 5.335551e+03
A[11]= 3.264654e+01 pm 1.162380e+03
A[12]= -3.781264e+01 pm 4.780555e+01
A[13]= 9.264016e-01 pm 9.282741e-01
A[14]= 6.625681e+00 pm 2.208121e+00
A[15]= -5.193910e+03 pm 5.343582e+03
A[16]= 4.390876e+03 pm 3.533927e+03
A[17]= -8.508184e+02 pm 8.386452e+02
A[18]= 9.859838e-01 pm 1.942687e+01
A[19]= 1.352626e-01 pm 2.581596e-01
A[20]= 8.703799e+03 pm 1.152647e+04
A[21]= -4.192829e+03 pm 6.975906e+03
A[22]= 2.144855e+02 pm 1.486910e+03
A[23]= -4.441221e+01 pm 6.643960e+01
A[24]= 4.679421e-01 pm 1.293044e+00

Best-fitting parameters
A[0]= 9.831706e-01
A[1]= 1.045633e+00
A[2]= 8.201507e-01
A[3]= 4.723729e+00
A[4]= -5.227802e+03
A[5]= 3.230765e+03
A[6]= -3.681478e+02
A[7]= 9.358261e+00
A[8]= -9.997045e-02
A[9]= -1.772645e+03
A[10]= 1.468551e+03
A[11]= -6.950888e+02
A[12]= -3.237770e+01
A[13]= 9.257259e-01
A[14]= 6.460080e+00
A[15]= -6.364041e+03
A[16]= 5.312107e+03
A[17]= -1.113740e+03
A[18]= -9.253978e+00
A[19]= 3.547952e-01
A[20]= 7.480320e+03
A[21]= -2.577453e+03
A[22]= -4.123694e+02
A[23]= -7.871741e+01
A[24]= 1.432560e+00
chi2_min= 1.056435e+02


Cross-Covariance parameters
1.000000e+00	-4.793095e-01	-1.921757e-01	1.274419e-01	1.380866e-02	-1.552284e-02	7.742203e-03	7.818686e-02	-7.007711e-02	3.603141e-03	-5.684466e-03	-6.562917e-03	1.576115e-01	-1.397552e-01	7.860658e-02	5.927123e-02	-6.058603e-02	5.391721e-02	6.079427e-02	-7.240909e-02	2.536168e-02	-2.824891e-02	1.445430e-02	1.315648e-01	-1.248610e-01	
-4.793095e-01	1.000000e+00	1.996439e-01	-2.343110e-01	2.255179e-02	-1.752086e-02	4.558633e-03	1.084983e-01	-1.205504e-01	-2.063803e-02	2.337006e-02	-1.892093e-02	-9.264038e-02	5.321649e-02	-2.269269e-01	2.577039e-02	-2.453634e-02	1.643349e-02	1.114185e-01	-1.285566e-01	-3.715195e-02	3.933849e-02	-3.121145e-02	-5.574689e-02	3.220865e-02	
-1.921757e-01	1.996439e-01	1.000000e+00	-7.517959e-01	2.657553e-02	-2.899704e-02	3.827314e-02	-6.243597e-02	4.097696e-02	-4.536185e-01	5.715985e-01	-6.998137e-01	-7.857333e-02	2.546864e-01	-6.861855e-01	1.637044e-02	-2.250505e-02	3.311979e-02	-3.796352e-02	1.235727e-02	-3.937740e-01	5.083901e-01	-6.444854e-01	-1.068260e-01	2.540220e-01	
1.274419e-01	-2.343110e-01	-7.517959e-01	1.000000e+00	-5.061806e-01	5.573078e-01	-5.970404e-01	2.043306e-01	6.769256e-02	2.785817e-01	-3.527553e-01	4.361289e-01	2.556028e-02	-1.179165e-01	5.465331e-01	-1.027762e-02	1.231988e-02	-1.674531e-02	7.886850e-03	7.443432e-03	3.037603e-01	-3.937056e-01	5.013599e-01	8.706199e-02	-1.979644e-01	
1.380866e-02	2.255179e-02	2.657553e-02	-5.061806e-01	1.000000e+00	-9.851692e-01	9.433378e-01	-6.958697e-01	3.057778e-01	7.427536e-02	-1.056436e-01	1.386469e-01	6.556182e-02	-5.958885e-02	-4.946778e-04	-4.083326e-04	2.123445e-03	-4.257227e-03	8.713081e-04	1.876559e-03	-3.206783e-03	3.513335e-03	-4.686745e-03	-1.743736e-03	1.335969e-03	
-1.552284e-02	-1.752086e-02	-2.899704e-02	5.573078e-01	-9.851692e-01	1.000000e+00	-9.857930e-01	6.483299e-01	-2.392776e-01	-8.212695e-02	1.163657e-01	-1.525369e-01	-7.489959e-02	8.130808e-02	1.462363e-03	-1.450361e-03	-2.685330e-04	2.456642e-03	2.380679e-05	-1.972304e-03	1.559067e-03	-2.332079e-03	4.211422e-03	2.191569e-03	-1.468772e-03	
7.742203e-03	4.558633e-03	3.827314e-02	-5.970404e-01	9.433378e-01	-9.857930e-01	1.000000e+00	-5.870954e-01	1.746204e-01	9.070291e-02	-1.253729e-01	1.618178e-01	7.188088e-02	-8.726423e-02	-5.515220e-03	1.997639e-03	-4.254899e-04	-1.361779e-03	-3.945088e-03	5.313177e-03	-2.632976e-03	4.825460e-03	-8.411132e-03	-4.592751e-03	5.009016e-03	
7.818686e-02	1.084983e-01	-6.243597e-02	2.043306e-01	-6.958697e-01	6.483299e-01	-5.870954e-01	1.000000e+00	-8.764159e-01	7.391268e-02	-5.720063e-02	2.989869e-02	-3.868755e-02	-1.101141e-01	-7.683449e-03	2.679312e-02	-2.889680e-02	2.780263e-02	3.989470e-02	-5.129487e-02	2.984612e-02	-3.615686e-02	4.273888e-02	1.699490e-02	-3.192811e-02	
-7.007711e-02	-1.205504e-01	4.097696e-02	6.769256e-02	3.057778e-01	-2.392776e-01	1.746204e-01	-8.764159e-01	1.000000e+00	-1.343219e-01	1.306069e-01	-1.137158e-01	1.618588e-02	1.873454e-01	1.433750e-02	-2.760620e-02	2.910627e-02	-2.743344e-02	-3.912124e-02	5.028981e-02	-2.816481e-02	3.323802e-02	-3.803901e-02	-1.289473e-02	2.780440e-02	
3.603141e-03	-2.063803e-02	-4.536185e-01	2.785817e-01	7.427536e-02	-8.212695e-02	9.070291e-02	7.391268e-02	-1.343219e-01	1.000000e+00	-9.824062e-01	9.148008e-01	-7.379772e-01	5.255754e-01	3.354208e-01	-1.163762e-02	1.502094e-02	-1.988353e-02	1.695729e-02	-2.077473e-03	2.087636e-01	-2.653410e-01	3.335686e-01	2.941782e-02	-1.070659e-01	
-5.684466e-03	2.337006e-02	5.715985e-01	-3.527553e-01	-1.056436e-01	1.163657e-01	-1.253729e-01	-5.720063e-02	1.306069e-01	-9.824062e-01	1.000000e+00	-9.734041e-01	6.760052e-01	-4.523512e-01	-4.190622e-01	1.134331e-02	-1.503764e-02	2.097285e-02	-2.211959e-02	6.010210e-03	-2.587833e-01	3.307240e-01	-4.176515e-01	-4.241098e-02	1.402094e-01	
-6.562917e-03	-1.892093e-02	-6.998137e-01	4.361289e-01	1.386469e-01	-1.525369e-01	1.618178e-01	2.989869e-02	-1.137158e-01	9.148008e-01	-9.734041e-01	1.000000e+00	-5.537774e-01	3.265027e-01	5.103124e-01	-1.130784e-02	1.536992e-02	-2.243061e-02	2.685572e-02	-9.440277e-03	3.131996e-01	-4.022224e-01	5.102666e-01	5.580327e-02	-1.759890e-01	
1.576115e-01	-9.264038e-02	-7.857333e-02	2.556028e-02	6.556182e-02	-7.489959e-02	7.188088e-02	-3.868755e-02	1.618588e-02	-7.379772e-01	6.760052e-01	-5.537774e-01	1.000000e+00	-9.412402e-01	4.020074e-02	2.134347e-02	-2.221583e-02	2.072534e-02	4.595979e-03	-1.294787e-02	1.514527e-02	-2.209652e-02	2.847193e-02	4.118808e-02	-4.736735e-02	
-1.397552e-01	5.321649e-02	2.546864e-01	-1.179165e-01	-5.958885e-02	8.130808e-02	-8.726423e-02	-1.101141e-01	1.873454e-01	5.255754e-01	-4.523512e-01	3.265027e-01	-9.412402e-01	1.000000e+00	-1.612829e-01	-2.350415e-02	2.334743e-02	-1.948248e-02	-1.603908e-02	2.210675e-02	-9.593714e-02	1.260481e-01	-1.609689e-01	-5.550510e-02	9.457754e-02	
7.860658e-02	-2.269269e-01	-6.861855e-01	5.465331e-01	-4.946778e-04	1.462363e-03	-5.515220e-03	-7.683449e-03	1.433750e-02	3.354208e-01	-4.190622e-01	5.103124e-01	4.020074e-02	-1.612829e-01	1.000000e+00	-5.382904e-01	6.025731e-01	-6.513687e-01	1.261196e-01	1.661344e-01	1.927787e-01	-2.532843e-01	3.318205e-01	3.269966e-02	-9.223486e-02	
5.927123e-02	2.577039e-02	1.637044e-02	-1.027762e-02	-4.083326e-04	-1.450361e-03	1.997639e-03	2.679312e-02	-2.760620e-02	-1.163762e-02	1.134331e-02	-1.130784e-02	2.134347e-02	-2.350415e-02	-5.382904e-01	1.000000e+00	-9.841252e-01	9.394160e-01	-6.435710e-01	2.604430e-01	1.436758e-01	-1.725565e-01	1.976426e-01	1.474825e-02	-4.110588e-02	
-6.058603e-02	-2.453634e-02	-2.250505e-02	1.231988e-02	2.123445e-03	-2.685330e-04	-4.254899e-04	-2.889680e-02	2.910627e-02	1.502094e-02	-1.503764e-02	1.536992e-02	-2.221583e-02	2.334743e-02	6.025731e-01	-9.841252e-01	1.000000e+00	-9.848894e-01	5.824568e-01	-1.803491e-01	-1.475053e-01	1.801111e-01	-2.091569e-01	-2.847411e-02	6.334588e-02	
5.391721e-02	1.643349e-02	3.311979e-02	-1.674531e-02	-4.257227e-03	2.456642e-03	-1.361779e-03	2.780263e-02	-2.743344e-02	-1.988353e-02	2.097285e-02	-2.243061e-02	2.072534e-02	-1.948248e-02	-6.513687e-01	9.394160e-01	-9.848894e-01	1.000000e+00	-5.064073e-01	1.001457e-01	1.457912e-01	-1.804120e-01	2.118463e-01	3.769620e-02	-7.804164e-02	
6.079427e-02	1.114185e-01	-3.796352e-02	7.886850e-03	8.713081e-04	2.380679e-05	-3.945088e-03	3.989470e-02	-3.912124e-02	1.695729e-02	-2.211959e-02	2.685572e-02	4.595979e-03	-1.603908e-02	1.261196e-01	-6.435710e-01	5.824568e-01	-5.064073e-01	1.000000e+00	-8.912064e-01	-3.152299e-02	3.946878e-02	-4.782348e-02	7.736604e-02	-1.499730e-01	
-7.240909e-02	-1.285566e-01	1.235727e-02	7.443432e-03	1.876559e-03	-1.972304e-03	5.313177e-03	-5.129487e-02	5.028981e-02	-2.077473e-03	6.010210e-03	-9.440277e-03	-1.294787e-02	2.210675e-02	1.661344e-01	2.604430e-01	-1.803491e-01	1.001457e-01	-8.912064e-01	1.000000e+00	-3.189360e-02	3.631770e-02	-3.734792e-02	-1.032499e-01	2.143041e-01	
2.536168e-02	-3.715195e-02	-3.937740e-01	3.037603e-01	-3.206783e-03	1.559067e-03	-2.632976e-03	2.984612e-02	-2.816481e-02	2.087636e-01	-2.587833e-01	3.131996e-01	1.514527e-02	-9.593714e-02	1.927787e-01	1.436758e-01	-1.475053e-01	1.457912e-01	-3.152299e-02	-3.189360e-02	1.000000e+00	-9.834149e-01	9.158789e-01	-7.491373e-01	5.782078e-01	
-2.824891e-02	3.933849e-02	5.083901e-01	-3.937056e-01	3.513335e-03	-2.332079e-03	4.825460e-03	-3.615686e-02	3.323802e-02	-2.653410e-01	3.307240e-01	-4.022224e-01	-2.209652e-02	1.260481e-01	-2.532843e-01	-1.725565e-01	1.801111e-01	-1.804120e-01	3.946878e-02	3.631770e-02	-9.834149e-01	1.000000e+00	-9.726620e-01	6.941675e-01	-5.120308e-01	
1.445430e-02	-3.121145e-02	-6.444854e-01	5.013599e-01	-4.686745e-03	4.211422e-03	-8.411132e-03	4.273888e-02	-3.803901e-02	3.335686e-01	-4.176515e-01	5.102666e-01	2.847193e-02	-1.609689e-01	3.318205e-01	1.976426e-01	-2.091569e-01	2.118463e-01	-4.782348e-02	-3.734792e-02	9.158789e-01	-9.726620e-01	1.000000e+00	-5.756043e-01	3.872338e-01	
1.315648e-01	-5.574689e-02	-1.068260e-01	8.706199e-02	-1.743736e-03	2.191569e-03	-4.592751e-03	1.699490e-02	-1.289473e-02	2.941782e-02	-4.241098e-02	5.580327e-02	4.118808e-02	-5.550510e-02	3.269966e-02	1.474825e-02	-2.847411e-02	3.769620e-02	7.736604e-02	-1.032499e-01	-7.491373e-01	6.941675e-01	-5.756043e-01	1.000000e+00	-9.615607e-01	
-1.248610e-01	3.220865e-02	2.540220e-01	-1.979644e-01	1.335969e-03	-1.468772e-03	5.009016e-03	-3.192811e-02	2.780440e-02	-1.070659e-01	1.402094e-01	-1.759890e-01	-4.736735e-02	9.457754e-02	-9.223486e-02	-4.110588e-02	6.334588e-02	-7.804164e-02	-1.499730e-01	2.143041e-01	5.782078e-01	-5.120308e-01	3.872338e-01	-9.615607e-01	1.000000e+00	

Time taken for mcmc chain: 2.753611 hours
