Number of steps: 8958538
Number of accepted steps: 1000000
Burn-in number of steps: 320000
Accepted fraction of steps: 0.111625
Convergence Status
R[0]= 1.000393	R[1]= 1.106607	R[2]= 1.144744	R[3]= 1.052089	R[4]= 1.014509	R[5]= 1.013635	R[6]= 1.012131	R[7]= 1.002031	R[8]= 1.007600	R[9]= 1.015488	R[10]= 1.021305	R[11]= 1.028847	R[12]= 1.002159	R[13]= 1.001099	R[14]= 1.051148	R[15]= 1.007182	R[16]= 1.008577	R[17]= 1.009871	R[18]= 1.003441	R[19]= 1.004212	R[20]= 1.002952	R[21]= 1.010463	R[22]= 1.024478	R[23]= 1.008241	R[24]= 1.015077	
<R>= 1.022731

Mean parameters
A[0]= 8.805126e-01 pm 3.930356e-02
A[1]= 9.977185e-01 pm 3.728182e-02
A[2]= 5.953564e-01 pm 5.710620e-01
A[3]= 2.597390e+00 pm 1.028641e+00
A[4]= -3.521527e+03 pm 3.829751e+03
A[5]= 1.608084e+03 pm 2.526671e+03
A[6]= 6.103618e+01 pm 5.866503e+02
A[7]= 1.211475e+01 pm 1.282242e+01
A[8]= -2.176639e-01 pm 1.940783e-01
A[9]= -5.689859e+03 pm 8.525843e+03
A[10]= 2.294285e+03 pm 5.090835e+03
A[11]= -4.486037e+02 pm 1.052947e+03
A[12]= 2.589998e+01 pm 4.865376e+01
A[13]= -6.334741e-01 pm 9.400798e-01
A[14]= 3.502349e+00 pm 1.335483e+00
A[15]= -8.168261e+03 pm 5.291666e+03
A[16]= 5.207343e+03 pm 3.457257e+03
A[17]= -8.240283e+02 pm 7.988672e+02
A[18]= 1.185172e+01 pm 1.934156e+01
A[19]= -3.039206e-02 pm 2.756737e-01
A[20]= -2.374379e+03 pm 1.133958e+04
A[21]= 1.150813e+03 pm 6.809975e+03
A[22]= -5.077672e+02 pm 1.431949e+03
A[23]= 1.880071e+01 pm 6.909055e+01
A[24]= -6.720099e-01 pm 1.367525e+00

Best-fitting parameters
A[0]= 8.803182e-01
A[1]= 9.790458e-01
A[2]= 3.071096e-01
A[3]= 3.368895e+00
A[4]= -6.320190e+03
A[5]= 3.363862e+03
A[6]= -3.064867e+02
A[7]= 1.373919e+01
A[8]= -1.766074e-01
A[9]= 9.933892e+02
A[10]= -1.645169e+03
A[11]= 3.310907e+02
A[12]= -5.658313e+00
A[13]= 5.514673e-03
A[14]= 3.975627e+00
A[15]= -8.999831e+03
A[16]= 5.556933e+03
A[17]= -8.586401e+02
A[18]= 1.554070e+01
A[19]= -7.288844e-02
A[20]= -6.061504e+03
A[21]= 2.822881e+03
A[22]= -6.781781e+02
A[23]= 7.128988e+01
A[24]= -1.819999e+00
chi2_min= 8.753014e+01


Cross-Covariance parameters
1.000000e+00	-4.302097e-01	-4.202919e-02	8.318239e-02	-1.500090e-02	3.707740e-02	-6.173808e-02	5.089358e-03	4.827568e-02	-8.650726e-03	3.720845e-02	-8.968653e-02	4.873453e-02	7.681853e-03	7.991043e-02	-2.882788e-02	4.122816e-02	-5.812574e-02	3.094040e-02	1.344729e-02	-1.594223e-02	4.555824e-02	-9.687376e-02	6.326409e-02	-1.867517e-02	
-4.302097e-01	1.000000e+00	4.127395e-01	-3.742480e-01	1.047113e-01	-1.153078e-01	1.117325e-01	2.374606e-01	-2.919892e-01	-6.149434e-02	7.528004e-02	-8.327424e-02	-4.384860e-02	-1.232322e-02	-3.532151e-01	7.530092e-03	-1.070846e-02	4.608652e-03	2.069301e-01	-2.071090e-01	-1.513497e-02	4.580018e-02	-7.262770e-02	-1.512214e-01	1.378218e-01	
-4.202919e-02	4.127395e-01	1.000000e+00	-7.134367e-01	1.223482e-01	-1.296404e-01	1.358191e-01	7.379510e-02	-1.511282e-01	-4.250485e-01	5.269973e-01	-6.446495e-01	-3.139187e-02	1.215529e-01	-6.520208e-01	-5.300457e-02	6.966769e-02	-8.459882e-02	3.903296e-02	-2.008768e-02	-3.131760e-01	4.540544e-01	-6.142306e-01	-2.809374e-01	3.984478e-01	
8.318239e-02	-3.742480e-01	-7.134367e-01	1.000000e+00	-5.943366e-01	6.516992e-01	-6.913830e-01	-5.701953e-02	3.510795e-01	2.317720e-01	-2.940097e-01	3.740756e-01	-1.363582e-02	1.103839e-02	5.196728e-01	5.703353e-05	-9.920252e-03	2.006521e-02	-2.879615e-02	3.219825e-02	2.275472e-01	-3.244834e-01	4.342792e-01	2.074440e-01	-2.882834e-01	
-1.500090e-02	1.047113e-01	1.223482e-01	-5.943366e-01	1.000000e+00	-9.858865e-01	9.476604e-01	-4.613079e-01	5.144254e-02	9.467126e-03	-2.918809e-02	4.701194e-02	1.393938e-01	-1.497893e-01	-9.616255e-02	5.687611e-02	-5.763691e-02	5.464141e-02	4.058080e-03	-3.135348e-02	-2.855240e-03	1.555438e-02	-3.095020e-02	-2.310056e-02	2.460779e-02	
3.707740e-02	-1.153078e-01	-1.296404e-01	6.516992e-01	-9.858865e-01	1.000000e+00	-9.872831e-01	3.912057e-01	2.731618e-02	-1.364139e-02	3.533466e-02	-5.541553e-02	-1.501685e-01	1.751632e-01	1.081664e-01	-6.445374e-02	6.608741e-02	-6.398679e-02	-1.999680e-03	3.308849e-02	4.404339e-03	-1.668338e-02	3.139559e-02	2.578321e-02	-2.705251e-02	
-6.173808e-02	1.117325e-01	1.358191e-01	-6.913830e-01	9.476604e-01	-9.872831e-01	1.000000e+00	-3.223563e-01	-9.061205e-02	1.907774e-02	-4.143070e-02	6.219333e-02	1.489786e-01	-1.840378e-01	-1.174627e-01	6.996619e-02	-7.224452e-02	7.117929e-02	-5.175100e-03	-2.901772e-02	-9.076281e-03	2.113215e-02	-3.524742e-02	-2.794817e-02	3.015934e-02	
5.089358e-03	2.374606e-01	7.379510e-02	-5.701953e-02	-4.613079e-01	3.912057e-01	-3.223563e-01	1.000000e+00	-8.910604e-01	1.236020e-01	-1.034955e-01	6.953600e-02	-7.317877e-02	-1.005711e-01	-7.144218e-02	-4.744128e-03	3.703040e-03	-6.028523e-03	6.334083e-02	-5.280262e-02	2.188929e-03	2.883590e-03	-9.211510e-03	-2.970506e-02	2.791230e-02	
4.827568e-02	-2.919892e-01	-1.511282e-01	3.510795e-01	5.144254e-02	2.731618e-02	-9.061205e-02	-8.910604e-01	1.000000e+00	-1.313176e-01	1.180693e-01	-8.900803e-02	1.680735e-02	1.937536e-01	1.333843e-01	-2.093174e-02	2.375792e-02	-2.226534e-02	-6.179908e-02	6.674441e-02	9.726592e-03	-2.148760e-02	3.512670e-02	4.668367e-02	-4.669028e-02	
-8.650726e-03	-6.149434e-02	-4.250485e-01	2.317720e-01	9.467126e-03	-1.364139e-02	1.907774e-02	1.236020e-01	-1.313176e-01	1.000000e+00	-9.851352e-01	9.247562e-01	-7.464151e-01	5.706531e-01	2.654274e-01	2.257178e-02	-3.751717e-02	4.989523e-02	2.694083e-02	-3.000630e-02	1.463862e-01	-2.123275e-01	2.890297e-01	1.303998e-01	-1.864677e-01	
3.720845e-02	7.528004e-02	5.269973e-01	-2.940097e-01	-2.918809e-02	3.533466e-02	-4.143070e-02	-1.034955e-01	1.180693e-01	-9.851352e-01	1.000000e+00	-9.756373e-01	6.990653e-01	-5.196688e-01	-3.304027e-01	-3.916635e-02	5.616546e-02	-6.984470e-02	-2.281929e-02	3.308887e-02	-1.893763e-01	2.717949e-01	-3.674539e-01	-1.567524e-01	2.293173e-01	
-8.968653e-02	-8.327424e-02	-6.446495e-01	3.740756e-01	4.701194e-02	-5.541553e-02	6.219333e-02	6.953600e-02	-8.900803e-02	9.247562e-01	-9.756373e-01	1.000000e+00	-5.965975e-01	4.206414e-01	4.071669e-01	5.702392e-02	-7.632546e-02	9.155265e-02	1.748805e-02	-3.657334e-02	2.403742e-01	-3.424272e-01	4.610586e-01	1.855681e-01	-2.784769e-01	
4.873453e-02	-4.384860e-02	-3.139187e-02	-1.363582e-02	1.393938e-01	-1.501685e-01	1.489786e-01	-7.317877e-02	1.680735e-02	-7.464151e-01	6.990653e-01	-5.965975e-01	1.000000e+00	-9.497253e-01	4.452712e-02	2.863870e-02	-2.486833e-02	1.912614e-02	-1.816202e-02	1.718046e-03	3.226304e-02	-3.486299e-02	3.599378e-02	2.255461e-02	-3.394072e-02	
7.681853e-03	-1.232322e-02	1.215529e-01	1.103839e-02	-1.497893e-01	1.751632e-01	-1.840378e-01	-1.005711e-01	1.937536e-01	5.706531e-01	-5.196688e-01	4.206414e-01	-9.497253e-01	1.000000e+00	-9.071680e-02	-4.734460e-02	4.854703e-02	-4.614514e-02	5.297345e-03	1.871600e-02	-7.044349e-02	9.129985e-02	-1.146870e-01	-5.429074e-02	8.453260e-02	
7.991043e-02	-3.532151e-01	-6.520208e-01	5.196728e-01	-9.616255e-02	1.081664e-01	-1.174627e-01	-7.144218e-02	1.333843e-01	2.654274e-01	-3.304027e-01	4.071669e-01	4.452712e-02	-9.071680e-02	1.000000e+00	-5.111782e-01	5.652098e-01	-6.018791e-01	-9.026158e-02	3.178668e-01	1.278856e-01	-2.079195e-01	3.072042e-01	1.273750e-01	-1.662389e-01	
-2.882788e-02	7.530092e-03	-5.300457e-02	5.703353e-05	5.687611e-02	-6.445374e-02	6.996619e-02	-4.744128e-03	-2.093174e-02	2.257178e-02	-3.916635e-02	5.702392e-02	2.863870e-02	-4.734460e-02	-5.111782e-01	1.000000e+00	-9.843751e-01	9.402839e-01	-4.712479e-01	1.088696e-01	1.693584e-01	-1.925504e-01	2.071012e-01	4.205740e-02	-6.954044e-02	
4.122816e-02	-1.070846e-02	6.966769e-02	-9.920252e-03	-5.763691e-02	6.608741e-02	-7.224452e-02	3.703040e-03	2.375792e-02	-3.751717e-02	5.616546e-02	-7.632546e-02	-2.486833e-02	4.854703e-02	5.652098e-01	-9.843751e-01	1.000000e+00	-9.850634e-01	3.906153e-01	-1.915098e-02	-1.744342e-01	2.036017e-01	-2.247808e-01	-6.725949e-02	1.046044e-01	
-5.812574e-02	4.608652e-03	-8.459882e-02	2.006521e-02	5.464141e-02	-6.398679e-02	7.117929e-02	-6.028523e-03	-2.226534e-02	4.989523e-02	-6.984470e-02	9.155265e-02	1.912614e-02	-4.614514e-02	-6.018791e-01	9.402839e-01	-9.850634e-01	1.000000e+00	-3.041772e-01	-6.274957e-02	1.743627e-01	-2.085335e-01	2.357355e-01	8.649294e-02	-1.309270e-01	
3.094040e-02	2.069301e-01	3.903296e-02	-2.879615e-02	4.058080e-03	-1.999680e-03	-5.175100e-03	6.334083e-02	-6.179908e-02	2.694083e-02	-2.281929e-02	1.748805e-02	-1.816202e-02	5.297345e-03	-9.026158e-02	-4.712479e-01	3.906153e-01	-3.041772e-01	1.000000e+00	-9.135769e-01	1.190271e-02	-4.508824e-03	-6.281812e-03	5.505947e-02	-1.332919e-01	
1.344729e-02	-2.071090e-01	-2.008768e-02	3.219825e-02	-3.135348e-02	3.308849e-02	-2.901772e-02	-5.280262e-02	6.674441e-02	-3.000630e-02	3.308887e-02	-3.657334e-02	1.718046e-03	1.871600e-02	3.178668e-01	1.088696e-01	-1.915098e-02	-6.274957e-02	-9.135769e-01	1.000000e+00	-7.724719e-02	8.009116e-02	-7.562170e-02	-8.721672e-02	1.952224e-01	
-1.594223e-02	-1.513497e-02	-3.131760e-01	2.275472e-01	-2.855240e-03	4.404339e-03	-9.076281e-03	2.188929e-03	9.726592e-03	1.463862e-01	-1.893763e-01	2.403742e-01	3.226304e-02	-7.044349e-02	1.278856e-01	1.693584e-01	-1.744342e-01	1.743627e-01	1.190271e-02	-7.724719e-02	1.000000e+00	-9.807485e-01	9.047599e-01	-6.906940e-01	5.264948e-01	
4.555824e-02	4.580018e-02	4.540544e-01	-3.244834e-01	1.555438e-02	-1.668338e-02	2.113215e-02	2.883590e-03	-2.148760e-02	-2.123275e-01	2.717949e-01	-3.424272e-01	-3.486299e-02	9.129985e-02	-2.079195e-01	-1.925504e-01	2.036017e-01	-2.085335e-01	-4.508824e-03	8.009116e-02	-9.807485e-01	1.000000e+00	-9.697735e-01	6.149168e-01	-4.411818e-01	
-9.687376e-02	-7.262770e-02	-6.142306e-01	4.342792e-01	-3.095020e-02	3.139559e-02	-3.524742e-02	-9.211510e-03	3.512670e-02	2.890297e-01	-3.674539e-01	4.610586e-01	3.599378e-02	-1.146870e-01	3.072042e-01	2.071012e-01	-2.247808e-01	2.357355e-01	-6.281812e-03	-7.562170e-02	9.047599e-01	-9.697735e-01	1.000000e+00	-4.762627e-01	3.001942e-01	
6.326409e-02	-1.512214e-01	-2.809374e-01	2.074440e-01	-2.310056e-02	2.578321e-02	-2.794817e-02	-2.970506e-02	4.668367e-02	1.303998e-01	-1.567524e-01	1.855681e-01	2.255461e-02	-5.429074e-02	1.273750e-01	4.205740e-02	-6.725949e-02	8.649294e-02	5.505947e-02	-8.721672e-02	-6.906940e-01	6.149168e-01	-4.762627e-01	1.000000e+00	-9.666550e-01	
-1.867517e-02	1.378218e-01	3.984478e-01	-2.882834e-01	2.460779e-02	-2.705251e-02	3.015934e-02	2.791230e-02	-4.669028e-02	-1.864677e-01	2.293173e-01	-2.784769e-01	-3.394072e-02	8.453260e-02	-1.662389e-01	-6.954044e-02	1.046044e-01	-1.309270e-01	-1.332919e-01	1.952224e-01	5.264948e-01	-4.411818e-01	3.001942e-01	-9.666550e-01	1.000000e+00	

Time taken for mcmc chain: 1.032222 hours
