Number of steps: 13542880
Number of accepted steps: 1000000
Burn-in number of steps: 320000
Accepted fraction of steps: 0.073840
Convergence Status
R[0]= 1.002588	R[1]= 1.012968	R[2]= 1.036735	R[3]= 1.014404	R[4]= 1.006178	R[5]= 1.005288	R[6]= 1.004545	R[7]= 1.004947	R[8]= 1.002109	R[9]= 1.005056	R[10]= 1.007254	R[11]= 1.010219	R[12]= 1.003763	R[13]= 1.006168	R[14]= 1.015849	R[15]= 1.002990	R[16]= 1.003799	R[17]= 1.004488	R[18]= 1.000134	R[19]= 1.001484	R[20]= 1.007829	R[21]= 1.011021	R[22]= 1.015191	R[23]= 1.000603	R[24]= 1.002767	
<R>= 1.007535

Mean parameters
A[0]= 9.245267e-01 pm 3.416241e-02
A[1]= 1.047998e+00 pm 3.071511e-02
A[2]= 7.846456e-01 pm 6.153000e-01
A[3]= 2.530057e+00 pm 9.907013e-01
A[4]= -3.716536e+03 pm 3.850045e+03
A[5]= 1.816299e+03 pm 2.523525e+03
A[6]= 1.970842e+01 pm 5.897984e+02
A[7]= 1.593329e+01 pm 1.322394e+01
A[8]= -2.612256e-01 pm 1.809909e-01
A[9]= -4.662898e+03 pm 8.658532e+03
A[10]= 2.250773e+03 pm 5.326002e+03
A[11]= -5.859429e+02 pm 1.155443e+03
A[12]= 1.828076e+01 pm 4.795524e+01
A[13]= -5.035704e-01 pm 9.402568e-01
A[14]= 3.591484e+00 pm 1.350580e+00
A[15]= -6.431670e+03 pm 5.183516e+03
A[16]= 4.669923e+03 pm 3.405078e+03
A[17]= -7.979468e+02 pm 7.984630e+02
A[18]= 1.287554e+00 pm 1.909515e+01
A[19]= 1.465876e-01 pm 2.626590e-01
A[20]= 4.926953e+03 pm 1.219122e+04
A[21]= -2.572396e+03 pm 7.509322e+03
A[22]= 2.433377e+01 pm 1.629797e+03
A[23]= -4.966746e+01 pm 6.782126e+01
A[24]= 7.424881e-01 pm 1.335420e+00

Best-fitting parameters
A[0]= 9.234772e-01
A[1]= 1.056936e+00
A[2]= 5.859936e-01
A[3]= 2.305303e+00
A[4]= -2.133558e+03
A[5]= 7.033273e+02
A[6]= 2.861637e+02
A[7]= 1.486281e+01
A[8]= -2.709614e-01
A[9]= -1.988758e+03
A[10]= 4.313841e+02
A[11]= -1.766139e+02
A[12]= 1.373345e+01
A[13]= -3.818055e-01
A[14]= 3.380722e+00
A[15]= -2.716032e+03
A[16]= 2.399276e+03
A[17]= -3.209935e+02
A[18]= -7.715303e+00
A[19]= 1.940577e-01
A[20]= 1.067391e+04
A[21]= -6.216267e+03
A[22]= 7.891593e+02
A[23]= -6.263834e+01
A[24]= 7.519741e-01
chi2_min= 8.877666e+01


Cross-Covariance parameters
1.000000e+00	-5.086656e-01	-1.529286e-01	1.140463e-01	1.257851e-02	-7.017586e-03	-5.947929e-03	4.915886e-02	-2.552103e-02	-1.505594e-02	2.237234e-02	-4.501370e-02	1.439228e-01	-1.117527e-01	7.326919e-02	8.935407e-02	-9.197145e-02	8.582214e-02	5.791609e-02	-7.282685e-02	3.466770e-02	-3.194603e-02	9.535074e-03	1.438236e-01	-1.296431e-01	
-5.086656e-01	1.000000e+00	1.856550e-01	-2.023192e-01	-3.282631e-02	3.305065e-02	-3.947123e-02	1.514731e-01	-1.443265e-01	-1.102616e-02	1.239014e-02	-6.720651e-03	-9.868162e-02	5.426618e-02	-2.409752e-01	4.475207e-03	-4.208601e-03	-3.049294e-03	1.413613e-01	-1.472433e-01	-2.598522e-02	2.792288e-02	-1.710281e-02	-7.889737e-02	4.683273e-02	
-1.529286e-01	1.856550e-01	1.000000e+00	-7.664400e-01	7.387305e-02	-7.218101e-02	7.861560e-02	-9.546553e-02	5.609221e-02	-4.458213e-01	5.581765e-01	-6.800647e-01	-1.138998e-01	2.790274e-01	-7.539875e-01	-1.449516e-02	1.350615e-02	-2.193149e-03	-5.839707e-02	5.048787e-02	-4.731763e-01	5.830417e-01	-7.025211e-01	-1.192585e-01	2.773766e-01	
1.140463e-01	-2.023192e-01	-7.664400e-01	1.000000e+00	-5.033131e-01	5.509193e-01	-5.896928e-01	1.768646e-01	8.712378e-02	2.857583e-01	-3.592673e-01	4.440214e-01	3.474025e-02	-1.219985e-01	6.140404e-01	2.073343e-02	-2.059544e-02	1.388097e-02	2.647815e-02	-2.289222e-02	3.763022e-01	-4.650962e-01	5.620229e-01	9.965349e-02	-2.231591e-01	
1.257851e-02	-3.282631e-02	7.387305e-02	-5.033131e-01	1.000000e+00	-9.856639e-01	9.454632e-01	-6.583201e-01	2.632463e-01	6.620838e-02	-9.620950e-02	1.234826e-01	9.702290e-02	-8.848428e-02	-5.040979e-02	1.402999e-02	-1.704952e-02	1.915993e-02	-1.319415e-02	3.088783e-03	-3.707351e-02	4.327825e-02	-5.107464e-02	1.081054e-02	-2.801795e-03	
-7.017586e-03	3.305065e-02	-7.218101e-02	5.509193e-01	-9.856639e-01	1.000000e+00	-9.863849e-01	6.050526e-01	-1.938971e-01	-7.627910e-02	1.094975e-01	-1.401345e-01	-1.089052e-01	1.137487e-01	4.973879e-02	-1.402552e-02	1.746987e-02	-1.999153e-02	1.335205e-02	-2.750487e-03	3.436306e-02	-4.039900e-02	4.797316e-02	-8.981397e-03	2.094466e-03	
-5.947929e-03	-3.947123e-02	7.861560e-02	-5.896928e-01	9.454632e-01	-9.863849e-01	1.000000e+00	-5.414781e-01	1.295430e-01	8.572805e-02	-1.194182e-01	1.503489e-01	1.071761e-01	-1.214539e-01	-5.264347e-02	1.166860e-02	-1.526896e-02	1.833719e-02	-1.757158e-02	7.400132e-03	-3.718795e-02	4.400248e-02	-5.221178e-02	5.631496e-03	2.384611e-03	
4.915886e-02	1.514731e-01	-9.546553e-02	1.768646e-01	-6.583201e-01	6.050526e-01	-5.414781e-01	1.000000e+00	-8.795428e-01	1.052772e-01	-9.155707e-02	6.886753e-02	-5.215071e-02	-1.103013e-01	3.599056e-02	1.075275e-02	-1.117967e-02	7.938536e-03	6.142898e-02	-6.209052e-02	6.966713e-02	-8.005229e-02	9.063101e-02	-5.023149e-03	-1.876645e-02	
-2.552103e-02	-1.443265e-01	5.609221e-02	8.712378e-02	2.632463e-01	-1.938971e-01	1.295430e-01	-8.795428e-01	1.000000e+00	-1.581931e-01	1.582103e-01	-1.453639e-01	1.520533e-02	1.971152e-01	-8.011462e-03	-1.202889e-02	1.429752e-02	-1.288971e-02	-5.581274e-02	6.210367e-02	-5.827310e-02	6.479028e-02	-7.064363e-02	1.537563e-02	5.582227e-03	
-1.505594e-02	-1.102616e-02	-4.458213e-01	2.857583e-01	6.620838e-02	-7.627910e-02	8.572805e-02	1.052772e-01	-1.581931e-01	1.000000e+00	-9.827792e-01	9.177768e-01	-7.038560e-01	4.859037e-01	3.443324e-01	1.274172e-02	-1.359515e-02	9.079640e-03	2.647207e-02	-2.381028e-02	2.055281e-01	-2.623445e-01	3.270482e-01	6.745257e-02	-1.426264e-01	
2.237234e-02	1.239014e-02	5.581765e-01	-3.592673e-01	-9.620950e-02	1.094975e-01	-1.194182e-01	-9.155707e-02	1.582103e-01	-9.827792e-01	1.000000e+00	-9.746457e-01	6.383693e-01	-4.108041e-01	-4.326060e-01	-1.636766e-02	1.765640e-02	-1.221911e-02	-3.209429e-02	3.020019e-02	-2.655806e-01	3.361685e-01	-4.162744e-01	-7.761478e-02	1.743062e-01	
-4.501370e-02	-6.720651e-03	-6.800647e-01	4.440214e-01	1.234826e-01	-1.401345e-01	1.503489e-01	6.886753e-02	-1.453639e-01	9.177768e-01	-9.746457e-01	1.000000e+00	-5.165839e-01	2.876584e-01	5.291103e-01	1.889604e-02	-2.066611e-02	1.438334e-02	3.836167e-02	-3.740102e-02	3.328016e-01	-4.184388e-01	5.156324e-01	8.588247e-02	-2.069683e-01	
1.439228e-01	-9.868162e-02	-1.138998e-01	3.474025e-02	9.702290e-02	-1.089052e-01	1.071761e-01	-5.215071e-02	1.520533e-02	-7.038560e-01	6.383693e-01	-5.165839e-01	1.000000e+00	-9.417986e-01	8.699003e-02	1.312084e-02	-1.487126e-02	1.470784e-02	1.860656e-02	-2.505311e-02	7.365832e-02	-8.149948e-02	8.614804e-02	1.714383e-02	-3.883513e-02	
-1.117527e-01	5.426618e-02	2.790274e-01	-1.219985e-01	-8.848428e-02	1.137487e-01	-1.214539e-01	-1.103013e-01	1.971152e-01	4.859037e-01	-4.108041e-01	2.876584e-01	-9.417986e-01	1.000000e+00	-2.093017e-01	-1.661611e-02	1.862401e-02	-1.636959e-02	-3.727742e-02	4.372455e-02	-1.594114e-01	1.882365e-01	-2.170946e-01	-3.176248e-02	8.607580e-02	
7.326919e-02	-2.409752e-01	-7.539875e-01	6.140404e-01	-5.040979e-02	4.973879e-02	-5.264347e-02	3.599056e-02	-8.011462e-03	3.443324e-01	-4.326060e-01	5.291103e-01	8.699003e-02	-2.093017e-01	1.000000e+00	-4.392866e-01	4.940795e-01	-5.397947e-01	6.558578e-02	1.586307e-01	2.886457e-01	-3.571696e-01	4.376778e-01	3.345846e-02	-1.153311e-01	
8.935407e-02	4.475207e-03	-1.449516e-02	2.073343e-02	1.402999e-02	-1.402552e-02	1.166860e-02	1.075275e-02	-1.202889e-02	1.274172e-02	-1.636766e-02	1.889604e-02	1.312084e-02	-1.661611e-02	-4.392866e-01	1.000000e+00	-9.837880e-01	9.381647e-01	-5.746173e-01	2.087627e-01	1.612468e-01	-1.913368e-01	2.144856e-01	6.345007e-02	-9.834037e-02	
-9.197145e-02	-4.208601e-03	1.350615e-02	-2.059544e-02	-1.704952e-02	1.746987e-02	-1.526896e-02	-1.117967e-02	1.429752e-02	-1.359515e-02	1.765640e-02	-2.066611e-02	-1.487126e-02	1.862401e-02	4.940795e-01	-9.837880e-01	1.000000e+00	-9.845292e-01	5.057580e-01	-1.248856e-01	-1.650082e-01	2.002044e-01	-2.286045e-01	-8.562862e-02	1.299021e-01	
8.582214e-02	-3.049294e-03	-2.193149e-03	1.388097e-02	1.915993e-02	-1.999153e-02	1.833719e-02	7.938536e-03	-1.288971e-02	9.079640e-03	-1.221911e-02	1.438334e-02	1.470784e-02	-1.636959e-02	-5.397947e-01	9.381647e-01	-9.845292e-01	1.000000e+00	-4.262727e-01	4.498468e-02	1.596761e-01	-1.977921e-01	2.295150e-01	1.004183e-01	-1.495306e-01	
5.791609e-02	1.413613e-01	-5.839707e-02	2.647815e-02	-1.319415e-02	1.335205e-02	-1.757158e-02	6.142898e-02	-5.581274e-02	2.647207e-02	-3.209429e-02	3.836167e-02	1.860656e-02	-3.727742e-02	6.558578e-02	-5.746173e-01	5.057580e-01	-4.262727e-01	1.000000e+00	-9.045454e-01	8.760961e-03	-8.000399e-03	6.842869e-03	7.289182e-02	-1.546458e-01	
-7.282685e-02	-1.472433e-01	5.048787e-02	-2.289222e-02	3.088783e-03	-2.750487e-03	7.400132e-03	-6.209052e-02	6.210367e-02	-2.381028e-02	3.020019e-02	-3.740102e-02	-2.505311e-02	4.372455e-02	1.586307e-01	2.087627e-01	-1.248856e-01	4.498468e-02	-9.045454e-01	1.000000e+00	-7.752843e-02	8.904760e-02	-9.601329e-02	-1.127414e-01	2.318975e-01	
3.466770e-02	-2.598522e-02	-4.731763e-01	3.763022e-01	-3.707351e-02	3.436306e-02	-3.718795e-02	6.966713e-02	-5.827310e-02	2.055281e-01	-2.655806e-01	3.328016e-01	7.365832e-02	-1.594114e-01	2.886457e-01	1.612468e-01	-1.650082e-01	1.596761e-01	8.760961e-03	-7.752843e-02	1.000000e+00	-9.837454e-01	9.210053e-01	-6.797877e-01	4.867229e-01	
-3.194603e-02	2.792288e-02	5.830417e-01	-4.650962e-01	4.327825e-02	-4.039900e-02	4.400248e-02	-8.005229e-02	6.479028e-02	-2.623445e-01	3.361685e-01	-4.184388e-01	-8.149948e-02	1.882365e-01	-3.571696e-01	-1.913368e-01	2.002044e-01	-1.977921e-01	-8.000399e-03	8.904760e-02	-9.837454e-01	1.000000e+00	-9.752958e-01	6.081327e-01	-4.043590e-01	
9.535074e-03	-1.710281e-02	-7.025211e-01	5.620229e-01	-5.107464e-02	4.797316e-02	-5.221178e-02	9.063101e-02	-7.064363e-02	3.270482e-01	-4.162744e-01	5.156324e-01	8.614804e-02	-2.170946e-01	4.376778e-01	2.144856e-01	-2.286045e-01	2.295150e-01	6.842869e-03	-9.601329e-02	9.210053e-01	-9.752958e-01	1.000000e+00	-4.822077e-01	2.741793e-01	
1.438236e-01	-7.889737e-02	-1.192585e-01	9.965349e-02	1.081054e-02	-8.981397e-03	5.631496e-03	-5.023149e-03	1.537563e-02	6.745257e-02	-7.761478e-02	8.588247e-02	1.714383e-02	-3.176248e-02	3.345846e-02	6.345007e-02	-8.562862e-02	1.004183e-01	7.289182e-02	-1.127414e-01	-6.797877e-01	6.081327e-01	-4.822077e-01	1.000000e+00	-9.596218e-01	
-1.296431e-01	4.683273e-02	2.773766e-01	-2.231591e-01	-2.801795e-03	2.094466e-03	2.384611e-03	-1.876645e-02	5.582227e-03	-1.426264e-01	1.743062e-01	-2.069683e-01	-3.883513e-02	8.607580e-02	-1.153311e-01	-9.834037e-02	1.299021e-01	-1.495306e-01	-1.546458e-01	2.318975e-01	4.867229e-01	-4.043590e-01	2.741793e-01	-9.596218e-01	1.000000e+00	

Time taken for mcmc chain: 1.551944 hours
