Number of steps: 13539922
Number of accepted steps: 1000000
Burn-in number of steps: 320000
Accepted fraction of steps: 0.073856
Convergence Status
R[0]= 1.002435	R[1]= 1.002230	R[2]= 1.003746	R[3]= 1.002906	R[4]= 1.002431	R[5]= 1.002920	R[6]= 1.003215	R[7]= 1.001238	R[8]= 1.000817	R[9]= 1.000420	R[10]= 1.000571	R[11]= 1.000737	R[12]= 1.000918	R[13]= 1.001371	R[14]= 1.003065	R[15]= 1.001832	R[16]= 1.002109	R[17]= 1.002310	R[18]= 1.000734	R[19]= 1.000431	R[20]= 1.001150	R[21]= 1.001243	R[22]= 1.001314	R[23]= 1.000705	R[24]= 1.000592	
<R>= 1.001658

Mean parameters
A[0]= 9.237069e-01 pm 3.481753e-02
A[1]= 1.047254e+00 pm 3.009033e-02
A[2]= 6.403624e-01 pm 4.338422e-01
A[3]= 2.432314e+00 pm 8.223890e-01
A[4]= -3.905247e+03 pm 3.775741e+03
A[5]= 1.929846e+03 pm 2.478763e+03
A[6]= -4.201840e+00 pm 5.804221e+02
A[7]= 1.625926e+01 pm 1.320486e+01
A[8]= -2.619633e-01 pm 1.811406e-01
A[9]= -3.762160e+03 pm 8.371558e+03
A[10]= 1.569519e+03 pm 5.014265e+03
A[11]= -4.084092e+02 pm 1.049200e+03
A[12]= 1.805073e+01 pm 4.847090e+01
A[13]= -5.321946e-01 pm 9.392882e-01
A[14]= 3.465442e+00 pm 1.107471e+00
A[15]= -6.648853e+03 pm 5.253414e+03
A[16]= 4.831662e+03 pm 3.444571e+03
A[17]= -8.407712e+02 pm 8.060548e+02
A[18]= 1.299810e+00 pm 1.940824e+01
A[19]= 1.531595e-01 pm 2.664810e-01
A[20]= 6.163120e+03 pm 1.161850e+04
A[21]= -3.496964e+03 pm 7.039258e+03
A[22]= 2.608600e+02 pm 1.497246e+03
A[23]= -5.065302e+01 pm 6.801058e+01
A[24]= 7.221194e-01 pm 1.334869e+00

Best-fitting parameters
A[0]= 9.588340e-01
A[1]= 1.035614e+00
A[2]= 3.530034e-01
A[3]= 3.082653e+00
A[4]= -5.873629e+03
A[5]= 3.230106e+03
A[6]= -3.113904e+02
A[7]= 2.154037e+01
A[8]= -2.739270e-01
A[9]= 6.941137e+02
A[10]= -9.291505e+02
A[11]= 5.872385e+01
A[12]= 1.065004e+01
A[13]= -3.714693e-01
A[14]= 4.216783e+00
A[15]= -7.273716e+03
A[16]= 5.373982e+03
A[17]= -9.991435e+02
A[18]= 2.753067e-01
A[19]= 2.000642e-01
A[20]= 1.295591e+04
A[21]= -8.013407e+03
A[22]= 1.224927e+03
A[23]= -7.042574e+01
A[24]= 9.026899e-01
chi2_min= 8.913426e+01


Cross-Covariance parameters
1.000000e+00	-5.142496e-01	-1.283895e-01	6.775243e-02	1.851989e-02	-1.797139e-02	9.391232e-03	6.364141e-02	-4.978259e-02	-2.870753e-02	4.569487e-02	-8.195143e-02	1.417370e-01	-1.073600e-01	3.557979e-02	7.113644e-02	-7.301674e-02	6.631102e-02	5.302266e-02	-6.176703e-02	-4.549220e-03	1.843581e-02	-5.454694e-02	1.370038e-01	-1.074785e-01	
-5.142496e-01	1.000000e+00	1.786668e-01	-1.696088e-01	-2.835227e-02	3.228797e-02	-4.156757e-02	1.311906e-01	-1.195552e-01	2.451712e-02	-3.271351e-02	4.958886e-02	-1.175286e-01	6.786428e-02	-2.184104e-01	-9.325301e-03	1.027480e-02	-1.776248e-02	1.629575e-01	-1.588561e-01	5.126760e-03	-1.113001e-02	3.096793e-02	-8.645634e-02	4.657094e-02	
-1.283895e-01	1.786668e-01	1.000000e+00	-7.121843e-01	3.664646e-02	-3.501922e-02	4.167861e-02	-7.793876e-02	4.475834e-02	-3.829561e-01	4.952167e-01	-6.282785e-01	-1.104220e-01	2.501677e-01	-6.573090e-01	-1.243927e-01	1.326428e-01	-1.306068e-01	-1.356620e-02	5.038767e-02	-3.965722e-01	5.146956e-01	-6.516350e-01	-1.778333e-01	3.204803e-01	
6.775243e-02	-1.696088e-01	-7.121843e-01	1.000000e+00	-5.463919e-01	6.004630e-01	-6.422079e-01	1.795145e-01	1.091284e-01	2.173307e-01	-2.778105e-01	3.550616e-01	5.367151e-03	-6.258709e-02	4.974763e-01	8.226222e-02	-8.695075e-02	8.525194e-02	-2.875959e-03	-2.053168e-02	2.961677e-01	-3.801952e-01	4.777635e-01	1.165668e-01	-2.200675e-01	
1.851989e-02	-2.835227e-02	3.664646e-02	-5.463919e-01	1.000000e+00	-9.850513e-01	9.434879e-01	-6.550964e-01	2.677474e-01	3.397330e-02	-6.763640e-02	1.036011e-01	1.180398e-01	-1.036609e-01	-1.743300e-02	5.178849e-03	-5.800386e-03	6.903469e-03	-9.779272e-03	3.924123e-03	-2.234571e-02	2.415376e-02	-2.681625e-02	8.724751e-03	-1.448623e-03	
-1.797139e-02	3.228797e-02	-3.501922e-02	6.004630e-01	-9.850513e-01	1.000000e+00	-9.859828e-01	6.005892e-01	-1.969423e-01	-4.282573e-02	7.992432e-02	-1.197339e-01	-1.307676e-01	1.292903e-01	1.743234e-02	-6.197262e-03	7.491044e-03	-9.283276e-03	1.182535e-02	-5.578931e-03	2.282240e-02	-2.422537e-02	2.637177e-02	-1.038290e-02	2.760071e-03	
9.391232e-03	-4.156757e-02	4.167861e-02	-6.422079e-01	9.434879e-01	-9.859828e-01	1.000000e+00	-5.355640e-01	1.310053e-01	5.261993e-02	-9.066946e-02	1.313101e-01	1.297352e-01	-1.375715e-01	-2.047700e-02	5.123145e-03	-6.887168e-03	9.506954e-03	-1.680381e-02	1.062343e-02	-2.603934e-02	2.808460e-02	-3.086911e-02	9.143907e-03	5.089377e-05	
6.364141e-02	1.311906e-01	-7.793876e-02	1.795145e-01	-6.550964e-01	6.005892e-01	-5.355640e-01	1.000000e+00	-8.837087e-01	1.212300e-01	-1.078183e-01	8.250112e-02	-6.338874e-02	-9.967478e-02	1.584143e-03	3.397365e-02	-3.635263e-02	3.410223e-02	4.639834e-02	-5.381531e-02	4.436142e-02	-5.420188e-02	6.473286e-02	1.476953e-02	-3.386576e-02	
-4.978259e-02	-1.195552e-01	4.475834e-02	1.091284e-01	2.677474e-01	-1.969423e-01	1.310053e-01	-8.837087e-01	1.000000e+00	-1.576513e-01	1.578222e-01	-1.439661e-01	1.660156e-02	1.919543e-01	1.975182e-02	-3.605860e-02	3.955869e-02	-3.893114e-02	-3.638586e-02	4.730790e-02	-2.691608e-02	3.466874e-02	-4.301637e-02	-1.429668e-02	2.782623e-02	
-2.870753e-02	2.451712e-02	-3.829561e-01	2.173307e-01	3.397330e-02	-4.282573e-02	5.261993e-02	1.212300e-01	-1.576513e-01	1.000000e+00	-9.834894e-01	9.166635e-01	-7.565161e-01	5.695050e-01	2.490606e-01	5.371776e-02	-5.798431e-02	5.765832e-02	2.137983e-02	-4.169897e-02	1.564278e-01	-2.066904e-01	2.673986e-01	7.751508e-02	-1.419704e-01	
4.569487e-02	-3.271351e-02	4.952167e-01	-2.778105e-01	-6.763640e-02	7.992432e-02	-9.066946e-02	-1.078183e-01	1.578222e-01	-9.834894e-01	1.000000e+00	-9.730307e-01	7.077578e-01	-5.121417e-01	-3.247449e-01	-6.848697e-02	7.381730e-02	-7.333909e-02	-2.235485e-02	4.762449e-02	-2.065445e-01	2.716242e-01	-3.501521e-01	-9.307337e-02	1.763497e-01	
-8.195143e-02	4.958886e-02	-6.282785e-01	3.550616e-01	1.036011e-01	-1.197339e-01	1.313101e-01	8.250112e-02	-1.439661e-01	9.166635e-01	-9.730307e-01	1.000000e+00	-5.985707e-01	4.012178e-01	4.153809e-01	8.497182e-02	-9.158114e-02	9.112643e-02	2.218159e-02	-5.289591e-02	2.671858e-01	-3.504241e-01	4.510335e-01	1.085369e-01	-2.147247e-01	
1.417370e-01	-1.175286e-01	-1.104220e-01	5.367151e-03	1.180398e-01	-1.307676e-01	1.297352e-01	-6.338874e-02	1.660156e-02	-7.565161e-01	7.077578e-01	-5.985707e-01	1.000000e+00	-9.474713e-01	7.429662e-02	2.338476e-02	-2.460456e-02	2.423786e-02	-1.027155e-02	6.588748e-03	4.111086e-02	-5.129859e-02	5.951876e-02	2.353783e-02	-3.000595e-02	
-1.073600e-01	6.786428e-02	2.501677e-01	-6.258709e-02	-1.036609e-01	1.292903e-01	-1.375715e-01	-9.967478e-02	1.919543e-01	5.695050e-01	-5.121417e-01	4.012178e-01	-9.474713e-01	1.000000e+00	-1.580338e-01	-4.735655e-02	5.016032e-02	-4.913538e-02	1.234358e-03	1.124081e-02	-1.021550e-01	1.320066e-01	-1.643800e-01	-4.603875e-02	7.818871e-02	
3.557979e-02	-2.184104e-01	-6.573090e-01	4.974763e-01	-1.743300e-02	1.743234e-02	-2.047700e-02	1.584143e-03	1.975182e-02	2.490606e-01	-3.247449e-01	4.153809e-01	7.429662e-02	-1.580338e-01	1.000000e+00	-4.540420e-01	5.143166e-01	-5.620768e-01	2.903604e-02	2.083261e-01	1.714407e-01	-2.286840e-01	3.038253e-01	5.061487e-02	-9.900175e-02	
7.113644e-02	-9.325301e-03	-1.243927e-01	8.226222e-02	5.178849e-03	-6.197262e-03	5.123145e-03	3.397365e-02	-3.605860e-02	5.371776e-02	-6.848697e-02	8.497182e-02	2.338476e-02	-4.735655e-02	-4.540420e-01	1.000000e+00	-9.837782e-01	9.378157e-01	-5.738257e-01	2.070707e-01	1.909621e-01	-2.322264e-01	2.687471e-01	6.302776e-02	-1.041329e-01	
-7.301674e-02	1.027480e-02	1.326428e-01	-8.695075e-02	-5.800386e-03	7.491044e-03	-6.887168e-03	-3.635263e-02	3.955869e-02	-5.798431e-02	7.381730e-02	-9.158114e-02	-2.460456e-02	5.016032e-02	5.143166e-01	-9.837782e-01	1.000000e+00	-9.843909e-01	5.026393e-01	-1.205310e-01	-2.004195e-01	2.470726e-01	-2.891552e-01	-8.132022e-02	1.325840e-01	
6.631102e-02	-1.776248e-02	-1.306068e-01	8.525194e-02	6.903469e-03	-9.283276e-03	9.506954e-03	3.410223e-02	-3.893114e-02	5.765832e-02	-7.333909e-02	9.112643e-02	2.423786e-02	-4.913538e-02	-5.620768e-01	9.378157e-01	-9.843909e-01	1.000000e+00	-4.199364e-01	3.688884e-02	2.019376e-01	-2.518898e-01	2.976340e-01	9.293230e-02	-1.505879e-01	
5.302266e-02	1.629575e-01	-1.356620e-02	-2.875959e-03	-9.779272e-03	1.182535e-02	-1.680381e-02	4.639834e-02	-3.638586e-02	2.137983e-02	-2.235485e-02	2.218159e-02	-1.027155e-02	1.234358e-03	2.903604e-02	-5.738257e-01	5.026393e-01	-4.199364e-01	1.000000e+00	-9.047276e-01	-1.174892e-02	1.748150e-02	-2.366161e-02	7.331171e-02	-1.512708e-01	
-6.176703e-02	-1.588561e-01	5.038767e-02	-2.053168e-02	3.924123e-03	-5.578931e-03	1.062343e-02	-5.381531e-02	4.730790e-02	-4.169897e-02	4.762449e-02	-5.289591e-02	6.588748e-03	1.124081e-02	2.083261e-01	2.070707e-01	-1.205310e-01	3.688884e-02	-9.047276e-01	1.000000e+00	-6.915536e-02	8.015004e-02	-8.747635e-02	-1.138330e-01	2.314002e-01	
-4.549220e-03	5.126760e-03	-3.965722e-01	2.961677e-01	-2.234571e-02	2.282240e-02	-2.603934e-02	4.436142e-02	-2.691608e-02	1.564278e-01	-2.065445e-01	2.671858e-01	4.111086e-02	-1.021550e-01	1.714407e-01	1.909621e-01	-2.004195e-01	2.019376e-01	-1.174892e-02	-6.915536e-02	1.000000e+00	-9.831334e-01	9.155432e-01	-7.077770e-01	5.333943e-01	
1.843581e-02	-1.113001e-02	5.146956e-01	-3.801952e-01	2.415376e-02	-2.422537e-02	2.808460e-02	-5.420188e-02	3.466874e-02	-2.066904e-01	2.716242e-01	-3.504241e-01	-5.129859e-02	1.320066e-01	-2.286840e-01	-2.322264e-01	2.470726e-01	-2.518898e-01	1.748150e-02	8.015004e-02	-9.831334e-01	1.000000e+00	-9.728408e-01	6.454828e-01	-4.606190e-01	
-5.454694e-02	3.096793e-02	-6.516350e-01	4.777635e-01	-2.681625e-02	2.637177e-02	-3.086911e-02	6.473286e-02	-4.301637e-02	2.673986e-01	-3.501521e-01	4.510335e-01	5.951876e-02	-1.643800e-01	3.038253e-01	2.687471e-01	-2.891552e-01	2.976340e-01	-2.366161e-02	-8.747635e-02	9.155432e-01	-9.728408e-01	1.000000e+00	-5.226972e-01	3.329518e-01	
1.370038e-01	-8.645634e-02	-1.778333e-01	1.165668e-01	8.724751e-03	-1.038290e-02	9.143907e-03	1.476953e-02	-1.429668e-02	7.751508e-02	-9.307337e-02	1.085369e-01	2.353783e-02	-4.603875e-02	5.061487e-02	6.302776e-02	-8.132022e-02	9.293230e-02	7.331171e-02	-1.138330e-01	-7.077770e-01	6.454828e-01	-5.226972e-01	1.000000e+00	-9.629681e-01	
-1.074785e-01	4.657094e-02	3.204803e-01	-2.200675e-01	-1.448623e-03	2.760071e-03	5.089377e-05	-3.386576e-02	2.782623e-02	-1.419704e-01	1.763497e-01	-2.147247e-01	-3.000595e-02	7.818871e-02	-9.900175e-02	-1.041329e-01	1.325840e-01	-1.505879e-01	-1.512708e-01	2.314002e-01	5.333943e-01	-4.606190e-01	3.329518e-01	-9.629681e-01	1.000000e+00	

Time taken for mcmc chain: 1.104444 hours
