Number of steps: 18800264
Number of accepted steps: 1000000
Burn-in number of steps: 320000
Accepted fraction of steps: 0.053191
Convergence Status
R[0]= 1.000234	R[1]= 1.000523	R[2]= 1.002322	R[3]= 1.000698	R[4]= 1.000704	R[5]= 1.000689	R[6]= 1.000626	R[7]= 1.000811	R[8]= 1.000561	R[9]= 1.000846	R[10]= 1.000986	R[11]= 1.001335	R[12]= 1.000285	R[13]= 1.000357	R[14]= 1.001247	R[15]= 1.001448	R[16]= 1.001521	R[17]= 1.001520	R[18]= 1.000470	R[19]= 1.000123	R[20]= 1.001193	R[21]= 1.001694	R[22]= 1.002142	R[23]= 1.001638	R[24]= 1.001248	
<R>= 1.001009

Mean parameters
A[0]= 9.247945e-01 pm 3.487951e-02
A[1]= 1.046344e+00 pm 2.999316e-02
A[2]= 6.221962e-01 pm 4.224613e-01
A[3]= 3.912313e+00 pm 1.298410e+00
A[4]= -3.972207e+03 pm 3.789616e+03
A[5]= 1.988486e+03 pm 2.494376e+03
A[6]= -2.189811e+01 pm 5.854923e+02
A[7]= 1.643720e+01 pm 1.303856e+01
A[8]= -2.621438e-01 pm 1.791275e-01
A[9]= -3.686808e+03 pm 8.496461e+03
A[10]= 1.526890e+03 pm 5.101087e+03
A[11]= -3.999701e+02 pm 1.070523e+03
A[12]= 1.838431e+01 pm 4.865485e+01
A[13]= -5.413404e-01 pm 9.370945e-01
A[14]= 5.537473e+00 pm 1.770568e+00
A[15]= -6.552627e+03 pm 5.203812e+03
A[16]= 4.784955e+03 pm 3.424292e+03
A[17]= -8.329600e+02 pm 8.043155e+02
A[18]= 1.500625e+00 pm 1.927066e+01
A[19]= 1.481645e-01 pm 2.664673e-01
A[20]= 6.112832e+03 pm 1.154756e+04
A[21]= -3.501423e+03 pm 6.972666e+03
A[22]= 2.728566e+02 pm 1.474474e+03
A[23]= -4.777553e+01 pm 6.741799e+01
A[24]= 6.587570e-01 pm 1.318377e+00

Best-fitting parameters
A[0]= 9.320755e-01
A[1]= 1.046727e+00
A[2]= 5.145348e-01
A[3]= 4.375698e+00
A[4]= -6.156439e+03
A[5]= 3.337886e+03
A[6]= -3.220171e+02
A[7]= 2.169647e+01
A[8]= -2.954708e-01
A[9]= 1.462204e+03
A[10]= -1.412121e+03
A[11]= 1.275130e+02
A[12]= -1.581471e+01
A[13]= 5.668431e-02
A[14]= 5.625764e+00
A[15]= -6.260275e+03
A[16]= 4.742503e+03
A[17]= -8.613731e+02
A[18]= 8.425019e+00
A[19]= 2.098045e-03
A[20]= 1.221483e+04
A[21]= -7.452766e+03
A[22]= 1.092139e+03
A[23]= -8.876778e+01
A[24]= 1.241007e+00
chi2_min= 8.831671e+01


Cross-Covariance parameters
1.000000e+00	-5.098104e-01	-1.031137e-01	6.829993e-02	8.723116e-03	-6.963686e-03	-2.394614e-03	7.155356e-02	-5.604975e-02	-3.457536e-02	5.216488e-02	-8.868032e-02	1.349288e-01	-1.005098e-01	3.293655e-02	6.527922e-02	-6.606905e-02	5.877485e-02	6.556603e-02	-7.068111e-02	2.796096e-03	1.243863e-02	-5.114892e-02	1.252096e-01	-9.937389e-02	
-5.098104e-01	1.000000e+00	1.181076e-01	-1.396576e-01	-3.255643e-02	4.044742e-02	-5.425451e-02	1.359256e-01	-1.187092e-01	3.475532e-02	-4.536145e-02	6.473298e-02	-1.125458e-01	5.888145e-02	-1.950808e-01	-3.595775e-03	6.192404e-03	-1.609000e-02	1.345866e-01	-1.315207e-01	-1.325264e-02	4.694823e-03	2.016064e-02	-6.213158e-02	2.922341e-02	
-1.031137e-01	1.181076e-01	1.000000e+00	-6.917041e-01	-9.550125e-03	8.584030e-03	-5.320714e-04	-5.152703e-02	4.059178e-02	-4.008570e-01	5.126354e-01	-6.443349e-01	-9.412441e-02	2.410909e-01	-6.583667e-01	-8.203512e-02	8.824928e-02	-8.580286e-02	-8.871376e-03	2.439502e-02	-3.892402e-01	5.037443e-01	-6.381730e-01	-1.571172e-01	2.992549e-01	
6.829993e-02	-1.396576e-01	-6.917041e-01	1.000000e+00	-5.349597e-01	5.911849e-01	-6.339325e-01	1.715281e-01	1.151639e-01	2.119772e-01	-2.694102e-01	3.426726e-01	5.546649e-03	-6.347503e-02	4.821398e-01	5.357035e-02	-5.815241e-02	5.734051e-02	-1.070172e-02	6.392329e-04	2.730268e-01	-3.534096e-01	4.479577e-01	1.109570e-01	-2.094387e-01	
8.723116e-03	-3.255643e-02	-9.550125e-03	-5.349597e-01	1.000000e+00	-9.850077e-01	9.433536e-01	-6.504112e-01	2.535516e-01	5.821162e-02	-9.599848e-02	1.367798e-01	1.122515e-01	-1.072546e-01	-2.557015e-03	2.919791e-02	-3.175633e-02	3.392429e-02	-8.369075e-03	-4.445119e-03	7.958042e-03	-1.296105e-02	1.806988e-02	1.040466e-02	-1.254803e-02	
-6.963686e-03	4.044742e-02	8.584030e-03	5.911849e-01	-9.850077e-01	1.000000e+00	-9.859703e-01	5.975586e-01	-1.843376e-01	-6.690710e-02	1.076248e-01	-1.515422e-01	-1.228489e-01	1.300357e-01	2.039439e-03	-3.090810e-02	3.368199e-02	-3.615847e-02	8.338159e-03	5.868325e-03	-1.150273e-02	1.650179e-02	-2.143884e-02	-8.693220e-03	1.163326e-02	
-2.394614e-03	-5.425451e-02	-5.320714e-04	-6.339325e-01	9.433536e-01	-9.859703e-01	1.000000e+00	-5.341929e-01	1.203903e-01	7.626165e-02	-1.175986e-01	1.618602e-01	1.205228e-01	-1.362397e-01	-3.543827e-03	2.923920e-02	-3.211021e-02	3.513750e-02	-1.137914e-02	-3.194179e-03	1.144300e-02	-1.548778e-02	1.924113e-02	4.552659e-03	-6.803147e-03	
7.155356e-02	1.359256e-01	-5.152703e-02	1.715281e-01	-6.504112e-01	5.975586e-01	-5.341929e-01	1.000000e+00	-8.794881e-01	1.152805e-01	-9.810552e-02	6.778178e-02	-7.310797e-02	-8.473078e-02	3.924231e-03	6.434413e-03	-5.455927e-03	5.737740e-04	5.149510e-02	-4.833826e-02	2.925656e-02	-3.218914e-02	3.526302e-02	9.285707e-03	-2.217071e-02	
-5.604975e-02	-1.187092e-01	4.059178e-02	1.151639e-01	2.535516e-01	-1.843376e-01	1.203903e-01	-8.794881e-01	1.000000e+00	-1.659559e-01	1.644244e-01	-1.478381e-01	3.063258e-02	1.765129e-01	4.399650e-03	-1.868803e-02	1.860972e-02	-1.479465e-02	-4.474951e-02	4.827300e-02	-3.158546e-02	3.496445e-02	-3.843090e-02	-7.707518e-03	2.080170e-02	
-3.457536e-02	3.475532e-02	-4.008570e-01	2.119772e-01	5.821162e-02	-6.690710e-02	7.626165e-02	1.152805e-01	-1.659559e-01	1.000000e+00	-9.838740e-01	9.189323e-01	-7.568294e-01	5.665950e-01	2.602169e-01	4.939739e-02	-5.088230e-02	4.847828e-02	2.368485e-03	-1.303395e-02	1.688528e-01	-2.199510e-01	2.817438e-01	5.707674e-02	-1.205363e-01	
5.216488e-02	-4.536145e-02	5.126354e-01	-2.694102e-01	-9.599848e-02	1.076248e-01	-1.175986e-01	-9.810552e-02	1.644244e-01	-9.838740e-01	1.000000e+00	-9.738804e-01	7.083032e-01	-5.096399e-01	-3.322783e-01	-6.297399e-02	6.603279e-02	-6.400680e-02	-3.637493e-03	1.869082e-02	-2.179920e-01	2.837521e-01	-3.634009e-01	-7.227167e-02	1.548484e-01	
-8.868032e-02	6.473298e-02	-6.443349e-01	3.426726e-01	1.367798e-01	-1.515422e-01	1.618602e-01	6.778178e-02	-1.478381e-01	9.189323e-01	-9.738804e-01	1.000000e+00	-6.008039e-01	4.003712e-01	4.184070e-01	7.685947e-02	-8.176282e-02	8.033753e-02	4.245810e-03	-2.414631e-02	2.755749e-01	-3.590518e-01	4.605987e-01	8.872416e-02	-1.943558e-01	
1.349288e-01	-1.125458e-01	-9.412441e-02	5.546649e-03	1.122515e-01	-1.228489e-01	1.205228e-01	-7.310797e-02	3.063258e-02	-7.568294e-01	7.083032e-01	-6.008039e-01	1.000000e+00	-9.470897e-01	6.724926e-02	7.352270e-03	-9.726114e-03	1.078826e-02	1.155776e-02	-1.531115e-02	3.482483e-02	-4.184900e-02	4.683624e-02	2.771334e-02	-3.664750e-02	
-1.005098e-01	5.888145e-02	2.410909e-01	-6.347503e-02	-1.072546e-01	1.300357e-01	-1.362397e-01	-8.473078e-02	1.765129e-01	5.665950e-01	-5.096399e-01	4.003712e-01	-9.470897e-01	1.000000e+00	-1.575234e-01	-2.489915e-02	2.838090e-02	-2.861494e-02	-2.201028e-02	3.062850e-02	-1.010651e-01	1.276257e-01	-1.567454e-01	-4.563509e-02	8.104257e-02	
3.293655e-02	-1.950808e-01	-6.583667e-01	4.821398e-01	-2.557015e-03	2.039439e-03	-3.543827e-03	3.924231e-03	4.399650e-03	2.602169e-01	-3.322783e-01	4.184070e-01	6.724926e-02	-1.575234e-01	1.000000e+00	-4.818172e-01	5.431266e-01	-5.901945e-01	2.454377e-02	2.258497e-01	1.609371e-01	-2.165805e-01	2.904675e-01	4.675818e-02	-9.417830e-02	
6.527922e-02	-3.595775e-03	-8.203512e-02	5.357035e-02	2.919791e-02	-3.090810e-02	2.923920e-02	6.434413e-03	-1.868803e-02	4.939739e-02	-6.297399e-02	7.685947e-02	7.352270e-03	-2.489915e-02	-4.818172e-01	1.000000e+00	-9.835947e-01	9.375918e-01	-5.643186e-01	1.926142e-01	1.883327e-01	-2.248679e-01	2.565613e-01	4.883358e-02	-8.849903e-02	
-6.606905e-02	6.192404e-03	8.824928e-02	-5.815241e-02	-3.175633e-02	3.368199e-02	-3.211021e-02	-5.455927e-03	1.860972e-02	-5.088230e-02	6.603279e-02	-8.176282e-02	-9.726114e-03	2.838090e-02	5.431266e-01	-9.835947e-01	1.000000e+00	-9.844488e-01	4.925197e-01	-1.059630e-01	-1.981411e-01	2.400220e-01	-2.772381e-01	-6.552138e-02	1.156044e-01	
5.877485e-02	-1.609000e-02	-8.580286e-02	5.734051e-02	3.392429e-02	-3.615847e-02	3.513750e-02	5.737740e-04	-1.479465e-02	4.847828e-02	-6.400680e-02	8.033753e-02	1.078826e-02	-2.861494e-02	-5.901945e-01	9.375918e-01	-9.844488e-01	1.000000e+00	-4.099980e-01	2.324963e-02	1.999710e-01	-2.452810e-01	2.862953e-01	7.614813e-02	-1.327900e-01	
6.556603e-02	1.345866e-01	-8.871376e-03	-1.070172e-02	-8.369075e-03	8.338159e-03	-1.137914e-02	5.149510e-02	-4.474951e-02	2.368485e-03	-3.637493e-03	4.245810e-03	1.155776e-02	-2.201028e-02	2.454377e-02	-5.643186e-01	4.925197e-01	-4.099980e-01	1.000000e+00	-9.037228e-01	-1.883232e-02	2.345016e-02	-2.873261e-02	7.751080e-02	-1.523869e-01	
-7.068111e-02	-1.315207e-01	2.439502e-02	6.392329e-04	-4.445119e-03	5.868325e-03	-3.194179e-03	-4.833826e-02	4.827300e-02	-1.303395e-02	1.869082e-02	-2.414631e-02	-1.531115e-02	3.062850e-02	2.258497e-01	1.926142e-01	-1.059630e-01	2.324963e-02	-9.037228e-01	1.000000e+00	-6.138145e-02	7.176866e-02	-7.821988e-02	-1.098003e-01	2.232141e-01	
2.796096e-03	-1.325264e-02	-3.892402e-01	2.730268e-01	7.958042e-03	-1.150273e-02	1.144300e-02	2.925656e-02	-3.158546e-02	1.688528e-01	-2.179920e-01	2.755749e-01	3.482483e-02	-1.010651e-01	1.609371e-01	1.883327e-01	-1.981411e-01	1.999710e-01	-1.883232e-02	-6.138145e-02	1.000000e+00	-9.835234e-01	9.170333e-01	-7.198794e-01	5.483450e-01	
1.243863e-02	4.694823e-03	5.037443e-01	-3.534096e-01	-1.296105e-02	1.650179e-02	-1.548778e-02	-3.218914e-02	3.496445e-02	-2.199510e-01	2.837521e-01	-3.590518e-01	-4.184900e-02	1.276257e-01	-2.165805e-01	-2.248679e-01	2.400220e-01	-2.452810e-01	2.345016e-02	7.176866e-02	-9.835234e-01	1.000000e+00	-9.731964e-01	6.620198e-01	-4.797388e-01	
-5.114892e-02	2.016064e-02	-6.381730e-01	4.479577e-01	1.806988e-02	-2.143884e-02	1.924113e-02	3.526302e-02	-3.843090e-02	2.817438e-01	-3.634009e-01	4.605987e-01	4.683624e-02	-1.567454e-01	2.904675e-01	2.565613e-01	-2.772381e-01	2.862953e-01	-2.873261e-02	-7.821988e-02	9.170333e-01	-9.731964e-01	1.000000e+00	-5.442160e-01	3.564914e-01	
1.252096e-01	-6.213158e-02	-1.571172e-01	1.109570e-01	1.040466e-02	-8.693220e-03	4.552659e-03	9.285707e-03	-7.707518e-03	5.707674e-02	-7.227167e-02	8.872416e-02	2.771334e-02	-4.563509e-02	4.675818e-02	4.883358e-02	-6.552138e-02	7.614813e-02	7.751080e-02	-1.098003e-01	-7.198794e-01	6.620198e-01	-5.442160e-01	1.000000e+00	-9.631775e-01	
-9.937389e-02	2.922341e-02	2.992549e-01	-2.094387e-01	-1.254803e-02	1.163326e-02	-6.803147e-03	-2.217071e-02	2.080170e-02	-1.205363e-01	1.548484e-01	-1.943558e-01	-3.664750e-02	8.104257e-02	-9.417830e-02	-8.849903e-02	1.156044e-01	-1.327900e-01	-1.523869e-01	2.232141e-01	5.483450e-01	-4.797388e-01	3.564914e-01	-9.631775e-01	1.000000e+00	

Time taken for mcmc chain: 1.468611 hours
