Number of steps: 11490285
Number of accepted steps: 500000
Burn-in number of steps: 320000
Accepted fraction of steps: 0.043515
Convergence Status
R[0]= -nan	R[1]= -nan	R[2]= -nan	R[3]= -nan	R[4]= -nan	R[5]= -nan	R[6]= -nan	R[7]= -nan	R[8]= -nan	R[9]= -nan	R[10]= -nan	R[11]= -nan	R[12]= -nan	R[13]= -nan	R[14]= -nan	R[15]= -nan	R[16]= -nan	R[17]= -nan	R[18]= -nan	R[19]= -nan	R[20]= -nan	R[21]= -nan	R[22]= -nan	R[23]= -nan	R[24]= -nan	
<R>= -nan

Mean parameters
A[0]= 9.361203e-01 pm 3.680831e-02
A[1]= 1.051774e+00 pm 3.293203e-02
A[2]= 4.778537e-01 pm 3.903440e-01
A[3]= 4.052141e+00 pm 1.351634e+00
A[4]= -3.455377e+03 pm 3.873511e+03
A[5]= 1.615881e+03 pm 2.553220e+03
A[6]= 6.477747e+01 pm 6.002701e+02
A[7]= 1.759788e+01 pm 1.338195e+01
A[8]= -2.889653e-01 pm 1.786703e-01
A[9]= -2.469470e+03 pm 8.421487e+03
A[10]= 5.430971e+02 pm 5.068289e+03
A[11]= -1.360146e+02 pm 1.061919e+03
A[12]= 2.323409e+01 pm 4.854753e+01
A[13]= -7.085243e-01 pm 9.097455e-01
A[14]= 1.902247e+00 pm 8.001986e-01
A[15]= -1.995783e+03 pm 2.434013e+03
A[16]= 9.980723e+02 pm 1.607680e+03
A[17]= -3.306666e+01 pm 3.809787e+02
A[18]= 1.120217e+01 pm 8.634577e+00
A[19]= -1.713679e-01 pm 1.176248e-01
A[20]= -8.724836e+02 pm 4.895250e+03
A[21]= 4.840334e+01 pm 2.850255e+03
A[22]= -1.179420e+01 pm 5.684163e+02
A[23]= 3.754543e+00 pm 3.024975e+01
A[24]= -1.239193e-01 pm 5.807405e-01

Best-fitting parameters
A[0]= 9.289524e-01
A[1]= 1.041089e+00
A[2]= 7.960769e-01
A[3]= 3.547136e+00
A[4]= -4.688290e+03
A[5]= 2.458241e+03
A[6]= -1.352921e+02
A[7]= 1.632138e+01
A[8]= -2.299672e-01
A[9]= -9.427986e+03
A[10]= 5.538844e+03
A[11]= -1.342301e+03
A[12]= 4.985132e+01
A[13]= -1.096585e+00
A[14]= 1.192973e+00
A[15]= -2.847222e+02
A[16]= -1.080023e+02
A[17]= 2.180233e+02
A[18]= 9.667906e+00
A[19]= -1.944329e-01
A[20]= -1.472865e+03
A[21]= 2.945582e+02
A[22]= -7.420559e+01
A[23]= -1.737712e+00
A[24]= -6.774334e-02
chi2_min= 6.962801e+01


Cross-Covariance parameters
1.000000e+00	-5.141975e-01	-2.229154e-02	-4.857341e-02	3.655699e-02	-4.532436e-02	4.865939e-02	6.487950e-02	-7.789398e-02	-8.144996e-02	1.092739e-01	-1.582168e-01	1.598602e-01	-1.195424e-01	-2.134340e-02	3.180459e-02	-3.164548e-02	2.802666e-02	2.907524e-02	-3.252571e-02	-5.663367e-02	7.998523e-02	-1.266454e-01	1.029018e-01	-6.588127e-02	
-5.141975e-01	1.000000e+00	8.812460e-02	-1.399068e-01	3.116333e-02	-2.041089e-02	-6.158417e-04	1.116948e-01	-1.226577e-01	5.588252e-02	-7.399199e-02	1.040068e-01	-1.089908e-01	4.383983e-02	-1.303779e-01	1.807180e-02	-1.678334e-02	8.819085e-03	1.086725e-01	-1.132078e-01	6.040182e-03	-2.418305e-02	5.978380e-02	-4.287186e-02	8.011606e-03	
-2.229154e-02	8.812460e-02	1.000000e+00	-6.498661e-01	5.838672e-02	-5.127291e-02	4.765678e-02	-6.139847e-02	2.731295e-02	-4.278378e-01	5.335384e-01	-6.574574e-01	8.451414e-04	1.451945e-01	-4.889178e-01	-9.316177e-03	1.388533e-02	-1.262536e-02	-1.397017e-02	1.286295e-02	-2.685332e-01	3.673821e-01	-5.060510e-01	-1.033523e-01	2.090551e-01	
-4.857341e-02	-1.399068e-01	-6.498661e-01	1.000000e+00	-6.266047e-01	6.769528e-01	-7.103470e-01	2.252273e-01	8.841776e-02	2.299153e-01	-2.866240e-01	3.572385e-01	-6.014179e-02	-8.445484e-03	3.174308e-01	3.187087e-02	-3.756274e-02	3.968336e-02	-4.091942e-02	3.431106e-02	1.920338e-01	-2.587644e-01	3.505671e-01	4.941544e-02	-1.175102e-01	
3.655699e-02	3.116333e-02	5.838672e-02	-6.266047e-01	1.000000e+00	-9.858300e-01	9.462669e-01	-6.750303e-01	2.881989e-01	1.873427e-02	-3.692998e-02	5.613114e-02	8.861237e-02	-5.881398e-02	2.015722e-02	-4.259498e-02	4.959523e-02	-5.506279e-02	2.851210e-02	-1.060955e-02	-1.774078e-02	2.792691e-02	-3.875140e-02	4.237208e-03	1.493119e-03	
-4.532436e-02	-2.041089e-02	-5.127291e-02	6.769528e-01	-9.858300e-01	1.000000e+00	-9.866517e-01	6.286994e-01	-2.282266e-01	-2.005360e-02	4.147192e-02	-6.459538e-02	-1.059127e-01	8.459736e-02	-2.282671e-02	4.295191e-02	-4.947390e-02	5.445605e-02	-3.295500e-02	1.681047e-02	1.916998e-02	-2.850557e-02	3.815625e-02	-9.481600e-03	4.330402e-03	
4.865939e-02	-6.158417e-04	4.765678e-02	-7.103470e-01	9.462669e-01	-9.866517e-01	1.000000e+00	-5.709429e-01	1.715220e-01	2.436290e-02	-4.736900e-02	7.237023e-02	1.120674e-01	-9.635665e-02	2.474647e-02	-4.427811e-02	5.026334e-02	-5.451401e-02	3.526161e-02	-2.070524e-02	-2.090989e-02	2.987065e-02	-3.922609e-02	1.213319e-02	-7.013741e-03	
6.487950e-02	1.116948e-01	-6.139847e-02	2.252273e-01	-6.750303e-01	6.286994e-01	-5.709429e-01	1.000000e+00	-8.820868e-01	1.210063e-01	-1.096558e-01	8.559235e-02	-8.220567e-02	-7.853393e-02	-6.936579e-02	6.580678e-02	-7.651757e-02	8.248563e-02	2.702141e-02	-5.866777e-02	-2.251230e-03	-9.187684e-03	2.329395e-02	4.009848e-02	-5.281598e-02	
-7.789398e-02	-1.226577e-01	2.731295e-02	8.841776e-02	2.881989e-01	-2.282266e-01	1.715220e-01	-8.820868e-01	1.000000e+00	-1.631219e-01	1.581559e-01	-1.364233e-01	5.964250e-02	1.425383e-01	7.158356e-02	-5.672466e-02	6.572671e-02	-7.038259e-02	-2.911511e-02	5.660737e-02	1.377748e-02	-6.935039e-03	-2.375320e-03	-4.481322e-02	5.400634e-02	
-8.144996e-02	5.588252e-02	-4.278378e-01	2.299153e-01	1.873427e-02	-2.005360e-02	2.436290e-02	1.210063e-01	-1.631219e-01	1.000000e+00	-9.850476e-01	9.249688e-01	-7.990408e-01	6.276873e-01	2.247192e-01	-2.062804e-02	1.981907e-02	-2.032033e-02	8.950016e-03	5.539577e-03	1.096865e-01	-1.529217e-01	2.167147e-01	4.239460e-02	-9.143146e-02	
1.092739e-01	-7.399199e-02	5.335384e-01	-2.866240e-01	-3.692998e-02	4.147192e-02	-4.736900e-02	-1.096558e-01	1.581559e-01	-9.850476e-01	1.000000e+00	-9.758282e-01	7.652476e-01	-5.862236e-01	-2.734027e-01	1.655292e-02	-1.442343e-02	1.452345e-02	-1.324866e-02	1.362749e-03	-1.411520e-01	1.963961e-01	-2.773736e-01	-5.335780e-02	1.164925e-01	
-1.582168e-01	1.040068e-01	-6.574574e-01	3.572385e-01	5.613114e-02	-6.459538e-02	7.237023e-02	8.559235e-02	-1.364233e-01	9.249688e-01	-9.758282e-01	1.000000e+00	-6.778953e-01	4.967172e-01	3.309314e-01	-1.121846e-02	7.654896e-03	-7.433842e-03	1.828246e-02	-9.959422e-03	1.799438e-01	-2.500078e-01	3.523161e-01	6.332480e-02	-1.436351e-01	
1.598602e-01	-1.089908e-01	8.451414e-04	-6.014179e-02	8.861237e-02	-1.059127e-01	1.120674e-01	-8.220567e-02	5.964250e-02	-7.990408e-01	7.652476e-01	-6.778953e-01	1.000000e+00	-9.484448e-01	-9.250160e-03	2.907630e-02	-2.797998e-02	2.544005e-02	7.775311e-04	-1.509504e-02	-9.375452e-05	3.114234e-03	-9.589544e-03	1.611121e-02	-9.328724e-03	
-1.195424e-01	4.383983e-02	1.451945e-01	-8.445484e-03	-5.881398e-02	8.459736e-02	-9.635665e-02	-7.853393e-02	1.425383e-01	6.276873e-01	-5.862236e-01	4.967172e-01	-9.484448e-01	1.000000e+00	-5.634901e-02	-3.742815e-02	3.651052e-02	-3.277469e-02	-1.158275e-03	1.619746e-02	-3.865451e-02	5.159629e-02	-6.943183e-02	-3.540894e-02	4.722585e-02	
-2.134340e-02	-1.303779e-01	-4.889178e-01	3.174308e-01	2.015722e-02	-2.282671e-02	2.474647e-02	-6.936579e-02	7.158356e-02	2.247192e-01	-2.734027e-01	3.309314e-01	-9.250160e-03	-5.634901e-02	1.000000e+00	-6.429239e-01	7.211433e-01	-7.771900e-01	9.204303e-02	2.465988e-01	7.153856e-02	-9.669883e-02	1.453766e-01	-1.613426e-02	7.059370e-03	
3.180459e-02	1.807180e-02	-9.316177e-03	3.187087e-02	-4.259498e-02	4.295191e-02	-4.427811e-02	6.580678e-02	-5.672466e-02	-2.062804e-02	1.655292e-02	-1.121846e-02	2.907630e-02	-3.742815e-02	-6.429239e-01	1.000000e+00	-9.831461e-01	9.360466e-01	-6.193731e-01	2.291757e-01	1.028302e-01	-1.286728e-01	1.534944e-01	4.026729e-02	-5.322833e-02	
-3.164548e-02	-1.678334e-02	1.388533e-02	-3.756274e-02	4.959523e-02	-4.947390e-02	5.026334e-02	-7.651757e-02	6.572671e-02	1.981907e-02	-1.442343e-02	7.654896e-03	-2.797998e-02	3.651052e-02	7.211433e-01	-9.831461e-01	1.000000e+00	-9.841765e-01	5.451524e-01	-1.369458e-01	-1.050256e-01	1.355949e-01	-1.654134e-01	-5.468111e-02	7.725046e-02	
2.802666e-02	8.819085e-03	-1.262536e-02	3.968336e-02	-5.506279e-02	5.445605e-02	-5.451401e-02	8.248563e-02	-7.038259e-02	-2.032033e-02	1.452345e-02	-7.433842e-03	2.544005e-02	-3.277469e-02	-7.771900e-01	9.360466e-01	-9.841765e-01	1.000000e+00	-4.565014e-01	4.622820e-02	1.046452e-01	-1.383015e-01	1.713275e-01	6.338817e-02	-9.322120e-02	
2.907524e-02	1.086725e-01	-1.397017e-02	-4.091942e-02	2.851210e-02	-3.295500e-02	3.526161e-02	2.702141e-02	-2.911511e-02	8.950016e-03	-1.324866e-02	1.828246e-02	7.775311e-04	-1.158275e-03	9.204303e-02	-6.193731e-01	5.451524e-01	-4.565014e-01	1.000000e+00	-8.918654e-01	-3.225497e-02	3.541227e-02	-3.939448e-02	6.112553e-02	-1.358999e-01	
-3.252571e-02	-1.132078e-01	1.286295e-02	3.431106e-02	-1.060955e-02	1.681047e-02	-2.070524e-02	-5.866777e-02	5.660737e-02	5.539577e-03	1.362749e-03	-9.959422e-03	-1.509504e-02	1.619746e-02	2.465988e-01	2.291757e-01	-1.369458e-01	4.622820e-02	-8.918654e-01	1.000000e+00	-1.492009e-02	2.451339e-02	-3.133169e-02	-9.534551e-02	2.017021e-01	
-5.663367e-02	6.040182e-03	-2.685332e-01	1.920338e-01	-1.774078e-02	1.916998e-02	-2.090989e-02	-2.251230e-03	1.377748e-02	1.096865e-01	-1.411520e-01	1.799438e-01	-9.375452e-05	-3.865451e-02	7.153856e-02	1.028302e-01	-1.050256e-01	1.046452e-01	-3.225497e-02	-1.492009e-02	1.000000e+00	-9.863349e-01	9.260704e-01	-8.207008e-01	6.957895e-01	
7.998523e-02	-2.418305e-02	3.673821e-01	-2.587644e-01	2.792691e-02	-2.850557e-02	2.987065e-02	-9.187684e-03	-6.935039e-03	-1.529217e-01	1.963961e-01	-2.500078e-01	3.114234e-03	5.159629e-02	-9.669883e-02	-1.286728e-01	1.355949e-01	-1.383015e-01	3.541227e-02	2.451339e-02	-9.863349e-01	1.000000e+00	-9.745538e-01	7.993884e-01	-6.680767e-01	
-1.266454e-01	5.978380e-02	-5.060510e-01	3.505671e-01	-3.875140e-02	3.815625e-02	-3.922609e-02	2.329395e-02	-2.375320e-03	2.167147e-01	-2.773736e-01	3.523161e-01	-9.589544e-03	-6.943183e-02	1.453766e-01	1.534944e-01	-1.654134e-01	1.713275e-01	-3.939448e-02	-3.133169e-02	9.260704e-01	-9.745538e-01	1.000000e+00	-7.207892e-01	5.859163e-01	
1.029018e-01	-4.287186e-02	-1.033523e-01	4.941544e-02	4.237208e-03	-9.481600e-03	1.213319e-02	4.009848e-02	-4.481322e-02	4.239460e-02	-5.335780e-02	6.332480e-02	1.611121e-02	-3.540894e-02	-1.613426e-02	4.026729e-02	-5.468111e-02	6.338817e-02	6.112553e-02	-9.534551e-02	-8.207008e-01	7.993884e-01	-7.207892e-01	1.000000e+00	-9.698193e-01	
-6.588127e-02	8.011606e-03	2.090551e-01	-1.175102e-01	1.493119e-03	4.330402e-03	-7.013741e-03	-5.281598e-02	5.400634e-02	-9.143146e-02	1.164925e-01	-1.436351e-01	-9.328724e-03	4.722585e-02	7.059370e-03	-5.322833e-02	7.725046e-02	-9.322120e-02	-1.358999e-01	2.017021e-01	6.957895e-01	-6.680767e-01	5.859163e-01	-9.698193e-01	1.000000e+00	

Time taken for mcmc chain: 56.100000 minutes
