Number of steps: 19764282
Number of accepted steps: 1000000
Burn-in number of steps: 320000
Accepted fraction of steps: 0.050596
Convergence Status
R[0]= 1.000625	R[1]= 1.002975	R[2]= 1.002670	R[3]= 1.000741	R[4]= 1.000323	R[5]= 1.000276	R[6]= 1.000227	R[7]= 1.000663	R[8]= 1.001212	R[9]= 1.000915	R[10]= 1.001233	R[11]= 1.001590	R[12]= 1.000049	R[13]= 1.000146	R[14]= 1.000234	R[15]= 1.001431	R[16]= 1.001516	R[17]= 1.001601	R[18]= 1.002943	R[19]= 1.002329	R[20]= 1.000143	R[21]= 1.000164	R[22]= 1.000382	R[23]= 1.000755	R[24]= 1.001001	
<R>= 1.001046

Mean parameters
A[0]= 9.714751e-01 pm 2.921411e-02
A[1]= 1.062033e+00 pm 2.421940e-02
A[2]= 5.972417e-01 pm 3.837384e-01
A[3]= 5.350145e+00 pm 1.429635e+00
A[4]= -3.933655e+03 pm 3.675287e+03
A[5]= 2.379278e+03 pm 2.410040e+03
A[6]= -1.801608e+02 pm 5.678850e+02
A[7]= 2.791124e+00 pm 1.327801e+01
A[8]= -2.482751e-03 pm 1.783021e-01
A[9]= 1.407100e+03 pm 8.543189e+03
A[10]= -1.282937e+03 pm 5.228515e+03
A[11]= 9.224971e+01 pm 1.134582e+03
A[12]= -3.727267e+01 pm 4.809958e+01
A[13]= 9.033529e-01 pm 9.351469e-01
A[14]= 6.848387e+00 pm 2.028110e+00
A[15]= -5.592843e+03 pm 5.139536e+03
A[16]= 4.681915e+03 pm 3.363101e+03
A[17]= -9.257371e+02 pm 7.929500e+02
A[18]= 1.610000e+00 pm 1.953732e+01
A[19]= 1.366067e-01 pm 2.585482e-01
A[20]= 8.847557e+03 pm 1.157811e+04
A[21]= -4.310539e+03 pm 6.979100e+03
A[22]= 2.477198e+02 pm 1.477744e+03
A[23]= -4.432908e+01 pm 6.695724e+01
A[24]= 4.566456e-01 pm 1.298312e+00

Best-fitting parameters
A[0]= 9.929090e-01
A[1]= 1.060289e+00
A[2]= 5.523597e-01
A[3]= 4.793923e+00
A[4]= -1.160354e+03
A[5]= 5.928188e+02
A[6]= 2.075611e+02
A[7]= -4.045435e+00
A[8]= 3.657028e-02
A[9]= 8.079110e+02
A[10]= -9.997032e+02
A[11]= 4.892612e+01
A[12]= -2.775174e+01
A[13]= 7.419961e-01
A[14]= 5.943709e+00
A[15]= -2.829501e+03
A[16]= 2.666884e+03
A[17]= -4.253088e+02
A[18]= -3.015740e+00
A[19]= 1.349648e-01
A[20]= 4.381811e+03
A[21]= -1.577661e+03
A[22]= -2.939863e+02
A[23]= 8.294188e+00
A[24]= -5.053168e-01
chi2_min= 1.052040e+02


Cross-Covariance parameters
1.000000e+00	-4.884743e-01	-1.849326e-01	1.121587e-01	2.999990e-02	-3.566094e-02	3.057667e-02	7.599550e-02	-7.959086e-02	9.308999e-04	-2.591719e-03	-1.088607e-02	1.518505e-01	-1.338306e-01	8.759699e-02	4.673715e-02	-4.820336e-02	4.183465e-02	6.202669e-02	-6.750152e-02	1.874029e-02	-1.730553e-02	-1.165921e-03	1.332253e-01	-1.225749e-01	
-4.884743e-01	1.000000e+00	1.641806e-01	-1.869308e-01	-4.188778e-03	1.571877e-02	-3.468326e-02	1.039710e-01	-9.590021e-02	1.591450e-03	-2.885369e-03	1.195161e-02	-9.677799e-02	5.414456e-02	-2.004483e-01	4.438430e-03	-2.151649e-03	-7.137258e-03	1.256177e-01	-1.311649e-01	-1.552453e-02	1.196443e-02	3.623118e-03	-7.075305e-02	4.346167e-02	
-1.849326e-01	1.641806e-01	1.000000e+00	-7.134489e-01	-6.696157e-02	8.422686e-02	-9.090472e-02	-5.343546e-02	8.645354e-02	-4.346468e-01	5.620328e-01	-7.020637e-01	-1.059440e-01	2.810562e-01	-6.949819e-01	8.509198e-03	-5.698580e-03	8.656833e-03	-6.766301e-02	5.992498e-02	-3.924596e-01	5.056529e-01	-6.429232e-01	-1.065381e-01	2.562989e-01	
1.121587e-01	-1.869308e-01	-7.134489e-01	1.000000e+00	-4.702913e-01	5.153488e-01	-5.501250e-01	2.084672e-01	2.801312e-02	2.476364e-01	-3.166536e-01	3.953159e-01	3.529228e-02	-1.229153e-01	5.245517e-01	-9.026084e-03	7.083031e-03	-7.980537e-03	3.035109e-02	-2.293769e-02	2.911362e-01	-3.730548e-01	4.724389e-01	6.936399e-02	-1.767113e-01	
2.999990e-02	-4.188778e-03	-6.696157e-02	-4.702913e-01	1.000000e+00	-9.841774e-01	9.393633e-01	-6.959658e-01	3.274403e-01	8.670698e-02	-1.302481e-01	1.786657e-01	8.318983e-02	-8.080833e-02	4.821702e-02	3.202734e-03	-4.846953e-03	5.392811e-03	6.399164e-03	-9.305847e-03	2.257039e-02	-3.171972e-02	4.271092e-02	2.033926e-02	-3.180166e-02	
-3.566094e-02	1.571877e-02	8.422686e-02	5.153488e-01	-9.841774e-01	1.000000e+00	-9.847200e-01	6.479267e-01	-2.615434e-01	-1.014173e-01	1.505642e-01	-2.050832e-01	-9.395282e-02	1.058351e-01	-5.989864e-02	-5.389706e-03	7.082795e-03	-7.606682e-03	-5.158250e-03	9.026784e-03	-3.051523e-02	4.159970e-02	-5.473172e-02	-2.121409e-02	3.501901e-02	
3.057667e-02	-3.468326e-02	-9.090472e-02	-5.501250e-01	9.393633e-01	-9.847200e-01	1.000000e+00	-5.849451e-01	1.964909e-01	1.163071e-01	-1.681071e-01	2.251973e-01	9.121341e-02	-1.139261e-01	6.622541e-02	6.429343e-03	-8.134319e-03	8.950177e-03	1.684102e-04	-4.676807e-03	3.410623e-02	-4.579131e-02	5.957447e-02	2.013660e-02	-3.438157e-02	
7.599550e-02	1.039710e-01	-5.343546e-02	2.084672e-01	-6.959658e-01	6.479267e-01	-5.849451e-01	1.000000e+00	-8.864889e-01	9.007105e-02	-7.294272e-02	4.259101e-02	-4.994896e-02	-1.036774e-01	1.052130e-02	8.127760e-03	-6.711218e-03	2.402262e-03	3.972405e-02	-3.975494e-02	2.302268e-02	-2.888521e-02	3.512459e-02	6.716305e-03	-1.758495e-02	
-7.959086e-02	-9.590021e-02	8.645354e-02	2.801312e-02	3.274403e-01	-2.615434e-01	1.964909e-01	-8.864889e-01	1.000000e+00	-1.588659e-01	1.615830e-01	-1.496352e-01	2.060714e-02	1.893941e-01	-3.450024e-02	-1.352318e-02	1.226783e-02	-7.723667e-03	-3.629082e-02	3.895527e-02	-3.667645e-02	4.753914e-02	-5.961020e-02	-1.075922e-02	2.668578e-02	
9.308999e-04	1.591450e-03	-4.346468e-01	2.476364e-01	8.670698e-02	-1.014173e-01	1.163071e-01	9.007105e-02	-1.588659e-01	1.000000e+00	-9.816669e-01	9.105361e-01	-7.439087e-01	5.351918e-01	3.058983e-01	-3.686382e-03	2.783304e-04	7.781064e-04	3.536360e-02	-3.467739e-02	1.826049e-01	-2.366528e-01	3.035889e-01	3.989910e-02	-1.127461e-01	
-2.591719e-03	-2.885369e-03	5.620328e-01	-3.166536e-01	-1.302481e-01	1.505642e-01	-1.681071e-01	-7.294272e-02	1.615830e-01	-9.816669e-01	1.000000e+00	-9.718756e-01	6.801035e-01	-4.595222e-01	-3.949211e-01	2.882729e-03	5.816415e-04	-8.498860e-04	-4.336037e-02	4.256672e-02	-2.358501e-01	3.052448e-01	-3.912159e-01	-5.089258e-02	1.446841e-01	
-1.088607e-02	1.195161e-02	-7.020637e-01	3.953159e-01	1.786657e-01	-2.050832e-01	2.251973e-01	4.259101e-02	-1.496352e-01	9.105361e-01	-9.718756e-01	1.000000e+00	-5.531420e-01	3.287363e-01	4.938597e-01	-3.146981e-03	-3.677730e-04	-1.773784e-04	5.166451e-02	-5.052082e-02	2.950989e-01	-3.817488e-01	4.894034e-01	6.132024e-02	-1.787910e-01	
1.518505e-01	-9.677799e-02	-1.059440e-01	3.529228e-02	8.318983e-02	-9.395282e-02	9.121341e-02	-4.994896e-02	2.060714e-02	-7.439087e-01	6.801035e-01	-5.531420e-01	1.000000e+00	-9.423361e-01	7.677916e-02	3.113928e-03	-2.022936e-03	-7.913414e-04	8.741224e-03	-6.573160e-03	3.540933e-02	-4.363870e-02	5.112539e-02	2.372687e-02	-3.330392e-02	
-1.338306e-01	5.414456e-02	2.810562e-01	-1.229153e-01	-8.080833e-02	1.058351e-01	-1.139261e-01	-1.036774e-01	1.893941e-01	5.351918e-01	-4.595222e-01	3.287363e-01	-9.423361e-01	1.000000e+00	-1.978108e-01	-3.986742e-03	3.209326e-03	7.960926e-04	-2.572483e-02	2.312535e-02	-1.120805e-01	1.430798e-01	-1.790749e-01	-3.570675e-02	7.644300e-02	
8.759699e-02	-2.004483e-01	-6.949819e-01	5.245517e-01	4.821702e-02	-5.989864e-02	6.622541e-02	1.052130e-02	-3.450024e-02	3.058983e-01	-3.949211e-01	4.938597e-01	7.677916e-02	-1.978108e-01	1.000000e+00	-5.144458e-01	5.791477e-01	-6.290902e-01	1.360320e-01	1.244395e-01	1.800407e-01	-2.370148e-01	3.127805e-01	4.879962e-02	-1.120632e-01	
4.673715e-02	4.438430e-03	8.509198e-03	-9.026084e-03	3.202734e-03	-5.389706e-03	6.429343e-03	8.127760e-03	-1.352318e-02	-3.686382e-03	2.882729e-03	-3.146981e-03	3.113928e-03	-3.986742e-03	-5.144458e-01	1.000000e+00	-9.829558e-01	9.337800e-01	-6.586633e-01	3.083963e-01	1.551427e-01	-1.831158e-01	2.074151e-01	-1.086831e-02	-8.466239e-03	
-4.820336e-02	-2.151649e-03	-5.698580e-03	7.083031e-03	-4.846953e-03	7.082795e-03	-8.134319e-03	-6.711218e-03	1.226783e-02	2.783304e-04	5.816415e-04	-3.677730e-04	-2.022936e-03	3.209326e-03	5.791477e-01	-9.829558e-01	1.000000e+00	-9.831364e-01	5.974810e-01	-2.279224e-01	-1.631140e-01	1.964913e-01	-2.267100e-01	-1.100588e-03	2.991553e-02	
4.183465e-02	-7.137258e-03	8.656833e-03	-7.980537e-03	5.392811e-03	-7.606682e-03	8.950177e-03	2.402262e-03	-7.723667e-03	7.781064e-04	-8.498860e-04	-1.773784e-04	-7.913414e-04	7.960926e-04	-6.290902e-01	9.337800e-01	-9.831364e-01	1.000000e+00	-5.178340e-01	1.438405e-01	1.643547e-01	-2.014189e-01	2.359508e-01	9.490190e-03	-4.480155e-02	
6.202669e-02	1.256177e-01	-6.766301e-02	3.035109e-02	6.399164e-03	-5.158250e-03	1.684102e-04	3.972405e-02	-3.629082e-02	3.536360e-02	-4.336037e-02	5.166451e-02	8.741224e-03	-2.572483e-02	1.360320e-01	-6.586633e-01	5.974810e-01	-5.178340e-01	1.000000e+00	-9.035395e-01	-3.487652e-02	3.715189e-02	-3.760832e-02	9.497325e-02	-1.719788e-01	
-6.750152e-02	-1.311649e-01	5.992498e-02	-2.293769e-02	-9.305847e-03	9.026784e-03	-4.676807e-03	-3.975494e-02	3.895527e-02	-3.467739e-02	4.256672e-02	-5.052082e-02	-6.573160e-03	2.312535e-02	1.244395e-01	3.083963e-01	-2.279224e-01	1.438405e-01	-9.035395e-01	1.000000e+00	-3.353396e-02	4.417032e-02	-5.420120e-02	-1.100651e-01	2.232420e-01	
1.874029e-02	-1.552453e-02	-3.924596e-01	2.911362e-01	2.257039e-02	-3.051523e-02	3.410623e-02	2.302268e-02	-3.667645e-02	1.826049e-01	-2.358501e-01	2.950989e-01	3.540933e-02	-1.120805e-01	1.800407e-01	1.551427e-01	-1.631140e-01	1.643547e-01	-3.487652e-02	-3.353396e-02	1.000000e+00	-9.840214e-01	9.179659e-01	-7.631309e-01	5.989535e-01	
-1.730553e-02	1.196443e-02	5.056529e-01	-3.730548e-01	-3.171972e-02	4.159970e-02	-4.579131e-02	-2.888521e-02	4.753914e-02	-2.366528e-01	3.052448e-01	-3.817488e-01	-4.363870e-02	1.430798e-01	-2.370148e-01	-1.831158e-01	1.964913e-01	-2.014189e-01	3.715189e-02	4.417032e-02	-9.840214e-01	1.000000e+00	-9.730918e-01	7.126587e-01	-5.374785e-01	
-1.165921e-03	3.623118e-03	-6.429232e-01	4.724389e-01	4.271092e-02	-5.473172e-02	5.957447e-02	3.512459e-02	-5.961020e-02	3.035889e-01	-3.912159e-01	4.894034e-01	5.112539e-02	-1.790749e-01	3.127805e-01	2.074151e-01	-2.267100e-01	2.359508e-01	-3.760832e-02	-5.420120e-02	9.179659e-01	-9.730918e-01	1.000000e+00	-5.994012e-01	4.175072e-01	
1.332253e-01	-7.075305e-02	-1.065381e-01	6.936399e-02	2.033926e-02	-2.121409e-02	2.013660e-02	6.716305e-03	-1.075922e-02	3.989910e-02	-5.089258e-02	6.132024e-02	2.372687e-02	-3.570675e-02	4.879962e-02	-1.086831e-02	-1.100588e-03	9.490190e-03	9.497325e-02	-1.100651e-01	-7.631309e-01	7.126587e-01	-5.994012e-01	1.000000e+00	-9.627221e-01	
-1.225749e-01	4.346167e-02	2.562989e-01	-1.767113e-01	-3.180166e-02	3.501901e-02	-3.438157e-02	-1.758495e-02	2.668578e-02	-1.127461e-01	1.446841e-01	-1.787910e-01	-3.330392e-02	7.644300e-02	-1.120632e-01	-8.466239e-03	2.991553e-02	-4.480155e-02	-1.719788e-01	2.232420e-01	5.989535e-01	-5.374785e-01	4.175072e-01	-9.627221e-01	1.000000e+00	

Time taken for mcmc chain: 1.491111 hours
