Number of steps: 10048665
Number of accepted steps: 1000000
Burn-in number of steps: 320000
Accepted fraction of steps: 0.099516
Convergence Status
R[0]= 1.002266	R[1]= 1.001401	R[2]= 1.026917	R[3]= 1.031147	R[4]= 1.026829	R[5]= 1.033669	R[6]= 1.038908	R[7]= 1.007047	R[8]= 1.000926	R[9]= 1.004281	R[10]= 1.007584	R[11]= 1.014082	R[12]= 1.004852	R[13]= 1.010061	R[14]= 1.053906	R[15]= 1.018026	R[16]= 1.024271	R[17]= 1.029021	R[18]= 1.002661	R[19]= 1.002223	R[20]= 1.005185	R[21]= 1.007770	R[22]= 1.011533	R[23]= 1.002148	R[24]= 1.004407	
<R>= 1.014845

Mean parameters
A[0]= 9.844754e-01 pm 2.873747e-02
A[1]= 1.072605e+00 pm 2.303468e-02
A[2]= 6.323377e-01 pm 4.048513e-01
A[3]= 5.701889e+00 pm 1.485935e+00
A[4]= -2.280149e+03 pm 3.821245e+03
A[5]= 1.728660e+03 pm 2.517336e+03
A[6]= -1.131512e+02 pm 5.962304e+02
A[7]= -1.679911e+00 pm 1.339413e+01
A[8]= 5.284375e-02 pm 1.755811e-01
A[9]= 3.535481e+03 pm 8.897402e+03
A[10]= -2.260823e+03 pm 5.479801e+03
A[11]= 2.157018e+02 pm 1.194505e+03
A[12]= -5.246437e+01 pm 4.893333e+01
A[13]= 1.259808e+00 pm 9.383878e-01
A[14]= 7.248336e+00 pm 2.279628e+00
A[15]= -5.722971e+03 pm 5.255945e+03
A[16]= 4.844461e+03 pm 3.478101e+03
A[17]= -9.767778e+02 pm 8.296630e+02
A[18]= 4.154671e+00 pm 1.951739e+01
A[19]= 9.929453e-02 pm 2.560455e-01
A[20]= 1.043134e+04 pm 1.168222e+04
A[21]= -5.042802e+03 pm 7.099630e+03
A[22]= 3.288550e+02 pm 1.518528e+03
A[23]= -5.538306e+01 pm 6.601165e+01
A[24]= 6.376480e-01 pm 1.269354e+00

Best-fitting parameters
A[0]= 9.790709e-01
A[1]= 1.085436e+00
A[2]= 7.231610e-01
A[3]= 5.269755e+00
A[4]= -1.871563e+03
A[5]= 1.627317e+03
A[6]= -1.420909e+02
A[7]= -8.243162e-02
A[8]= 1.773628e-02
A[9]= 3.212958e+03
A[10]= -1.575222e+03
A[11]= -1.720559e+01
A[12]= -5.552888e+01
A[13]= 1.324529e+00
A[14]= 6.042274e+00
A[15]= -3.692946e+03
A[16]= 3.639731e+03
A[17]= -7.227785e+02
A[18]= 5.116582e+00
A[19]= 5.508933e-02
A[20]= 3.811852e+03
A[21]= -1.366165e+03
A[22]= -3.250474e+02
A[23]= -3.134332e+01
A[24]= 4.460137e-01
chi2_min= 1.082743e+02


Cross-Covariance parameters
1.000000e+00	-4.643968e-01	-2.229573e-01	1.603731e-01	1.009159e-02	-1.077384e-02	6.799269e-04	7.185760e-02	-5.829645e-02	1.613891e-02	-2.239004e-02	1.382275e-02	1.293669e-01	-1.141364e-01	8.207866e-02	8.095735e-02	-8.628164e-02	8.075762e-02	6.541968e-02	-8.742047e-02	6.045312e-02	-6.834118e-02	5.967730e-02	1.217669e-01	-1.275538e-01	
-4.643968e-01	1.000000e+00	1.903111e-01	-1.989167e-01	1.278157e-03	9.220522e-03	-2.627053e-02	9.219999e-02	-8.900074e-02	-2.386234e-02	2.337844e-02	-1.415067e-02	-7.476050e-02	4.244451e-02	-1.961759e-01	3.169639e-03	-1.356349e-04	-8.821515e-03	1.058644e-01	-1.109767e-01	-5.648758e-02	5.501517e-02	-4.145961e-02	-4.063480e-02	2.229127e-02	
-2.229573e-01	1.903111e-01	1.000000e+00	-7.224733e-01	-9.648971e-02	1.039516e-01	-9.977649e-02	-1.480959e-02	5.423009e-02	-4.463533e-01	5.641581e-01	-6.913972e-01	-5.732600e-02	2.420670e-01	-7.029138e-01	7.688042e-03	-1.633022e-02	3.061378e-02	-5.320164e-02	3.239034e-02	-4.205925e-01	5.336025e-01	-6.658527e-01	-6.861638e-02	2.242496e-01	
1.603731e-01	-1.989167e-01	-7.224733e-01	1.000000e+00	-4.516403e-01	4.966186e-01	-5.335600e-01	2.294354e-01	1.554315e-02	2.439192e-01	-3.052651e-01	3.731038e-01	1.312604e-02	-1.032799e-01	4.838136e-01	3.445131e-02	-3.197323e-02	2.490102e-02	6.415700e-03	-1.340099e-02	3.134205e-01	-3.934443e-01	4.876340e-01	5.697201e-02	-1.708294e-01	
1.009159e-02	1.278157e-03	-9.648971e-02	-4.516403e-01	1.000000e+00	-9.853246e-01	9.437320e-01	-7.249749e-01	3.395191e-01	1.213259e-01	-1.760260e-01	2.370388e-01	7.880414e-02	-9.904674e-02	1.328962e-01	-6.115454e-02	6.467200e-02	-6.678668e-02	3.327780e-02	-6.042662e-04	1.829149e-02	-3.557090e-02	5.666116e-02	2.299778e-02	-3.897946e-02	
-1.077384e-02	9.220522e-03	1.039516e-01	4.966186e-01	-9.853246e-01	1.000000e+00	-9.858375e-01	6.820077e-01	-2.759845e-01	-1.384365e-01	1.973793e-01	-2.631211e-01	-8.413063e-02	1.192118e-01	-1.471123e-01	6.697783e-02	-7.127000e-02	7.391518e-02	-3.406848e-02	-1.304785e-03	-2.317401e-02	4.112075e-02	-6.297366e-02	-2.168359e-02	3.912766e-02	
6.799269e-04	-2.627053e-02	-9.977649e-02	-5.335600e-01	9.437320e-01	-9.858375e-01	1.000000e+00	-6.238149e-01	2.124443e-01	1.547868e-01	-2.147756e-01	2.814690e-01	7.700307e-02	-1.228329e-01	1.534479e-01	-7.274475e-02	7.763562e-02	-8.033694e-02	3.070942e-02	6.909189e-03	2.305696e-02	-4.009200e-02	6.098038e-02	1.875792e-02	-3.544988e-02	
7.185760e-02	9.219999e-02	-1.480959e-02	2.294354e-01	-7.249749e-01	6.820077e-01	-6.238149e-01	1.000000e+00	-8.734043e-01	7.520257e-02	-4.644475e-02	4.078131e-03	-8.029923e-02	-5.240720e-02	-3.656363e-02	4.251484e-02	-4.276411e-02	3.938313e-02	1.258831e-02	-3.197051e-02	3.961288e-02	-3.778629e-02	3.354983e-02	-1.829464e-02	8.857327e-03	
-5.829645e-02	-8.900074e-02	5.423009e-02	1.554315e-02	3.395191e-01	-2.759845e-01	2.124443e-01	-8.734043e-01	1.000000e+00	-1.724811e-01	1.679545e-01	-1.490885e-01	6.262831e-02	1.420388e-01	-3.154523e-02	-6.998551e-03	4.453800e-03	3.662072e-04	-2.637901e-02	2.820980e-02	-5.532414e-02	5.999743e-02	-6.361359e-02	1.954701e-02	-2.159534e-03	
1.613891e-02	-2.386234e-02	-4.463533e-01	2.439192e-01	1.213259e-01	-1.384365e-01	1.547868e-01	7.520257e-02	-1.724811e-01	1.000000e+00	-9.826613e-01	9.158301e-01	-7.603774e-01	5.469997e-01	3.604412e-01	-2.729107e-02	3.786841e-02	-4.952159e-02	1.819434e-02	4.629675e-03	2.143043e-01	-2.672930e-01	3.292886e-01	-3.818318e-03	-7.268790e-02	
-2.239004e-02	2.337844e-02	5.641581e-01	-3.052651e-01	-1.760260e-01	1.973793e-01	-2.147756e-01	-4.644475e-02	1.679545e-01	-9.826613e-01	1.000000e+00	-9.737076e-01	6.989248e-01	-4.724339e-01	-4.467754e-01	3.221709e-02	-4.344538e-02	5.631354e-02	-2.753865e-02	8.007772e-04	-2.617429e-01	3.293978e-01	-4.094121e-01	-7.121777e-03	1.035513e-01	
1.382275e-02	-1.415067e-02	-6.913972e-01	3.731038e-01	2.370388e-01	-2.631211e-01	2.814690e-01	4.078131e-03	-1.490885e-01	9.158301e-01	-9.737076e-01	1.000000e+00	-5.769324e-01	3.439086e-01	5.408265e-01	-3.905404e-02	5.099799e-02	-6.506792e-02	3.813112e-02	-6.991191e-03	3.116080e-01	-3.954292e-01	4.958276e-01	2.011849e-02	-1.387389e-01	
1.293669e-01	-7.476050e-02	-5.732600e-02	1.312604e-02	7.880414e-02	-8.413063e-02	7.700307e-02	-8.029923e-02	6.262831e-02	-7.603774e-01	6.989248e-01	-5.769324e-01	1.000000e+00	-9.405312e-01	2.358725e-02	5.966003e-03	-1.201247e-02	1.621927e-02	2.178419e-02	-2.749190e-02	-2.620538e-03	-3.284567e-03	9.804604e-03	5.207237e-02	-5.950644e-02	
-1.141364e-01	4.244451e-02	2.420670e-01	-1.032799e-01	-9.904674e-02	1.192118e-01	-1.228329e-01	-5.240720e-02	1.420388e-01	5.469997e-01	-4.724339e-01	3.439086e-01	-9.405312e-01	1.000000e+00	-1.683763e-01	7.581823e-03	-4.819321e-03	4.615509e-03	-3.770111e-02	3.431463e-02	-8.586424e-02	1.147274e-01	-1.488436e-01	-5.160867e-02	9.358113e-02	
8.207866e-02	-1.961759e-01	-7.029138e-01	4.838136e-01	1.328962e-01	-1.471123e-01	1.534479e-01	-3.656363e-02	-3.154523e-02	3.604412e-01	-4.467754e-01	5.408265e-01	2.358725e-02	-1.683763e-01	1.000000e+00	-5.229965e-01	5.923784e-01	-6.462985e-01	1.581724e-01	1.255285e-01	2.125192e-01	-2.673728e-01	3.381561e-01	2.333918e-02	-9.457782e-02	
8.095735e-02	3.169639e-03	7.688042e-03	3.445131e-02	-6.115454e-02	6.697783e-02	-7.274475e-02	4.251484e-02	-6.998551e-03	-2.729107e-02	3.221709e-02	-3.905404e-02	5.966003e-03	7.581823e-03	-5.229965e-01	1.000000e+00	-9.829296e-01	9.346140e-01	-6.702813e-01	3.003345e-01	1.483019e-01	-1.795912e-01	2.077057e-01	-1.028647e-02	-1.114420e-02	
-8.628164e-02	-1.356349e-04	-1.633022e-02	-3.197323e-02	6.467200e-02	-7.127000e-02	7.763562e-02	-4.276411e-02	4.453800e-03	3.786841e-02	-4.344538e-02	5.099799e-02	-1.201247e-02	-4.819321e-03	5.923784e-01	-9.829296e-01	1.000000e+00	-9.836091e-01	6.118858e-01	-2.214616e-01	-1.511552e-01	1.866588e-01	-2.191347e-01	-2.090799e-03	3.141605e-02	
8.075762e-02	-8.821515e-03	3.061378e-02	2.490102e-02	-6.678668e-02	7.391518e-02	-8.033694e-02	3.938313e-02	3.662072e-04	-4.952159e-02	5.631354e-02	-6.506792e-02	1.621927e-02	4.615509e-03	-6.462985e-01	9.346140e-01	-9.836091e-01	1.000000e+00	-5.351635e-01	1.395664e-01	1.474992e-01	-1.853288e-01	2.204427e-01	1.058791e-02	-4.459963e-02	
6.541968e-02	1.058644e-01	-5.320164e-02	6.415700e-03	3.327780e-02	-3.406848e-02	3.070942e-02	1.258831e-02	-2.637901e-02	1.819434e-02	-2.753865e-02	3.813112e-02	2.178419e-02	-3.770111e-02	1.581724e-01	-6.702813e-01	6.118858e-01	-5.351635e-01	1.000000e+00	-8.928525e-01	-2.740665e-02	3.500450e-02	-4.279815e-02	7.634280e-02	-1.497206e-01	
-8.742047e-02	-1.109767e-01	3.239034e-02	-1.340099e-02	-6.042662e-04	-1.304785e-03	6.909189e-03	-3.197051e-02	2.820980e-02	4.629675e-03	8.007772e-04	-6.991191e-03	-2.749190e-02	3.431463e-02	1.255285e-01	3.003345e-01	-2.214616e-01	1.395664e-01	-8.928525e-01	1.000000e+00	-4.012725e-02	4.590144e-02	-4.868254e-02	-8.858981e-02	2.004370e-01	
6.045312e-02	-5.648758e-02	-4.205925e-01	3.134205e-01	1.829149e-02	-2.317401e-02	2.305696e-02	3.961288e-02	-5.532414e-02	2.143043e-01	-2.617429e-01	3.116080e-01	-2.620538e-03	-8.586424e-02	2.125192e-01	1.483019e-01	-1.511552e-01	1.474992e-01	-2.740665e-02	-4.012725e-02	1.000000e+00	-9.837081e-01	9.182640e-01	-7.632092e-01	5.938492e-01	
-6.834118e-02	5.501517e-02	5.336025e-01	-3.934443e-01	-3.557090e-02	4.112075e-02	-4.009200e-02	-3.778629e-02	5.999743e-02	-2.672930e-01	3.293978e-01	-3.954292e-01	-3.284567e-03	1.147274e-01	-2.673728e-01	-1.795912e-01	1.866588e-01	-1.853288e-01	3.500450e-02	4.590144e-02	-9.837081e-01	1.000000e+00	-9.736516e-01	7.125749e-01	-5.317379e-01	
5.967730e-02	-4.145961e-02	-6.658527e-01	4.876340e-01	5.666116e-02	-6.297366e-02	6.098038e-02	3.354983e-02	-6.361359e-02	3.292886e-01	-4.094121e-01	4.958276e-01	9.804604e-03	-1.488436e-01	3.381561e-01	2.077057e-01	-2.191347e-01	2.204427e-01	-4.279815e-02	-4.868254e-02	9.182640e-01	-9.736516e-01	1.000000e+00	-6.003520e-01	4.127540e-01	
1.217669e-01	-4.063480e-02	-6.861638e-02	5.697201e-02	2.299778e-02	-2.168359e-02	1.875792e-02	-1.829464e-02	1.954701e-02	-3.818318e-03	-7.121777e-03	2.011849e-02	5.207237e-02	-5.160867e-02	2.333918e-02	-1.028647e-02	-2.090799e-03	1.058791e-02	7.634280e-02	-8.858981e-02	-7.632092e-01	7.125749e-01	-6.003520e-01	1.000000e+00	-9.606003e-01	
-1.275538e-01	2.229127e-02	2.242496e-01	-1.708294e-01	-3.897946e-02	3.912766e-02	-3.544988e-02	8.857327e-03	-2.159534e-03	-7.268790e-02	1.035513e-01	-1.387389e-01	-5.950644e-02	9.358113e-02	-9.457782e-02	-1.114420e-02	3.141605e-02	-4.459963e-02	-1.497206e-01	2.004370e-01	5.938492e-01	-5.317379e-01	4.127540e-01	-9.606003e-01	1.000000e+00	

Time taken for mcmc chain: 58.983333 minutes
