Number of steps: 10446339
Number of accepted steps: 1000000
Burn-in number of steps: 320000
Accepted fraction of steps: 0.095727
Convergence Status
R[0]= 1.001581	R[1]= 1.003180	R[2]= 1.014048	R[3]= 1.007733	R[4]= 1.002393	R[5]= 1.002384	R[6]= 1.002262	R[7]= 1.000713	R[8]= 1.000493	R[9]= 1.001392	R[10]= 1.002093	R[11]= 1.003001	R[12]= 1.000085	R[13]= 1.000054	R[14]= 1.005328	R[15]= 1.000318	R[16]= 1.000413	R[17]= 1.000558	R[18]= 1.000365	R[19]= 1.000541	R[20]= 1.001578	R[21]= 1.001832	R[22]= 1.002618	R[23]= 1.003523	R[24]= 1.003969	
<R>= 1.002498

Mean parameters
A[0]= 9.027645e-01 pm 4.376116e-02
A[1]= 1.003691e+00 pm 3.002484e-02
A[2]= 5.576878e-01 pm 4.205233e-01
A[3]= 3.790302e+00 pm 1.305292e+00
A[4]= -3.546218e+03 pm 3.849673e+03
A[5]= 1.691131e+03 pm 2.520032e+03
A[6]= 3.158185e+01 pm 5.834301e+02
A[7]= 1.267100e+01 pm 1.279462e+01
A[8]= -2.255902e-01 pm 1.849233e-01
A[9]= -4.181684e+03 pm 8.318422e+03
A[10]= 1.631352e+03 pm 4.948006e+03
A[11]= -3.827947e+02 pm 1.021455e+03
A[12]= 1.973396e+01 pm 4.881152e+01
A[13]= -5.307318e-01 pm 9.436382e-01
A[14]= 5.653560e+00 pm 1.859383e+00
A[15]= -1.083724e+04 pm 5.471092e+03
A[16]= 6.969107e+03 pm 3.607831e+03
A[17]= -1.222585e+03 pm 8.424402e+02
A[18]= 1.524408e+01 pm 1.918617e+01
A[19]= -1.709006e-02 pm 2.737510e-01
A[20]= -2.678652e+03 pm 1.180584e+04
A[21]= 1.289884e+03 pm 7.142699e+03
A[22]= -5.586171e+02 pm 1.507355e+03
A[23]= 7.761189e+00 pm 6.911731e+01
A[24]= -4.004836e-01 pm 1.353454e+00

Best-fitting parameters
A[0]= 9.321592e-01
A[1]= 9.873136e-01
A[2]= 2.982139e-01
A[3]= 3.720181e+00
A[4]= -2.890930e+03
A[5]= 8.935722e+02
A[6]= 2.778446e+02
A[7]= 1.526283e+01
A[8]= -3.081545e-01
A[9]= 1.323319e+02
A[10]= -9.335284e+02
A[11]= 1.475207e+02
A[12]= 1.879093e+01
A[13]= -7.117756e-01
A[14]= 6.630005e+00
A[15]= -1.350329e+04
A[16]= 8.492693e+03
A[17]= -1.523640e+03
A[18]= 2.931357e+01
A[19]= -1.764575e-01
A[20]= -1.094629e+03
A[21]= 5.933551e+02
A[22]= -4.472639e+02
A[23]= 4.669045e+01
A[24]= -1.239851e+00
chi2_min= 8.680839e+01


Cross-Covariance parameters
1.000000e+00	-5.635244e-01	-1.590061e-01	1.182641e-01	-8.349879e-04	1.320129e-02	-3.270155e-02	4.471237e-02	4.562599e-03	-2.125978e-02	4.213594e-02	-8.638158e-02	1.278703e-01	-7.511680e-02	7.571060e-02	5.311729e-02	-4.454649e-02	2.617760e-02	6.685487e-02	-4.977715e-02	1.011361e-03	1.989024e-02	-6.862882e-02	1.401750e-01	-1.001432e-01	
-5.635244e-01	1.000000e+00	2.364071e-01	-2.460731e-01	4.334689e-03	-6.778754e-03	4.139249e-03	1.409106e-01	-1.534827e-01	9.164196e-03	-1.372721e-02	2.960412e-02	-1.248106e-01	6.424381e-02	-2.465207e-01	-1.477279e-02	1.325267e-02	-1.563637e-02	1.312734e-01	-1.251935e-01	-1.639110e-02	1.291275e-02	8.376296e-03	-1.232675e-01	8.928207e-02	
-1.590061e-01	2.364071e-01	1.000000e+00	-6.566930e-01	4.551821e-03	1.166761e-03	2.901177e-04	-3.861318e-02	1.790607e-02	-3.514461e-01	4.622746e-01	-5.946984e-01	-1.596967e-01	2.682468e-01	-6.216568e-01	-1.240357e-01	1.302551e-01	-1.272759e-01	-2.209184e-03	4.007577e-02	-3.912550e-01	5.050300e-01	-6.332885e-01	-2.157880e-01	3.445444e-01	
1.182641e-01	-2.460731e-01	-6.566930e-01	1.000000e+00	-5.744028e-01	6.275539e-01	-6.662628e-01	6.938545e-02	2.305870e-01	1.484806e-01	-2.015506e-01	2.724009e-01	5.508210e-02	-6.104696e-02	4.487972e-01	6.313980e-02	-6.597544e-02	6.387811e-02	-2.346713e-02	5.034816e-03	2.543612e-01	-3.279360e-01	4.106272e-01	1.426257e-01	-2.221296e-01	
-8.349879e-04	4.334689e-03	4.551821e-03	-5.744028e-01	1.000000e+00	-9.858515e-01	9.465551e-01	-5.531546e-01	1.388308e-01	7.713200e-02	-1.087168e-01	1.403684e-01	9.402325e-02	-1.085714e-01	-2.155289e-02	3.418722e-02	-3.586414e-02	3.691897e-02	3.767480e-03	-1.853831e-02	9.071403e-03	-1.140590e-02	1.332388e-02	7.034375e-03	-1.195836e-02	
1.320129e-02	-6.778754e-03	1.166761e-03	6.275539e-01	-9.858515e-01	1.000000e+00	-9.867727e-01	4.906802e-01	-6.459244e-02	-8.862068e-02	1.240613e-01	-1.601025e-01	-1.022696e-01	1.311319e-01	1.868477e-02	-3.437149e-02	3.675782e-02	-3.874033e-02	-3.338722e-03	1.857792e-02	-1.029788e-02	1.377802e-02	-1.747366e-02	-1.003125e-02	1.613469e-02	
-3.270155e-02	4.139249e-03	2.901177e-04	-6.662628e-01	9.465551e-01	-9.867727e-01	1.000000e+00	-4.224509e-01	-3.851150e-04	1.009439e-01	-1.383445e-01	1.765353e-01	9.789512e-02	-1.371523e-01	-1.740697e-02	3.178537e-02	-3.482159e-02	3.796610e-02	-4.640626e-04	-1.474611e-02	8.263207e-03	-1.210832e-02	1.682095e-02	1.064083e-02	-1.675466e-02	
4.471237e-02	1.409106e-01	-3.861318e-02	6.938545e-02	-5.531546e-01	4.906802e-01	-4.224509e-01	1.000000e+00	-8.807226e-01	1.125382e-01	-1.015582e-01	7.838372e-02	-5.226222e-02	-1.092077e-01	-1.247000e-03	5.364069e-03	-4.488074e-03	5.634273e-04	4.135489e-02	-3.532470e-02	2.620405e-02	-2.993609e-02	3.393392e-02	3.006869e-03	-1.285109e-02	
4.562599e-03	-1.534827e-01	1.790607e-02	2.305870e-01	1.388308e-01	-6.459244e-02	-3.851150e-04	-8.807226e-01	1.000000e+00	-1.633331e-01	1.668466e-01	-1.564229e-01	1.939639e-02	1.927635e-01	2.090305e-02	-1.752434e-02	1.776980e-02	-1.574021e-02	-3.487629e-02	3.689969e-02	-2.523310e-02	2.935002e-02	-3.467829e-02	3.318604e-03	8.720253e-03	
-2.125978e-02	9.164196e-03	-3.514461e-01	1.484806e-01	7.713200e-02	-8.862068e-02	1.009439e-01	1.125382e-01	-1.633331e-01	1.000000e+00	-9.841884e-01	9.195406e-01	-7.473151e-01	5.701064e-01	2.068333e-01	6.644948e-02	-6.995722e-02	6.985200e-02	-1.237253e-03	-2.006426e-02	1.480967e-01	-1.954008e-01	2.515525e-01	7.444732e-02	-1.281653e-01	
4.213594e-02	-1.372721e-02	4.622746e-01	-2.015506e-01	-1.087168e-01	1.240613e-01	-1.383445e-01	-1.015582e-01	1.668466e-01	-9.841884e-01	1.000000e+00	-9.737859e-01	7.006507e-01	-5.171506e-01	-2.767118e-01	-8.031529e-02	8.499573e-02	-8.526927e-02	1.108834e-03	2.525715e-02	-1.963094e-01	2.581331e-01	-3.317720e-01	-9.514716e-02	1.666039e-01	
-8.638158e-02	2.960412e-02	-5.946984e-01	2.724009e-01	1.403684e-01	-1.601025e-01	1.765353e-01	7.838372e-02	-1.564229e-01	9.195406e-01	-9.737859e-01	1.000000e+00	-5.965128e-01	4.133971e-01	3.615376e-01	9.504796e-02	-1.012771e-01	1.023037e-01	-1.896232e-03	-3.071437e-02	2.548782e-01	-3.348048e-01	4.307028e-01	1.176624e-01	-2.115010e-01	
1.278703e-01	-1.248106e-01	-1.596967e-01	5.508210e-02	9.402325e-02	-1.022696e-01	9.789512e-02	-5.226222e-02	1.939639e-02	-7.473151e-01	7.006507e-01	-5.965128e-01	1.000000e+00	-9.496149e-01	1.105775e-01	9.897323e-03	-1.073983e-02	9.521373e-03	1.262355e-02	-1.509221e-02	5.767290e-02	-7.007941e-02	8.079422e-02	4.827583e-02	-6.295306e-02	
-7.511680e-02	6.424381e-02	2.682468e-01	-6.104696e-02	-1.085714e-01	1.311319e-01	-1.371523e-01	-1.092077e-01	1.927635e-01	5.701064e-01	-5.171506e-01	4.133971e-01	-9.496149e-01	1.000000e+00	-1.700082e-01	-2.867234e-02	3.091521e-02	-2.997961e-02	-1.912580e-02	2.883382e-02	-1.101286e-01	1.390739e-01	-1.705994e-01	-6.375458e-02	1.004505e-01	
7.571060e-02	-2.465207e-01	-6.216568e-01	4.487972e-01	-2.155289e-02	1.868477e-02	-1.740697e-02	-1.247000e-03	2.090305e-02	2.068333e-01	-2.767118e-01	3.615376e-01	1.105775e-01	-1.700082e-01	1.000000e+00	-5.011514e-01	5.602104e-01	-6.050203e-01	-5.562623e-02	2.993767e-01	1.219674e-01	-1.762863e-01	2.461857e-01	8.981957e-02	-1.152110e-01	
5.311729e-02	-1.477279e-02	-1.240357e-01	6.313980e-02	3.418722e-02	-3.437149e-02	3.178537e-02	5.364069e-03	-1.752434e-02	6.644948e-02	-8.031529e-02	9.504796e-02	9.897323e-03	-2.867234e-02	-5.011514e-01	1.000000e+00	-9.850571e-01	9.435973e-01	-4.746888e-01	9.350337e-02	2.291046e-01	-2.635611e-01	2.915131e-01	4.170240e-02	-9.154168e-02	
-4.454649e-02	1.325267e-02	1.302551e-01	-6.597544e-02	-3.586414e-02	3.675782e-02	-3.482159e-02	-4.488074e-03	1.776980e-02	-6.995722e-02	8.499573e-02	-1.012771e-01	-1.073983e-02	3.091521e-02	5.602104e-01	-9.850571e-01	1.000000e+00	-9.860764e-01	3.955557e-01	-4.076401e-03	-2.392774e-01	2.783176e-01	-3.110517e-01	-5.685503e-02	1.172075e-01	
2.617760e-02	-1.563637e-02	-1.272759e-01	6.387811e-02	3.691897e-02	-3.874033e-02	3.796610e-02	5.634273e-04	-1.574021e-02	6.985200e-02	-8.526927e-02	1.023037e-01	9.521373e-03	-2.997961e-02	-6.050203e-01	9.435973e-01	-9.860764e-01	1.000000e+00	-3.117509e-01	-7.685313e-02	2.410797e-01	-2.831174e-01	3.194753e-01	6.629081e-02	-1.335758e-01	
6.685487e-02	1.312734e-01	-2.209184e-03	-2.346713e-02	3.767480e-03	-3.338722e-03	-4.640626e-04	4.135489e-02	-3.487629e-02	-1.237253e-03	1.108834e-03	-1.896232e-03	1.262355e-02	-1.912580e-02	-5.562623e-02	-4.746888e-01	3.955557e-01	-3.117509e-01	1.000000e+00	-9.054568e-01	-1.497643e-02	1.872093e-02	-2.483118e-02	8.450501e-02	-1.599954e-01	
-4.977715e-02	-1.251935e-01	4.007577e-02	5.034816e-03	-1.853831e-02	1.857792e-02	-1.474611e-02	-3.532470e-02	3.689969e-02	-2.006426e-02	2.525715e-02	-3.071437e-02	-1.509221e-02	2.883382e-02	2.993767e-01	9.350337e-02	-4.076401e-03	-7.685313e-02	-9.054568e-01	1.000000e+00	-8.121828e-02	9.201496e-02	-9.728593e-02	-1.071138e-01	2.224219e-01	
1.011361e-03	-1.639110e-02	-3.912550e-01	2.543612e-01	9.071403e-03	-1.029788e-02	8.263207e-03	2.620405e-02	-2.523310e-02	1.480967e-01	-1.963094e-01	2.548782e-01	5.767290e-02	-1.101286e-01	1.219674e-01	2.291046e-01	-2.392774e-01	2.410797e-01	-1.497643e-02	-8.121828e-02	1.000000e+00	-9.840989e-01	9.203386e-01	-6.889757e-01	5.200551e-01	
1.989024e-02	1.291275e-02	5.050300e-01	-3.279360e-01	-1.140590e-02	1.377802e-02	-1.210832e-02	-2.993609e-02	2.935002e-02	-1.954008e-01	2.581331e-01	-3.348048e-01	-7.007941e-02	1.390739e-01	-1.762863e-01	-2.635611e-01	2.783176e-01	-2.831174e-01	1.872093e-02	9.201496e-02	-9.840989e-01	1.000000e+00	-9.743912e-01	6.267063e-01	-4.487063e-01	
-6.862882e-02	8.376296e-03	-6.332885e-01	4.106272e-01	1.332388e-02	-1.747366e-02	1.682095e-02	3.393392e-02	-3.467829e-02	2.515525e-01	-3.317720e-01	4.307028e-01	8.079422e-02	-1.705994e-01	2.461857e-01	2.915131e-01	-3.110517e-01	3.194753e-01	-2.483118e-02	-9.728593e-02	9.203386e-01	-9.743912e-01	1.000000e+00	-5.101976e-01	3.284102e-01	
1.401750e-01	-1.232675e-01	-2.157880e-01	1.426257e-01	7.034375e-03	-1.003125e-02	1.064083e-02	3.006869e-03	3.318604e-03	7.444732e-02	-9.514716e-02	1.176624e-01	4.827583e-02	-6.375458e-02	8.981957e-02	4.170240e-02	-5.685503e-02	6.629081e-02	8.450501e-02	-1.071138e-01	-6.889757e-01	6.267063e-01	-5.101976e-01	1.000000e+00	-9.647612e-01	
-1.001432e-01	8.928207e-02	3.445444e-01	-2.221296e-01	-1.195836e-02	1.613469e-02	-1.675466e-02	-1.285109e-02	8.720253e-03	-1.281653e-01	1.666039e-01	-2.115010e-01	-6.295306e-02	1.004505e-01	-1.152110e-01	-9.154168e-02	1.172075e-01	-1.335758e-01	-1.599954e-01	2.224219e-01	5.200551e-01	-4.487063e-01	3.284102e-01	-9.647612e-01	1.000000e+00	

Time taken for mcmc chain: 1.958056 hours
