Number of steps: 4158295
Number of accepted steps: 1000000
Burn-in number of steps: 320000
Accepted fraction of steps: 0.240483
Convergence Status
R[0]= 1.000784	R[1]= 1.006186	R[2]= 1.155512	R[3]= 1.147869	R[4]= 1.013598	R[5]= 1.016512	R[6]= 1.019533	R[7]= 1.005604	R[8]= 1.001153	R[9]= 1.030080	R[10]= 1.048637	R[11]= 1.075181	R[12]= 1.001074	R[13]= 1.007134	R[14]= 1.190758	R[15]= 1.009101	R[16]= 1.012407	R[17]= 1.015882	R[18]= 1.000422	R[19]= 1.002295	R[20]= 1.010927	R[21]= 1.022896	R[22]= 1.044625	R[23]= 1.005592	R[24]= 1.015079	
<R>= 1.034354

Mean parameters
A[0]= 9.244499e-01 pm 3.354741e-02
A[1]= 1.045998e+00 pm 2.915344e-02
A[2]= 7.089284e-01 pm 4.513782e-01
A[3]= 4.374790e+00 pm 1.567905e+00
A[4]= -4.017317e+03 pm 3.715298e+03
A[5]= 2.012400e+03 pm 2.443677e+03
A[6]= -2.418518e+01 pm 5.730325e+02
A[7]= 1.637944e+01 pm 1.320335e+01
A[8]= -2.616983e-01 pm 1.820950e-01
A[9]= -4.305255e+03 pm 8.413593e+03
A[10]= 2.000633e+03 pm 5.090598e+03
A[11]= -5.268610e+02 pm 1.077234e+03
A[12]= 1.707346e+01 pm 4.856681e+01
A[13]= -4.910912e-01 pm 9.443505e-01
A[14]= 6.127804e+00 pm 2.127401e+00
A[15]= -6.540331e+03 pm 5.383820e+03
A[16]= 4.754330e+03 pm 3.549909e+03
A[17]= -8.195129e+02 pm 8.345856e+02
A[18]= 1.486286e+00 pm 1.928625e+01
A[19]= 1.471907e-01 pm 2.654195e-01
A[20]= 5.302534e+03 pm 1.193943e+04
A[21]= -2.866782e+03 pm 7.208975e+03
A[22]= 1.004451e+02 pm 1.523631e+03
A[23]= -5.075874e+01 pm 6.845157e+01
A[24]= 7.564899e-01 pm 1.340911e+00

Best-fitting parameters
A[0]= 9.218718e-01
A[1]= 1.042854e+00
A[2]= 9.132503e-01
A[3]= 4.188265e+00
A[4]= -4.875711e+03
A[5]= 2.758646e+03
A[6]= -2.228653e+02
A[7]= 8.850665e+00
A[8]= -1.233031e-01
A[9]= -1.082403e+04
A[10]= 6.385659e+03
A[11]= -1.515020e+03
A[12]= 2.724920e+01
A[13]= -3.690280e-01
A[14]= 5.767091e+00
A[15]= -7.456156e+03
A[16]= 5.691115e+03
A[17]= -1.095543e+03
A[18]= -2.770999e+00
A[19]= 2.503181e-01
A[20]= 3.418671e+03
A[21]= -7.076116e+02
A[22]= -6.094130e+02
A[23]= -6.129719e+01
A[24]= 9.493579e-01
chi2_min= 8.805433e+01


Cross-Covariance parameters
1.000000e+00	-4.794828e-01	-1.401884e-01	9.027628e-02	1.112911e-02	-8.776459e-03	-3.146287e-03	8.230094e-02	-6.352971e-02	-1.965332e-02	2.917156e-02	-5.779781e-02	1.312179e-01	-1.030776e-01	-2.172756e-02	1.436526e-01	-1.495301e-01	1.438929e-01	4.612127e-02	-8.445394e-02	3.407234e-02	-2.283730e-02	-1.142420e-02	1.303862e-01	-1.156352e-01	
-4.794828e-01	1.000000e+00	1.698000e-01	-1.990472e-01	-6.669267e-03	7.460759e-03	-1.616939e-02	1.359726e-01	-1.376486e-01	8.340003e-03	-1.371348e-02	2.711508e-02	-9.480446e-02	4.892478e-02	-1.859584e-01	-4.190838e-02	4.485281e-02	-5.321959e-02	1.450757e-01	-1.260882e-01	-2.311484e-02	2.088538e-02	-5.700837e-03	-7.913304e-02	5.611911e-02	
-1.401884e-01	1.698000e-01	1.000000e+00	-7.413496e-01	4.940382e-02	-5.265603e-02	6.323187e-02	-7.466284e-02	3.853184e-02	-4.118229e-01	5.231830e-01	-6.518311e-01	-9.326707e-02	2.313550e-01	-6.659044e-01	-8.068590e-02	8.504747e-02	-8.083731e-02	-2.740228e-02	5.052592e-02	-3.916634e-01	5.036181e-01	-6.366963e-01	-1.775460e-01	3.217770e-01	
9.027628e-02	-1.990472e-01	-7.413496e-01	1.000000e+00	-5.301779e-01	5.858267e-01	-6.283644e-01	1.620710e-01	1.105986e-01	2.432804e-01	-3.085758e-01	3.878396e-01	3.619617e-03	-6.251537e-02	5.044545e-01	8.880246e-02	-9.091578e-02	8.764051e-02	2.187069e-03	-3.037874e-02	3.188083e-01	-4.036581e-01	5.035010e-01	1.172870e-01	-2.325136e-01	
1.112911e-02	-6.669267e-03	4.940382e-02	-5.301779e-01	1.000000e+00	-9.846280e-01	9.422227e-01	-6.479585e-01	2.677526e-01	4.156476e-02	-7.143168e-02	1.030162e-01	1.092842e-01	-9.674153e-02	-2.606178e-02	-1.815211e-02	1.171693e-02	-6.179794e-03	-7.068343e-03	8.370747e-03	-4.739330e-02	5.005365e-02	-5.294923e-02	2.259396e-02	-9.756117e-03	
-8.776459e-03	7.460759e-03	-5.265603e-02	5.858267e-01	-9.846280e-01	1.000000e+00	-9.857187e-01	5.933688e-01	-1.975154e-01	-5.033175e-02	8.302857e-02	-1.177834e-01	-1.204292e-01	1.207688e-01	2.388139e-02	2.248328e-02	-1.663312e-02	1.143794e-02	7.363699e-03	-1.042702e-02	5.228015e-02	-5.534299e-02	5.841920e-02	-2.451559e-02	1.012693e-02	
-3.146287e-03	-1.616939e-02	6.323187e-02	-6.283644e-01	9.422227e-01	-9.857187e-01	1.000000e+00	-5.296162e-01	1.338644e-01	6.020391e-02	-9.334495e-02	1.284321e-01	1.173628e-01	-1.267212e-01	-2.391578e-02	-2.858776e-02	2.345001e-02	-1.831721e-02	-1.131907e-02	1.684764e-02	-5.850467e-02	6.285561e-02	-6.707329e-02	2.210268e-02	-5.008038e-03	
8.230094e-02	1.359726e-01	-7.466284e-02	1.620710e-01	-6.479585e-01	5.933688e-01	-5.296162e-01	1.000000e+00	-8.872023e-01	1.144511e-01	-1.000564e-01	7.371138e-02	-5.923591e-02	-1.007668e-01	2.161365e-02	1.302480e-02	-7.857318e-03	-2.973329e-04	6.002583e-02	-5.762459e-02	4.340062e-02	-4.936192e-02	5.571815e-02	2.360920e-03	-1.701890e-02	
-6.352971e-02	-1.376486e-01	3.853184e-02	1.105986e-01	2.677526e-01	-1.975154e-01	1.338644e-01	-8.872023e-01	1.000000e+00	-1.546318e-01	1.520415e-01	-1.351976e-01	1.865527e-02	1.877218e-01	-8.924409e-03	5.333080e-03	-8.750381e-03	1.494115e-02	-5.819014e-02	5.328790e-02	-1.324518e-02	1.636021e-02	-2.022661e-02	-1.073570e-02	1.796867e-02	
-1.965332e-02	8.340003e-03	-4.118229e-01	2.432804e-01	4.156476e-02	-5.033175e-02	6.020391e-02	1.144511e-01	-1.546318e-01	1.000000e+00	-9.839819e-01	9.206559e-01	-7.499217e-01	5.644692e-01	2.602342e-01	5.392827e-02	-5.818114e-02	5.762269e-02	1.643572e-02	-3.978570e-02	1.900150e-01	-2.414710e-01	3.024696e-01	4.616230e-02	-1.154301e-01	
2.917156e-02	-1.371348e-02	5.231830e-01	-3.085758e-01	-7.143168e-02	8.302857e-02	-9.334495e-02	-1.000564e-01	1.520415e-01	-9.839819e-01	1.000000e+00	-9.747126e-01	6.990133e-01	-5.061847e-01	-3.427739e-01	-5.567282e-02	5.992500e-02	-5.860739e-02	-2.152357e-02	4.431159e-02	-2.319321e-01	2.971010e-01	-3.753970e-01	-6.716063e-02	1.538372e-01	
-5.779781e-02	2.711508e-02	-6.518311e-01	3.878396e-01	1.030162e-01	-1.177834e-01	1.284321e-01	7.371138e-02	-1.351976e-01	9.206559e-01	-9.747126e-01	1.000000e+00	-5.910358e-01	3.976713e-01	4.393313e-01	5.593961e-02	-6.025493e-02	5.834235e-02	2.583105e-02	-4.739262e-02	2.803754e-01	-3.618539e-01	4.610947e-01	9.044338e-02	-1.978043e-01	
1.312179e-01	-9.480446e-02	-9.326707e-02	3.619617e-03	1.092842e-01	-1.204292e-01	1.173628e-01	-5.923591e-02	1.865527e-02	-7.499217e-01	6.990133e-01	-5.910358e-01	1.000000e+00	-9.488909e-01	6.944285e-02	-1.706070e-04	-1.252901e-03	1.646340e-03	3.813361e-03	8.928825e-04	2.414927e-03	-1.014788e-02	1.881288e-02	6.250832e-02	-6.669694e-02	
-1.030776e-01	4.892478e-02	2.313550e-01	-6.251537e-02	-9.674153e-02	1.207688e-01	-1.267212e-01	-1.007668e-01	1.877218e-01	5.644692e-01	-5.061847e-01	3.976713e-01	-9.488909e-01	1.000000e+00	-1.617075e-01	-7.767792e-03	9.764380e-03	-9.099861e-03	-1.924092e-02	1.810706e-02	-5.938119e-02	8.542854e-02	-1.171183e-01	-8.430109e-02	1.128440e-01	
-2.172756e-02	-1.859584e-01	-6.659044e-01	5.044545e-01	-2.606178e-02	2.388139e-02	-2.391578e-02	2.161365e-02	-8.924409e-03	2.602342e-01	-3.427739e-01	4.393313e-01	6.944285e-02	-1.617075e-01	1.000000e+00	-4.833265e-01	5.415788e-01	-5.868936e-01	5.020767e-02	1.968668e-01	1.464080e-01	-2.038818e-01	2.835449e-01	7.421490e-02	-1.251662e-01	
1.436526e-01	-4.190838e-02	-8.068590e-02	8.880246e-02	-1.815211e-02	2.248328e-02	-2.858776e-02	1.302480e-02	5.333080e-03	5.392827e-02	-5.567282e-02	5.593961e-02	-1.706070e-04	-7.767792e-03	-4.833265e-01	1.000000e+00	-9.844202e-01	9.407585e-01	-5.717857e-01	1.942204e-01	2.117181e-01	-2.488706e-01	2.778431e-01	3.304438e-02	-7.442879e-02	
-1.495301e-01	4.485281e-02	8.504747e-02	-9.091578e-02	1.171693e-02	-1.663312e-02	2.345001e-02	-7.857318e-03	-8.750381e-03	-5.818114e-02	5.992500e-02	-6.025493e-02	-1.252901e-03	9.764380e-03	5.415788e-01	-9.844202e-01	1.000000e+00	-9.852623e-01	5.025609e-01	-1.103909e-01	-2.251594e-01	2.669242e-01	-3.003093e-01	-4.642054e-02	9.802252e-02	
1.438929e-01	-5.321959e-02	-8.083731e-02	8.764051e-02	-6.179794e-03	1.143794e-02	-1.831721e-02	-2.973329e-04	1.494115e-02	5.762269e-02	-5.860739e-02	5.834235e-02	1.646340e-03	-9.099861e-03	-5.868936e-01	9.407585e-01	-9.852623e-01	1.000000e+00	-4.232648e-01	3.068360e-02	2.302044e-01	-2.745726e-01	3.106826e-01	5.447271e-02	-1.127597e-01	
4.612127e-02	1.450757e-01	-2.740228e-02	2.187069e-03	-7.068343e-03	7.363699e-03	-1.131907e-02	6.002583e-02	-5.819014e-02	1.643572e-02	-2.152357e-02	2.583105e-02	3.813361e-03	-1.924092e-02	5.020767e-02	-5.717857e-01	5.025609e-01	-4.232648e-01	1.000000e+00	-9.008695e-01	-2.555133e-02	3.090897e-02	-3.554789e-02	8.543563e-02	-1.571181e-01	
-8.445394e-02	-1.260882e-01	5.052592e-02	-3.037874e-02	8.370747e-03	-1.042702e-02	1.684764e-02	-5.762459e-02	5.328790e-02	-3.978570e-02	4.431159e-02	-4.739262e-02	8.928825e-04	1.810706e-02	1.968668e-01	1.942204e-01	-1.103909e-01	3.068360e-02	-9.008695e-01	1.000000e+00	-6.484013e-02	7.632712e-02	-8.428682e-02	-1.159507e-01	2.276977e-01	
3.407234e-02	-2.311484e-02	-3.916634e-01	3.188083e-01	-4.739330e-02	5.228015e-02	-5.850467e-02	4.340062e-02	-1.324518e-02	1.900150e-01	-2.319321e-01	2.803754e-01	2.414927e-03	-5.938119e-02	1.464080e-01	2.117181e-01	-2.251594e-01	2.302044e-01	-2.555133e-02	-6.484013e-02	1.000000e+00	-9.839642e-01	9.187988e-01	-7.077495e-01	5.339913e-01	
-2.283730e-02	2.088538e-02	5.036181e-01	-4.036581e-01	5.005365e-02	-5.534299e-02	6.285561e-02	-4.936192e-02	1.636021e-02	-2.414710e-01	2.971010e-01	-3.618539e-01	-1.014788e-02	8.542854e-02	-2.038818e-01	-2.488706e-01	2.669242e-01	-2.745726e-01	3.090897e-02	7.632712e-02	-9.839642e-01	1.000000e+00	-9.736904e-01	6.464719e-01	-4.621378e-01	
-1.142420e-02	-5.700837e-03	-6.366963e-01	5.035010e-01	-5.294923e-02	5.841920e-02	-6.707329e-02	5.571815e-02	-2.022661e-02	3.024696e-01	-3.753970e-01	4.610947e-01	1.881288e-02	-1.171183e-01	2.835449e-01	2.778431e-01	-3.003093e-01	3.106826e-01	-3.554789e-02	-8.428682e-02	9.187988e-01	-9.736904e-01	1.000000e+00	-5.259007e-01	3.361556e-01	
1.303862e-01	-7.913304e-02	-1.775460e-01	1.172870e-01	2.259396e-02	-2.451559e-02	2.210268e-02	2.360920e-03	-1.073570e-02	4.616230e-02	-6.716063e-02	9.044338e-02	6.250832e-02	-8.430109e-02	7.421490e-02	3.304438e-02	-4.642054e-02	5.447271e-02	8.543563e-02	-1.159507e-01	-7.077495e-01	6.464719e-01	-5.259007e-01	1.000000e+00	-9.635991e-01	
-1.156352e-01	5.611911e-02	3.217770e-01	-2.325136e-01	-9.756117e-03	1.012693e-02	-5.008038e-03	-1.701890e-02	1.796867e-02	-1.154301e-01	1.538372e-01	-1.978043e-01	-6.669694e-02	1.128440e-01	-1.251662e-01	-7.442879e-02	9.802252e-02	-1.127597e-01	-1.571181e-01	2.276977e-01	5.339913e-01	-4.621378e-01	3.361556e-01	-9.635991e-01	1.000000e+00	

Time taken for mcmc chain: 25.083333 minutes
