Number of steps: 18030358
Number of accepted steps: 1000000
Burn-in number of steps: 320000
Accepted fraction of steps: 0.055462
Convergence Status
R[0]= 1.000889	R[1]= 1.000828	R[2]= 1.004467	R[3]= 1.001025	R[4]= 1.000212	R[5]= 1.000343	R[6]= 1.000477	R[7]= 1.000301	R[8]= 1.000450	R[9]= 1.000798	R[10]= 1.000928	R[11]= 1.001096	R[12]= 1.000563	R[13]= 1.000512	R[14]= 1.000364	R[15]= 1.001126	R[16]= 1.001217	R[17]= 1.001253	R[18]= 1.000239	R[19]= 1.000287	R[20]= 1.000342	R[21]= 1.000458	R[22]= 1.000787	R[23]= 1.001437	R[24]= 1.001936	
<R>= 1.000893

Mean parameters
A[0]= 9.404324e-01 pm 3.904335e-02
A[1]= 1.047534e+00 pm 3.012726e-02
A[2]= 6.157674e-01 pm 4.178235e-01
A[3]= 3.635412e+00 pm 1.198177e+00
A[4]= -4.227411e+03 pm 3.860438e+03
A[5]= 2.168380e+03 pm 2.540493e+03
A[6]= -7.046428e+01 pm 5.967104e+02
A[7]= 1.787892e+01 pm 1.326362e+01
A[8]= -2.746042e-01 pm 1.808598e-01
A[9]= -4.129144e+03 pm 8.313774e+03
A[10]= 1.820945e+03 pm 5.012844e+03
A[11]= -4.763478e+02 pm 1.061326e+03
A[12]= 2.127807e+01 pm 4.818377e+01
A[13]= -5.862183e-01 pm 9.304946e-01
A[14]= 5.162540e+00 pm 1.621329e+00
A[15]= -7.116477e+03 pm 5.353698e+03
A[16]= 5.154155e+03 pm 3.525229e+03
A[17]= -9.248329e+02 pm 8.291918e+02
A[18]= 3.930667e+00 pm 1.937617e+01
A[19]= 1.299960e-01 pm 2.650707e-01
A[20]= 5.455574e+03 pm 1.187542e+04
A[21]= -3.051102e+03 pm 7.215671e+03
A[22]= 1.552496e+02 pm 1.538790e+03
A[23]= -4.445084e+01 pm 6.805719e+01
A[24]= 6.240320e-01 pm 1.321189e+00

Best-fitting parameters
A[0]= 9.634321e-01
A[1]= 1.043267e+00
A[2]= 6.854730e-01
A[3]= 3.370070e+00
A[4]= -3.032965e+03
A[5]= 1.561489e+03
A[6]= 2.292080e+01
A[7]= 1.042339e+01
A[8]= -1.862188e-01
A[9]= -7.414599e+03
A[10]= 3.789186e+03
A[11]= -9.238919e+02
A[12]= 2.943518e+01
A[13]= -6.699761e-01
A[14]= 5.135519e+00
A[15]= -7.310374e+03
A[16]= 5.519447e+03
A[17]= -1.071524e+03
A[18]= -2.681029e+00
A[19]= 2.332455e-01
A[20]= -3.531750e+03
A[21]= 2.438748e+03
A[22]= -9.706762e+02
A[23]= -1.936526e+01
A[24]= 4.675729e-01
chi2_min= 8.829550e+01


Cross-Covariance parameters
1.000000e+00	-5.242429e-01	-1.316004e-01	6.395376e-02	3.260769e-02	-3.122636e-02	2.067523e-02	7.427467e-02	-6.786897e-02	-4.151004e-02	5.564547e-02	-9.010999e-02	1.642901e-01	-1.293801e-01	2.533396e-02	7.768718e-02	-7.994640e-02	7.272702e-02	7.791866e-02	-8.851982e-02	-4.835559e-03	2.010874e-02	-5.941657e-02	1.565811e-01	-1.293601e-01	
-5.242429e-01	1.000000e+00	1.412164e-01	-1.538065e-01	-2.836784e-02	3.187204e-02	-4.177754e-02	1.356687e-01	-1.282520e-01	5.025590e-02	-5.872507e-02	7.739143e-02	-1.332505e-01	7.374671e-02	-2.008200e-01	1.900203e-02	-1.664782e-02	7.295294e-03	1.168006e-01	-1.236202e-01	3.256001e-02	-4.176344e-02	6.583539e-02	-9.877483e-02	5.472229e-02	
-1.316004e-01	1.412164e-01	1.000000e+00	-6.828531e-01	-1.248953e-02	1.428275e-02	-8.370084e-03	-3.045733e-02	3.001823e-02	-3.880149e-01	5.056981e-01	-6.412957e-01	-1.001235e-01	2.410656e-01	-6.378917e-01	-1.178055e-01	1.230008e-01	-1.193976e-01	-1.400333e-02	5.021609e-02	-4.210375e-01	5.328248e-01	-6.608134e-01	-1.214686e-01	2.722281e-01	
6.395376e-02	-1.538065e-01	-6.828531e-01	1.000000e+00	-5.422213e-01	5.966702e-01	-6.379207e-01	1.691477e-01	1.158407e-01	2.057881e-01	-2.654137e-01	3.384383e-01	-3.232787e-03	-4.893583e-02	4.567177e-01	8.466070e-02	-8.825876e-02	8.729244e-02	-1.051424e-02	-1.678228e-02	2.952257e-01	-3.734985e-01	4.633628e-01	7.835860e-02	-1.816820e-01	
3.260769e-02	-2.836784e-02	-1.248953e-02	-5.422213e-01	1.000000e+00	-9.853956e-01	9.445761e-01	-6.564320e-01	2.600965e-01	6.027714e-02	-9.701775e-02	1.376475e-01	1.240308e-01	-1.194931e-01	1.934920e-02	-1.653926e-03	-1.589037e-04	1.355720e-03	3.464472e-03	-5.212252e-03	4.750789e-03	-5.818471e-03	6.359069e-03	1.311064e-02	-1.596530e-02	
-3.122636e-02	3.187204e-02	1.428275e-02	5.966702e-01	-9.853956e-01	1.000000e+00	-9.862044e-01	6.049190e-01	-1.928086e-01	-6.795351e-02	1.084211e-01	-1.532806e-01	-1.358301e-01	1.435884e-01	-2.005078e-02	-6.776960e-04	2.856914e-03	-4.359093e-03	-1.461581e-03	4.263926e-03	-5.478324e-03	7.050667e-03	-8.197846e-03	-1.447080e-02	1.769828e-02	
2.067523e-02	-4.177754e-02	-8.370084e-03	-6.379207e-01	9.445761e-01	-9.862044e-01	1.000000e+00	-5.429296e-01	1.305201e-01	7.717257e-02	-1.189479e-01	1.650942e-01	1.338247e-01	-1.504219e-01	1.866438e-02	6.189585e-05	-2.452134e-03	4.485189e-03	-4.010265e-03	9.922948e-04	2.585810e-03	-3.787792e-03	4.698279e-03	1.324382e-02	-1.523500e-02	
7.427467e-02	1.356687e-01	-3.045733e-02	1.691477e-01	-6.564320e-01	6.049190e-01	-5.429296e-01	1.000000e+00	-8.794549e-01	1.000110e-01	-8.086236e-02	4.751924e-02	-7.172094e-02	-8.321543e-02	-2.812155e-02	3.285346e-02	-3.314256e-02	2.923379e-02	4.113430e-02	-4.899838e-02	2.011829e-02	-2.447466e-02	2.852147e-02	1.215391e-02	-2.102017e-02	
-6.786897e-02	-1.282520e-01	3.001823e-02	1.158407e-01	2.600965e-01	-1.928086e-01	1.305201e-01	-8.794549e-01	1.000000e+00	-1.532055e-01	1.505525e-01	-1.324225e-01	2.249665e-02	1.844832e-01	2.441154e-02	-3.187511e-02	3.359286e-02	-3.104129e-02	-3.877782e-02	4.815007e-02	-1.833062e-02	2.328828e-02	-2.817584e-02	-1.749971e-02	2.714116e-02	
-4.151004e-02	5.025590e-02	-3.880149e-01	2.057881e-01	6.027714e-02	-6.795351e-02	7.717257e-02	1.000110e-01	-1.532055e-01	1.000000e+00	-9.830640e-01	9.151546e-01	-7.561982e-01	5.675527e-01	2.470523e-01	5.763342e-02	-5.988947e-02	5.752199e-02	1.215782e-02	-3.441610e-02	1.966559e-01	-2.444111e-01	3.000969e-01	2.426696e-02	-9.689101e-02	
5.564547e-02	-5.872507e-02	5.056981e-01	-2.654137e-01	-9.701775e-02	1.084211e-01	-1.189479e-01	-8.086236e-02	1.505525e-01	-9.830640e-01	1.000000e+00	-9.727031e-01	7.048327e-01	-5.076114e-01	-3.238565e-01	-7.148859e-02	7.469399e-02	-7.229075e-02	-1.327437e-02	4.037841e-02	-2.491557e-01	3.116997e-01	-3.851328e-01	-3.608670e-02	1.290500e-01	
-9.010999e-02	7.739143e-02	-6.412957e-01	3.384383e-01	1.376475e-01	-1.532806e-01	1.650942e-01	4.751924e-02	-1.324225e-01	9.151546e-01	-9.727031e-01	1.000000e+00	-5.932322e-01	3.945076e-01	4.134933e-01	8.634132e-02	-9.062974e-02	8.839663e-02	1.248794e-02	-4.494001e-02	3.099850e-01	-3.901839e-01	4.852712e-01	4.783440e-02	-1.648785e-01	
1.642901e-01	-1.332505e-01	-1.001235e-01	-3.232787e-03	1.240308e-01	-1.358301e-01	1.338247e-01	-7.172094e-02	2.249665e-02	-7.561982e-01	7.048327e-01	-5.932322e-01	1.000000e+00	-9.467626e-01	6.386437e-02	1.846272e-02	-2.047448e-02	2.135441e-02	2.653990e-04	-3.437417e-03	1.251398e-02	-2.049278e-02	2.760170e-02	5.287816e-02	-5.511620e-02	
-1.293801e-01	7.374671e-02	2.410656e-01	-4.893583e-02	-1.194931e-01	1.435884e-01	-1.504219e-01	-8.321543e-02	1.844832e-01	5.675527e-01	-5.076114e-01	3.945076e-01	-9.467626e-01	1.000000e+00	-1.473899e-01	-4.103850e-02	4.430359e-02	-4.445809e-02	-9.724648e-03	2.152159e-02	-8.018678e-02	1.071837e-01	-1.374876e-01	-6.609960e-02	9.635747e-02	
2.533396e-02	-2.008200e-01	-6.378917e-01	4.567177e-01	1.934920e-02	-2.005078e-02	1.866438e-02	-2.812155e-02	2.441154e-02	2.470523e-01	-3.238565e-01	4.134933e-01	6.386437e-02	-1.473899e-01	1.000000e+00	-4.860748e-01	5.461547e-01	-5.925501e-01	5.661411e-02	1.967798e-01	1.809227e-01	-2.309200e-01	2.950979e-01	7.925683e-03	-5.618653e-02	
7.768718e-02	1.900203e-02	-1.178055e-01	8.466070e-02	-1.653926e-03	-6.776960e-04	6.189585e-05	3.285346e-02	-3.187511e-02	5.763342e-02	-7.148859e-02	8.634132e-02	1.846272e-02	-4.103850e-02	-4.860748e-01	1.000000e+00	-9.845163e-01	9.406650e-01	-5.833138e-01	2.084231e-01	1.836946e-01	-2.241564e-01	2.619964e-01	6.915089e-02	-1.133554e-01	
-7.994640e-02	-1.664782e-02	1.230008e-01	-8.825876e-02	-1.589037e-04	2.856914e-03	-2.452134e-03	-3.314256e-02	3.359286e-02	-5.988947e-02	7.469399e-02	-9.062974e-02	-2.047448e-02	4.430359e-02	5.461547e-01	-9.845163e-01	1.000000e+00	-9.851187e-01	5.166023e-01	-1.262930e-01	-1.931730e-01	2.385032e-01	-2.813707e-01	-8.323181e-02	1.373114e-01	
7.272702e-02	7.295294e-03	-1.193976e-01	8.729244e-02	1.355720e-03	-4.359093e-03	4.485189e-03	2.923379e-02	-3.104129e-02	5.752199e-02	-7.229075e-02	8.839663e-02	2.135441e-02	-4.445809e-02	-5.925501e-01	9.406650e-01	-9.851187e-01	1.000000e+00	-4.388703e-01	4.719724e-02	1.956243e-01	-2.440041e-01	2.902677e-01	9.082725e-02	-1.511435e-01	
7.791866e-02	1.168006e-01	-1.400333e-02	-1.051424e-02	3.464472e-03	-1.461581e-03	-4.010265e-03	4.113430e-02	-3.877782e-02	1.215782e-02	-1.327437e-02	1.248794e-02	2.653990e-04	-9.724648e-03	5.661411e-02	-5.833138e-01	5.166023e-01	-4.388703e-01	1.000000e+00	-9.003770e-01	-1.461192e-02	2.294454e-02	-3.347476e-02	6.275961e-02	-1.383626e-01	
-8.851982e-02	-1.236202e-01	5.021609e-02	-1.678228e-02	-5.212252e-03	4.263926e-03	9.922948e-04	-4.899838e-02	4.815007e-02	-3.441610e-02	4.037841e-02	-4.494001e-02	-3.437417e-03	2.152159e-02	1.967798e-01	2.084231e-01	-1.262930e-01	4.719724e-02	-9.003770e-01	1.000000e+00	-6.535723e-02	7.447901e-02	-7.926657e-02	-1.050086e-01	2.236298e-01	
-4.835559e-03	3.256001e-02	-4.210375e-01	2.952257e-01	4.750789e-03	-5.478324e-03	2.585810e-03	2.011829e-02	-1.833062e-02	1.966559e-01	-2.491557e-01	3.099850e-01	1.251398e-02	-8.018678e-02	1.809227e-01	1.836946e-01	-1.931730e-01	1.956243e-01	-1.461192e-02	-6.535723e-02	1.000000e+00	-9.841950e-01	9.207134e-01	-7.272902e-01	5.518575e-01	
2.010874e-02	-4.176344e-02	5.328248e-01	-3.734985e-01	-5.818471e-03	7.050667e-03	-3.787792e-03	-2.447466e-02	2.328828e-02	-2.444111e-01	3.116997e-01	-3.901839e-01	-2.049278e-02	1.071837e-01	-2.309200e-01	-2.241564e-01	2.385032e-01	-2.440041e-01	2.294454e-02	7.447901e-02	-9.841950e-01	1.000000e+00	-9.744793e-01	6.708912e-01	-4.846590e-01	
-5.941657e-02	6.583539e-02	-6.608134e-01	4.633628e-01	6.359069e-03	-8.197846e-03	4.698279e-03	2.852147e-02	-2.817584e-02	3.000969e-01	-3.851328e-01	4.852712e-01	2.760170e-02	-1.374876e-01	2.950979e-01	2.619964e-01	-2.813707e-01	2.902677e-01	-3.347476e-02	-7.926657e-02	9.207134e-01	-9.744793e-01	1.000000e+00	-5.580607e-01	3.660296e-01	
1.565811e-01	-9.877483e-02	-1.214686e-01	7.835860e-02	1.311064e-02	-1.447080e-02	1.324382e-02	1.215391e-02	-1.749971e-02	2.426696e-02	-3.608670e-02	4.783440e-02	5.287816e-02	-6.609960e-02	7.925683e-03	6.915089e-02	-8.323181e-02	9.082725e-02	6.275961e-02	-1.050086e-01	-7.272902e-01	6.708912e-01	-5.580607e-01	1.000000e+00	-9.612752e-01	
-1.293601e-01	5.472229e-02	2.722281e-01	-1.816820e-01	-1.596530e-02	1.769828e-02	-1.523500e-02	-2.102017e-02	2.714116e-02	-9.689101e-02	1.290500e-01	-1.648785e-01	-5.511620e-02	9.635747e-02	-5.618653e-02	-1.133554e-01	1.373114e-01	-1.511435e-01	-1.383626e-01	2.236298e-01	5.518575e-01	-4.846590e-01	3.660296e-01	-9.612752e-01	1.000000e+00	

Time taken for mcmc chain: 3.060556 hours
