Number of steps: 7497167
Number of accepted steps: 500000
Burn-in number of steps: 320000
Accepted fraction of steps: 0.066692
Convergence Status
R[0]= -nan	R[1]= -nan	R[2]= -nan	R[3]= -nan	R[4]= -nan	R[5]= -nan	R[6]= -nan	R[7]= -nan	R[8]= -nan	R[9]= -nan	R[10]= -nan	R[11]= -nan	R[12]= -nan	R[13]= -nan	R[14]= -nan	R[15]= -nan	R[16]= -nan	R[17]= -nan	R[18]= -nan	R[19]= -nan	R[20]= -nan	R[21]= -nan	R[22]= -nan	R[23]= -nan	R[24]= -nan	
<R>= -nan

Mean parameters
A[0]= 8.251246e-01 pm 5.542919e-02
A[1]= 1.144810e+00 pm 4.961006e-02
A[2]= 1.429526e+00 pm 5.966924e-01
A[3]= 2.358125e+00 pm 1.143464e+00
A[4]= -2.054306e+03 pm 3.884545e+03
A[5]= 5.636467e+02 pm 2.598827e+03
A[6]= 3.470476e+02 pm 6.181213e+02
A[7]= 1.385339e+01 pm 1.272178e+01
A[8]= -2.921149e-01 pm 1.748515e-01
A[9]= -6.033251e+03 pm 8.077706e+03
A[10]= 2.964748e+03 pm 4.745657e+03
A[11]= -6.615478e+02 pm 9.692556e+02
A[12]= 4.454177e+00 pm 4.836932e+01
A[13]= -3.229091e-01 pm 9.265360e-01
A[14]= 5.430415e+00 pm 1.959629e+00
A[15]= -1.426354e+04 pm 5.905333e+03
A[16]= 1.021948e+04 pm 3.895503e+03
A[17]= -2.138536e+03 pm 9.043220e+02
A[18]= 4.574152e+00 pm 2.025204e+01
A[19]= 2.469648e-01 pm 2.799239e-01
A[20]= -5.462478e+03 pm 1.166296e+04
A[21]= 4.061375e+03 pm 7.055527e+03
A[22]= -1.290402e+03 pm 1.525906e+03
A[23]= -9.108215e+01 pm 6.520176e+01
A[24]= 1.645697e+00 pm 1.280028e+00

Best-fitting parameters
A[0]= 9.433245e-01
A[1]= 1.038222e+00
A[2]= 9.665651e-01
A[3]= 3.903018e+00
A[4]= -6.157390e+03
A[5]= 3.272515e+03
A[6]= -2.986429e+02
A[7]= 2.041451e+01
A[8]= -2.976889e-01
A[9]= -4.387744e+03
A[10]= 2.881860e+03
A[11]= -9.565722e+02
A[12]= -1.018004e+01
A[13]= 2.137768e-01
A[14]= 4.213421e+00
A[15]= -7.963266e+03
A[16]= 4.893301e+03
A[17]= -6.913569e+02
A[18]= 2.486139e+01
A[19]= -2.171629e-01
A[20]= 1.480700e+03
A[21]= -8.361388e+02
A[22]= -3.081130e+02
A[23]= -5.690101e+01
A[24]= 1.032823e+00
chi2_min= 9.226590e+01


Cross-Covariance parameters
1.000000e+00	-6.644510e-01	1.373785e-01	9.681563e-02	-8.065169e-02	1.185649e-01	-1.584628e-01	1.070733e-01	9.239121e-03	-1.034522e-01	1.884835e-01	-3.254531e-01	5.470922e-02	4.880804e-02	-2.677234e-01	4.123143e-01	-4.330340e-01	4.324625e-01	-6.864593e-03	-8.028461e-02	4.018703e-02	6.853424e-02	-2.501313e-01	2.354207e-01	-9.302140e-02	
-6.644510e-01	1.000000e+00	1.826484e-01	-3.004261e-01	6.098103e-02	-7.280488e-02	8.156045e-02	-3.731901e-02	-1.718342e-02	2.631122e-02	-6.532578e-02	1.358139e-01	-1.142617e-01	6.393760e-02	-1.469953e-01	-2.947407e-01	3.261205e-01	-3.479722e-01	1.555267e-01	-6.881118e-02	-1.762254e-01	1.276334e-01	-1.992456e-02	-1.658188e-01	9.299773e-02	
1.373785e-01	1.826484e-01	1.000000e+00	-7.264089e-01	1.441154e-01	-1.389441e-01	1.360445e-01	-5.758858e-02	-6.353557e-03	-2.123792e-01	2.989780e-01	-4.207360e-01	-1.122437e-01	2.201016e-01	-8.487039e-01	8.127016e-02	-9.324403e-02	1.114584e-01	-2.482975e-02	-1.305003e-02	-3.429301e-01	4.707323e-01	-6.168794e-01	-1.070404e-01	2.678717e-01	
9.681563e-02	-3.004261e-01	-7.264089e-01	1.000000e+00	-6.050390e-01	6.482253e-01	-6.771316e-01	2.249524e-01	8.429661e-02	4.554381e-02	-6.959147e-02	1.183412e-01	-1.349908e-02	-2.431012e-02	6.093995e-01	7.525968e-02	-7.463216e-02	6.507344e-02	2.074790e-02	-2.933400e-02	3.126903e-01	-3.968491e-01	4.764488e-01	1.534526e-01	-2.632076e-01	
-8.065169e-02	6.098103e-02	1.441154e-01	-6.050390e-01	1.000000e+00	-9.859439e-01	9.478563e-01	-6.423434e-01	2.290534e-01	1.478730e-01	-1.906122e-01	2.229662e-01	1.370024e-01	-1.293603e-01	-1.020481e-01	-4.405515e-02	3.926249e-02	-3.316071e-02	-7.588968e-03	-1.186779e-03	-5.897378e-02	6.860138e-02	-7.369366e-02	-4.241101e-02	5.171484e-02	
1.185649e-01	-7.280488e-02	-1.389441e-01	6.482253e-01	-9.859439e-01	1.000000e+00	-9.873697e-01	5.937839e-01	-1.642442e-01	-1.609856e-01	2.110974e-01	-2.527051e-01	-1.554208e-01	1.616498e-01	9.012151e-02	6.307241e-02	-5.872572e-02	5.184527e-02	9.507899e-03	-3.770711e-03	6.525699e-02	-7.122559e-02	6.937710e-02	4.986925e-02	-5.616809e-02	
-1.584628e-01	8.156045e-02	1.360445e-01	-6.771316e-01	9.478563e-01	-9.873697e-01	1.000000e+00	-5.357546e-01	1.046614e-01	1.724923e-01	-2.282184e-01	2.772756e-01	1.610332e-01	-1.785910e-01	-7.954220e-02	-8.067770e-02	7.676930e-02	-6.892801e-02	-1.506519e-02	1.213580e-02	-7.122816e-02	7.375319e-02	-6.537708e-02	-5.952761e-02	6.332134e-02	
1.070733e-01	-3.731901e-02	-5.758858e-02	2.249524e-01	-6.423434e-01	5.937839e-01	-5.357546e-01	1.000000e+00	-8.701189e-01	5.292038e-02	-3.331954e-02	3.425053e-03	-6.047374e-02	-8.405863e-02	3.407194e-02	5.936833e-02	-5.618733e-02	5.025083e-02	3.567404e-02	-4.300762e-02	2.198964e-02	-2.542605e-02	2.368782e-02	6.840494e-02	-6.901582e-02	
9.239121e-03	-1.718342e-02	-6.353557e-03	8.429661e-02	2.290534e-01	-1.642442e-01	1.046614e-01	-8.701189e-01	1.000000e+00	-1.592777e-01	1.664998e-01	-1.586000e-01	3.705156e-03	1.972927e-01	-6.288739e-03	-4.990146e-03	3.025367e-03	-1.511608e-03	-3.215559e-02	3.946252e-02	1.839370e-02	-1.178843e-02	2.739700e-03	-3.808605e-02	4.339978e-02	
-1.034522e-01	2.631122e-02	-2.123792e-01	4.554381e-02	1.478730e-01	-1.609856e-01	1.724923e-01	5.292038e-02	-1.592777e-01	1.000000e+00	-9.835086e-01	9.102951e-01	-7.625796e-01	5.902245e-01	1.977505e-01	-8.870960e-03	1.692274e-02	-2.629660e-02	1.928735e-02	-3.045657e-02	8.364253e-02	-1.224093e-01	1.705517e-01	3.292430e-02	-8.815551e-02	
1.884835e-01	-6.532578e-02	2.989780e-01	-6.959147e-02	-1.906122e-01	2.110974e-01	-2.282184e-01	-3.331954e-02	1.664998e-01	-9.835086e-01	1.000000e+00	-9.689926e-01	7.257181e-01	-5.423524e-01	-2.840004e-01	4.923951e-02	-5.823437e-02	6.765956e-02	-3.447401e-02	3.673129e-02	-1.060248e-01	1.649577e-01	-2.402302e-01	-2.822636e-02	1.089728e-01	
-3.254531e-01	1.358139e-01	-4.207360e-01	1.183412e-01	2.229662e-01	-2.527051e-01	2.772756e-01	3.425053e-03	-1.586000e-01	9.102951e-01	-9.689926e-01	1.000000e+00	-6.297090e-01	4.393765e-01	4.052781e-01	-1.106308e-01	1.218334e-01	-1.318361e-01	5.137569e-02	-3.945101e-02	1.376027e-01	-2.257453e-01	3.410778e-01	1.328393e-02	-1.314109e-01	
5.470922e-02	-1.142617e-01	-1.122437e-01	-1.349908e-02	1.370024e-01	-1.554208e-01	1.610332e-01	-6.047374e-02	3.705156e-03	-7.625796e-01	7.257181e-01	-6.297090e-01	1.000000e+00	-9.491457e-01	8.452245e-02	2.834753e-02	-3.454096e-02	3.864613e-02	-2.983002e-02	2.297161e-02	5.400932e-02	-6.062332e-02	6.343053e-02	2.758308e-02	-3.461153e-02	
4.880804e-02	6.393760e-02	2.201016e-01	-2.431012e-02	-1.293603e-01	1.616498e-01	-1.785910e-01	-8.405863e-02	1.972927e-01	5.902245e-01	-5.423524e-01	4.393765e-01	-9.491457e-01	1.000000e+00	-1.887952e-01	-2.139119e-03	5.175111e-03	-6.567478e-03	1.900711e-02	-1.288175e-02	-8.596127e-02	1.178991e-01	-1.544682e-01	-3.640330e-02	7.781417e-02	
-2.677234e-01	-1.469953e-01	-8.487039e-01	6.093995e-01	-1.020481e-01	9.012151e-02	-7.954220e-02	3.407194e-02	-6.288739e-03	1.977505e-01	-2.840004e-01	4.052781e-01	8.452245e-02	-1.887952e-01	1.000000e+00	-4.099151e-01	4.459410e-01	-4.776928e-01	1.505849e-02	1.648153e-01	1.718439e-01	-2.862878e-01	4.395005e-01	5.598076e-03	-1.259252e-01	
4.123143e-01	-2.947407e-01	8.127016e-02	7.525968e-02	-4.405515e-02	6.307241e-02	-8.067770e-02	5.936833e-02	-4.990146e-03	-8.870960e-03	4.923951e-02	-1.106308e-01	2.834753e-02	-2.139119e-03	-4.099151e-01	1.000000e+00	-9.877955e-01	9.523881e-01	-5.039781e-01	1.456150e-01	2.602443e-01	-2.395278e-01	1.639769e-01	1.989522e-01	-1.792402e-01	
-4.330340e-01	3.261205e-01	-9.324403e-02	-7.463216e-02	3.926249e-02	-5.872572e-02	7.676930e-02	-5.618733e-02	3.025367e-03	1.692274e-02	-5.823437e-02	1.218334e-01	-3.454096e-02	5.175111e-03	4.459410e-01	-9.877955e-01	1.000000e+00	-9.878486e-01	4.453722e-01	-7.752411e-02	-2.803813e-01	2.595340e-01	-1.795416e-01	-2.109936e-01	1.947242e-01	
4.324625e-01	-3.479722e-01	1.114584e-01	6.507344e-02	-3.316071e-02	5.184527e-02	-6.892801e-02	5.025083e-02	-1.511608e-03	-2.629660e-02	6.765956e-02	-1.318361e-01	3.864613e-02	-6.567478e-03	-4.776928e-01	9.523881e-01	-9.878486e-01	1.000000e+00	-3.804742e-01	1.266400e-02	2.930956e-01	-2.725956e-01	1.904580e-01	2.111521e-01	-1.979096e-01	
-6.864593e-03	1.555267e-01	-2.482975e-02	2.074790e-02	-7.588968e-03	9.507899e-03	-1.506519e-02	3.567404e-02	-3.215559e-02	1.928735e-02	-3.447401e-02	5.137569e-02	-2.983002e-02	1.900711e-02	1.505849e-02	-5.039781e-01	4.453722e-01	-3.804742e-01	1.000000e+00	-9.105756e-01	7.631604e-03	-1.161333e-02	1.554101e-02	4.290155e-02	-1.435420e-01	
-8.028461e-02	-6.881118e-02	-1.305003e-02	-2.933400e-02	-1.186779e-03	-3.770711e-03	1.213580e-02	-4.300762e-02	3.946252e-02	-3.045657e-02	3.673129e-02	-3.945101e-02	2.297161e-02	-1.288175e-02	1.648153e-01	1.456150e-01	-7.752411e-02	1.266400e-02	-9.105756e-01	1.000000e+00	-1.335461e-01	1.385622e-01	-1.224044e-01	-1.153332e-01	2.439453e-01	
4.018703e-02	-1.762254e-01	-3.429301e-01	3.126903e-01	-5.897378e-02	6.525699e-02	-7.122816e-02	2.198964e-02	1.839370e-02	8.364253e-02	-1.060248e-01	1.376027e-01	5.400932e-02	-8.596127e-02	1.718439e-01	2.602443e-01	-2.803813e-01	2.930956e-01	7.631604e-03	-1.335461e-01	1.000000e+00	-9.775996e-01	8.770753e-01	-6.074822e-01	4.263847e-01	
6.853424e-02	1.276334e-01	4.707323e-01	-3.968491e-01	6.860138e-02	-7.122559e-02	7.375319e-02	-2.542605e-02	-1.178843e-02	-1.224093e-01	1.649577e-01	-2.257453e-01	-6.062332e-02	1.178991e-01	-2.862878e-01	-2.395278e-01	2.595340e-01	-2.725956e-01	-1.161333e-02	1.385622e-01	-9.775996e-01	1.000000e+00	-9.573326e-01	5.651049e-01	-3.582672e-01	
-2.501313e-01	-1.992456e-02	-6.168794e-01	4.764488e-01	-7.369366e-02	6.937710e-02	-6.537708e-02	2.368782e-02	2.739700e-03	1.705517e-01	-2.402302e-01	3.410778e-01	6.343053e-02	-1.544682e-01	4.395005e-01	1.639769e-01	-1.795416e-01	1.904580e-01	1.554101e-02	-1.224044e-01	8.770753e-01	-9.573326e-01	1.000000e+00	-4.784155e-01	2.486061e-01	
2.354207e-01	-1.658188e-01	-1.070404e-01	1.534526e-01	-4.241101e-02	4.986925e-02	-5.952761e-02	6.840494e-02	-3.808605e-02	3.292430e-02	-2.822636e-02	1.328393e-02	2.758308e-02	-3.640330e-02	5.598076e-03	1.989522e-01	-2.109936e-01	2.111521e-01	4.290155e-02	-1.153332e-01	-6.074822e-01	5.651049e-01	-4.784155e-01	1.000000e+00	-9.481782e-01	
-9.302140e-02	9.299773e-02	2.678717e-01	-2.632076e-01	5.171484e-02	-5.616809e-02	6.332134e-02	-6.901582e-02	4.339978e-02	-8.815551e-02	1.089728e-01	-1.314109e-01	-3.461153e-02	7.781417e-02	-1.259252e-01	-1.792402e-01	1.947242e-01	-1.979096e-01	-1.435420e-01	2.439453e-01	4.263847e-01	-3.582672e-01	2.486061e-01	-9.481782e-01	1.000000e+00	

Time taken for mcmc chain: 1.034444 hours
